-0.284320,-0.393883,0.139207,-0.168398,1.421286,-0.378697,2.242012,-1.315267,-0.634449,-0.627491
-0.114274,-0.038740,0.588083,0.402350,1.262359,-0.091607,1.284647,-2.417005,-0.440634,-0.435179
-0.141348,0.021220,0.835313,0.503882,1.132449,0.050521,0.920213,-2.571890,-0.376078,-0.374283
-0.101786,0.036331,0.731400,0.490667,1.047565,0.074827,1.067102,-2.584785,-0.381564,-0.379758
-0.046878,0.042748,0.758254,0.469500,1.058552,0.067957,0.974780,-2.622731,-0.352044,-0.350138
-0.014259,-0.045131,0.776323,0.489448,1.035140,0.142882,0.943368,-2.632914,-0.348232,-0.346624
-0.052037,0.067138,0.761452,0.521294,1.023341,0.094089,0.904945,-2.654125,-0.334023,-0.332073
-0.068643,0.021996,0.738813,0.496161,1.006668,0.111143,1.029675,-2.619165,-0.359106,-0.357542
0.000243,-0.008697,0.714765,0.474644,1.023202,0.149102,0.962922,-2.654946,-0.331604,-0.329630
-0.044098,-0.062261,0.672176,0.452910,1.137437,0.017330,1.197685,-2.494963,-0.439105,-0.437112
0.004003,-0.075206,0.820941,0.536702,1.119592,0.030979,0.920474,-2.573591,-0.392792,-0.391101
-0.030797,-0.024832,0.822738,0.523263,1.092644,0.082004,0.876148,-2.610022,-0.366488,-0.364656
-0.029794,0.023495,0.672778,0.457310,1.026977,0.064357,1.142474,-2.583191,-0.387903,-0.386502
0.026809,-0.101155,0.668943,0.389328,1.133951,0.045053,1.215170,-2.497559,-0.441069,-0.439470
0.011852,-0.096158,0.692437,0.416889,1.087427,0.079026,1.188626,-2.523700,-0.428827,-0.427573
0.044324,-0.008506,0.805095,0.456476,1.172672,0.090053,0.800839,-2.615078,-0.374384,-0.371490
0.048189,-0.034615,0.753059,0.477713,1.028766,0.166094,0.920123,-2.648807,-0.356182,-0.354341
0.021325,0.004747,0.698253,0.518905,0.928720,0.129124,1.048259,-2.649484,-0.350599,-0.349250
-0.042692,0.027262,0.723318,0.525377,0.960447,0.130434,1.009230,-2.646575,-0.344136,-0.342664
0.014162,0.059449,0.784574,0.537664,0.897245,0.175788,0.851846,-2.709883,-0.306045,-0.304803
0.032235,0.103675,0.738241,0.465649,0.959531,0.167743,0.834567,-2.722774,-0.290421,-0.288446
-0.003020,-0.012737,0.717214,0.469926,1.002123,0.138908,1.063192,-2.611234,-0.382923,-0.381449
0.094999,-0.028183,0.710154,0.492020,1.010506,0.088017,0.987073,-2.643431,-0.356489,-0.354666
0.018843,-0.082551,0.818952,0.479743,1.138479,0.039405,0.948436,-2.564654,-0.399109,-0.397544
-0.010006,-0.035956,0.755841,0.452046,1.093708,0.090525,1.028898,-2.577130,-0.399758,-0.398166
0.024354,0.048314,0.749754,0.442991,1.052168,0.100916,0.966037,-2.627039,-0.379535,-0.377959
0.032484,-0.074561,0.666129,0.455136,1.053095,0.056062,1.174703,-2.554054,-0.405379,-0.403614
-0.036589,0.007644,0.838618,0.600310,1.059225,0.028564,0.825661,-2.624105,-0.350550,-0.348778
-0.048402,0.067241,0.760417,0.499361,1.017324,0.089180,0.953147,-2.640166,-0.349825,-0.348277
-0.059767,0.055393,0.729378,0.529318,1.001432,0.070599,1.019367,-2.621439,-0.362909,-0.361371
-0.050052,0.049498,0.723290,0.474604,1.004661,0.112598,1.061334,-2.608376,-0.384531,-0.383026
0.087486,-0.060415,0.667191,0.486974,0.911925,0.141654,1.122307,-2.633065,-0.362610,-0.361449
-0.017963,0.005300,0.717398,0.506429,0.925697,0.156664,0.997102,-2.676631,-0.307682,-0.306315
-0.003888,0.050267,0.675775,0.521399,0.962281,0.091351,1.033852,-2.652454,-0.340133,-0.338451
-0.054690,-0.026559,0.687070,0.461863,0.984035,0.146972,1.158361,-2.584758,-0.386715,-0.385581
-0.036235,-0.043424,0.830868,0.515614,1.084248,0.091499,0.888976,-2.608652,-0.362368,-0.360526
0.180598,0.056277,0.873567,0.319171,1.078926,0.129419,0.580400,-2.731884,-0.245867,-0.240608
-0.068817,-0.013383,0.721122,0.431479,1.164452,0.037874,1.017999,-2.576894,-0.360807,-0.353024
0.032896,-0.036043,0.742819,0.454906,1.080665,0.046931,1.003665,-2.608490,-0.359801,-0.357548
-0.042494,-0.049033,0.727097,0.393772,1.122600,0.106908,1.107049,-2.545207,-0.411288,-0.409403
0.000748,0.083281,0.787721,0.426696,1.113799,0.095199,0.835616,-2.645643,-0.349948,-0.347469
0.066347,-0.037173,0.797474,0.475259,1.145034,0.037687,0.883767,-2.596293,-0.387288,-0.384816
-0.027456,-0.000363,0.860733,0.544290,1.066917,0.046017,0.872709,-2.602053,-0.381232,-0.379561
0.012947,0.031458,0.764342,0.435532,1.027524,0.133135,0.922461,-2.660464,-0.334362,-0.332573
-0.012402,-0.051777,0.797886,0.447490,1.155632,0.021100,1.037950,-2.523129,-0.437239,-0.435510
-0.004320,-0.043866,0.820790,0.445453,1.143621,0.052657,0.983189,-2.546935,-0.426123,-0.424465
-0.072914,0.015342,0.804970,0.487566,1.087116,0.070173,0.967058,-2.586092,-0.387440,-0.385779
-0.085089,0.066091,0.748198,0.452754,1.051654,0.104171,1.031286,-2.597175,-0.386690,-0.385198
-0.037459,0.121017,0.809397,0.494669,1.058833,0.092641,0.839365,-2.641678,-0.369491,-0.367294
-0.056177,0.046727,0.781739,0.459530,1.061175,0.103106,0.948067,-2.622260,-0.361947,-0.359961
0.051634,0.114020,0.889259,0.553921,1.028604,0.090419,0.603179,-2.693190,-0.319924,-0.317921
-0.054376,0.050704,0.739237,0.458876,1.016515,0.104186,1.001262,-2.638345,-0.340092,-0.337967
-0.023746,-0.015020,0.766724,0.491354,1.030021,0.112486,1.004997,-2.607267,-0.380543,-0.379007
-0.047188,0.040029,0.818189,0.502039,0.998817,0.172249,0.877946,-2.650124,-0.356692,-0.355264
-0.043405,0.120220,0.765552,0.437419,1.021407,0.149161,0.913439,-2.656335,-0.354689,-0.352769
-0.040537,0.002467,0.727752,0.484092,0.963866,0.114310,1.112118,-2.600804,-0.382108,-0.381157
0.008101,-0.000224,0.751068,0.466159,0.972767,0.125434,1.048974,-2.621961,-0.375729,-0.374590
0.016451,0.036274,0.788638,0.517992,0.984378,0.148090,0.833727,-2.686635,-0.320383,-0.318530
0.119126,0.042490,0.817616,0.479611,0.996865,0.151831,0.680014,-2.729578,-0.280080,-0.277895
0.058753,-0.058486,0.865219,0.430281,1.231184,0.053405,0.794083,-2.565768,-0.405565,-0.403107
0.054808,0.018128,0.709473,0.524175,0.974133,0.071164,0.966565,-2.668115,-0.326213,-0.324120
0.073403,0.042060,0.771549,0.478031,1.053685,0.076346,0.779206,-2.698112,-0.289396,-0.286774
0.016007,0.009502,0.799121,0.473749,1.112281,0.050491,0.899288,-2.608769,-0.376903,-0.374767
-0.047321,0.003895,0.773542,0.488322,1.013730,0.114696,0.999171,-2.618628,-0.364396,-0.363011
0.010878,0.009554,0.797830,0.561408,0.993691,0.063060,0.881688,-2.657242,-0.331351,-0.329515
0.039344,0.123830,0.841468,0.530781,1.063593,0.080362,0.620404,-2.700179,-0.301147,-0.298455
-0.059261,0.018563,0.758964,0.526811,1.033550,0.029373,1.041737,-2.588095,-0.381491,-0.380151
-0.077426,0.051913,0.776404,0.475848,1.069820,0.088472,0.969129,-2.605868,-0.375114,-0.373178
-0.006543,0.013084,0.775497,0.488763,1.014837,0.088467,0.974117,-2.629571,-0.360129,-0.358522
0.013062,-0.027894,0.771870,0.484509,1.035235,0.097478,0.969930,-2.624403,-0.360819,-0.358968
0.113215,-0.015963,0.734615,0.461888,1.008899,0.104788,0.897593,-2.684568,-0.311459,-0.309008
0.018832,0.041541,0.867066,0.453922,1.200394,0.035804,0.701919,-2.619144,-0.351600,-0.348733
-0.348929,-0.437282,0.122913,-0.056130,1.307136,-0.255963,2.280948,-1.397864,-0.608270,-0.606560
-0.111417,-0.008738,0.531845,0.424441,0.957747,0.076478,1.389957,-2.530418,-0.366694,-0.363201
-0.140181,0.076798,0.772471,0.493289,1.026118,0.094188,0.988053,-2.618551,-0.346863,-0.345322
-0.145581,0.142674,0.841681,0.500381,1.056275,0.124717,0.806430,-2.642772,-0.342833,-0.340971
-0.118743,0.060906,0.802335,0.529325,1.020650,0.063858,0.982173,-2.603052,-0.369384,-0.368068
-0.029045,0.067719,0.908811,0.534998,1.069595,0.085989,0.676541,-2.656441,-0.330026,-0.328141
-0.088183,0.096735,0.855318,0.536716,1.056258,0.051952,0.835492,-2.624447,-0.360808,-0.359031
-0.161175,0.138743,0.945610,0.528646,1.096033,0.134228,0.605106,-2.643588,-0.322823,-0.320779
-0.056593,0.050179,0.793682,0.449611,1.028932,0.114651,0.922751,-2.650654,-0.327248,-0.325312
0.011957,0.026200,0.844085,0.489866,1.069780,0.122581,0.796258,-2.645236,-0.358623,-0.356869
-0.064046,0.101433,0.824956,0.545412,1.007699,0.091076,0.824158,-2.660877,-0.335808,-0.334005
-0.088723,0.062497,0.843251,0.508916,0.999762,0.156445,0.801876,-2.677122,-0.304348,-0.302555
-0.078040,0.080490,0.735268,0.538244,0.949634,0.078772,1.027548,-2.636567,-0.348376,-0.346973
0.006231,0.085172,0.836170,0.522232,0.989581,0.134073,0.761682,-2.689829,-0.323550,-0.321761
-0.056179,0.073189,0.764319,0.501680,0.984683,0.120090,0.939298,-2.658112,-0.335338,-0.333629
-0.066829,0.067281,0.843721,0.530120,1.023389,0.110538,0.802419,-2.661590,-0.325355,-0.323693
-0.031310,0.013109,0.764570,0.473261,1.012394,0.113258,1.020220,-2.613176,-0.376855,-0.375470
0.018789,-0.021917,0.751539,0.525513,0.980137,0.062212,1.027976,-2.622268,-0.361648,-0.360333
-0.014348,0.100354,0.761132,0.494775,1.013846,0.104833,0.881570,-2.668876,-0.337684,-0.335602
-0.047220,0.015345,0.725706,0.511868,0.993343,0.085322,1.067753,-2.607161,-0.373210,-0.371746
0.011031,0.007179,0.759870,0.506008,0.942618,0.179936,0.932596,-2.674895,-0.332912,-0.331431
-0.064633,-0.029830,0.741255,0.475413,1.006876,0.106556,1.066341,-2.611259,-0.345969,-0.344750
-0.089080,-0.009834,0.682608,0.477287,0.999791,0.061375,1.212368,-2.553424,-0.391112,-0.389978
-0.076755,0.010496,0.740910,0.454246,1.041761,0.112215,1.053129,-2.600206,-0.368748,-0.367050
0.065799,0.012085,0.794640,0.511531,1.068619,0.067555,0.822757,-2.653545,-0.345875,-0.343565
-0.069030,-0.083719,0.669665,0.455725,1.020880,0.037389,1.317174,-2.486428,-0.431269,-0.430388
-0.083926,-0.039409,0.704676,0.461664,0.995684,0.134335,1.147111,-2.585894,-0.367776,-0.366465
-0.053810,-0.015178,0.644352,0.454068,0.972558,0.100684,1.180213,-2.607383,-0.338502,-0.337002
0.019949,-0.062678,0.753755,0.453696,1.099713,0.059541,1.037620,-2.573194,-0.395082,-0.393320
-0.020592,-0.002128,0.723939,0.537780,1.006619,0.035211,1.050326,-2.609207,-0.361692,-0.360256
-0.068210,-0.000949,0.699996,0.516336,0.990843,0.073048,1.120643,-2.592845,-0.370214,-0.368647
-0.004507,0.051793,0.767679,0.527974,0.955599,0.121718,0.879470,-2.691209,-0.305107,-0.303411
0.030049,0.008539,0.775343,0.475984,0.986748,0.151038,0.918067,-2.664575,-0.341385,-0.339807
-0.026875,0.033669,0.796099,0.510730,1.065343,0.089114,0.871420,-2.637160,-0.352317,-0.350023
-0.062051,0.059561,0.801053,0.506935,0.988662,0.119994,0.923863,-2.647694,-0.345896,-0.344425
-0.008487,0.061964,0.820560,0.516991,1.036873,0.103282,0.802009,-2.665221,-0.335034,-0.332938
0.224105,0.120630,0.768741,0.398804,1.025004,0.080967,0.692148,-2.735652,-0.289133,-0.285613
