-1.214983
2.799198
3.453517
-13.446459
-0.104265
-0.104250
-0.217253
1.388808
4.024554
-4.592467
-0.104262
-0.104256
0.941008
1.809310
5.192816
-4.379623
-0.104261
-0.104260
-0.105697
0.944582
1.526615
-2.958858
-0.104262
-0.104261
-0.061732
3.576690
8.439951
-11.164338
-0.104262
-0.104257
-0.273159
1.169349
2.386756
-3.883115
-0.104263
-0.104259
9.164046
-0.103903
9.164525
9.163382
-0.104261
-0.104262
4.917121
1.290067
6.890650
1.846810
-0.104262
-0.104261
1.011050
0.284814
0.815320
0.167243
0.707636
0.232926
0.505152
0.576743
0.185968
0.439195
0.048313
0.347758
0.181876
0.308618
0.238690
0.281989
0.166463
0.214957
0.028262
0.139836
-0.054819
0.066855
-0.045979
0.019300
-0.020906
-0.049080
-0.048214
-0.077222
-0.088325
-0.068688
-0.088106
-0.069471
-0.080368
-0.078810
-0.079889
-0.082186
-0.081264
-0.062843
-0.085210
-0.069065
-0.081780
-0.077286
-0.065361
-0.073102
-0.056486
-0.060612
-0.060270
-0.056914
-0.075159
-0.062770
-0.082906
-0.074076
-0.081093
-0.080990
-0.077278
-0.087191
-0.084558
-0.089543
-0.092212
-0.088804
-0.093132
-0.089740
-0.094745
-0.092398
-0.097804
-0.093247
-0.096895
-0.092232
-0.092829
-0.093248
-0.091114
-0.093987
-0.090016
-0.092495
-0.089271
-0.089984
-0.089025
-0.089358
-0.090181
-0.090559
-0.090908
-0.091915
-0.091087
-0.092513
-0.091261
-0.092786
-0.092160
-0.092979
-0.092842
-0.093074
-0.092983
-0.093067
-0.093072
-0.093139
-0.093236
-0.093262
-0.093243
-0.093393
-0.093087
-0.093458
0.004269
0.106449
0.241132
0.233062
0.118119
0.435756
0.203147
0.273499
0.043006
0.237465
0.045438
0.030524
-0.026983
-0.052188
0.029416
-0.082526
-0.001751
-0.069361
-0.073255
-0.020652
-0.088592
0.015066
-0.092823
-0.035759
-0.088311
-0.057810
-0.087199
-0.090619
-0.092313
-0.092153
-0.088550
-0.091887
-0.083726
-0.089239
-0.084517
-0.077876
-0.081318
-0.088009
-0.089006
-0.090456
-0.081118
-0.096117
-0.087598
-0.097758
-0.091427
-0.098842
-0.094121
-0.093840
-0.095270
-0.091841
-0.101657
-0.087588
-0.097988
-0.096241
-0.097697
-0.098329
-0.095488
-0.101009
-0.098532
-0.100527
-0.099580
-0.101268
-0.099622
-0.102171
-0.100045
-0.101616
-0.099710
-0.104123
-0.100878
-0.103421
-0.099786
-0.102719
-0.101235
-0.103324
-0.103480
-0.103329
-0.103599
-0.102698
-0.103109
-0.103352
-0.103687
-0.103326
-0.103091
-0.103960
-0.103232
-0.103893
-0.103327
-0.104123
-0.103737
-0.104114
-0.103941
-0.104145
-0.103992
-0.104198
-0.104003
-0.104193
-0.103926
-0.104028
-0.104069
-0.103958
0.933704
0.541605
0.176903
0.637461
0.251033
0.321120
0.286784
0.164784
0.137610
0.131951
0.040321
-0.014678
0.049183
0.037118
-0.062682
0.021270
-0.034598
-0.054628
0.001582
-0.049336
-0.031636
-0.023704
-0.060881
-0.062316
-0.077455
-0.074254
-0.095343
-0.086579
-0.087751
-0.093567
-0.094829
-0.095037
-0.091776
-0.081634
-0.092630
-0.089419
-0.086946
-0.095191
-0.098325
-0.098903
-0.094205
-0.094695
-0.090680
-0.086319
-0.101349
-0.088689
-0.094941
-0.096950
-0.089190
-0.095976
-0.093779
-0.094489
-0.101867
-0.101108
-0.103666
-0.099969
-0.101691
-0.101623
-0.098653
-0.101359
-0.101424
-0.102034
-0.101428
-0.100490
-0.102318
-0.102295
-0.101095
-0.102799
-0.102406
-0.102966
-0.100509
-0.101948
-0.100747
-0.101162
-0.102954
-0.101802
-0.103752
-0.102836
-0.103291
-0.102765
-0.103032
-0.102798
-0.102909
-0.103231
-0.103008
-0.103095
-0.102856
-0.103169
-0.102828
-0.103063
-0.103022
-0.103125
-0.103115
-0.103075
-0.103039
-0.103116
-0.102964
-0.103070
-0.102959
-0.103155
-0.092081
0.067840
0.376120
0.219617
0.065159
0.023493
0.036057
0.031453
0.021025
0.094162
0.004114
0.005708
-0.007575
-0.053514
-0.076722
-0.016848
-0.095341
-0.057527
-0.063725
-0.058459
-0.085425
-0.055033
-0.098417
-0.091652
-0.097771
-0.090268
-0.077732
-0.091497
-0.090387
-0.096184
-0.093948
-0.091007
-0.099754
-0.086182
-0.094803
-0.084832
-0.098967
-0.087342
-0.101819
-0.084787
-0.097741
-0.090784
-0.098299
-0.096831
-0.098280
-0.092006
-0.095395
-0.093941
-0.100079
-0.095232
-0.097944
-0.094682
-0.094253
-0.099397
-0.095664
-0.099072
-0.094470
-0.096257
-0.097557
-0.099491
-0.098049
-0.097647
-0.099715
-0.098726
-0.099049
-0.096354
-0.099715
-0.097781
-0.099832
-0.097950
-0.098319
-0.098748
-0.098467
-0.099501
-0.098782
-0.098893
-0.098244
-0.098872
-0.098818
-0.099306
-0.098717
-0.099311
-0.098463
-0.099405
-0.098827
-0.099414
-0.098953
-0.099016
-0.099111
-0.099340
-0.099218
-0.099230
-0.099258
-0.099364
-0.099287
-0.099207
-0.099265
-0.099328
-0.099235
-0.099357
-0.054351
1.501466
0.995374
0.399291
1.084775
0.409866
0.473370
0.587926
-0.028827
0.222678
-0.065447
0.023792
-0.020013
-0.059019
-0.026681
-0.084601
-0.044318
-0.050967
-0.055474
-0.037082
-0.060833
-0.043096
-0.095897
-0.035730
-0.024893
-0.069757
-0.029762
-0.061584
-0.064292
-0.081752
-0.090529
-0.095832
-0.084791
-0.088240
-0.066626
-0.071912
-0.081660
-0.059493
-0.089086
-0.079861
-0.092008
-0.094944
-0.085637
-0.096959
-0.086802
-0.096214
-0.090651
-0.092906
-0.094038
-0.090983
-0.096595
-0.096343
-0.096529
-0.096775
-0.085320
-0.094391
-0.087072
-0.089363
-0.091518
-0.093327
-0.096059
-0.097916
-0.096572
-0.095049
-0.094098
-0.091506
-0.095121
-0.090619
-0.094216
-0.094774
-0.094813
-0.096739
-0.094843
-0.096280
-0.095660
-0.096153
-0.096487
-0.096065
-0.096719
-0.096078
-0.096581
-0.096823
-0.096460
-0.097057
-0.095942
-0.096347
-0.096141
-0.095987
-0.096304
-0.096254
-0.096592
-0.096653
-0.096749
-0.096552
-0.096669
-0.096345
-0.096584
-0.096370
-0.096435
-0.096596
0.060012
0.218053
0.173007
0.082581
0.308472
0.074449
0.294703
0.009165
0.216070
0.004663
0.099032
-0.017281
0.009892
-0.016560
-0.062427
-0.023424
-0.077314
-0.062206
-0.053779
-0.093600
-0.027655
-0.091672
-0.033116
-0.080944
-0.059863
-0.079332
-0.083455
-0.086198
-0.091223
-0.097558
-0.100150
-0.095483
-0.098235
-0.101831
-0.091161
-0.099926
-0.085692
-0.099454
-0.086619
-0.090102
-0.092601
-0.088235
-0.096191
-0.091860
-0.103974
-0.094533
-0.097876
-0.099988
-0.094968
-0.101830
-0.091602
-0.099903
-0.092444
-0.096446
-0.097704
-0.095335
-0.101244
-0.097918
-0.099940
-0.099891
-0.100820
-0.100661
-0.100403
-0.101386
-0.100027
-0.102355
-0.099133
-0.100462
-0.099965
-0.098689
-0.101218
-0.098387
-0.101338
-0.099633
-0.100928
-0.100610
-0.100113
-0.101303
-0.100136
-0.101287
-0.100302
-0.100587
-0.100681
-0.100245
-0.100989
-0.100313
-0.100899
-0.100711
-0.100849
-0.100812
-0.100886
-0.100903
-0.100895
-0.100939
-0.100872
-0.100988
-0.100907
-0.100839
-0.100985
-0.100715
-1.258722
1.167088
0.596907
-3.449101
-0.104261
-0.104263
1.487227
1.318360
3.510099
-0.567879
-0.104261
-0.104264
-1.060288
1.043966
0.747390
-2.581670
-0.104260
-0.104264
1.367875
3.039778
5.767410
-3.139658
-0.104261
-0.104264
0.754671
3.590363
5.461627
-4.927725
-0.104261
-0.104264
0.292869
4.604318
6.099329
-7.314551
-0.104261
-0.104264
3.819680
3.215321
8.643447
-0.698278
-0.104261
-0.104264
1.040729
0.748481
0.178155
-0.083263
-0.088979
-0.090831
-0.099574
-0.092933
-0.099767
-0.099289
-0.096627
-0.102255
-0.095426
-0.077245
-0.060917
-0.080814
-0.076352
-0.082547
-0.095838
-0.101727
-0.100871
-0.103582
-0.101319
-0.102531
-0.103044
-0.101779
-0.103597
-0.100561
-0.100556
-0.096363
-0.095119
-0.101191
-0.098945
-0.100151
-0.103594
-0.102381
-0.103435
-0.103083
-0.102844
-0.104037
-0.102983
-0.103312
-0.102853
-0.102738
-0.101879
-0.099633
-0.103575
-0.102209
-0.101660
-0.104062
-0.103030
-0.103346
-0.103711
-0.103122
-0.103792
-0.103482
-0.103287
-0.104070
-0.102853
-0.103007
-0.102049
-0.103276
-0.103333
-0.102882
-0.103767
-0.103499
-0.103468
-0.103740
-0.103461
-0.103610
-0.103654
-0.103474
-0.103773
-0.103362
-0.103342
-0.103308
-0.103929
-0.103580
-0.103539
-0.103629
-0.103639
-0.103592
-0.103651
-0.103618
-0.103612
-0.103650
-0.103607
-0.103640
-0.103624
-0.103544
-0.103616
-0.103762
-0.103624
-0.103632
-0.103639
-0.103648
-0.103616
-0.103646
-0.103639
-0.103632
1.480370
0.897224
-0.046094
-0.086268
-0.102082
-0.098264
-0.099798
-0.102724
-0.098519
-0.100544
-0.097699
-0.098174
-0.098860
-0.089313
-0.057599
-0.079869
-0.069960
-0.092827
-0.103742
-0.101155
-0.103202
-0.103490
-0.102957
-0.102822
-0.103788
-0.102473
-0.102768
-0.103013
-0.099677
-0.097559
-0.094464
-0.099841
-0.098789
-0.103587
-0.102578
-0.103372
-0.103649
-0.103368
-0.103573
-0.103911
-0.103419
-0.103714
-0.103638
-0.102312
-0.103150
-0.099445
-0.103778
-0.101161
-0.103874
-0.103303
-0.103658
-0.103861
-0.103683
-0.103869
-0.103981
-0.103787
-0.104072
-0.103826
-0.103494
-0.103369
-0.102402
-0.102956
-0.102879
-0.104032
-0.103804
-0.103888
-0.103995
-0.103913
-0.103996
-0.104018
-0.103961
-0.104067
-0.103960
-0.103943
-0.103837
-0.104065
-0.103494
-0.103842
-0.104030
-0.104005
-0.103983
-0.104022
-0.103998
-0.104012
-0.104020
-0.104007
-0.104018
-0.104015
-0.104000
-0.104093
-0.104024
-0.103883
-0.104018
-0.104011
-0.104002
-0.103994
-0.104030
-0.104008
-0.104013
-0.104012
0.856593
0.694330
0.022338
-0.081066
-0.097876
-0.093100
-0.090359
-0.096229
-0.090801
-0.100498
-0.102352
-0.098190
-0.096279
-0.099550
-0.068445
-0.092745
-0.072818
-0.089110
-0.094598
-0.101130
-0.100902
-0.098625
-0.103501
-0.100026
-0.100880
-0.103127
-0.100966
-0.099835
-0.104108
-0.098400
-0.098711
-0.096817
-0.100364
-0.099897
-0.102125
-0.103121
-0.101455
-0.102830
-0.102525
-0.101789
-0.103168
-0.102438
-0.101323
-0.103499
-0.101265
-0.101650
-0.101815
-0.102755
-0.102253
-0.102658
-0.103721
-0.102844
-0.102894
-0.103532
-0.102648
-0.103258
-0.103330
-0.102483
-0.103267
-0.102636
-0.103514
-0.104000
-0.103171
-0.103605
-0.103118
-0.103536
-0.103522
-0.103244
-0.103606
-0.103366
-0.103414
-0.103623
-0.103356
-0.103398
-0.103755
-0.103650
-0.103607
-0.103404
-0.103688
-0.103488
-0.103546
-0.103610
-0.103536
-0.103584
-0.103605
-0.103563
-0.103620
-0.103605
-0.103556
-0.103717
-0.103583
-0.103565
-0.103612
-0.103642
-0.103613
-0.103610
-0.103634
-0.103619
-0.103623
-0.103634
1.366274
2.103397
0.039141
-0.089005
-0.090698
-0.096030
-0.094495
-0.092969
-0.098201
-0.089786
-0.089854
-0.094812
-0.081035
-0.057855
0.004591
-0.075412
-0.036952
-0.083506
-0.085308
-0.098436
-0.097428
-0.097679
-0.101232
-0.100211
-0.098917
-0.101336
-0.100253
-0.095845
-0.092675
-0.086711
-0.092648
-0.095212
-0.091981
-0.095385
-0.100909
-0.100519
-0.100342
-0.102100
-0.101648
-0.101039
-0.102464
-0.101687
-0.099830
-0.099994
-0.099364
-0.098356
-0.099586
-0.097529
-0.099976
-0.102640
-0.102514
-0.102135
-0.103055
-0.102878
-0.102480
-0.103269
-0.102874
-0.102125
-0.103007
-0.101750
-0.101776
-0.100925
-0.101681
-0.102671
-0.103473
-0.103607
-0.103294
-0.103628
-0.103612
-0.103458
-0.103747
-0.103616
-0.103483
-0.103974
-0.103153
-0.104010
-0.102936
-0.103824
-0.103645
-0.103757
-0.103847
-0.103754
-0.103827
-0.103837
-0.103806
-0.103863
-0.103847
-0.103834
-0.103934
-0.103869
-0.103939
-0.103747
-0.103895
-0.103832
-0.103851
-0.103873
-0.103885
-0.103889
-0.103881
-0.103877
0.750401
2.485642
0.124389
-0.077874
-0.083009
-0.103006
-0.088553
-0.089295
-0.100990
-0.086600
-0.088631
-0.095658
-0.071581
-0.070737
0.026789
-0.084574
-0.024228
-0.066159
-0.079895
-0.098571
-0.095324
-0.094398
-0.101378
-0.098786
-0.096584
-0.101023
-0.098921
-0.092120
-0.095106
-0.082349
-0.095294
-0.090887
-0.089209
-0.092534
-0.100874
-0.099865
-0.098818
-0.102143
-0.101051
-0.099735
-0.102357
-0.100897
-0.097892
-0.100439
-0.097773
-0.099364
-0.097879
-0.097150
-0.098292
-0.102422
-0.102374
-0.101348
-0.102948
-0.102687
-0.101758
-0.103167
-0.102503
-0.101166
-0.102739
-0.101148
-0.102057
-0.100598
-0.101984
-0.101952
-0.103220
-0.103737
-0.103034
-0.103541
-0.103647
-0.103228
-0.103742
-0.103574
-0.103238
-0.103958
-0.102954
-0.103990
-0.103071
-0.104165
-0.103559
-0.103705
-0.103946
-0.103754
-0.103858
-0.103920
-0.103824
-0.103942
-0.103926
-0.103876
-0.104088
-0.103857
-0.104047
-0.103914
-0.103951
-0.103908
-0.103943
-0.103991
-0.103962
-0.104001
-0.103988
-0.103977
0.309951
3.186016
0.315528
-0.060142
-0.093772
-0.097086
-0.094484
-0.095663
-0.096850
-0.094990
-0.091575
-0.097607
-0.085593
-0.084971
0.073365
-0.028016
-0.011306
-0.045652
-0.088601
-0.099664
-0.097799
-0.099387
-0.100935
-0.100992
-0.100194
-0.100280
-0.102169
-0.096022
-0.096088
-0.072848
-0.073358
-0.097263
-0.084408
-0.096940
-0.101890
-0.100743
-0.101516
-0.102246
-0.102231
-0.101900
-0.102134
-0.102906
-0.099931
-0.099371
-0.096962
-0.088570
-0.098804
-0.095571
-0.100293
-0.103312
-0.102446
-0.102790
-0.103200
-0.103156
-0.102994
-0.103176
-0.103538
-0.102173
-0.101834
-0.103008
-0.097684
-0.098824
-0.101542
-0.102508
-0.103964
-0.103490
-0.103570
-0.103736
-0.103707
-0.103661
-0.103751
-0.103835
-0.103484
-0.103595
-0.103305
-0.103163
-0.101969
-0.103809
-0.103598
-0.103948
-0.103830
-0.103833
-0.103869
-0.103859
-0.103854
-0.103870
-0.103887
-0.103836
-0.103917
-0.103933
-0.104004
-0.103491
-0.103867
-0.103842
-0.103861
-0.103857
-0.103923
-0.103887
-0.103877
-0.103881
