-0.715351
2.859395
2.124968
-13.051777
-0.108971
-0.108952
-0.026358
0.791330
2.189604
-2.655989
-0.108967
-0.108961
1.393005
1.561520
4.446811
-1.465772
-0.108965
-0.108968
-0.106850
0.524965
0.906224
-2.263957
-0.108969
-0.108959
-0.064572
3.035112
6.782274
-7.827529
-0.108966
-0.108964
-0.199770
0.560103
1.153614
-2.431926
-0.108968
-0.108961
9.659194
-0.108678
9.659800
9.658877
-0.108965
-0.108967
5.042121
1.608735
8.844661
1.668438
-0.108965
-0.108966
0.509249
0.337611
1.029820
0.250003
0.638916
0.696997
0.387638
0.474909
0.366241
0.298731
0.269706
0.266905
0.111073
0.210159
0.046360
0.100393
0.040918
0.018702
-0.018262
0.002473
-0.093528
-0.051873
-0.100143
-0.097859
-0.101558
-0.092881
-0.079537
-0.096613
-0.057231
-0.083853
-0.068714
-0.075323
-0.066281
-0.083233
-0.060755
-0.088570
-0.065285
-0.083214
-0.076693
-0.085035
-0.084360
-0.095323
-0.086300
-0.103975
-0.098328
-0.106216
-0.103608
-0.104351
-0.105042
-0.098433
-0.102386
-0.097107
-0.097045
-0.097818
-0.097127
-0.096695
-0.099295
-0.096707
-0.099868
-0.098492
-0.100157
-0.100420
-0.101327
-0.101543
-0.102610
-0.101927
-0.103442
-0.102405
-0.103048
-0.102521
-0.102586
-0.102591
-0.102516
-0.102539
-0.102625
-0.102435
-0.102690
-0.102729
-0.102786
-0.103022
-0.102953
-0.103131
-0.103103
-0.103178
-0.103198
-0.103234
-0.103226
-0.103270
-0.103215
-0.103280
-0.103270
-0.103299
-0.103328
-0.103337
-0.103369
-0.103383
-0.103399
-0.103415
-0.103426
-0.103426
-0.012436
-0.019172
0.052737
0.113440
0.252198
0.130513
0.153738
0.077464
0.032506
-0.047423
-0.085144
-0.083358
-0.069315
-0.085785
-0.087482
-0.056368
-0.057194
-0.044320
-0.060745
-0.067420
-0.091935
-0.093285
-0.107510
-0.105895
-0.104611
-0.103562
-0.093213
-0.091242
-0.094889
-0.093851
-0.097524
-0.102656
-0.099649
-0.102097
-0.103616
-0.101349
-0.101775
-0.102745
-0.100433
-0.095986
-0.094229
-0.095988
-0.099627
-0.102777
-0.104303
-0.106289
-0.105818
-0.105924
-0.105861
-0.105505
-0.106461
-0.108295
-0.107381
-0.105540
-0.104155
-0.103351
-0.104076
-0.104518
-0.104473
-0.104515
-0.104729
-0.104612
-0.104281
-0.104581
-0.105112
-0.105499
-0.105698
-0.105517
-0.105490
-0.105472
-0.105522
-0.105545
-0.105602
-0.105615
-0.105635
-0.105526
-0.105496
-0.105496
-0.105549
-0.105627
-0.105637
-0.105646
-0.105657
-0.105676
-0.105687
-0.105704
-0.105719
-0.105733
-0.105718
-0.105712
-0.105707
-0.105718
-0.105738
-0.105745
-0.105748
-0.105753
-0.105757
-0.105759
-0.105762
-0.105767
1.378210
0.742357
0.159922
0.529612
0.120245
0.175903
0.001563
-0.008163
0.007144
-0.011891
-0.057916
-0.039832
-0.050059
-0.058759
-0.082135
-0.058660
-0.069969
-0.089746
-0.058350
-0.103684
-0.062554
-0.100193
-0.093726
-0.099389
-0.093435
-0.097125
-0.088185
-0.090422
-0.093472
-0.096236
-0.100711
-0.098733
-0.101048
-0.102110
-0.100395
-0.102541
-0.098449
-0.107157
-0.098385
-0.101149
-0.103738
-0.099416
-0.105557
-0.100128
-0.106017
-0.104965
-0.106416
-0.104671
-0.105908
-0.104693
-0.105008
-0.105389
-0.106169
-0.106080
-0.106008
-0.106775
-0.106235
-0.106301
-0.106809
-0.105811
-0.107037
-0.106061
-0.106735
-0.106936
-0.106631
-0.107273
-0.106771
-0.107468
-0.107093
-0.107281
-0.107188
-0.107378
-0.107295
-0.107514
-0.107330
-0.107492
-0.107429
-0.107457
-0.107545
-0.107485
-0.107589
-0.107568
-0.107599
-0.107631
-0.107656
-0.107680
-0.107721
-0.107696
-0.107740
-0.107725
-0.107748
-0.107761
-0.107758
-0.107779
-0.107782
-0.107789
-0.107801
-0.107801
-0.107809
-0.107810
-0.106444
-0.016187
-0.025058
0.130933
0.173859
-0.002469
0.012104
-0.026461
-0.050297
-0.059720
-0.073831
-0.073254
-0.070886
-0.094356
-0.083247
-0.100705
-0.089019
-0.086552
-0.090523
-0.083337
-0.086497
-0.100979
-0.102360
-0.104244
-0.105445
-0.105256
-0.103319
-0.097702
-0.099343
-0.100512
-0.101111
-0.102092
-0.105427
-0.103744
-0.105469
-0.103789
-0.105702
-0.105318
-0.106312
-0.105103
-0.104918
-0.104519
-0.104995
-0.104095
-0.106601
-0.107228
-0.107400
-0.107461
-0.107429
-0.107750
-0.105892
-0.105646
-0.106600
-0.106550
-0.106925
-0.107447
-0.107025
-0.107411
-0.107136
-0.107374
-0.107441
-0.107427
-0.107450
-0.107393
-0.107367
-0.107524
-0.107474
-0.107760
-0.107706
-0.107706
-0.107725
-0.107709
-0.107718
-0.107666
-0.107653
-0.107753
-0.107747
-0.107779
-0.107812
-0.107795
-0.107844
-0.107840
-0.107855
-0.107865
-0.107867
-0.107874
-0.107870
-0.107869
-0.107892
-0.107893
-0.107904
-0.107912
-0.107911
-0.107919
-0.107919
-0.107923
-0.107928
-0.107928
-0.107930
-0.107930
-0.060584
1.182900
1.255970
0.404218
0.647473
0.534549
0.077747
0.113219
0.005434
-0.044860
-0.027062
-0.052573
-0.065539
-0.047275
-0.069613
-0.062435
-0.056440
-0.067468
-0.049968
-0.044691
-0.101659
-0.077253
-0.082985
-0.099558
-0.097761
-0.084105
-0.089120
-0.095666
-0.079608
-0.101854
-0.099306
-0.105275
-0.108304
-0.104631
-0.104826
-0.103800
-0.103647
-0.102590
-0.103140
-0.102064
-0.101455
-0.102282
-0.097796
-0.106878
-0.104053
-0.104417
-0.105882
-0.107358
-0.103668
-0.104237
-0.107360
-0.103764
-0.108055
-0.107437
-0.108153
-0.107647
-0.107275
-0.107644
-0.107041
-0.107548
-0.107067
-0.107424
-0.107370
-0.107431
-0.107717
-0.107536
-0.108560
-0.107960
-0.108509
-0.108058
-0.108105
-0.107965
-0.108273
-0.108280
-0.108256
-0.108384
-0.108234
-0.108300
-0.108276
-0.108359
-0.108341
-0.108389
-0.108382
-0.108391
-0.108410
-0.108476
-0.108479
-0.108501
-0.108515
-0.108502
-0.108516
-0.108521
-0.108531
-0.108543
-0.108548
-0.108558
-0.108564
-0.108569
-0.108574
-0.108576
-0.011769
-0.011223
0.085168
0.162727
-0.016805
0.084127
0.037810
-0.017470
0.007813
-0.073083
-0.062842
-0.092839
-0.081235
-0.089488
-0.101137
-0.089205
-0.094035
-0.104626
-0.086974
-0.087362
-0.083262
-0.091923
-0.097061
-0.097928
-0.100720
-0.102525
-0.104738
-0.098445
-0.099873
-0.093842
-0.097237
-0.094203
-0.098927
-0.099587
-0.102153
-0.101424
-0.102380
-0.103605
-0.104145
-0.104187
-0.102264
-0.101325
-0.099544
-0.100622
-0.101505
-0.102575
-0.102889
-0.103428
-0.103560
-0.103597
-0.102788
-0.103003
-0.101989
-0.102803
-0.102689
-0.103639
-0.103675
-0.103960
-0.103822
-0.103955
-0.104065
-0.104048
-0.104025
-0.103766
-0.103836
-0.103730
-0.103994
-0.104084
-0.104208
-0.104235
-0.104289
-0.104299
-0.104322
-0.104320
-0.104352
-0.104344
-0.104414
-0.104438
-0.104488
-0.104512
-0.104537
-0.104553
-0.104572
-0.104592
-0.104602
-0.104615
-0.104619
-0.104637
-0.104643
-0.104669
-0.104678
-0.104696
-0.104701
-0.104708
-0.104711
-0.104717
-0.104722
-0.104724
-0.104726
-0.104724
-1.594950
1.727737
1.173457
-4.029327
-0.108965
-0.108969
2.250139
4.083144
8.634662
-3.133172
-0.108965
-0.108969
-2.089170
1.759218
0.729228
-4.517600
-0.108965
-0.108969
0.877600
2.028128
3.825168
-2.360149
-0.108966
-0.108969
-0.357954
2.907164
3.848976
-4.730809
-0.108966
-0.108969
0.512434
3.357595
5.619354
-4.273090
-0.108965
-0.108969
6.553837
3.750975
12.014581
1.165826
-0.108965
-0.108969
1.380091
1.172916
0.038018
-0.100570
-0.095791
-0.096635
-0.105554
-0.097712
-0.096559
-0.097715
-0.048465
-0.044014
-0.090546
-0.045027
-0.102693
-0.101505
-0.103738
-0.105988
-0.105689
-0.106373
-0.107119
-0.108248
-0.091143
-0.100594
-0.098399
-0.097192
-0.105931
-0.106151
-0.106506
-0.107176
-0.107204
-0.107267
-0.107549
-0.107083
-0.101029
-0.107591
-0.101631
-0.106899
-0.108159
-0.108248
-0.108184
-0.108229
-0.108412
-0.108367
-0.108364
-0.107326
-0.105660
-0.108478
-0.105127
-0.108085
-0.108005
-0.108128
-0.108239
-0.108204
-0.108288
-0.108365
-0.108366
-0.108541
-0.107867
-0.108211
-0.107741
-0.108159
-0.108216
-0.108236
-0.108274
-0.108283
-0.108290
-0.108310
-0.108321
-0.108401
-0.108347
-0.108243
-0.108342
-0.108328
-0.108351
-0.108355
-0.108360
-0.108368
-0.108370
-0.108373
-0.108389
-0.108373
-0.108399
-0.108362
-0.108378
-0.108391
-0.108394
-0.108396
-0.108398
-0.108400
-0.108402
-0.108403
-0.108405
-0.108409
-0.108403
-0.108409
-0.108399
-0.108409
-0.108409
-0.108409
2.224651
2.838714
0.108958
-0.095039
-0.093496
-0.098711
-0.099969
-0.096377
-0.094260
-0.090539
-0.005639
0.073970
-0.022426
0.007435
-0.103389
-0.102763
-0.104982
-0.106446
-0.106893
-0.106740
-0.106907
-0.106015
-0.072843
-0.083577
-0.075647
-0.090529
-0.105443
-0.106121
-0.106757
-0.107216
-0.107399
-0.107457
-0.107836
-0.106162
-0.090654
-0.107503
-0.093216
-0.105357
-0.107893
-0.107965
-0.108061
-0.108178
-0.108203
-0.108134
-0.108195
-0.105448
-0.100846
-0.105251
-0.103315
-0.108737
-0.108826
-0.108807
-0.108744
-0.108754
-0.108794
-0.108774
-0.108864
-0.107249
-0.107189
-0.106961
-0.108053
-0.108867
-0.108769
-0.108782
-0.108776
-0.108775
-0.108786
-0.108792
-0.108743
-0.108573
-0.108755
-0.108379
-0.108721
-0.108851
-0.108813
-0.108813
-0.108815
-0.108815
-0.108816
-0.108819
-0.108795
-0.108855
-0.108897
-0.108812
-0.108780
-0.108841
-0.108840
-0.108838
-0.108839
-0.108840
-0.108840
-0.108840
-0.108841
-0.108835
-0.108867
-0.108850
-0.108838
-0.108843
-0.108846
-0.108846
1.868117
1.201080
-0.027530
-0.101576
-0.097030
-0.099942
-0.099914
-0.098358
-0.094779
-0.086543
-0.070637
-0.036217
-0.085791
-0.049171
-0.087496
-0.097644
-0.100822
-0.102633
-0.103798
-0.104590
-0.105410
-0.102975
-0.094546
-0.098083
-0.096306
-0.100333
-0.103034
-0.104819
-0.105440
-0.105855
-0.106133
-0.106299
-0.106679
-0.105829
-0.101117
-0.106733
-0.100589
-0.107968
-0.107424
-0.107621
-0.107638
-0.107707
-0.107802
-0.107905
-0.108211
-0.107652
-0.104943
-0.107927
-0.104696
-0.106777
-0.107269
-0.107440
-0.107538
-0.107612
-0.107683
-0.107787
-0.107915
-0.108523
-0.107191
-0.107603
-0.107407
-0.107472
-0.107609
-0.107658
-0.107691
-0.107717
-0.107736
-0.107763
-0.107764
-0.107919
-0.107805
-0.107688
-0.107841
-0.107815
-0.107828
-0.107841
-0.107850
-0.107858
-0.107866
-0.107876
-0.107877
-0.107877
-0.107910
-0.107868
-0.107882
-0.107906
-0.107907
-0.107912
-0.107915
-0.107919
-0.107922
-0.107925
-0.107928
-0.107928
-0.107928
-0.107934
-0.107924
-0.107933
-0.107934
-0.107935
0.873829
1.384513
0.025698
-0.062515
-0.074497
-0.079287
-0.082513
-0.082567
-0.081389
-0.074521
-0.042044
-0.034954
-0.088092
-0.036134
-0.091369
-0.100602
-0.103913
-0.106106
-0.107388
-0.107916
-0.107118
-0.103878
-0.088286
-0.100258
-0.097803
-0.095722
-0.102509
-0.104388
-0.105240
-0.105841
-0.106212
-0.106545
-0.106798
-0.106665
-0.100681
-0.107521
-0.102169
-0.106144
-0.106776
-0.106953
-0.107022
-0.107076
-0.107057
-0.107008
-0.106768
-0.105856
-0.106223
-0.107378
-0.106239
-0.108318
-0.108337
-0.108239
-0.108190
-0.108159
-0.108119
-0.108087
-0.107943
-0.107491
-0.108059
-0.107772
-0.108447
-0.108388
-0.108359
-0.108349
-0.108348
-0.108349
-0.108349
-0.108353
-0.108321
-0.108456
-0.108348
-0.108312
-0.108385
-0.108410
-0.108393
-0.108394
-0.108396
-0.108399
-0.108401
-0.108403
-0.108392
-0.108450
-0.108438
-0.108436
-0.108421
-0.108434
-0.108431
-0.108432
-0.108433
-0.108434
-0.108435
-0.108436
-0.108437
-0.108435
-0.108454
-0.108443
-0.108448
-0.108444
-0.108444
-0.108444
0.123857
2.014079
-0.040234
-0.075825
-0.081488
-0.084511
-0.086064
-0.085758
-0.083572
-0.077042
-0.038280
0.017172
-0.053785
-0.020692
-0.092030
-0.100045
-0.103832
-0.106101
-0.107711
-0.108682
-0.106980
-0.104052
-0.083334
-0.091397
-0.086263
-0.095511
-0.103452
-0.105116
-0.105994
-0.106568
-0.106975
-0.107320
-0.107645
-0.107838
-0.096513
-0.107343
-0.097258
-0.107318
-0.107741
-0.107828
-0.107879
-0.107904
-0.107884
-0.107802
-0.107567
-0.106278
-0.103825
-0.107050
-0.104297
-0.108098
-0.108487
-0.108637
-0.108715
-0.108754
-0.108765
-0.108732
-0.108605
-0.107578
-0.107973
-0.107834
-0.108056
-0.108496
-0.108660
-0.108722
-0.108760
-0.108789
-0.108812
-0.108835
-0.108857
-0.108650
-0.108846
-0.108594
-0.108871
-0.108810
-0.108844
-0.108858
-0.108867
-0.108873
-0.108879
-0.108883
-0.108877
-0.108943
-0.108951
-0.108865
-0.108881
-0.108907
-0.108909
-0.108912
-0.108915
-0.108918
-0.108920
-0.108922
-0.108924
-0.108923
-0.108935
-0.108933
-0.108914
-0.108928
-0.108930
-0.108931
0.532065
2.331562
-0.001031
-0.099755
-0.099797
-0.098309
-0.095944
-0.092614
-0.087156
-0.074810
-0.032722
0.024501
-0.066908
0.003110
-0.074215
-0.088097
-0.093420
-0.096416
-0.098301
-0.099377
-0.099655
-0.097731
-0.075378
-0.095967
-0.092342
-0.088864
-0.098285
-0.100898
-0.102146
-0.102934
-0.103493
-0.103903
-0.104248
-0.104648
-0.090202
-0.105827
-0.096733
-0.104189
-0.105409
-0.105658
-0.105851
-0.106051
-0.106269
-0.106556
-0.107068
-0.107588
-0.100409
-0.105596
-0.101317
-0.104775
-0.105446
-0.105707
-0.105872
-0.106002
-0.106113
-0.106230
-0.106418
-0.106123
-0.106066
-0.107216
-0.105307
-0.105860
-0.106073
-0.106173
-0.106239
-0.106291
-0.106332
-0.106370
-0.106422
-0.106157
-0.106504
-0.106715
-0.106490
-0.106449
-0.106505
-0.106533
-0.106555
-0.106574
-0.106592
-0.106611
-0.106637
-0.106564
-0.106601
-0.106652
-0.106688
-0.106659
-0.106673
-0.106684
-0.106693
-0.106700
-0.106707
-0.106714
-0.106719
-0.106726
-0.106703
-0.106726
-0.106729
-0.106732
-0.106734
-0.106735
