-0.097174
2.706942
7.444834
-10.770333
-0.107583
-0.107572
0.259033
1.229134
1.986160
-5.932743
-0.107585
-0.107566
1.085435
1.774855
6.286713
-4.393300
-0.107580
-0.107579
0.022953
1.898046
4.159797
-7.817157
-0.107583
-0.107575
-0.081310
3.099166
8.215783
-12.926608
-0.107583
-0.107571
0.067145
1.304721
3.707716
-3.185387
-0.107580
-0.107580
7.836282
-0.107082
7.837182
7.835688
-0.107580
-0.107583
4.179144
1.146468
5.899144
1.240655
-0.107581
-0.107582
-0.098698
0.323816
0.377269
0.362212
0.518740
0.546926
0.227126
0.490253
0.746214
0.270353
0.347536
0.511694
0.073437
0.257693
0.253270
-0.063508
0.115288
-0.055372
0.067974
-0.004812
0.011569
0.020504
-0.037964
0.026045
-0.100567
-0.007523
-0.077914
0.003734
-0.003092
-0.063426
0.025931
-0.028426
-0.043135
0.003265
-0.057515
-0.067691
-0.055272
-0.087025
-0.091770
-0.082948
-0.100261
-0.103979
-0.104967
-0.103380
-0.095127
-0.094349
-0.085185
-0.093639
-0.084896
-0.066484
-0.084882
-0.080785
-0.064913
-0.091027
-0.078140
-0.074738
-0.105262
-0.083457
-0.097864
-0.094500
-0.093730
-0.096422
-0.091880
-0.101937
-0.089278
-0.105721
-0.095879
-0.100338
-0.092771
-0.093171
-0.102425
-0.084941
-0.095027
-0.097593
-0.086435
-0.099931
-0.099542
-0.094055
-0.103350
-0.104534
-0.100070
-0.106606
-0.105964
-0.105388
-0.105000
-0.107134
-0.105802
-0.101349
-0.105345
-0.104072
-0.099471
-0.105005
-0.104150
-0.098637
-0.106062
-0.104273
-0.101207
-0.104068
-0.104403
-0.104416
0.256722
0.200353
0.062659
0.132015
0.098224
0.150064
-0.011847
0.125853
-0.042702
0.034359
0.207075
-0.051151
0.073478
0.160452
-0.025010
0.102715
0.115102
-0.023290
0.102112
-0.042929
0.082938
0.077671
-0.066904
0.046693
-0.048907
-0.004184
-0.001763
-0.091363
-0.030483
-0.034606
-0.080333
-0.056539
-0.066577
-0.088168
-0.094440
-0.094150
-0.076256
-0.094160
-0.098426
-0.101981
-0.096687
-0.102621
-0.102987
-0.102018
-0.097829
-0.096000
-0.101379
-0.097134
-0.096963
-0.102655
-0.097530
-0.087202
-0.100284
-0.092770
-0.087078
-0.096001
-0.083709
-0.088348
-0.101117
-0.080799
-0.100018
-0.088751
-0.081860
-0.101468
-0.085485
-0.095627
-0.093519
-0.090278
-0.104501
-0.093910
-0.094229
-0.101593
-0.097568
-0.100379
-0.103753
-0.101811
-0.103315
-0.101961
-0.105865
-0.103892
-0.107067
-0.104867
-0.104797
-0.106161
-0.105214
-0.106515
-0.105264
-0.106139
-0.106577
-0.106445
-0.103359
-0.104378
-0.106554
-0.104954
-0.103244
-0.104858
-0.104674
-0.102975
-0.105688
-0.107038
1.077299
0.373306
0.176901
0.191565
0.694871
0.047908
0.307461
0.285214
0.059445
0.125906
0.069564
0.163372
0.023522
0.062371
0.110172
-0.090288
0.047093
-0.003837
-0.060125
0.002700
-0.055379
-0.059300
-0.027758
-0.073410
-0.054768
-0.035661
-0.105472
-0.037977
-0.057415
-0.077516
-0.047181
-0.077253
-0.077147
-0.077660
-0.080302
-0.075037
-0.096983
-0.082486
-0.085845
-0.092241
-0.101980
-0.100107
-0.103299
-0.104031
-0.103787
-0.086597
-0.101498
-0.090208
-0.093549
-0.100139
-0.092763
-0.099605
-0.090869
-0.099521
-0.095529
-0.090421
-0.104883
-0.094093
-0.097997
-0.103022
-0.095917
-0.103668
-0.102078
-0.097979
-0.104275
-0.103221
-0.096908
-0.107329
-0.100071
-0.098501
-0.102439
-0.098992
-0.101212
-0.101543
-0.102324
-0.104275
-0.100338
-0.106572
-0.104229
-0.101648
-0.103938
-0.105304
-0.105299
-0.106401
-0.106049
-0.105334
-0.105816
-0.104670
-0.103380
-0.106040
-0.106703
-0.103782
-0.105468
-0.106448
-0.105655
-0.104075
-0.106893
-0.106569
-0.104705
-0.106226
0.018279
0.218427
0.474274
0.173583
0.797503
-0.001091
0.244852
0.258175
0.187005
0.273589
0.086517
0.075649
0.058754
-0.029214
0.016713
-0.023976
-0.088087
-0.030483
-0.071941
-0.071777
-0.074299
-0.082440
-0.071993
-0.092986
-0.067665
-0.093128
-0.077194
-0.075785
-0.104766
-0.062207
-0.073482
-0.095642
-0.056674
-0.063583
-0.077849
-0.074870
-0.100726
-0.078674
-0.091458
-0.079926
-0.097691
-0.104382
-0.103252
-0.100197
-0.097142
-0.091186
-0.099893
-0.086051
-0.099284
-0.102295
-0.081120
-0.096020
-0.100026
-0.092372
-0.102183
-0.101062
-0.097020
-0.103836
-0.104100
-0.101545
-0.102189
-0.106516
-0.107001
-0.101234
-0.105215
-0.105602
-0.104038
-0.102223
-0.105372
-0.106309
-0.099851
-0.103954
-0.106195
-0.098889
-0.102514
-0.103346
-0.098445
-0.105631
-0.104565
-0.101177
-0.101430
-0.107203
-0.105945
-0.105490
-0.105907
-0.106694
-0.106526
-0.103391
-0.102648
-0.105874
-0.105910
-0.102534
-0.107126
-0.105171
-0.104003
-0.106325
-0.105987
-0.104756
-0.106309
-0.106236
-0.081072
0.989050
0.525608
0.002501
0.124353
1.063737
0.399259
0.397129
0.729412
0.412791
0.149630
0.359484
0.168237
0.094591
0.180228
0.027717
-0.014963
0.001877
-0.041892
-0.056982
-0.061265
-0.055151
-0.061283
-0.065187
-0.055590
-0.066773
-0.072044
-0.034842
-0.061914
-0.048062
-0.025206
-0.060087
-0.038079
-0.021077
-0.070228
-0.076105
-0.051871
-0.090328
-0.087648
-0.096619
-0.088100
-0.106758
-0.103748
-0.100185
-0.098889
-0.099362
-0.080891
-0.089916
-0.086205
-0.078873
-0.087288
-0.093903
-0.081216
-0.089486
-0.092491
-0.086892
-0.096236
-0.099295
-0.098278
-0.103786
-0.102699
-0.102380
-0.102668
-0.102784
-0.101746
-0.102860
-0.103937
-0.103363
-0.099100
-0.102947
-0.098774
-0.094566
-0.100865
-0.096593
-0.093802
-0.103426
-0.101221
-0.097379
-0.103590
-0.102720
-0.103243
-0.105014
-0.104800
-0.105991
-0.105001
-0.104292
-0.105463
-0.102883
-0.104156
-0.104059
-0.101492
-0.104310
-0.105169
-0.101268
-0.104099
-0.105760
-0.103334
-0.105737
-0.106862
-0.105690
0.086464
0.275694
0.192907
0.217373
0.337640
0.324190
0.101320
0.224103
0.025588
0.053619
0.097186
-0.092865
-0.062587
0.043192
-0.055011
-0.072554
-0.029596
-0.051489
-0.068509
-0.055898
-0.057228
-0.076846
-0.068078
-0.067996
-0.076575
-0.079917
-0.069191
-0.082613
-0.083532
-0.082495
-0.073520
-0.094574
-0.089039
-0.073282
-0.087695
-0.089731
-0.084241
-0.098660
-0.090427
-0.086660
-0.090688
-0.090983
-0.096465
-0.095454
-0.100725
-0.098237
-0.091657
-0.103139
-0.106226
-0.094618
-0.100729
-0.105066
-0.097624
-0.099493
-0.101682
-0.099249
-0.100306
-0.100698
-0.101578
-0.099731
-0.102091
-0.100945
-0.100947
-0.102369
-0.100792
-0.101694
-0.102848
-0.100524
-0.102423
-0.102896
-0.101483
-0.100313
-0.104091
-0.102190
-0.099373
-0.105305
-0.102973
-0.100528
-0.104388
-0.103961
-0.102048
-0.104109
-0.104296
-0.104724
-0.105398
-0.104154
-0.104570
-0.102737
-0.103251
-0.104261
-0.102960
-0.103799
-0.104556
-0.102861
-0.103339
-0.104689
-0.103308
-0.103355
-0.103952
-0.104005
-1.135041
0.831317
0.058783
-3.045061
-0.107582
-0.107582
1.389560
1.434049
3.635058
-0.850367
-0.107580
-0.107583
-0.967228
1.053603
0.938641
-2.556634
-0.107580
-0.107583
1.260737
2.997307
5.937674
-3.547968
-0.107581
-0.107583
0.764383
3.485410
5.519722
-4.626389
-0.107581
-0.107583
-0.025911
4.381026
6.128642
-7.296756
-0.107581
-0.107583
4.051642
3.018373
8.490147
-0.454750
-0.107580
-0.107583
0.914045
-0.049482
0.505940
-0.034681
0.118319
-0.081544
-0.070498
-0.098216
-0.097473
-0.098400
-0.105263
-0.097976
-0.095369
-0.104207
-0.103731
-0.102030
-0.101813
-0.104563
-0.105870
-0.101755
-0.101666
-0.105150
-0.104314
-0.104624
-0.105436
-0.097988
-0.092880
-0.081390
-0.085535
-0.087215
-0.101749
-0.096807
-0.095412
-0.086790
-0.101904
-0.095861
-0.104187
-0.105746
-0.106311
-0.106017
-0.106089
-0.107041
-0.106341
-0.105330
-0.106228
-0.106726
-0.106392
-0.105855
-0.106372
-0.107193
-0.106484
-0.105674
-0.106383
-0.106432
-0.106350
-0.105724
-0.106773
-0.102881
-0.103553
-0.100341
-0.105874
-0.106156
-0.104319
-0.101179
-0.105479
-0.105458
-0.105937
-0.106269
-0.106543
-0.106678
-0.106490
-0.106469
-0.106841
-0.106749
-0.106218
-0.105749
-0.107129
-0.106724
-0.106506
-0.106447
-0.107147
-0.107126
-0.105790
-0.106361
-0.106603
-0.106572
-0.105975
-0.106168
-0.105671
-0.107126
-0.104817
-0.106491
-0.106114
-0.106528
-0.103940
-0.106645
-0.106441
-0.106736
-0.106500
-0.106553
1.385668
-0.032956
0.957673
0.037634
-0.002814
-0.071934
-0.087780
-0.084322
-0.085408
-0.088862
-0.094844
-0.092135
-0.091436
-0.098581
-0.100839
-0.091831
-0.088465
-0.098815
-0.100448
-0.094793
-0.097090
-0.099020
-0.097071
-0.098663
-0.094420
-0.098570
-0.097150
-0.081355
-0.061791
-0.077149
-0.106027
-0.094628
-0.092024
-0.071257
-0.101306
-0.103818
-0.105676
-0.107198
-0.106576
-0.106470
-0.106494
-0.106963
-0.106420
-0.106125
-0.106555
-0.107098
-0.106491
-0.104831
-0.105921
-0.106803
-0.105693
-0.105204
-0.106301
-0.105523
-0.106422
-0.105090
-0.105471
-0.106850
-0.102735
-0.093742
-0.104619
-0.104602
-0.101465
-0.097476
-0.105471
-0.105509
-0.106097
-0.106377
-0.106002
-0.106629
-0.106068
-0.105982
-0.106460
-0.106251
-0.105935
-0.105447
-0.107290
-0.106292
-0.106035
-0.105807
-0.106279
-0.107157
-0.105871
-0.106686
-0.106438
-0.106711
-0.106484
-0.106358
-0.105865
-0.106052
-0.102656
-0.105703
-0.105631
-0.105255
-0.101964
-0.105532
-0.105544
-0.105484
-0.105576
-0.105503
0.758504
-0.031026
0.694997
0.006798
-0.025893
-0.083648
-0.093377
-0.095002
-0.099208
-0.099084
-0.096550
-0.102545
-0.094572
-0.105858
-0.099989
-0.096237
-0.094796
-0.107356
-0.105633
-0.103276
-0.103739
-0.102227
-0.105285
-0.102718
-0.102439
-0.103637
-0.096623
-0.093455
-0.081222
-0.080525
-0.095870
-0.095829
-0.090657
-0.081237
-0.105800
-0.105132
-0.106129
-0.106871
-0.105672
-0.106370
-0.106385
-0.106012
-0.106929
-0.104666
-0.106240
-0.106223
-0.106093
-0.104990
-0.106364
-0.106861
-0.106572
-0.106009
-0.106145
-0.107116
-0.106140
-0.106101
-0.106902
-0.102910
-0.105180
-0.099461
-0.106683
-0.106408
-0.104305
-0.100743
-0.103600
-0.106458
-0.106489
-0.106555
-0.107093
-0.106414
-0.106808
-0.106728
-0.106640
-0.107070
-0.106122
-0.106342
-0.106680
-0.106480
-0.106332
-0.106526
-0.106663
-0.105739
-0.106654
-0.106465
-0.107066
-0.106677
-0.106570
-0.107398
-0.104455
-0.107048
-0.104778
-0.106275
-0.106127
-0.105984
-0.104802
-0.105989
-0.106875
-0.106598
-0.106585
-0.106890
1.270818
-0.026341
2.015302
0.293927
0.132500
0.015061
-0.013855
-0.045801
-0.053562
-0.058289
-0.060734
-0.070727
-0.074533
-0.076767
-0.078154
-0.080423
-0.081051
-0.082765
-0.083501
-0.084779
-0.086502
-0.082603
-0.083424
-0.084596
-0.079744
-0.078403
-0.057922
-0.081260
-0.007716
-0.047051
-0.072400
-0.084376
-0.060810
-0.046428
-0.100373
-0.088163
-0.103198
-0.103753
-0.104568
-0.105022
-0.103761
-0.103142
-0.103272
-0.103179
-0.103451
-0.103171
-0.103905
-0.102246
-0.102893
-0.103454
-0.102721
-0.103066
-0.102445
-0.102572
-0.103636
-0.102262
-0.103553
-0.098548
-0.098001
-0.077077
-0.102953
-0.099016
-0.093057
-0.086182
-0.105991
-0.101023
-0.103433
-0.104919
-0.103307
-0.103533
-0.103850
-0.103569
-0.103207
-0.103489
-0.102983
-0.103360
-0.103360
-0.107061
-0.103049
-0.102947
-0.106585
-0.104355
-0.104723
-0.103945
-0.104176
-0.104648
-0.104082
-0.106367
-0.104800
-0.103691
-0.096440
-0.100974
-0.106228
-0.099135
-0.097498
-0.101112
-0.101688
-0.101738
-0.102790
-0.102501
0.750463
0.018643
2.413469
-0.003027
0.043536
-0.051063
-0.087573
-0.085697
-0.091835
-0.091287
-0.094173
-0.095542
-0.094004
-0.095935
-0.096772
-0.095252
-0.097088
-0.096600
-0.095230
-0.097074
-0.094401
-0.094185
-0.095383
-0.090835
-0.089088
-0.088943
-0.066427
-0.075084
-0.026747
-0.024032
-0.074491
-0.088599
-0.059616
-0.032560
-0.088537
-0.086562
-0.094620
-0.097127
-0.100366
-0.099940
-0.101911
-0.102684
-0.102280
-0.103790
-0.103612
-0.103398
-0.104263
-0.105213
-0.104752
-0.105037
-0.104691
-0.105555
-0.106479
-0.105472
-0.106475
-0.106368
-0.105181
-0.100399
-0.099176
-0.081682
-0.100816
-0.101434
-0.099039
-0.087378
-0.101335
-0.106266
-0.105849
-0.105961
-0.105658
-0.106667
-0.105974
-0.106285
-0.106691
-0.106150
-0.106555
-0.105618
-0.104154
-0.102956
-0.105882
-0.106695
-0.102880
-0.102955
-0.104344
-0.106221
-0.105266
-0.105274
-0.105718
-0.103291
-0.102052
-0.102420
-0.100239
-0.102919
-0.103507
-0.103678
-0.100023
-0.104631
-0.106122
-0.106053
-0.106501
-0.106871
-0.018285
0.113563
3.018493
0.129070
0.172172
-0.040383
-0.042305
-0.059089
-0.063919
-0.068770
-0.074997
-0.075260
-0.079475
-0.080613
-0.081207
-0.084044
-0.082752
-0.084536
-0.085342
-0.083862
-0.085260
-0.084195
-0.083153
-0.083282
-0.078683
-0.075437
-0.068157
-0.031725
0.008695
-0.014148
-0.101240
-0.074349
-0.061574
-0.004050
-0.085647
-0.090001
-0.095555
-0.101129
-0.101300
-0.103492
-0.104808
-0.104659
-0.106304
-0.105892
-0.106608
-0.106594
-0.105866
-0.106361
-0.106264
-0.106855
-0.106455
-0.105370
-0.106243
-0.105312
-0.106240
-0.105469
-0.104612
-0.099243
-0.093821
-0.070974
-0.100765
-0.101127
-0.092589
-0.080234
-0.100443
-0.106104
-0.106261
-0.106574
-0.105970
-0.106628
-0.106209
-0.106104
-0.106343
-0.105971
-0.106243
-0.104576
-0.105786
-0.103745
-0.105355
-0.104823
-0.103473
-0.103841
-0.105691
-0.107338
-0.106970
-0.106917
-0.106776
-0.105565
-0.100430
-0.103631
-0.095418
-0.103915
-0.102681
-0.102837
-0.094027
-0.103531
-0.103145
-0.103549
-0.103929
-0.103892
