-1.591448
2.404509
1.536227
-9.614173
-0.127786
-0.127781
-0.185616
1.664330
5.290983
-4.032035
-0.127783
-0.127781
1.076479
1.772573
4.124194
-2.652973
-0.127784
-0.127785
0.073599
1.354912
4.715037
-3.425985
-0.127782
-0.127781
-0.830078
3.866636
8.142390
-8.660421
-0.127783
-0.127784
-0.047790
1.043897
1.979940
-2.970476
-0.127784
-0.127784
10.082434
-0.127510
10.082766
10.081924
-0.127784
-0.127786
5.564713
1.631012
8.702591
1.798999
-0.127783
-0.127785
1.321011
0.357417
0.909820
0.441700
0.027861
0.354525
0.549463
0.158531
0.416220
0.213128
0.212967
0.056213
0.083781
0.119620
-0.078456
0.029998
-0.035859
-0.013531
-0.037317
-0.018691
-0.018612
-0.116258
-0.088791
-0.096582
-0.089500
-0.120403
-0.117216
-0.121617
-0.091898
-0.125170
-0.098714
-0.100493
-0.110612
-0.112582
-0.090292
-0.108121
-0.101029
-0.117113
-0.100315
-0.109716
-0.112962
-0.105982
-0.118967
-0.109961
-0.116052
-0.101014
-0.109770
-0.115459
-0.110988
-0.121111
-0.119650
-0.123069
-0.123313
-0.123859
-0.119599
-0.125698
-0.120611
-0.119378
-0.123067
-0.117595
-0.117127
-0.118416
-0.117969
-0.118506
-0.118303
-0.120952
-0.118771
-0.121724
-0.120635
-0.121882
-0.121561
-0.123197
-0.121909
-0.122462
-0.122418
-0.121312
-0.121862
-0.121231
-0.121409
-0.121317
-0.121519
-0.121048
-0.121297
-0.121331
-0.121159
-0.121502
-0.121422
-0.121496
-0.121473
-0.121508
-0.121442
-0.121437
-0.121442
-0.121383
-0.121403
-0.121375
-0.121375
-0.121361
-0.121370
-0.121366
-0.071388
0.130035
0.253683
0.110585
0.081086
0.047932
0.470595
0.223537
0.420859
0.298979
0.120650
0.154714
-0.058982
0.002700
-0.050493
0.025682
-0.062478
0.054207
-0.043505
0.011415
-0.033726
-0.070374
-0.097110
-0.119874
-0.114660
-0.124663
-0.121830
-0.120090
-0.105686
-0.112129
-0.118460
-0.112915
-0.092455
-0.116066
-0.069351
-0.097167
-0.080819
-0.095984
-0.098369
-0.105962
-0.096909
-0.114273
-0.095723
-0.110390
-0.110255
-0.107308
-0.121237
-0.120239
-0.118893
-0.119730
-0.118240
-0.115545
-0.117174
-0.117916
-0.118107
-0.117294
-0.119321
-0.115835
-0.122225
-0.116431
-0.122777
-0.120000
-0.123218
-0.121275
-0.124581
-0.122113
-0.124469
-0.121777
-0.124497
-0.121141
-0.123509
-0.120474
-0.122609
-0.121300
-0.122606
-0.122499
-0.123031
-0.123054
-0.123210
-0.123200
-0.123418
-0.123389
-0.123463
-0.123692
-0.123520
-0.123745
-0.123440
-0.123724
-0.123479
-0.123757
-0.123652
-0.123787
-0.123790
-0.123825
-0.123856
-0.123878
-0.123903
-0.123922
-0.123927
-0.123932
1.088878
0.670461
0.477437
0.438911
0.107504
0.229967
0.011390
0.148192
0.039226
0.081034
0.034039
0.058368
-0.046700
-0.007379
-0.116637
-0.050993
-0.079676
-0.054761
-0.112373
-0.063794
-0.099303
-0.083005
-0.082197
-0.119592
-0.076576
-0.089889
-0.096722
-0.091156
-0.093366
-0.084440
-0.099708
-0.109880
-0.093802
-0.120393
-0.100395
-0.115853
-0.112849
-0.119341
-0.114351
-0.121738
-0.109748
-0.114271
-0.106865
-0.115834
-0.106499
-0.118838
-0.109732
-0.115648
-0.116490
-0.113224
-0.120099
-0.119250
-0.119667
-0.119981
-0.119931
-0.122258
-0.119019
-0.119333
-0.121233
-0.117852
-0.121595
-0.118312
-0.120304
-0.118626
-0.119597
-0.118596
-0.120371
-0.119873
-0.120786
-0.120491
-0.121085
-0.120295
-0.121306
-0.120442
-0.121055
-0.120972
-0.120849
-0.120861
-0.120869
-0.120994
-0.121039
-0.120871
-0.121214
-0.121086
-0.121238
-0.121292
-0.121261
-0.121413
-0.121370
-0.121467
-0.121484
-0.121524
-0.121519
-0.121537
-0.121541
-0.121546
-0.121562
-0.121570
-0.121574
-0.121583
0.085888
0.244710
0.527251
0.167610
0.160997
-0.045610
0.123787
0.202297
0.037372
0.144118
-0.048760
0.000118
0.005425
-0.080298
-0.003005
-0.108401
-0.059560
-0.059797
-0.093274
-0.040847
-0.087999
-0.098820
-0.098445
-0.113518
-0.097074
-0.113557
-0.115267
-0.124086
-0.111247
-0.121893
-0.107717
-0.118119
-0.111296
-0.107110
-0.105866
-0.097319
-0.114357
-0.101097
-0.114209
-0.103917
-0.110100
-0.111161
-0.112193
-0.119364
-0.116494
-0.125976
-0.122477
-0.123921
-0.122441
-0.116575
-0.120106
-0.121341
-0.120276
-0.119216
-0.120879
-0.117872
-0.120372
-0.120369
-0.121848
-0.121330
-0.121960
-0.123989
-0.122173
-0.124471
-0.122363
-0.124674
-0.122488
-0.124166
-0.122653
-0.123530
-0.122608
-0.122538
-0.122702
-0.122644
-0.123059
-0.123101
-0.123522
-0.123262
-0.123472
-0.123569
-0.123629
-0.123650
-0.123805
-0.123770
-0.123775
-0.123887
-0.123751
-0.123848
-0.123835
-0.123878
-0.123921
-0.123926
-0.123983
-0.123977
-0.124023
-0.124020
-0.124051
-0.124052
-0.124063
-0.124065
0.595886
1.677421
1.476192
0.441973
0.480183
0.012448
0.649904
0.352130
0.351786
0.219438
0.081304
-0.020589
-0.063087
-0.065738
-0.022968
0.005304
0.002655
0.009150
0.005160
-0.021398
-0.001926
-0.077109
-0.083818
-0.044122
-0.053532
-0.085106
-0.081704
-0.080087
-0.065789
-0.072929
-0.064912
-0.085456
-0.116217
-0.105181
-0.102603
-0.103085
-0.099321
-0.095383
-0.099713
-0.095654
-0.106717
-0.106937
-0.113386
-0.115115
-0.113550
-0.105552
-0.111091
-0.104741
-0.106206
-0.116527
-0.114694
-0.116606
-0.114881
-0.115927
-0.117100
-0.117701
-0.119639
-0.117956
-0.114573
-0.117093
-0.114816
-0.116204
-0.117231
-0.118127
-0.118742
-0.119288
-0.118094
-0.118293
-0.117689
-0.117791
-0.118133
-0.118406
-0.118539
-0.119441
-0.118986
-0.119091
-0.119065
-0.118841
-0.119195
-0.119233
-0.119457
-0.119301
-0.119101
-0.119533
-0.119608
-0.119659
-0.119855
-0.119835
-0.119860
-0.119877
-0.119877
-0.119914
-0.119975
-0.120003
-0.120056
-0.120078
-0.120091
-0.120106
-0.120107
-0.120108
-0.032237
0.016517
0.065056
0.319185
0.150729
0.102049
0.190222
0.128625
0.144610
0.044741
-0.017354
-0.061131
-0.110385
-0.119806
-0.119576
-0.102739
-0.073036
-0.086418
-0.046267
-0.079803
-0.050809
-0.098156
-0.090324
-0.116203
-0.121990
-0.115059
-0.111880
-0.114668
-0.112644
-0.102221
-0.101284
-0.118761
-0.113575
-0.124756
-0.115824
-0.123271
-0.119130
-0.124368
-0.119329
-0.117448
-0.116642
-0.115844
-0.118295
-0.116867
-0.120312
-0.121821
-0.118850
-0.120400
-0.119450
-0.121213
-0.119248
-0.120059
-0.119914
-0.119538
-0.119995
-0.120341
-0.122026
-0.120625
-0.121060
-0.119992
-0.121315
-0.120477
-0.121054
-0.120606
-0.120943
-0.121255
-0.121315
-0.121464
-0.121931
-0.121591
-0.121944
-0.121407
-0.121824
-0.121532
-0.121988
-0.121695
-0.121814
-0.121884
-0.121945
-0.121983
-0.121998
-0.122037
-0.121965
-0.121950
-0.122072
-0.122018
-0.122073
-0.122019
-0.122089
-0.122078
-0.122103
-0.122101
-0.122106
-0.122109
-0.122100
-0.122115
-0.122106
-0.122119
-0.122115
-0.122120
-1.383653
1.324529
0.406070
-3.889714
-0.127784
-0.127786
1.269233
1.722408
4.203017
-1.067227
-0.127783
-0.127786
-1.704367
1.319753
0.412010
-3.843490
-0.127783
-0.127786
0.614167
4.605753
8.238881
-4.798241
-0.127782
-0.127786
1.787754
3.382085
6.180726
-3.722817
-0.127784
-0.127786
1.205546
4.464214
6.931979
-6.141892
-0.127784
-0.127786
3.655164
2.302615
7.317174
0.329303
-0.127783
-0.127786
1.131345
0.836745
0.160911
-0.032573
-0.061596
-0.078048
-0.091408
-0.092101
-0.095613
-0.100478
-0.099341
-0.105467
-0.058306
-0.110541
-0.079363
-0.094983
-0.115415
-0.114309
-0.115666
-0.116436
-0.115493
-0.116520
-0.117333
-0.117029
-0.122318
-0.103702
-0.117157
-0.109022
-0.119222
-0.121803
-0.120986
-0.120980
-0.120869
-0.120843
-0.121140
-0.121194
-0.121212
-0.120949
-0.114703
-0.121441
-0.117829
-0.125330
-0.122618
-0.122801
-0.122718
-0.122697
-0.122928
-0.122930
-0.122912
-0.123032
-0.122254
-0.121945
-0.123424
-0.123224
-0.123503
-0.123073
-0.123393
-0.123482
-0.123543
-0.123683
-0.123700
-0.123761
-0.123856
-0.123779
-0.124712
-0.123901
-0.124365
-0.123566
-0.123894
-0.123981
-0.124056
-0.124093
-0.124143
-0.124181
-0.124222
-0.124260
-0.124323
-0.124439
-0.124285
-0.124378
-0.124262
-0.124377
-0.124392
-0.124413
-0.124435
-0.124448
-0.124465
-0.124479
-0.124491
-0.124510
-0.124500
-0.124522
-0.124526
-0.124543
-0.124549
-0.124551
-0.124555
-0.124558
-0.124560
-0.124561
1.264332
1.148397
0.090005
-0.057538
-0.076259
-0.087657
-0.080649
-0.091114
-0.106582
-0.106026
-0.108733
-0.096565
-0.054429
-0.110965
-0.060901
-0.111804
-0.117890
-0.118578
-0.118285
-0.118398
-0.120222
-0.120332
-0.120037
-0.120339
-0.119506
-0.108756
-0.118414
-0.107306
-0.127554
-0.123394
-0.123265
-0.123038
-0.123721
-0.123607
-0.122882
-0.123026
-0.122988
-0.123413
-0.116086
-0.123314
-0.119745
-0.123774
-0.124207
-0.124214
-0.124307
-0.124413
-0.124204
-0.124108
-0.124284
-0.124266
-0.124500
-0.121353
-0.125511
-0.126077
-0.123323
-0.124436
-0.124519
-0.124656
-0.124595
-0.124657
-0.124802
-0.124863
-0.124908
-0.124961
-0.125049
-0.125049
-0.125442
-0.124527
-0.124940
-0.124964
-0.125015
-0.125035
-0.125092
-0.125149
-0.125162
-0.125192
-0.125209
-0.125425
-0.125141
-0.125187
-0.125251
-0.125266
-0.125273
-0.125284
-0.125310
-0.125321
-0.125331
-0.125337
-0.125347
-0.125355
-0.125376
-0.125355
-0.125358
-0.125396
-0.125386
-0.125389
-0.125391
-0.125394
-0.125395
-0.125396
1.438655
0.845581
0.111928
-0.022369
-0.052189
-0.073390
-0.081461
-0.085610
-0.092593
-0.098819
-0.098422
-0.110615
-0.045520
-0.108569
-0.086629
-0.094789
-0.108384
-0.108822
-0.111270
-0.112215
-0.112181
-0.113012
-0.114302
-0.114242
-0.116681
-0.098756
-0.114907
-0.108894
-0.116746
-0.118450
-0.118071
-0.118323
-0.118590
-0.118647
-0.118732
-0.118940
-0.119066
-0.118787
-0.113492
-0.119027
-0.115476
-0.123119
-0.121349
-0.121252
-0.121103
-0.121225
-0.121372
-0.121376
-0.121381
-0.121582
-0.121279
-0.121867
-0.121424
-0.120794
-0.122554
-0.122093
-0.122245
-0.122275
-0.122337
-0.122466
-0.122539
-0.122589
-0.122707
-0.122779
-0.123678
-0.122700
-0.123067
-0.122554
-0.122803
-0.122909
-0.122991
-0.123017
-0.123084
-0.123140
-0.123184
-0.123226
-0.123287
-0.123364
-0.123321
-0.123423
-0.123254
-0.123364
-0.123405
-0.123435
-0.123456
-0.123477
-0.123499
-0.123517
-0.123532
-0.123548
-0.123541
-0.123583
-0.123589
-0.123595
-0.123605
-0.123610
-0.123615
-0.123619
-0.123622
-0.123624
0.585377
3.162566
0.421114
-0.019213
-0.072669
-0.088880
-0.102054
-0.111281
-0.115074
-0.120570
-0.121628
-0.083246
0.094774
-0.121690
0.007297
-0.062153
-0.102881
-0.109380
-0.111391
-0.113964
-0.115731
-0.116616
-0.118149
-0.118657
-0.118643
-0.076642
-0.119245
-0.095243
-0.106788
-0.117786
-0.119343
-0.119550
-0.120317
-0.120672
-0.120828
-0.121408
-0.121306
-0.120544
-0.110439
-0.119012
-0.109646
-0.120279
-0.123312
-0.123292
-0.123114
-0.123377
-0.123344
-0.123387
-0.123570
-0.123535
-0.123056
-0.123327
-0.121074
-0.117620
-0.127346
-0.124983
-0.124670
-0.124617
-0.124617
-0.124594
-0.124643
-0.124640
-0.124691
-0.124675
-0.125012
-0.124221
-0.123809
-0.125056
-0.124925
-0.124986
-0.125038
-0.124977
-0.125031
-0.125062
-0.125068
-0.125099
-0.125126
-0.124791
-0.125352
-0.125428
-0.124971
-0.125170
-0.125238
-0.125261
-0.125247
-0.125276
-0.125287
-0.125301
-0.125311
-0.125318
-0.125254
-0.125387
-0.125390
-0.125317
-0.125357
-0.125362
-0.125367
-0.125370
-0.125371
-0.125373
1.812306
2.303988
0.297847
-0.015365
-0.046488
-0.068458
-0.080388
-0.088923
-0.095222
-0.100789
-0.104286
-0.112044
0.056333
-0.110393
-0.037084
-0.068014
-0.098245
-0.101632
-0.104612
-0.106581
-0.108147
-0.109364
-0.110531
-0.111013
-0.115057
-0.077015
-0.113507
-0.100282
-0.107764
-0.114006
-0.114623
-0.115112
-0.115573
-0.115909
-0.116181
-0.116437
-0.116542
-0.116380
-0.108467
-0.115869
-0.108374
-0.121740
-0.119929
-0.119744
-0.119610
-0.119748
-0.119787
-0.119877
-0.119979
-0.120144
-0.119791
-0.123355
-0.118590
-0.116142
-0.123294
-0.121413
-0.121338
-0.121343
-0.121391
-0.121463
-0.121558
-0.121640
-0.121766
-0.121822
-0.123298
-0.121472
-0.121708
-0.121784
-0.121944
-0.122060
-0.122158
-0.122159
-0.122247
-0.122311
-0.122360
-0.122413
-0.122473
-0.122402
-0.122630
-0.122787
-0.122362
-0.122568
-0.122644
-0.122683
-0.122697
-0.122732
-0.122757
-0.122780
-0.122799
-0.122816
-0.122778
-0.122889
-0.122894
-0.122862
-0.122890
-0.122899
-0.122906
-0.122911
-0.122914
-0.122917
1.225429
3.059889
0.382163
-0.013981
-0.044191
-0.065277
-0.075800
-0.083273
-0.088708
-0.090402
-0.093330
-0.064040
0.059069
-0.098047
0.028754
-0.085407
-0.119608
-0.117610
-0.117113
-0.117079
-0.117160
-0.117246
-0.117002
-0.116939
-0.118203
-0.086329
-0.112098
-0.084702
-0.121709
-0.123352
-0.123073
-0.122509
-0.122350
-0.122214
-0.122120
-0.122065
-0.121823
-0.124248
-0.105627
-0.121195
-0.111563
-0.121063
-0.122088
-0.122961
-0.123233
-0.123209
-0.123298
-0.123342
-0.123426
-0.123345
-0.123056
-0.115842
-0.126480
-0.124915
-0.120599
-0.122877
-0.123323
-0.123607
-0.123637
-0.123779
-0.123855
-0.123948
-0.124015
-0.123744
-0.123628
-0.124303
-0.124875
-0.123095
-0.124090
-0.124056
-0.124127
-0.124207
-0.124253
-0.124293
-0.124329
-0.124377
-0.124384
-0.124866
-0.124187
-0.124232
-0.124472
-0.124513
-0.124474
-0.124481
-0.124529
-0.124531
-0.124546
-0.124554
-0.124568
-0.124588
-0.124627
-0.124550
-0.124554
-0.124643
-0.124616
-0.124619
-0.124621
-0.124623
-0.124626
-0.124626
