-1.266316
2.785657
4.981492
-8.612524
-0.120417
-0.120415
-0.287367
1.550120
5.612417
-5.652911
-0.120416
-0.120408
0.770032
2.048511
5.620060
-4.774853
-0.120416
-0.120416
-0.199589
0.709480
1.182710
-2.712887
-0.120417
-0.120414
0.094139
3.360714
7.041190
-9.704517
-0.120417
-0.120414
-0.142274
0.555539
1.467689
-1.538745
-0.120415
-0.120416
9.404918
-0.119967
9.405588
9.404410
-0.120415
-0.120419
5.506461
1.378279
8.286132
2.420717
-0.120416
-0.120417
1.026872
0.614839
1.200628
0.363427
0.435530
0.561554
0.174665
0.377648
0.294867
0.107213
0.229172
0.128856
0.055302
0.041324
0.059652
-0.037573
-0.035431
-0.025410
-0.112428
-0.077229
-0.040568
-0.053821
-0.073469
-0.094575
-0.093774
-0.102304
-0.077879
-0.103066
-0.105995
-0.061485
-0.081453
-0.081670
-0.078585
-0.097783
-0.090238
-0.090960
-0.106600
-0.107199
-0.103498
-0.111986
-0.118619
-0.111440
-0.107703
-0.115005
-0.100451
-0.101209
-0.108489
-0.109830
-0.108990
-0.111561
-0.108158
-0.109317
-0.113970
-0.103936
-0.109768
-0.110692
-0.110044
-0.114282
-0.113126
-0.115423
-0.115489
-0.115989
-0.116146
-0.115234
-0.114412
-0.114953
-0.113476
-0.114414
-0.113640
-0.113483
-0.114161
-0.114082
-0.114480
-0.114410
-0.114384
-0.114311
-0.114902
-0.114369
-0.114900
-0.114862
-0.114798
-0.115129
-0.114895
-0.115135
-0.115041
-0.115033
-0.115098
-0.115056
-0.115081
-0.115094
-0.115087
-0.115118
-0.115119
-0.115120
-0.115146
-0.115144
-0.115161
-0.115165
-0.115170
-0.115175
0.037386
0.147651
0.031130
0.094219
0.073323
0.168080
0.278761
0.128408
0.305010
0.297873
0.148696
0.291007
0.211905
0.149955
0.049680
-0.006610
0.074869
-0.083575
-0.027970
-0.062555
-0.079818
-0.087724
-0.086891
-0.111032
-0.091664
-0.118713
-0.096806
-0.113795
-0.097386
-0.097086
-0.087775
-0.089259
-0.088651
-0.074681
-0.083272
-0.080631
-0.078923
-0.101605
-0.083662
-0.115360
-0.081442
-0.104602
-0.099124
-0.106471
-0.106649
-0.111789
-0.107590
-0.115030
-0.108720
-0.115879
-0.110485
-0.113959
-0.112528
-0.111481
-0.112474
-0.111861
-0.112659
-0.112052
-0.109066
-0.113895
-0.109598
-0.116903
-0.109267
-0.115879
-0.110776
-0.115345
-0.113122
-0.115083
-0.113924
-0.114307
-0.114061
-0.114268
-0.114273
-0.114452
-0.114403
-0.114422
-0.114636
-0.114456
-0.114642
-0.114605
-0.114551
-0.114727
-0.114471
-0.114793
-0.114585
-0.114866
-0.114661
-0.114802
-0.114790
-0.114810
-0.114878
-0.114812
-0.114890
-0.114855
-0.114899
-0.114887
-0.114900
-0.114901
-0.114904
-0.114906
0.771583
0.567816
0.619636
0.464485
0.690587
-0.008455
0.193317
0.098302
0.006982
0.061456
0.027783
0.010412
0.064746
-0.034920
-0.087160
-0.046750
-0.073401
-0.054922
-0.053048
-0.100519
-0.059828
-0.086729
-0.110984
-0.113650
-0.108742
-0.117211
-0.106117
-0.106091
-0.098957
-0.102716
-0.119417
-0.102060
-0.100791
-0.103695
-0.097749
-0.109998
-0.100364
-0.115988
-0.112379
-0.110166
-0.109236
-0.106263
-0.112057
-0.112179
-0.115357
-0.110793
-0.111936
-0.116484
-0.113988
-0.116888
-0.113918
-0.117723
-0.114669
-0.112003
-0.117043
-0.113480
-0.116374
-0.114598
-0.114962
-0.116525
-0.115597
-0.117599
-0.115138
-0.117041
-0.115594
-0.116068
-0.116546
-0.115778
-0.116473
-0.115831
-0.116106
-0.116358
-0.116365
-0.116486
-0.116264
-0.116427
-0.116472
-0.116244
-0.116670
-0.116398
-0.116699
-0.116503
-0.116531
-0.116643
-0.116536
-0.116698
-0.116540
-0.116634
-0.116610
-0.116609
-0.116651
-0.116602
-0.116645
-0.116628
-0.116640
-0.116645
-0.116640
-0.116648
-0.116647
-0.116650
-0.042742
0.268925
-0.024799
0.141763
0.113895
0.044148
-0.057151
-0.107546
-0.024759
-0.074269
-0.054630
-0.063919
-0.101960
-0.079925
-0.095324
-0.103849
-0.111436
-0.101559
-0.109089
-0.090436
-0.090214
-0.105871
-0.113147
-0.117423
-0.114264
-0.111477
-0.111334
-0.112118
-0.112344
-0.118546
-0.110436
-0.114034
-0.109641
-0.113434
-0.113708
-0.112928
-0.119354
-0.114368
-0.119818
-0.116144
-0.117621
-0.115021
-0.115670
-0.114203
-0.113635
-0.116786
-0.116085
-0.119186
-0.117078
-0.116707
-0.116388
-0.117588
-0.118141
-0.118583
-0.115946
-0.117414
-0.116489
-0.117667
-0.117569
-0.117425
-0.118260
-0.117462
-0.118192
-0.117563
-0.117840
-0.117580
-0.117822
-0.117671
-0.117698
-0.117971
-0.117709
-0.118063
-0.117920
-0.117926
-0.117937
-0.117973
-0.118030
-0.118107
-0.117922
-0.118060
-0.118017
-0.118070
-0.118105
-0.118053
-0.118118
-0.118077
-0.118117
-0.118105
-0.118115
-0.118124
-0.118122
-0.118135
-0.118130
-0.118140
-0.118138
-0.118144
-0.118146
-0.118147
-0.118149
-0.118149
0.115147
0.978842
1.181574
0.768666
0.470209
0.981407
0.481081
0.248079
0.204025
0.057385
0.044617
0.053002
0.005344
0.000080
-0.012948
-0.032320
-0.033588
-0.008350
-0.043066
0.011540
-0.035044
-0.068000
-0.055756
-0.105143
-0.102066
-0.107395
-0.084623
-0.070226
-0.095697
-0.063595
-0.074453
-0.092826
-0.090500
-0.101186
-0.098266
-0.099637
-0.100920
-0.101000
-0.101770
-0.103081
-0.102470
-0.099384
-0.104070
-0.097564
-0.107476
-0.115020
-0.106995
-0.113022
-0.111626
-0.109924
-0.108636
-0.104932
-0.109597
-0.107177
-0.110320
-0.112536
-0.111621
-0.113154
-0.112060
-0.112703
-0.112866
-0.112803
-0.113073
-0.113449
-0.113363
-0.113585
-0.114088
-0.113858
-0.115050
-0.114791
-0.114644
-0.114621
-0.114625
-0.114847
-0.114951
-0.115130
-0.115207
-0.115344
-0.115732
-0.115588
-0.115638
-0.115711
-0.115752
-0.115900
-0.115918
-0.115957
-0.116021
-0.116064
-0.116117
-0.116169
-0.116206
-0.116242
-0.116278
-0.116300
-0.116333
-0.116355
-0.116372
-0.116388
-0.116393
-0.116402
-0.108793
-0.062280
0.049364
0.068263
-0.026583
0.082655
-0.006683
0.059432
-0.000469
-0.051197
0.030619
-0.065270
-0.009968
-0.087046
-0.054964
-0.054814
-0.098957
-0.064795
-0.108124
-0.093148
-0.117756
-0.109902
-0.116603
-0.115062
-0.113142
-0.115237
-0.110931
-0.112915
-0.114105
-0.106476
-0.107989
-0.107371
-0.105886
-0.115010
-0.103197
-0.116375
-0.107439
-0.115037
-0.110961
-0.108190
-0.115701
-0.111665
-0.116528
-0.115863
-0.116984
-0.117339
-0.117816
-0.115182
-0.117685
-0.116132
-0.117812
-0.115883
-0.116946
-0.116168
-0.115924
-0.116705
-0.116008
-0.117872
-0.116237
-0.118458
-0.116600
-0.117870
-0.116907
-0.117628
-0.117667
-0.117703
-0.117878
-0.117621
-0.117849
-0.117641
-0.117929
-0.117744
-0.117960
-0.117923
-0.118007
-0.117994
-0.117993
-0.118126
-0.118110
-0.118150
-0.118148
-0.118166
-0.118182
-0.118215
-0.118172
-0.118246
-0.118205
-0.118258
-0.118254
-0.118248
-0.118281
-0.118265
-0.118294
-0.118291
-0.118299
-0.118305
-0.118307
-0.118312
-0.118314
-0.118316
-2.000718
1.310031
-0.113842
-4.132718
-0.120416
-0.120419
1.616818
1.050492
3.116356
-0.302151
-0.120416
-0.120419
-0.971200
1.300906
1.001310
-3.206493
-0.120416
-0.120419
1.756076
3.794961
7.256575
-3.653560
-0.120416
-0.120419
1.541898
3.388918
6.102066
-3.673375
-0.120416
-0.120419
0.050584
5.329288
7.667858
-7.609939
-0.120416
-0.120419
5.549875
1.769837
8.089270
2.745492
-0.120416
-0.120419
1.750493
0.886058
-0.041876
-0.118643
-0.117855
-0.109856
-0.111998
-0.115291
-0.113879
-0.114691
-0.110008
-0.063579
-0.096771
-0.068779
-0.105637
-0.117289
-0.118522
-0.118003
-0.118339
-0.118638
-0.119049
-0.118861
-0.118631
-0.109865
-0.111628
-0.110082
-0.113243
-0.118833
-0.119304
-0.119565
-0.119470
-0.119606
-0.120036
-0.119656
-0.119468
-0.116244
-0.116362
-0.117546
-0.116016
-0.119633
-0.119835
-0.120098
-0.119930
-0.119955
-0.120058
-0.119915
-0.119806
-0.118746
-0.118307
-0.119518
-0.118386
-0.120080
-0.120195
-0.120229
-0.120206
-0.120208
-0.120268
-0.120288
-0.120274
-0.120109
-0.119612
-0.120215
-0.119888
-0.120238
-0.120332
-0.120336
-0.120370
-0.120371
-0.120389
-0.120389
-0.120377
-0.120375
-0.120215
-0.120386
-0.120289
-0.120370
-0.120408
-0.120393
-0.120402
-0.120390
-0.120395
-0.120402
-0.120403
-0.120402
-0.120403
-0.120388
-0.120382
-0.120408
-0.120401
-0.120409
-0.120397
-0.120394
-0.120404
-0.120401
-0.120401
-0.120401
-0.120401
-0.120401
-0.120401
-0.120401
1.618144
0.685229
0.031716
-0.080142
-0.092022
-0.104340
-0.109808
-0.101307
-0.106657
-0.109941
-0.100110
-0.083368
-0.098515
-0.087410
-0.109772
-0.107336
-0.109766
-0.110689
-0.109407
-0.113772
-0.114040
-0.113919
-0.115502
-0.115758
-0.107864
-0.115189
-0.111511
-0.112110
-0.113814
-0.114306
-0.114680
-0.115864
-0.115482
-0.115788
-0.116178
-0.116431
-0.117529
-0.118315
-0.116567
-0.117032
-0.117002
-0.116970
-0.117230
-0.116770
-0.116935
-0.117030
-0.116791
-0.116937
-0.117855
-0.116324
-0.118119
-0.117681
-0.117465
-0.117571
-0.117561
-0.117494
-0.117658
-0.117654
-0.117675
-0.117724
-0.117548
-0.117898
-0.118202
-0.118093
-0.118083
-0.118063
-0.118066
-0.118131
-0.118116
-0.118122
-0.118138
-0.118114
-0.118071
-0.118205
-0.118095
-0.118181
-0.118206
-0.118209
-0.118240
-0.118238
-0.118251
-0.118266
-0.118276
-0.118287
-0.118301
-0.118296
-0.118303
-0.118319
-0.118326
-0.118333
-0.118334
-0.118338
-0.118346
-0.118350
-0.118353
-0.118356
-0.118358
-0.118360
-0.118361
-0.118362
0.742233
0.883761
-0.074688
-0.096044
-0.105449
-0.115127
-0.104035
-0.109301
-0.106534
-0.109568
-0.113191
-0.067033
-0.095162
-0.069388
-0.110508
-0.114184
-0.114987
-0.116651
-0.117842
-0.119421
-0.119616
-0.118413
-0.117244
-0.110886
-0.109754
-0.109519
-0.114209
-0.117673
-0.119089
-0.119787
-0.119393
-0.118564
-0.118313
-0.118340
-0.118604
-0.117745
-0.115176
-0.116542
-0.117398
-0.119373
-0.119127
-0.118970
-0.119000
-0.119429
-0.119725
-0.120117
-0.119706
-0.118929
-0.118137
-0.118590
-0.118012
-0.119099
-0.119373
-0.119636
-0.119694
-0.119707
-0.119553
-0.119435
-0.119405
-0.119406
-0.120208
-0.119747
-0.119160
-0.119760
-0.119730
-0.119719
-0.119664
-0.119619
-0.119682
-0.119699
-0.119729
-0.119739
-0.119715
-0.119740
-0.119702
-0.119705
-0.119712
-0.119723
-0.119738
-0.119738
-0.119743
-0.119744
-0.119744
-0.119746
-0.119730
-0.119771
-0.119780
-0.119758
-0.119763
-0.119759
-0.119774
-0.119778
-0.119770
-0.119773
-0.119774
-0.119775
-0.119775
-0.119776
-0.119776
-0.119776
1.775703
2.626393
0.120633
-0.061112
-0.093477
-0.089141
-0.083952
-0.081721
-0.081723
-0.079005
-0.070381
0.023910
-0.055403
-0.045981
-0.066164
-0.075745
-0.088277
-0.099614
-0.107361
-0.108251
-0.105005
-0.103111
-0.106239
-0.115765
-0.081181
-0.115353
-0.089703
-0.101227
-0.108879
-0.111971
-0.110717
-0.108949
-0.108641
-0.110246
-0.114082
-0.117307
-0.107957
-0.114062
-0.114607
-0.117868
-0.114301
-0.112940
-0.113122
-0.114354
-0.115692
-0.115677
-0.113958
-0.111794
-0.117639
-0.110396
-0.116282
-0.113985
-0.114326
-0.115201
-0.115687
-0.115720
-0.115243
-0.114866
-0.114794
-0.115198
-0.116254
-0.116170
-0.116084
-0.116633
-0.116636
-0.116482
-0.116330
-0.116268
-0.116354
-0.116466
-0.116540
-0.116510
-0.116137
-0.116582
-0.116149
-0.116476
-0.116482
-0.116471
-0.116564
-0.116538
-0.116605
-0.116612
-0.116617
-0.116626
-0.116638
-0.116685
-0.116709
-0.116705
-0.116715
-0.116724
-0.116743
-0.116756
-0.116758
-0.116765
-0.116772
-0.116776
-0.116780
-0.116783
-0.116785
-0.116786
1.520883
2.341380
0.098643
-0.044614
-0.070308
-0.075236
-0.076556
-0.079190
-0.083388
-0.087327
-0.078755
0.008263
-0.065728
-0.054302
-0.067528
-0.080862
-0.090164
-0.098207
-0.104477
-0.106659
-0.105101
-0.103179
-0.104447
-0.115828
-0.083347
-0.111960
-0.090607
-0.101490
-0.107380
-0.109488
-0.108850
-0.107719
-0.107594
-0.108889
-0.111704
-0.117174
-0.107846
-0.112308
-0.115652
-0.114941
-0.112751
-0.111752
-0.111900
-0.112869
-0.113883
-0.114072
-0.112953
-0.110866
-0.116454
-0.109915
-0.114751
-0.113052
-0.113307
-0.114027
-0.114376
-0.114435
-0.114116
-0.113868
-0.113838
-0.113917
-0.115306
-0.115033
-0.114697
-0.115526
-0.115406
-0.115322
-0.115214
-0.115172
-0.115272
-0.115361
-0.115435
-0.115423
-0.115133
-0.115532
-0.115175
-0.115456
-0.115475
-0.115474
-0.115562
-0.115547
-0.115611
-0.115626
-0.115640
-0.115660
-0.115657
-0.115717
-0.115744
-0.115736
-0.115757
-0.115763
-0.115788
-0.115802
-0.115803
-0.115815
-0.115822
-0.115829
-0.115833
-0.115837
-0.115840
-0.115841
0.052967
3.703583
-0.045514
-0.010498
-0.041361
-0.060571
-0.071430
-0.080554
-0.088937
-0.097398
-0.108369
0.087411
-0.034756
0.041494
-0.049736
-0.077751
-0.083974
-0.088664
-0.092423
-0.094760
-0.096034
-0.096763
-0.097908
-0.096241
-0.074504
-0.096361
-0.076893
-0.094457
-0.098702
-0.100948
-0.102161
-0.102861
-0.103693
-0.104834
-0.105998
-0.101825
-0.109180
-0.113001
-0.102130
-0.108799
-0.108680
-0.108488
-0.108529
-0.108776
-0.108988
-0.108935
-0.108339
-0.105455
-0.111687
-0.106333
-0.114854
-0.109955
-0.110183
-0.110591
-0.110724
-0.110962
-0.110937
-0.110998
-0.111121
-0.111293
-0.110052
-0.111784
-0.113157
-0.112509
-0.112491
-0.112428
-0.112490
-0.112577
-0.112590
-0.112646
-0.112701
-0.112765
-0.112248
-0.112905
-0.112425
-0.112965
-0.112933
-0.112905
-0.113021
-0.112993
-0.113101
-0.113122
-0.113153
-0.113189
-0.113246
-0.113212
-0.113230
-0.113298
-0.113319
-0.113348
-0.113344
-0.113357
-0.113390
-0.113401
-0.113412
-0.113421
-0.113429
-0.113435
-0.113439
-0.113442
