-0.170217
0.109598
1.256523
-0.672129
-0.112600
-0.112580
0.005421
0.381679
1.978997
-0.741455
-0.112600
-0.112589
2.454820
0.021987
3.223982
1.900780
-0.112611
-0.112582
-0.399788
0.746912
-0.021880
-4.740348
-0.112618
-0.112574
-0.028322
0.209268
1.163579
-0.690439
-0.112603
-0.112598
-0.257379
0.297949
0.207203
-2.622886
-0.112617
-0.112577
11.585214
-0.112077
11.586421
11.584215
-0.112608
-0.112610
6.007522
1.128631
9.102242
4.950953
-0.112605
-0.112609
-0.055048
-0.033765
-0.064178
-0.091923
-0.083766
-0.078615
-0.076343
-0.080301
-0.082654
-0.090615
-0.102849
-0.100891
-0.093264
-0.092527
-0.092536
-0.097643
-0.096442
-0.100424
-0.098403
-0.095663
-0.096040
-0.095623
-0.096105
-0.095898
-0.096562
-0.089714
-0.094890
-0.097935
-0.099069
-0.101454
-0.104393
-0.102565
-0.100255
-0.098175
-0.094923
-0.099918
-0.097769
-0.097570
-0.101290
-0.105384
-0.103730
-0.106376
-0.105713
-0.104191
-0.103580
-0.103804
-0.102422
-0.101501
-0.101287
-0.099867
-0.100845
-0.100373
-0.100548
-0.102975
-0.104009
-0.104022
-0.103677
-0.102903
-0.102280
-0.101970
-0.103389
-0.104950
-0.107222
-0.107271
-0.106634
-0.105869
-0.105248
-0.105890
-0.104826
-0.105298
-0.105314
-0.105052
-0.106907
-0.108620
-0.109720
-0.109490
-0.109428
-0.107141
-0.104611
-0.104572
-0.106936
-0.108501
-0.109486
-0.109230
-0.109508
-0.108053
-0.107291
-0.106693
-0.106571
-0.107112
-0.107181
-0.106996
-0.107818
-0.107635
-0.107537
-0.107777
-0.107699
-0.107378
-0.107630
-0.107901
0.006860
0.029318
0.018999
0.013828
0.014027
0.005125
-0.007990
-0.024293
-0.045335
-0.069126
-0.094182
-0.110660
-0.099535
-0.092273
-0.086276
-0.083973
-0.085081
-0.090787
-0.100443
-0.107840
-0.108504
-0.101578
-0.090284
-0.081716
-0.080410
-0.079972
-0.083696
-0.081677
-0.090567
-0.100356
-0.104973
-0.106207
-0.109495
-0.104063
-0.102340
-0.097849
-0.095972
-0.096087
-0.092078
-0.089318
-0.096942
-0.105654
-0.110204
-0.109267
-0.109907
-0.103552
-0.098559
-0.095316
-0.094001
-0.096355
-0.099329
-0.103948
-0.105512
-0.107469
-0.108141
-0.105249
-0.102554
-0.100105
-0.099960
-0.100615
-0.104716
-0.108453
-0.108229
-0.109770
-0.110679
-0.110227
-0.106815
-0.105671
-0.108367
-0.108330
-0.107827
-0.105505
-0.104068
-0.105922
-0.108748
-0.110685
-0.110458
-0.110787
-0.112409
-0.109873
-0.107468
-0.107479
-0.108122
-0.107679
-0.108597
-0.109176
-0.110524
-0.112145
-0.111128
-0.109146
-0.109198
-0.108523
-0.109225
-0.111293
-0.110185
-0.107817
-0.107814
-0.109775
-0.110341
-0.108856
2.454179
-0.102408
-0.087534
-0.072271
-0.079426
-0.083657
-0.090216
-0.089777
-0.094771
-0.098745
-0.099273
-0.101514
-0.099734
-0.101698
-0.100693
-0.103514
-0.101260
-0.104696
-0.103176
-0.100363
-0.104568
-0.107508
-0.110709
-0.110859
-0.112212
-0.106877
-0.103523
-0.104466
-0.102923
-0.102747
-0.104029
-0.103327
-0.104902
-0.106411
-0.105727
-0.109085
-0.107043
-0.107062
-0.104722
-0.107310
-0.104541
-0.105386
-0.106800
-0.106423
-0.107901
-0.108414
-0.109652
-0.109622
-0.109875
-0.107644
-0.107297
-0.105583
-0.104376
-0.105046
-0.106880
-0.107458
-0.108377
-0.108828
-0.107979
-0.107220
-0.106166
-0.106441
-0.107050
-0.107403
-0.107591
-0.107767
-0.108892
-0.108904
-0.109504
-0.110110
-0.109323
-0.109248
-0.108806
-0.108767
-0.108511
-0.109150
-0.109425
-0.110384
-0.109915
-0.109423
-0.109995
-0.109955
-0.109913
-0.109448
-0.109204
-0.109102
-0.108594
-0.109004
-0.109970
-0.110468
-0.110042
-0.109578
-0.109309
-0.109375
-0.108971
-0.109302
-0.109967
-0.109990
-0.110129
-0.110626
0.172803
0.158615
0.136509
0.109713
0.095885
0.077947
0.058165
0.030489
0.007386
-0.017870
-0.034954
-0.043620
-0.054825
-0.062370
-0.070365
-0.079745
-0.090245
-0.098380
-0.104994
-0.106122
-0.099878
-0.092736
-0.087088
-0.083784
-0.083846
-0.084334
-0.090914
-0.093028
-0.097835
-0.102291
-0.105786
-0.107435
-0.107572
-0.107259
-0.107334
-0.107849
-0.107314
-0.106438
-0.105865
-0.105980
-0.108037
-0.109842
-0.110539
-0.112265
-0.111621
-0.110957
-0.110089
-0.108598
-0.107207
-0.107443
-0.108079
-0.109162
-0.109955
-0.111242
-0.110817
-0.110089
-0.109465
-0.109100
-0.108855
-0.109264
-0.110124
-0.111159
-0.110847
-0.110342
-0.109771
-0.109287
-0.108454
-0.108062
-0.108108
-0.109175
-0.110082
-0.110144
-0.109987
-0.110149
-0.109420
-0.108917
-0.108487
-0.108121
-0.107870
-0.108118
-0.109089
-0.109906
-0.110479
-0.110770
-0.110971
-0.110285
-0.109644
-0.109048
-0.108634
-0.108735
-0.108730
-0.108948
-0.109149
-0.109151
-0.109395
-0.109666
-0.109610
-0.109421
-0.109400
-0.109278
-0.027629
-0.023581
-0.053580
-0.039233
-0.031070
-0.037220
-0.053266
-0.059103
-0.085063
-0.099468
-0.092454
-0.080082
-0.065567
-0.073829
-0.080012
-0.098111
-0.090983
-0.100327
-0.093145
-0.082997
-0.082700
-0.082368
-0.086077
-0.089438
-0.094882
-0.086386
-0.095734
-0.100281
-0.100390
-0.099673
-0.101361
-0.098546
-0.096898
-0.096909
-0.097346
-0.105389
-0.102921
-0.103807
-0.107834
-0.111162
-0.106787
-0.108215
-0.108050
-0.104645
-0.105218
-0.105668
-0.106587
-0.107609
-0.107496
-0.107179
-0.107962
-0.106913
-0.105568
-0.105116
-0.105834
-0.106866
-0.108504
-0.108791
-0.108809
-0.108828
-0.109495
-0.109422
-0.108428
-0.107520
-0.106964
-0.107410
-0.108878
-0.109917
-0.110793
-0.112121
-0.112223
-0.111159
-0.110268
-0.110506
-0.110740
-0.111176
-0.111233
-0.111290
-0.111284
-0.111553
-0.112188
-0.111944
-0.111879
-0.111450
-0.111352
-0.110456
-0.110503
-0.110908
-0.111353
-0.111681
-0.111628
-0.111426
-0.111009
-0.110748
-0.110591
-0.110540
-0.110423
-0.110321
-0.110772
-0.111255
0.031393
0.017767
0.003313
-0.013417
-0.020989
-0.040880
-0.058365
-0.063476
-0.077302
-0.100368
-0.105782
-0.098347
-0.088733
-0.080269
-0.071859
-0.065701
-0.063135
-0.064679
-0.067093
-0.076081
-0.078847
-0.079486
-0.081982
-0.087913
-0.095058
-0.099495
-0.103839
-0.097287
-0.094320
-0.093583
-0.095247
-0.095814
-0.092735
-0.094094
-0.097206
-0.098107
-0.099095
-0.100976
-0.102458
-0.099965
-0.098354
-0.098973
-0.099098
-0.101530
-0.103916
-0.104133
-0.104052
-0.104390
-0.104860
-0.104525
-0.103823
-0.104172
-0.104671
-0.105169
-0.104487
-0.104719
-0.105893
-0.107538
-0.109022
-0.108954
-0.109157
-0.109002
-0.109015
-0.108710
-0.108313
-0.107854
-0.107748
-0.108708
-0.109746
-0.110632
-0.111668
-0.111615
-0.110926
-0.109328
-0.108414
-0.108419
-0.108278
-0.109105
-0.109615
-0.110147
-0.110730
-0.111703
-0.111855
-0.111332
-0.110655
-0.110677
-0.110638
-0.110059
-0.110237
-0.110698
-0.110817
-0.111108
-0.111807
-0.112277
-0.112069
-0.111948
-0.111916
-0.111704
-0.111325
-0.110838
-1.466251
1.570957
2.040126
-4.385029
-0.112608
-0.112610
1.775981
1.396109
5.571723
-1.629234
-0.112608
-0.112607
-1.107817
1.352367
1.856177
-4.279195
-0.112608
-0.112609
-0.193694
3.091174
6.343702
-7.073700
-0.112608
-0.112609
-0.526786
3.596306
7.363771
-9.592492
-0.112608
-0.112608
0.046787
3.356953
8.219297
-9.074508
-0.112609
-0.112605
5.272997
2.401067
9.846101
1.280041
-0.112607
-0.112611
1.246157
0.084514
0.357074
0.590411
0.493358
0.107923
0.102727
0.249896
0.017030
0.061010
-0.020320
-0.050427
-0.085871
-0.086782
-0.097728
-0.109767
-0.107629
-0.105720
-0.104257
-0.105069
-0.106379
-0.107961
-0.105948
-0.105059
-0.109359
-0.107729
-0.107920
-0.107121
-0.107506
-0.110709
-0.108359
-0.108594
-0.108945
-0.108908
-0.108576
-0.111265
-0.106314
-0.108961
-0.105623
-0.106332
-0.107915
-0.111000
-0.108619
-0.110244
-0.110250
-0.107867
-0.108447
-0.108060
-0.110054
-0.108422
-0.108514
-0.110105
-0.110023
-0.110818
-0.110218
-0.108921
-0.109848
-0.108654
-0.110658
-0.109426
-0.110256
-0.110473
-0.110501
-0.110197
-0.109654
-0.109950
-0.110110
-0.110304
-0.111647
-0.108529
-0.110672
-0.105311
-0.107091
-0.106158
-0.102313
-0.106480
-0.100531
-0.087620
-0.095193
-0.107924
-0.088946
-0.102427
-0.097423
-0.109331
-0.109540
-0.106215
-0.103506
-0.100574
-0.107028
-0.096103
-0.110515
-0.097407
-0.098634
-0.102751
-0.107610
-0.106106
-0.110518
-0.110988
-0.109770
-0.111412
1.775281
0.110594
-0.012831
0.268128
0.421372
0.305882
0.410892
0.221347
0.051287
0.061093
-0.029538
-0.083789
-0.054440
-0.074819
-0.080200
-0.093113
-0.073790
-0.088627
-0.090153
-0.094841
-0.094949
-0.092736
-0.098669
-0.097838
-0.095305
-0.100564
-0.095840
-0.098022
-0.094453
-0.099288
-0.101092
-0.100733
-0.104754
-0.097563
-0.099538
-0.100630
-0.101309
-0.105448
-0.103685
-0.105584
-0.102427
-0.104185
-0.098092
-0.100754
-0.109531
-0.103332
-0.104246
-0.103660
-0.101541
-0.104612
-0.103092
-0.102823
-0.108513
-0.105320
-0.102730
-0.105157
-0.105880
-0.105361
-0.104435
-0.104235
-0.108298
-0.104848
-0.103841
-0.107294
-0.106660
-0.104885
-0.105866
-0.105192
-0.102724
-0.110681
-0.104597
-0.102980
-0.111463
-0.106017
-0.103529
-0.099578
-0.104971
-0.099760
-0.079339
-0.105096
-0.092178
-0.094974
-0.110768
-0.110256
-0.107024
-0.105250
-0.108616
-0.102918
-0.105171
-0.088581
-0.094439
-0.095974
-0.093648
-0.101139
-0.105795
-0.104311
-0.102501
-0.108465
-0.104989
-0.105609
0.878234
0.578373
0.263026
0.227364
0.150175
0.269694
0.051691
0.081571
0.003907
0.022807
-0.087836
-0.028786
-0.034552
-0.063340
-0.085898
-0.094050
-0.086393
-0.098749
-0.097299
-0.095162
-0.096128
-0.095648
-0.094362
-0.102841
-0.098075
-0.102104
-0.100311
-0.099751
-0.097615
-0.102231
-0.100032
-0.102694
-0.099360
-0.102313
-0.103481
-0.103461
-0.103649
-0.106796
-0.101160
-0.103355
-0.100404
-0.101938
-0.107020
-0.106579
-0.105253
-0.104357
-0.105337
-0.105378
-0.106551
-0.104619
-0.106067
-0.105023
-0.103879
-0.106132
-0.106521
-0.105300
-0.106950
-0.105959
-0.106813
-0.106289
-0.107000
-0.105991
-0.107951
-0.106858
-0.105782
-0.107139
-0.107147
-0.105848
-0.106955
-0.106357
-0.104502
-0.104033
-0.104478
-0.105080
-0.108787
-0.110054
-0.092931
-0.104512
-0.098939
-0.098475
-0.099292
-0.110029
-0.099602
-0.107933
-0.106595
-0.103846
-0.105774
-0.109735
-0.098387
-0.102592
-0.097315
-0.105054
-0.104580
-0.106866
-0.103672
-0.103500
-0.101070
-0.105083
-0.107394
-0.107594
-0.036996
0.636400
1.172720
0.701002
1.007176
0.616189
0.255054
0.259313
0.153439
0.048638
0.115783
-0.096094
-0.067485
-0.062779
-0.049198
-0.082061
-0.048657
-0.095016
-0.099412
-0.098060
-0.106089
-0.103883
-0.101777
-0.107171
-0.097109
-0.105521
-0.101831
-0.110944
-0.106451
-0.099354
-0.100121
-0.107091
-0.107882
-0.100351
-0.106905
-0.110212
-0.101541
-0.104916
-0.103178
-0.111044
-0.103860
-0.111120
-0.105576
-0.105376
-0.108891
-0.106827
-0.109211
-0.108463
-0.109690
-0.104872
-0.108002
-0.110303
-0.105763
-0.108548
-0.111034
-0.104974
-0.107680
-0.107989
-0.108413
-0.107761
-0.108889
-0.104649
-0.111256
-0.108627
-0.105748
-0.111790
-0.109014
-0.105082
-0.107260
-0.106494
-0.108418
-0.105740
-0.108825
-0.103714
-0.096361
-0.092551
-0.096285
-0.085477
-0.101337
-0.081795
-0.072561
-0.090798
-0.085509
-0.101968
-0.105730
-0.107893
-0.109072
-0.082073
-0.087175
-0.085438
-0.088380
-0.106807
-0.088906
-0.108696
-0.094588
-0.108453
-0.108924
-0.104794
-0.104602
-0.109345
0.318501
0.368407
0.495966
1.608849
1.453332
0.459482
0.121395
0.415693
0.148692
0.039291
0.015856
-0.061799
0.004831
-0.013732
-0.039877
-0.055815
-0.047800
-0.061495
-0.063267
-0.062587
-0.066980
-0.068826
-0.066960
-0.075909
-0.074366
-0.074735
-0.072094
-0.083696
-0.072483
-0.077898
-0.074698
-0.083097
-0.082156
-0.077902
-0.082556
-0.090751
-0.078933
-0.089030
-0.083754
-0.090607
-0.085170
-0.085685
-0.090663
-0.094433
-0.089055
-0.090613
-0.093602
-0.089002
-0.094629
-0.089677
-0.093242
-0.095871
-0.091787
-0.092255
-0.097234
-0.092025
-0.093748
-0.091455
-0.096198
-0.092561
-0.094071
-0.092714
-0.097924
-0.095220
-0.094521
-0.097987
-0.097332
-0.095739
-0.099608
-0.095886
-0.096272
-0.098044
-0.094392
-0.105825
-0.102567
-0.107441
-0.076653
-0.087644
-0.088382
-0.087654
-0.060770
-0.067039
-0.091686
-0.085705
-0.099357
-0.097990
-0.086093
-0.086285
-0.049224
-0.102645
-0.077300
-0.081988
-0.091207
-0.108430
-0.084935
-0.096579
-0.092687
-0.092494
-0.097932
-0.098474
0.044886
0.734842
0.652760
0.634057
1.484958
0.575427
0.655061
0.561972
-0.012717
0.005129
-0.006656
-0.070436
-0.094632
-0.104334
-0.106860
-0.101961
-0.105742
-0.110343
-0.106366
-0.109420
-0.110861
-0.107190
-0.111065
-0.110298
-0.105703
-0.107933
-0.105445
-0.104072
-0.104993
-0.111998
-0.106307
-0.106993
-0.108733
-0.107228
-0.104976
-0.100668
-0.104645
-0.104468
-0.102341
-0.108133
-0.110558
-0.109715
-0.110036
-0.109437
-0.111428
-0.108952
-0.111204
-0.107929
-0.111021
-0.106723
-0.108168
-0.109193
-0.109212
-0.109681
-0.108083
-0.108774
-0.110852
-0.108503
-0.109879
-0.110964
-0.110572
-0.108798
-0.110128
-0.110585
-0.109839
-0.109628
-0.109279
-0.110430
-0.109525
-0.109930
-0.111041
-0.109169
-0.109801
-0.108109
-0.103080
-0.103496
-0.102750
-0.084456
-0.059004
-0.097902
-0.056872
-0.074355
-0.096062
-0.101824
-0.103739
-0.102581
-0.097542
-0.106574
-0.078311
-0.069348
-0.100101
-0.073848
-0.098577
-0.105784
-0.103945
-0.106024
-0.111564
-0.110885
-0.110170
-0.110806
