-1.505545
3.155211
1.516819
-15.368200
-0.108019
-0.108002
-0.192142
0.885542
1.384882
-3.278857
-0.108017
-0.108011
1.199836
1.697198
5.631600
-1.993986
-0.108014
-0.108016
-0.125079
0.697810
1.534615
-1.504724
-0.108013
-0.108016
0.066926
3.303018
8.081974
-8.867467
-0.108014
-0.108013
-0.185337
0.871997
1.938737
-2.150963
-0.108014
-0.108015
9.062917
-0.107948
9.062944
9.062755
-0.108018
-0.108010
5.812953
1.527554
9.181437
2.338615
-0.108014
-0.108015
1.296435
0.452336
1.205838
0.237817
0.583550
0.775794
0.243315
0.656782
0.287960
0.411910
0.206168
0.358733
0.120322
0.263732
0.080516
0.133461
0.036355
0.096173
-0.022603
0.049960
-0.019412
-0.051018
-0.046182
-0.085300
-0.096855
-0.099017
-0.086722
-0.079493
-0.078334
-0.050685
-0.077305
-0.042282
-0.070012
-0.058353
-0.073306
-0.062004
-0.083286
-0.064435
-0.084080
-0.076540
-0.087094
-0.078164
-0.092047
-0.079207
-0.088986
-0.094480
-0.092407
-0.106308
-0.098580
-0.104119
-0.106157
-0.100200
-0.104975
-0.097901
-0.101795
-0.095033
-0.097742
-0.096604
-0.098108
-0.097657
-0.100734
-0.098904
-0.103125
-0.102285
-0.104921
-0.105107
-0.105532
-0.106233
-0.104627
-0.104801
-0.103775
-0.103528
-0.103709
-0.103541
-0.103526
-0.103770
-0.103452
-0.103867
-0.103670
-0.103980
-0.103692
-0.103782
-0.103595
-0.103559
-0.103478
-0.103439
-0.103402
-0.103404
-0.103428
-0.103430
-0.103474
-0.103481
-0.103513
-0.103525
-0.103532
-0.103543
-0.103542
-0.103546
-0.103545
-0.103545
-0.028531
0.023170
0.068536
0.292866
-0.040953
0.264660
-0.033484
0.075741
0.009516
-0.051729
0.058284
-0.048125
0.042076
-0.048470
0.000560
-0.065734
-0.063851
-0.050531
-0.085316
-0.055297
-0.103590
-0.082922
-0.086553
-0.098941
-0.099364
-0.102023
-0.105666
-0.092008
-0.106301
-0.085198
-0.099068
-0.089822
-0.097540
-0.100192
-0.095339
-0.100602
-0.092684
-0.096306
-0.094718
-0.097965
-0.101185
-0.097717
-0.104160
-0.097175
-0.105653
-0.100953
-0.104921
-0.105696
-0.107276
-0.106986
-0.106648
-0.106980
-0.106123
-0.105521
-0.105202
-0.104351
-0.104784
-0.105730
-0.105385
-0.107529
-0.105152
-0.107178
-0.105729
-0.107478
-0.106852
-0.107806
-0.107437
-0.107428
-0.107052
-0.106846
-0.107119
-0.107128
-0.107382
-0.107350
-0.107358
-0.107341
-0.107418
-0.107242
-0.107459
-0.107420
-0.107471
-0.107478
-0.107412
-0.107427
-0.107427
-0.107398
-0.107423
-0.107422
-0.107423
-0.107437
-0.107442
-0.107447
-0.107455
-0.107461
-0.107460
-0.107465
-0.107467
-0.107467
-0.107468
-0.107468
1.190112
0.539529
0.397174
0.647413
0.132772
0.179113
0.099867
0.103898
0.105699
0.042056
0.036524
0.033402
-0.055106
-0.005489
-0.033261
-0.031924
-0.034657
-0.039362
-0.075894
-0.052518
-0.087027
-0.056228
-0.094858
-0.091257
-0.099803
-0.090192
-0.096002
-0.086747
-0.095716
-0.089412
-0.093378
-0.091141
-0.091107
-0.095603
-0.093629
-0.094659
-0.101880
-0.097202
-0.100774
-0.098509
-0.098015
-0.096940
-0.103333
-0.097027
-0.106764
-0.099125
-0.106564
-0.100686
-0.104897
-0.104251
-0.105993
-0.105881
-0.103129
-0.103310
-0.103661
-0.104670
-0.103609
-0.104762
-0.104082
-0.104856
-0.105879
-0.105525
-0.106533
-0.106040
-0.106656
-0.107201
-0.106773
-0.107363
-0.106334
-0.107017
-0.106376
-0.106810
-0.106395
-0.106405
-0.106346
-0.106392
-0.106451
-0.106467
-0.106317
-0.106392
-0.106342
-0.106354
-0.106319
-0.106285
-0.106287
-0.106280
-0.106284
-0.106295
-0.106289
-0.106302
-0.106317
-0.106317
-0.106331
-0.106333
-0.106338
-0.106343
-0.106343
-0.106345
-0.106345
-0.106346
-0.097710
0.119382
0.078207
0.043316
0.223161
0.068404
0.016104
0.013161
0.071002
-0.068373
-0.058954
-0.070516
-0.078382
-0.072090
-0.103694
-0.095352
-0.066617
-0.063887
-0.075700
-0.076727
-0.087429
-0.099661
-0.093154
-0.105391
-0.104669
-0.101428
-0.104344
-0.103471
-0.094092
-0.106657
-0.100255
-0.102652
-0.091339
-0.103180
-0.100192
-0.106236
-0.105373
-0.103961
-0.105322
-0.106903
-0.104370
-0.100669
-0.102266
-0.101882
-0.105493
-0.106065
-0.103941
-0.106395
-0.106003
-0.106009
-0.107136
-0.106489
-0.105574
-0.107607
-0.106659
-0.107206
-0.105938
-0.106813
-0.106128
-0.107213
-0.107257
-0.106742
-0.107758
-0.107167
-0.107273
-0.107643
-0.107274
-0.107163
-0.107413
-0.107134
-0.107131
-0.107584
-0.107531
-0.107454
-0.107479
-0.107505
-0.107520
-0.107400
-0.107395
-0.107466
-0.107525
-0.107482
-0.107607
-0.107523
-0.107541
-0.107570
-0.107524
-0.107546
-0.107544
-0.107542
-0.107543
-0.107556
-0.107551
-0.107552
-0.107558
-0.107553
-0.107556
-0.107556
-0.107555
-0.107556
0.065495
1.520057
1.094546
0.560589
0.590293
0.576526
0.073466
0.264101
0.114694
-0.007940
0.000791
-0.017447
-0.066586
-0.056638
-0.065154
-0.070323
-0.065117
-0.056882
-0.083923
-0.023080
-0.040970
-0.078543
-0.070083
-0.074578
-0.086366
-0.103340
-0.070951
-0.085039
-0.080608
-0.084163
-0.097428
-0.087489
-0.096661
-0.105627
-0.100654
-0.096732
-0.097388
-0.097521
-0.097757
-0.097005
-0.098769
-0.103836
-0.101048
-0.099916
-0.099574
-0.105869
-0.096705
-0.098762
-0.101150
-0.101992
-0.103334
-0.103805
-0.101847
-0.098151
-0.101674
-0.098434
-0.103071
-0.103161
-0.104116
-0.104608
-0.104188
-0.103937
-0.103646
-0.103455
-0.102993
-0.103085
-0.103283
-0.102885
-0.104117
-0.103787
-0.104608
-0.104024
-0.104069
-0.103874
-0.103924
-0.103939
-0.104207
-0.104119
-0.104092
-0.104076
-0.103868
-0.104005
-0.103954
-0.103993
-0.104052
-0.104070
-0.104105
-0.104122
-0.104138
-0.104136
-0.104143
-0.104142
-0.104140
-0.104146
-0.104147
-0.104153
-0.104156
-0.104160
-0.104164
-0.104164
-0.026284
0.030440
0.279055
0.068372
0.279811
0.055852
0.155092
0.004353
-0.022485
-0.072448
-0.060236
-0.095960
-0.081826
-0.101439
-0.094464
-0.097699
-0.087811
-0.095549
-0.065913
-0.093066
-0.066018
-0.106783
-0.087663
-0.097586
-0.102079
-0.101803
-0.104126
-0.099112
-0.087928
-0.101514
-0.091928
-0.104008
-0.105344
-0.104123
-0.104201
-0.103385
-0.101624
-0.103541
-0.101532
-0.104024
-0.103641
-0.104397
-0.107718
-0.104777
-0.100739
-0.103012
-0.100153
-0.105356
-0.103869
-0.104006
-0.104056
-0.103899
-0.105927
-0.103091
-0.103135
-0.102976
-0.103415
-0.104791
-0.104589
-0.104763
-0.105035
-0.104581
-0.104838
-0.104555
-0.104579
-0.104670
-0.104560
-0.104803
-0.105073
-0.104922
-0.105270
-0.104773
-0.104944
-0.105016
-0.104968
-0.105008
-0.104953
-0.105083
-0.105140
-0.105024
-0.105105
-0.105023
-0.105059
-0.105085
-0.105070
-0.105109
-0.105113
-0.105124
-0.105137
-0.105137
-0.105144
-0.105148
-0.105147
-0.105157
-0.105158
-0.105161
-0.105166
-0.105166
-0.105169
-0.105170
-1.343979
1.367064
0.536213
-3.686556
-0.108015
-0.108017
1.369734
1.497623
3.689003
-0.858243
-0.108014
-0.108017
-1.482368
1.336536
0.684656
-3.520526
-0.108014
-0.108017
1.462982
4.027843
7.610838
-4.124557
-0.108014
-0.108017
1.085035
3.532391
5.967286
-4.360521
-0.108014
-0.108017
0.539020
4.177730
6.337146
-5.949889
-0.108014
-0.108017
4.201509
2.136914
7.453966
1.007113
-0.108014
-0.108017
1.123136
0.920730
0.024882
-0.090258
-0.100830
-0.101018
-0.095298
-0.096173
-0.102335
-0.094184
-0.095910
-0.049520
-0.066691
-0.084641
-0.071766
-0.099406
-0.105915
-0.102721
-0.103624
-0.105465
-0.106253
-0.104055
-0.104120
-0.104483
-0.093817
-0.103929
-0.098717
-0.104142
-0.106200
-0.107481
-0.106827
-0.106216
-0.106636
-0.107528
-0.105472
-0.104935
-0.102806
-0.103997
-0.106120
-0.105073
-0.105767
-0.107008
-0.107077
-0.106482
-0.106519
-0.107337
-0.106576
-0.105668
-0.107563
-0.105519
-0.106828
-0.107574
-0.106941
-0.107052
-0.107458
-0.107227
-0.107058
-0.107214
-0.107378
-0.106985
-0.106883
-0.106889
-0.107671
-0.107150
-0.107317
-0.107209
-0.107257
-0.107320
-0.107261
-0.107253
-0.107318
-0.107308
-0.107173
-0.107385
-0.107297
-0.107399
-0.107381
-0.107348
-0.107356
-0.107362
-0.107355
-0.107350
-0.107356
-0.107362
-0.107355
-0.107344
-0.107358
-0.107376
-0.107357
-0.107363
-0.107371
-0.107365
-0.107367
-0.107367
-0.107368
-0.107369
-0.107369
-0.107369
-0.107370
-0.107370
1.358049
1.025269
-0.060158
-0.092445
-0.097461
-0.095162
-0.097901
-0.096704
-0.102539
-0.096438
-0.090665
-0.066896
-0.056745
-0.057141
-0.082299
-0.102036
-0.105569
-0.103676
-0.106997
-0.105336
-0.103920
-0.104894
-0.106124
-0.100093
-0.094992
-0.106455
-0.094977
-0.106501
-0.106247
-0.105392
-0.106928
-0.107390
-0.105865
-0.106387
-0.106892
-0.104622
-0.105402
-0.103380
-0.102618
-0.105741
-0.107347
-0.106950
-0.106621
-0.107507
-0.107394
-0.106654
-0.106785
-0.107359
-0.105325
-0.106225
-0.107710
-0.105714
-0.107372
-0.107552
-0.107047
-0.107265
-0.107587
-0.107275
-0.107204
-0.107532
-0.107541
-0.107327
-0.106871
-0.107195
-0.107400
-0.107532
-0.107476
-0.107398
-0.107472
-0.107511
-0.107432
-0.107446
-0.107538
-0.107391
-0.107461
-0.107532
-0.107432
-0.107487
-0.107506
-0.107483
-0.107489
-0.107502
-0.107501
-0.107497
-0.107505
-0.107540
-0.107506
-0.107490
-0.107524
-0.107512
-0.107507
-0.107517
-0.107517
-0.107518
-0.107519
-0.107519
-0.107520
-0.107520
-0.107521
-0.107521
1.264510
0.897355
0.021725
-0.081192
-0.090696
-0.091733
-0.094547
-0.097132
-0.095325
-0.090663
-0.092823
-0.039086
-0.082499
-0.087326
-0.071304
-0.096663
-0.101784
-0.102222
-0.102966
-0.103912
-0.103799
-0.102771
-0.103390
-0.100541
-0.095780
-0.102399
-0.100327
-0.104731
-0.105272
-0.105987
-0.105650
-0.105414
-0.105743
-0.105509
-0.104503
-0.105089
-0.100375
-0.106249
-0.103340
-0.105500
-0.104967
-0.105425
-0.105650
-0.105446
-0.105476
-0.105651
-0.105202
-0.104758
-0.105625
-0.105632
-0.106578
-0.106822
-0.106233
-0.106043
-0.106179
-0.106146
-0.106097
-0.106179
-0.106191
-0.106000
-0.106270
-0.105724
-0.106585
-0.106020
-0.106321
-0.106262
-0.106253
-0.106310
-0.106305
-0.106311
-0.106341
-0.106328
-0.106245
-0.106444
-0.106371
-0.106529
-0.106462
-0.106448
-0.106464
-0.106458
-0.106461
-0.106463
-0.106468
-0.106474
-0.106472
-0.106480
-0.106478
-0.106492
-0.106489
-0.106492
-0.106499
-0.106498
-0.106501
-0.106503
-0.106505
-0.106507
-0.106508
-0.106509
-0.106510
-0.106510
1.435300
2.807495
0.044302
-0.082674
-0.085722
-0.089907
-0.102323
-0.091202
-0.075589
-0.075041
-0.078452
0.039443
-0.014878
0.020300
-0.040460
-0.082886
-0.093484
-0.102945
-0.104454
-0.099249
-0.097643
-0.101133
-0.107720
-0.083622
-0.078911
-0.094040
-0.077417
-0.105175
-0.104134
-0.101907
-0.103433
-0.106539
-0.103443
-0.101304
-0.102907
-0.103977
-0.092255
-0.101931
-0.090863
-0.106449
-0.105867
-0.102873
-0.102884
-0.104702
-0.104408
-0.102430
-0.102494
-0.104462
-0.099626
-0.106778
-0.106002
-0.102214
-0.105611
-0.105216
-0.104183
-0.104553
-0.105191
-0.104786
-0.104322
-0.104882
-0.106735
-0.103762
-0.104266
-0.104076
-0.105013
-0.105216
-0.104968
-0.104935
-0.105096
-0.105143
-0.105026
-0.105003
-0.105084
-0.105163
-0.105137
-0.105542
-0.105221
-0.105293
-0.105354
-0.105276
-0.105296
-0.105321
-0.105318
-0.105310
-0.105326
-0.105410
-0.105323
-0.105310
-0.105371
-0.105350
-0.105348
-0.105363
-0.105368
-0.105372
-0.105374
-0.105376
-0.105378
-0.105380
-0.105381
-0.105382
1.102763
2.449895
0.069800
-0.086612
-0.082758
-0.086777
-0.095012
-0.089288
-0.078884
-0.075623
-0.081234
0.043444
-0.047826
-0.014925
-0.037025
-0.084253
-0.094151
-0.102153
-0.102801
-0.100363
-0.100272
-0.102730
-0.106561
-0.087496
-0.080363
-0.093051
-0.083202
-0.106705
-0.105485
-0.103770
-0.104443
-0.106190
-0.104634
-0.102820
-0.102928
-0.104288
-0.091821
-0.105684
-0.094233
-0.107098
-0.105172
-0.103659
-0.103798
-0.104859
-0.104645
-0.103413
-0.103187
-0.103980
-0.101378
-0.105915
-0.105368
-0.103906
-0.106076
-0.105506
-0.104899
-0.105107
-0.105471
-0.105262
-0.104952
-0.105125
-0.106446
-0.104081
-0.105174
-0.104603
-0.105458
-0.105531
-0.105356
-0.105367
-0.105464
-0.105498
-0.105434
-0.105401
-0.105377
-0.105613
-0.105506
-0.105918
-0.105640
-0.105667
-0.105717
-0.105656
-0.105667
-0.105681
-0.105680
-0.105676
-0.105681
-0.105739
-0.105678
-0.105681
-0.105715
-0.105701
-0.105704
-0.105712
-0.105716
-0.105719
-0.105721
-0.105723
-0.105724
-0.105725
-0.105726
-0.105727
0.566823
2.907216
0.137646
-0.087752
-0.089665
-0.079231
-0.086311
-0.103622
-0.084560
-0.072398
-0.086618
0.023587
0.007076
0.020133
-0.027295
-0.082771
-0.098307
-0.100798
-0.098700
-0.100653
-0.101442
-0.099274
-0.097583
-0.091948
-0.074501
-0.098615
-0.075199
-0.097145
-0.103183
-0.103717
-0.103244
-0.104349
-0.105314
-0.103562
-0.101627
-0.099745
-0.098095
-0.100478
-0.095292
-0.100411
-0.104292
-0.105357
-0.105300
-0.105963
-0.106623
-0.105461
-0.104781
-0.104621
-0.102133
-0.104745
-0.105270
-0.103271
-0.106096
-0.107250
-0.106714
-0.106850
-0.107593
-0.107358
-0.106856
-0.106841
-0.106321
-0.106832
-0.106275
-0.106892
-0.107229
-0.107834
-0.107568
-0.107431
-0.107610
-0.107742
-0.107522
-0.107445
-0.107590
-0.107394
-0.107563
-0.107700
-0.107536
-0.107654
-0.107697
-0.107614
-0.107627
-0.107661
-0.107650
-0.107625
-0.107629
-0.107734
-0.107631
-0.107586
-0.107679
-0.107638
-0.107625
-0.107648
-0.107643
-0.107645
-0.107645
-0.107645
-0.107645
-0.107645
-0.107645
-0.107645
