-0.271692
2.901506
4.281500
-10.823736
-0.115508
-0.115499
0.050408
1.219864
2.675384
-4.377443
-0.115507
-0.115499
1.273248
1.849129
4.378966
-2.166619
-0.115505
-0.115507
-0.193625
1.405324
2.554589
-4.509850
-0.115506
-0.115501
-0.390620
4.240048
10.226292
-10.924967
-0.115505
-0.115503
-0.089019
0.872770
1.547405
-2.169190
-0.115504
-0.115506
8.310503
-0.114814
8.311749
8.309567
-0.115503
-0.115506
4.936234
1.682010
8.080077
1.235086
-0.115504
-0.115505
0.041847
0.402579
1.094559
0.432361
0.070931
0.729703
0.582760
0.173542
0.509562
0.322577
0.259184
0.225055
0.179905
0.126372
0.152213
0.061227
0.021835
0.080397
-0.057371
-0.064132
-0.060613
-0.085240
-0.099197
-0.106879
-0.111300
-0.074022
-0.108011
-0.076331
-0.055012
-0.091475
-0.060325
-0.056954
-0.082582
-0.071773
-0.076878
-0.083095
-0.083095
-0.084825
-0.099275
-0.083418
-0.093910
-0.110035
-0.103372
-0.107792
-0.107391
-0.112900
-0.110313
-0.109750
-0.106760
-0.108619
-0.102769
-0.105576
-0.106511
-0.100606
-0.107096
-0.106779
-0.106753
-0.108629
-0.109305
-0.110070
-0.111825
-0.111019
-0.112815
-0.112979
-0.112720
-0.113600
-0.112327
-0.112612
-0.112283
-0.112446
-0.112409
-0.112651
-0.112398
-0.112507
-0.112825
-0.112600
-0.112875
-0.113151
-0.113184
-0.113312
-0.113485
-0.113468
-0.113506
-0.113570
-0.113592
-0.113629
-0.113649
-0.113666
-0.113661
-0.113735
-0.113696
-0.113735
-0.113803
-0.113798
-0.113850
-0.113875
-0.113896
-0.113917
-0.113934
-0.113933
0.052062
0.158233
0.274136
-0.008086
0.051893
0.152875
0.302695
-0.055207
0.213672
0.199377
-0.101357
0.102980
0.024270
-0.016780
0.085042
-0.039493
-0.032106
0.011339
-0.097834
-0.069748
-0.101109
-0.090940
-0.109943
-0.102768
-0.105234
-0.096657
-0.107126
-0.106184
-0.100695
-0.093984
-0.093266
-0.073251
-0.093282
-0.089223
-0.081458
-0.105740
-0.082976
-0.091552
-0.100767
-0.091151
-0.104822
-0.106811
-0.112808
-0.112374
-0.111392
-0.109680
-0.110904
-0.110502
-0.113274
-0.111734
-0.112694
-0.109139
-0.112390
-0.105782
-0.107143
-0.110428
-0.106894
-0.111267
-0.109970
-0.109923
-0.112244
-0.110521
-0.112999
-0.112538
-0.113138
-0.112630
-0.112698
-0.112732
-0.112444
-0.112525
-0.112707
-0.112530
-0.112859
-0.112841
-0.112732
-0.112938
-0.112662
-0.113051
-0.112926
-0.113130
-0.113160
-0.113164
-0.113259
-0.113205
-0.113288
-0.113307
-0.113314
-0.113357
-0.113374
-0.113361
-0.113405
-0.113351
-0.113417
-0.113397
-0.113435
-0.113463
-0.113453
-0.113487
-0.113476
-0.113491
1.265225
0.691488
0.674346
0.441915
0.285577
-0.005949
0.190803
0.028731
-0.022729
0.033968
-0.077470
-0.084981
-0.095667
-0.086871
-0.045846
-0.105123
-0.053196
-0.066556
-0.082196
-0.071924
-0.099894
-0.076501
-0.101023
-0.105223
-0.102186
-0.107640
-0.084497
-0.107019
-0.101260
-0.093355
-0.110361
-0.096926
-0.105847
-0.105857
-0.109215
-0.109668
-0.107321
-0.108006
-0.106456
-0.103934
-0.113900
-0.104582
-0.111340
-0.109112
-0.110000
-0.112368
-0.110558
-0.112833
-0.111743
-0.110062
-0.111687
-0.110001
-0.114256
-0.110518
-0.112181
-0.113102
-0.112827
-0.113329
-0.113144
-0.112990
-0.113355
-0.112888
-0.114023
-0.113125
-0.113794
-0.113778
-0.113398
-0.114194
-0.113862
-0.113999
-0.113983
-0.113948
-0.114301
-0.114042
-0.114262
-0.114249
-0.114241
-0.114428
-0.114347
-0.114477
-0.114492
-0.114472
-0.114581
-0.114563
-0.114617
-0.114637
-0.114651
-0.114724
-0.114693
-0.114747
-0.114773
-0.114768
-0.114818
-0.114815
-0.114845
-0.114855
-0.114860
-0.114868
-0.114874
-0.114876
-0.047975
0.535279
0.419138
0.234718
0.091924
0.119618
0.287690
0.014898
-0.004988
0.007283
-0.105401
-0.059267
-0.069443
-0.092275
-0.052981
-0.098366
-0.051403
-0.050621
-0.090850
-0.083450
-0.099897
-0.081783
-0.104032
-0.103887
-0.111574
-0.101760
-0.099688
-0.105439
-0.101297
-0.093945
-0.107893
-0.102666
-0.103793
-0.107780
-0.107303
-0.109168
-0.106407
-0.114105
-0.106248
-0.109477
-0.105985
-0.111194
-0.108071
-0.110230
-0.112284
-0.113922
-0.113523
-0.113257
-0.113434
-0.111555
-0.114544
-0.110498
-0.112677
-0.111259
-0.111728
-0.113935
-0.113007
-0.113900
-0.113998
-0.114628
-0.113749
-0.114583
-0.113390
-0.114498
-0.113358
-0.113789
-0.113952
-0.113604
-0.113887
-0.113758
-0.113916
-0.113893
-0.114108
-0.114005
-0.114131
-0.114008
-0.114080
-0.114098
-0.114096
-0.114075
-0.114097
-0.114109
-0.114054
-0.114107
-0.114069
-0.114106
-0.114101
-0.114135
-0.114122
-0.114148
-0.114125
-0.114145
-0.114158
-0.114142
-0.114159
-0.114152
-0.114153
-0.114147
-0.114155
-0.114140
0.145451
1.615953
1.404693
1.488523
0.184918
0.709962
0.596722
-0.050792
0.228309
0.113146
-0.037510
0.025684
-0.008974
-0.055380
-0.001218
-0.045624
-0.030938
0.035690
-0.053089
-0.048454
0.001611
-0.065227
-0.096940
-0.106775
-0.078320
-0.080427
-0.091644
-0.065991
-0.071467
-0.104662
-0.085798
-0.092284
-0.111081
-0.101222
-0.104370
-0.105425
-0.102210
-0.104632
-0.103363
-0.092870
-0.104608
-0.103237
-0.096526
-0.106652
-0.109484
-0.108598
-0.108831
-0.103882
-0.106516
-0.106432
-0.105206
-0.112839
-0.108677
-0.109904
-0.112844
-0.110300
-0.111323
-0.111058
-0.110975
-0.111282
-0.111342
-0.110611
-0.111964
-0.111747
-0.111531
-0.112874
-0.112483
-0.112848
-0.113017
-0.112503
-0.112631
-0.112588
-0.112852
-0.113358
-0.113097
-0.113338
-0.113399
-0.113375
-0.113501
-0.113536
-0.113690
-0.113702
-0.113799
-0.113845
-0.113857
-0.113920
-0.113959
-0.114055
-0.114134
-0.114118
-0.114203
-0.114212
-0.114218
-0.114275
-0.114283
-0.114312
-0.114333
-0.114339
-0.114356
-0.114370
-0.081597
0.210035
0.280644
0.049430
0.178542
0.130113
-0.010248
0.003946
-0.023950
-0.079151
-0.067585
-0.094534
-0.088786
-0.090188
-0.088942
-0.073487
-0.088815
-0.087933
-0.081208
-0.109414
-0.103227
-0.103934
-0.102472
-0.104842
-0.108848
-0.103174
-0.100952
-0.093180
-0.101682
-0.098572
-0.101635
-0.106771
-0.105824
-0.110058
-0.106841
-0.105751
-0.105683
-0.103234
-0.105460
-0.105385
-0.106531
-0.110375
-0.107752
-0.110137
-0.107945
-0.108814
-0.107858
-0.107745
-0.108762
-0.107427
-0.108516
-0.108291
-0.109199
-0.109809
-0.109502
-0.109957
-0.109350
-0.109362
-0.109403
-0.109275
-0.109730
-0.109852
-0.110058
-0.110226
-0.110001
-0.110286
-0.109980
-0.109996
-0.110155
-0.110259
-0.110283
-0.110227
-0.110406
-0.110444
-0.110505
-0.110581
-0.110576
-0.110617
-0.110613
-0.110624
-0.110663
-0.110653
-0.110690
-0.110723
-0.110750
-0.110765
-0.110768
-0.110807
-0.110820
-0.110841
-0.110857
-0.110859
-0.110870
-0.110870
-0.110878
-0.110885
-0.110889
-0.110899
-0.110903
-0.110903
-1.640473
1.207442
0.064380
-3.656349
-0.115505
-0.115507
1.272238
1.470076
3.350252
-0.981051
-0.115505
-0.115507
-1.327107
1.497595
0.984671
-3.828224
-0.115504
-0.115507
1.794404
3.680590
7.104698
-3.387570
-0.115504
-0.115507
1.436488
4.601477
7.678266
-5.356903
-0.115505
-0.115507
-0.281821
4.940604
6.519750
-7.367694
-0.115504
-0.115507
4.096586
2.164430
7.379973
0.900850
-0.115504
-0.115507
1.400766
0.814346
-0.038785
-0.108966
-0.108097
-0.100330
-0.110304
-0.107899
-0.108628
-0.109701
-0.072732
-0.064411
-0.079005
-0.084407
-0.113772
-0.113785
-0.114600
-0.113845
-0.113927
-0.115275
-0.114926
-0.114542
-0.101222
-0.113010
-0.103718
-0.112552
-0.115082
-0.115085
-0.115039
-0.115103
-0.115009
-0.115261
-0.115327
-0.112892
-0.109862
-0.112304
-0.111590
-0.115296
-0.115279
-0.115234
-0.115334
-0.115249
-0.115293
-0.115364
-0.115243
-0.113266
-0.114288
-0.113033
-0.114897
-0.115350
-0.115341
-0.115280
-0.115310
-0.115348
-0.115309
-0.115308
-0.115057
-0.114864
-0.115385
-0.114779
-0.115375
-0.115309
-0.115309
-0.115352
-0.115326
-0.115350
-0.115346
-0.115347
-0.115243
-0.115388
-0.115410
-0.115287
-0.115371
-0.115355
-0.115324
-0.115360
-0.115352
-0.115356
-0.115359
-0.115358
-0.115353
-0.115360
-0.115371
-0.115354
-0.115372
-0.115377
-0.115354
-0.115364
-0.115364
-0.115364
-0.115366
-0.115365
-0.115366
-0.115366
-0.115366
-0.115365
-0.115367
-0.115371
-0.115366
-0.115367
1.272960
0.990104
-0.033106
-0.064061
-0.087704
-0.087343
-0.088381
-0.095020
-0.106036
-0.112145
-0.094571
-0.048512
-0.081946
-0.070121
-0.091747
-0.095972
-0.099561
-0.102849
-0.103058
-0.103284
-0.105102
-0.106677
-0.110795
-0.102267
-0.101201
-0.105246
-0.106137
-0.106311
-0.106392
-0.107440
-0.108047
-0.107742
-0.107731
-0.106822
-0.113250
-0.109972
-0.107678
-0.109402
-0.109715
-0.109866
-0.109561
-0.109695
-0.110156
-0.110176
-0.110105
-0.108801
-0.111326
-0.111920
-0.110602
-0.110818
-0.110929
-0.111101
-0.111056
-0.111004
-0.111134
-0.111217
-0.111264
-0.111032
-0.111179
-0.111944
-0.111596
-0.111619
-0.111645
-0.111686
-0.111728
-0.111731
-0.111761
-0.111791
-0.111793
-0.111858
-0.111770
-0.111983
-0.111968
-0.111990
-0.112038
-0.112040
-0.112064
-0.112082
-0.112101
-0.112120
-0.112118
-0.112152
-0.112144
-0.112173
-0.112191
-0.112189
-0.112228
-0.112233
-0.112242
-0.112251
-0.112259
-0.112267
-0.112274
-0.112279
-0.112284
-0.112283
-0.112293
-0.112287
-0.112296
-0.112298
1.110432
1.023737
-0.065123
-0.085360
-0.090605
-0.093740
-0.098212
-0.105307
-0.102929
-0.104351
-0.073403
-0.051249
-0.073122
-0.077462
-0.103033
-0.105876
-0.107151
-0.107626
-0.107874
-0.109313
-0.109190
-0.110194
-0.096523
-0.110370
-0.104716
-0.109468
-0.110916
-0.111232
-0.111595
-0.111638
-0.111475
-0.111930
-0.111999
-0.112992
-0.105917
-0.108493
-0.114196
-0.112944
-0.112851
-0.112747
-0.112951
-0.113011
-0.112877
-0.113038
-0.113071
-0.114635
-0.111682
-0.110260
-0.113592
-0.113124
-0.113154
-0.113133
-0.113209
-0.113277
-0.113257
-0.113274
-0.113113
-0.114301
-0.113650
-0.112912
-0.113449
-0.113422
-0.113446
-0.113496
-0.113511
-0.113539
-0.113552
-0.113563
-0.113459
-0.113724
-0.113720
-0.113624
-0.113704
-0.113686
-0.113669
-0.113703
-0.113712
-0.113724
-0.113735
-0.113747
-0.113732
-0.113762
-0.113770
-0.113764
-0.113801
-0.113804
-0.113795
-0.113806
-0.113810
-0.113815
-0.113819
-0.113823
-0.113827
-0.113830
-0.113833
-0.113828
-0.113838
-0.113839
-0.113839
-0.113841
1.820904
2.535850
0.149073
0.025166
-0.024294
-0.040632
-0.058336
-0.069559
-0.081842
-0.086258
-0.057372
0.025234
-0.097803
0.008150
-0.046014
-0.061400
-0.070706
-0.075383
-0.079464
-0.082366
-0.085557
-0.088112
-0.086185
-0.084241
-0.105230
-0.089288
-0.090414
-0.091500
-0.092857
-0.093629
-0.094366
-0.094857
-0.095222
-0.094079
-0.095255
-0.094094
-0.101714
-0.101120
-0.100685
-0.100660
-0.100911
-0.101151
-0.101394
-0.101730
-0.102210
-0.101936
-0.101310
-0.100213
-0.102536
-0.102923
-0.103099
-0.103290
-0.103456
-0.103625
-0.103743
-0.103877
-0.104018
-0.105381
-0.104496
-0.104784
-0.104777
-0.104875
-0.104966
-0.105090
-0.105185
-0.105278
-0.105346
-0.105391
-0.105292
-0.105850
-0.105662
-0.105942
-0.106008
-0.106018
-0.106085
-0.106133
-0.106188
-0.106244
-0.106295
-0.106342
-0.106319
-0.106435
-0.106428
-0.106480
-0.106576
-0.106576
-0.106638
-0.106660
-0.106684
-0.106708
-0.106730
-0.106750
-0.106768
-0.106784
-0.106797
-0.106787
-0.106823
-0.106812
-0.106831
-0.106836
1.407373
3.183906
0.148544
0.043801
-0.004896
-0.033110
-0.052021
-0.067317
-0.080834
-0.092518
-0.027046
0.055013
-0.097296
0.041822
-0.034593
-0.051849
-0.061403
-0.067877
-0.072700
-0.076740
-0.080500
-0.085852
-0.079763
-0.078064
-0.100921
-0.081432
-0.085588
-0.087160
-0.088366
-0.089374
-0.090175
-0.090765
-0.090946
-0.090573
-0.092434
-0.090666
-0.099333
-0.097393
-0.097642
-0.097868
-0.098117
-0.098412
-0.098712
-0.098984
-0.099018
-0.099293
-0.098965
-0.097670
-0.100719
-0.100537
-0.100781
-0.101047
-0.101241
-0.101438
-0.101625
-0.101779
-0.101635
-0.103452
-0.102424
-0.102839
-0.102953
-0.102971
-0.103066
-0.103209
-0.103310
-0.103413
-0.103508
-0.103583
-0.103385
-0.104080
-0.103840
-0.104183
-0.104285
-0.104292
-0.104376
-0.104436
-0.104496
-0.104558
-0.104619
-0.104682
-0.104642
-0.104785
-0.104774
-0.104831
-0.104949
-0.104946
-0.105023
-0.105051
-0.105078
-0.105107
-0.105133
-0.105157
-0.105178
-0.105197
-0.105214
-0.105198
-0.105242
-0.105229
-0.105252
-0.105258
0.046988
3.429184
-0.011087
-0.027089
-0.052668
-0.069708
-0.082358
-0.093233
-0.105056
-0.108612
-0.001987
0.078667
-0.014716
0.034730
-0.058454
-0.069832
-0.076837
-0.081764
-0.085527
-0.088647
-0.091672
-0.093506
-0.088278
-0.083962
-0.074123
-0.086847
-0.093044
-0.094501
-0.095455
-0.096232
-0.096804
-0.097079
-0.096873
-0.092079
-0.109860
-0.103254
-0.094570
-0.101022
-0.101969
-0.102414
-0.102682
-0.102917
-0.103110
-0.103162
-0.102893
-0.098125
-0.106691
-0.107605
-0.104121
-0.104846
-0.105069
-0.105247
-0.105409
-0.105553
-0.105698
-0.105817
-0.105698
-0.105087
-0.105586
-0.107921
-0.106748
-0.106808
-0.106879
-0.106870
-0.106948
-0.107017
-0.107090
-0.107170
-0.107052
-0.107275
-0.106979
-0.107657
-0.107559
-0.107602
-0.107749
-0.107722
-0.107765
-0.107808
-0.107848
-0.107903
-0.107869
-0.107965
-0.107926
-0.108000
-0.108047
-0.108031
-0.108149
-0.108148
-0.108167
-0.108189
-0.108205
-0.108222
-0.108237
-0.108250
-0.108265
-0.108252
-0.108281
-0.108259
-0.108289
-0.108292
