-0.629419
3.246405
4.991774
-11.379342
-0.105894
-0.105888
-0.115802
1.094359
1.470970
-4.889056
-0.105895
-0.105881
1.293166
1.774747
5.267096
-3.786308
-0.105892
-0.105890
-0.208503
1.169167
1.938906
-2.696756
-0.105892
-0.105893
-0.059349
3.782028
8.830995
-12.066780
-0.105893
-0.105887
-0.101359
0.738671
1.303468
-2.586713
-0.105892
-0.105891
7.868245
-0.105383
7.869656
7.867406
-0.105891
-0.105892
5.054734
1.407944
7.341657
1.246654
-0.105892
-0.105891
0.410255
0.261279
1.218690
0.065835
1.049869
0.616885
0.669828
0.717438
0.247821
0.350003
0.057074
0.116096
-0.030743
-0.027059
-0.063730
-0.039803
-0.062064
0.004618
-0.040992
0.039538
-0.035487
0.060793
-0.020666
-0.020775
-0.034090
-0.097199
-0.074285
-0.096797
-0.100406
-0.103724
-0.072380
-0.094212
-0.055726
-0.073014
-0.059255
-0.063023
-0.081745
-0.076310
-0.096132
-0.089614
-0.102730
-0.101291
-0.104075
-0.099262
-0.099941
-0.093375
-0.096897
-0.085882
-0.097899
-0.078281
-0.093952
-0.089540
-0.093820
-0.102343
-0.100605
-0.103347
-0.104115
-0.104837
-0.098545
-0.102666
-0.094632
-0.098231
-0.094164
-0.098334
-0.098732
-0.100491
-0.101830
-0.102648
-0.102263
-0.102639
-0.101924
-0.101525
-0.101187
-0.101307
-0.101022
-0.101396
-0.101725
-0.102127
-0.102600
-0.102896
-0.102324
-0.101952
-0.101753
-0.101794
-0.101666
-0.101621
-0.101710
-0.101469
-0.101712
-0.101824
-0.101961
-0.101866
-0.101868
-0.101757
-0.101718
-0.101675
-0.101674
-0.101664
-0.101670
-0.101687
-0.099799
-0.025418
0.332108
-0.084671
0.232163
0.054136
0.129699
0.096048
0.100350
-0.082516
0.125232
0.003394
0.145109
-0.044920
0.125532
-0.071180
0.059873
-0.063360
-0.008788
-0.089320
-0.050368
-0.066375
-0.063578
-0.095360
-0.079547
-0.099326
-0.092583
-0.100975
-0.102567
-0.103965
-0.091756
-0.102002
-0.088758
-0.091252
-0.095619
-0.087013
-0.089840
-0.100281
-0.083742
-0.089162
-0.079014
-0.093591
-0.077358
-0.099622
-0.082878
-0.101836
-0.092245
-0.102049
-0.097235
-0.100741
-0.098442
-0.103133
-0.102345
-0.104220
-0.104266
-0.104756
-0.104629
-0.104952
-0.102453
-0.104066
-0.101896
-0.101658
-0.103751
-0.101181
-0.102300
-0.103043
-0.101786
-0.101405
-0.102136
-0.102288
-0.102779
-0.103508
-0.104072
-0.104330
-0.105436
-0.104156
-0.104742
-0.104331
-0.104709
-0.103906
-0.104200
-0.104081
-0.104018
-0.104011
-0.103978
-0.103939
-0.104018
-0.103927
-0.104085
-0.103897
-0.103993
-0.104033
-0.104063
-0.103970
-0.104066
-0.104047
-0.104055
-0.104048
-0.104008
-0.104022
1.286697
0.528986
0.049878
0.741552
0.233387
0.269862
0.360496
0.141093
0.043814
0.083202
-0.083354
-0.045674
-0.094576
-0.073501
-0.075272
-0.076801
-0.097274
-0.072390
-0.096025
-0.043225
-0.082279
-0.052058
-0.055255
-0.067532
-0.082681
-0.067745
-0.099099
-0.094780
-0.102259
-0.096227
-0.105017
-0.078469
-0.097404
-0.087124
-0.085724
-0.090662
-0.095681
-0.091939
-0.104457
-0.100035
-0.103332
-0.102214
-0.103205
-0.103427
-0.103397
-0.102934
-0.101800
-0.098242
-0.101604
-0.098091
-0.096476
-0.100380
-0.099635
-0.101089
-0.104149
-0.104787
-0.104520
-0.104847
-0.104187
-0.101857
-0.103367
-0.103127
-0.101463
-0.104361
-0.103637
-0.104503
-0.105240
-0.105631
-0.105394
-0.105711
-0.105630
-0.105734
-0.105425
-0.105714
-0.105377
-0.105310
-0.105238
-0.105183
-0.104991
-0.105678
-0.105366
-0.105519
-0.105734
-0.105704
-0.105717
-0.105738
-0.105685
-0.105619
-0.105734
-0.105605
-0.105643
-0.105709
-0.105766
-0.105754
-0.105766
-0.105764
-0.105779
-0.105774
-0.105788
-0.105772
-0.006433
0.245585
0.406133
0.441319
0.100106
0.056839
0.065424
-0.004239
-0.082149
-0.059556
-0.040251
-0.077264
-0.071992
-0.090476
-0.093394
-0.086780
-0.087287
-0.081169
-0.066508
-0.102862
-0.095486
-0.079516
-0.076372
-0.101871
-0.089087
-0.085466
-0.092510
-0.100242
-0.102051
-0.103664
-0.092217
-0.088409
-0.101669
-0.097199
-0.100311
-0.097373
-0.099901
-0.101626
-0.099379
-0.099262
-0.104723
-0.103376
-0.102453
-0.104816
-0.103581
-0.104142
-0.101649
-0.105381
-0.104594
-0.101304
-0.100473
-0.104898
-0.102519
-0.103669
-0.102538
-0.104782
-0.103899
-0.103274
-0.104350
-0.104085
-0.104108
-0.104576
-0.103636
-0.105012
-0.105670
-0.105136
-0.105258
-0.105428
-0.105686
-0.105817
-0.105374
-0.105479
-0.105549
-0.105337
-0.105491
-0.105434
-0.105385
-0.105336
-0.105868
-0.105514
-0.105591
-0.105327
-0.105489
-0.105566
-0.105650
-0.105724
-0.105603
-0.105536
-0.105711
-0.105661
-0.105780
-0.105691
-0.105699
-0.105737
-0.105707
-0.105703
-0.105722
-0.105720
-0.105727
-0.105731
-0.065879
1.328560
0.946907
0.238142
1.278170
0.802131
0.382875
0.770829
0.030891
0.324555
0.018293
0.175651
0.062574
0.104968
0.048734
0.026304
-0.025832
-0.030480
-0.071016
-0.031528
-0.085240
0.002854
-0.064392
-0.030303
-0.013727
-0.072463
-0.058705
-0.083485
-0.087759
-0.084369
-0.071710
-0.083386
-0.043533
-0.072514
-0.074500
-0.079596
-0.094904
-0.095808
-0.098371
-0.099976
-0.101411
-0.095465
-0.092814
-0.088167
-0.091275
-0.086655
-0.094904
-0.084858
-0.094549
-0.077736
-0.090864
-0.083849
-0.098786
-0.097432
-0.100475
-0.097866
-0.097868
-0.095976
-0.100679
-0.098683
-0.104502
-0.097383
-0.099129
-0.092833
-0.097902
-0.094866
-0.097602
-0.095731
-0.096839
-0.096418
-0.097106
-0.098058
-0.098061
-0.099176
-0.098286
-0.099528
-0.098506
-0.100291
-0.099251
-0.099711
-0.098209
-0.098738
-0.098469
-0.098790
-0.098826
-0.098948
-0.098724
-0.098886
-0.098399
-0.098809
-0.098731
-0.099145
-0.098958
-0.099116
-0.099021
-0.099096
-0.099090
-0.099090
-0.099106
-0.099048
-0.096633
0.067116
0.000495
0.178465
0.197374
0.148555
0.055516
0.052916
-0.021972
-0.014803
-0.035696
-0.066001
-0.089326
-0.099240
-0.088542
-0.102275
-0.088672
-0.093260
-0.085292
-0.087659
-0.090713
-0.082572
-0.085830
-0.083900
-0.084089
-0.092068
-0.099843
-0.100375
-0.102201
-0.103130
-0.101942
-0.095788
-0.096531
-0.092473
-0.101823
-0.097085
-0.103614
-0.101163
-0.103818
-0.104296
-0.102774
-0.103865
-0.103478
-0.104020
-0.105559
-0.103300
-0.101281
-0.102119
-0.101252
-0.102742
-0.100787
-0.104882
-0.102856
-0.105416
-0.105214
-0.104606
-0.104593
-0.104655
-0.104455
-0.104107
-0.105592
-0.104560
-0.104949
-0.105118
-0.104831
-0.104703
-0.104434
-0.104573
-0.105072
-0.104989
-0.105076
-0.105087
-0.104881
-0.105025
-0.105193
-0.105341
-0.105449
-0.105252
-0.105520
-0.105134
-0.105156
-0.105131
-0.105214
-0.105260
-0.105285
-0.105295
-0.105319
-0.105284
-0.105261
-0.105192
-0.105299
-0.105260
-0.105317
-0.105322
-0.105349
-0.105353
-0.105332
-0.105341
-0.105341
-0.105348
-1.674348
1.158954
-0.102670
-3.924831
-0.105892
-0.105893
1.601946
1.878314
4.475978
-1.141473
-0.105891
-0.105894
-1.101035
1.351810
1.248824
-3.123457
-0.105891
-0.105894
1.527155
3.336392
6.368508
-3.296576
-0.105891
-0.105894
1.085230
3.930376
6.046521
-5.256233
-0.105892
-0.105894
0.184239
4.943270
6.435618
-7.592743
-0.105891
-0.105894
3.649977
3.804459
10.053245
-1.264275
-0.105890
-0.105893
1.452973
0.741882
0.176919
-0.089365
-0.094677
-0.100290
-0.096591
-0.101060
-0.103752
-0.100618
-0.099667
-0.095134
-0.076736
-0.062692
-0.101232
-0.067239
-0.079717
-0.100471
-0.102243
-0.104353
-0.104982
-0.103617
-0.103783
-0.102148
-0.101528
-0.100355
-0.101179
-0.097133
-0.103818
-0.095525
-0.098759
-0.104304
-0.105123
-0.105048
-0.104711
-0.103553
-0.103511
-0.102959
-0.102844
-0.102551
-0.104570
-0.101847
-0.105172
-0.101170
-0.103506
-0.105379
-0.104927
-0.104419
-0.104243
-0.103758
-0.103863
-0.103786
-0.103951
-0.104071
-0.105691
-0.103428
-0.104924
-0.103639
-0.105515
-0.104795
-0.104571
-0.104414
-0.104434
-0.104370
-0.104503
-0.104589
-0.104727
-0.104887
-0.104987
-0.104351
-0.104666
-0.104660
-0.104957
-0.104722
-0.104700
-0.104700
-0.104740
-0.104764
-0.104798
-0.104827
-0.104846
-0.104882
-0.104805
-0.104731
-0.104757
-0.104850
-0.104847
-0.104821
-0.104827
-0.104835
-0.104842
-0.104850
-0.104850
-0.104853
-0.104853
-0.104859
-0.104837
-0.104845
-0.104843
-0.104862
1.593669
1.283227
-0.009316
-0.043577
-0.076567
-0.057961
-0.081085
-0.029751
-0.094474
-0.073506
-0.085895
-0.085013
-0.093229
-0.029143
-0.098439
-0.046588
-0.096101
-0.100825
-0.103889
-0.099705
-0.100643
-0.091147
-0.102796
-0.097105
-0.099365
-0.099672
-0.102107
-0.088910
-0.104207
-0.091837
-0.103795
-0.104580
-0.103953
-0.102853
-0.102739
-0.099599
-0.103631
-0.101798
-0.102964
-0.103455
-0.104820
-0.099263
-0.105140
-0.100444
-0.105029
-0.104376
-0.103863
-0.103553
-0.103510
-0.102313
-0.104349
-0.103723
-0.104534
-0.105009
-0.105709
-0.102924
-0.104734
-0.103639
-0.104726
-0.104412
-0.104266
-0.104269
-0.104317
-0.104104
-0.104826
-0.104728
-0.105002
-0.105091
-0.105075
-0.104512
-0.104743
-0.104819
-0.104815
-0.104762
-0.104761
-0.104824
-0.104820
-0.104880
-0.104974
-0.104973
-0.104995
-0.104994
-0.104966
-0.104941
-0.104908
-0.105028
-0.104982
-0.104982
-0.104985
-0.105011
-0.104995
-0.105027
-0.105021
-0.105024
-0.105022
-0.105023
-0.105015
-0.105033
-0.105017
-0.105043
0.897740
0.911771
0.035669
-0.091845
-0.095717
-0.098585
-0.076390
-0.078317
-0.086295
-0.101540
-0.103768
-0.103140
-0.086293
-0.047534
-0.101103
-0.063120
-0.095837
-0.103912
-0.104190
-0.105047
-0.101224
-0.101575
-0.102767
-0.105075
-0.105647
-0.105484
-0.101160
-0.093188
-0.103885
-0.095457
-0.103432
-0.105080
-0.105262
-0.105597
-0.104360
-0.104438
-0.104872
-0.105484
-0.105616
-0.105643
-0.103661
-0.100851
-0.104695
-0.101334
-0.104859
-0.105423
-0.105562
-0.105644
-0.105174
-0.105149
-0.105414
-0.105589
-0.105625
-0.105669
-0.104674
-0.103744
-0.105236
-0.103890
-0.105476
-0.105621
-0.105695
-0.105702
-0.105592
-0.105579
-0.105662
-0.105697
-0.105700
-0.105733
-0.105399
-0.105369
-0.105734
-0.105269
-0.105758
-0.105737
-0.105757
-0.105749
-0.105761
-0.105734
-0.105761
-0.105756
-0.105757
-0.105766
-0.105694
-0.105852
-0.105832
-0.105684
-0.105793
-0.105778
-0.105781
-0.105777
-0.105789
-0.105774
-0.105786
-0.105782
-0.105782
-0.105782
-0.105776
-0.105801
-0.105793
-0.105779
1.530498
2.286694
0.221849
0.002652
-0.036448
-0.045094
-0.058652
-0.063868
-0.065960
-0.067423
-0.074222
-0.077335
-0.062885
0.031976
-0.095367
-0.007536
-0.080864
-0.095121
-0.096824
-0.094659
-0.095014
-0.094725
-0.094877
-0.095916
-0.097871
-0.100055
-0.098807
-0.076622
-0.103659
-0.082883
-0.098157
-0.100708
-0.100582
-0.099703
-0.100032
-0.100277
-0.100818
-0.101930
-0.103103
-0.104519
-0.105676
-0.096082
-0.103064
-0.097245
-0.101878
-0.102222
-0.102191
-0.101988
-0.102460
-0.102878
-0.103409
-0.104200
-0.104572
-0.104469
-0.104321
-0.102864
-0.103382
-0.102776
-0.103785
-0.103788
-0.103911
-0.103988
-0.104325
-0.104573
-0.104778
-0.104967
-0.104889
-0.104715
-0.104617
-0.105686
-0.104556
-0.105202
-0.105073
-0.105046
-0.105117
-0.105179
-0.105275
-0.105325
-0.105349
-0.105359
-0.105334
-0.105302
-0.105286
-0.105642
-0.105353
-0.105695
-0.105609
-0.105604
-0.105624
-0.105649
-0.105669
-0.105687
-0.105706
-0.105721
-0.105736
-0.105751
-0.105765
-0.105833
-0.105813
-0.105869
1.079653
2.706896
0.262202
-0.037857
-0.061767
-0.075370
-0.078220
-0.078208
-0.077770
-0.078208
-0.078461
-0.082267
-0.064333
0.065080
-0.081586
0.003865
-0.076082
-0.098952
-0.102064
-0.101596
-0.099389
-0.097709
-0.096666
-0.096373
-0.096541
-0.097878
-0.097080
-0.066092
-0.096844
-0.079487
-0.097448
-0.103261
-0.102993
-0.101972
-0.100936
-0.100352
-0.100152
-0.100396
-0.100989
-0.102266
-0.102431
-0.089782
-0.102435
-0.093482
-0.101389
-0.102830
-0.102354
-0.101818
-0.101460
-0.101443
-0.101691
-0.102218
-0.102951
-0.104042
-0.103519
-0.099277
-0.105557
-0.099046
-0.102367
-0.102560
-0.102453
-0.102362
-0.102408
-0.102597
-0.102859
-0.103172
-0.103443
-0.103658
-0.103243
-0.103530
-0.103919
-0.102236
-0.103068
-0.103068
-0.103111
-0.103147
-0.103228
-0.103311
-0.103383
-0.103444
-0.103462
-0.103463
-0.103344
-0.103709
-0.103539
-0.103345
-0.103475
-0.103467
-0.103482
-0.103500
-0.103517
-0.103529
-0.103537
-0.103543
-0.103537
-0.103533
-0.103518
-0.103597
-0.103556
-0.103565
0.207505
3.419623
0.354092
-0.016196
-0.057690
-0.074056
-0.075607
-0.068984
-0.063563
-0.059773
-0.060131
-0.063890
-0.082498
0.091650
-0.075306
0.042736
-0.054522
-0.089145
-0.099287
-0.103037
-0.097472
-0.092554
-0.089132
-0.087013
-0.086489
-0.087308
-0.098774
-0.060607
-0.094745
-0.068473
-0.091786
-0.101924
-0.103210
-0.100278
-0.097591
-0.095559
-0.094368
-0.093997
-0.094543
-0.095875
-0.101882
-0.086341
-0.102997
-0.089085
-0.101210
-0.102287
-0.100492
-0.098817
-0.097759
-0.097242
-0.097332
-0.097984
-0.099182
-0.100857
-0.103438
-0.096043
-0.103326
-0.097049
-0.101749
-0.100546
-0.099871
-0.099451
-0.099446
-0.099688
-0.100150
-0.100756
-0.101372
-0.101933
-0.101724
-0.100284
-0.101287
-0.100472
-0.101179
-0.100846
-0.100816
-0.100852
-0.101006
-0.101164
-0.101309
-0.101441
-0.101498
-0.101535
-0.101339
-0.101337
-0.101282
-0.101433
-0.101457
-0.101419
-0.101441
-0.101474
-0.101508
-0.101534
-0.101543
-0.101554
-0.101549
-0.101549
-0.101511
-0.101573
-0.101533
-0.101592
