-0.828103
3.331998
2.677810
-15.714569
-0.108205
-0.108182
0.054915
0.725180
3.270308
-2.275662
-0.108196
-0.108187
1.645111
1.325332
4.124614
-0.962716
-0.108200
-0.108202
-0.366663
0.847651
1.653129
-2.037456
-0.108199
-0.108201
0.029913
3.176996
7.291464
-8.519538
-0.108199
-0.108198
0.071120
0.597046
1.329653
-1.253357
-0.108199
-0.108201
9.308492
-0.108023
9.308667
9.308222
-0.108200
-0.108202
5.949716
1.505530
9.656705
2.753792
-0.108199
-0.108200
0.674059
0.354122
1.303333
0.363173
1.116124
0.665415
0.667949
0.492907
0.351907
0.278782
0.134795
0.104495
0.056888
0.003353
0.029752
-0.034710
-0.004893
-0.004887
-0.035315
0.020463
-0.023393
-0.022336
-0.025017
-0.043844
-0.059573
-0.054500
-0.077771
-0.070002
-0.095117
-0.095805
-0.080840
-0.076447
-0.073744
-0.061305
-0.070591
-0.063199
-0.064770
-0.065419
-0.061016
-0.063545
-0.059214
-0.059652
-0.057043
-0.062499
-0.065568
-0.069374
-0.076146
-0.079096
-0.079184
-0.081757
-0.082942
-0.080664
-0.079725
-0.077391
-0.075717
-0.075288
-0.074697
-0.076450
-0.075724
-0.076946
-0.077193
-0.077197
-0.078088
-0.077717
-0.078399
-0.078754
-0.079680
-0.080037
-0.080792
-0.081086
-0.081156
-0.081187
-0.081333
-0.081346
-0.081323
-0.081424
-0.081467
-0.081537
-0.081713
-0.081857
-0.082028
-0.082141
-0.082278
-0.082345
-0.082427
-0.082502
-0.082547
-0.082634
-0.082704
-0.082779
-0.082827
-0.082888
-0.082923
-0.082961
-0.082997
-0.083020
-0.083048
-0.083067
-0.083081
-0.083089
0.072357
0.094735
-0.025891
0.169508
0.128439
0.104302
0.113227
0.074082
0.064177
-0.039378
-0.041469
-0.078166
-0.088531
-0.059084
-0.086288
-0.049657
-0.075089
-0.073870
-0.082114
-0.074866
-0.078639
-0.078617
-0.090011
-0.089112
-0.093174
-0.093186
-0.092754
-0.099386
-0.102518
-0.107040
-0.099870
-0.096184
-0.090470
-0.095616
-0.089323
-0.095562
-0.096942
-0.101590
-0.104213
-0.095068
-0.096370
-0.093617
-0.092803
-0.094463
-0.096570
-0.099376
-0.099492
-0.100580
-0.100338
-0.101004
-0.101154
-0.101885
-0.101406
-0.100344
-0.099244
-0.098664
-0.099344
-0.098560
-0.100417
-0.100714
-0.100993
-0.100958
-0.100080
-0.100474
-0.100040
-0.100346
-0.100705
-0.101033
-0.101196
-0.101216
-0.101248
-0.101175
-0.101242
-0.101224
-0.101288
-0.101289
-0.101299
-0.101306
-0.101342
-0.101396
-0.101425
-0.101534
-0.101539
-0.101569
-0.101569
-0.101569
-0.101588
-0.101601
-0.101632
-0.101651
-0.101686
-0.101692
-0.101704
-0.101708
-0.101711
-0.101721
-0.101724
-0.101733
-0.101738
-0.101741
1.631393
0.529813
-0.008556
0.546443
-0.041343
0.187025
-0.047756
0.052081
-0.085433
0.048277
-0.049405
0.009003
-0.027486
-0.038982
-0.026278
-0.063471
-0.055690
-0.068431
-0.089394
-0.066995
-0.077192
-0.072847
-0.077687
-0.087158
-0.089661
-0.094933
-0.084334
-0.097090
-0.085509
-0.104532
-0.091535
-0.100963
-0.092588
-0.094431
-0.091986
-0.095737
-0.094686
-0.097360
-0.097502
-0.099321
-0.101145
-0.103485
-0.099218
-0.103640
-0.099730
-0.102690
-0.104203
-0.105145
-0.104674
-0.103128
-0.103046
-0.102180
-0.105301
-0.103068
-0.105575
-0.103847
-0.104075
-0.104490
-0.104706
-0.104961
-0.105517
-0.105597
-0.105898
-0.106220
-0.106096
-0.105898
-0.106377
-0.105908
-0.106436
-0.106354
-0.106480
-0.106488
-0.106543
-0.106629
-0.106712
-0.106890
-0.106818
-0.107035
-0.106957
-0.107054
-0.107122
-0.107168
-0.107243
-0.107312
-0.107372
-0.107417
-0.107486
-0.107509
-0.107561
-0.107621
-0.107660
-0.107719
-0.107766
-0.107812
-0.107860
-0.107898
-0.107939
-0.107970
-0.108002
-0.108018
0.138585
0.352322
0.293764
0.057979
0.083699
-0.074983
-0.003693
-0.071959
-0.062471
-0.074058
-0.092742
-0.099204
-0.107388
-0.103124
-0.103478
-0.090801
-0.101377
-0.088278
-0.092363
-0.088549
-0.087487
-0.105549
-0.083744
-0.094148
-0.099966
-0.093262
-0.087283
-0.097139
-0.099821
-0.098124
-0.101950
-0.100785
-0.101223
-0.098867
-0.099274
-0.098581
-0.099133
-0.099776
-0.098791
-0.099291
-0.097936
-0.098334
-0.098607
-0.099682
-0.100289
-0.098624
-0.101891
-0.101591
-0.100113
-0.100983
-0.102319
-0.101049
-0.101334
-0.101873
-0.101482
-0.101478
-0.101172
-0.101434
-0.101419
-0.101688
-0.101729
-0.101716
-0.101835
-0.101797
-0.102002
-0.102081
-0.102248
-0.102262
-0.102340
-0.102513
-0.102298
-0.102330
-0.102458
-0.102481
-0.102439
-0.102581
-0.102607
-0.102606
-0.102650
-0.102641
-0.102681
-0.102714
-0.102743
-0.102751
-0.102790
-0.102809
-0.102819
-0.102839
-0.102850
-0.102868
-0.102878
-0.102892
-0.102901
-0.102910
-0.102918
-0.102924
-0.102931
-0.102935
-0.102938
-0.102939
0.047532
1.582015
0.856916
0.136364
0.812806
0.415512
0.316232
0.155729
0.143370
0.046845
0.036260
-0.022295
-0.019437
-0.052817
-0.037184
-0.066184
-0.050099
-0.047604
-0.053354
-0.024100
-0.078262
-0.039100
-0.067905
-0.089233
-0.093268
-0.072132
-0.091943
-0.064895
-0.085110
-0.093517
-0.100993
-0.104640
-0.103238
-0.100420
-0.097811
-0.094878
-0.093968
-0.090039
-0.091848
-0.087764
-0.089863
-0.088113
-0.088631
-0.096006
-0.090583
-0.102387
-0.098743
-0.099808
-0.097219
-0.099561
-0.096581
-0.103801
-0.099676
-0.102608
-0.100558
-0.099259
-0.099248
-0.098248
-0.098670
-0.098331
-0.098643
-0.098884
-0.098980
-0.099523
-0.099562
-0.100087
-0.100544
-0.100366
-0.101288
-0.100363
-0.100682
-0.100453
-0.100656
-0.100637
-0.101025
-0.100727
-0.101009
-0.100879
-0.100820
-0.100882
-0.100869
-0.100967
-0.100987
-0.101093
-0.101074
-0.101155
-0.101147
-0.101165
-0.101190
-0.101202
-0.101228
-0.101241
-0.101260
-0.101277
-0.101290
-0.101305
-0.101311
-0.101320
-0.101323
-0.101323
0.066422
0.211549
0.193487
0.034514
-0.078899
-0.025006
-0.043641
-0.039972
-0.025688
-0.053820
-0.057686
-0.071105
-0.069501
-0.086553
-0.078641
-0.085857
-0.081718
-0.096437
-0.089760
-0.105041
-0.105094
-0.103478
-0.098950
-0.100342
-0.101961
-0.099194
-0.105764
-0.104576
-0.105389
-0.102170
-0.104003
-0.099338
-0.102826
-0.101495
-0.103316
-0.102823
-0.104884
-0.103552
-0.105084
-0.105238
-0.106771
-0.107254
-0.105758
-0.106133
-0.105105
-0.105183
-0.105359
-0.105992
-0.106282
-0.106958
-0.106295
-0.105907
-0.105636
-0.105828
-0.105205
-0.106166
-0.105965
-0.106502
-0.106572
-0.106670
-0.106620
-0.106771
-0.106777
-0.106719
-0.106797
-0.106527
-0.106641
-0.106558
-0.106632
-0.106661
-0.106707
-0.106714
-0.106734
-0.106696
-0.106707
-0.106726
-0.106743
-0.106755
-0.106822
-0.106813
-0.106845
-0.106841
-0.106837
-0.106842
-0.106846
-0.106851
-0.106855
-0.106871
-0.106868
-0.106882
-0.106882
-0.106885
-0.106888
-0.106890
-0.106891
-0.106893
-0.106894
-0.106894
-0.106897
-0.106897
-1.043312
1.455479
1.318168
-3.158790
-0.108199
-0.108203
2.059564
3.706878
7.844851
-3.106096
-0.108199
-0.108203
-1.773142
1.502980
0.784602
-3.797569
-0.108199
-0.108202
0.418258
2.391801
3.595280
-3.331695
-0.108200
-0.108203
-0.282071
2.601542
3.551046
-4.167962
-0.108199
-0.108203
0.348909
2.869897
4.685651
-3.839069
-0.108199
-0.108203
5.456229
3.518128
10.508741
0.148701
-0.108199
-0.108203
0.833219
0.987894
-0.011722
-0.102161
-0.104425
-0.102177
-0.099947
-0.102470
-0.105451
-0.107220
-0.086985
-0.035031
-0.103235
-0.054269
-0.103243
-0.106371
-0.106990
-0.107695
-0.107180
-0.107073
-0.107430
-0.107815
-0.102664
-0.092483
-0.105845
-0.094843
-0.107556
-0.107354
-0.107540
-0.107864
-0.108025
-0.107839
-0.107897
-0.108045
-0.105608
-0.101922
-0.106661
-0.102325
-0.107848
-0.107611
-0.107692
-0.107858
-0.108112
-0.108010
-0.107997
-0.108105
-0.106894
-0.105397
-0.107295
-0.105559
-0.107785
-0.107727
-0.107763
-0.107832
-0.107933
-0.107936
-0.107906
-0.107946
-0.107832
-0.107258
-0.107811
-0.107278
-0.107821
-0.107824
-0.107836
-0.107856
-0.107886
-0.107900
-0.107873
-0.107899
-0.107937
-0.107784
-0.107901
-0.107771
-0.107872
-0.107878
-0.107883
-0.107888
-0.107896
-0.107907
-0.107888
-0.107904
-0.107901
-0.107888
-0.107905
-0.107889
-0.107902
-0.107905
-0.107907
-0.107908
-0.107909
-0.107915
-0.107906
-0.107912
-0.107906
-0.107911
-0.107912
-0.107912
-0.107912
-0.107913
2.037646
2.576681
0.047404
-0.102599
-0.103879
-0.101256
-0.103826
-0.101913
-0.104129
-0.102494
-0.071750
0.073575
-0.093142
0.022196
-0.101733
-0.105285
-0.106319
-0.107713
-0.107860
-0.107532
-0.107516
-0.106506
-0.098330
-0.068729
-0.101413
-0.076090
-0.106865
-0.106341
-0.106820
-0.107410
-0.107596
-0.107840
-0.107873
-0.107292
-0.103335
-0.092374
-0.104025
-0.094074
-0.106793
-0.106725
-0.107013
-0.107346
-0.107480
-0.107684
-0.107770
-0.107643
-0.105746
-0.101070
-0.105755
-0.101851
-0.106916
-0.106959
-0.107107
-0.107255
-0.107322
-0.107428
-0.107414
-0.107498
-0.107582
-0.105754
-0.107114
-0.105926
-0.107153
-0.107188
-0.107240
-0.107287
-0.107316
-0.107369
-0.107316
-0.107385
-0.107495
-0.107090
-0.107378
-0.107079
-0.107311
-0.107327
-0.107345
-0.107359
-0.107371
-0.107400
-0.107356
-0.107396
-0.107390
-0.107356
-0.107399
-0.107363
-0.107392
-0.107398
-0.107403
-0.107407
-0.107411
-0.107424
-0.107403
-0.107419
-0.107404
-0.107415
-0.107417
-0.107418
-0.107419
-0.107420
1.551231
1.017994
0.013878
-0.098572
-0.100419
-0.105054
-0.101852
-0.106584
-0.105311
-0.107005
-0.092247
-0.030012
-0.101322
-0.053577
-0.093503
-0.103757
-0.104812
-0.105840
-0.105468
-0.106551
-0.106754
-0.107434
-0.104528
-0.090199
-0.104746
-0.094375
-0.102697
-0.105512
-0.106000
-0.106440
-0.106401
-0.106847
-0.107044
-0.107476
-0.106432
-0.100487
-0.105935
-0.101887
-0.104938
-0.106210
-0.106493
-0.106739
-0.106745
-0.106976
-0.107097
-0.107378
-0.106935
-0.104335
-0.106631
-0.104998
-0.106058
-0.106591
-0.106731
-0.106844
-0.106861
-0.106949
-0.106987
-0.107122
-0.107006
-0.106332
-0.106966
-0.106511
-0.106723
-0.106870
-0.106919
-0.106959
-0.106976
-0.107003
-0.107004
-0.107065
-0.107037
-0.106912
-0.107051
-0.106955
-0.106994
-0.107030
-0.107047
-0.107061
-0.107072
-0.107081
-0.107074
-0.107101
-0.107089
-0.107077
-0.107104
-0.107096
-0.107104
-0.107112
-0.107117
-0.107122
-0.107127
-0.107129
-0.107124
-0.107133
-0.107129
-0.107132
-0.107135
-0.107136
-0.107137
-0.107138
0.411766
1.640527
0.044542
-0.071423
-0.084493
-0.089042
-0.093497
-0.095932
-0.099375
-0.100913
-0.084826
0.010376
-0.104486
-0.016889
-0.089945
-0.097264
-0.099478
-0.100491
-0.101518
-0.102262
-0.103301
-0.104124
-0.103106
-0.079939
-0.104539
-0.082481
-0.099991
-0.101851
-0.102748
-0.103231
-0.103707
-0.104095
-0.104615
-0.105156
-0.105733
-0.095479
-0.105332
-0.095383
-0.102636
-0.103543
-0.104036
-0.104319
-0.104586
-0.104809
-0.105077
-0.105423
-0.106193
-0.101148
-0.105480
-0.101039
-0.103983
-0.104416
-0.104658
-0.104800
-0.104927
-0.105036
-0.105102
-0.105287
-0.105627
-0.104085
-0.105342
-0.104100
-0.104869
-0.105015
-0.105105
-0.105165
-0.105221
-0.105276
-0.105264
-0.105366
-0.105437
-0.105124
-0.105418
-0.105156
-0.105322
-0.105369
-0.105402
-0.105428
-0.105454
-0.105483
-0.105460
-0.105513
-0.105506
-0.105481
-0.105535
-0.105511
-0.105539
-0.105553
-0.105565
-0.105574
-0.105584
-0.105596
-0.105583
-0.105602
-0.105592
-0.105603
-0.105608
-0.105611
-0.105613
-0.105614
0.048786
1.803173
-0.095229
-0.098508
-0.102163
-0.103740
-0.104382
-0.104572
-0.104504
-0.103715
-0.098011
0.023395
-0.094984
-0.017898
-0.105343
-0.106342
-0.107097
-0.107425
-0.107484
-0.107396
-0.107214
-0.106726
-0.104266
-0.079200
-0.102070
-0.086840
-0.106606
-0.107350
-0.107685
-0.107860
-0.107914
-0.107871
-0.107758
-0.107435
-0.105882
-0.096384
-0.104322
-0.099259
-0.107138
-0.107626
-0.107823
-0.107940
-0.108000
-0.108012
-0.108002
-0.107804
-0.106780
-0.102938
-0.105945
-0.104501
-0.107543
-0.107791
-0.107883
-0.107937
-0.107972
-0.107997
-0.108021
-0.108046
-0.107655
-0.106645
-0.107394
-0.107153
-0.107836
-0.107903
-0.107929
-0.107945
-0.107958
-0.107971
-0.107955
-0.107993
-0.107945
-0.107760
-0.107900
-0.107842
-0.107938
-0.107953
-0.107960
-0.107965
-0.107971
-0.107977
-0.107961
-0.107979
-0.107969
-0.107957
-0.107974
-0.107965
-0.107973
-0.107976
-0.107978
-0.107979
-0.107981
-0.107984
-0.107977
-0.107982
-0.107978
-0.107981
-0.107982
-0.107983
-0.107983
-0.107983
0.358518
1.985840
-0.061541
-0.088031
-0.094176
-0.096023
-0.097502
-0.097850
-0.097953
-0.096033
-0.089204
0.029994
-0.103627
-0.003319
-0.102353
-0.106320
-0.107345
-0.107504
-0.107110
-0.106584
-0.106016
-0.104874
-0.101634
-0.079011
-0.106241
-0.081766
-0.104824
-0.106535
-0.107193
-0.107633
-0.107818
-0.107693
-0.107372
-0.106670
-0.104586
-0.096775
-0.106988
-0.096351
-0.105766
-0.106785
-0.107206
-0.107506
-0.107718
-0.107892
-0.107971
-0.107656
-0.106364
-0.103023
-0.107481
-0.102685
-0.106448
-0.106972
-0.107188
-0.107334
-0.107439
-0.107538
-0.107569
-0.107778
-0.107846
-0.106204
-0.107570
-0.106094
-0.107045
-0.107213
-0.107287
-0.107337
-0.107379
-0.107422
-0.107383
-0.107486
-0.107541
-0.107155
-0.107461
-0.107130
-0.107321
-0.107366
-0.107389
-0.107405
-0.107422
-0.107444
-0.107403
-0.107453
-0.107433
-0.107394
-0.107445
-0.107407
-0.107433
-0.107443
-0.107449
-0.107453
-0.107459
-0.107468
-0.107447
-0.107465
-0.107449
-0.107459
-0.107462
-0.107464
-0.107465
-0.107466
