-1.009316
3.308186
3.090561
-12.544191
-0.124147
-0.124137
-0.158628
1.683446
2.817317
-4.305248
-0.124144
-0.124143
1.001520
2.131186
5.202668
-3.647315
-0.124144
-0.124144
-0.425580
1.113617
1.879886
-2.803778
-0.124143
-0.124144
-0.091791
3.515867
7.875579
-6.204208
-0.124142
-0.124144
-0.033753
1.570231
3.060918
-3.714871
-0.124143
-0.124143
9.294006
-0.123756
9.294436
9.293328
-0.124144
-0.124144
5.510944
1.143749
7.955937
3.062244
-0.124142
-0.124144
0.773938
0.487232
1.351514
0.490029
0.384794
0.886166
0.225503
0.591108
0.552830
0.208878
0.315544
0.217646
0.016221
0.081012
0.059177
-0.085539
-0.013351
-0.045910
-0.082183
-0.088738
-0.061198
-0.076972
-0.073916
-0.063231
-0.071220
-0.085301
-0.050841
-0.076516
-0.071042
-0.062666
-0.107463
-0.092494
-0.101455
-0.113671
-0.116721
-0.100293
-0.098049
-0.117515
-0.095042
-0.103143
-0.110933
-0.099815
-0.108175
-0.108523
-0.109929
-0.111134
-0.114703
-0.111225
-0.118641
-0.116114
-0.120695
-0.118689
-0.119638
-0.118705
-0.116208
-0.117723
-0.116667
-0.115515
-0.118551
-0.116592
-0.118648
-0.118868
-0.118933
-0.119405
-0.119700
-0.119621
-0.120115
-0.119567
-0.119813
-0.119788
-0.119433
-0.119716
-0.119446
-0.119709
-0.119679
-0.119833
-0.119876
-0.120120
-0.120064
-0.120274
-0.120271
-0.120210
-0.120302
-0.120197
-0.120193
-0.120230
-0.120075
-0.120290
-0.120147
-0.120313
-0.120370
-0.120347
-0.120453
-0.120461
-0.120464
-0.120520
-0.120430
-0.120460
-0.120490
-0.120345
-0.094456
0.211802
0.177468
0.518228
0.327839
0.600471
0.108901
0.090260
0.081087
0.078383
-0.011871
-0.057836
-0.038308
0.047462
-0.046474
-0.084616
0.003397
-0.070841
-0.042731
-0.114493
-0.120550
-0.115091
-0.115373
-0.118901
-0.113138
-0.078406
-0.085799
-0.088553
-0.107856
-0.113483
-0.092485
-0.108244
-0.116410
-0.109051
-0.101088
-0.115835
-0.113228
-0.107289
-0.105883
-0.108252
-0.118812
-0.121651
-0.121976
-0.123268
-0.123529
-0.122723
-0.115509
-0.121007
-0.114992
-0.122048
-0.121068
-0.119552
-0.121855
-0.123157
-0.122879
-0.122456
-0.122070
-0.122521
-0.123063
-0.121680
-0.123138
-0.123288
-0.123794
-0.123664
-0.123856
-0.123880
-0.123796
-0.123601
-0.123878
-0.123868
-0.123760
-0.123791
-0.123783
-0.123727
-0.123719
-0.123651
-0.123875
-0.123580
-0.123825
-0.123871
-0.123930
-0.123715
-0.123845
-0.123831
-0.123762
-0.123748
-0.123747
-0.123761
-0.123659
-0.123808
-0.123839
-0.123828
-0.123809
-0.123819
-0.123796
-0.123818
-0.123787
-0.123832
-0.123864
-0.123785
1.021338
0.716972
0.658118
0.634491
0.157008
0.209105
0.287266
0.172185
-0.016691
0.135079
0.023851
-0.042513
0.035495
-0.057812
-0.047462
-0.049396
-0.031786
-0.110394
-0.066233
-0.114293
-0.100690
-0.098181
-0.101208
-0.097446
-0.121511
-0.087890
-0.111180
-0.075630
-0.103151
-0.092507
-0.099792
-0.104930
-0.095671
-0.115111
-0.089722
-0.105510
-0.093869
-0.099883
-0.101581
-0.101611
-0.107421
-0.106704
-0.107679
-0.104689
-0.106786
-0.106927
-0.109234
-0.108190
-0.106577
-0.109557
-0.106029
-0.109681
-0.105462
-0.109297
-0.107736
-0.108513
-0.109833
-0.108482
-0.110588
-0.108682
-0.110027
-0.109361
-0.110319
-0.110107
-0.110289
-0.110344
-0.110410
-0.110838
-0.110626
-0.111037
-0.110743
-0.111121
-0.111032
-0.111225
-0.111329
-0.111379
-0.111477
-0.111454
-0.111596
-0.111530
-0.111700
-0.111602
-0.111806
-0.111768
-0.111863
-0.111945
-0.111903
-0.112060
-0.111941
-0.112081
-0.112034
-0.112149
-0.112126
-0.112165
-0.112164
-0.112203
-0.112244
-0.112217
-0.112274
-0.112170
0.167369
0.205337
0.060040
0.201252
0.362968
0.244703
0.130379
-0.053664
0.025734
-0.001353
-0.027770
-0.016988
-0.085190
-0.061139
-0.072161
-0.083698
-0.055423
-0.077227
-0.091330
-0.114800
-0.113750
-0.114887
-0.113123
-0.114927
-0.112984
-0.106077
-0.108722
-0.099872
-0.119566
-0.107913
-0.111636
-0.118109
-0.112046
-0.120546
-0.115443
-0.117113
-0.119989
-0.115738
-0.115022
-0.114140
-0.120061
-0.120408
-0.121077
-0.120860
-0.121798
-0.121737
-0.123217
-0.120476
-0.117663
-0.123277
-0.120826
-0.123374
-0.121622
-0.123558
-0.121609
-0.123030
-0.121953
-0.121852
-0.121814
-0.122072
-0.121599
-0.122129
-0.122305
-0.122340
-0.122441
-0.122431
-0.122523
-0.122440
-0.122615
-0.122461
-0.122454
-0.122490
-0.122428
-0.122426
-0.122486
-0.122494
-0.122497
-0.122399
-0.122575
-0.122495
-0.122586
-0.122525
-0.122592
-0.122528
-0.122584
-0.122539
-0.122526
-0.122544
-0.122557
-0.122517
-0.122576
-0.122594
-0.122591
-0.122609
-0.122599
-0.122615
-0.122601
-0.122635
-0.122573
-0.122588
-0.066225
1.475685
1.275133
0.898559
0.537096
0.512642
0.020293
0.172048
0.002526
-0.004201
0.011499
-0.026947
-0.017703
-0.039736
-0.017241
-0.064820
-0.017811
-0.086346
-0.041565
-0.097757
-0.096134
-0.091112
-0.088547
-0.074309
-0.094783
-0.075048
-0.096758
-0.102367
-0.101168
-0.103393
-0.103383
-0.100767
-0.106145
-0.103277
-0.107685
-0.109988
-0.108030
-0.112404
-0.107059
-0.102668
-0.109838
-0.106320
-0.112946
-0.114256
-0.120731
-0.114068
-0.111515
-0.113663
-0.110592
-0.114567
-0.113068
-0.114905
-0.115153
-0.115176
-0.115511
-0.115493
-0.115747
-0.115387
-0.116020
-0.115489
-0.116421
-0.115730
-0.116305
-0.116982
-0.116759
-0.116695
-0.116952
-0.117148
-0.116845
-0.117169
-0.117183
-0.117352
-0.117409
-0.117543
-0.117466
-0.117547
-0.117581
-0.117594
-0.117751
-0.117745
-0.117851
-0.117888
-0.117916
-0.117966
-0.117987
-0.118025
-0.118037
-0.118088
-0.118083
-0.118162
-0.118098
-0.118180
-0.118228
-0.118208
-0.118198
-0.118246
-0.118272
-0.118204
-0.118265
-0.118243
-0.018823
0.306243
0.142571
0.505673
0.569916
0.211088
0.202403
0.081996
-0.058264
-0.024414
-0.053885
-0.064370
-0.055356
-0.087076
-0.039351
-0.060621
-0.078126
-0.081763
-0.073129
-0.108798
-0.099729
-0.107531
-0.104628
-0.099749
-0.095907
-0.087902
-0.112638
-0.106463
-0.123178
-0.109246
-0.114363
-0.113742
-0.115766
-0.114861
-0.116468
-0.114125
-0.122688
-0.114225
-0.118693
-0.109461
-0.114675
-0.116844
-0.118882
-0.120039
-0.119466
-0.121905
-0.117811
-0.119232
-0.118984
-0.118739
-0.118878
-0.120563
-0.120149
-0.120495
-0.120644
-0.120532
-0.121023
-0.120310
-0.120699
-0.120580
-0.121348
-0.120789
-0.121356
-0.121231
-0.121343
-0.121395
-0.121303
-0.121452
-0.121165
-0.121564
-0.121503
-0.121681
-0.121646
-0.121701
-0.121743
-0.121722
-0.121761
-0.121784
-0.121796
-0.121856
-0.121903
-0.121913
-0.121942
-0.121964
-0.121975
-0.122009
-0.121978
-0.122038
-0.122021
-0.122108
-0.122034
-0.122088
-0.122078
-0.122089
-0.122094
-0.122083
-0.122112
-0.122063
-0.122134
-0.122095
-1.963597
1.128699
-0.286038
-3.996637
-0.124143
-0.124146
1.453354
1.837640
4.417510
-1.269787
-0.124142
-0.124146
-1.589372
1.764208
1.322165
-4.104687
-0.124142
-0.124146
1.620310
3.950957
7.563674
-3.832685
-0.124142
-0.124146
1.468852
3.978811
7.004395
-4.611997
-0.124143
-0.124146
-0.164372
4.062140
5.770930
-6.214357
-0.124143
-0.124146
5.469750
2.186267
8.694609
2.128951
-0.124143
-0.124146
1.722507
0.755784
-0.074488
-0.104499
-0.115388
-0.119333
-0.117091
-0.119767
-0.122327
-0.113968
-0.044971
-0.109520
-0.091771
-0.119143
-0.121873
-0.120409
-0.119911
-0.118856
-0.120256
-0.117634
-0.120325
-0.109172
-0.121234
-0.115457
-0.120369
-0.120793
-0.121282
-0.121422
-0.121497
-0.121571
-0.119980
-0.121177
-0.117749
-0.121829
-0.121318
-0.122544
-0.122237
-0.122540
-0.122590
-0.122978
-0.122780
-0.123796
-0.123814
-0.119972
-0.121714
-0.123138
-0.122793
-0.122951
-0.122899
-0.122927
-0.122847
-0.122943
-0.122619
-0.122721
-0.123076
-0.123086
-0.122981
-0.123005
-0.123023
-0.123031
-0.123047
-0.123064
-0.123083
-0.122950
-0.122983
-0.123160
-0.123129
-0.123116
-0.123130
-0.123130
-0.123151
-0.123147
-0.123113
-0.123142
-0.123200
-0.123195
-0.123176
-0.123185
-0.123193
-0.123196
-0.123203
-0.123201
-0.123209
-0.123230
-0.123225
-0.123221
-0.123226
-0.123230
-0.123233
-0.123235
-0.123237
-0.123239
-0.123227
-0.123234
-0.123256
-0.123244
-0.123252
-0.123257
-0.123246
-0.123246
1.469226
1.256486
-0.056116
-0.112658
-0.101461
-0.114545
-0.111882
-0.118930
-0.098193
-0.107485
-0.026934
-0.112148
-0.036712
-0.105584
-0.101863
-0.111542
-0.108038
-0.111663
-0.110583
-0.110244
-0.115268
-0.100623
-0.111237
-0.107527
-0.112153
-0.114054
-0.112333
-0.115065
-0.112008
-0.114920
-0.108151
-0.112565
-0.115545
-0.113619
-0.119765
-0.116496
-0.118108
-0.116409
-0.117501
-0.116743
-0.117614
-0.115827
-0.116501
-0.119233
-0.118230
-0.116071
-0.117838
-0.117185
-0.118147
-0.117549
-0.118386
-0.117729
-0.119526
-0.118852
-0.118735
-0.118940
-0.118682
-0.118869
-0.118889
-0.118985
-0.119073
-0.119114
-0.119213
-0.119143
-0.119315
-0.119160
-0.119273
-0.119434
-0.119431
-0.119509
-0.119507
-0.119568
-0.119620
-0.119658
-0.119613
-0.119677
-0.119705
-0.119742
-0.119751
-0.119794
-0.119797
-0.119875
-0.119858
-0.119876
-0.119896
-0.119891
-0.119917
-0.119928
-0.119946
-0.119959
-0.119971
-0.119982
-0.119981
-0.120002
-0.119981
-0.120004
-0.120022
-0.120010
-0.120037
-0.120027
1.329286
1.204821
-0.058126
-0.100265
-0.114320
-0.111965
-0.113482
-0.108540
-0.103996
-0.119797
-0.020348
-0.116747
-0.064391
-0.112869
-0.116333
-0.119795
-0.119688
-0.118909
-0.119220
-0.114711
-0.118934
-0.101497
-0.119629
-0.113220
-0.120956
-0.122269
-0.122305
-0.123131
-0.122082
-0.123157
-0.119850
-0.121750
-0.113665
-0.120387
-0.121912
-0.123615
-0.123698
-0.123570
-0.123431
-0.123776
-0.123455
-0.122192
-0.122748
-0.119755
-0.122479
-0.123116
-0.123691
-0.123399
-0.123651
-0.123514
-0.123712
-0.123558
-0.122932
-0.123033
-0.123565
-0.124074
-0.123669
-0.123734
-0.123740
-0.123748
-0.123790
-0.123764
-0.123832
-0.123607
-0.123684
-0.123752
-0.123769
-0.123800
-0.123794
-0.123808
-0.123825
-0.123816
-0.123754
-0.123794
-0.123856
-0.123854
-0.123809
-0.123825
-0.123826
-0.123834
-0.123830
-0.123832
-0.123829
-0.123872
-0.123853
-0.123835
-0.123843
-0.123844
-0.123847
-0.123850
-0.123850
-0.123854
-0.123827
-0.123841
-0.123862
-0.123848
-0.123864
-0.123864
-0.123856
-0.123853
1.627376
2.730968
-0.010106
-0.107104
-0.091915
-0.112647
-0.098823
-0.115269
-0.081120
-0.102608
0.072387
-0.107887
0.051788
-0.101333
-0.081697
-0.102114
-0.094431
-0.101094
-0.099594
-0.091363
-0.096700
-0.105058
-0.106631
-0.083367
-0.103874
-0.106647
-0.103818
-0.109144
-0.102630
-0.110136
-0.095391
-0.103278
-0.107425
-0.105903
-0.122043
-0.110778
-0.115061
-0.111409
-0.113570
-0.112104
-0.112848
-0.113088
-0.115381
-0.109723
-0.113363
-0.111169
-0.114068
-0.112515
-0.114475
-0.113157
-0.114966
-0.113410
-0.116284
-0.114881
-0.116566
-0.115942
-0.115040
-0.115584
-0.115580
-0.115724
-0.115906
-0.115945
-0.116299
-0.115754
-0.116087
-0.116116
-0.116221
-0.116488
-0.116457
-0.116601
-0.116618
-0.116718
-0.116680
-0.116808
-0.116823
-0.116918
-0.116884
-0.116976
-0.116984
-0.117067
-0.117054
-0.117195
-0.117155
-0.117244
-0.117231
-0.117204
-0.117264
-0.117277
-0.117309
-0.117330
-0.117348
-0.117380
-0.117331
-0.117379
-0.117389
-0.117392
-0.117448
-0.117427
-0.117456
-0.117437
1.453243
2.745284
0.015307
-0.093139
-0.073999
-0.103342
-0.093097
-0.109111
-0.083785
-0.113364
0.089955
-0.091394
0.066740
-0.091747
-0.072093
-0.096222
-0.085390
-0.096341
-0.090373
-0.087455
-0.091293
-0.099586
-0.099770
-0.074939
-0.095776
-0.098966
-0.096930
-0.101908
-0.095862
-0.103010
-0.087979
-0.096277
-0.102972
-0.099914
-0.118127
-0.105188
-0.109768
-0.105737
-0.108269
-0.106494
-0.107896
-0.108141
-0.110146
-0.104885
-0.108409
-0.106552
-0.109372
-0.107886
-0.109862
-0.108632
-0.110512
-0.108996
-0.112170
-0.110754
-0.112404
-0.111864
-0.110922
-0.111529
-0.111578
-0.111788
-0.112015
-0.112119
-0.112490
-0.111985
-0.112349
-0.112410
-0.112553
-0.112859
-0.112857
-0.113035
-0.113077
-0.113203
-0.113193
-0.113346
-0.113380
-0.113499
-0.113485
-0.113596
-0.113624
-0.113726
-0.113730
-0.113891
-0.113865
-0.113965
-0.113966
-0.113947
-0.114019
-0.114045
-0.114087
-0.114118
-0.114146
-0.114184
-0.114140
-0.114195
-0.114207
-0.114217
-0.114277
-0.114258
-0.114291
-0.114272
-0.041312
2.829032
-0.068628
-0.073005
-0.057395
-0.091861
-0.077469
-0.101993
-0.066802
-0.094212
0.092049
-0.086853
0.074664
-0.078845
-0.069374
-0.093220
-0.083449
-0.096145
-0.089349
-0.094159
-0.097537
-0.064224
-0.088742
-0.083496
-0.093655
-0.097445
-0.094378
-0.098976
-0.093344
-0.099075
-0.085016
-0.094406
-0.100222
-0.097078
-0.112435
-0.103435
-0.106876
-0.103293
-0.105722
-0.103618
-0.105792
-0.101909
-0.104020
-0.110097
-0.108209
-0.103427
-0.107002
-0.105602
-0.107626
-0.106550
-0.108366
-0.107101
-0.111012
-0.109570
-0.109369
-0.109722
-0.109230
-0.109683
-0.109809
-0.110033
-0.110261
-0.110408
-0.110660
-0.110561
-0.110918
-0.110603
-0.110865
-0.111239
-0.111258
-0.111451
-0.111474
-0.111630
-0.111762
-0.111857
-0.111771
-0.111926
-0.112001
-0.112099
-0.112135
-0.112241
-0.112261
-0.112441
-0.112416
-0.112464
-0.112511
-0.112514
-0.112579
-0.112613
-0.112658
-0.112693
-0.112727
-0.112758
-0.112762
-0.112807
-0.112766
-0.112816
-0.112858
-0.112834
-0.112894
-0.112877
