-0.680993
2.035306
1.820690
-9.863583
-0.130893
-0.130880
-0.036650
0.687531
2.781430
-2.375440
-0.130890
-0.130884
1.297708
1.722906
6.967604
-2.381258
-0.130888
-0.130889
-0.222272
0.870925
4.116402
-1.606444
-0.130884
-0.130876
0.117308
2.499684
6.152193
-5.705069
-0.130888
-0.130889
0.019887
0.830025
2.085330
-2.083679
-0.130888
-0.130890
9.895883
-0.130442
9.896759
9.895337
-0.130889
-0.130892
5.222401
1.546510
9.210302
2.156642
-0.130888
-0.130890
0.434157
0.084812
0.354744
0.359554
0.715351
-0.038491
-0.063553
0.374901
0.270657
0.181789
0.251164
0.123656
0.157139
0.006425
0.100959
0.024010
0.012643
-0.024168
0.029004
-0.000189
-0.074641
-0.045191
-0.021780
-0.018562
-0.070519
-0.041095
-0.084967
-0.062724
-0.071314
-0.037716
-0.087010
-0.069918
-0.066954
-0.074416
-0.079019
-0.062261
-0.080000
-0.100206
-0.101380
-0.098253
-0.098116
-0.104286
-0.101829
-0.112364
-0.109765
-0.105757
-0.117903
-0.097123
-0.118666
-0.100038
-0.102982
-0.099603
-0.119251
-0.098147
-0.115611
-0.090362
-0.115593
-0.105863
-0.111713
-0.106040
-0.110584
-0.108658
-0.103212
-0.113499
-0.109466
-0.122846
-0.105240
-0.110100
-0.104759
-0.122030
-0.113414
-0.110678
-0.109508
-0.112809
-0.113939
-0.107241
-0.117371
-0.111522
-0.117380
-0.111441
-0.110742
-0.111929
-0.121283
-0.114343
-0.114571
-0.113914
-0.115316
-0.116065
-0.113750
-0.114158
-0.114184
-0.120028
-0.115935
-0.112101
-0.112618
-0.116437
-0.117018
-0.116489
-0.113980
-0.115253
-0.034489
-0.050252
0.054312
-0.059999
0.015088
-0.004030
-0.023022
-0.108090
0.008879
0.005193
-0.047581
-0.064300
-0.107041
0.061554
-0.070755
0.010810
-0.026321
0.012984
-0.064282
0.000291
-0.016138
-0.072903
-0.027466
-0.038490
-0.050488
-0.087217
-0.032767
-0.087203
-0.088544
-0.095204
-0.069128
-0.104982
-0.105105
-0.120023
-0.104771
-0.098534
-0.117072
-0.114788
-0.121781
-0.107650
-0.118408
-0.121630
-0.120731
-0.122167
-0.121201
-0.117883
-0.121458
-0.124336
-0.118367
-0.118066
-0.122245
-0.124269
-0.126835
-0.118328
-0.125489
-0.120362
-0.124353
-0.119444
-0.117593
-0.118342
-0.125627
-0.112933
-0.121088
-0.120361
-0.126542
-0.107303
-0.126810
-0.125158
-0.125721
-0.111247
-0.125977
-0.123227
-0.127977
-0.118389
-0.123238
-0.121623
-0.126564
-0.122109
-0.122297
-0.124547
-0.123608
-0.124086
-0.121582
-0.124322
-0.123904
-0.124006
-0.123989
-0.125336
-0.123357
-0.125009
-0.123778
-0.123407
-0.122150
-0.125625
-0.124693
-0.125249
-0.120758
-0.126477
-0.123359
-0.126754
1.290649
0.241078
0.563064
0.161033
0.210498
0.291527
0.438645
-0.061223
0.216450
0.186283
0.033404
-0.079193
0.027004
0.018532
-0.042692
0.005216
-0.103286
-0.113097
-0.054228
-0.029961
-0.050591
-0.079117
-0.113346
-0.094929
-0.048153
-0.088550
-0.089615
-0.109941
-0.088033
-0.123062
-0.089503
-0.099784
-0.104828
-0.093811
-0.104801
-0.100005
-0.103623
-0.071017
-0.118966
-0.120222
-0.116911
-0.107394
-0.120540
-0.119477
-0.121534
-0.120490
-0.123022
-0.116352
-0.108264
-0.117474
-0.122688
-0.114927
-0.107035
-0.118794
-0.118369
-0.126094
-0.117305
-0.123651
-0.113594
-0.124139
-0.121724
-0.125970
-0.122549
-0.120254
-0.118730
-0.117524
-0.124847
-0.126313
-0.124362
-0.118191
-0.121155
-0.126768
-0.124703
-0.127124
-0.122757
-0.124699
-0.119911
-0.127236
-0.120526
-0.127887
-0.118222
-0.126541
-0.121846
-0.124913
-0.124655
-0.125310
-0.123932
-0.123687
-0.126289
-0.125292
-0.125374
-0.122118
-0.125505
-0.122294
-0.128045
-0.123021
-0.124966
-0.122721
-0.126148
-0.124518
-0.045508
0.098537
0.184083
0.024752
0.168720
-0.037533
-0.016563
0.054399
0.052043
0.030407
0.043466
-0.021378
-0.004879
-0.017441
-0.022989
-0.068418
-0.039277
-0.059323
-0.083611
-0.110429
-0.078074
-0.102297
-0.109210
-0.083518
-0.120295
-0.102236
-0.099879
-0.089273
-0.117638
-0.086111
-0.104456
-0.109277
-0.116132
-0.093163
-0.113964
-0.116220
-0.112332
-0.127647
-0.124010
-0.118496
-0.124096
-0.128151
-0.125947
-0.129467
-0.129200
-0.124856
-0.129101
-0.121686
-0.126007
-0.124642
-0.125097
-0.118119
-0.124258
-0.121401
-0.121723
-0.121055
-0.122289
-0.120514
-0.123344
-0.126023
-0.122069
-0.123628
-0.124328
-0.129253
-0.124181
-0.129526
-0.123464
-0.129307
-0.124405
-0.125158
-0.123765
-0.127109
-0.123576
-0.123951
-0.126108
-0.125038
-0.125212
-0.125382
-0.128280
-0.124255
-0.127550
-0.126800
-0.128898
-0.126337
-0.127991
-0.127248
-0.127790
-0.127733
-0.126625
-0.128130
-0.126925
-0.128676
-0.127300
-0.127342
-0.126148
-0.127497
-0.126985
-0.127164
-0.127079
-0.126999
0.137320
0.171780
1.099185
0.565976
0.481714
0.115241
0.220638
0.455846
0.139919
0.033684
0.207496
0.086981
0.041034
-0.021424
-0.021838
-0.035645
-0.030947
-0.008851
-0.063896
-0.051368
-0.034488
-0.053455
-0.060519
-0.086643
-0.064218
-0.066451
-0.047497
-0.091552
-0.085757
-0.068172
-0.077771
-0.075095
-0.085588
-0.053248
-0.092556
-0.049656
-0.100545
-0.108201
-0.088093
-0.071819
-0.102296
-0.086690
-0.101112
-0.102118
-0.102424
-0.112330
-0.092190
-0.116521
-0.110842
-0.102646
-0.086486
-0.108301
-0.095349
-0.110943
-0.101612
-0.104981
-0.101689
-0.108226
-0.103141
-0.102533
-0.105732
-0.108427
-0.108362
-0.102894
-0.106690
-0.104635
-0.110219
-0.105451
-0.107861
-0.105751
-0.109096
-0.107274
-0.105942
-0.107813
-0.106018
-0.110829
-0.105844
-0.109222
-0.099770
-0.110690
-0.108038
-0.109120
-0.107296
-0.110558
-0.104885
-0.108993
-0.108845
-0.109218
-0.109941
-0.105922
-0.109931
-0.108501
-0.109402
-0.109497
-0.110606
-0.105668
-0.109334
-0.108625
-0.109968
-0.108179
0.024437
0.237200
0.119180
0.276272
-0.012745
-0.042089
0.038954
-0.037722
-0.070605
-0.041510
-0.046292
-0.059061
-0.084116
-0.116960
-0.078087
-0.096281
-0.092822
-0.126157
-0.093572
-0.120348
-0.101746
-0.117580
-0.111433
-0.111898
-0.119052
-0.109763
-0.124611
-0.110789
-0.126647
-0.110329
-0.125556
-0.117359
-0.128232
-0.113970
-0.123546
-0.126588
-0.121840
-0.121227
-0.129392
-0.125927
-0.121080
-0.127565
-0.129350
-0.127694
-0.125572
-0.125231
-0.122188
-0.128528
-0.125413
-0.130526
-0.125674
-0.126873
-0.125769
-0.128444
-0.126236
-0.127453
-0.128389
-0.127488
-0.127722
-0.127572
-0.128283
-0.128669
-0.129000
-0.128403
-0.128223
-0.129309
-0.127908
-0.129590
-0.127667
-0.129219
-0.126866
-0.128815
-0.126396
-0.129220
-0.127867
-0.129079
-0.126231
-0.129427
-0.128065
-0.130124
-0.127475
-0.128619
-0.127745
-0.129076
-0.129408
-0.128766
-0.128266
-0.128248
-0.128618
-0.129093
-0.129408
-0.128144
-0.128917
-0.127839
-0.129617
-0.128326
-0.129270
-0.127702
-0.128910
-0.128222
-1.205358
1.931861
1.869517
-4.457154
-0.130889
-0.130892
2.811312
4.123264
9.234135
-3.346768
-0.130889
-0.130892
-2.215078
1.313015
0.178414
-4.264510
-0.130888
-0.130892
0.478383
2.896979
4.703990
-4.033015
-0.130889
-0.130893
-0.692688
2.715330
4.148119
-5.067428
-0.130889
-0.130892
0.623175
3.487586
6.500968
-4.404355
-0.130889
-0.130892
6.186162
3.756977
11.652059
-0.200325
-0.130889
-0.130892
0.949358
0.014057
1.296933
0.020722
-0.039524
-0.091598
-0.091684
-0.104212
-0.098410
-0.118412
-0.103701
-0.116156
-0.110829
-0.114656
-0.118407
-0.114819
-0.120017
-0.118170
-0.091713
-0.104153
-0.034258
-0.120188
-0.112472
-0.124291
-0.058930
-0.109277
-0.118531
-0.118933
-0.119601
-0.120793
-0.120482
-0.122507
-0.121643
-0.122404
-0.123051
-0.122137
-0.124015
-0.122537
-0.123901
-0.123839
-0.114128
-0.115592
-0.118221
-0.125141
-0.125428
-0.126452
-0.114715
-0.122893
-0.125343
-0.124854
-0.125536
-0.125349
-0.125592
-0.125695
-0.125840
-0.125722
-0.126241
-0.125587
-0.126243
-0.125848
-0.126114
-0.126778
-0.120927
-0.120848
-0.129032
-0.125946
-0.125649
-0.124966
-0.125444
-0.126670
-0.127361
-0.127019
-0.127279
-0.126923
-0.127168
-0.127138
-0.127196
-0.127179
-0.127318
-0.127185
-0.127225
-0.127363
-0.127183
-0.127631
-0.125201
-0.125219
-0.127405
-0.127389
-0.125905
-0.125011
-0.126961
-0.127840
-0.127292
-0.127559
-0.127266
-0.127194
-0.127298
-0.127462
-0.127328
-0.127433
2.782279
0.003109
2.841129
0.152491
0.051522
-0.054018
-0.049738
-0.081408
-0.074256
-0.090979
-0.089966
-0.092177
-0.101087
-0.099240
-0.112236
-0.100151
-0.123702
-0.101797
-0.081721
-0.127622
0.087587
-0.092107
-0.079361
-0.082040
0.009243
-0.088007
-0.103162
-0.107304
-0.109931
-0.109660
-0.114181
-0.110713
-0.117293
-0.111547
-0.119333
-0.112835
-0.121674
-0.113588
-0.123641
-0.114826
-0.109176
-0.119270
-0.087203
-0.112939
-0.103402
-0.101822
-0.107632
-0.112880
-0.122567
-0.117057
-0.122387
-0.117940
-0.122519
-0.118415
-0.122622
-0.118989
-0.122695
-0.119440
-0.122676
-0.119885
-0.122720
-0.120972
-0.113916
-0.117887
-0.117983
-0.122700
-0.113613
-0.110588
-0.127402
-0.119511
-0.124910
-0.121109
-0.124023
-0.122041
-0.123678
-0.122368
-0.123348
-0.122800
-0.123184
-0.123142
-0.122872
-0.123574
-0.122651
-0.125200
-0.117694
-0.119272
-0.123992
-0.124504
-0.120262
-0.118104
-0.123873
-0.122279
-0.123348
-0.121735
-0.121779
-0.124681
-0.122930
-0.124069
-0.122920
-0.124021
1.948169
0.201245
0.807299
-0.012998
0.011140
-0.087058
-0.098840
-0.107818
-0.108317
-0.112560
-0.115727
-0.116606
-0.120217
-0.118894
-0.122270
-0.119289
-0.122573
-0.119000
-0.121217
-0.124448
-0.059232
-0.126382
-0.115594
-0.114728
-0.090655
-0.118281
-0.112311
-0.120482
-0.121483
-0.122518
-0.123433
-0.123083
-0.124512
-0.123701
-0.125168
-0.124239
-0.125339
-0.124398
-0.124178
-0.123762
-0.123853
-0.123402
-0.119864
-0.126789
-0.126605
-0.125317
-0.123571
-0.126349
-0.125629
-0.126427
-0.127082
-0.126704
-0.127430
-0.126846
-0.127492
-0.126987
-0.127446
-0.127160
-0.127299
-0.127309
-0.126333
-0.126780
-0.125086
-0.125068
-0.129010
-0.127424
-0.127762
-0.126438
-0.128812
-0.127814
-0.128717
-0.128205
-0.128687
-0.128132
-0.128548
-0.128293
-0.128461
-0.128413
-0.128350
-0.128525
-0.128266
-0.128719
-0.127795
-0.128589
-0.127039
-0.127368
-0.128706
-0.128582
-0.127899
-0.127190
-0.128388
-0.128563
-0.128566
-0.128653
-0.128468
-0.128565
-0.128408
-0.128651
-0.128456
-0.128669
0.476190
0.063986
1.973979
0.054669
-0.074884
-0.078445
-0.083661
-0.090345
-0.102047
-0.100066
-0.107959
-0.104703
-0.114658
-0.106655
-0.118138
-0.111536
-0.120129
-0.113420
-0.085441
-0.112277
0.007837
-0.115624
-0.125734
-0.109158
-0.021130
-0.101175
-0.109114
-0.111691
-0.113746
-0.113277
-0.117944
-0.115222
-0.119749
-0.116295
-0.121083
-0.116985
-0.121077
-0.118101
-0.120788
-0.118520
-0.110017
-0.114520
-0.110764
-0.120707
-0.124387
-0.116423
-0.109328
-0.120820
-0.122346
-0.121423
-0.123759
-0.121586
-0.124367
-0.122221
-0.124537
-0.122596
-0.124561
-0.122931
-0.123999
-0.123385
-0.123521
-0.123930
-0.116364
-0.118339
-0.129082
-0.124290
-0.122530
-0.118315
-0.127130
-0.125226
-0.126784
-0.124969
-0.126533
-0.124983
-0.126157
-0.125371
-0.125942
-0.125643
-0.125749
-0.125985
-0.125476
-0.126331
-0.125445
-0.127775
-0.121343
-0.122656
-0.126476
-0.126743
-0.123547
-0.121185
-0.126205
-0.126185
-0.125985
-0.125457
-0.125152
-0.126658
-0.125857
-0.126300
-0.125698
-0.126333
0.418459
0.450470
1.777714
-0.007988
-0.037727
-0.088888
-0.094431
-0.104500
-0.108630
-0.111931
-0.114703
-0.115308
-0.118327
-0.117348
-0.120293
-0.118841
-0.119239
-0.118573
-0.107432
-0.115608
0.013566
-0.123311
-0.095329
-0.098100
-0.048291
-0.114346
-0.113243
-0.120412
-0.120368
-0.121925
-0.122832
-0.122910
-0.123982
-0.123528
-0.124481
-0.123935
-0.124338
-0.124354
-0.123143
-0.124178
-0.116270
-0.117258
-0.106159
-0.125869
-0.118560
-0.119750
-0.115679
-0.125588
-0.125256
-0.126453
-0.126759
-0.126630
-0.127188
-0.126885
-0.127332
-0.127076
-0.127291
-0.127235
-0.126976
-0.127485
-0.126171
-0.127716
-0.121598
-0.121404
-0.124549
-0.126087
-0.124481
-0.123961
-0.127096
-0.128094
-0.128578
-0.128347
-0.128777
-0.128042
-0.128536
-0.128349
-0.128469
-0.128491
-0.128374
-0.128638
-0.128244
-0.128808
-0.127920
-0.128946
-0.125881
-0.125779
-0.128120
-0.127651
-0.127014
-0.126077
-0.128429
-0.128935
-0.128557
-0.128836
-0.128660
-0.128304
-0.128477
-0.128643
-0.128503
-0.128690
0.636432
0.441120
2.333257
0.053321
-0.016286
-0.058614
-0.062815
-0.082709
-0.085924
-0.091293
-0.099859
-0.096681
-0.109716
-0.100333
-0.117758
-0.102785
-0.121786
-0.104687
-0.105305
-0.112402
0.043166
-0.116707
-0.108301
-0.083599
-0.008614
-0.101039
-0.098845
-0.107388
-0.109908
-0.109975
-0.115007
-0.111369
-0.118058
-0.112609
-0.119973
-0.113665
-0.121070
-0.114573
-0.120625
-0.115047
-0.113500
-0.115765
-0.098323
-0.119162
-0.115278
-0.106133
-0.109248
-0.117830
-0.120667
-0.118383
-0.122540
-0.119025
-0.123126
-0.119577
-0.123306
-0.120099
-0.123227
-0.120570
-0.122808
-0.121085
-0.121791
-0.121310
-0.115933
-0.118007
-0.122032
-0.124185
-0.118757
-0.113504
-0.127802
-0.121700
-0.125869
-0.122498
-0.125115
-0.123108
-0.124754
-0.123498
-0.124413
-0.123911
-0.124112
-0.124317
-0.123724
-0.124846
-0.123174
-0.125860
-0.119257
-0.120930
-0.125096
-0.125535
-0.121766
-0.119642
-0.124581
-0.123522
-0.124562
-0.123265
-0.123024
-0.125446
-0.123999
-0.124999
-0.123963
-0.124986
