-0.240902
2.688123
3.775343
-12.219374
-0.124803
-0.124790
-0.087726
0.977227
1.333962
-4.359364
-0.124804
-0.124788
1.224053
1.761074
4.549727
-2.491347
-0.124799
-0.124801
-0.066550
0.679644
2.569595
-2.027011
-0.124798
-0.124797
0.377495
3.327790
7.631214
-8.472737
-0.124799
-0.124798
0.100240
1.122956
3.045380
-2.689111
-0.124798
-0.124800
9.368725
-0.124437
9.369464
9.368119
-0.124797
-0.124799
5.069293
1.202314
7.563983
2.728962
-0.124798
-0.124801
0.043114
0.081663
0.679260
0.325330
0.865256
0.081925
0.479588
0.145565
0.072579
0.077198
0.557075
0.102113
0.246483
0.131138
0.287303
-0.020754
0.239737
0.148065
0.231105
0.015312
0.107693
0.016368
0.156064
0.021444
0.042541
0.010202
0.064630
-0.094170
0.000983
-0.009116
-0.008805
-0.061171
-0.035680
-0.116555
-0.048926
-0.077350
-0.063634
-0.074442
-0.067557
-0.069658
-0.075174
-0.084105
-0.088437
-0.057070
-0.093473
-0.057182
-0.095729
-0.073036
-0.094174
-0.045161
-0.110029
-0.056907
-0.090835
-0.048200
-0.092343
-0.054421
-0.103954
-0.048204
-0.088577
-0.058807
-0.093961
-0.052084
-0.101642
-0.065551
-0.088852
-0.060875
-0.091130
-0.070045
-0.101556
-0.072143
-0.087289
-0.079272
-0.091722
-0.078813
-0.090982
-0.082489
-0.087105
-0.086534
-0.085409
-0.085120
-0.086121
-0.087653
-0.084712
-0.090537
-0.083630
-0.090833
-0.084835
-0.089144
-0.081998
-0.093671
-0.084082
-0.091261
-0.081424
-0.090021
-0.082868
-0.091530
-0.081537
-0.090605
-0.083085
-0.090175
-0.077580
-0.108540
-0.031332
0.094839
0.172986
0.001890
0.000122
0.007575
-0.036701
0.090497
0.114604
-0.043898
-0.041619
0.085985
0.089269
0.043824
0.008034
-0.073547
-0.033131
0.009937
0.021954
-0.056266
-0.086957
-0.051247
-0.007621
-0.023693
-0.039560
-0.059072
-0.077690
-0.039652
-0.060328
-0.080918
-0.101821
-0.076166
-0.083590
-0.079596
-0.102682
-0.091299
-0.096353
-0.097728
-0.097416
-0.096039
-0.092173
-0.108360
-0.103570
-0.103171
-0.100787
-0.108241
-0.114130
-0.093349
-0.106920
-0.107108
-0.115811
-0.096871
-0.116531
-0.096859
-0.118364
-0.110202
-0.114764
-0.094552
-0.112970
-0.111546
-0.118060
-0.098861
-0.110677
-0.102135
-0.111078
-0.107713
-0.104127
-0.102456
-0.108061
-0.109806
-0.105447
-0.106484
-0.105721
-0.109366
-0.105854
-0.106985
-0.107464
-0.107736
-0.107434
-0.106446
-0.109250
-0.107316
-0.107573
-0.107131
-0.109472
-0.109464
-0.106862
-0.108355
-0.108637
-0.111031
-0.107564
-0.111043
-0.107393
-0.112095
-0.109244
-0.111320
-0.107169
-0.111333
1.223342
-0.030965
0.775086
0.157147
0.459038
0.001968
0.332242
-0.073307
0.214197
-0.000495
0.071309
-0.056749
0.119713
-0.075771
-0.048502
-0.063301
-0.054461
-0.044698
-0.025069
-0.105869
-0.101114
-0.051995
-0.073986
-0.073233
-0.100538
-0.099519
-0.110309
-0.049669
-0.115209
-0.073797
-0.106544
-0.088090
-0.108472
-0.079122
-0.118672
-0.098983
-0.104289
-0.095336
-0.117123
-0.117258
-0.114021
-0.103147
-0.113758
-0.100548
-0.116888
-0.108259
-0.114880
-0.100919
-0.111429
-0.120548
-0.108353
-0.109764
-0.114645
-0.116137
-0.113727
-0.119273
-0.111081
-0.115434
-0.120062
-0.119180
-0.114165
-0.120802
-0.113060
-0.120869
-0.118487
-0.124214
-0.112294
-0.123480
-0.113005
-0.121164
-0.117292
-0.116770
-0.114762
-0.123131
-0.118831
-0.115868
-0.115964
-0.119017
-0.119738
-0.119895
-0.118941
-0.117978
-0.116463
-0.119048
-0.121694
-0.117860
-0.117896
-0.118884
-0.121009
-0.117252
-0.120119
-0.117881
-0.121054
-0.119103
-0.120554
-0.118463
-0.121325
-0.119140
-0.120156
-0.119302
-0.067378
0.035151
0.250816
-0.096891
0.011621
-0.005697
-0.002772
-0.008704
-0.022586
0.031623
0.039368
-0.089859
-0.054839
-0.037366
-0.049484
-0.086093
-0.095211
-0.098617
-0.091106
-0.090413
-0.104207
-0.108652
-0.115708
-0.100250
-0.112198
-0.103238
-0.101720
-0.097735
-0.121283
-0.088047
-0.104455
-0.104692
-0.117385
-0.112102
-0.116149
-0.120615
-0.122382
-0.116757
-0.121994
-0.122794
-0.121988
-0.117179
-0.123623
-0.121575
-0.122738
-0.118494
-0.118640
-0.120195
-0.115417
-0.116491
-0.119030
-0.121259
-0.117486
-0.118265
-0.122135
-0.123171
-0.121052
-0.120880
-0.120989
-0.123642
-0.122391
-0.121993
-0.120651
-0.123925
-0.122680
-0.121183
-0.119898
-0.124594
-0.119379
-0.121993
-0.120379
-0.124186
-0.121890
-0.123133
-0.124449
-0.123672
-0.123488
-0.123901
-0.124372
-0.124106
-0.123213
-0.124210
-0.124465
-0.124327
-0.123237
-0.123936
-0.123907
-0.123359
-0.123354
-0.123202
-0.124010
-0.123464
-0.123507
-0.124429
-0.124377
-0.124037
-0.124199
-0.124397
-0.124707
-0.124077
0.388243
0.472423
0.799505
0.097320
1.309917
0.333127
1.064956
0.052574
0.048588
0.068222
0.543039
-0.072754
0.127881
0.025781
0.154653
-0.051774
0.080618
0.021435
0.014104
-0.014141
-0.020036
-0.009006
-0.016741
0.000968
-0.076878
-0.006960
-0.070173
-0.040966
-0.077049
0.010433
-0.122546
-0.064425
-0.099973
-0.026689
-0.103828
-0.042444
-0.100214
-0.088771
-0.083681
-0.085178
-0.089445
-0.108468
-0.105461
-0.091871
-0.105196
-0.068919
-0.106903
-0.102601
-0.103765
-0.087323
-0.101894
-0.094371
-0.099914
-0.105562
-0.099373
-0.099735
-0.097267
-0.108439
-0.098892
-0.106847
-0.098026
-0.108066
-0.097691
-0.104787
-0.095606
-0.111700
-0.102772
-0.102314
-0.095124
-0.108017
-0.101436
-0.105295
-0.102125
-0.102264
-0.099217
-0.110862
-0.104738
-0.104356
-0.101289
-0.101590
-0.104135
-0.104454
-0.109768
-0.103611
-0.103891
-0.105902
-0.106583
-0.104959
-0.106880
-0.104500
-0.105304
-0.105738
-0.108161
-0.104907
-0.106138
-0.105301
-0.107824
-0.105281
-0.106800
-0.105522
0.098990
0.120617
0.434260
0.091129
0.214651
0.200314
0.063212
-0.100596
0.067443
-0.041130
0.015978
-0.078403
-0.041275
-0.075183
-0.044118
-0.082249
-0.089927
-0.082123
-0.072783
-0.084799
-0.092193
-0.103167
-0.103246
-0.105161
-0.111065
-0.097444
-0.113734
-0.109154
-0.119262
-0.106464
-0.110487
-0.104636
-0.122879
-0.108879
-0.107963
-0.104970
-0.116750
-0.111581
-0.120237
-0.120409
-0.119547
-0.114952
-0.120764
-0.115428
-0.110933
-0.119621
-0.119001
-0.116551
-0.115719
-0.118286
-0.122976
-0.119291
-0.122185
-0.119560
-0.123051
-0.121691
-0.120776
-0.119426
-0.120093
-0.120316
-0.121219
-0.120646
-0.120985
-0.121628
-0.120062
-0.121728
-0.121237
-0.122913
-0.121169
-0.121841
-0.121369
-0.124432
-0.121346
-0.122348
-0.119926
-0.123797
-0.122225
-0.123227
-0.123260
-0.123149
-0.122645
-0.123663
-0.123746
-0.121287
-0.123974
-0.122444
-0.123319
-0.121957
-0.124080
-0.122982
-0.123693
-0.123536
-0.124174
-0.123644
-0.123932
-0.124195
-0.124419
-0.124267
-0.124323
-0.124417
-2.181676
1.305059
-0.111985
-4.348479
-0.124799
-0.124802
1.117899
1.860713
4.037660
-1.586289
-0.124799
-0.124802
-1.800522
1.712196
1.099980
-4.654862
-0.124799
-0.124802
1.614884
4.165088
8.667032
-4.241628
-0.124799
-0.124802
1.810697
3.764601
7.133985
-4.196189
-0.124799
-0.124802
-0.485049
3.954867
5.553179
-6.636493
-0.124799
-0.124802
5.168764
2.130285
8.717234
1.805103
-0.124799
-0.124802
1.924522
-0.017520
0.872355
-0.087522
-0.077758
-0.103850
-0.103920
-0.108881
-0.114859
-0.122719
-0.117075
-0.110098
-0.112778
-0.115698
-0.114285
-0.116842
-0.097574
-0.080984
-0.059478
-0.108517
-0.109673
-0.089611
-0.084988
-0.110697
-0.121739
-0.120463
-0.122212
-0.121695
-0.121542
-0.121611
-0.122071
-0.122304
-0.122105
-0.121736
-0.122544
-0.121627
-0.122553
-0.109816
-0.117135
-0.120222
-0.120373
-0.108464
-0.124427
-0.124396
-0.122988
-0.123199
-0.122937
-0.123110
-0.123377
-0.123155
-0.122784
-0.122985
-0.123165
-0.123304
-0.123297
-0.122576
-0.122474
-0.117737
-0.123131
-0.122896
-0.122005
-0.119400
-0.123393
-0.123663
-0.123757
-0.123853
-0.123841
-0.123787
-0.123628
-0.123732
-0.123912
-0.123901
-0.123841
-0.123980
-0.123845
-0.124666
-0.123330
-0.121851
-0.123042
-0.123118
-0.121537
-0.124185
-0.124290
-0.123882
-0.123808
-0.124003
-0.123981
-0.123956
-0.123937
-0.123890
-0.123922
-0.123950
-0.123963
-0.123923
-0.123960
-0.123931
-0.123375
-0.123939
-0.123866
-0.123906
1.116229
-0.011212
1.252552
0.008715
-0.040401
-0.078784
-0.095889
-0.097864
-0.101695
-0.095887
-0.100920
-0.107024
-0.103445
-0.102046
-0.098680
-0.097904
-0.087256
-0.066030
-0.045164
-0.118941
-0.115551
-0.080864
-0.072767
-0.105617
-0.112706
-0.116001
-0.118541
-0.120065
-0.120575
-0.120236
-0.120182
-0.121195
-0.120680
-0.120996
-0.120537
-0.120749
-0.116866
-0.100843
-0.117831
-0.121846
-0.122002
-0.105761
-0.121124
-0.120600
-0.122746
-0.122886
-0.122994
-0.122767
-0.122741
-0.122831
-0.123048
-0.122796
-0.122919
-0.122765
-0.122803
-0.121693
-0.121799
-0.116443
-0.123848
-0.123149
-0.121263
-0.117831
-0.123384
-0.124312
-0.124669
-0.124690
-0.124577
-0.124584
-0.124768
-0.124760
-0.124686
-0.124670
-0.124632
-0.124414
-0.124235
-0.123551
-0.121595
-0.122269
-0.124213
-0.124473
-0.121890
-0.122925
-0.123748
-0.124260
-0.124463
-0.124341
-0.124452
-0.124606
-0.124581
-0.124593
-0.124665
-0.124697
-0.124699
-0.124668
-0.124601
-0.124610
-0.123380
-0.124759
-0.124716
-0.124755
1.566225
0.103125
1.147428
-0.051791
-0.067843
-0.092497
-0.112592
-0.103184
-0.104557
-0.119882
-0.111443
-0.110832
-0.117226
-0.117175
-0.119331
-0.120264
-0.111185
-0.089419
-0.024419
-0.089446
-0.092903
-0.067743
-0.086188
-0.117146
-0.121629
-0.122153
-0.120797
-0.121128
-0.120454
-0.120592
-0.121884
-0.120110
-0.120595
-0.121422
-0.120136
-0.120003
-0.118329
-0.102549
-0.117417
-0.121607
-0.120618
-0.106719
-0.120943
-0.120705
-0.122023
-0.122181
-0.121964
-0.121996
-0.122636
-0.122182
-0.121863
-0.122396
-0.122389
-0.122297
-0.122387
-0.123172
-0.122769
-0.113644
-0.121336
-0.121010
-0.119943
-0.119200
-0.123003
-0.122961
-0.122907
-0.122619
-0.122765
-0.122811
-0.122522
-0.122724
-0.122653
-0.122638
-0.122695
-0.122491
-0.122524
-0.121884
-0.119992
-0.123963
-0.124062
-0.123920
-0.123460
-0.121820
-0.122449
-0.122869
-0.122974
-0.122868
-0.122900
-0.122982
-0.123000
-0.122926
-0.123040
-0.123058
-0.122990
-0.123041
-0.123094
-0.123072
-0.123117
-0.123059
-0.123048
-0.123069
1.634143
0.519553
2.808477
0.099500
-0.010411
-0.063607
-0.073114
-0.086455
-0.090604
-0.094686
-0.096641
-0.097206
-0.098390
-0.097291
-0.095890
-0.088321
-0.081414
-0.024952
0.087780
-0.077650
-0.080783
-0.005866
-0.021214
-0.092874
-0.103993
-0.110898
-0.113558
-0.115238
-0.116086
-0.116877
-0.117268
-0.117360
-0.117388
-0.116622
-0.116470
-0.114212
-0.110531
-0.073982
-0.107985
-0.120512
-0.120988
-0.082323
-0.118908
-0.122721
-0.123635
-0.123613
-0.123309
-0.123240
-0.123203
-0.123077
-0.122952
-0.122886
-0.122731
-0.122718
-0.122313
-0.122395
-0.121028
-0.103631
-0.122742
-0.121471
-0.116533
-0.109622
-0.122126
-0.123404
-0.124113
-0.124116
-0.124079
-0.123995
-0.123944
-0.123849
-0.123744
-0.123616
-0.123370
-0.123255
-0.122757
-0.121989
-0.117401
-0.119207
-0.123493
-0.123392
-0.117821
-0.122066
-0.123900
-0.124363
-0.124432
-0.124371
-0.124677
-0.124781
-0.124747
-0.124713
-0.124687
-0.124666
-0.124607
-0.124612
-0.124589
-0.124511
-0.121694
-0.124615
-0.124642
-0.124323
1.791389
0.233278
2.571719
0.073586
0.012910
-0.041240
-0.058650
-0.070448
-0.078014
-0.082786
-0.086481
-0.089175
-0.090462
-0.090974
-0.090879
-0.086422
-0.083526
-0.029314
0.063931
-0.075235
-0.078072
-0.017634
-0.033244
-0.099907
-0.106629
-0.111366
-0.112943
-0.113882
-0.114440
-0.114683
-0.114855
-0.114894
-0.114750
-0.114353
-0.113842
-0.112205
-0.109212
-0.074837
-0.114612
-0.122893
-0.120034
-0.086851
-0.118040
-0.119724
-0.120786
-0.120669
-0.120663
-0.120625
-0.120572
-0.120556
-0.120525
-0.120473
-0.120419
-0.120434
-0.120196
-0.120375
-0.118858
-0.107029
-0.120894
-0.119620
-0.115830
-0.112990
-0.124735
-0.123583
-0.123079
-0.122900
-0.122682
-0.122566
-0.122488
-0.122429
-0.122363
-0.122295
-0.122203
-0.122060
-0.121810
-0.121037
-0.116765
-0.121121
-0.124037
-0.123699
-0.119633
-0.120766
-0.122306
-0.122730
-0.122795
-0.122873
-0.122944
-0.123000
-0.123025
-0.123048
-0.123068
-0.123090
-0.123120
-0.123141
-0.123203
-0.123243
-0.123547
-0.122906
-0.123062
-0.123057
0.227066
0.104672
2.716698
0.075967
-0.032734
-0.036904
-0.056142
-0.063800
-0.070899
-0.075457
-0.078898
-0.081205
-0.082208
-0.082064
-0.079353
-0.076663
-0.051592
0.004817
0.036308
-0.105376
-0.104051
-0.039691
-0.012239
-0.086954
-0.104484
-0.109028
-0.112298
-0.114028
-0.115048
-0.115741
-0.116235
-0.116572
-0.116640
-0.116812
-0.116476
-0.117423
-0.110379
-0.075313
-0.112250
-0.117638
-0.116140
-0.085606
-0.118520
-0.118650
-0.121148
-0.121223
-0.121276
-0.121260
-0.121310
-0.121354
-0.121369
-0.121355
-0.121378
-0.121249
-0.121176
-0.119354
-0.118567
-0.107353
-0.121800
-0.121262
-0.118259
-0.110177
-0.122321
-0.124466
-0.124532
-0.124674
-0.124637
-0.124682
-0.124743
-0.124779
-0.124676
-0.124533
-0.124372
-0.124112
-0.123866
-0.122438
-0.117931
-0.119887
-0.123333
-0.123548
-0.118811
-0.120803
-0.122840
-0.123840
-0.124232
-0.123948
-0.124171
-0.124341
-0.124404
-0.124457
-0.124494
-0.124517
-0.124539
-0.124534
-0.124618
-0.124463
-0.121826
-0.124742
-0.124714
-0.124576
