-0.621123
2.886746
3.528968
-10.475076
-0.108326
-0.108319
-0.140130
1.202144
1.766584
-4.557196
-0.108326
-0.108319
1.000047
2.086043
6.411095
-4.577330
-0.108323
-0.108323
-0.002205
1.115369
2.518057
-2.562603
-0.108323
-0.108325
-0.055296
4.175185
10.708330
-11.661974
-0.108324
-0.108320
-0.249576
0.769702
1.141359
-2.291447
-0.108324
-0.108325
8.579631
-0.108028
8.580070
8.579048
-0.108324
-0.108325
5.010829
2.312840
9.467470
1.058144
-0.108323
-0.108325
0.403613
0.478938
0.928767
0.844214
0.092156
0.648672
0.802258
0.238084
0.292457
0.331202
0.096817
0.048066
0.004904
-0.027634
-0.070323
0.014959
-0.002778
-0.047630
0.059608
0.006267
-0.040507
0.033857
-0.015848
-0.061603
-0.057631
-0.078915
-0.079856
-0.096238
-0.080762
-0.088059
-0.069045
-0.092145
-0.074865
-0.047598
-0.070589
-0.072643
-0.073492
-0.077689
-0.087186
-0.100128
-0.084807
-0.102857
-0.081505
-0.090662
-0.092311
-0.078693
-0.090283
-0.090720
-0.088045
-0.093418
-0.100187
-0.106379
-0.103984
-0.105563
-0.097464
-0.104208
-0.098639
-0.098918
-0.101450
-0.099656
-0.098615
-0.101543
-0.105082
-0.105437
-0.105601
-0.105903
-0.103808
-0.107710
-0.103397
-0.104313
-0.106076
-0.105048
-0.106218
-0.106699
-0.107001
-0.106525
-0.106974
-0.105595
-0.105680
-0.106322
-0.105720
-0.106395
-0.106483
-0.106502
-0.106831
-0.107056
-0.107084
-0.107287
-0.107361
-0.107089
-0.107319
-0.107332
-0.107331
-0.107600
-0.107599
-0.107762
-0.107863
-0.107922
-0.107982
-0.108017
-0.080299
0.167028
0.291053
0.146378
0.139574
0.157288
0.115895
0.144976
-0.040116
0.149131
0.061438
-0.039117
0.177341
0.021505
0.025752
0.092668
-0.048968
0.015618
-0.023157
-0.051943
-0.035837
-0.074408
-0.075167
-0.069541
-0.087346
-0.095265
-0.094822
-0.095275
-0.095006
-0.093244
-0.091746
-0.100681
-0.087654
-0.096431
-0.089327
-0.090184
-0.075085
-0.095580
-0.089717
-0.077612
-0.104361
-0.089189
-0.091749
-0.099870
-0.089039
-0.098479
-0.097328
-0.091570
-0.103882
-0.101304
-0.103708
-0.104342
-0.104356
-0.104388
-0.107384
-0.105165
-0.107284
-0.106412
-0.105089
-0.103936
-0.106061
-0.105300
-0.106707
-0.103475
-0.104973
-0.104070
-0.101773
-0.104649
-0.102407
-0.105069
-0.103582
-0.105446
-0.105908
-0.105684
-0.106785
-0.105457
-0.105881
-0.105040
-0.105661
-0.105596
-0.105672
-0.105378
-0.105513
-0.105395
-0.105426
-0.105424
-0.105512
-0.105307
-0.105493
-0.105236
-0.105374
-0.105375
-0.105415
-0.105475
-0.105403
-0.105470
-0.105369
-0.105415
-0.105347
-0.105350
0.987890
0.751765
0.601696
0.198554
0.606521
0.303766
0.218296
0.155068
0.201232
0.085818
-0.073247
0.067596
0.000087
-0.042141
-0.047487
-0.036725
-0.035782
-0.076937
-0.062047
-0.054971
-0.067329
-0.081423
-0.072194
-0.086376
-0.080626
-0.081996
-0.092028
-0.093287
-0.092033
-0.093549
-0.089136
-0.077629
-0.084489
-0.091952
-0.089317
-0.093317
-0.098547
-0.104853
-0.103218
-0.105600
-0.099274
-0.103306
-0.100725
-0.096297
-0.105854
-0.101190
-0.104247
-0.100936
-0.103385
-0.102585
-0.100598
-0.103107
-0.097379
-0.104478
-0.104128
-0.100828
-0.106556
-0.102352
-0.101128
-0.106479
-0.103077
-0.107106
-0.104240
-0.106027
-0.104806
-0.105154
-0.105549
-0.104462
-0.105597
-0.105457
-0.105980
-0.105922
-0.106290
-0.105698
-0.106343
-0.105732
-0.105591
-0.106461
-0.105242
-0.106329
-0.105907
-0.105834
-0.106209
-0.105916
-0.105922
-0.106146
-0.105885
-0.106089
-0.105868
-0.106052
-0.105925
-0.105999
-0.106031
-0.105959
-0.106058
-0.106031
-0.106010
-0.106022
-0.106009
-0.105984
0.008083
0.362341
0.385631
0.280541
0.023152
0.075453
0.069172
-0.014765
-0.021277
-0.024298
-0.088271
0.000234
-0.054665
-0.056402
-0.087773
-0.064153
-0.062195
-0.078099
-0.082357
-0.086652
-0.073283
-0.068208
-0.105825
-0.094340
-0.090212
-0.076153
-0.101546
-0.098031
-0.101880
-0.093584
-0.095803
-0.100635
-0.104011
-0.092906
-0.097044
-0.094854
-0.096392
-0.101539
-0.107545
-0.098513
-0.102165
-0.103042
-0.104459
-0.096933
-0.105018
-0.100782
-0.100556
-0.103043
-0.106925
-0.104201
-0.104198
-0.105177
-0.104515
-0.103310
-0.105098
-0.103319
-0.104757
-0.102585
-0.104744
-0.104921
-0.105407
-0.104560
-0.106451
-0.106442
-0.105369
-0.104846
-0.105826
-0.104603
-0.105509
-0.105315
-0.105767
-0.105285
-0.106068
-0.105933
-0.105724
-0.105517
-0.105579
-0.105372
-0.105702
-0.105702
-0.105937
-0.105732
-0.105884
-0.105850
-0.105958
-0.105767
-0.105831
-0.105871
-0.105977
-0.105868
-0.105859
-0.105920
-0.105937
-0.105907
-0.105978
-0.105950
-0.105963
-0.105960
-0.105974
-0.105955
-0.047778
1.081646
1.765039
1.258817
0.246781
0.797766
0.833285
0.184704
0.210319
0.280126
-0.027637
0.050461
0.065909
-0.030213
-0.024220
0.024275
-0.025940
-0.034347
0.030601
-0.071411
-0.015013
-0.003197
-0.070516
-0.068023
-0.067120
-0.095451
-0.093362
-0.066243
-0.081164
-0.071870
-0.065775
-0.097840
-0.060146
-0.060755
-0.090698
-0.078911
-0.088677
-0.097061
-0.093549
-0.104812
-0.102776
-0.106639
-0.103675
-0.102218
-0.104327
-0.093971
-0.101515
-0.093912
-0.091237
-0.096679
-0.089603
-0.096944
-0.099574
-0.099114
-0.103975
-0.099313
-0.098268
-0.104581
-0.103145
-0.104214
-0.105331
-0.106213
-0.103070
-0.101697
-0.104402
-0.101544
-0.103133
-0.103086
-0.103017
-0.103343
-0.103981
-0.103432
-0.104565
-0.104149
-0.104800
-0.105174
-0.105040
-0.106063
-0.104544
-0.105207
-0.104759
-0.104141
-0.104955
-0.104884
-0.104818
-0.104819
-0.104554
-0.104808
-0.104655
-0.104920
-0.105032
-0.104916
-0.105104
-0.104997
-0.105044
-0.105032
-0.105010
-0.105006
-0.105014
-0.104970
0.032074
0.107567
-0.030172
0.194404
0.066154
0.233322
-0.009143
0.068445
0.076861
-0.084093
-0.046580
-0.063435
-0.099200
-0.086557
-0.100138
-0.078593
-0.079267
-0.102841
-0.089449
-0.085081
-0.088500
-0.095208
-0.062817
-0.092922
-0.076462
-0.096745
-0.098444
-0.098827
-0.097173
-0.097737
-0.094345
-0.096068
-0.091084
-0.101270
-0.095566
-0.102896
-0.104811
-0.105559
-0.102097
-0.104364
-0.103640
-0.103126
-0.106350
-0.104678
-0.104807
-0.104843
-0.101660
-0.105260
-0.100052
-0.102468
-0.105228
-0.105722
-0.105474
-0.105742
-0.106074
-0.106773
-0.106622
-0.106374
-0.105356
-0.107016
-0.107148
-0.105350
-0.105200
-0.105919
-0.105667
-0.106464
-0.106279
-0.106543
-0.106789
-0.106420
-0.106563
-0.106564
-0.106509
-0.106831
-0.106626
-0.107226
-0.106842
-0.106997
-0.106566
-0.106869
-0.106789
-0.106807
-0.106800
-0.106832
-0.106877
-0.106931
-0.106802
-0.106843
-0.106800
-0.106920
-0.106905
-0.106967
-0.106938
-0.106957
-0.106952
-0.106946
-0.106959
-0.106957
-0.106961
-0.106970
-1.354102
0.919261
-0.142482
-3.105941
-0.108324
-0.108326
1.490934
1.234223
3.378156
-0.528810
-0.108323
-0.108326
-1.277471
1.248523
0.869722
-3.103391
-0.108323
-0.108326
1.454074
2.750039
5.375004
-2.794142
-0.108323
-0.108326
0.930165
4.392639
7.229230
-5.521798
-0.108323
-0.108326
-0.115216
4.872322
6.583183
-7.477844
-0.108323
-0.108326
3.690733
1.873430
6.620396
0.803657
-0.108323
-0.108326
1.145509
0.599258
0.056479
-0.102227
-0.099477
-0.103867
-0.094801
-0.099077
-0.102640
-0.098525
-0.100561
-0.093401
-0.106113
-0.069033
-0.091126
-0.086741
-0.090847
-0.101378
-0.102624
-0.105284
-0.104939
-0.104392
-0.106620
-0.105365
-0.105153
-0.102152
-0.102718
-0.103556
-0.102432
-0.106223
-0.104441
-0.105988
-0.106158
-0.106971
-0.106786
-0.106623
-0.107315
-0.107017
-0.107034
-0.105387
-0.103924
-0.107933
-0.105270
-0.107154
-0.107463
-0.107517
-0.107533
-0.107875
-0.107505
-0.107684
-0.107888
-0.107782
-0.107951
-0.107354
-0.106063
-0.107367
-0.106715
-0.106973
-0.107447
-0.107477
-0.107589
-0.107652
-0.107534
-0.107683
-0.107687
-0.107668
-0.107646
-0.107651
-0.107671
-0.107936
-0.107553
-0.107500
-0.107601
-0.107617
-0.107662
-0.107662
-0.107647
-0.107685
-0.107682
-0.107683
-0.107650
-0.107626
-0.107734
-0.107790
-0.107727
-0.107706
-0.107712
-0.107714
-0.107724
-0.107719
-0.107721
-0.107726
-0.107726
-0.107729
-0.107721
-0.107710
-0.107726
-0.107730
-0.107729
-0.107729
1.500598
0.836155
-0.018798
-0.095341
-0.101678
-0.104144
-0.094463
-0.094792
-0.103473
-0.103102
-0.103731
-0.104858
-0.082802
-0.057843
-0.084245
-0.076315
-0.103200
-0.105113
-0.105934
-0.107857
-0.105439
-0.105369
-0.107846
-0.106676
-0.106408
-0.106457
-0.098547
-0.101368
-0.099391
-0.103055
-0.107249
-0.107253
-0.107343
-0.108063
-0.107158
-0.107212
-0.107934
-0.107627
-0.107530
-0.107264
-0.103090
-0.107883
-0.104117
-0.106899
-0.107966
-0.107828
-0.107844
-0.108023
-0.107610
-0.107838
-0.107987
-0.107898
-0.107997
-0.107308
-0.106021
-0.107375
-0.106637
-0.107697
-0.107883
-0.107885
-0.107952
-0.107946
-0.107812
-0.107962
-0.107955
-0.107919
-0.107983
-0.107555
-0.107961
-0.107976
-0.107742
-0.107928
-0.107945
-0.107951
-0.107985
-0.107969
-0.107945
-0.107983
-0.107980
-0.107973
-0.107992
-0.107847
-0.108031
-0.108120
-0.107965
-0.107995
-0.107992
-0.107995
-0.108003
-0.107995
-0.107996
-0.108001
-0.108000
-0.108001
-0.108003
-0.107984
-0.107999
-0.108013
-0.108002
-0.108003
1.056803
0.844013
-0.076861
-0.070694
-0.079955
-0.080040
-0.089035
-0.105482
-0.094979
-0.091587
-0.091571
-0.086356
-0.083412
-0.063518
-0.091000
-0.071499
-0.095520
-0.103120
-0.104850
-0.105834
-0.108069
-0.106693
-0.105950
-0.106545
-0.106417
-0.104333
-0.098991
-0.101650
-0.100484
-0.102349
-0.104040
-0.105323
-0.105721
-0.106257
-0.107065
-0.106597
-0.106325
-0.106694
-0.106872
-0.107728
-0.104287
-0.106969
-0.104393
-0.107066
-0.106614
-0.106730
-0.106693
-0.106880
-0.107241
-0.107012
-0.106820
-0.106862
-0.106724
-0.106805
-0.106676
-0.107111
-0.107203
-0.108001
-0.107625
-0.107539
-0.107441
-0.107516
-0.107626
-0.107514
-0.107465
-0.107470
-0.107411
-0.107358
-0.107430
-0.107253
-0.107905
-0.107741
-0.107681
-0.107660
-0.107632
-0.107665
-0.107688
-0.107657
-0.107659
-0.107662
-0.107673
-0.107749
-0.107650
-0.107606
-0.107692
-0.107685
-0.107684
-0.107683
-0.107681
-0.107692
-0.107694
-0.107690
-0.107691
-0.107690
-0.107693
-0.107721
-0.107701
-0.107704
-0.107701
-0.107700
1.466278
1.893436
0.086614
-0.057542
-0.066354
-0.069076
-0.077263
-0.079564
-0.081730
-0.079509
-0.079501
-0.077337
-0.030378
-0.022866
-0.080170
-0.023759
-0.097882
-0.100828
-0.103909
-0.106009
-0.106499
-0.106518
-0.106187
-0.105284
-0.104256
-0.102954
-0.083249
-0.098936
-0.095551
-0.092016
-0.102470
-0.103650
-0.104377
-0.105071
-0.105367
-0.105740
-0.105830
-0.106222
-0.106561
-0.105785
-0.098002
-0.106810
-0.100895
-0.104005
-0.105720
-0.105826
-0.105856
-0.106001
-0.105992
-0.106102
-0.106014
-0.106010
-0.105970
-0.104454
-0.105340
-0.106530
-0.105036
-0.107173
-0.107258
-0.107145
-0.107050
-0.107041
-0.106983
-0.106993
-0.106962
-0.106898
-0.106844
-0.105908
-0.107846
-0.107117
-0.107027
-0.107221
-0.107251
-0.107258
-0.107247
-0.107253
-0.107254
-0.107253
-0.107271
-0.107263
-0.107259
-0.107063
-0.107317
-0.107423
-0.107230
-0.107262
-0.107271
-0.107282
-0.107285
-0.107289
-0.107292
-0.107294
-0.107298
-0.107301
-0.107297
-0.107308
-0.107302
-0.107341
-0.107309
-0.107309
0.908699
3.060146
-0.071611
-0.011053
-0.041297
-0.054487
-0.060914
-0.065074
-0.066422
-0.065995
-0.061301
-0.044742
-0.020446
0.037240
-0.054936
0.016537
-0.072402
-0.093259
-0.099415
-0.102586
-0.104514
-0.105407
-0.105291
-0.104366
-0.102188
-0.095499
-0.074203
-0.090149
-0.085206
-0.087411
-0.096373
-0.100493
-0.102169
-0.103122
-0.103795
-0.104392
-0.104761
-0.105110
-0.105397
-0.106720
-0.092635
-0.105919
-0.095536
-0.104624
-0.104308
-0.104816
-0.105041
-0.105146
-0.105174
-0.105293
-0.105255
-0.105074
-0.104579
-0.104095
-0.102980
-0.105888
-0.102947
-0.107310
-0.107080
-0.106957
-0.106877
-0.106828
-0.106750
-0.106742
-0.106728
-0.106587
-0.106277
-0.105358
-0.108224
-0.106928
-0.106712
-0.107108
-0.107136
-0.107150
-0.107138
-0.107145
-0.107148
-0.107140
-0.107167
-0.107150
-0.107129
-0.106854
-0.107264
-0.107445
-0.107146
-0.107163
-0.107174
-0.107190
-0.107191
-0.107195
-0.107198
-0.107201
-0.107204
-0.107203
-0.107209
-0.107218
-0.107209
-0.107272
-0.107228
-0.107223
-0.065631
3.405596
0.111059
-0.077489
-0.093041
-0.096652
-0.096927
-0.097139
-0.096369
-0.094363
-0.089733
-0.073300
-0.060788
0.093554
-0.007048
-0.004776
-0.080390
-0.100560
-0.104463
-0.106186
-0.106994
-0.107240
-0.107005
-0.106227
-0.104560
-0.097829
-0.080561
-0.076852
-0.069633
-0.097613
-0.103222
-0.106393
-0.107221
-0.107556
-0.107750
-0.107994
-0.108074
-0.108065
-0.108050
-0.105475
-0.090978
-0.105089
-0.090739
-0.106774
-0.107849
-0.108103
-0.108115
-0.108065
-0.108020
-0.108050
-0.107998
-0.107767
-0.107318
-0.107275
-0.099599
-0.104890
-0.102455
-0.106849
-0.107852
-0.108000
-0.108050
-0.108091
-0.108184
-0.108144
-0.108125
-0.108153
-0.107890
-0.107228
-0.106162
-0.106216
-0.107547
-0.108001
-0.108095
-0.108096
-0.108089
-0.108087
-0.108116
-0.108109
-0.108090
-0.108115
-0.108211
-0.108050
-0.107923
-0.107604
-0.108097
-0.108120
-0.108110
-0.108098
-0.108098
-0.108102
-0.108101
-0.108100
-0.108100
-0.108098
-0.108106
-0.108141
-0.108117
-0.108057
-0.108093
-0.108100
