-0.509108
3.180869
5.003742
-13.114498
-0.110432
-0.110420
0.047153
0.773364
2.153879
-3.709047
-0.110432
-0.110414
1.208474
2.031105
5.521046
-3.326658
-0.110429
-0.110429
0.079853
0.595712
1.757681
-1.456639
-0.110427
-0.110429
0.024255
3.827315
7.658531
-10.989566
-0.110430
-0.110425
-0.111257
0.654741
1.437323
-2.380243
-0.110430
-0.110425
9.062174
-0.109910
9.062916
9.061181
-0.110429
-0.110429
5.143423
1.820134
8.676397
0.882066
-0.110428
-0.110429
0.303674
0.563632
1.129820
0.268505
0.541027
0.872852
0.220557
0.556369
0.470196
0.271342
0.363594
0.298907
0.182694
0.204043
0.176407
0.058061
0.123988
0.046987
-0.001082
0.018584
-0.070690
-0.043740
-0.095659
-0.088742
-0.090684
-0.099004
-0.075884
-0.076279
-0.076363
-0.040607
-0.078676
-0.052030
-0.061844
-0.077903
-0.064978
-0.079233
-0.085889
-0.081085
-0.083550
-0.095501
-0.080024
-0.086813
-0.092077
-0.080150
-0.101100
-0.092295
-0.100131
-0.101751
-0.101676
-0.102784
-0.104709
-0.098714
-0.103860
-0.095144
-0.098937
-0.094613
-0.094912
-0.097041
-0.095685
-0.098954
-0.100212
-0.101467
-0.104025
-0.103349
-0.104828
-0.103166
-0.103434
-0.102433
-0.102237
-0.102444
-0.102080
-0.102547
-0.102417
-0.102498
-0.102686
-0.102478
-0.102756
-0.102778
-0.102613
-0.102717
-0.102513
-0.102552
-0.102444
-0.102465
-0.102465
-0.102531
-0.102607
-0.102604
-0.102667
-0.102633
-0.102649
-0.102628
-0.102620
-0.102635
-0.102637
-0.102664
-0.102679
-0.102690
-0.102704
-0.102702
0.050830
-0.060278
0.022458
0.152729
0.012207
0.122623
0.072670
0.055185
0.155592
0.021009
0.034245
0.013942
-0.032312
-0.009711
-0.016194
-0.043529
-0.018981
-0.071330
-0.079785
-0.076491
-0.097005
-0.092846
-0.105148
-0.110130
-0.109913
-0.108906
-0.104010
-0.100832
-0.102576
-0.096751
-0.097518
-0.091763
-0.088952
-0.096343
-0.094697
-0.099604
-0.102799
-0.099598
-0.100595
-0.099902
-0.097656
-0.103195
-0.102432
-0.105190
-0.106081
-0.107298
-0.110211
-0.109490
-0.109633
-0.109453
-0.108571
-0.109131
-0.110088
-0.107851
-0.108975
-0.107293
-0.106357
-0.107773
-0.107193
-0.108238
-0.108634
-0.108625
-0.109656
-0.109816
-0.109853
-0.109464
-0.109491
-0.109287
-0.109354
-0.109276
-0.109554
-0.109542
-0.109573
-0.109602
-0.109445
-0.109532
-0.109500
-0.109633
-0.109587
-0.109672
-0.109601
-0.109572
-0.109530
-0.109505
-0.109529
-0.109519
-0.109563
-0.109560
-0.109594
-0.109577
-0.109570
-0.109557
-0.109553
-0.109556
-0.109553
-0.109561
-0.109563
-0.109572
-0.109571
-0.109572
1.211872
0.565483
0.664574
0.569060
0.496994
0.017966
0.285968
0.080448
0.046477
0.121562
-0.056434
0.031727
0.005455
-0.026295
-0.053565
-0.043160
-0.037322
-0.094057
-0.012079
-0.092566
-0.028031
-0.074990
-0.070227
-0.075819
-0.083250
-0.074061
-0.099604
-0.074531
-0.093369
-0.083473
-0.099683
-0.091851
-0.103825
-0.094154
-0.092483
-0.099229
-0.086263
-0.107781
-0.092087
-0.103367
-0.100122
-0.100091
-0.099182
-0.098574
-0.096635
-0.096844
-0.100301
-0.097084
-0.099234
-0.096717
-0.099704
-0.096546
-0.098889
-0.098307
-0.099138
-0.100741
-0.099733
-0.102760
-0.100079
-0.102764
-0.100347
-0.101660
-0.101164
-0.100856
-0.102159
-0.101049
-0.102549
-0.101537
-0.102771
-0.102125
-0.102501
-0.102212
-0.102222
-0.102406
-0.102211
-0.102659
-0.102216
-0.102600
-0.102302
-0.102551
-0.102443
-0.102524
-0.102604
-0.102575
-0.102722
-0.102616
-0.102729
-0.102658
-0.102735
-0.102721
-0.102753
-0.102782
-0.102784
-0.102823
-0.102809
-0.102835
-0.102827
-0.102839
-0.102841
-0.102843
0.093352
0.214809
0.044770
-0.059847
-0.038659
0.100845
-0.074350
-0.072350
-0.029480
-0.016369
-0.036365
-0.004885
-0.048731
-0.017152
-0.044045
-0.032838
-0.057649
-0.072373
-0.066680
-0.096680
-0.085568
-0.094759
-0.087251
-0.097915
-0.098088
-0.091400
-0.096587
-0.100356
-0.102019
-0.089406
-0.092326
-0.096644
-0.096589
-0.102318
-0.102484
-0.107705
-0.103170
-0.105378
-0.102188
-0.100492
-0.098292
-0.099788
-0.096766
-0.098522
-0.101277
-0.102060
-0.100273
-0.100986
-0.102277
-0.101848
-0.100958
-0.102160
-0.103014
-0.102368
-0.101062
-0.101593
-0.101224
-0.101698
-0.101719
-0.102622
-0.102460
-0.103141
-0.103184
-0.103440
-0.103550
-0.103483
-0.103414
-0.103064
-0.103413
-0.103517
-0.103606
-0.103524
-0.103629
-0.103721
-0.103686
-0.103748
-0.103718
-0.103839
-0.103829
-0.103872
-0.103877
-0.103872
-0.103906
-0.103907
-0.103948
-0.103956
-0.104001
-0.104009
-0.104039
-0.104053
-0.104058
-0.104071
-0.104078
-0.104093
-0.104099
-0.104111
-0.104116
-0.104126
-0.104130
-0.104132
0.032577
1.767136
1.003526
0.754661
0.791598
0.893764
0.136236
0.321795
0.057409
0.069904
-0.028735
0.006522
-0.066432
-0.023476
-0.062508
-0.039991
-0.052703
-0.032495
-0.071145
-0.018590
-0.053099
-0.066713
-0.052673
-0.097689
-0.104258
-0.090319
-0.076706
-0.101424
-0.082124
-0.069762
-0.092332
-0.081859
-0.093538
-0.091097
-0.098549
-0.094801
-0.100610
-0.096385
-0.099150
-0.097186
-0.095829
-0.096106
-0.097241
-0.092892
-0.106580
-0.104328
-0.106089
-0.108836
-0.105205
-0.104717
-0.104412
-0.106936
-0.104391
-0.108355
-0.109198
-0.108554
-0.108010
-0.107629
-0.107992
-0.107500
-0.108125
-0.107641
-0.108133
-0.107608
-0.107826
-0.107140
-0.107582
-0.106586
-0.107406
-0.107297
-0.107821
-0.108227
-0.108101
-0.108031
-0.107917
-0.108119
-0.107779
-0.108194
-0.108174
-0.108364
-0.108393
-0.108427
-0.108398
-0.108417
-0.108434
-0.108407
-0.108484
-0.108480
-0.108524
-0.108516
-0.108534
-0.108526
-0.108537
-0.108537
-0.108545
-0.108549
-0.108551
-0.108557
-0.108554
-0.108555
-0.100267
-0.075530
0.102505
0.131158
0.155394
0.031093
0.052654
0.020841
0.002611
0.025378
-0.069654
-0.058509
-0.090856
-0.085855
-0.099089
-0.065276
-0.065547
-0.067359
-0.064480
-0.075159
-0.075981
-0.093189
-0.099551
-0.097161
-0.096767
-0.098018
-0.094963
-0.090064
-0.093263
-0.099781
-0.101211
-0.104908
-0.106339
-0.101887
-0.100632
-0.101205
-0.100101
-0.102658
-0.101183
-0.106446
-0.104005
-0.105203
-0.101942
-0.102014
-0.099803
-0.100610
-0.102374
-0.102930
-0.103025
-0.103451
-0.103824
-0.102833
-0.101693
-0.102453
-0.102294
-0.103379
-0.103248
-0.104537
-0.104004
-0.104283
-0.103989
-0.104035
-0.103916
-0.103980
-0.104383
-0.104421
-0.104711
-0.104797
-0.104788
-0.104584
-0.104603
-0.104670
-0.104704
-0.104759
-0.104827
-0.104921
-0.104925
-0.104921
-0.104875
-0.104897
-0.104903
-0.104946
-0.104989
-0.105017
-0.105056
-0.105062
-0.105080
-0.105072
-0.105091
-0.105097
-0.105119
-0.105137
-0.105148
-0.105161
-0.105165
-0.105174
-0.105173
-0.105180
-0.105182
-0.105186
-1.135204
1.383967
0.900003
-3.331261
-0.110428
-0.110431
1.847401
1.527790
4.092280
-0.562296
-0.110428
-0.110431
-1.956572
1.210215
-0.080610
-3.914083
-0.110428
-0.110431
1.582901
3.093839
6.349736
-2.874184
-0.110428
-0.110431
0.483131
4.173132
6.621084
-5.487227
-0.110428
-0.110431
0.726792
4.349550
6.985845
-5.873796
-0.110428
-0.110431
4.148811
2.195155
7.733229
0.768037
-0.110428
-0.110431
0.905749
0.940705
-0.046046
-0.095027
-0.100210
-0.103338
-0.107551
-0.100965
-0.100055
-0.101478
-0.102937
-0.038247
-0.103429
-0.059096
-0.100672
-0.105456
-0.108244
-0.108400
-0.108011
-0.108034
-0.108131
-0.108188
-0.105950
-0.096752
-0.108809
-0.097877
-0.108486
-0.108547
-0.108316
-0.108453
-0.109772
-0.109451
-0.108533
-0.107945
-0.107655
-0.104479
-0.108258
-0.106119
-0.108678
-0.108923
-0.109465
-0.110103
-0.109951
-0.109485
-0.109469
-0.109644
-0.109154
-0.107955
-0.109361
-0.108222
-0.110009
-0.110296
-0.109997
-0.109827
-0.109976
-0.110264
-0.110131
-0.109862
-0.109486
-0.110042
-0.110106
-0.109887
-0.110097
-0.110008
-0.110046
-0.110112
-0.110138
-0.110070
-0.110100
-0.110113
-0.110192
-0.110000
-0.110033
-0.110196
-0.110142
-0.110161
-0.110158
-0.110153
-0.110150
-0.110167
-0.110145
-0.110151
-0.110164
-0.110167
-0.110176
-0.110152
-0.110162
-0.110162
-0.110164
-0.110166
-0.110167
-0.110166
-0.110169
-0.110172
-0.110162
-0.110168
-0.110168
-0.110168
-0.110169
-0.110169
1.843212
1.037740
-0.067808
-0.076464
-0.084298
-0.087708
-0.097249
-0.103119
-0.098089
-0.095554
-0.096634
-0.015661
-0.089707
-0.055901
-0.102072
-0.107475
-0.109226
-0.108167
-0.107363
-0.106735
-0.107786
-0.108933
-0.109233
-0.092593
-0.105817
-0.100025
-0.107760
-0.106490
-0.106619
-0.107328
-0.107808
-0.108154
-0.107764
-0.106757
-0.105689
-0.102482
-0.104531
-0.107729
-0.107956
-0.108450
-0.108954
-0.108973
-0.108955
-0.108902
-0.108726
-0.108743
-0.109226
-0.106561
-0.109125
-0.107728
-0.109375
-0.109193
-0.109079
-0.109143
-0.109190
-0.109239
-0.109311
-0.109291
-0.108867
-0.109873
-0.108973
-0.109379
-0.109198
-0.109215
-0.109273
-0.109317
-0.109335
-0.109331
-0.109348
-0.109303
-0.109341
-0.109289
-0.109353
-0.109454
-0.109452
-0.109457
-0.109455
-0.109451
-0.109451
-0.109461
-0.109461
-0.109479
-0.109501
-0.109483
-0.109499
-0.109475
-0.109486
-0.109491
-0.109495
-0.109500
-0.109505
-0.109509
-0.109505
-0.109511
-0.109502
-0.109507
-0.109509
-0.109510
-0.109512
-0.109512
1.742870
0.820019
-0.089935
-0.093154
-0.107436
-0.098671
-0.100186
-0.103474
-0.109084
-0.105434
-0.097421
-0.057055
-0.106723
-0.062819
-0.108156
-0.106543
-0.104967
-0.106425
-0.109164
-0.108008
-0.106413
-0.105629
-0.105585
-0.098035
-0.108335
-0.100427
-0.107026
-0.107213
-0.108531
-0.110071
-0.108732
-0.108143
-0.108922
-0.109927
-0.108104
-0.106947
-0.108705
-0.104741
-0.109201
-0.110243
-0.109194
-0.108737
-0.109191
-0.109970
-0.109269
-0.108533
-0.107969
-0.108909
-0.109659
-0.109242
-0.109441
-0.109118
-0.109274
-0.109690
-0.109677
-0.109403
-0.109457
-0.109737
-0.110164
-0.109146
-0.109294
-0.109523
-0.109620
-0.109739
-0.109741
-0.109666
-0.109662
-0.109729
-0.109716
-0.109677
-0.109603
-0.109816
-0.109820
-0.109678
-0.109731
-0.109721
-0.109726
-0.109738
-0.109745
-0.109737
-0.109759
-0.109764
-0.109755
-0.109754
-0.109751
-0.109771
-0.109768
-0.109772
-0.109773
-0.109774
-0.109776
-0.109779
-0.109776
-0.109776
-0.109785
-0.109782
-0.109783
-0.109784
-0.109784
-0.109784
1.588933
2.134614
0.058839
-0.086307
-0.102716
-0.100781
-0.101510
-0.104375
-0.100961
-0.096995
-0.058874
0.048465
-0.075442
-0.012199
-0.106206
-0.102120
-0.106769
-0.107549
-0.107325
-0.108152
-0.107554
-0.104714
-0.095364
-0.077694
-0.094720
-0.091361
-0.107906
-0.106018
-0.108013
-0.108313
-0.108144
-0.108556
-0.108162
-0.106369
-0.102108
-0.097950
-0.101519
-0.103902
-0.108816
-0.108320
-0.109192
-0.109605
-0.109456
-0.109556
-0.109576
-0.108364
-0.106131
-0.106379
-0.105588
-0.109000
-0.109040
-0.109141
-0.109626
-0.109762
-0.109758
-0.109860
-0.109821
-0.109382
-0.108775
-0.109337
-0.109065
-0.109885
-0.110155
-0.110216
-0.110240
-0.110281
-0.110283
-0.110273
-0.110278
-0.110357
-0.110177
-0.110273
-0.110080
-0.110174
-0.110139
-0.110170
-0.110193
-0.110204
-0.110216
-0.110229
-0.110204
-0.110184
-0.110160
-0.110224
-0.110194
-0.110236
-0.110232
-0.110227
-0.110225
-0.110223
-0.110217
-0.110211
-0.110234
-0.110222
-0.110236
-0.110234
-0.110232
-0.110231
-0.110230
-0.110230
0.458342
2.908356
-0.056453
-0.074493
-0.102614
-0.085163
-0.080661
-0.092122
-0.106728
-0.083504
-0.056392
0.078236
-0.068130
0.043940
-0.090916
-0.101896
-0.100990
-0.100474
-0.104390
-0.107441
-0.102613
-0.098605
-0.092629
-0.075330
-0.094876
-0.079363
-0.097951
-0.101764
-0.107321
-0.108151
-0.104900
-0.104958
-0.108252
-0.106544
-0.097980
-0.102400
-0.097824
-0.096310
-0.104453
-0.108471
-0.108533
-0.106941
-0.107428
-0.109553
-0.108538
-0.106056
-0.103275
-0.106668
-0.106001
-0.106921
-0.107849
-0.107691
-0.108518
-0.109651
-0.109223
-0.108643
-0.108880
-0.110040
-0.108782
-0.108984
-0.107326
-0.109289
-0.108711
-0.109226
-0.109338
-0.109125
-0.109113
-0.109300
-0.109298
-0.109048
-0.108813
-0.109463
-0.109501
-0.109243
-0.109422
-0.109353
-0.109342
-0.109373
-0.109374
-0.109334
-0.109405
-0.109436
-0.109449
-0.109374
-0.109387
-0.109397
-0.109399
-0.109410
-0.109413
-0.109415
-0.109424
-0.109442
-0.109409
-0.109419
-0.109425
-0.109423
-0.109426
-0.109429
-0.109429
-0.109430
0.728063
3.015062
0.091407
-0.070729
-0.086692
-0.092386
-0.091404
-0.095761
-0.099693
-0.090459
-0.069783
0.122311
-0.064119
0.028766
-0.088888
-0.104188
-0.109845
-0.108225
-0.108361
-0.110032
-0.108620
-0.105562
-0.097111
-0.062577
-0.092511
-0.084303
-0.100053
-0.104073
-0.106676
-0.107249
-0.106572
-0.107052
-0.107885
-0.105781
-0.099647
-0.091491
-0.097987
-0.101135
-0.105760
-0.108283
-0.109634
-0.109210
-0.109120
-0.109591
-0.109411
-0.108203
-0.105304
-0.102923
-0.105373
-0.106243
-0.108462
-0.108818
-0.109333
-0.109628
-0.109545
-0.109568
-0.109710
-0.109694
-0.108052
-0.109398
-0.108292
-0.109682
-0.109353
-0.109627
-0.109765
-0.109756
-0.109767
-0.109792
-0.109857
-0.109694
-0.109519
-0.109650
-0.109746
-0.109872
-0.109995
-0.109954
-0.109934
-0.109936
-0.109930
-0.109919
-0.109923
-0.109956
-0.110007
-0.109947
-0.109974
-0.109916
-0.109938
-0.109945
-0.109949
-0.109953
-0.109959
-0.109976
-0.109950
-0.109964
-0.109941
-0.109952
-0.109954
-0.109956
-0.109957
-0.109958
