-0.802230
3.462311
2.864165
-15.842565
-0.123389
-0.123371
-0.143483
1.006612
2.581407
-3.379872
-0.123385
-0.123383
1.383211
1.732255
7.293761
-2.413200
-0.123383
-0.123384
-0.110591
0.630592
1.804680
-2.012501
-0.123383
-0.123384
-0.343166
3.054339
6.790334
-9.089982
-0.123384
-0.123383
-0.198480
1.480578
3.115518
-3.832001
-0.123384
-0.123385
8.377463
-0.123105
8.378042
8.376837
-0.123385
-0.123385
5.073785
1.314498
8.077855
2.361793
-0.123383
-0.123385
0.505486
-0.100205
0.491454
0.168144
1.231255
0.162564
0.401416
0.074765
0.269609
0.428375
0.293026
0.537030
-0.007012
0.332440
0.018934
0.700157
0.125202
0.450383
0.149085
0.405575
0.242468
0.268529
0.213822
0.139651
0.250775
-0.009400
0.232837
0.013817
0.220921
-0.025253
0.103095
-0.060453
0.127764
-0.074644
-0.002709
-0.076471
-0.003634
-0.079010
-0.039998
-0.101463
-0.077186
-0.077458
-0.070424
-0.072834
-0.070725
-0.070676
-0.074064
-0.039872
-0.052977
-0.045318
-0.050551
-0.049832
-0.049932
-0.034642
-0.040809
-0.075001
-0.043635
-0.066688
-0.038306
-0.088025
-0.051175
-0.104001
-0.041525
-0.105997
-0.051203
-0.102796
-0.058634
-0.109047
-0.065063
-0.111382
-0.076884
-0.113470
-0.084053
-0.110699
-0.083700
-0.114093
-0.095601
-0.099480
-0.087843
-0.098652
-0.092526
-0.095525
-0.091212
-0.086838
-0.088347
-0.089821
-0.089425
-0.091590
-0.089087
-0.091852
-0.088863
-0.099118
-0.090917
-0.103502
-0.088643
-0.103525
-0.091362
-0.110156
-0.091753
-0.108970
-0.065964
-0.043306
0.140844
0.040824
0.335410
0.039569
0.039778
-0.064520
-0.071494
0.021269
-0.003618
0.106532
-0.062034
-0.076037
0.049365
0.169126
-0.025973
-0.058526
-0.012053
0.032054
-0.069523
-0.089089
-0.064862
-0.069750
-0.008843
-0.045114
-0.011701
-0.059981
-0.044293
-0.017811
-0.066030
-0.074313
-0.086066
-0.079759
-0.101097
-0.096376
-0.092289
-0.088221
-0.089004
-0.082208
-0.078984
-0.084613
-0.083110
-0.088762
-0.085752
-0.089387
-0.083769
-0.106229
-0.091833
-0.087634
-0.089576
-0.096700
-0.080915
-0.088667
-0.086659
-0.085554
-0.079413
-0.089721
-0.109001
-0.092444
-0.087315
-0.094648
-0.099132
-0.109434
-0.086944
-0.105162
-0.081372
-0.098592
-0.096148
-0.106976
-0.091367
-0.092268
-0.104766
-0.105330
-0.102795
-0.097712
-0.098062
-0.100276
-0.095246
-0.098706
-0.097647
-0.096883
-0.096403
-0.101238
-0.098645
-0.100865
-0.100821
-0.101357
-0.099185
-0.101790
-0.099234
-0.100134
-0.098075
-0.100830
-0.096178
-0.101048
-0.099776
-0.101250
-0.100917
-0.101067
1.400709
-0.034302
0.760636
0.061529
0.104630
0.008285
0.469585
0.089459
-0.029313
-0.015877
0.205310
0.178986
-0.023045
0.012375
0.013003
0.092111
-0.027654
0.009799
-0.038786
-0.071366
-0.032997
-0.030280
-0.030446
-0.119490
-0.056123
-0.063408
-0.037062
-0.103619
-0.039760
-0.073969
-0.072050
-0.092748
-0.050280
-0.082486
-0.107642
-0.077115
-0.100141
-0.077506
-0.094199
-0.086946
-0.108377
-0.088248
-0.093131
-0.100595
-0.099097
-0.098978
-0.096848
-0.104955
-0.089784
-0.106948
-0.097997
-0.104691
-0.095694
-0.117435
-0.094939
-0.103831
-0.101486
-0.105674
-0.093612
-0.105122
-0.099771
-0.096772
-0.104474
-0.098509
-0.100537
-0.099046
-0.109375
-0.095427
-0.114065
-0.097977
-0.105247
-0.098250
-0.108816
-0.096249
-0.106572
-0.097959
-0.101211
-0.103259
-0.109128
-0.100710
-0.104603
-0.109519
-0.106448
-0.106207
-0.106114
-0.108646
-0.106202
-0.108289
-0.106186
-0.106111
-0.107127
-0.108017
-0.106321
-0.103328
-0.108819
-0.104697
-0.107133
-0.102087
-0.107033
-0.102064
-0.112141
-0.052368
-0.093626
-0.066501
0.080572
0.054794
0.002241
0.064350
-0.035653
-0.071839
-0.002259
0.023287
-0.062912
-0.020468
0.072733
-0.010220
-0.055600
-0.044751
-0.034306
-0.106483
-0.069730
-0.087374
-0.079195
-0.100956
-0.096366
-0.113061
-0.097258
-0.085923
-0.097111
-0.091791
-0.089876
-0.087596
-0.100119
-0.110537
-0.116776
-0.105375
-0.116098
-0.099591
-0.116328
-0.118860
-0.122046
-0.115542
-0.118233
-0.116556
-0.116843
-0.116333
-0.115551
-0.119797
-0.112793
-0.120032
-0.107349
-0.116028
-0.109150
-0.120950
-0.111571
-0.111337
-0.114976
-0.117249
-0.115341
-0.111698
-0.121958
-0.117013
-0.119663
-0.115673
-0.119530
-0.119460
-0.122336
-0.118305
-0.118530
-0.119559
-0.120293
-0.118564
-0.117771
-0.115204
-0.119617
-0.117270
-0.118616
-0.116820
-0.120453
-0.118791
-0.119809
-0.121166
-0.118728
-0.118569
-0.120254
-0.119792
-0.119810
-0.119108
-0.120487
-0.119341
-0.119249
-0.120447
-0.120397
-0.120092
-0.121226
-0.118949
-0.119699
-0.119110
-0.122360
-0.118434
0.115559
0.118529
1.003480
0.327813
1.196520
0.170982
0.485335
0.163017
0.213488
0.109009
0.091105
0.382658
0.143934
0.153436
0.144692
0.305274
0.101638
0.143672
0.091471
0.153320
-0.003835
0.030245
-0.032690
0.014248
-0.078081
-0.058250
-0.082885
-0.070798
-0.040200
-0.103299
-0.086084
-0.107534
-0.046678
-0.103465
-0.108988
-0.101224
-0.097554
-0.083591
-0.093454
-0.073675
-0.069973
-0.095783
-0.090567
-0.095501
-0.091468
-0.102412
-0.106663
-0.075826
-0.091147
-0.081110
-0.084280
-0.095684
-0.095844
-0.088699
-0.098688
-0.114427
-0.103523
-0.109058
-0.114002
-0.121920
-0.112790
-0.122306
-0.110658
-0.118499
-0.110520
-0.117019
-0.108216
-0.115517
-0.107707
-0.111357
-0.110021
-0.107379
-0.104849
-0.107643
-0.110989
-0.102038
-0.106907
-0.108070
-0.108184
-0.108933
-0.110908
-0.107966
-0.108666
-0.116510
-0.113465
-0.117599
-0.114457
-0.118078
-0.114482
-0.116513
-0.112055
-0.112361
-0.112987
-0.115020
-0.111990
-0.113406
-0.111479
-0.111680
-0.112342
-0.112562
-0.053237
0.020049
0.418205
0.133962
0.632705
0.066943
0.032348
0.108238
0.099447
-0.004964
-0.074486
0.000741
-0.024193
0.067716
-0.041294
0.034686
-0.025376
-0.027101
-0.074952
-0.051977
-0.074100
-0.062291
-0.077982
-0.068024
-0.096239
-0.092226
-0.088387
-0.096423
-0.076296
-0.106982
-0.073229
-0.095927
-0.083015
-0.102066
-0.085371
-0.116590
-0.105597
-0.104276
-0.095602
-0.109654
-0.116738
-0.107439
-0.111073
-0.113520
-0.112306
-0.110851
-0.111807
-0.098094
-0.106961
-0.112871
-0.103550
-0.103570
-0.108468
-0.110251
-0.109481
-0.111674
-0.116338
-0.116086
-0.118188
-0.116344
-0.119521
-0.117299
-0.118425
-0.116022
-0.119946
-0.117771
-0.120747
-0.118036
-0.119047
-0.118141
-0.119148
-0.117513
-0.118035
-0.117571
-0.119840
-0.116521
-0.120454
-0.118503
-0.119027
-0.117286
-0.119383
-0.118609
-0.121337
-0.115929
-0.118924
-0.119457
-0.118905
-0.119292
-0.119288
-0.117329
-0.120242
-0.121181
-0.119293
-0.120285
-0.121199
-0.121851
-0.120961
-0.121332
-0.121190
-0.121631
-1.959636
1.180379
-0.133204
-4.077663
-0.123384
-0.123387
1.053117
1.618608
3.757384
-1.412877
-0.123384
-0.123387
-1.743294
1.685270
1.053079
-4.174151
-0.123383
-0.123387
1.704318
3.458906
6.714433
-3.637263
-0.123384
-0.123387
1.437185
3.567933
7.317543
-4.191646
-0.123384
-0.123387
-0.307242
3.514327
5.094727
-6.014774
-0.123384
-0.123387
5.230930
1.925003
8.015205
1.929893
-0.123384
-0.123387
1.703593
-0.019089
0.761366
0.077911
-0.033725
-0.106537
-0.101161
-0.102857
-0.109558
-0.105991
-0.105846
-0.113137
-0.113359
-0.110260
-0.110496
-0.116667
-0.113463
-0.112957
-0.105761
-0.068328
-0.078141
-0.106517
-0.116151
-0.106511
-0.079973
-0.110398
-0.118790
-0.119599
-0.117680
-0.118644
-0.121478
-0.118952
-0.118649
-0.120743
-0.120118
-0.119326
-0.119747
-0.122117
-0.119109
-0.119623
-0.121351
-0.107063
-0.121020
-0.120217
-0.118010
-0.117762
-0.114910
-0.117863
-0.122010
-0.120742
-0.120029
-0.120703
-0.121430
-0.120420
-0.120621
-0.121561
-0.120803
-0.120487
-0.121259
-0.121836
-0.119970
-0.119729
-0.121266
-0.117882
-0.121903
-0.122382
-0.118796
-0.120221
-0.120222
-0.120768
-0.122290
-0.121361
-0.121162
-0.121798
-0.121566
-0.121131
-0.121513
-0.121889
-0.121335
-0.121239
-0.121875
-0.121750
-0.120899
-0.120582
-0.120360
-0.121976
-0.123008
-0.122233
-0.120838
-0.120936
-0.121282
-0.121517
-0.122097
-0.121591
-0.121149
-0.122032
-0.121429
-0.121499
-0.121875
-0.121688
1.048438
0.037802
1.063830
0.083124
-0.033712
-0.079574
-0.080444
-0.086952
-0.100470
-0.099456
-0.099441
-0.096922
-0.107531
-0.098926
-0.102014
-0.109689
-0.100975
-0.091756
-0.091908
-0.053979
-0.070346
-0.114516
-0.117254
-0.106113
-0.059570
-0.105183
-0.115548
-0.116042
-0.114998
-0.118343
-0.119206
-0.117394
-0.118000
-0.120849
-0.119455
-0.117467
-0.120467
-0.120850
-0.118163
-0.116546
-0.119266
-0.106311
-0.118502
-0.120050
-0.120689
-0.114539
-0.111582
-0.115614
-0.119157
-0.119137
-0.117907
-0.119600
-0.120044
-0.118826
-0.119040
-0.120527
-0.119439
-0.118870
-0.120497
-0.119653
-0.117948
-0.118264
-0.119127
-0.119963
-0.121043
-0.121075
-0.119900
-0.119476
-0.119371
-0.120209
-0.121915
-0.120991
-0.120419
-0.121395
-0.121126
-0.120550
-0.120848
-0.121473
-0.120615
-0.120659
-0.121650
-0.120737
-0.119768
-0.120483
-0.119659
-0.121820
-0.121081
-0.121866
-0.119933
-0.121233
-0.120341
-0.121618
-0.121478
-0.121108
-0.121168
-0.122276
-0.120739
-0.120845
-0.121426
-0.121262
1.505732
0.029463
1.126890
0.025067
-0.034048
-0.086091
-0.097847
-0.112976
-0.104254
-0.120098
-0.113180
-0.106905
-0.119848
-0.118939
-0.119008
-0.117263
-0.115237
-0.117532
-0.107765
-0.065460
-0.047790
-0.086779
-0.102599
-0.088673
-0.074843
-0.116564
-0.115240
-0.118954
-0.120689
-0.120575
-0.118508
-0.120690
-0.120003
-0.118857
-0.120389
-0.120844
-0.119891
-0.118589
-0.120768
-0.122258
-0.116898
-0.106135
-0.115339
-0.114638
-0.115852
-0.108959
-0.118948
-0.120264
-0.119466
-0.120996
-0.121896
-0.121088
-0.120923
-0.121883
-0.121197
-0.120970
-0.121705
-0.121752
-0.121100
-0.120419
-0.121727
-0.122841
-0.118137
-0.116018
-0.118510
-0.120267
-0.120909
-0.117921
-0.122716
-0.121471
-0.120801
-0.121470
-0.121987
-0.121248
-0.121571
-0.122133
-0.121508
-0.121466
-0.122064
-0.121899
-0.121477
-0.121520
-0.122447
-0.122159
-0.121137
-0.120364
-0.119757
-0.119967
-0.121267
-0.122533
-0.122075
-0.121492
-0.121439
-0.121826
-0.122661
-0.121437
-0.121962
-0.121932
-0.121585
-0.121734
1.715465
0.257243
2.328884
0.191641
0.020718
-0.008795
-0.038505
-0.047954
-0.063266
-0.069153
-0.072072
-0.079086
-0.083783
-0.081722
-0.086581
-0.092336
-0.085685
-0.074636
-0.082178
-0.000337
0.022474
-0.047572
-0.082433
-0.056514
-0.023069
-0.091752
-0.106994
-0.110053
-0.107674
-0.108093
-0.110406
-0.109473
-0.109719
-0.111676
-0.110990
-0.110824
-0.113190
-0.113044
-0.111139
-0.116251
-0.116126
-0.092271
-0.104255
-0.102954
-0.110591
-0.096060
-0.108477
-0.108068
-0.111834
-0.113128
-0.112207
-0.112884
-0.113758
-0.113111
-0.113469
-0.114268
-0.113562
-0.113732
-0.114746
-0.113668
-0.112344
-0.116139
-0.109999
-0.111315
-0.110910
-0.114365
-0.118947
-0.116598
-0.117305
-0.115792
-0.116544
-0.116553
-0.116088
-0.116285
-0.116678
-0.116102
-0.116489
-0.116764
-0.116291
-0.116646
-0.117182
-0.116419
-0.116416
-0.120567
-0.115031
-0.115387
-0.113129
-0.114828
-0.115027
-0.119840
-0.116480
-0.117744
-0.116835
-0.117156
-0.118267
-0.118062
-0.117037
-0.116582
-0.117045
-0.117005
1.428945
0.092913
2.422335
0.193462
0.045874
-0.004560
-0.032599
-0.043396
-0.059427
-0.068085
-0.070146
-0.077135
-0.082494
-0.081006
-0.084235
-0.089135
-0.082879
-0.073193
-0.075311
0.007666
0.030291
-0.055722
-0.086962
-0.046193
-0.018750
-0.094824
-0.105982
-0.110739
-0.107361
-0.108587
-0.110968
-0.109631
-0.109785
-0.111925
-0.111086
-0.110741
-0.113293
-0.112776
-0.111285
-0.115154
-0.115385
-0.090898
-0.102577
-0.103524
-0.112246
-0.094151
-0.106833
-0.107870
-0.111195
-0.112837
-0.111710
-0.112607
-0.113618
-0.112838
-0.113196
-0.114112
-0.113325
-0.113332
-0.114458
-0.113247
-0.112075
-0.114935
-0.108904
-0.111785
-0.111183
-0.114021
-0.117568
-0.116597
-0.116951
-0.115642
-0.116359
-0.116442
-0.115947
-0.116156
-0.116546
-0.115960
-0.116355
-0.116683
-0.116171
-0.116465
-0.117035
-0.116220
-0.116216
-0.120109
-0.114034
-0.115327
-0.113230
-0.114841
-0.114192
-0.119451
-0.116199
-0.117723
-0.116662
-0.116942
-0.118031
-0.118099
-0.116779
-0.116426
-0.116900
-0.116864
0.047653
0.039921
2.353713
0.367451
0.119411
-0.019290
-0.022004
-0.028156
-0.055682
-0.064256
-0.055247
-0.068085
-0.080773
-0.068938
-0.068929
-0.086167
-0.072544
-0.056197
-0.052038
0.031713
-0.014075
-0.105531
-0.114330
-0.081273
0.012052
-0.082065
-0.106116
-0.107191
-0.101135
-0.107759
-0.113976
-0.107200
-0.107378
-0.114548
-0.111568
-0.107844
-0.113299
-0.116068
-0.108190
-0.107148
-0.117649
-0.086889
-0.111443
-0.113711
-0.120727
-0.105439
-0.095930
-0.103436
-0.112608
-0.112139
-0.108916
-0.112265
-0.114365
-0.111009
-0.111806
-0.115091
-0.112518
-0.111216
-0.114849
-0.113726
-0.109349
-0.110270
-0.112410
-0.118257
-0.116292
-0.116764
-0.114294
-0.117040
-0.113015
-0.114115
-0.118204
-0.116157
-0.114949
-0.116957
-0.116654
-0.114942
-0.116106
-0.117394
-0.115478
-0.115438
-0.117650
-0.115859
-0.113857
-0.115985
-0.113309
-0.118510
-0.116527
-0.118765
-0.113928
-0.117101
-0.115118
-0.117712
-0.117400
-0.116577
-0.116625
-0.119153
-0.115922
-0.115891
-0.117357
-0.116910
