-0.496959
3.240383
2.844194
-14.420638
-0.116794
-0.116774
-0.090714
1.201666
2.152823
-3.907833
-0.116791
-0.116787
1.434372
1.662328
4.408432
-1.694452
-0.116789
-0.116792
-0.049430
0.861539
2.606584
-1.579655
-0.116787
-0.116789
-0.327566
3.402805
7.284024
-6.993088
-0.116788
-0.116790
-0.094978
1.268084
3.093189
-3.495136
-0.116788
-0.116788
9.522061
-0.116564
9.522255
9.521800
-0.116789
-0.116793
5.406652
1.201269
8.034116
2.565934
-0.116788
-0.116790
0.268286
0.477364
1.113668
0.368562
0.623758
0.737601
0.398979
0.642226
0.464307
0.431996
0.356247
0.280844
0.213765
0.199621
0.095027
0.108510
0.009097
-0.011295
-0.011470
-0.108691
-0.053737
-0.105798
-0.106153
-0.103735
-0.094474
-0.083356
-0.102987
-0.058663
-0.078497
-0.063157
-0.057666
-0.072066
-0.064093
-0.071565
-0.075954
-0.073731
-0.084869
-0.084230
-0.092827
-0.103617
-0.098482
-0.111204
-0.108020
-0.113566
-0.111507
-0.109610
-0.112470
-0.104527
-0.109609
-0.101613
-0.103020
-0.103953
-0.101642
-0.105596
-0.104820
-0.106521
-0.107646
-0.108285
-0.109858
-0.110213
-0.111605
-0.112316
-0.112186
-0.113168
-0.112105
-0.112697
-0.111968
-0.112201
-0.112165
-0.112043
-0.112094
-0.111968
-0.111999
-0.112165
-0.112232
-0.112456
-0.112569
-0.112765
-0.112877
-0.113031
-0.113138
-0.113255
-0.113368
-0.113384
-0.113524
-0.113460
-0.113556
-0.113521
-0.113580
-0.113591
-0.113620
-0.113604
-0.113645
-0.113613
-0.113681
-0.113666
-0.113721
-0.113733
-0.113754
-0.113766
-0.086741
0.211248
0.455296
0.126698
0.024102
0.380232
0.034630
0.115194
-0.089054
-0.055495
-0.087444
-0.111103
-0.101751
-0.089307
-0.075628
-0.039948
-0.070429
-0.040200
-0.082210
-0.104393
-0.080393
-0.112946
-0.114827
-0.109142
-0.104596
-0.097948
-0.113045
-0.082060
-0.103880
-0.100587
-0.110178
-0.107720
-0.110320
-0.115948
-0.110836
-0.112586
-0.106075
-0.106499
-0.105976
-0.104156
-0.106848
-0.114106
-0.110043
-0.115619
-0.114845
-0.113950
-0.113779
-0.111235
-0.116135
-0.111641
-0.114597
-0.116130
-0.114440
-0.113934
-0.114673
-0.115002
-0.114484
-0.114954
-0.114467
-0.114884
-0.114406
-0.115036
-0.115161
-0.115954
-0.115955
-0.115664
-0.115500
-0.115529
-0.115571
-0.115567
-0.115812
-0.115902
-0.115944
-0.115723
-0.115679
-0.115732
-0.115747
-0.115741
-0.115786
-0.115793
-0.115822
-0.115815
-0.115885
-0.115912
-0.115941
-0.115952
-0.115922
-0.115920
-0.115930
-0.115947
-0.115947
-0.115979
-0.115994
-0.115993
-0.115950
-0.115951
-0.115978
-0.115965
-0.115969
-0.115976
1.419620
0.649603
0.383929
0.381748
0.297744
0.244982
0.101352
0.042414
0.147473
-0.085546
0.026037
-0.073481
-0.000855
-0.057693
-0.032710
-0.038801
-0.100923
-0.042950
-0.103058
-0.078524
-0.104619
-0.095439
-0.114353
-0.106251
-0.096449
-0.100354
-0.094733
-0.100142
-0.092425
-0.106106
-0.090384
-0.110983
-0.101959
-0.104519
-0.101599
-0.105726
-0.106843
-0.101881
-0.114388
-0.104638
-0.116675
-0.109521
-0.114072
-0.110466
-0.114184
-0.113533
-0.110823
-0.111736
-0.111456
-0.112974
-0.109858
-0.113632
-0.111230
-0.113968
-0.112934
-0.114014
-0.113084
-0.114092
-0.114190
-0.113536
-0.114848
-0.114211
-0.114955
-0.114341
-0.115093
-0.114624
-0.114885
-0.114915
-0.114916
-0.114984
-0.115059
-0.115190
-0.115141
-0.115304
-0.115357
-0.115436
-0.115456
-0.115528
-0.115568
-0.115631
-0.115651
-0.115754
-0.115760
-0.115841
-0.115829
-0.115933
-0.115917
-0.115973
-0.116008
-0.116041
-0.116065
-0.116103
-0.116133
-0.116148
-0.116172
-0.116191
-0.116203
-0.116189
-0.116234
-0.116204
-0.039072
0.081248
-0.022290
0.078956
0.200021
0.341431
0.024215
0.079422
-0.101959
-0.067809
-0.033311
-0.072871
-0.061740
-0.084988
-0.098389
-0.036233
-0.093906
-0.061833
-0.085778
-0.089738
-0.103289
-0.112383
-0.109586
-0.111876
-0.113066
-0.111174
-0.100275
-0.090248
-0.111336
-0.112487
-0.113111
-0.105886
-0.108435
-0.112062
-0.109086
-0.108905
-0.113691
-0.103565
-0.115246
-0.110860
-0.109650
-0.108269
-0.112463
-0.114723
-0.113249
-0.116153
-0.114342
-0.114442
-0.115080
-0.111870
-0.114701
-0.114053
-0.116193
-0.112594
-0.114246
-0.114624
-0.113998
-0.113769
-0.115099
-0.114083
-0.114711
-0.114752
-0.115249
-0.114280
-0.114624
-0.114861
-0.114800
-0.114928
-0.114907
-0.114915
-0.114997
-0.114994
-0.114943
-0.114866
-0.114948
-0.114879
-0.114930
-0.114941
-0.114955
-0.114996
-0.114980
-0.115023
-0.115032
-0.115069
-0.114994
-0.115031
-0.115057
-0.115052
-0.115074
-0.115071
-0.115072
-0.115097
-0.115090
-0.115081
-0.115057
-0.115103
-0.115062
-0.115083
-0.115091
-0.115095
0.093432
1.587861
1.238604
0.623104
0.427598
0.531711
0.058018
0.097452
0.054448
-0.049950
-0.002596
-0.088387
-0.025239
-0.106771
-0.046417
-0.075496
-0.073581
-0.063748
-0.059948
-0.102970
-0.080443
-0.074818
-0.103191
-0.099269
-0.099326
-0.082480
-0.105310
-0.086461
-0.103554
-0.100178
-0.106542
-0.105223
-0.112659
-0.105296
-0.110310
-0.108345
-0.108414
-0.112090
-0.107013
-0.112746
-0.104615
-0.109046
-0.109412
-0.107409
-0.112997
-0.113310
-0.112208
-0.105837
-0.111980
-0.108822
-0.110830
-0.111499
-0.112175
-0.111979
-0.113496
-0.111984
-0.113269
-0.112355
-0.112832
-0.112684
-0.112548
-0.112893
-0.112451
-0.112732
-0.112938
-0.113052
-0.113486
-0.113170
-0.113078
-0.112732
-0.113073
-0.113051
-0.113204
-0.113276
-0.113314
-0.113362
-0.113389
-0.113410
-0.113423
-0.113439
-0.113461
-0.113458
-0.113496
-0.113482
-0.113498
-0.113547
-0.113546
-0.113602
-0.113575
-0.113581
-0.113523
-0.113594
-0.113592
-0.113609
-0.113635
-0.113636
-0.113641
-0.113661
-0.113641
-0.113665
-0.090678
0.222223
0.182674
0.173496
0.496119
0.171320
0.217140
0.100171
-0.030623
-0.050011
0.013497
-0.099849
-0.037109
-0.080698
-0.101448
-0.065829
-0.059726
-0.076355
-0.069180
-0.103079
-0.112770
-0.107664
-0.109296
-0.104333
-0.113014
-0.107258
-0.099337
-0.109747
-0.104048
-0.100494
-0.112909
-0.106143
-0.107570
-0.111393
-0.108716
-0.109267
-0.113764
-0.106733
-0.109408
-0.107488
-0.106988
-0.110589
-0.114145
-0.112644
-0.114113
-0.111874
-0.112976
-0.111762
-0.111664
-0.112374
-0.112169
-0.110200
-0.113068
-0.112387
-0.112321
-0.112731
-0.112695
-0.112322
-0.113266
-0.112430
-0.112691
-0.112699
-0.112761
-0.112886
-0.113395
-0.113277
-0.113332
-0.113209
-0.113186
-0.113154
-0.113170
-0.113172
-0.113236
-0.113213
-0.113329
-0.113369
-0.113363
-0.113373
-0.113403
-0.113428
-0.113422
-0.113445
-0.113444
-0.113461
-0.113489
-0.113538
-0.113529
-0.113543
-0.113530
-0.113537
-0.113536
-0.113544
-0.113553
-0.113569
-0.113549
-0.113589
-0.113590
-0.113583
-0.113587
-0.113602
-1.409843
0.973763
-0.067526
-3.081149
-0.116789
-0.116792
1.249509
1.864078
4.276950
-1.378106
-0.116788
-0.116792
-1.778518
1.621160
0.749743
-4.198025
-0.116788
-0.116792
1.542631
3.844722
7.330314
-4.030755
-0.116789
-0.116792
1.392771
4.064628
7.260683
-4.528251
-0.116789
-0.116792
-0.069817
4.573906
6.274382
-7.106650
-0.116789
-0.116792
4.367404
2.008031
7.359558
1.252122
-0.116789
-0.116792
1.170811
0.643750
-0.014581
-0.110685
-0.115558
-0.108974
-0.109113
-0.111811
-0.114760
-0.108264
-0.060282
-0.103653
-0.078614
-0.100563
-0.114728
-0.115165
-0.114201
-0.114562
-0.115492
-0.115781
-0.115409
-0.105837
-0.110568
-0.108435
-0.110592
-0.115852
-0.115778
-0.115541
-0.115805
-0.116201
-0.116157
-0.116041
-0.113221
-0.113007
-0.113874
-0.113177
-0.116253
-0.116102
-0.116023
-0.116208
-0.116380
-0.116289
-0.116251
-0.115561
-0.114642
-0.115877
-0.114828
-0.116386
-0.116276
-0.116260
-0.116347
-0.116382
-0.116331
-0.116331
-0.116357
-0.115932
-0.116348
-0.115986
-0.116398
-0.116353
-0.116355
-0.116379
-0.116381
-0.116368
-0.116376
-0.116390
-0.116322
-0.116372
-0.116337
-0.116406
-0.116392
-0.116397
-0.116403
-0.116402
-0.116401
-0.116407
-0.116402
-0.116402
-0.116402
-0.116413
-0.116417
-0.116416
-0.116419
-0.116421
-0.116420
-0.116422
-0.116424
-0.116419
-0.116425
-0.116422
-0.116430
-0.116428
-0.116429
-0.116430
-0.116430
-0.116430
-0.116431
-0.116431
-0.116429
-0.116433
1.232416
1.277883
-0.003952
-0.099271
-0.097305
-0.102730
-0.103862
-0.104122
-0.109323
-0.104155
-0.024962
-0.086148
-0.047990
-0.085711
-0.102293
-0.103408
-0.105402
-0.106580
-0.107485
-0.109198
-0.109379
-0.103567
-0.100473
-0.102023
-0.100248
-0.107405
-0.108094
-0.109041
-0.109626
-0.110134
-0.110883
-0.111227
-0.113237
-0.105894
-0.109969
-0.105772
-0.110345
-0.110645
-0.111132
-0.111406
-0.111654
-0.111977
-0.112135
-0.113434
-0.109218
-0.111943
-0.109496
-0.111982
-0.112010
-0.112188
-0.112272
-0.112354
-0.112448
-0.112492
-0.112762
-0.111636
-0.112511
-0.111894
-0.112673
-0.112645
-0.112700
-0.112732
-0.112768
-0.112805
-0.112838
-0.112858
-0.112687
-0.112887
-0.112818
-0.113016
-0.113011
-0.113036
-0.113057
-0.113080
-0.113102
-0.113126
-0.113110
-0.113130
-0.113156
-0.113193
-0.113226
-0.113235
-0.113249
-0.113262
-0.113275
-0.113286
-0.113298
-0.113286
-0.113319
-0.113312
-0.113346
-0.113346
-0.113352
-0.113358
-0.113363
-0.113367
-0.113370
-0.113372
-0.113367
-0.113383
1.543656
1.093959
0.001642
-0.095737
-0.097771
-0.093746
-0.086653
-0.104735
-0.102895
-0.105736
-0.026310
-0.098800
-0.070801
-0.081555
-0.099486
-0.102335
-0.101323
-0.102831
-0.107430
-0.106864
-0.107903
-0.101985
-0.102879
-0.108811
-0.098632
-0.105938
-0.107068
-0.107020
-0.108174
-0.109732
-0.109541
-0.110179
-0.111414
-0.106431
-0.111100
-0.104860
-0.109323
-0.109798
-0.109853
-0.110557
-0.111165
-0.110994
-0.111314
-0.112252
-0.109067
-0.111554
-0.108771
-0.111183
-0.111289
-0.111331
-0.111626
-0.111779
-0.111695
-0.111813
-0.112031
-0.111126
-0.111904
-0.111242
-0.112024
-0.112022
-0.112054
-0.112151
-0.112189
-0.112188
-0.112246
-0.112267
-0.112133
-0.112316
-0.112243
-0.112448
-0.112449
-0.112478
-0.112516
-0.112534
-0.112553
-0.112584
-0.112575
-0.112600
-0.112625
-0.112664
-0.112701
-0.112711
-0.112731
-0.112746
-0.112757
-0.112772
-0.112785
-0.112777
-0.112811
-0.112805
-0.112839
-0.112841
-0.112848
-0.112856
-0.112861
-0.112864
-0.112870
-0.112872
-0.112867
-0.112884
1.502380
2.653503
0.098225
0.012352
-0.016787
-0.034247
-0.044115
-0.050584
-0.066016
-0.087242
0.054784
-0.045612
-0.032815
-0.013225
-0.040536
-0.051320
-0.058924
-0.064348
-0.069087
-0.075262
-0.083349
-0.109333
-0.063346
-0.094201
-0.054259
-0.069144
-0.074453
-0.078104
-0.080769
-0.083180
-0.086026
-0.089510
-0.099333
-0.076918
-0.091560
-0.073411
-0.083736
-0.086611
-0.088468
-0.089764
-0.090914
-0.092161
-0.093483
-0.096190
-0.086078
-0.093320
-0.085870
-0.091988
-0.093123
-0.093810
-0.094266
-0.094664
-0.095060
-0.095411
-0.095800
-0.093110
-0.095581
-0.093823
-0.096030
-0.096313
-0.096538
-0.096725
-0.096910
-0.097091
-0.097257
-0.097281
-0.096939
-0.097581
-0.097411
-0.098065
-0.098167
-0.098284
-0.098399
-0.098514
-0.098625
-0.098724
-0.098713
-0.098831
-0.098943
-0.099084
-0.099234
-0.099297
-0.099366
-0.099433
-0.099497
-0.099555
-0.099602
-0.099597
-0.099717
-0.099711
-0.099827
-0.099854
-0.099883
-0.099911
-0.099936
-0.099957
-0.099973
-0.099982
-0.099976
-0.100026
1.419630
2.821223
-0.010409
-0.077283
-0.077642
-0.077684
-0.079756
-0.082354
-0.086837
-0.097839
0.075869
-0.059891
-0.012389
-0.039744
-0.067384
-0.075286
-0.080248
-0.084312
-0.088074
-0.092182
-0.098350
-0.099888
-0.076662
-0.105898
-0.070075
-0.084671
-0.088838
-0.091501
-0.093650
-0.095604
-0.097645
-0.100435
-0.110067
-0.087387
-0.103091
-0.084633
-0.094666
-0.096897
-0.098275
-0.099339
-0.100250
-0.101125
-0.102188
-0.104917
-0.094711
-0.102410
-0.094576
-0.100468
-0.101273
-0.101754
-0.102105
-0.102383
-0.102625
-0.102881
-0.103254
-0.100504
-0.103029
-0.101064
-0.103150
-0.103299
-0.103438
-0.103562
-0.103675
-0.103782
-0.103893
-0.103877
-0.103487
-0.104091
-0.103829
-0.104420
-0.104461
-0.104532
-0.104605
-0.104676
-0.104745
-0.104810
-0.104766
-0.104853
-0.104927
-0.105028
-0.105144
-0.105178
-0.105222
-0.105264
-0.105304
-0.105341
-0.105370
-0.105347
-0.105451
-0.105424
-0.105525
-0.105537
-0.105555
-0.105573
-0.105589
-0.105603
-0.105613
-0.105617
-0.105608
-0.105656
-0.030291
3.193109
0.060906
-0.106041
-0.100264
-0.098012
-0.098777
-0.101177
-0.104504
-0.098675
0.098203
-0.042113
0.052107
-0.058720
-0.087957
-0.091715
-0.094318
-0.096773
-0.099196
-0.101607
-0.103866
-0.084394
-0.078919
-0.079798
-0.083697
-0.097143
-0.099241
-0.100766
-0.102105
-0.103343
-0.104535
-0.105868
-0.107202
-0.092338
-0.101008
-0.094144
-0.103112
-0.104168
-0.104976
-0.105652
-0.106227
-0.106736
-0.107294
-0.109180
-0.100363
-0.106666
-0.101685
-0.106586
-0.106891
-0.107180
-0.107408
-0.107584
-0.107724
-0.107875
-0.108270
-0.105982
-0.107959
-0.106638
-0.108138
-0.108168
-0.108258
-0.108341
-0.108413
-0.108479
-0.108556
-0.108569
-0.108252
-0.108680
-0.108518
-0.108904
-0.108915
-0.108963
-0.109011
-0.109056
-0.109100
-0.109147
-0.109115
-0.109166
-0.109218
-0.109286
-0.109357
-0.109377
-0.109406
-0.109433
-0.109458
-0.109482
-0.109503
-0.109484
-0.109552
-0.109536
-0.109602
-0.109607
-0.109619
-0.109631
-0.109641
-0.109649
-0.109656
-0.109660
-0.109652
-0.109684
