-0.737523
3.387842
3.216442
-14.281222
-0.111218
-0.111205
-0.188671
0.972114
1.515157
-3.515996
-0.111216
-0.111212
1.257758
2.564717
6.915599
-4.683793
-0.111214
-0.111215
-0.091294
1.025535
2.202155
-3.098296
-0.111215
-0.111214
-0.000333
3.824294
8.297475
-8.477273
-0.111214
-0.111215
-0.200210
1.024026
1.999830
-3.093103
-0.111214
-0.111213
8.161101
-0.111076
8.161562
8.160978
-0.111211
-0.111208
5.466396
1.421691
8.137764
2.151296
-0.111214
-0.111214
0.516701
0.474346
1.153893
0.774250
0.225211
0.754366
0.733285
0.211146
0.650839
0.395073
0.241862
0.383123
0.274268
0.099895
0.226027
0.127226
-0.030437
0.091205
-0.001653
-0.076790
-0.026436
-0.103087
-0.093570
-0.101318
-0.098002
-0.064542
-0.077621
-0.075164
-0.040225
-0.061871
-0.057570
-0.027834
-0.066268
-0.056821
-0.049061
-0.074750
-0.074374
-0.062342
-0.096274
-0.082651
-0.092719
-0.107258
-0.102254
-0.105593
-0.102520
-0.103304
-0.101589
-0.100243
-0.097110
-0.103152
-0.096224
-0.096476
-0.104145
-0.098194
-0.104392
-0.106282
-0.105232
-0.109231
-0.109120
-0.109617
-0.108259
-0.107291
-0.108937
-0.106869
-0.107239
-0.107744
-0.107118
-0.107646
-0.107881
-0.107965
-0.107991
-0.108645
-0.108314
-0.109033
-0.109085
-0.109077
-0.109554
-0.109263
-0.109441
-0.109543
-0.109343
-0.109630
-0.109529
-0.109549
-0.109737
-0.109684
-0.109821
-0.109881
-0.109960
-0.109968
-0.110122
-0.110105
-0.110207
-0.110318
-0.110276
-0.110392
-0.110380
-0.110395
-0.110423
-0.110421
-0.031125
0.087725
0.334290
0.155256
0.205883
0.115233
-0.023990
0.065084
0.096432
-0.053621
-0.047390
-0.039916
-0.068092
-0.035089
-0.053898
-0.071383
-0.051334
-0.054138
-0.079675
-0.072359
-0.077064
-0.098797
-0.099029
-0.102246
-0.106551
-0.091881
-0.097525
-0.091041
-0.083717
-0.093350
-0.099474
-0.101782
-0.107179
-0.105087
-0.093957
-0.099707
-0.099932
-0.098518
-0.097979
-0.102571
-0.098340
-0.100821
-0.107052
-0.109319
-0.107137
-0.107809
-0.107566
-0.105702
-0.108004
-0.107445
-0.108873
-0.108303
-0.108631
-0.106772
-0.107647
-0.106825
-0.106912
-0.106884
-0.107240
-0.107969
-0.108055
-0.108865
-0.108618
-0.108386
-0.108334
-0.108405
-0.108208
-0.108515
-0.108608
-0.108613
-0.108730
-0.108658
-0.108518
-0.108571
-0.108665
-0.108683
-0.108795
-0.108772
-0.108800
-0.108834
-0.108921
-0.108927
-0.108916
-0.108909
-0.108924
-0.108918
-0.108964
-0.108983
-0.108989
-0.109008
-0.108997
-0.108984
-0.108996
-0.109025
-0.109032
-0.109058
-0.109037
-0.109030
-0.109031
-0.109058
1.253894
0.664436
0.833715
0.792508
0.468373
0.077954
0.536632
0.110726
0.209413
0.233537
-0.029186
0.112944
0.059834
-0.031053
0.085760
-0.040041
-0.014483
0.017512
-0.094987
-0.021185
-0.099894
-0.076973
-0.084352
-0.093534
-0.092537
-0.092854
-0.061798
-0.092361
-0.076072
-0.067396
-0.101526
-0.063219
-0.086967
-0.087777
-0.077019
-0.106404
-0.082077
-0.087773
-0.099585
-0.087663
-0.109250
-0.098703
-0.105635
-0.100323
-0.104544
-0.104822
-0.103502
-0.103416
-0.100288
-0.106195
-0.104087
-0.102216
-0.108149
-0.103465
-0.110083
-0.105551
-0.107193
-0.107810
-0.105967
-0.109144
-0.106098
-0.107705
-0.107033
-0.106895
-0.107834
-0.106773
-0.107506
-0.107550
-0.107859
-0.107868
-0.107867
-0.108473
-0.107973
-0.108542
-0.108126
-0.108398
-0.108492
-0.108334
-0.108723
-0.108482
-0.108705
-0.108703
-0.108700
-0.108853
-0.108774
-0.108890
-0.108919
-0.108972
-0.108990
-0.109002
-0.109095
-0.109033
-0.109118
-0.109045
-0.109115
-0.109109
-0.109108
-0.109155
-0.109124
-0.109149
-0.074829
0.120247
0.208070
0.391647
0.116199
0.194690
0.113188
-0.041569
0.038702
-0.060169
0.011509
-0.072138
-0.055913
-0.089061
-0.092125
-0.063007
-0.090206
-0.046759
-0.098203
-0.102788
-0.083606
-0.103413
-0.104969
-0.104129
-0.106509
-0.090710
-0.107281
-0.109701
-0.092885
-0.101703
-0.102840
-0.101043
-0.105034
-0.105630
-0.107138
-0.105971
-0.104778
-0.108787
-0.101405
-0.108632
-0.098126
-0.105357
-0.106158
-0.105771
-0.106596
-0.106253
-0.106080
-0.106188
-0.105021
-0.107327
-0.107896
-0.104416
-0.107684
-0.105230
-0.107105
-0.106155
-0.106942
-0.106790
-0.106987
-0.107127
-0.106365
-0.107231
-0.106327
-0.107521
-0.107336
-0.107411
-0.107068
-0.107184
-0.107231
-0.107292
-0.107159
-0.107454
-0.107330
-0.107376
-0.107333
-0.107337
-0.107385
-0.107384
-0.107438
-0.107374
-0.107446
-0.107372
-0.107477
-0.107472
-0.107484
-0.107463
-0.107481
-0.107492
-0.107504
-0.107501
-0.107544
-0.107534
-0.107535
-0.107535
-0.107532
-0.107547
-0.107546
-0.107558
-0.107549
-0.107551
0.005566
1.419311
1.674832
1.079731
0.122602
0.544481
0.302857
0.019058
0.087955
-0.063771
-0.073214
-0.073591
-0.069259
-0.079887
-0.044505
-0.061409
-0.089492
-0.038924
-0.046358
-0.097388
-0.063400
-0.031641
-0.093144
-0.092007
-0.074336
-0.081720
-0.073075
-0.076563
-0.070629
-0.101200
-0.090225
-0.100869
-0.102916
-0.105773
-0.105018
-0.102426
-0.103789
-0.095627
-0.099124
-0.096952
-0.092409
-0.103922
-0.094590
-0.100565
-0.109180
-0.105215
-0.104233
-0.101099
-0.104479
-0.104931
-0.107401
-0.108396
-0.106216
-0.107955
-0.105795
-0.106711
-0.106479
-0.106647
-0.107054
-0.106774
-0.108019
-0.107366
-0.108280
-0.108164
-0.107431
-0.107807
-0.107745
-0.107740
-0.107899
-0.108302
-0.107964
-0.107815
-0.108283
-0.107985
-0.108181
-0.108279
-0.108332
-0.108475
-0.108506
-0.108625
-0.108606
-0.108702
-0.108690
-0.108654
-0.108713
-0.108711
-0.108750
-0.108780
-0.108838
-0.108776
-0.108777
-0.108857
-0.108811
-0.108865
-0.108875
-0.108892
-0.108910
-0.108921
-0.108923
-0.108925
-0.017253
0.183278
0.390198
0.275999
-0.001556
0.145430
0.061749
0.036525
-0.025541
-0.066103
-0.085129
-0.090254
-0.093245
-0.099217
-0.099359
-0.084376
-0.075948
-0.071530
-0.065204
-0.070215
-0.098086
-0.094200
-0.094753
-0.099883
-0.103512
-0.094052
-0.085206
-0.093047
-0.090668
-0.094086
-0.095974
-0.100806
-0.100824
-0.101960
-0.100809
-0.102103
-0.100557
-0.100075
-0.099381
-0.101100
-0.102325
-0.106269
-0.108695
-0.106182
-0.104152
-0.105209
-0.105194
-0.103406
-0.104290
-0.107053
-0.106699
-0.107571
-0.107463
-0.106978
-0.106600
-0.106512
-0.106689
-0.106743
-0.106858
-0.107037
-0.107339
-0.107452
-0.107411
-0.107226
-0.107360
-0.107113
-0.107138
-0.107416
-0.107555
-0.107564
-0.107701
-0.107821
-0.107751
-0.107704
-0.107740
-0.107786
-0.107855
-0.107905
-0.107960
-0.107997
-0.108033
-0.108048
-0.108056
-0.108082
-0.108079
-0.108100
-0.108144
-0.108164
-0.108173
-0.108197
-0.108220
-0.108212
-0.108206
-0.108217
-0.108227
-0.108243
-0.108249
-0.108257
-0.108256
-0.108262
-1.988322
1.008168
-0.535512
-3.755249
-0.111214
-0.111217
1.352356
1.682000
3.931804
-1.174017
-0.111214
-0.111217
-1.395893
1.600175
1.158141
-3.756898
-0.111214
-0.111217
1.353448
3.208888
6.139935
-3.498402
-0.111214
-0.111217
1.250948
3.845175
6.811104
-4.412664
-0.111214
-0.111217
-0.292291
4.509687
6.155323
-7.053190
-0.111214
-0.111217
5.228095
2.085745
8.399137
2.145624
-0.111214
-0.111217
1.771914
0.674190
-0.063863
-0.084117
-0.097357
-0.098099
-0.100223
-0.097688
-0.097241
-0.086343
-0.062231
-0.086896
-0.072751
-0.099547
-0.100825
-0.104611
-0.105258
-0.106167
-0.106161
-0.106420
-0.104927
-0.104512
-0.101621
-0.105568
-0.103305
-0.106986
-0.108365
-0.108735
-0.109129
-0.109285
-0.109371
-0.109237
-0.109510
-0.105264
-0.109426
-0.107280
-0.109918
-0.109609
-0.109747
-0.109746
-0.109779
-0.109700
-0.109677
-0.109238
-0.107970
-0.110868
-0.110416
-0.109772
-0.109733
-0.109881
-0.109912
-0.109972
-0.109989
-0.110021
-0.109949
-0.109940
-0.110206
-0.110259
-0.110032
-0.110142
-0.110165
-0.110187
-0.110203
-0.110208
-0.110250
-0.110270
-0.110244
-0.110133
-0.110234
-0.110339
-0.110295
-0.110284
-0.110292
-0.110295
-0.110302
-0.110320
-0.110324
-0.110310
-0.110305
-0.110337
-0.110353
-0.110342
-0.110346
-0.110351
-0.110355
-0.110357
-0.110347
-0.110363
-0.110378
-0.110371
-0.110371
-0.110373
-0.110374
-0.110376
-0.110377
-0.110378
-0.110377
-0.110374
-0.110384
-0.110387
1.354082
1.146958
-0.082484
-0.094708
-0.101106
-0.105730
-0.109553
-0.107780
-0.103209
-0.089187
-0.033499
-0.077532
-0.064469
-0.077819
-0.089810
-0.095749
-0.098674
-0.100798
-0.102471
-0.103046
-0.105593
-0.107182
-0.088595
-0.099154
-0.092878
-0.099554
-0.101438
-0.102550
-0.103087
-0.103457
-0.103550
-0.104270
-0.104713
-0.097810
-0.103990
-0.103339
-0.104731
-0.104973
-0.105396
-0.105457
-0.105596
-0.105733
-0.106097
-0.106360
-0.105545
-0.106557
-0.108876
-0.105690
-0.106191
-0.106563
-0.106715
-0.106894
-0.107051
-0.107240
-0.107480
-0.107879
-0.106792
-0.107604
-0.106846
-0.107244
-0.107419
-0.107524
-0.107603
-0.107661
-0.107722
-0.107808
-0.107821
-0.107619
-0.107835
-0.107889
-0.107913
-0.107948
-0.107984
-0.108012
-0.108042
-0.108027
-0.108081
-0.108057
-0.108096
-0.108120
-0.108158
-0.108150
-0.108168
-0.108184
-0.108200
-0.108211
-0.108195
-0.108232
-0.108240
-0.108251
-0.108261
-0.108270
-0.108277
-0.108283
-0.108288
-0.108293
-0.108296
-0.108298
-0.108303
-0.108309
1.160083
1.096362
-0.057095
-0.102389
-0.102095
-0.104947
-0.109979
-0.105630
-0.100844
-0.087268
-0.042810
-0.068820
-0.049522
-0.093354
-0.100154
-0.103595
-0.105100
-0.106801
-0.107583
-0.107251
-0.106180
-0.104028
-0.094234
-0.102431
-0.097423
-0.103880
-0.105760
-0.106555
-0.107182
-0.107197
-0.107150
-0.107225
-0.107859
-0.104704
-0.108706
-0.101348
-0.106972
-0.107876
-0.108108
-0.108193
-0.108103
-0.108242
-0.108500
-0.109119
-0.110581
-0.107138
-0.106033
-0.108504
-0.108626
-0.108636
-0.108648
-0.108704
-0.108827
-0.108912
-0.109007
-0.109237
-0.108410
-0.108923
-0.108608
-0.108828
-0.108916
-0.108973
-0.109031
-0.109079
-0.109052
-0.109063
-0.109132
-0.109242
-0.109213
-0.109011
-0.109163
-0.109205
-0.109227
-0.109245
-0.109262
-0.109240
-0.109276
-0.109280
-0.109325
-0.109294
-0.109299
-0.109323
-0.109333
-0.109338
-0.109346
-0.109356
-0.109370
-0.109370
-0.109347
-0.109375
-0.109383
-0.109388
-0.109392
-0.109395
-0.109397
-0.109402
-0.109405
-0.109414
-0.109400
-0.109400
1.345591
2.212203
0.057733
-0.053500
-0.072880
-0.079767
-0.086441
-0.089623
-0.091086
-0.085711
0.053445
-0.066149
-0.046564
-0.025867
-0.069335
-0.078827
-0.083664
-0.087313
-0.089876
-0.092041
-0.093504
-0.085457
-0.078672
-0.099430
-0.069979
-0.090717
-0.093236
-0.094676
-0.095827
-0.096645
-0.097385
-0.097876
-0.097483
-0.094075
-0.099912
-0.092385
-0.100715
-0.100884
-0.101246
-0.101666
-0.102068
-0.102517
-0.102961
-0.103414
-0.106274
-0.102656
-0.105021
-0.101965
-0.103326
-0.103820
-0.104187
-0.104511
-0.104801
-0.105106
-0.105438
-0.106707
-0.104306
-0.105914
-0.104033
-0.105169
-0.105430
-0.105604
-0.105744
-0.105890
-0.105940
-0.106052
-0.106113
-0.106022
-0.106221
-0.106064
-0.106308
-0.106360
-0.106411
-0.106461
-0.106538
-0.106475
-0.106574
-0.106515
-0.106655
-0.106634
-0.106687
-0.106690
-0.106721
-0.106746
-0.106771
-0.106795
-0.106783
-0.106828
-0.106809
-0.106863
-0.106877
-0.106890
-0.106902
-0.106913
-0.106920
-0.106929
-0.106934
-0.106952
-0.106940
-0.106948
1.263144
2.666138
-0.027199
-0.076981
-0.089876
-0.095645
-0.098390
-0.097065
-0.089823
-0.065128
0.073490
-0.055845
-0.030224
-0.024042
-0.062747
-0.075609
-0.082049
-0.086254
-0.089369
-0.091826
-0.093328
-0.091675
-0.069296
-0.098860
-0.063101
-0.083848
-0.088648
-0.090776
-0.092123
-0.093113
-0.093874
-0.094487
-0.096172
-0.087021
-0.096258
-0.086944
-0.095877
-0.097170
-0.097642
-0.098064
-0.098502
-0.098945
-0.099503
-0.100588
-0.102026
-0.099055
-0.101689
-0.098564
-0.099990
-0.100527
-0.100939
-0.101311
-0.101639
-0.102036
-0.102499
-0.103806
-0.100973
-0.102996
-0.100868
-0.102034
-0.102406
-0.102637
-0.102819
-0.102982
-0.103072
-0.103213
-0.103336
-0.103124
-0.103439
-0.103265
-0.103522
-0.103621
-0.103694
-0.103763
-0.103850
-0.103789
-0.103917
-0.103866
-0.104006
-0.104002
-0.104073
-0.104080
-0.104122
-0.104157
-0.104191
-0.104224
-0.104208
-0.104271
-0.104253
-0.104312
-0.104336
-0.104355
-0.104371
-0.104386
-0.104397
-0.104409
-0.104418
-0.104434
-0.104425
-0.104435
0.075054
3.131007
-0.029686
-0.091689
-0.103832
-0.109273
-0.106458
-0.099399
-0.088243
-0.051804
0.087383
-0.024160
0.013916
-0.031263
-0.060493
-0.075328
-0.082313
-0.086933
-0.090688
-0.094456
-0.100330
-0.104324
-0.053304
-0.080640
-0.064963
-0.082293
-0.087234
-0.089285
-0.090611
-0.091647
-0.092526
-0.093487
-0.094119
-0.075558
-0.092435
-0.090735
-0.094701
-0.095149
-0.095586
-0.095993
-0.096413
-0.096816
-0.097267
-0.097725
-0.095279
-0.099006
-0.104830
-0.096693
-0.097816
-0.098590
-0.099097
-0.099523
-0.099875
-0.100342
-0.100919
-0.101860
-0.099302
-0.101331
-0.099417
-0.100414
-0.100850
-0.101104
-0.101296
-0.101443
-0.101640
-0.101836
-0.101856
-0.101317
-0.101897
-0.102062
-0.102120
-0.102207
-0.102287
-0.102364
-0.102445
-0.102420
-0.102548
-0.102489
-0.102584
-0.102657
-0.102757
-0.102736
-0.102781
-0.102825
-0.102865
-0.102894
-0.102852
-0.102950
-0.102975
-0.103004
-0.103029
-0.103051
-0.103069
-0.103086
-0.103099
-0.103111
-0.103119
-0.103124
-0.103139
-0.103156
