-1.492196
2.818250
3.975436
-10.653585
-0.110765
-0.110759
-0.306917
1.799445
4.527566
-7.819390
-0.110765
-0.110753
0.936241
1.837660
5.220239
-4.177145
-0.110763
-0.110763
0.199140
1.693723
4.279051
-4.164863
-0.110762
-0.110762
-0.211976
3.723951
8.418947
-10.559626
-0.110763
-0.110760
0.044058
1.212183
2.248062
-2.432179
-0.110762
-0.110765
9.032649
-0.110212
9.033706
9.031827
-0.110762
-0.110764
5.748220
1.533974
7.981108
2.234731
-0.110764
-0.110763
1.270034
0.146530
0.963816
-0.036452
0.981982
0.574790
0.564621
0.632098
0.048378
0.336402
-0.025157
0.055065
-0.075482
-0.030566
-0.015639
-0.044700
-0.034708
-0.053813
-0.015570
-0.021442
0.000565
-0.003685
-0.060820
-0.002674
-0.083737
-0.066897
-0.064635
-0.084295
-0.080935
-0.085914
-0.081075
-0.085360
-0.062630
-0.079220
-0.053250
-0.085703
-0.076438
-0.082379
-0.095153
-0.088521
-0.098693
-0.109665
-0.098179
-0.096636
-0.100472
-0.093970
-0.100165
-0.096610
-0.094043
-0.103589
-0.093298
-0.104228
-0.101085
-0.098781
-0.104460
-0.103611
-0.097075
-0.105016
-0.099474
-0.103381
-0.102296
-0.102630
-0.102417
-0.101766
-0.102923
-0.109537
-0.108435
-0.104882
-0.109371
-0.105588
-0.108399
-0.108855
-0.109227
-0.109364
-0.109651
-0.108522
-0.108771
-0.108290
-0.108582
-0.108941
-0.109836
-0.108349
-0.109690
-0.107968
-0.108972
-0.108829
-0.110174
-0.109908
-0.109971
-0.109782
-0.109564
-0.109467
-0.109499
-0.109316
-0.109798
-0.109608
-0.109694
-0.109284
-0.109560
-0.109365
0.086077
0.175150
0.452972
0.159128
0.242336
0.125056
0.409780
-0.004207
0.334100
0.189265
0.298842
0.252179
0.219280
0.088298
0.020033
0.038883
0.014000
-0.054123
0.081432
-0.039365
-0.013292
-0.019433
-0.054199
-0.081505
-0.074618
-0.063894
-0.091906
-0.094682
-0.090281
-0.087299
-0.083384
-0.084151
-0.076581
-0.089083
-0.080372
-0.092351
-0.079489
-0.086698
-0.088969
-0.068959
-0.081642
-0.071772
-0.094450
-0.089532
-0.102035
-0.103710
-0.102337
-0.102495
-0.095369
-0.096567
-0.091922
-0.091955
-0.099159
-0.104839
-0.097979
-0.106460
-0.103714
-0.105842
-0.102156
-0.102666
-0.102024
-0.102397
-0.103135
-0.104633
-0.105352
-0.102444
-0.109598
-0.107064
-0.107219
-0.105651
-0.107562
-0.105171
-0.108582
-0.107904
-0.109256
-0.109703
-0.109516
-0.107843
-0.108427
-0.106959
-0.106015
-0.108635
-0.107214
-0.108564
-0.108825
-0.108621
-0.109228
-0.109164
-0.109096
-0.108922
-0.108727
-0.108643
-0.108750
-0.108681
-0.108839
-0.108596
-0.108791
-0.108817
-0.108606
-0.108737
0.924680
0.559354
0.206629
0.634257
0.385490
0.118830
0.358962
0.278983
0.041738
0.090010
0.058152
-0.078521
-0.106506
-0.079423
-0.030772
-0.078195
-0.049970
-0.096785
-0.099935
-0.103472
-0.042432
-0.071381
-0.068993
-0.058719
-0.055064
-0.097912
-0.076962
-0.085578
-0.102322
-0.101081
-0.106014
-0.104271
-0.106854
-0.088992
-0.097493
-0.103099
-0.085508
-0.093281
-0.098120
-0.099151
-0.096378
-0.108655
-0.108487
-0.107269
-0.104112
-0.106681
-0.105210
-0.108404
-0.107855
-0.110059
-0.098976
-0.106868
-0.103222
-0.101686
-0.101294
-0.108082
-0.105534
-0.105917
-0.108981
-0.108471
-0.109967
-0.109092
-0.109717
-0.105978
-0.108732
-0.109370
-0.105393
-0.108422
-0.107396
-0.109387
-0.107400
-0.108892
-0.109118
-0.109618
-0.108626
-0.109953
-0.108897
-0.109636
-0.109583
-0.109711
-0.108546
-0.110005
-0.109058
-0.109338
-0.109069
-0.109331
-0.109771
-0.109209
-0.109373
-0.109334
-0.109435
-0.109388
-0.109457
-0.109235
-0.109522
-0.109531
-0.109336
-0.109528
-0.109366
-0.109542
0.196309
0.252074
0.648539
0.520866
-0.083149
0.191934
0.291449
0.284804
0.060817
0.058792
-0.086392
-0.087698
-0.085107
-0.026987
-0.066243
-0.014338
-0.084376
-0.048101
-0.099716
-0.087095
-0.092051
-0.075452
-0.051878
-0.059234
-0.035235
-0.095052
-0.080069
-0.095535
-0.103182
-0.093437
-0.094625
-0.097525
-0.101730
-0.094287
-0.109616
-0.089966
-0.098422
-0.085457
-0.106486
-0.097885
-0.102463
-0.102051
-0.104575
-0.094994
-0.105401
-0.099541
-0.104656
-0.105055
-0.108459
-0.105093
-0.104868
-0.109898
-0.100632
-0.106462
-0.101749
-0.104266
-0.105307
-0.103588
-0.107817
-0.105996
-0.106602
-0.107641
-0.107338
-0.108578
-0.109988
-0.107242
-0.108334
-0.106894
-0.109508
-0.109373
-0.109365
-0.108788
-0.109013
-0.107836
-0.108669
-0.109200
-0.108841
-0.110313
-0.109815
-0.109660
-0.109649
-0.110334
-0.109379
-0.110280
-0.110206
-0.109759
-0.110022
-0.109636
-0.109809
-0.109901
-0.110030
-0.110160
-0.110045
-0.109992
-0.110186
-0.110038
-0.110276
-0.110287
-0.110225
-0.110294
-0.010637
1.389301
1.043847
0.518936
1.134361
0.765781
0.467740
0.568888
0.092139
0.108750
-0.031810
0.078378
-0.061541
0.035187
-0.043689
-0.003945
-0.060775
-0.026989
-0.083466
-0.044135
-0.073378
-0.072510
-0.056238
-0.024734
-0.061042
-0.044406
-0.045442
-0.084271
-0.076800
-0.096641
-0.106485
-0.092819
-0.093498
-0.095689
-0.069174
-0.080687
-0.084876
-0.078421
-0.103892
-0.097367
-0.104701
-0.099164
-0.109109
-0.101442
-0.106101
-0.100362
-0.104488
-0.101440
-0.105690
-0.104288
-0.103811
-0.108212
-0.102368
-0.099357
-0.102404
-0.097246
-0.099525
-0.106280
-0.103221
-0.110207
-0.109662
-0.106051
-0.108947
-0.108240
-0.102871
-0.105569
-0.105777
-0.105389
-0.110380
-0.108789
-0.108903
-0.109799
-0.110110
-0.109632
-0.109770
-0.108758
-0.109188
-0.109103
-0.109368
-0.110304
-0.109396
-0.110141
-0.109790
-0.110086
-0.109654
-0.108946
-0.109370
-0.109858
-0.109750
-0.109924
-0.109917
-0.109861
-0.109991
-0.110105
-0.109960
-0.109706
-0.109718
-0.109886
-0.110017
-0.110085
0.053729
0.405692
0.190705
0.354635
0.154765
0.095532
0.127383
-0.028871
0.160357
-0.019129
0.006371
0.007052
-0.070955
-0.066904
-0.076146
-0.082635
-0.068892
-0.106528
-0.075578
-0.068324
-0.066375
-0.071116
-0.062501
-0.084936
-0.089709
-0.087435
-0.109902
-0.101313
-0.108299
-0.099809
-0.104083
-0.103310
-0.108751
-0.098516
-0.099203
-0.107106
-0.100251
-0.103849
-0.099353
-0.103342
-0.100980
-0.098816
-0.104571
-0.109218
-0.104439
-0.108463
-0.106833
-0.109069
-0.106542
-0.103638
-0.104380
-0.102310
-0.107054
-0.105445
-0.110054
-0.109499
-0.107999
-0.106338
-0.107803
-0.110518
-0.110008
-0.108858
-0.110436
-0.108626
-0.108305
-0.110206
-0.109409
-0.108628
-0.109692
-0.108605
-0.107634
-0.109119
-0.108469
-0.109296
-0.109349
-0.109075
-0.109916
-0.109771
-0.109349
-0.110166
-0.109372
-0.109056
-0.110030
-0.109442
-0.109721
-0.109820
-0.109535
-0.109352
-0.109444
-0.109569
-0.109610
-0.109688
-0.109643
-0.109569
-0.109545
-0.109651
-0.109711
-0.109605
-0.109745
-0.109669
-1.155033
1.064940
0.345903
-3.121213
-0.110763
-0.110765
1.604851
1.514427
3.871114
-0.678369
-0.110762
-0.110765
-1.042033
0.979319
0.601081
-2.566294
-0.110762
-0.110765
1.284391
3.111753
5.770277
-3.580110
-0.110762
-0.110765
0.756463
3.191000
5.060943
-4.253845
-0.110763
-0.110765
-0.091203
4.507114
5.711022
-7.401750
-0.110763
-0.110765
4.315180
3.066838
8.761491
-0.184071
-0.110762
-0.110765
0.926825
0.696865
0.074982
-0.074854
-0.105277
-0.102306
-0.108873
-0.102578
-0.103341
-0.109437
-0.107771
-0.107341
-0.104007
-0.082282
-0.074804
-0.107301
-0.075534
-0.098875
-0.107637
-0.110149
-0.109788
-0.110084
-0.109902
-0.109900
-0.109804
-0.109860
-0.110340
-0.110258
-0.102976
-0.104094
-0.109715
-0.102524
-0.107346
-0.109430
-0.110437
-0.110117
-0.110004
-0.110581
-0.110101
-0.110039
-0.110526
-0.110435
-0.110461
-0.107368
-0.108130
-0.109705
-0.107345
-0.109210
-0.110167
-0.110560
-0.110225
-0.110418
-0.110591
-0.110331
-0.110550
-0.110573
-0.110407
-0.110565
-0.109340
-0.109589
-0.109926
-0.109184
-0.110227
-0.110728
-0.110533
-0.110579
-0.110658
-0.110527
-0.110599
-0.110604
-0.110510
-0.110574
-0.110519
-0.110198
-0.110529
-0.110610
-0.110321
-0.110449
-0.110559
-0.110579
-0.110602
-0.110571
-0.110575
-0.110594
-0.110576
-0.110588
-0.110596
-0.110586
-0.110493
-0.110627
-0.110603
-0.110649
-0.110554
-0.110594
-0.110601
-0.110584
-0.110581
-0.110606
-0.110601
-0.110598
1.598755
1.032217
-0.044835
-0.099365
-0.102625
-0.103103
-0.095475
-0.103709
-0.101475
-0.102445
-0.109267
-0.109294
-0.098985
-0.104489
-0.051669
-0.106433
-0.066707
-0.099454
-0.105722
-0.108792
-0.108212
-0.106794
-0.109592
-0.108122
-0.108004
-0.109950
-0.109361
-0.106066
-0.106871
-0.098385
-0.108825
-0.100677
-0.107110
-0.108667
-0.109739
-0.109831
-0.109490
-0.109881
-0.109808
-0.109744
-0.110221
-0.110039
-0.108725
-0.108305
-0.106617
-0.109923
-0.106936
-0.109097
-0.109059
-0.109854
-0.110626
-0.109718
-0.109957
-0.110552
-0.109807
-0.110068
-0.110630
-0.109510
-0.108844
-0.109215
-0.109960
-0.109673
-0.109728
-0.109943
-0.110510
-0.110373
-0.110173
-0.110510
-0.110361
-0.110232
-0.110484
-0.110387
-0.110093
-0.110127
-0.110058
-0.110243
-0.110421
-0.110504
-0.110655
-0.110516
-0.110483
-0.110549
-0.110514
-0.110471
-0.110534
-0.110504
-0.110481
-0.110520
-0.110599
-0.110400
-0.110494
-0.110397
-0.110480
-0.110451
-0.110450
-0.110478
-0.110482
-0.110453
-0.110479
-0.110473
0.827400
0.655650
-0.037855
-0.098739
-0.104973
-0.104868
-0.106593
-0.104915
-0.107426
-0.108790
-0.107841
-0.106322
-0.107423
-0.095590
-0.076332
-0.100647
-0.077889
-0.104783
-0.109319
-0.108563
-0.109682
-0.110135
-0.108894
-0.110424
-0.109856
-0.108855
-0.109522
-0.109644
-0.105360
-0.104230
-0.107133
-0.103746
-0.107956
-0.109687
-0.110487
-0.110166
-0.109987
-0.110368
-0.110228
-0.109931
-0.110196
-0.110465
-0.109744
-0.108429
-0.108872
-0.108496
-0.108458
-0.108923
-0.110410
-0.110216
-0.109993
-0.110373
-0.110426
-0.110156
-0.110436
-0.110463
-0.110121
-0.110352
-0.109619
-0.110426
-0.109124
-0.109656
-0.110230
-0.110502
-0.110279
-0.110437
-0.110489
-0.110343
-0.110446
-0.110470
-0.110339
-0.110384
-0.110496
-0.110039
-0.110569
-0.110370
-0.110330
-0.110508
-0.110418
-0.110480
-0.110485
-0.110446
-0.110457
-0.110473
-0.110452
-0.110462
-0.110479
-0.110459
-0.110424
-0.110480
-0.110515
-0.110462
-0.110431
-0.110459
-0.110470
-0.110447
-0.110450
-0.110479
-0.110462
-0.110463
1.289842
2.141937
0.101845
-0.029093
-0.067735
-0.074036
-0.074894
-0.083774
-0.089876
-0.087417
-0.089034
-0.097070
-0.088254
-0.063120
0.019705
-0.066608
-0.021026
-0.084289
-0.097869
-0.103864
-0.100246
-0.100851
-0.103590
-0.101687
-0.101174
-0.103548
-0.101978
-0.097809
-0.092637
-0.078054
-0.097863
-0.090638
-0.107981
-0.107282
-0.106083
-0.107333
-0.108135
-0.106903
-0.107016
-0.108295
-0.107786
-0.107009
-0.108344
-0.107726
-0.102892
-0.104402
-0.108441
-0.105489
-0.104046
-0.105915
-0.106654
-0.106140
-0.106409
-0.107127
-0.106685
-0.106517
-0.107509
-0.106806
-0.105432
-0.107949
-0.103295
-0.107909
-0.106654
-0.107123
-0.107657
-0.107239
-0.107254
-0.107524
-0.107371
-0.107252
-0.107441
-0.107379
-0.106813
-0.106684
-0.107286
-0.107474
-0.107848
-0.108155
-0.108114
-0.107896
-0.107887
-0.107931
-0.107884
-0.107860
-0.107909
-0.107907
-0.107863
-0.107940
-0.108043
-0.107787
-0.108070
-0.107725
-0.107774
-0.107793
-0.107815
-0.107833
-0.107834
-0.107857
-0.107879
-0.107859
0.745001
2.207955
0.070578
-0.099627
-0.103336
-0.104013
-0.105571
-0.106130
-0.106293
-0.106100
-0.105306
-0.106018
-0.102055
-0.065891
0.010883
-0.078266
-0.027129
-0.106127
-0.104326
-0.106824
-0.106977
-0.107671
-0.107955
-0.108098
-0.108023
-0.107641
-0.107936
-0.106289
-0.095987
-0.085809
-0.096480
-0.093860
-0.107281
-0.108311
-0.109457
-0.109434
-0.109712
-0.109785
-0.109788
-0.109680
-0.109442
-0.109511
-0.108467
-0.103570
-0.102402
-0.102793
-0.105865
-0.107765
-0.108897
-0.109669
-0.109675
-0.109859
-0.109920
-0.109941
-0.109938
-0.109786
-0.109810
-0.109317
-0.106889
-0.108397
-0.106281
-0.109577
-0.109175
-0.109904
-0.110188
-0.110175
-0.110251
-0.110257
-0.110252
-0.110229
-0.110181
-0.110177
-0.109962
-0.109263
-0.110123
-0.109567
-0.110219
-0.110512
-0.110582
-0.110551
-0.110538
-0.110513
-0.110499
-0.110488
-0.110482
-0.110484
-0.110477
-0.110495
-0.110500
-0.110341
-0.110578
-0.110276
-0.110306
-0.110343
-0.110371
-0.110362
-0.110362
-0.110408
-0.110397
-0.110386
-0.075449
3.113711
0.291715
-0.037590
-0.071420
-0.078168
-0.076677
-0.085183
-0.092130
-0.085688
-0.089628
-0.096986
-0.088847
-0.033536
0.069769
-0.080255
0.014729
-0.088200
-0.096548
-0.104172
-0.099318
-0.100481
-0.104680
-0.101841
-0.100834
-0.104590
-0.103069
-0.099902
-0.091604
-0.068966
-0.101289
-0.077703
-0.106745
-0.108980
-0.106669
-0.107556
-0.109007
-0.107132
-0.107223
-0.109141
-0.107933
-0.107430
-0.109686
-0.103138
-0.099011
-0.108471
-0.098967
-0.103481
-0.104634
-0.106210
-0.107143
-0.106144
-0.106400
-0.107421
-0.106631
-0.106368
-0.107429
-0.106552
-0.102337
-0.106832
-0.105487
-0.109602
-0.105634
-0.106899
-0.107695
-0.107261
-0.107288
-0.107709
-0.107492
-0.107330
-0.107662
-0.107599
-0.107261
-0.106666
-0.106755
-0.107293
-0.107875
-0.108475
-0.108296
-0.108066
-0.108034
-0.108114
-0.108049
-0.108013
-0.108082
-0.108073
-0.108029
-0.108119
-0.108384
-0.107778
-0.108120
-0.107712
-0.107996
-0.107952
-0.107965
-0.108014
-0.108016
-0.107995
-0.108010
-0.107999
