-1.087622
2.618426
4.084827
-13.212329
-0.096733
-0.096717
-0.147807
1.551794
3.526073
-7.662894
-0.096733
-0.096716
0.927949
1.737882
4.981586
-4.846181
-0.096730
-0.096727
0.049451
1.652112
4.474428
-7.291219
-0.096731
-0.096719
-0.157231
3.309409
7.360855
-11.120223
-0.096731
-0.096725
-0.230928
1.015212
2.271805
-3.577409
-0.096730
-0.096728
8.853787
-0.096504
8.854199
8.853464
-0.096728
-0.096731
5.059877
1.120235
7.345161
2.013228
-0.096730
-0.096730
0.892270
0.215535
0.604399
0.322951
0.631659
0.357668
0.792913
0.369124
0.516073
0.194059
0.326671
0.173708
0.210484
0.090411
0.178267
0.087625
0.102174
0.077809
0.057748
0.068263
0.016312
0.033550
0.001197
0.012664
-0.015974
-0.040808
-0.054859
-0.094426
-0.081011
-0.089039
-0.092671
-0.083915
-0.093320
-0.081254
-0.087623
-0.054551
-0.065793
-0.060714
-0.063511
-0.062898
-0.061686
-0.065626
-0.068381
-0.064539
-0.073966
-0.065684
-0.079050
-0.071030
-0.079200
-0.075933
-0.081732
-0.076753
-0.084409
-0.077861
-0.087656
-0.079264
-0.092257
-0.091340
-0.095818
-0.093228
-0.094951
-0.094143
-0.096380
-0.094334
-0.093247
-0.087712
-0.090438
-0.087450
-0.091157
-0.089256
-0.092532
-0.091348
-0.093362
-0.093419
-0.094416
-0.095017
-0.094854
-0.095263
-0.094742
-0.094932
-0.093981
-0.094419
-0.093754
-0.094293
-0.093919
-0.095198
-0.095128
-0.095520
-0.095253
-0.095394
-0.095375
-0.095341
-0.095183
-0.095302
-0.094942
-0.095260
-0.095137
-0.095482
-0.095596
-0.095685
-0.056772
0.045560
0.207367
0.272946
0.363888
0.069324
0.122575
0.270000
0.201440
0.263488
0.346410
0.091741
0.164694
0.015767
0.096135
-0.020988
0.050986
0.009428
0.017078
0.031106
0.042704
-0.019244
-0.005663
-0.057496
-0.074579
-0.059378
-0.082798
-0.055601
-0.090751
-0.086208
-0.081429
-0.089491
-0.084169
-0.070365
-0.086425
-0.090352
-0.071757
-0.075479
-0.068299
-0.066628
-0.064780
-0.061050
-0.087025
-0.063415
-0.094977
-0.076211
-0.086421
-0.081314
-0.081927
-0.074755
-0.081767
-0.072012
-0.092178
-0.086108
-0.086145
-0.085655
-0.084750
-0.094747
-0.090012
-0.089525
-0.091754
-0.090376
-0.089572
-0.093865
-0.089935
-0.088979
-0.088945
-0.088680
-0.095634
-0.085915
-0.089244
-0.090185
-0.088457
-0.094023
-0.090918
-0.092071
-0.093186
-0.089917
-0.092479
-0.090274
-0.089889
-0.092574
-0.090760
-0.091576
-0.091098
-0.091479
-0.092111
-0.091371
-0.091588
-0.091661
-0.091606
-0.091631
-0.091681
-0.091535
-0.091636
-0.091601
-0.091695
-0.091796
-0.091619
-0.091745
0.923217
0.583478
0.146840
0.685644
0.115104
0.402429
-0.012100
0.152075
0.172381
-0.018766
0.091683
-0.061607
0.044185
-0.055359
0.000886
-0.023802
-0.028780
-0.024900
-0.061525
-0.033974
-0.072140
-0.045710
-0.050907
-0.077400
-0.060713
-0.073756
-0.075649
-0.066392
-0.086622
-0.091217
-0.091739
-0.090725
-0.085024
-0.087794
-0.075066
-0.083689
-0.082833
-0.085367
-0.082896
-0.086235
-0.082348
-0.084061
-0.087084
-0.085111
-0.089071
-0.087296
-0.092305
-0.089797
-0.093593
-0.088603
-0.093089
-0.087004
-0.093894
-0.090008
-0.092429
-0.095619
-0.089215
-0.094568
-0.091961
-0.094757
-0.093318
-0.094998
-0.092271
-0.092757
-0.092162
-0.093805
-0.095030
-0.093042
-0.095653
-0.092474
-0.094901
-0.094163
-0.094675
-0.095526
-0.095686
-0.095969
-0.095856
-0.094958
-0.095040
-0.094895
-0.094322
-0.095273
-0.094439
-0.095574
-0.094925
-0.094876
-0.094852
-0.094789
-0.095170
-0.095003
-0.095108
-0.095016
-0.095130
-0.095000
-0.095106
-0.095224
-0.095097
-0.095216
-0.095057
-0.095189
0.052224
0.272922
0.248204
0.385302
0.325012
0.292488
0.221234
0.364227
0.163817
0.250878
0.114610
0.086101
-0.000806
0.082459
0.005155
0.035635
-0.032700
0.010842
-0.057674
-0.013410
-0.021053
-0.024082
-0.026007
-0.034445
-0.052882
-0.066035
-0.062081
-0.082657
-0.083775
-0.092604
-0.093199
-0.094281
-0.092934
-0.077164
-0.083842
-0.078528
-0.076210
-0.075432
-0.071731
-0.079646
-0.074572
-0.089694
-0.079917
-0.092732
-0.078565
-0.093888
-0.080983
-0.092037
-0.086807
-0.087714
-0.084109
-0.087491
-0.083298
-0.089133
-0.087653
-0.091920
-0.090944
-0.091717
-0.095472
-0.095507
-0.096343
-0.095844
-0.094686
-0.094154
-0.092219
-0.094796
-0.091954
-0.093165
-0.092492
-0.093074
-0.094632
-0.093766
-0.095774
-0.094432
-0.095593
-0.095713
-0.094972
-0.096217
-0.095021
-0.096384
-0.094920
-0.095472
-0.095552
-0.095155
-0.096345
-0.095477
-0.096091
-0.095934
-0.095925
-0.096025
-0.095981
-0.095956
-0.095900
-0.095858
-0.096174
-0.095824
-0.096134
-0.095960
-0.095955
-0.096205
-0.043803
1.413861
0.217149
0.531315
1.042088
0.432288
0.861802
0.337915
0.350431
0.045666
0.067838
-0.052474
-0.012379
-0.022551
-0.026430
-0.019809
-0.058704
-0.036892
-0.072907
-0.050125
-0.091489
-0.029743
-0.066314
-0.000068
-0.037983
-0.038559
-0.027129
-0.073277
-0.065495
-0.092764
-0.089529
-0.077230
-0.078089
-0.062718
-0.089746
-0.063466
-0.070553
-0.083251
-0.072178
-0.089071
-0.080062
-0.088959
-0.090599
-0.086100
-0.091091
-0.089404
-0.084347
-0.093933
-0.089485
-0.089866
-0.095561
-0.086098
-0.082855
-0.079161
-0.082492
-0.081562
-0.093856
-0.092410
-0.094380
-0.092484
-0.091768
-0.091923
-0.091644
-0.095959
-0.092769
-0.092534
-0.092330
-0.088386
-0.090378
-0.089638
-0.092783
-0.091883
-0.091907
-0.093459
-0.091701
-0.091998
-0.092971
-0.092172
-0.092840
-0.092802
-0.091980
-0.092382
-0.091722
-0.092510
-0.093085
-0.093496
-0.093359
-0.092936
-0.092793
-0.092810
-0.092865
-0.092931
-0.092948
-0.092944
-0.092914
-0.092770
-0.092669
-0.092678
-0.092823
-0.092972
0.035949
0.313095
0.018430
0.335952
0.078766
0.142996
0.186491
-0.027998
0.014372
0.068336
-0.090850
0.023815
-0.040249
-0.060707
-0.050750
-0.043241
-0.080258
-0.062760
-0.049856
-0.072995
-0.067583
-0.067242
-0.086022
-0.074267
-0.081018
-0.088258
-0.071997
-0.088198
-0.082809
-0.091669
-0.089827
-0.092938
-0.089825
-0.083406
-0.086506
-0.082905
-0.094699
-0.088429
-0.087742
-0.091594
-0.086623
-0.094377
-0.091578
-0.090535
-0.092000
-0.092720
-0.090538
-0.093016
-0.091609
-0.093561
-0.092236
-0.094540
-0.091602
-0.095210
-0.094325
-0.093932
-0.090523
-0.092722
-0.095938
-0.094714
-0.094486
-0.094447
-0.095214
-0.095361
-0.092214
-0.094894
-0.094187
-0.095528
-0.094516
-0.094275
-0.096075
-0.095159
-0.094680
-0.095567
-0.094842
-0.094824
-0.095515
-0.095011
-0.095156
-0.095661
-0.094969
-0.094999
-0.095380
-0.095063
-0.095267
-0.094897
-0.095323
-0.095322
-0.095217
-0.095250
-0.095252
-0.095312
-0.095210
-0.095169
-0.095332
-0.095282
-0.095396
-0.095240
-0.095299
-0.095356
-1.063966
0.753352
-0.146544
-2.651918
-0.096731
-0.096731
1.365812
1.327665
3.483998
-0.587250
-0.096729
-0.096732
-0.915002
0.798285
0.546240
-2.081324
-0.096729
-0.096732
1.127506
2.893608
5.575470
-3.136131
-0.096729
-0.096732
1.027869
3.297620
5.535683
-3.955728
-0.096729
-0.096732
-0.019603
4.282806
5.482127
-6.923710
-0.096730
-0.096732
3.429942
2.858356
7.712070
-0.722907
-0.096729
-0.096732
0.867873
0.446446
0.148698
-0.058256
-0.083428
-0.078208
-0.093331
-0.083256
-0.095675
-0.092254
-0.090727
-0.091561
-0.087761
-0.076598
-0.063664
-0.091672
-0.079217
-0.075569
-0.091190
-0.094803
-0.092791
-0.094056
-0.094461
-0.093716
-0.095902
-0.095696
-0.093546
-0.095608
-0.092001
-0.090367
-0.093031
-0.092328
-0.092443
-0.093611
-0.095775
-0.096112
-0.094981
-0.096063
-0.095550
-0.095484
-0.096247
-0.095644
-0.094846
-0.095240
-0.095083
-0.094455
-0.095808
-0.094571
-0.095661
-0.095606
-0.096202
-0.096285
-0.095793
-0.096538
-0.096119
-0.096013
-0.096368
-0.095785
-0.095888
-0.095745
-0.096074
-0.096147
-0.095712
-0.096398
-0.096370
-0.096260
-0.096451
-0.096463
-0.096292
-0.096577
-0.096437
-0.096289
-0.096562
-0.096156
-0.096491
-0.096324
-0.096422
-0.096642
-0.096399
-0.096530
-0.096514
-0.096464
-0.096509
-0.096507
-0.096474
-0.096524
-0.096515
-0.096442
-0.096594
-0.096497
-0.096462
-0.096541
-0.096485
-0.096521
-0.096492
-0.096520
-0.096519
-0.096498
-0.096520
-0.096516
1.355997
0.907404
-0.028700
-0.070552
-0.090885
-0.078054
-0.085234
-0.092721
-0.089601
-0.092875
-0.091639
-0.089699
-0.089593
-0.094777
-0.049998
-0.080998
-0.055635
-0.086383
-0.092979
-0.093466
-0.095407
-0.093656
-0.094569
-0.095988
-0.094550
-0.095011
-0.095774
-0.093371
-0.093132
-0.087237
-0.090985
-0.088904
-0.091983
-0.095153
-0.095637
-0.095084
-0.096543
-0.095484
-0.095315
-0.096588
-0.095302
-0.095768
-0.095725
-0.093863
-0.093864
-0.093509
-0.094209
-0.094672
-0.095177
-0.096432
-0.095826
-0.095891
-0.096599
-0.095950
-0.096057
-0.096490
-0.095894
-0.096015
-0.095598
-0.096560
-0.094450
-0.095662
-0.096236
-0.096230
-0.096180
-0.096582
-0.096265
-0.096317
-0.096546
-0.096298
-0.096343
-0.096486
-0.096166
-0.096160
-0.096344
-0.096128
-0.096476
-0.096252
-0.096475
-0.096425
-0.096380
-0.096457
-0.096395
-0.096398
-0.096452
-0.096401
-0.096427
-0.096447
-0.096321
-0.096480
-0.096510
-0.096401
-0.096420
-0.096417
-0.096444
-0.096418
-0.096417
-0.096453
-0.096438
-0.096429
0.725448
0.524465
0.010885
-0.080365
-0.095594
-0.095098
-0.090942
-0.091704
-0.094304
-0.090924
-0.095152
-0.094618
-0.096042
-0.087455
-0.062276
-0.086677
-0.078323
-0.085078
-0.094454
-0.094526
-0.094464
-0.094335
-0.095618
-0.095115
-0.095459
-0.094524
-0.095665
-0.094747
-0.096001
-0.087613
-0.093871
-0.093214
-0.093484
-0.094396
-0.095504
-0.094979
-0.095097
-0.095006
-0.095192
-0.095401
-0.095085
-0.094996
-0.095496
-0.094446
-0.092967
-0.093469
-0.094677
-0.096486
-0.095320
-0.095470
-0.095617
-0.095473
-0.095385
-0.095471
-0.095428
-0.095641
-0.095351
-0.095616
-0.095504
-0.096413
-0.094349
-0.095867
-0.095314
-0.095714
-0.095491
-0.095615
-0.095613
-0.095652
-0.095605
-0.095628
-0.095656
-0.095723
-0.095589
-0.095876
-0.095623
-0.095927
-0.095521
-0.095623
-0.095680
-0.095708
-0.095691
-0.095725
-0.095726
-0.095735
-0.095736
-0.095730
-0.095747
-0.095749
-0.095690
-0.095754
-0.095784
-0.095770
-0.095777
-0.095767
-0.095780
-0.095764
-0.095770
-0.095770
-0.095777
-0.095769
1.118978
2.005365
-0.003635
-0.048334
-0.072438
-0.073959
-0.073112
-0.086271
-0.079244
-0.080764
-0.092814
-0.079424
-0.075647
-0.068926
0.001060
-0.089452
-0.008600
-0.085482
-0.083114
-0.088032
-0.088493
-0.085116
-0.088972
-0.088822
-0.086083
-0.089726
-0.088137
-0.083678
-0.085885
-0.072718
-0.088050
-0.070144
-0.095441
-0.091509
-0.089475
-0.091909
-0.090373
-0.089545
-0.091569
-0.089843
-0.089341
-0.091451
-0.088142
-0.084504
-0.084858
-0.089687
-0.087891
-0.090196
-0.093146
-0.091651
-0.091506
-0.092631
-0.091521
-0.091745
-0.092582
-0.091484
-0.092140
-0.092820
-0.089326
-0.094178
-0.092983
-0.094115
-0.090522
-0.091547
-0.092492
-0.091983
-0.092299
-0.092671
-0.092333
-0.092648
-0.092895
-0.092595
-0.093076
-0.093884
-0.092496
-0.092943
-0.092259
-0.092928
-0.092664
-0.092842
-0.092943
-0.092870
-0.092968
-0.093007
-0.092962
-0.093030
-0.093051
-0.092997
-0.093067
-0.093016
-0.093003
-0.093200
-0.093233
-0.093198
-0.093169
-0.093188
-0.093209
-0.093131
-0.093169
-0.093169
1.032670
2.288012
0.002273
-0.053672
-0.059388
-0.072070
-0.084675
-0.075787
-0.080166
-0.089723
-0.079038
-0.082959
-0.087865
-0.053552
0.007748
-0.081729
-0.014019
-0.070634
-0.078972
-0.088806
-0.083514
-0.082712
-0.088365
-0.084633
-0.084054
-0.089226
-0.085296
-0.084051
-0.094847
-0.073702
-0.087076
-0.066228
-0.090206
-0.084373
-0.085329
-0.088229
-0.085502
-0.085783
-0.087816
-0.085373
-0.085774
-0.087825
-0.084185
-0.083044
-0.079965
-0.085997
-0.083304
-0.088085
-0.089982
-0.087402
-0.087972
-0.089021
-0.087570
-0.088182
-0.088940
-0.087535
-0.088335
-0.089190
-0.085418
-0.091016
-0.089068
-0.091449
-0.087192
-0.088620
-0.089242
-0.088609
-0.089099
-0.089423
-0.089029
-0.089446
-0.089686
-0.089330
-0.089816
-0.090626
-0.089334
-0.089924
-0.088992
-0.089804
-0.089529
-0.089782
-0.089873
-0.089786
-0.089920
-0.089965
-0.089915
-0.090014
-0.090055
-0.089978
-0.090076
-0.089989
-0.089999
-0.090211
-0.090226
-0.090209
-0.090188
-0.090210
-0.090240
-0.090157
-0.090208
-0.090201
0.002858
2.967102
0.300299
-0.087685
-0.068060
-0.072240
-0.095269
-0.078615
-0.080295
-0.091267
-0.078749
-0.080772
-0.080139
-0.062952
0.050475
-0.072609
0.021998
-0.046555
-0.080037
-0.093678
-0.085467
-0.087583
-0.095730
-0.087824
-0.089190
-0.094571
-0.087033
-0.086910
-0.085671
-0.074742
-0.080880
-0.066218
-0.085024
-0.088668
-0.090707
-0.095975
-0.090971
-0.092055
-0.095298
-0.090955
-0.092327
-0.094719
-0.088749
-0.089718
-0.087131
-0.088140
-0.087297
-0.087908
-0.096305
-0.092092
-0.092982
-0.095172
-0.092564
-0.093617
-0.094788
-0.092352
-0.093927
-0.094332
-0.089042
-0.093428
-0.095288
-0.094646
-0.091333
-0.093444
-0.094812
-0.093417
-0.094133
-0.094555
-0.093725
-0.094360
-0.094539
-0.093759
-0.094625
-0.094231
-0.094347
-0.093658
-0.093812
-0.094922
-0.094090
-0.094408
-0.094528
-0.094290
-0.094471
-0.094498
-0.094358
-0.094514
-0.094512
-0.094342
-0.094755
-0.094318
-0.094246
-0.094654
-0.094523
-0.094556
-0.094475
-0.094567
-0.094578
-0.094449
-0.094537
-0.094537
