-0.961019
3.212656
2.234419
-13.018485
-0.115876
-0.115865
-0.094345
1.279634
2.125790
-3.903851
-0.115874
-0.115871
1.442019
2.037910
6.556889
-1.748542
-0.115871
-0.115874
-0.010100
0.800036
2.583240
-1.113561
-0.115870
-0.115872
0.043369
3.523922
7.838735
-7.879185
-0.115872
-0.115872
-0.319705
1.516241
2.042616
-3.686698
-0.115873
-0.115874
9.249322
-0.115687
9.249553
9.248890
-0.115872
-0.115875
5.828438
1.828400
9.004384
1.634632
-0.115872
-0.115874
0.727808
0.649915
1.265890
0.961329
0.383691
0.723976
0.510057
0.128851
0.254957
0.123041
-0.055170
0.129485
-0.005163
-0.000720
0.065107
-0.016175
0.028405
0.067904
-0.024586
-0.003161
-0.019541
-0.068326
-0.082149
-0.076131
-0.090876
-0.044234
-0.061828
-0.045189
-0.035084
-0.069725
-0.055901
-0.068510
-0.085565
-0.064101
-0.088946
-0.078426
-0.075473
-0.090470
-0.079187
-0.086710
-0.100393
-0.096579
-0.110458
-0.100255
-0.101636
-0.097941
-0.096669
-0.092602
-0.097895
-0.094268
-0.098260
-0.102296
-0.100191
-0.104066
-0.103646
-0.102811
-0.105792
-0.103957
-0.105405
-0.106137
-0.105787
-0.108052
-0.107375
-0.107755
-0.108167
-0.107675
-0.107897
-0.108112
-0.108172
-0.108683
-0.108996
-0.109198
-0.109715
-0.109852
-0.110051
-0.110224
-0.110403
-0.110565
-0.110700
-0.110911
-0.110993
-0.111203
-0.111326
-0.111451
-0.111688
-0.111689
-0.111828
-0.111909
-0.111955
-0.112057
-0.112156
-0.112216
-0.112375
-0.112425
-0.112482
-0.112575
-0.112541
-0.112597
-0.112601
-0.112584
-0.092809
0.211600
0.294637
0.244878
0.124582
0.062273
0.208401
0.081307
0.208558
0.097067
0.026724
0.172985
-0.022191
0.009920
0.041406
-0.062886
-0.029505
-0.091576
-0.086236
-0.078921
-0.089611
-0.102128
-0.107738
-0.101062
-0.103669
-0.091651
-0.109804
-0.105996
-0.103664
-0.086836
-0.082893
-0.082127
-0.088607
-0.073414
-0.101648
-0.098641
-0.098232
-0.112600
-0.102472
-0.106004
-0.113312
-0.104427
-0.112577
-0.108401
-0.109946
-0.109321
-0.108080
-0.109388
-0.109920
-0.112503
-0.109482
-0.106711
-0.106691
-0.108948
-0.110969
-0.110156
-0.112776
-0.113387
-0.113115
-0.111545
-0.110752
-0.111185
-0.111916
-0.111859
-0.111984
-0.111865
-0.111927
-0.112050
-0.111990
-0.112234
-0.112106
-0.112297
-0.112244
-0.112340
-0.112265
-0.112467
-0.112606
-0.112676
-0.112616
-0.112625
-0.112649
-0.112646
-0.112561
-0.112549
-0.112615
-0.112688
-0.112702
-0.112707
-0.112705
-0.112721
-0.112744
-0.112741
-0.112784
-0.112749
-0.112787
-0.112765
-0.112817
-0.112795
-0.112848
-0.112832
1.426005
0.924021
0.389632
0.437001
0.283257
0.202124
0.335472
-0.063953
0.138638
0.085019
-0.034859
0.096243
-0.026636
-0.008800
-0.001414
-0.096378
-0.015031
-0.052880
-0.074615
-0.064915
-0.091355
-0.087967
-0.105251
-0.088013
-0.092541
-0.084018
-0.087717
-0.087473
-0.076276
-0.102856
-0.084139
-0.091961
-0.098884
-0.086183
-0.107057
-0.094962
-0.099815
-0.106331
-0.096973
-0.111004
-0.102310
-0.109390
-0.105528
-0.106839
-0.106971
-0.104884
-0.106444
-0.103716
-0.108154
-0.104697
-0.106714
-0.108745
-0.106484
-0.109380
-0.107980
-0.108920
-0.110218
-0.108777
-0.110227
-0.109378
-0.109771
-0.110342
-0.109583
-0.110379
-0.109946
-0.110195
-0.110187
-0.110358
-0.110482
-0.110467
-0.110774
-0.110695
-0.110943
-0.110933
-0.111028
-0.111082
-0.111130
-0.111203
-0.111266
-0.111323
-0.111320
-0.111407
-0.111394
-0.111467
-0.111508
-0.111485
-0.111574
-0.111550
-0.111598
-0.111607
-0.111649
-0.111671
-0.111675
-0.111726
-0.111699
-0.111764
-0.111719
-0.111753
-0.111759
-0.111730
-0.005555
-0.043428
0.075962
0.184665
0.198590
0.054449
0.208701
0.027653
-0.095591
-0.055010
-0.065209
-0.062526
-0.075155
-0.088648
-0.090697
-0.074079
-0.022611
-0.073132
-0.067470
-0.111321
-0.087180
-0.094212
-0.095238
-0.096536
-0.100559
-0.087606
-0.105304
-0.107221
-0.106846
-0.094563
-0.099241
-0.099016
-0.106122
-0.107061
-0.106561
-0.103686
-0.107795
-0.109647
-0.107153
-0.111116
-0.109836
-0.106286
-0.111903
-0.110669
-0.110901
-0.111176
-0.111354
-0.111798
-0.108891
-0.111236
-0.109944
-0.112961
-0.111295
-0.111774
-0.111258
-0.111454
-0.111474
-0.111148
-0.111825
-0.111749
-0.112970
-0.112107
-0.112296
-0.111769
-0.112318
-0.112351
-0.112403
-0.112455
-0.112487
-0.112644
-0.112462
-0.112531
-0.112582
-0.112757
-0.112810
-0.112760
-0.112742
-0.112730
-0.112759
-0.112773
-0.112775
-0.112811
-0.112820
-0.112900
-0.112849
-0.112877
-0.112844
-0.112903
-0.112910
-0.112923
-0.112934
-0.112942
-0.112969
-0.112944
-0.112969
-0.112975
-0.113010
-0.113005
-0.113005
-0.112995
0.051285
0.798767
1.627098
1.267040
0.150832
0.511709
0.325962
-0.014176
0.086012
-0.015508
-0.011357
-0.048591
-0.034475
-0.052374
-0.022385
-0.052558
-0.013857
-0.010280
-0.075164
-0.029865
-0.069178
-0.089735
-0.096646
-0.091089
-0.090409
-0.091738
-0.092995
-0.096244
-0.079087
-0.093096
-0.083804
-0.088816
-0.089421
-0.094813
-0.095010
-0.099859
-0.101651
-0.109386
-0.105770
-0.113178
-0.107658
-0.112410
-0.102646
-0.101485
-0.105493
-0.106249
-0.105990
-0.101020
-0.104767
-0.103641
-0.103843
-0.107261
-0.106226
-0.107794
-0.107880
-0.108323
-0.108514
-0.108574
-0.108954
-0.108453
-0.109050
-0.108406
-0.108192
-0.108386
-0.107870
-0.108471
-0.108550
-0.108693
-0.108471
-0.108558
-0.108933
-0.108890
-0.109137
-0.109203
-0.109308
-0.109315
-0.109362
-0.109361
-0.109385
-0.109398
-0.109413
-0.109435
-0.109431
-0.109479
-0.109449
-0.109460
-0.109489
-0.109463
-0.109563
-0.109570
-0.109587
-0.109557
-0.109595
-0.109675
-0.109649
-0.109715
-0.109704
-0.109721
-0.109719
-0.109723
0.081548
0.543167
0.549746
0.147841
0.371389
0.165900
0.042043
0.027886
-0.038369
-0.082237
-0.081216
-0.092749
-0.089216
-0.111845
-0.094282
-0.092877
-0.088737
-0.085359
-0.071499
-0.109029
-0.081603
-0.111584
-0.104380
-0.099502
-0.105600
-0.097063
-0.095851
-0.097021
-0.103586
-0.102609
-0.108438
-0.110047
-0.111843
-0.110628
-0.112617
-0.113140
-0.114018
-0.111386
-0.108769
-0.108750
-0.106264
-0.112604
-0.107914
-0.113265
-0.112042
-0.110881
-0.111991
-0.110210
-0.110187
-0.110834
-0.112183
-0.112505
-0.113681
-0.113042
-0.113340
-0.112826
-0.113342
-0.113110
-0.113265
-0.112956
-0.112717
-0.112807
-0.112714
-0.113270
-0.113082
-0.113327
-0.113356
-0.113262
-0.113307
-0.113327
-0.113256
-0.113411
-0.113469
-0.113548
-0.113582
-0.113582
-0.113588
-0.113592
-0.113613
-0.113632
-0.113643
-0.113652
-0.113655
-0.113647
-0.113666
-0.113663
-0.113719
-0.113698
-0.113743
-0.113738
-0.113733
-0.113751
-0.113741
-0.113746
-0.113766
-0.113779
-0.113788
-0.113798
-0.113786
-0.113794
-1.505964
0.952295
-0.023671
-3.186037
-0.115872
-0.115875
1.406572
1.816424
4.127561
-1.342503
-0.115872
-0.115875
-1.425426
1.676224
1.131645
-4.036922
-0.115872
-0.115875
1.345965
3.750094
6.857787
-4.094478
-0.115872
-0.115875
0.992220
3.885174
6.383252
-4.916136
-0.115872
-0.115875
-0.313865
4.630344
6.349027
-6.999014
-0.115872
-0.115875
4.812374
2.177702
7.962640
1.458221
-0.115872
-0.115875
1.269829
0.626606
-0.007727
-0.093209
-0.101774
-0.110068
-0.107229
-0.106572
-0.107937
-0.096203
-0.063920
-0.108292
-0.073847
-0.107391
-0.113372
-0.114135
-0.114128
-0.113012
-0.113523
-0.114070
-0.112056
-0.105447
-0.112040
-0.105078
-0.113811
-0.114494
-0.114461
-0.114263
-0.114322
-0.114645
-0.114738
-0.115064
-0.110611
-0.114208
-0.112168
-0.113544
-0.114599
-0.114561
-0.114566
-0.114789
-0.114801
-0.114749
-0.115031
-0.112718
-0.115565
-0.115031
-0.114082
-0.114831
-0.114838
-0.114892
-0.114955
-0.114916
-0.114907
-0.114925
-0.114582
-0.115091
-0.114974
-0.114899
-0.115024
-0.115036
-0.115050
-0.115047
-0.115048
-0.115058
-0.115051
-0.115159
-0.115016
-0.115012
-0.115160
-0.115090
-0.115110
-0.115113
-0.115115
-0.115122
-0.115126
-0.115128
-0.115152
-0.115116
-0.115137
-0.115157
-0.115144
-0.115153
-0.115156
-0.115159
-0.115161
-0.115163
-0.115166
-0.115167
-0.115179
-0.115164
-0.115163
-0.115184
-0.115177
-0.115179
-0.115179
-0.115180
-0.115181
-0.115181
-0.115185
-0.115183
1.400658
1.241420
-0.080501
-0.093658
-0.100191
-0.112482
-0.108788
-0.106344
-0.107412
-0.109477
-0.018571
-0.105088
-0.042765
-0.110272
-0.113946
-0.113830
-0.113568
-0.113087
-0.114264
-0.114753
-0.114884
-0.096906
-0.110567
-0.098839
-0.111994
-0.113492
-0.113693
-0.113472
-0.113807
-0.114306
-0.114339
-0.113770
-0.107854
-0.113469
-0.110022
-0.112849
-0.113648
-0.113883
-0.113888
-0.114165
-0.114158
-0.114095
-0.113741
-0.111041
-0.115518
-0.113445
-0.114139
-0.114350
-0.114457
-0.114512
-0.114553
-0.114472
-0.114457
-0.114388
-0.113626
-0.114855
-0.114145
-0.114914
-0.114749
-0.114736
-0.114741
-0.114720
-0.114708
-0.114713
-0.114727
-0.114698
-0.114650
-0.114578
-0.114846
-0.114774
-0.114769
-0.114771
-0.114771
-0.114777
-0.114780
-0.114787
-0.114807
-0.114736
-0.114800
-0.114789
-0.114819
-0.114812
-0.114814
-0.114818
-0.114820
-0.114821
-0.114825
-0.114827
-0.114827
-0.114826
-0.114815
-0.114854
-0.114845
-0.114844
-0.114845
-0.114845
-0.114846
-0.114848
-0.114850
-0.114849
1.207486
1.146991
-0.048753
-0.093752
-0.094393
-0.093638
-0.099336
-0.101924
-0.106605
-0.107653
-0.018401
-0.112877
-0.054009
-0.104790
-0.111021
-0.112244
-0.111563
-0.112746
-0.112138
-0.112727
-0.114094
-0.095800
-0.112022
-0.102453
-0.110772
-0.112580
-0.113272
-0.113569
-0.113725
-0.113739
-0.113825
-0.114243
-0.110104
-0.111844
-0.108557
-0.113266
-0.113520
-0.113721
-0.113961
-0.113886
-0.114049
-0.114021
-0.113985
-0.113574
-0.112896
-0.111158
-0.114815
-0.114265
-0.114190
-0.114219
-0.114185
-0.114237
-0.114219
-0.114148
-0.113780
-0.114286
-0.113676
-0.114547
-0.114433
-0.114392
-0.114381
-0.114389
-0.114391
-0.114397
-0.114385
-0.114221
-0.114570
-0.114490
-0.114394
-0.114479
-0.114471
-0.114472
-0.114481
-0.114484
-0.114493
-0.114497
-0.114485
-0.114515
-0.114540
-0.114488
-0.114543
-0.114538
-0.114540
-0.114544
-0.114548
-0.114552
-0.114555
-0.114557
-0.114545
-0.114586
-0.114578
-0.114569
-0.114577
-0.114578
-0.114579
-0.114581
-0.114581
-0.114582
-0.114577
-0.114587
1.356816
2.599075
-0.033155
-0.081858
-0.099808
-0.099757
-0.101369
-0.103406
-0.098289
-0.088342
0.089841
-0.111793
0.021568
-0.112806
-0.112625
-0.113923
-0.114655
-0.114368
-0.114042
-0.112388
-0.108885
-0.072036
-0.112616
-0.084138
-0.111390
-0.112717
-0.113534
-0.114151
-0.114361
-0.114406
-0.114027
-0.112319
-0.098486
-0.113175
-0.102564
-0.112285
-0.113355
-0.113905
-0.114154
-0.114190
-0.114134
-0.113848
-0.112966
-0.107258
-0.114349
-0.109388
-0.114376
-0.114737
-0.114792
-0.114671
-0.114561
-0.114452
-0.114259
-0.113944
-0.112326
-0.115087
-0.113199
-0.115264
-0.114906
-0.114768
-0.114683
-0.114634
-0.114597
-0.114555
-0.114516
-0.114300
-0.114627
-0.114494
-0.114578
-0.114628
-0.114600
-0.114593
-0.114588
-0.114586
-0.114586
-0.114587
-0.114600
-0.114503
-0.114645
-0.114523
-0.114643
-0.114621
-0.114617
-0.114616
-0.114617
-0.114617
-0.114617
-0.114614
-0.114595
-0.114651
-0.114619
-0.114656
-0.114648
-0.114645
-0.114645
-0.114645
-0.114645
-0.114646
-0.114640
-0.114658
0.982389
2.693335
-0.014278
-0.101065
-0.107932
-0.109451
-0.109489
-0.108643
-0.105953
-0.095746
0.097201
-0.111433
0.024846
-0.100097
-0.110343
-0.112345
-0.113642
-0.114527
-0.114935
-0.114124
-0.110828
-0.070931
-0.112056
-0.083997
-0.108324
-0.111799
-0.112811
-0.113415
-0.113796
-0.113992
-0.113887
-0.112540
-0.098078
-0.112878
-0.102505
-0.111255
-0.113021
-0.113567
-0.113817
-0.113910
-0.113873
-0.113660
-0.112913
-0.106924
-0.114211
-0.109221
-0.114214
-0.114631
-0.114630
-0.114544
-0.114445
-0.114333
-0.114180
-0.113910
-0.112074
-0.114978
-0.113050
-0.115221
-0.114821
-0.114683
-0.114607
-0.114558
-0.114522
-0.114489
-0.114459
-0.114152
-0.114559
-0.114403
-0.114488
-0.114568
-0.114533
-0.114526
-0.114522
-0.114521
-0.114522
-0.114525
-0.114532
-0.114436
-0.114583
-0.114455
-0.114589
-0.114560
-0.114557
-0.114556
-0.114557
-0.114558
-0.114559
-0.114556
-0.114529
-0.114591
-0.114559
-0.114596
-0.114590
-0.114587
-0.114587
-0.114587
-0.114587
-0.114589
-0.114580
-0.114598
0.071364
3.217722
-0.067085
-0.076123
-0.087767
-0.093533
-0.097144
-0.099142
-0.099810
-0.110239
0.126797
-0.093306
0.059951
-0.099669
-0.110491
-0.110809
-0.111272
-0.111908
-0.112615
-0.113713
-0.113377
-0.067508
-0.104811
-0.075920
-0.104844
-0.110131
-0.110844
-0.111381
-0.111812
-0.112195
-0.112502
-0.112150
-0.095747
-0.110748
-0.101845
-0.107643
-0.110983
-0.111531
-0.111851
-0.112024
-0.112101
-0.112025
-0.111763
-0.104121
-0.114985
-0.109584
-0.111579
-0.112722
-0.112871
-0.112911
-0.112904
-0.112870
-0.112792
-0.112709
-0.110507
-0.113685
-0.111792
-0.113967
-0.113452
-0.113397
-0.113357
-0.113334
-0.113319
-0.113311
-0.113316
-0.113213
-0.113176
-0.112988
-0.113622
-0.113427
-0.113423
-0.113423
-0.113427
-0.113433
-0.113441
-0.113450
-0.113510
-0.113325
-0.113491
-0.113442
-0.113534
-0.113508
-0.113513
-0.113518
-0.113523
-0.113528
-0.113534
-0.113537
-0.113532
-0.113541
-0.113510
-0.113607
-0.113577
-0.113577
-0.113578
-0.113579
-0.113581
-0.113584
-0.113586
-0.113592
