-0.564510
2.807239
3.404801
-8.916972
-0.121998
-0.121993
0.055390
1.364277
2.016450
-4.567093
-0.121998
-0.121992
1.122847
2.418779
6.382658
-3.317090
-0.121995
-0.121998
-0.131936
1.227479
3.146015
-3.866994
-0.121996
-0.121993
-0.258480
3.903964
8.769898
-7.739999
-0.121994
-0.121995
-0.128912
1.212580
2.671564
-3.613767
-0.121995
-0.121995
9.501899
-0.121583
9.502581
9.501222
-0.121995
-0.121997
5.358989
1.558017
7.733852
1.741873
-0.121995
-0.121997
0.323534
0.594738
1.175089
0.554903
-0.087459
0.419403
0.599423
0.191132
0.241247
0.376532
0.167960
0.049371
0.193789
0.062671
-0.066305
0.006189
0.024618
-0.087811
-0.088043
-0.048075
-0.108321
-0.106673
-0.119360
-0.090483
-0.093253
-0.100449
-0.114236
-0.063693
-0.080398
-0.096530
-0.070692
-0.067578
-0.096047
-0.074740
-0.083637
-0.105910
-0.097852
-0.094409
-0.119237
-0.110292
-0.115154
-0.109463
-0.115091
-0.112915
-0.116207
-0.105815
-0.111930
-0.112481
-0.105391
-0.112822
-0.114881
-0.112982
-0.116922
-0.117854
-0.117010
-0.119891
-0.116964
-0.117267
-0.117790
-0.115327
-0.116638
-0.117146
-0.116344
-0.117538
-0.117613
-0.117857
-0.117948
-0.118454
-0.118225
-0.118671
-0.118703
-0.118621
-0.118809
-0.118836
-0.118678
-0.118996
-0.119000
-0.119002
-0.119396
-0.119412
-0.119511
-0.119741
-0.119663
-0.119743
-0.119841
-0.119729
-0.119812
-0.119852
-0.119742
-0.119917
-0.119950
-0.119951
-0.120064
-0.120089
-0.120112
-0.120125
-0.120134
-0.120097
-0.120142
-0.120102
0.060993
0.258506
0.499337
0.095276
0.140974
0.295032
0.187116
0.070706
0.136377
-0.001273
-0.031821
-0.013620
-0.088655
-0.016227
-0.013592
-0.083004
-0.026923
-0.072383
-0.092167
-0.083876
-0.118689
-0.115409
-0.109127
-0.104639
-0.107332
-0.106244
-0.100247
-0.091421
-0.116877
-0.090705
-0.098673
-0.117538
-0.101686
-0.117151
-0.104428
-0.101146
-0.119548
-0.107163
-0.112306
-0.116043
-0.118188
-0.115201
-0.118230
-0.120240
-0.119218
-0.116548
-0.118000
-0.116229
-0.113431
-0.118830
-0.116339
-0.120236
-0.119941
-0.120633
-0.120030
-0.120526
-0.120409
-0.118748
-0.119427
-0.118506
-0.119439
-0.119774
-0.120090
-0.119873
-0.120073
-0.120120
-0.119986
-0.120177
-0.120196
-0.120363
-0.120171
-0.120241
-0.120108
-0.120118
-0.120158
-0.120140
-0.120161
-0.120124
-0.120315
-0.120270
-0.120391
-0.120276
-0.120350
-0.120287
-0.120331
-0.120320
-0.120210
-0.120276
-0.120220
-0.120317
-0.120341
-0.120379
-0.120337
-0.120362
-0.120351
-0.120343
-0.120363
-0.120382
-0.120388
-0.120321
1.116275
0.667392
1.031176
0.631845
0.402122
0.182468
0.178186
0.205284
0.033139
-0.033305
0.056370
0.026507
-0.037327
-0.073539
-0.044775
-0.038399
-0.074918
-0.079675
-0.044885
-0.092423
-0.094968
-0.101490
-0.100682
-0.093016
-0.109129
-0.082323
-0.101788
-0.097958
-0.093543
-0.113715
-0.107873
-0.104741
-0.111202
-0.101466
-0.115643
-0.109967
-0.103465
-0.114765
-0.109004
-0.108681
-0.114179
-0.115068
-0.118009
-0.115826
-0.117138
-0.118975
-0.114231
-0.120539
-0.115104
-0.120430
-0.117768
-0.117056
-0.120083
-0.116582
-0.117773
-0.119319
-0.117957
-0.119555
-0.119212
-0.118555
-0.119545
-0.118341
-0.119478
-0.119129
-0.119127
-0.119189
-0.119152
-0.119566
-0.119181
-0.119404
-0.119467
-0.119387
-0.119584
-0.119590
-0.119661
-0.119721
-0.119713
-0.119663
-0.119834
-0.119740
-0.119752
-0.119853
-0.119740
-0.119851
-0.119889
-0.119841
-0.119954
-0.119905
-0.119888
-0.119949
-0.119847
-0.119977
-0.119918
-0.119934
-0.119944
-0.119911
-0.120021
-0.119919
-0.119955
-0.119971
-0.100324
0.181368
0.422926
0.001571
0.276014
-0.039059
0.314214
0.035472
0.068353
0.065427
-0.095886
-0.053143
-0.009765
-0.087337
-0.100918
-0.022622
-0.100471
-0.095976
-0.097912
-0.095570
-0.111002
-0.105252
-0.102874
-0.096535
-0.103301
-0.090382
-0.105202
-0.090166
-0.109274
-0.102281
-0.108527
-0.109511
-0.114960
-0.114918
-0.103545
-0.100822
-0.105623
-0.101563
-0.110230
-0.103594
-0.111435
-0.107238
-0.110952
-0.111602
-0.113377
-0.109796
-0.113540
-0.109955
-0.112379
-0.110397
-0.112199
-0.110524
-0.109417
-0.110920
-0.111740
-0.111291
-0.111656
-0.111632
-0.113497
-0.112475
-0.112592
-0.112601
-0.112556
-0.112741
-0.112753
-0.112835
-0.112935
-0.113008
-0.112977
-0.113151
-0.113013
-0.113402
-0.113380
-0.113446
-0.113423
-0.113551
-0.113524
-0.113589
-0.113572
-0.113650
-0.113620
-0.113628
-0.113719
-0.113778
-0.113789
-0.113826
-0.113844
-0.113981
-0.113907
-0.113937
-0.113945
-0.113953
-0.113987
-0.113987
-0.114005
-0.114038
-0.114041
-0.114033
-0.114056
-0.114031
0.009726
1.531757
1.280934
1.454222
0.151821
0.475846
0.374702
0.026658
0.153075
-0.013702
-0.012840
-0.017744
-0.061174
-0.032916
-0.044011
-0.068672
-0.013820
-0.061023
-0.053090
-0.069755
-0.060645
-0.103300
-0.106641
-0.077926
-0.073399
-0.096149
-0.086036
-0.072455
-0.105845
-0.090038
-0.099461
-0.100843
-0.100052
-0.103129
-0.101012
-0.099396
-0.107994
-0.094441
-0.107804
-0.106089
-0.107234
-0.113259
-0.110839
-0.111041
-0.105538
-0.110807
-0.119076
-0.110699
-0.114894
-0.115017
-0.114335
-0.115257
-0.114139
-0.114726
-0.114829
-0.114628
-0.115545
-0.115002
-0.116011
-0.115725
-0.114992
-0.116482
-0.115802
-0.115515
-0.116015
-0.116286
-0.116424
-0.116414
-0.116681
-0.116777
-0.116677
-0.116926
-0.116928
-0.117009
-0.117204
-0.117374
-0.117302
-0.117485
-0.117479
-0.117550
-0.117594
-0.117619
-0.117683
-0.117721
-0.117754
-0.117825
-0.117810
-0.117914
-0.117869
-0.117853
-0.117981
-0.117914
-0.117926
-0.117982
-0.118013
-0.118002
-0.117977
-0.118050
-0.118016
-0.117975
-0.114252
0.226003
0.366239
0.266509
0.249410
0.205891
0.162431
0.045982
-0.009855
-0.041054
-0.061570
-0.073690
-0.075283
-0.081016
-0.073032
-0.062026
-0.084658
-0.100207
-0.096286
-0.121618
-0.109196
-0.114708
-0.116206
-0.112709
-0.117267
-0.108747
-0.111316
-0.110019
-0.107722
-0.110889
-0.114888
-0.115817
-0.117379
-0.116617
-0.116369
-0.114632
-0.113557
-0.113777
-0.114591
-0.114536
-0.119005
-0.117837
-0.117990
-0.118642
-0.119784
-0.118947
-0.116848
-0.117768
-0.117652
-0.117924
-0.119175
-0.119735
-0.119702
-0.119750
-0.119573
-0.119596
-0.119527
-0.119685
-0.120045
-0.120212
-0.120201
-0.120252
-0.120098
-0.119903
-0.119974
-0.120043
-0.120050
-0.119987
-0.120134
-0.120183
-0.120189
-0.120169
-0.120174
-0.120194
-0.120172
-0.120171
-0.120184
-0.120191
-0.120213
-0.120264
-0.120290
-0.120300
-0.120315
-0.120321
-0.120332
-0.120339
-0.120353
-0.120377
-0.120399
-0.120409
-0.120432
-0.120410
-0.120406
-0.120420
-0.120426
-0.120417
-0.120410
-0.120438
-0.120443
-0.120452
-2.106136
1.002398
-0.727912
-4.086651
-0.121995
-0.121998
1.329819
1.716249
4.057612
-1.139170
-0.121995
-0.121998
-1.599459
1.868182
1.363229
-4.319502
-0.121995
-0.121998
1.647798
3.601559
7.040808
-3.681869
-0.121995
-0.121998
1.429114
4.225151
7.584036
-4.666749
-0.121995
-0.121998
-0.121769
4.645455
6.346687
-7.136839
-0.121995
-0.121998
5.303006
2.287789
8.494949
1.657040
-0.121995
-0.121998
1.873783
0.667602
-0.018137
-0.111524
-0.100920
-0.107229
-0.115142
-0.114938
-0.117303
-0.114830
-0.054470
-0.085028
-0.101238
-0.115800
-0.119812
-0.120220
-0.119137
-0.117946
-0.119333
-0.116223
-0.113127
-0.114103
-0.111600
-0.118776
-0.119107
-0.120114
-0.119426
-0.120504
-0.120213
-0.120197
-0.120261
-0.116693
-0.119966
-0.116160
-0.119932
-0.120306
-0.120219
-0.120650
-0.120144
-0.120392
-0.120346
-0.120213
-0.119385
-0.120252
-0.120106
-0.120398
-0.120631
-0.120632
-0.120573
-0.120780
-0.120726
-0.120859
-0.121047
-0.120231
-0.120193
-0.120752
-0.120807
-0.120765
-0.120796
-0.120809
-0.120789
-0.120809
-0.120766
-0.120688
-0.120875
-0.120994
-0.120890
-0.120872
-0.120887
-0.120884
-0.120893
-0.120908
-0.120907
-0.120919
-0.120934
-0.120932
-0.120921
-0.120931
-0.120942
-0.120945
-0.120953
-0.120960
-0.120935
-0.120943
-0.120969
-0.120973
-0.120972
-0.120976
-0.120978
-0.120978
-0.120982
-0.120980
-0.120973
-0.120999
-0.121011
-0.120989
-0.120994
-0.121001
-0.120996
-0.120995
1.338846
1.169690
-0.065929
-0.108580
-0.117176
-0.113279
-0.108608
-0.105052
-0.097506
-0.083823
-0.043158
-0.098325
-0.058549
-0.097975
-0.107703
-0.111077
-0.113093
-0.113793
-0.113172
-0.111742
-0.100859
-0.116156
-0.112786
-0.110651
-0.114525
-0.115548
-0.116334
-0.116715
-0.116762
-0.116848
-0.116045
-0.109206
-0.117248
-0.109772
-0.117170
-0.117476
-0.117523
-0.117462
-0.117332
-0.117199
-0.116999
-0.116535
-0.120929
-0.117867
-0.119579
-0.119184
-0.118848
-0.118816
-0.118813
-0.118873
-0.119003
-0.119119
-0.119604
-0.118552
-0.118892
-0.118988
-0.119064
-0.119169
-0.119225
-0.119284
-0.119332
-0.119381
-0.119415
-0.119404
-0.119518
-0.119662
-0.119561
-0.119596
-0.119620
-0.119647
-0.119672
-0.119739
-0.119723
-0.119783
-0.119752
-0.119785
-0.119771
-0.119805
-0.119825
-0.119843
-0.119860
-0.119887
-0.119849
-0.119885
-0.119886
-0.119900
-0.119913
-0.119922
-0.119932
-0.119939
-0.119947
-0.119953
-0.119949
-0.119969
-0.119981
-0.119960
-0.119976
-0.119973
-0.119981
-0.119982
1.341552
1.280721
-0.072637
-0.103330
-0.117144
-0.113361
-0.111301
-0.111521
-0.101656
-0.090281
-0.018370
-0.070498
-0.070013
-0.109298
-0.117938
-0.118452
-0.119067
-0.120073
-0.120746
-0.117863
-0.106673
-0.105902
-0.101167
-0.118039
-0.120901
-0.121567
-0.121424
-0.121158
-0.120978
-0.121193
-0.120196
-0.111566
-0.121394
-0.114051
-0.121521
-0.121045
-0.121095
-0.121057
-0.121136
-0.121187
-0.120874
-0.120543
-0.117646
-0.119751
-0.119426
-0.121341
-0.121511
-0.121569
-0.121575
-0.121530
-0.121491
-0.121355
-0.120855
-0.121357
-0.121260
-0.121297
-0.121503
-0.121601
-0.121622
-0.121642
-0.121651
-0.121680
-0.121734
-0.121968
-0.121664
-0.121477
-0.121710
-0.121727
-0.121729
-0.121734
-0.121737
-0.121740
-0.121749
-0.121770
-0.121716
-0.121744
-0.121766
-0.121762
-0.121762
-0.121764
-0.121763
-0.121759
-0.121800
-0.121804
-0.121751
-0.121768
-0.121775
-0.121777
-0.121780
-0.121782
-0.121784
-0.121790
-0.121812
-0.121770
-0.121752
-0.121795
-0.121787
-0.121774
-0.121789
-0.121789
1.646217
2.485748
-0.003829
-0.087096
-0.093633
-0.096969
-0.096628
-0.092239
-0.082177
-0.014461
0.032103
-0.092567
0.025942
-0.079666
-0.091426
-0.097715
-0.101244
-0.103491
-0.104900
-0.104972
-0.082443
-0.096108
-0.089022
-0.100780
-0.108382
-0.109503
-0.110001
-0.110339
-0.110589
-0.110718
-0.111522
-0.092552
-0.111309
-0.098659
-0.112389
-0.111953
-0.111925
-0.111924
-0.111904
-0.111809
-0.111536
-0.109584
-0.115700
-0.112284
-0.120209
-0.115223
-0.114917
-0.114838
-0.114881
-0.114983
-0.115096
-0.115265
-0.115261
-0.115476
-0.116607
-0.114596
-0.115379
-0.115601
-0.115762
-0.115893
-0.115968
-0.116123
-0.116178
-0.116604
-0.116352
-0.116312
-0.116531
-0.116583
-0.116640
-0.116694
-0.116735
-0.116874
-0.116854
-0.117020
-0.116865
-0.116968
-0.116981
-0.117036
-0.117073
-0.117108
-0.117141
-0.117183
-0.117184
-0.117252
-0.117168
-0.117237
-0.117264
-0.117285
-0.117307
-0.117322
-0.117342
-0.117355
-0.117393
-0.117366
-0.117360
-0.117393
-0.117401
-0.117381
-0.117420
-0.117415
1.432393
2.927806
-0.083267
-0.098994
-0.099533
-0.097606
-0.093576
-0.086093
-0.069970
-0.011724
0.056354
-0.085005
0.041092
-0.069998
-0.087913
-0.095795
-0.100094
-0.102611
-0.103812
-0.103462
-0.076027
-0.094858
-0.086370
-0.097973
-0.107723
-0.109102
-0.109792
-0.110190
-0.110412
-0.110465
-0.110066
-0.089835
-0.111586
-0.095728
-0.112573
-0.111878
-0.111835
-0.111779
-0.111693
-0.111527
-0.111156
-0.109202
-0.115723
-0.111853
-0.121157
-0.115749
-0.115123
-0.114973
-0.114986
-0.115076
-0.115187
-0.115285
-0.115451
-0.115545
-0.116797
-0.114775
-0.115432
-0.115708
-0.115886
-0.116028
-0.116113
-0.116283
-0.116383
-0.116787
-0.116519
-0.116517
-0.116679
-0.116763
-0.116823
-0.116881
-0.116926
-0.117081
-0.117049
-0.117229
-0.117059
-0.117171
-0.117174
-0.117239
-0.117277
-0.117313
-0.117348
-0.117399
-0.117388
-0.117466
-0.117375
-0.117440
-0.117471
-0.117494
-0.117517
-0.117533
-0.117554
-0.117571
-0.117603
-0.117578
-0.117573
-0.117598
-0.117615
-0.117591
-0.117631
-0.117629
-0.099107
3.227486
0.041895
-0.083936
-0.087489
-0.087999
-0.084964
-0.077831
-0.057786
-0.023796
0.079725
-0.058599
0.037925
-0.062787
-0.087215
-0.095548
-0.099753
-0.101734
-0.101811
-0.096574
-0.069555
-0.106153
-0.097631
-0.094449
-0.103403
-0.106931
-0.108281
-0.108979
-0.109328
-0.109445
-0.107692
-0.089644
-0.110804
-0.091361
-0.110140
-0.111112
-0.110975
-0.110888
-0.110759
-0.110521
-0.109867
-0.108753
-0.119877
-0.112000
-0.115955
-0.115204
-0.114501
-0.114390
-0.114435
-0.114568
-0.114777
-0.115173
-0.116245
-0.113626
-0.114447
-0.114765
-0.115005
-0.115218
-0.115379
-0.115515
-0.115618
-0.115765
-0.115817
-0.115813
-0.116094
-0.116469
-0.116206
-0.116278
-0.116346
-0.116406
-0.116464
-0.116635
-0.116587
-0.116741
-0.116655
-0.116740
-0.116702
-0.116788
-0.116834
-0.116875
-0.116921
-0.116986
-0.116887
-0.116977
-0.116981
-0.117017
-0.117046
-0.117070
-0.117093
-0.117109
-0.117131
-0.117142
-0.117136
-0.117187
-0.117218
-0.117163
-0.117202
-0.117196
-0.117215
-0.117216
