-1.482801
3.069511
1.996782
-13.893441
-0.110024
-0.110012
-0.201833
1.931164
6.529341
-4.347969
-0.110019
-0.110017
0.876674
1.744354
4.154387
-3.568154
-0.110021
-0.110021
-0.169609
1.258465
2.711825
-3.292044
-0.110019
-0.110020
-0.238401
3.148929
5.826075
-8.541311
-0.110021
-0.110020
-0.310274
1.502973
1.878181
-4.763860
-0.110022
-0.110019
9.227560
-0.109663
9.227886
9.226731
-0.110022
-0.110020
5.639449
1.344659
8.336140
2.580529
-0.110020
-0.110022
1.261990
0.502286
1.207190
0.164482
0.569118
0.780523
0.268534
0.510455
0.317675
0.354380
0.278858
0.274662
0.175148
0.205017
0.104325
0.099903
0.071828
-0.020943
0.033705
-0.039323
-0.076744
-0.078960
-0.082969
-0.079508
-0.085504
-0.061879
-0.086728
-0.068142
-0.053347
-0.065697
-0.053980
-0.062057
-0.060549
-0.061874
-0.060678
-0.076714
-0.061979
-0.089406
-0.076887
-0.088806
-0.097028
-0.097828
-0.102225
-0.104028
-0.103073
-0.102313
-0.095899
-0.103292
-0.095076
-0.098252
-0.094396
-0.095119
-0.096450
-0.096332
-0.096670
-0.101116
-0.098246
-0.102930
-0.102082
-0.104115
-0.104673
-0.105410
-0.105874
-0.105727
-0.105482
-0.106179
-0.104940
-0.105549
-0.104971
-0.105596
-0.105620
-0.105779
-0.106099
-0.106120
-0.106371
-0.106840
-0.106896
-0.107233
-0.107321
-0.107507
-0.107686
-0.107681
-0.107846
-0.107880
-0.108026
-0.108117
-0.108232
-0.108354
-0.108451
-0.108575
-0.108750
-0.108829
-0.108982
-0.109052
-0.109177
-0.109239
-0.109309
-0.109354
-0.109393
-0.109406
-0.018054
0.261471
0.385714
0.595214
0.021354
0.572725
0.208702
0.318659
0.307919
0.091410
0.086037
0.048315
-0.003778
0.081717
-0.036631
0.104203
-0.045399
0.013969
-0.044358
-0.068050
-0.082934
-0.080487
-0.084145
-0.089026
-0.096887
-0.070477
-0.082796
-0.088899
-0.068710
-0.102439
-0.064418
-0.090362
-0.069200
-0.105262
-0.076091
-0.093329
-0.079081
-0.090694
-0.082707
-0.099002
-0.093318
-0.107211
-0.100275
-0.101979
-0.101371
-0.100178
-0.106772
-0.101656
-0.105808
-0.102861
-0.105958
-0.102037
-0.102991
-0.102123
-0.103903
-0.104550
-0.104286
-0.108051
-0.104709
-0.109817
-0.105981
-0.108818
-0.108693
-0.108011
-0.109174
-0.107166
-0.108465
-0.107336
-0.108546
-0.108102
-0.108583
-0.108198
-0.108774
-0.108243
-0.108695
-0.108389
-0.108855
-0.108875
-0.108851
-0.108981
-0.108728
-0.108985
-0.108804
-0.109034
-0.108952
-0.109031
-0.108989
-0.109064
-0.109040
-0.109097
-0.109108
-0.109163
-0.109195
-0.109167
-0.109215
-0.109164
-0.109219
-0.109191
-0.109211
-0.109208
0.865853
0.526156
0.549949
0.468093
0.351316
0.104005
0.191168
0.090241
0.176181
-0.004326
-0.070497
-0.062106
0.010186
-0.018293
-0.006603
0.015765
-0.065915
-0.063333
-0.089783
-0.082299
-0.084666
-0.093411
-0.085591
-0.103283
-0.089405
-0.092426
-0.085388
-0.091255
-0.095023
-0.096684
-0.097011
-0.097574
-0.100686
-0.100600
-0.096291
-0.088494
-0.095130
-0.093617
-0.095437
-0.107765
-0.105052
-0.107433
-0.104020
-0.103597
-0.108882
-0.102556
-0.107597
-0.103477
-0.107649
-0.106026
-0.109779
-0.106717
-0.108029
-0.107888
-0.106543
-0.108460
-0.105670
-0.108750
-0.105539
-0.109014
-0.107097
-0.108136
-0.108884
-0.107819
-0.108806
-0.107889
-0.108714
-0.108247
-0.108843
-0.108427
-0.108774
-0.108452
-0.108695
-0.108614
-0.108607
-0.108707
-0.108635
-0.108860
-0.108614
-0.108803
-0.108670
-0.108803
-0.108768
-0.108845
-0.108819
-0.108855
-0.108835
-0.108857
-0.108872
-0.108855
-0.108897
-0.108867
-0.108923
-0.108865
-0.108913
-0.108884
-0.108910
-0.108913
-0.108913
-0.108925
-0.052646
0.298576
0.315233
0.408834
0.107231
0.265034
0.029473
0.104068
0.004749
0.001319
-0.056188
-0.000786
-0.055198
-0.044177
-0.085449
-0.054833
-0.061480
-0.062304
-0.062740
-0.093434
-0.077164
-0.083300
-0.099116
-0.100234
-0.099548
-0.088375
-0.103744
-0.085787
-0.099890
-0.101452
-0.101477
-0.106439
-0.104275
-0.105294
-0.103517
-0.107578
-0.104939
-0.107091
-0.106481
-0.107831
-0.103334
-0.104675
-0.103821
-0.102255
-0.104639
-0.108849
-0.109067
-0.108703
-0.107607
-0.107538
-0.105842
-0.107839
-0.106391
-0.107028
-0.107805
-0.107253
-0.107984
-0.107405
-0.107599
-0.107633
-0.107822
-0.107853
-0.107624
-0.107351
-0.107697
-0.107425
-0.108158
-0.107855
-0.107777
-0.107880
-0.107887
-0.107747
-0.107991
-0.107734
-0.107784
-0.107787
-0.107851
-0.107849
-0.107868
-0.107840
-0.107855
-0.107885
-0.107888
-0.107858
-0.107879
-0.107872
-0.107857
-0.107896
-0.107850
-0.107860
-0.107859
-0.107875
-0.107878
-0.107889
-0.107874
-0.107887
-0.107876
-0.107891
-0.107881
-0.107887
0.013946
1.444367
0.957574
0.604294
0.648569
0.590729
0.055901
0.135040
-0.029813
0.001048
-0.016741
-0.071972
-0.027113
-0.098297
-0.029096
-0.094639
-0.033875
-0.088611
-0.022822
-0.048329
-0.065368
-0.068808
-0.102533
-0.104444
-0.085012
-0.084986
-0.100110
-0.089873
-0.087592
-0.102009
-0.104079
-0.103524
-0.107390
-0.102621
-0.104709
-0.103054
-0.104157
-0.103598
-0.105321
-0.103877
-0.108279
-0.101302
-0.100549
-0.103462
-0.101073
-0.106524
-0.109491
-0.107375
-0.104401
-0.106640
-0.105847
-0.104200
-0.106220
-0.107013
-0.106647
-0.107669
-0.106838
-0.107261
-0.106993
-0.107279
-0.107229
-0.107287
-0.107091
-0.107099
-0.106840
-0.106621
-0.107123
-0.106864
-0.107290
-0.107366
-0.107281
-0.106976
-0.107142
-0.107209
-0.107199
-0.107425
-0.107294
-0.107391
-0.107291
-0.107342
-0.107259
-0.107337
-0.107286
-0.107342
-0.107354
-0.107333
-0.107301
-0.107317
-0.107336
-0.107328
-0.107379
-0.107350
-0.107378
-0.107354
-0.107374
-0.107358
-0.107370
-0.107362
-0.107366
-0.107368
0.090164
0.301198
0.606351
0.068430
0.295839
0.258907
0.053404
0.272377
-0.043073
0.073644
-0.010429
-0.024953
-0.003790
-0.021204
-0.013977
-0.060385
-0.007603
-0.095764
-0.046920
-0.087008
-0.091080
-0.090369
-0.094885
-0.100782
-0.099387
-0.089452
-0.101370
-0.084970
-0.097800
-0.089524
-0.096149
-0.094428
-0.101737
-0.096073
-0.098610
-0.093756
-0.097549
-0.098950
-0.097587
-0.099567
-0.100066
-0.101917
-0.104435
-0.109284
-0.108306
-0.108138
-0.106079
-0.108024
-0.106399
-0.106178
-0.104558
-0.106071
-0.106568
-0.107888
-0.108262
-0.106568
-0.109481
-0.106202
-0.109820
-0.107096
-0.109098
-0.107473
-0.108583
-0.108316
-0.108891
-0.108990
-0.108862
-0.108872
-0.108778
-0.109058
-0.108825
-0.109086
-0.108973
-0.109187
-0.109095
-0.109325
-0.109213
-0.109289
-0.109311
-0.109316
-0.109417
-0.109370
-0.109445
-0.109412
-0.109503
-0.109485
-0.109546
-0.109565
-0.109600
-0.109627
-0.109654
-0.109671
-0.109663
-0.109703
-0.109686
-0.109739
-0.109720
-0.109752
-0.109743
-0.109761
-1.518022
1.156123
0.061201
-3.416641
-0.110021
-0.110023
1.198360
1.426835
3.495749
-0.802752
-0.110020
-0.110023
-1.290470
1.551348
1.123922
-3.582485
-0.110020
-0.110023
1.796098
4.326473
8.332465
-4.461547
-0.110020
-0.110023
1.095493
3.352443
5.725649
-4.022724
-0.110020
-0.110023
-0.024289
4.288951
5.965554
-6.447159
-0.110020
-0.110023
4.223902
1.959665
7.121381
1.208856
-0.110020
-0.110023
1.289506
0.774872
-0.028837
-0.070193
-0.077800
-0.084837
-0.091693
-0.096033
-0.097581
-0.099694
-0.086690
-0.057527
-0.091849
-0.065555
-0.092548
-0.096131
-0.097871
-0.098692
-0.099878
-0.101460
-0.102504
-0.102307
-0.105079
-0.098579
-0.102140
-0.098162
-0.101100
-0.102139
-0.102861
-0.103070
-0.103201
-0.103660
-0.104163
-0.104030
-0.106891
-0.104877
-0.105471
-0.104467
-0.104616
-0.104790
-0.105073
-0.105178
-0.105105
-0.105117
-0.105106
-0.105388
-0.106302
-0.106544
-0.106575
-0.106322
-0.106235
-0.106213
-0.106280
-0.106348
-0.106342
-0.106320
-0.106148
-0.106476
-0.106416
-0.106846
-0.106809
-0.106818
-0.106830
-0.106834
-0.106854
-0.106886
-0.106910
-0.106933
-0.106851
-0.106980
-0.106904
-0.107039
-0.107060
-0.107076
-0.107115
-0.107126
-0.107142
-0.107158
-0.107174
-0.107195
-0.107183
-0.107217
-0.107211
-0.107225
-0.107249
-0.107247
-0.107275
-0.107282
-0.107290
-0.107299
-0.107305
-0.107312
-0.107317
-0.107323
-0.107328
-0.107324
-0.107334
-0.107329
-0.107336
-0.107337
1.188500
0.970223
-0.020811
-0.090591
-0.101657
-0.095317
-0.107086
-0.102377
-0.101695
-0.104790
-0.070901
-0.051071
-0.076195
-0.065915
-0.098423
-0.105101
-0.109070
-0.104588
-0.106311
-0.107820
-0.107238
-0.103974
-0.099441
-0.103734
-0.097402
-0.103512
-0.105277
-0.106904
-0.109221
-0.107863
-0.107315
-0.107992
-0.109468
-0.105263
-0.106682
-0.109371
-0.104418
-0.109091
-0.108050
-0.108092
-0.108959
-0.109240
-0.108348
-0.108269
-0.109134
-0.107088
-0.109366
-0.109050
-0.108044
-0.109725
-0.109350
-0.109055
-0.109251
-0.109585
-0.109247
-0.109038
-0.109212
-0.108941
-0.109193
-0.109831
-0.109289
-0.109546
-0.109561
-0.109433
-0.109459
-0.109529
-0.109502
-0.109431
-0.109455
-0.109461
-0.109389
-0.109576
-0.109483
-0.109513
-0.109554
-0.109517
-0.109528
-0.109539
-0.109538
-0.109534
-0.109534
-0.109542
-0.109522
-0.109544
-0.109540
-0.109534
-0.109560
-0.109548
-0.109553
-0.109557
-0.109555
-0.109556
-0.109559
-0.109560
-0.109559
-0.109557
-0.109560
-0.109555
-0.109562
-0.109561
1.071126
1.054304
-0.037289
-0.106094
-0.101392
-0.108549
-0.102514
-0.105862
-0.103734
-0.095357
-0.070999
-0.043076
-0.104919
-0.052696
-0.096449
-0.099160
-0.099809
-0.102868
-0.105242
-0.105316
-0.106696
-0.106957
-0.099036
-0.097417
-0.108055
-0.097064
-0.103193
-0.104340
-0.104120
-0.104840
-0.105786
-0.105591
-0.105606
-0.107722
-0.105229
-0.105324
-0.109065
-0.105441
-0.106362
-0.106790
-0.106455
-0.106477
-0.106870
-0.106646
-0.105905
-0.107600
-0.107117
-0.107853
-0.109120
-0.107861
-0.107810
-0.107931
-0.107785
-0.107707
-0.107820
-0.107784
-0.107225
-0.107933
-0.107725
-0.108223
-0.108393
-0.108240
-0.108211
-0.108249
-0.108220
-0.108201
-0.108231
-0.108258
-0.108058
-0.108246
-0.108143
-0.108271
-0.108330
-0.108326
-0.108351
-0.108370
-0.108370
-0.108373
-0.108385
-0.108403
-0.108366
-0.108402
-0.108387
-0.108388
-0.108418
-0.108409
-0.108434
-0.108443
-0.108446
-0.108450
-0.108455
-0.108459
-0.108461
-0.108464
-0.108470
-0.108458
-0.108469
-0.108462
-0.108470
-0.108471
1.767327
3.015646
0.053235
-0.079792
-0.060232
-0.086232
-0.103229
-0.081550
-0.081438
-0.091504
-0.047812
0.089204
-0.024158
0.011056
-0.084220
-0.102490
-0.094940
-0.098255
-0.106167
-0.100170
-0.095333
-0.096885
-0.086296
-0.078138
-0.078557
-0.088598
-0.102100
-0.106215
-0.103892
-0.104603
-0.107550
-0.105195
-0.101781
-0.101057
-0.097438
-0.102287
-0.096543
-0.102231
-0.106576
-0.108200
-0.106538
-0.106780
-0.108736
-0.107115
-0.104531
-0.105493
-0.103472
-0.106835
-0.106280
-0.106846
-0.108107
-0.109910
-0.108499
-0.108189
-0.109187
-0.109116
-0.107198
-0.109107
-0.107859
-0.108366
-0.109733
-0.108899
-0.108826
-0.109270
-0.109137
-0.108945
-0.109110
-0.109351
-0.108744
-0.109201
-0.109114
-0.108996
-0.109248
-0.109179
-0.109106
-0.109216
-0.109189
-0.109159
-0.109188
-0.109232
-0.109160
-0.109203
-0.109229
-0.109174
-0.109222
-0.109221
-0.109202
-0.109234
-0.109226
-0.109219
-0.109231
-0.109234
-0.109228
-0.109231
-0.109245
-0.109228
-0.109237
-0.109238
-0.109236
-0.109238
1.112043
2.324715
0.013075
-0.089230
-0.087863
-0.096569
-0.104240
-0.096342
-0.087726
-0.086011
-0.053023
0.045941
-0.061914
-0.005990
-0.100630
-0.097837
-0.094318
-0.101486
-0.106877
-0.100029
-0.099454
-0.101491
-0.090192
-0.082070
-0.092264
-0.088055
-0.103607
-0.105168
-0.101650
-0.103702
-0.107643
-0.103660
-0.101803
-0.106220
-0.099074
-0.101567
-0.102364
-0.101785
-0.105681
-0.107739
-0.105246
-0.105350
-0.107698
-0.106182
-0.103399
-0.108574
-0.103849
-0.106419
-0.108264
-0.106463
-0.107084
-0.108134
-0.107388
-0.107022
-0.107738
-0.107835
-0.106134
-0.108122
-0.107120
-0.107497
-0.108478
-0.107871
-0.107781
-0.108059
-0.107973
-0.107849
-0.107965
-0.108115
-0.107650
-0.108031
-0.107933
-0.107921
-0.108131
-0.108086
-0.108060
-0.108140
-0.108125
-0.108112
-0.108139
-0.108176
-0.108109
-0.108161
-0.108165
-0.108133
-0.108187
-0.108181
-0.108187
-0.108215
-0.108213
-0.108212
-0.108223
-0.108228
-0.108227
-0.108231
-0.108243
-0.108225
-0.108239
-0.108234
-0.108238
-0.108241
0.002552
2.983476
0.095114
-0.041351
-0.053935
-0.085150
-0.085294
-0.067911
-0.070397
-0.091217
0.001380
0.066693
-0.008493
0.008030
-0.091742
-0.105293
-0.098330
-0.100806
-0.108015
-0.100632
-0.095905
-0.094346
-0.075805
-0.089244
-0.073047
-0.093830
-0.102871
-0.107002
-0.105598
-0.105826
-0.107932
-0.106193
-0.103852
-0.098163
-0.096337
-0.103328
-0.094434
-0.104983
-0.107338
-0.108644
-0.107155
-0.107358
-0.109074
-0.107634
-0.105920
-0.103406
-0.105210
-0.104219
-0.105680
-0.106842
-0.107993
-0.109349
-0.108354
-0.108038
-0.108880
-0.109116
-0.107442
-0.108453
-0.108521
-0.107391
-0.108995
-0.108413
-0.108424
-0.108818
-0.108742
-0.108602
-0.108725
-0.108890
-0.108616
-0.108896
-0.109028
-0.108618
-0.108890
-0.108830
-0.108736
-0.108855
-0.108839
-0.108824
-0.108849
-0.108863
-0.108867
-0.108876
-0.108930
-0.108882
-0.108910
-0.108930
-0.108872
-0.108913
-0.108907
-0.108902
-0.108914
-0.108918
-0.108914
-0.108917
-0.108922
-0.108928
-0.108926
-0.108940
-0.108924
-0.108928
