-1.171239
2.231271
3.536499
-7.958228
-0.112402
-0.112395
-0.226657
1.073209
3.407844
-4.167093
-0.112400
-0.112393
0.898654
1.962474
5.322178
-4.121418
-0.112399
-0.112399
-0.043234
1.065791
2.452045
-3.800960
-0.112400
-0.112397
0.005061
3.883973
8.583820
-10.180969
-0.112400
-0.112398
-0.017203
1.051440
1.415314
-3.650383
-0.112401
-0.112398
9.795146
-0.112151
9.795405
9.794794
-0.112400
-0.112402
4.978430
1.590727
7.245173
1.400449
-0.112400
-0.112401
0.951162
0.331509
0.672124
0.143841
0.737613
0.284403
0.269345
0.438098
-0.060492
0.351337
0.029523
0.181951
0.071807
0.053920
0.058303
0.005329
0.014800
-0.010051
0.021198
-0.057542
0.032865
-0.089711
-0.015456
-0.070623
-0.066790
-0.049901
-0.105524
-0.082395
-0.098657
-0.106119
-0.111500
-0.100379
-0.101517
-0.085387
-0.093489
-0.094648
-0.080537
-0.105823
-0.082014
-0.096590
-0.087775
-0.086902
-0.100093
-0.088283
-0.100621
-0.096355
-0.098364
-0.093334
-0.105492
-0.089885
-0.107466
-0.097163
-0.104614
-0.103259
-0.100831
-0.110954
-0.105118
-0.108318
-0.109547
-0.112017
-0.111279
-0.110096
-0.108338
-0.109199
-0.109281
-0.106683
-0.110400
-0.107183
-0.109137
-0.108083
-0.107407
-0.110802
-0.108564
-0.111074
-0.110436
-0.111225
-0.110373
-0.112261
-0.110320
-0.111343
-0.110935
-0.110992
-0.111432
-0.110917
-0.111752
-0.111217
-0.111941
-0.111646
-0.111955
-0.111894
-0.111862
-0.111989
-0.111858
-0.112098
-0.111788
-0.111853
-0.111782
-0.111718
-0.111778
-0.111582
0.004040
-0.002270
0.193903
0.019097
0.052577
0.176749
0.159623
0.017562
0.107635
0.012799
0.264197
-0.087665
0.158591
-0.086388
0.019827
-0.011815
-0.054686
0.023503
-0.078989
0.039470
-0.057954
-0.044496
-0.084098
-0.063845
-0.081083
-0.087670
-0.103186
-0.097609
-0.106915
-0.107183
-0.108482
-0.107576
-0.105616
-0.110635
-0.098147
-0.100726
-0.099644
-0.098772
-0.099791
-0.085630
-0.106172
-0.083779
-0.101268
-0.094558
-0.102638
-0.097629
-0.097953
-0.101756
-0.089668
-0.098332
-0.097001
-0.104250
-0.102522
-0.106416
-0.105385
-0.110561
-0.107947
-0.109766
-0.108720
-0.109925
-0.109604
-0.110299
-0.110462
-0.109390
-0.109649
-0.107826
-0.111116
-0.108242
-0.110546
-0.109438
-0.109145
-0.107938
-0.109038
-0.109253
-0.108540
-0.109280
-0.108675
-0.108647
-0.108579
-0.108658
-0.109843
-0.109570
-0.110097
-0.109719
-0.110412
-0.109799
-0.110053
-0.109909
-0.110095
-0.110046
-0.110120
-0.110088
-0.110064
-0.110028
-0.110038
-0.110164
-0.110037
-0.110194
-0.110044
-0.110329
0.878189
0.584872
0.261470
0.517149
0.612550
0.195929
0.331824
0.086165
0.191913
0.018012
0.139623
0.070864
-0.031451
0.042140
-0.045438
-0.043395
0.010652
-0.070286
-0.020561
-0.035013
-0.059593
-0.050312
-0.062524
-0.076426
-0.089611
-0.086856
-0.066724
-0.100699
-0.088645
-0.100025
-0.090088
-0.097983
-0.096065
-0.079868
-0.094153
-0.087315
-0.105766
-0.093813
-0.105044
-0.090535
-0.101874
-0.100175
-0.100205
-0.101292
-0.102409
-0.094082
-0.103376
-0.096508
-0.101563
-0.100527
-0.104113
-0.100818
-0.106887
-0.104679
-0.108624
-0.101614
-0.109055
-0.102027
-0.105879
-0.105306
-0.105175
-0.106701
-0.102530
-0.107012
-0.102749
-0.107809
-0.105110
-0.108157
-0.104107
-0.109422
-0.105673
-0.109024
-0.106233
-0.107731
-0.105829
-0.106568
-0.106211
-0.106714
-0.106915
-0.107225
-0.107257
-0.107338
-0.107171
-0.107349
-0.107578
-0.107319
-0.107116
-0.107213
-0.107287
-0.107160
-0.107293
-0.107203
-0.107340
-0.107035
-0.107373
-0.107212
-0.107459
-0.107202
-0.107530
-0.107264
-0.037403
-0.029057
0.400757
0.260627
0.033488
0.092242
0.059098
0.023329
-0.008801
-0.033776
0.012812
0.037218
0.030997
0.047033
0.027165
0.015610
0.003470
-0.024157
-0.037969
-0.059267
-0.079403
-0.090175
-0.097088
-0.091644
-0.082159
-0.107176
-0.103530
-0.091069
-0.103168
-0.107930
-0.106776
-0.105309
-0.099597
-0.101678
-0.106406
-0.105879
-0.099474
-0.106111
-0.105996
-0.106725
-0.099890
-0.102273
-0.096098
-0.099887
-0.096506
-0.099649
-0.099167
-0.102188
-0.102646
-0.106301
-0.106984
-0.111234
-0.107733
-0.108500
-0.108198
-0.110048
-0.106671
-0.109804
-0.111445
-0.110438
-0.110239
-0.110916
-0.110599
-0.109179
-0.110098
-0.108688
-0.111108
-0.109994
-0.110916
-0.110016
-0.110343
-0.109260
-0.110572
-0.109036
-0.111416
-0.109281
-0.112280
-0.109700
-0.111508
-0.110246
-0.111079
-0.110567
-0.111193
-0.110565
-0.110989
-0.110747
-0.111070
-0.110767
-0.110838
-0.110833
-0.110845
-0.110789
-0.110793
-0.110918
-0.110848
-0.110894
-0.110833
-0.110904
-0.110896
-0.110823
0.022597
1.508629
1.264369
0.498649
1.009228
0.868776
0.422819
0.451750
0.004096
0.166823
0.038367
0.069020
0.015020
0.029976
-0.020892
-0.010795
-0.032388
-0.048212
-0.031252
-0.087771
-0.039653
-0.094364
-0.056735
-0.057978
-0.061299
-0.036040
-0.068064
-0.095124
-0.085191
-0.081860
-0.098917
-0.069598
-0.105288
-0.085231
-0.069002
-0.088138
-0.084590
-0.099059
-0.101420
-0.101889
-0.099722
-0.105244
-0.099690
-0.105670
-0.103822
-0.104388
-0.108578
-0.103708
-0.110993
-0.106430
-0.108543
-0.110556
-0.107406
-0.106927
-0.100163
-0.103255
-0.101446
-0.105991
-0.104244
-0.106569
-0.106067
-0.108545
-0.108258
-0.103558
-0.105603
-0.104811
-0.107739
-0.108539
-0.109578
-0.108448
-0.110338
-0.109047
-0.110549
-0.110037
-0.110686
-0.110636
-0.110787
-0.110889
-0.110789
-0.110786
-0.110721
-0.110616
-0.110941
-0.110763
-0.110532
-0.109704
-0.109923
-0.110311
-0.109700
-0.110414
-0.110076
-0.110075
-0.110146
-0.110008
-0.109826
-0.110107
-0.110109
-0.110259
-0.110133
-0.110228
-0.020602
0.345190
0.165815
0.104951
0.118089
0.180840
0.091220
0.100497
-0.014080
0.085591
-0.071535
0.052078
-0.075204
-0.018081
-0.072442
-0.049020
-0.064166
-0.072223
-0.051205
-0.083975
-0.056754
-0.081924
-0.074758
-0.087074
-0.079874
-0.097567
-0.103264
-0.107681
-0.096806
-0.104200
-0.108521
-0.099000
-0.102168
-0.102864
-0.107731
-0.101672
-0.101563
-0.105837
-0.100506
-0.106655
-0.097843
-0.105286
-0.099551
-0.109679
-0.100141
-0.107921
-0.101531
-0.104729
-0.103382
-0.101406
-0.103647
-0.102605
-0.105935
-0.103649
-0.109310
-0.106418
-0.108428
-0.107468
-0.107960
-0.107187
-0.107414
-0.107931
-0.107361
-0.107881
-0.106909
-0.110594
-0.107297
-0.109295
-0.107389
-0.108303
-0.107210
-0.107537
-0.107911
-0.107376
-0.108349
-0.107294
-0.108431
-0.107552
-0.108102
-0.107646
-0.108004
-0.108005
-0.108121
-0.108266
-0.108168
-0.108513
-0.108342
-0.108313
-0.108204
-0.108372
-0.108342
-0.108268
-0.108294
-0.108351
-0.108447
-0.108346
-0.108472
-0.108346
-0.108483
-0.108312
-1.578258
1.436929
0.423107
-4.156804
-0.112400
-0.112402
1.593965
1.737700
4.305184
-1.020249
-0.112399
-0.112402
-1.459995
1.027573
0.362908
-2.895910
-0.112398
-0.112402
1.421595
2.807435
5.234326
-3.171063
-0.112399
-0.112402
0.340810
4.303945
6.367302
-6.416593
-0.112399
-0.112402
0.073447
5.102799
6.758913
-7.919420
-0.112399
-0.112402
4.842102
3.255434
9.635334
-0.022643
-0.112399
-0.112402
1.343097
0.952943
0.137171
-0.091313
-0.107396
-0.096062
-0.107682
-0.110960
-0.104064
-0.109237
-0.109868
-0.109255
-0.101180
-0.078907
-0.058953
-0.107101
-0.069344
-0.096977
-0.111451
-0.108960
-0.108554
-0.110843
-0.109605
-0.110158
-0.110419
-0.110145
-0.111703
-0.107546
-0.105198
-0.101818
-0.109636
-0.101272
-0.109720
-0.111209
-0.110350
-0.111616
-0.110779
-0.110748
-0.112183
-0.110758
-0.111246
-0.111846
-0.109205
-0.109295
-0.109603
-0.111061
-0.107139
-0.111686
-0.111141
-0.111384
-0.111980
-0.111175
-0.111757
-0.111713
-0.111373
-0.112059
-0.111570
-0.110800
-0.110184
-0.111220
-0.112211
-0.110486
-0.111584
-0.111610
-0.111981
-0.111694
-0.111804
-0.111969
-0.111685
-0.111924
-0.111886
-0.111751
-0.112203
-0.111231
-0.111523
-0.111854
-0.112206
-0.111776
-0.111900
-0.111896
-0.111838
-0.111919
-0.111872
-0.111859
-0.111913
-0.111865
-0.111875
-0.111941
-0.111870
-0.111890
-0.111819
-0.111926
-0.111892
-0.111904
-0.111892
-0.111892
-0.111914
-0.111920
-0.111889
-0.111899
1.587075
1.184246
0.013459
-0.103707
-0.104902
-0.100076
-0.094449
-0.100457
-0.089372
-0.100352
-0.101316
-0.103375
-0.104893
-0.106442
-0.046132
-0.102357
-0.058942
-0.094648
-0.111397
-0.105147
-0.108143
-0.108905
-0.109364
-0.107724
-0.108595
-0.107286
-0.111496
-0.106437
-0.109273
-0.098396
-0.107395
-0.097442
-0.106776
-0.109929
-0.107742
-0.111004
-0.109530
-0.109501
-0.111234
-0.108707
-0.110014
-0.110342
-0.107718
-0.111965
-0.108853
-0.110197
-0.105687
-0.111181
-0.109785
-0.109993
-0.111156
-0.110213
-0.110609
-0.110973
-0.109859
-0.111376
-0.109995
-0.109855
-0.110854
-0.111979
-0.112267
-0.110609
-0.111563
-0.110828
-0.111642
-0.111051
-0.111286
-0.111348
-0.111168
-0.111324
-0.111419
-0.111050
-0.111771
-0.110884
-0.111284
-0.111398
-0.111747
-0.111295
-0.111483
-0.111508
-0.111403
-0.111534
-0.111493
-0.111482
-0.111571
-0.111490
-0.111564
-0.111598
-0.111437
-0.111533
-0.111422
-0.111509
-0.111507
-0.111550
-0.111528
-0.111550
-0.111556
-0.111574
-0.111539
-0.111562
1.239819
0.675456
0.035980
-0.091115
-0.091135
-0.096378
-0.100730
-0.094238
-0.103930
-0.100003
-0.105431
-0.105701
-0.103388
-0.094049
-0.071952
-0.101559
-0.079413
-0.104976
-0.107117
-0.109024
-0.109512
-0.109635
-0.109036
-0.110635
-0.108977
-0.111397
-0.108988
-0.111050
-0.108772
-0.101511
-0.108225
-0.104728
-0.109780
-0.109301
-0.111155
-0.110055
-0.110715
-0.110926
-0.110143
-0.111030
-0.110375
-0.110467
-0.111053
-0.110918
-0.106724
-0.111852
-0.110855
-0.109879
-0.110923
-0.110949
-0.110738
-0.111081
-0.110944
-0.110765
-0.111190
-0.110620
-0.111333
-0.110362
-0.111433
-0.110360
-0.111074
-0.111618
-0.110916
-0.111470
-0.111078
-0.111337
-0.111201
-0.111227
-0.111319
-0.111244
-0.111279
-0.111379
-0.111033
-0.111467
-0.111802
-0.111031
-0.111273
-0.111413
-0.111370
-0.111362
-0.111411
-0.111374
-0.111409
-0.111420
-0.111399
-0.111442
-0.111406
-0.111465
-0.111397
-0.111422
-0.111398
-0.111409
-0.111440
-0.111427
-0.111442
-0.111447
-0.111434
-0.111432
-0.111457
-0.111441
1.420405
1.924321
0.104575
-0.040097
-0.065406
-0.069175
-0.075258
-0.083314
-0.080039
-0.092466
-0.088306
-0.089191
-0.109727
-0.099987
0.000769
-0.078472
-0.021628
-0.074966
-0.101233
-0.095065
-0.097326
-0.103256
-0.098261
-0.102393
-0.103378
-0.099492
-0.106751
-0.100729
-0.100310
-0.080496
-0.096846
-0.082721
-0.099428
-0.103963
-0.100874
-0.104452
-0.103635
-0.103167
-0.105613
-0.103433
-0.104645
-0.105654
-0.101447
-0.106765
-0.099321
-0.106999
-0.100046
-0.108466
-0.105253
-0.105775
-0.106896
-0.105370
-0.106643
-0.106305
-0.105639
-0.107215
-0.105547
-0.105384
-0.108543
-0.108302
-0.109640
-0.109572
-0.108456
-0.107478
-0.108434
-0.107840
-0.107861
-0.108281
-0.107816
-0.108198
-0.108267
-0.107866
-0.108818
-0.108015
-0.108960
-0.108101
-0.108732
-0.108267
-0.108579
-0.108612
-0.108557
-0.108714
-0.108676
-0.108712
-0.108809
-0.108743
-0.108862
-0.108951
-0.108633
-0.108820
-0.108607
-0.108740
-0.108795
-0.108859
-0.108843
-0.108877
-0.108881
-0.108889
-0.108885
-0.108905
0.334414
2.979193
0.177021
-0.036851
-0.070779
-0.074417
-0.086736
-0.091343
-0.089493
-0.096674
-0.096703
-0.092211
-0.095231
-0.055346
0.050751
-0.072766
0.015787
-0.109315
-0.107799
-0.103407
-0.105077
-0.107285
-0.105148
-0.107093
-0.107999
-0.106462
-0.109651
-0.108960
-0.097390
-0.071908
-0.096223
-0.078027
-0.107024
-0.105733
-0.105197
-0.107220
-0.106380
-0.106483
-0.107645
-0.106558
-0.107085
-0.107979
-0.105027
-0.109003
-0.095061
-0.107391
-0.099513
-0.108245
-0.107099
-0.107805
-0.108302
-0.107529
-0.108180
-0.108094
-0.107575
-0.108264
-0.107678
-0.105992
-0.110530
-0.106981
-0.109505
-0.110568
-0.109595
-0.109400
-0.109794
-0.109479
-0.109498
-0.109710
-0.109501
-0.109639
-0.109772
-0.109514
-0.109446
-0.109397
-0.111160
-0.108908
-0.110215
-0.109939
-0.110104
-0.110092
-0.110077
-0.110160
-0.110161
-0.110173
-0.110247
-0.110235
-0.110291
-0.110491
-0.109981
-0.110259
-0.109946
-0.110100
-0.110222
-0.110255
-0.110252
-0.110306
-0.110270
-0.110288
-0.110316
-0.110299
0.092802
3.534915
0.305759
-0.042121
-0.075314
-0.060857
-0.082667
-0.088030
-0.078964
-0.100167
-0.089225
-0.086651
-0.105133
-0.034490
0.075727
-0.070520
0.040756
-0.089260
-0.108776
-0.095210
-0.097852
-0.106095
-0.097854
-0.103790
-0.104105
-0.099603
-0.109564
-0.099654
-0.093593
-0.069769
-0.093849
-0.067569
-0.104360
-0.104437
-0.100096
-0.105935
-0.103494
-0.102836
-0.106863
-0.102742
-0.104828
-0.106036
-0.099515
-0.108810
-0.099564
-0.106161
-0.092076
-0.108873
-0.104490
-0.105402
-0.107594
-0.104978
-0.106974
-0.106586
-0.105274
-0.107802
-0.105413
-0.104057
-0.106437
-0.110308
-0.110651
-0.107189
-0.108584
-0.107443
-0.108959
-0.108037
-0.108088
-0.108795
-0.107988
-0.108579
-0.108697
-0.108080
-0.109209
-0.106990
-0.108785
-0.108146
-0.109801
-0.108589
-0.108958
-0.108974
-0.108823
-0.109063
-0.108970
-0.108986
-0.109151
-0.109019
-0.109163
-0.109397
-0.108824
-0.109117
-0.108736
-0.109024
-0.109073
-0.109148
-0.109107
-0.109159
-0.109188
-0.109209
-0.109163
-0.109177
