-0.899289
3.047128
2.056881
-12.265503
-0.118221
-0.118209
-0.152177
1.336910
1.735317
-3.207333
-0.118218
-0.118219
1.346974
2.418581
7.238912
-3.599009
-0.118217
-0.118218
-0.135995
1.265856
2.602374
-3.044295
-0.118216
-0.118217
-0.333419
3.573168
7.290582
-8.017129
-0.118216
-0.118218
0.073315
1.393689
3.281859
-3.280121
-0.118217
-0.118217
9.124933
-0.117924
9.125770
9.124682
-0.118215
-0.118217
5.618047
1.400923
8.297902
2.513042
-0.118216
-0.118218
0.683133
0.523882
1.208444
0.799806
0.279236
0.781541
0.425740
0.188617
0.383611
0.203423
0.037547
0.208383
-0.033690
0.071877
0.085867
-0.040041
0.030194
0.019655
-0.090529
-0.047200
-0.064135
-0.101734
-0.103724
-0.106378
-0.085737
-0.089856
-0.101715
-0.065521
-0.078277
-0.092639
-0.072662
-0.087325
-0.098276
-0.078619
-0.106891
-0.086915
-0.085529
-0.104360
-0.086834
-0.092966
-0.109183
-0.099603
-0.114481
-0.111740
-0.114067
-0.113389
-0.109124
-0.108014
-0.110674
-0.102651
-0.105977
-0.106453
-0.104196
-0.108611
-0.107535
-0.107226
-0.109649
-0.107381
-0.108899
-0.109777
-0.109109
-0.111127
-0.110587
-0.110905
-0.111039
-0.110947
-0.110774
-0.111074
-0.110572
-0.110841
-0.110806
-0.110714
-0.110955
-0.110972
-0.110938
-0.111090
-0.111090
-0.111119
-0.111249
-0.111280
-0.111278
-0.111421
-0.111323
-0.111424
-0.111508
-0.111466
-0.111645
-0.111623
-0.111657
-0.111708
-0.111688
-0.111694
-0.111724
-0.111675
-0.111701
-0.111717
-0.111657
-0.111733
-0.111717
-0.111700
-0.100236
0.245543
0.356851
0.410931
0.008941
0.322053
0.063702
0.021131
-0.028243
0.077779
-0.057505
0.126313
-0.045454
0.022169
-0.047201
-0.061156
-0.094736
-0.015971
-0.069415
-0.069986
-0.091594
-0.094761
-0.104015
-0.101643
-0.088621
-0.071830
-0.100794
-0.078013
-0.096668
-0.110223
-0.089604
-0.083517
-0.095829
-0.091154
-0.098767
-0.110782
-0.111504
-0.103916
-0.098107
-0.105891
-0.101272
-0.111093
-0.110110
-0.107103
-0.105054
-0.106260
-0.106517
-0.108685
-0.107462
-0.114591
-0.108000
-0.109093
-0.108071
-0.110375
-0.109243
-0.112867
-0.111281
-0.111538
-0.110347
-0.111265
-0.110277
-0.111763
-0.111627
-0.111553
-0.111621
-0.111798
-0.111936
-0.111940
-0.112105
-0.112322
-0.112229
-0.112243
-0.112414
-0.112326
-0.112637
-0.112572
-0.112647
-0.112636
-0.112802
-0.112749
-0.112917
-0.112890
-0.112918
-0.112881
-0.112983
-0.112953
-0.113063
-0.113080
-0.113069
-0.113088
-0.113126
-0.113149
-0.113154
-0.113193
-0.113216
-0.113197
-0.113170
-0.113219
-0.113183
-0.113247
1.343990
0.741721
0.726434
0.747667
0.378521
0.231202
0.461517
-0.037350
0.186116
0.123954
-0.005154
0.124592
-0.068517
0.032751
-0.009236
-0.066151
0.002764
-0.088697
-0.068605
-0.076123
-0.095207
-0.108210
-0.109427
-0.113021
-0.107287
-0.086214
-0.102683
-0.091907
-0.083145
-0.115529
-0.090316
-0.101069
-0.101558
-0.094932
-0.112837
-0.099040
-0.105741
-0.108537
-0.098887
-0.116239
-0.107515
-0.113844
-0.113014
-0.114575
-0.113987
-0.114301
-0.116986
-0.110077
-0.115749
-0.110743
-0.111933
-0.115084
-0.111946
-0.115734
-0.113163
-0.113979
-0.115236
-0.113706
-0.115775
-0.114566
-0.115368
-0.115723
-0.115334
-0.115967
-0.115824
-0.115759
-0.115677
-0.115652
-0.115889
-0.115632
-0.115946
-0.115656
-0.115916
-0.115910
-0.115936
-0.115990
-0.115996
-0.116009
-0.116080
-0.116072
-0.116071
-0.116179
-0.116084
-0.116195
-0.116162
-0.116186
-0.116264
-0.116208
-0.116304
-0.116267
-0.116276
-0.116280
-0.116285
-0.116322
-0.116255
-0.116331
-0.116266
-0.116316
-0.116333
-0.116287
-0.099831
0.025363
0.422303
0.236197
0.347161
0.067817
0.315185
-0.068477
0.038695
-0.029971
-0.083819
-0.034555
-0.096150
-0.049056
-0.053534
-0.061655
-0.064909
-0.059589
-0.092111
-0.107079
-0.100970
-0.097573
-0.100012
-0.098004
-0.115042
-0.108239
-0.093570
-0.100017
-0.089612
-0.105219
-0.102638
-0.109454
-0.104808
-0.112134
-0.108580
-0.114424
-0.114353
-0.110966
-0.108130
-0.109881
-0.110172
-0.111656
-0.115547
-0.111499
-0.111019
-0.109618
-0.111833
-0.112678
-0.112724
-0.109359
-0.115103
-0.112487
-0.115115
-0.114945
-0.114465
-0.114933
-0.114192
-0.114596
-0.114136
-0.114716
-0.113474
-0.114666
-0.113979
-0.114108
-0.114381
-0.114469
-0.114537
-0.114623
-0.114471
-0.114582
-0.114787
-0.114667
-0.114848
-0.114790
-0.114747
-0.114872
-0.114838
-0.114918
-0.114943
-0.114936
-0.114961
-0.114956
-0.114982
-0.114982
-0.115021
-0.114958
-0.115048
-0.114996
-0.115018
-0.115062
-0.115067
-0.115078
-0.115087
-0.115068
-0.115097
-0.115126
-0.115093
-0.115137
-0.115108
-0.115115
0.061192
1.498142
1.368953
1.037728
0.113086
0.527003
0.230679
0.066807
0.062305
-0.077820
-0.076173
-0.106719
-0.094444
-0.099413
-0.047625
-0.065654
-0.040678
-0.025606
-0.080787
-0.026192
-0.029750
-0.090416
-0.074683
-0.063659
-0.065688
-0.082519
-0.085032
-0.089509
-0.114812
-0.098128
-0.109100
-0.100207
-0.100242
-0.097642
-0.097705
-0.097978
-0.091304
-0.098621
-0.086842
-0.094604
-0.097095
-0.100271
-0.107846
-0.103512
-0.105393
-0.100210
-0.105933
-0.108933
-0.104702
-0.108357
-0.104196
-0.106392
-0.105009
-0.105364
-0.105564
-0.105388
-0.105729
-0.105695
-0.106345
-0.106719
-0.107131
-0.108024
-0.107466
-0.108129
-0.108174
-0.107698
-0.107885
-0.108253
-0.108360
-0.108273
-0.108514
-0.108580
-0.108599
-0.108663
-0.108744
-0.108745
-0.108879
-0.108912
-0.108994
-0.109055
-0.109112
-0.109161
-0.109211
-0.109289
-0.109336
-0.109409
-0.109487
-0.109463
-0.109544
-0.109546
-0.109515
-0.109550
-0.109608
-0.109622
-0.109597
-0.109657
-0.109633
-0.109633
-0.109645
-0.109635
0.084536
0.465824
0.221213
0.389118
0.301203
0.265999
0.116268
0.083065
-0.112665
-0.080024
-0.094030
-0.076755
-0.105255
-0.082234
-0.084446
-0.058092
-0.090764
-0.069694
-0.092138
-0.086340
-0.105988
-0.100731
-0.106390
-0.110415
-0.099286
-0.108999
-0.099077
-0.107974
-0.108538
-0.107417
-0.116311
-0.116908
-0.113782
-0.115111
-0.114847
-0.113885
-0.111120
-0.108594
-0.112619
-0.109083
-0.116930
-0.115549
-0.115932
-0.116847
-0.115913
-0.116974
-0.114080
-0.116292
-0.113500
-0.117075
-0.116583
-0.117499
-0.116371
-0.116743
-0.116441
-0.116834
-0.116472
-0.116714
-0.116262
-0.116922
-0.117043
-0.117422
-0.117118
-0.117404
-0.117059
-0.117227
-0.117156
-0.117170
-0.117276
-0.117309
-0.117500
-0.117388
-0.117487
-0.117391
-0.117469
-0.117469
-0.117520
-0.117490
-0.117523
-0.117533
-0.117567
-0.117568
-0.117591
-0.117583
-0.117649
-0.117655
-0.117704
-0.117662
-0.117696
-0.117667
-0.117690
-0.117689
-0.117686
-0.117717
-0.117711
-0.117751
-0.117716
-0.117728
-0.117703
-0.117722
-1.822362
1.313043
-0.005740
-4.109142
-0.118217
-0.118220
1.378677
1.830673
4.252038
-1.261192
-0.118217
-0.118220
-1.648653
1.576827
0.777833
-4.025078
-0.118217
-0.118220
1.472775
3.814161
7.191411
-3.905700
-0.118217
-0.118220
0.986818
3.680448
6.253016
-4.579633
-0.118217
-0.118220
-0.038669
4.213981
5.945091
-6.335578
-0.118217
-0.118220
5.542523
2.502474
9.108576
1.708866
-0.118217
-0.118220
1.596701
0.886568
-0.010916
-0.110950
-0.109376
-0.115913
-0.109439
-0.114685
-0.113079
-0.105345
-0.042660
-0.111026
-0.066964
-0.106253
-0.115311
-0.115811
-0.117264
-0.115674
-0.116598
-0.115770
-0.116698
-0.101921
-0.114761
-0.106159
-0.114676
-0.116941
-0.117161
-0.117559
-0.117031
-0.117277
-0.116793
-0.117415
-0.111663
-0.115943
-0.113299
-0.116528
-0.117495
-0.117610
-0.117798
-0.117544
-0.117635
-0.117344
-0.117559
-0.115352
-0.116883
-0.116269
-0.117480
-0.117851
-0.117900
-0.117981
-0.117893
-0.117922
-0.117813
-0.117854
-0.117467
-0.117776
-0.117691
-0.117994
-0.118043
-0.118042
-0.118068
-0.118048
-0.118055
-0.118026
-0.118031
-0.118081
-0.118078
-0.118051
-0.118124
-0.118100
-0.118084
-0.118101
-0.118096
-0.118098
-0.118093
-0.118094
-0.118116
-0.118106
-0.118108
-0.118125
-0.118113
-0.118106
-0.118115
-0.118112
-0.118112
-0.118113
-0.118112
-0.118113
-0.118111
-0.118115
-0.118121
-0.118116
-0.118117
-0.118121
-0.118118
-0.118118
-0.118119
-0.118119
-0.118116
-0.118117
1.389464
1.253456
-0.095323
-0.096901
-0.107572
-0.102595
-0.099157
-0.106082
-0.103265
-0.109766
-0.013299
-0.103083
-0.053796
-0.115959
-0.112109
-0.112509
-0.111653
-0.110656
-0.111605
-0.110720
-0.111401
-0.096565
-0.110624
-0.105131
-0.116626
-0.114623
-0.114574
-0.114167
-0.113786
-0.113984
-0.113462
-0.113306
-0.109936
-0.113255
-0.113577
-0.116735
-0.115728
-0.115642
-0.115399
-0.115197
-0.115249
-0.114940
-0.114683
-0.114562
-0.114896
-0.116820
-0.116733
-0.116291
-0.116250
-0.116149
-0.116081
-0.116103
-0.116002
-0.115892
-0.116445
-0.116075
-0.117013
-0.116658
-0.116534
-0.116549
-0.116514
-0.116502
-0.116514
-0.116495
-0.116465
-0.116663
-0.116539
-0.116752
-0.116714
-0.116671
-0.116717
-0.116691
-0.116689
-0.116698
-0.116698
-0.116696
-0.116738
-0.116722
-0.116751
-0.116783
-0.116759
-0.116802
-0.116784
-0.116783
-0.116787
-0.116790
-0.116792
-0.116796
-0.116797
-0.116798
-0.116827
-0.116811
-0.116839
-0.116829
-0.116827
-0.116829
-0.116830
-0.116833
-0.116825
-0.116832
1.404211
1.073170
-0.083037
-0.090954
-0.097521
-0.099740
-0.096610
-0.103941
-0.101385
-0.108380
-0.033469
-0.111907
-0.057405
-0.111326
-0.112375
-0.112074
-0.112479
-0.111299
-0.112016
-0.111107
-0.111607
-0.101856
-0.113815
-0.104614
-0.115290
-0.114936
-0.114726
-0.114746
-0.114331
-0.114403
-0.113892
-0.113652
-0.112275
-0.114886
-0.112920
-0.116331
-0.115985
-0.115837
-0.115805
-0.115605
-0.115590
-0.115296
-0.115005
-0.115740
-0.115791
-0.116211
-0.116771
-0.116536
-0.116470
-0.116447
-0.116388
-0.116382
-0.116287
-0.116158
-0.116925
-0.116514
-0.117027
-0.116860
-0.116773
-0.116771
-0.116759
-0.116751
-0.116754
-0.116736
-0.116701
-0.116917
-0.116807
-0.116945
-0.116932
-0.116895
-0.116924
-0.116909
-0.116909
-0.116914
-0.116915
-0.116912
-0.116951
-0.116938
-0.116959
-0.116991
-0.116970
-0.117001
-0.116988
-0.116987
-0.116991
-0.116993
-0.116996
-0.116999
-0.117000
-0.117000
-0.117025
-0.117012
-0.117034
-0.117026
-0.117025
-0.117026
-0.117027
-0.117030
-0.117023
-0.117029
1.476643
2.638455
0.006462
-0.070054
-0.073400
-0.077240
-0.079288
-0.080858
-0.078788
-0.065966
0.070493
-0.097895
0.018435
-0.099414
-0.101810
-0.100409
-0.100075
-0.099861
-0.099675
-0.098598
-0.093445
-0.087256
-0.104914
-0.091022
-0.109149
-0.108523
-0.107727
-0.107325
-0.107005
-0.106666
-0.105876
-0.102478
-0.110070
-0.108508
-0.109411
-0.112319
-0.111532
-0.111007
-0.110701
-0.110467
-0.110224
-0.109742
-0.107585
-0.116074
-0.111002
-0.116788
-0.113592
-0.113094
-0.112872
-0.112734
-0.112661
-0.112595
-0.112452
-0.111648
-0.114761
-0.112902
-0.115251
-0.113957
-0.113777
-0.113784
-0.113718
-0.113719
-0.113721
-0.113704
-0.113496
-0.114235
-0.113841
-0.114383
-0.114247
-0.114149
-0.114263
-0.114187
-0.114199
-0.114213
-0.114224
-0.114196
-0.114329
-0.114284
-0.114348
-0.114453
-0.114380
-0.114499
-0.114435
-0.114441
-0.114450
-0.114459
-0.114467
-0.114475
-0.114481
-0.114471
-0.114563
-0.114515
-0.114595
-0.114557
-0.114556
-0.114560
-0.114563
-0.114577
-0.114552
-0.114574
0.987669
2.547436
-0.033856
-0.082306
-0.087191
-0.088772
-0.089514
-0.088517
-0.085743
-0.087493
0.065592
-0.101129
0.015765
-0.101046
-0.104409
-0.104115
-0.103921
-0.103741
-0.103213
-0.101873
-0.100034
-0.086522
-0.107584
-0.089974
-0.111561
-0.110819
-0.110246
-0.109885
-0.109564
-0.109093
-0.108121
-0.106137
-0.109098
-0.110589
-0.108144
-0.114338
-0.113389
-0.112929
-0.112639
-0.112401
-0.112092
-0.111488
-0.110036
-0.116077
-0.112714
-0.115560
-0.115303
-0.114679
-0.114461
-0.114322
-0.114239
-0.114141
-0.113939
-0.113361
-0.116202
-0.114371
-0.116493
-0.115409
-0.115179
-0.115171
-0.115102
-0.115089
-0.115076
-0.115035
-0.114874
-0.115549
-0.115149
-0.115650
-0.115534
-0.115421
-0.115520
-0.115446
-0.115446
-0.115452
-0.115453
-0.115428
-0.115546
-0.115493
-0.115555
-0.115647
-0.115570
-0.115678
-0.115619
-0.115616
-0.115622
-0.115626
-0.115630
-0.115635
-0.115637
-0.115629
-0.115711
-0.115662
-0.115736
-0.115702
-0.115698
-0.115700
-0.115703
-0.115714
-0.115689
-0.115710
-0.065234
2.931111
-0.062427
-0.052022
-0.067037
-0.073539
-0.077151
-0.078727
-0.078209
-0.083532
0.114608
-0.083207
0.023324
-0.113445
-0.100865
-0.099943
-0.099647
-0.099559
-0.099333
-0.098443
-0.098403
-0.070621
-0.099816
-0.090534
-0.111799
-0.107913
-0.107210
-0.106880
-0.106648
-0.106336
-0.105579
-0.104661
-0.099931
-0.105869
-0.108802
-0.112892
-0.110982
-0.110499
-0.110247
-0.110066
-0.109847
-0.109353
-0.108514
-0.109734
-0.109630
-0.115030
-0.113399
-0.112547
-0.112344
-0.112237
-0.112188
-0.112135
-0.111984
-0.111647
-0.113224
-0.112275
-0.114355
-0.113508
-0.113271
-0.113280
-0.113240
-0.113246
-0.113256
-0.113239
-0.113157
-0.113646
-0.113381
-0.113856
-0.113775
-0.113695
-0.113795
-0.113748
-0.113758
-0.113776
-0.113789
-0.113788
-0.113888
-0.113861
-0.113929
-0.114008
-0.113961
-0.114061
-0.114023
-0.114026
-0.114038
-0.114049
-0.114059
-0.114069
-0.114076
-0.114078
-0.114146
-0.114114
-0.114178
-0.114156
-0.114154
-0.114158
-0.114163
-0.114172
-0.114154
-0.114170
