-0.602531
2.450864
2.378336
-9.058349
-0.115754
-0.115746
-0.061928
0.999423
1.819171
-3.462391
-0.115752
-0.115748
1.567840
1.682385
4.594963
-2.600800
-0.115751
-0.115751
-0.308724
0.847134
1.211745
-2.334631
-0.115751
-0.115752
0.069717
3.633672
7.341310
-9.448503
-0.115751
-0.115748
-0.245707
1.169866
2.874828
-2.778573
-0.115749
-0.115751
10.209440
-0.114929
10.210507
10.208311
-0.115750
-0.115753
5.542920
1.500693
9.009358
3.004451
-0.115749
-0.115752
0.371668
0.373137
0.947467
0.353697
0.636629
0.612649
0.296510
0.261678
0.209302
0.015732
0.117560
-0.027945
0.018425
-0.021961
-0.068766
-0.046063
-0.051955
-0.061757
-0.019559
-0.035954
-0.070597
-0.048238
-0.089531
-0.089897
-0.086813
-0.106212
-0.099069
-0.102233
-0.080261
-0.089945
-0.084488
-0.077544
-0.092250
-0.076226
-0.097829
-0.083174
-0.099909
-0.095180
-0.101729
-0.106647
-0.108083
-0.109813
-0.107057
-0.112650
-0.103048
-0.107174
-0.104758
-0.105427
-0.104006
-0.107478
-0.105644
-0.112171
-0.111469
-0.112341
-0.112095
-0.110330
-0.110671
-0.109264
-0.109719
-0.109019
-0.109365
-0.109074
-0.109434
-0.109601
-0.109947
-0.110907
-0.110621
-0.111205
-0.111045
-0.111045
-0.111265
-0.110922
-0.111077
-0.110906
-0.110947
-0.111103
-0.111104
-0.111249
-0.111243
-0.111373
-0.111363
-0.111466
-0.111524
-0.111520
-0.111583
-0.111560
-0.111578
-0.111613
-0.111572
-0.111616
-0.111582
-0.111612
-0.111637
-0.111654
-0.111684
-0.111688
-0.111717
-0.111707
-0.111729
-0.111718
-0.060550
0.009779
0.402510
0.010573
0.254074
-0.058686
0.190077
0.052349
-0.037985
0.037618
-0.066744
-0.063170
-0.083614
-0.064304
-0.050511
-0.089957
-0.058100
-0.059749
-0.104887
-0.061603
-0.108236
-0.096357
-0.109934
-0.112336
-0.115098
-0.097476
-0.102513
-0.096506
-0.108428
-0.096249
-0.103494
-0.107398
-0.101322
-0.109325
-0.107811
-0.111681
-0.106342
-0.105682
-0.115188
-0.105713
-0.107817
-0.114321
-0.107148
-0.113215
-0.110874
-0.113619
-0.114584
-0.115528
-0.112184
-0.112860
-0.111008
-0.112343
-0.111830
-0.115276
-0.114205
-0.114446
-0.114005
-0.114809
-0.114382
-0.114499
-0.113554
-0.114473
-0.113911
-0.115029
-0.114547
-0.115188
-0.114813
-0.114636
-0.114756
-0.114787
-0.114813
-0.114887
-0.114962
-0.114626
-0.114787
-0.114586
-0.114755
-0.114641
-0.114797
-0.114729
-0.114844
-0.114770
-0.114851
-0.114800
-0.114790
-0.114800
-0.114804
-0.114804
-0.114822
-0.114832
-0.114783
-0.114809
-0.114772
-0.114808
-0.114797
-0.114826
-0.114812
-0.114822
-0.114811
-0.114825
1.547467
0.865585
0.174075
0.522928
0.113773
0.089877
-0.049200
-0.026563
0.031285
-0.077239
0.003238
-0.052397
0.002762
-0.096075
-0.042975
-0.112088
-0.091671
-0.095474
-0.098545
-0.096570
-0.080744
-0.105812
-0.092899
-0.101115
-0.106432
-0.101266
-0.094091
-0.095316
-0.097765
-0.096260
-0.101700
-0.092450
-0.099838
-0.093462
-0.103178
-0.094436
-0.103713
-0.095946
-0.100496
-0.102750
-0.099888
-0.105168
-0.099355
-0.109279
-0.104007
-0.107671
-0.104871
-0.107265
-0.104859
-0.110007
-0.105929
-0.108106
-0.106563
-0.107052
-0.107621
-0.105712
-0.107780
-0.105884
-0.108059
-0.106694
-0.107854
-0.107074
-0.107586
-0.107528
-0.107635
-0.107615
-0.107818
-0.107859
-0.108146
-0.108179
-0.108146
-0.108294
-0.108275
-0.108462
-0.108430
-0.108580
-0.108520
-0.108679
-0.108611
-0.108724
-0.108691
-0.108767
-0.108767
-0.108826
-0.108849
-0.108896
-0.108920
-0.108928
-0.108962
-0.108980
-0.109009
-0.109022
-0.109040
-0.109043
-0.109072
-0.109062
-0.109085
-0.109071
-0.109090
-0.109082
0.061928
0.176020
0.255581
-0.086150
0.293126
0.027074
0.085428
-0.064527
-0.071104
-0.097022
-0.094754
-0.083061
-0.088753
-0.079456
-0.088843
-0.096086
-0.090324
-0.100050
-0.103636
-0.078313
-0.096836
-0.087371
-0.103360
-0.099952
-0.096955
-0.110200
-0.104211
-0.102271
-0.098512
-0.096451
-0.098439
-0.099394
-0.101621
-0.104356
-0.103514
-0.104267
-0.103861
-0.103522
-0.103541
-0.101730
-0.105724
-0.102468
-0.109686
-0.106251
-0.106617
-0.106878
-0.106017
-0.106628
-0.106865
-0.106199
-0.109197
-0.107219
-0.108569
-0.107510
-0.107684
-0.107698
-0.107791
-0.108046
-0.108063
-0.108451
-0.108467
-0.108421
-0.108419
-0.108325
-0.108304
-0.108538
-0.108659
-0.109010
-0.108872
-0.108972
-0.109086
-0.109016
-0.109091
-0.109101
-0.109197
-0.109247
-0.109309
-0.109354
-0.109383
-0.109400
-0.109423
-0.109445
-0.109492
-0.109528
-0.109578
-0.109583
-0.109604
-0.109637
-0.109635
-0.109658
-0.109668
-0.109691
-0.109706
-0.109719
-0.109731
-0.109737
-0.109742
-0.109746
-0.109752
-0.109755
0.051690
1.346094
1.698514
0.411409
0.668217
0.568038
0.080557
0.125556
0.029287
-0.008843
-0.002786
-0.029657
-0.044094
-0.030818
-0.056822
-0.051677
-0.040208
-0.058263
-0.006306
-0.039339
-0.048681
-0.053080
-0.104225
-0.094637
-0.078888
-0.060533
-0.092038
-0.072033
-0.097817
-0.101395
-0.107551
-0.107211
-0.107097
-0.110099
-0.107942
-0.109430
-0.108327
-0.109661
-0.108294
-0.108552
-0.108381
-0.102448
-0.098512
-0.101710
-0.095923
-0.103798
-0.105221
-0.107414
-0.100161
-0.103615
-0.099813
-0.102271
-0.103628
-0.104492
-0.104744
-0.105451
-0.105471
-0.106011
-0.105864
-0.106424
-0.106324
-0.106484
-0.106811
-0.106655
-0.107614
-0.106995
-0.107376
-0.106898
-0.106768
-0.106905
-0.107188
-0.107380
-0.107192
-0.107351
-0.107129
-0.107234
-0.107268
-0.107306
-0.107377
-0.107412
-0.107452
-0.107551
-0.107537
-0.107597
-0.107582
-0.107585
-0.107628
-0.107684
-0.107729
-0.107706
-0.107745
-0.107705
-0.107738
-0.107745
-0.107758
-0.107775
-0.107774
-0.107786
-0.107787
-0.107793
0.012280
0.059764
0.240771
0.611492
-0.046017
0.169305
0.020956
-0.004925
-0.009252
-0.101016
-0.089269
-0.102654
-0.107422
-0.098313
-0.112554
-0.077177
-0.097904
-0.087446
-0.086326
-0.106475
-0.083380
-0.110780
-0.105680
-0.106708
-0.104895
-0.107732
-0.101133
-0.111248
-0.100646
-0.109272
-0.107828
-0.109327
-0.112402
-0.114366
-0.114151
-0.114325
-0.113591
-0.114530
-0.110897
-0.114889
-0.112328
-0.110927
-0.112424
-0.111996
-0.115010
-0.113210
-0.113441
-0.113770
-0.114937
-0.112911
-0.115549
-0.113199
-0.114250
-0.113882
-0.114582
-0.114677
-0.114947
-0.114949
-0.114947
-0.114890
-0.114822
-0.114981
-0.115109
-0.115149
-0.115184
-0.115330
-0.114958
-0.115260
-0.114981
-0.114972
-0.115054
-0.115020
-0.115186
-0.115129
-0.115108
-0.115045
-0.115062
-0.115024
-0.115066
-0.115061
-0.115076
-0.115072
-0.115078
-0.115059
-0.115075
-0.115056
-0.115051
-0.115069
-0.115061
-0.115092
-0.115079
-0.115075
-0.115062
-0.115068
-0.115061
-0.115067
-0.115068
-0.115067
-0.115069
-0.115064
-1.230240
1.866653
1.733772
-3.954598
-0.115750
-0.115753
2.286759
4.148339
8.558849
-3.312030
-0.115750
-0.115754
-2.163465
1.478363
0.322030
-4.255583
-0.115749
-0.115753
0.885916
2.502373
4.353303
-3.131149
-0.115750
-0.115753
-0.164912
2.615822
3.589877
-4.125813
-0.115750
-0.115754
0.384672
3.477970
5.559827
-4.577497
-0.115750
-0.115754
6.080699
3.607256
11.269708
0.710506
-0.115750
-0.115754
1.007340
1.273179
0.011378
-0.101167
-0.112550
-0.106635
-0.113763
-0.106367
-0.113139
-0.098849
-0.061390
-0.025047
-0.080803
-0.068420
-0.108291
-0.106952
-0.112144
-0.109855
-0.112717
-0.111317
-0.111664
-0.109874
-0.097101
-0.100739
-0.101439
-0.112143
-0.112743
-0.113924
-0.114308
-0.113703
-0.115224
-0.113501
-0.113862
-0.113421
-0.105333
-0.113401
-0.109803
-0.114300
-0.113177
-0.114398
-0.113774
-0.114280
-0.114310
-0.113741
-0.114297
-0.114896
-0.110489
-0.113989
-0.114491
-0.114393
-0.114373
-0.114619
-0.114378
-0.114662
-0.114444
-0.114551
-0.114330
-0.114533
-0.113964
-0.114254
-0.114662
-0.114545
-0.114648
-0.114576
-0.114636
-0.114705
-0.114625
-0.114882
-0.114663
-0.114535
-0.114725
-0.114684
-0.114717
-0.114703
-0.114741
-0.114702
-0.114725
-0.114752
-0.114737
-0.114783
-0.114775
-0.114741
-0.114778
-0.114775
-0.114804
-0.114779
-0.114769
-0.114797
-0.114792
-0.114798
-0.114798
-0.114803
-0.114803
-0.114806
-0.114808
-0.114807
-0.114818
-0.114814
-0.114800
-0.114814
2.268688
2.881126
0.038975
-0.073301
-0.101636
-0.085007
-0.075989
-0.101300
-0.066481
-0.046919
0.012519
0.002015
-0.033189
0.013237
-0.081860
-0.099879
-0.091243
-0.107006
-0.103461
-0.102505
-0.112727
-0.089939
-0.080392
-0.112068
-0.084619
-0.100255
-0.108089
-0.113123
-0.108830
-0.112303
-0.112558
-0.109318
-0.108559
-0.105238
-0.106369
-0.106487
-0.101264
-0.109959
-0.114875
-0.111420
-0.113580
-0.113663
-0.112561
-0.114415
-0.108254
-0.112779
-0.114301
-0.112024
-0.111755
-0.113403
-0.115002
-0.113732
-0.114835
-0.114628
-0.114255
-0.115164
-0.112828
-0.114589
-0.113772
-0.114596
-0.114629
-0.115164
-0.114966
-0.115018
-0.115264
-0.114937
-0.115216
-0.115123
-0.115099
-0.115379
-0.114974
-0.114999
-0.115100
-0.115048
-0.115085
-0.115094
-0.115159
-0.115129
-0.115199
-0.115095
-0.115178
-0.115203
-0.115191
-0.115211
-0.115216
-0.115215
-0.115237
-0.115191
-0.115189
-0.115207
-0.115215
-0.115211
-0.115221
-0.115222
-0.115222
-0.115231
-0.115199
-0.115230
-0.115229
-0.115233
1.923701
0.999720
0.002982
-0.094286
-0.104476
-0.100448
-0.107053
-0.111897
-0.115448
-0.094646
-0.095237
-0.035352
-0.072280
-0.089109
-0.107896
-0.109238
-0.112057
-0.109351
-0.111671
-0.110908
-0.111254
-0.107765
-0.104736
-0.103876
-0.100385
-0.113610
-0.112652
-0.113905
-0.113219
-0.112882
-0.114173
-0.113204
-0.113524
-0.111501
-0.107091
-0.113869
-0.111048
-0.113331
-0.113057
-0.113952
-0.113291
-0.113702
-0.113937
-0.113675
-0.115006
-0.114803
-0.110973
-0.112583
-0.114628
-0.114020
-0.114078
-0.114160
-0.113949
-0.114188
-0.114075
-0.114005
-0.114087
-0.114320
-0.114002
-0.113874
-0.114223
-0.114200
-0.114276
-0.114218
-0.114253
-0.114344
-0.114328
-0.114454
-0.114276
-0.114196
-0.114372
-0.114372
-0.114374
-0.114384
-0.114408
-0.114388
-0.114393
-0.114419
-0.114419
-0.114465
-0.114450
-0.114428
-0.114453
-0.114462
-0.114478
-0.114460
-0.114456
-0.114483
-0.114485
-0.114487
-0.114489
-0.114493
-0.114494
-0.114497
-0.114500
-0.114500
-0.114513
-0.114506
-0.114496
-0.114504
0.888069
1.715613
0.049037
-0.088995
-0.107163
-0.097589
-0.094847
-0.105204
-0.085852
-0.083600
-0.020909
-0.033674
-0.096491
-0.033431
-0.095849
-0.104821
-0.102644
-0.110085
-0.109171
-0.108212
-0.114722
-0.107243
-0.089592
-0.100803
-0.100637
-0.105326
-0.112611
-0.113681
-0.112403
-0.114607
-0.113938
-0.112307
-0.112336
-0.111371
-0.106296
-0.110041
-0.106873
-0.112138
-0.114413
-0.113014
-0.114382
-0.114373
-0.113666
-0.115216
-0.112316
-0.113275
-0.111203
-0.115531
-0.113020
-0.114527
-0.114734
-0.114365
-0.114974
-0.114693
-0.114572
-0.115505
-0.114085
-0.114736
-0.113721
-0.114513
-0.114666
-0.114931
-0.114836
-0.114840
-0.114977
-0.114859
-0.115001
-0.115128
-0.114955
-0.114929
-0.114871
-0.114879
-0.114958
-0.114923
-0.114954
-0.114918
-0.114964
-0.114968
-0.115010
-0.114979
-0.115011
-0.114986
-0.115006
-0.115022
-0.115039
-0.115020
-0.115018
-0.115015
-0.115016
-0.115028
-0.115030
-0.115030
-0.115034
-0.115036
-0.115037
-0.115044
-0.115035
-0.115045
-0.115031
-0.115044
-0.084356
1.810114
-0.051008
-0.109643
-0.101933
-0.108917
-0.105633
-0.104011
-0.107518
-0.082104
-0.059476
0.010082
-0.052898
-0.056013
-0.114106
-0.108406
-0.112689
-0.111590
-0.112923
-0.111785
-0.111506
-0.105890
-0.091702
-0.099604
-0.094860
-0.109479
-0.112932
-0.113831
-0.114040
-0.113740
-0.114353
-0.113612
-0.111144
-0.113433
-0.102614
-0.115476
-0.108551
-0.114584
-0.113863
-0.115170
-0.114421
-0.114824
-0.114762
-0.114303
-0.112450
-0.114206
-0.110309
-0.113327
-0.114533
-0.115025
-0.115111
-0.115471
-0.115029
-0.115489
-0.115121
-0.114830
-0.114702
-0.114527
-0.114786
-0.114871
-0.115503
-0.115285
-0.115435
-0.115303
-0.115332
-0.115487
-0.115339
-0.115523
-0.115327
-0.115095
-0.115441
-0.115415
-0.115415
-0.115406
-0.115435
-0.115387
-0.115394
-0.115424
-0.115395
-0.115474
-0.115434
-0.115387
-0.115427
-0.115421
-0.115451
-0.115414
-0.115394
-0.115438
-0.115435
-0.115434
-0.115431
-0.115436
-0.115432
-0.115434
-0.115435
-0.115432
-0.115453
-0.115438
-0.115421
-0.115436
0.390573
2.407645
-0.027984
-0.071235
-0.098261
-0.091942
-0.080436
-0.099781
-0.068463
-0.057476
-0.006748
-0.019754
-0.081116
-0.002353
-0.076845
-0.097259
-0.092130
-0.106493
-0.102311
-0.103029
-0.111615
-0.097203
-0.082442
-0.100226
-0.092260
-0.101718
-0.110772
-0.111612
-0.110144
-0.114992
-0.111778
-0.111185
-0.111309
-0.109826
-0.105047
-0.107901
-0.101710
-0.108748
-0.112973
-0.110274
-0.113077
-0.112429
-0.111640
-0.115184
-0.109309
-0.113550
-0.110648
-0.115323
-0.111132
-0.113271
-0.113545
-0.112902
-0.114091
-0.113342
-0.113525
-0.114731
-0.112308
-0.113650
-0.112369
-0.113193
-0.113380
-0.113854
-0.113681
-0.113760
-0.113947
-0.113744
-0.114049
-0.114076
-0.113928
-0.114004
-0.113844
-0.113828
-0.113932
-0.113894
-0.113936
-0.113920
-0.113970
-0.113979
-0.114050
-0.113984
-0.114049
-0.114037
-0.114053
-0.114085
-0.114097
-0.114085
-0.114095
-0.114081
-0.114081
-0.114099
-0.114106
-0.114106
-0.114116
-0.114118
-0.114120
-0.114131
-0.114113
-0.114132
-0.114121
-0.114132
