-0.863626
3.040666
1.938502
-12.207803
-0.116838
-0.116827
0.153028
1.121100
2.779349
-3.610696
-0.116837
-0.116829
1.495381
2.042815
6.158869
-1.895673
-0.116833
-0.116836
-0.351173
0.826797
2.348533
-2.561419
-0.116833
-0.116832
-0.078027
3.721794
7.824899
-9.917700
-0.116835
-0.116833
-0.067790
1.091224
3.239367
-1.689536
-0.116831
-0.116831
9.098754
-0.116114
9.100063
9.097893
-0.116833
-0.116836
6.203143
1.780316
9.691735
2.387070
-0.116833
-0.116835
0.653157
0.533875
1.285628
0.842913
0.215947
0.795381
0.395058
0.192449
0.209643
0.163127
-0.044724
0.110706
-0.024621
0.029161
0.024008
-0.003207
-0.011694
0.044710
-0.054526
-0.035654
-0.036961
-0.100723
-0.100254
-0.108924
-0.090166
-0.083083
-0.108568
-0.069164
-0.067955
-0.095447
-0.082062
-0.082345
-0.100648
-0.085101
-0.092348
-0.092654
-0.088329
-0.089312
-0.094275
-0.080084
-0.098223
-0.094366
-0.097296
-0.107420
-0.108096
-0.106914
-0.111578
-0.101728
-0.104494
-0.100036
-0.097832
-0.103237
-0.101048
-0.101749
-0.104517
-0.102321
-0.103985
-0.103595
-0.103475
-0.104095
-0.104369
-0.103985
-0.105913
-0.105224
-0.106079
-0.105965
-0.106141
-0.106004
-0.106254
-0.105841
-0.106038
-0.105837
-0.105985
-0.106105
-0.106246
-0.106290
-0.106435
-0.106493
-0.106532
-0.106592
-0.106645
-0.106673
-0.106734
-0.106798
-0.106788
-0.106972
-0.106932
-0.107036
-0.107057
-0.107083
-0.107084
-0.107132
-0.107065
-0.107118
-0.107092
-0.107111
-0.107171
-0.107160
-0.107174
-0.107215
0.120980
0.152214
0.169090
-0.005356
0.145747
0.167946
0.282893
0.117522
0.206519
-0.036899
0.164862
-0.094002
0.098482
-0.079107
0.028728
-0.045701
-0.024996
-0.070241
-0.085314
-0.110828
-0.098529
-0.112002
-0.103349
-0.103541
-0.102091
-0.099214
-0.086257
-0.077593
-0.075418
-0.080481
-0.077978
-0.092348
-0.074530
-0.098950
-0.077472
-0.099422
-0.082063
-0.097170
-0.089406
-0.106655
-0.097136
-0.102084
-0.098512
-0.101613
-0.100177
-0.100009
-0.101759
-0.099755
-0.101028
-0.098197
-0.103867
-0.100468
-0.103182
-0.100921
-0.102293
-0.101945
-0.102560
-0.102718
-0.102440
-0.103553
-0.102959
-0.104181
-0.103495
-0.103798
-0.103949
-0.104263
-0.104412
-0.104503
-0.104747
-0.104783
-0.105030
-0.105028
-0.105257
-0.105282
-0.105317
-0.105322
-0.105409
-0.105440
-0.105532
-0.105584
-0.105643
-0.105687
-0.105785
-0.105790
-0.105910
-0.105885
-0.105949
-0.105992
-0.106050
-0.106085
-0.106114
-0.106160
-0.106172
-0.106224
-0.106218
-0.106267
-0.106237
-0.106264
-0.106221
-0.106281
1.482537
0.854147
0.415984
0.576517
0.290464
0.181662
0.346821
-0.025853
0.093503
0.075272
-0.061201
0.051384
-0.069028
-0.014692
-0.036680
-0.087707
-0.026465
-0.056541
-0.083737
-0.065331
-0.105779
-0.099380
-0.113506
-0.100267
-0.102044
-0.088284
-0.096299
-0.097916
-0.082957
-0.107721
-0.096787
-0.098834
-0.109809
-0.097450
-0.110612
-0.102002
-0.104875
-0.111306
-0.101913
-0.107370
-0.109821
-0.108323
-0.113005
-0.112939
-0.114369
-0.111124
-0.112178
-0.108785
-0.112040
-0.110891
-0.109897
-0.113635
-0.112066
-0.112990
-0.113554
-0.112580
-0.114393
-0.113048
-0.113821
-0.114422
-0.113669
-0.115126
-0.114318
-0.114781
-0.114659
-0.114850
-0.114906
-0.114830
-0.114949
-0.114829
-0.115141
-0.115089
-0.115276
-0.115313
-0.115425
-0.115464
-0.115527
-0.115613
-0.115646
-0.115748
-0.115758
-0.115853
-0.115931
-0.115940
-0.116083
-0.116070
-0.116148
-0.116194
-0.116245
-0.116296
-0.116316
-0.116374
-0.116394
-0.116478
-0.116502
-0.116543
-0.116610
-0.116624
-0.116665
-0.116701
0.092430
0.083536
0.185198
0.221580
-0.057139
0.094741
0.154422
-0.043513
0.089866
0.045262
-0.047441
0.005692
-0.071500
-0.025977
-0.034490
-0.088870
-0.058031
-0.083247
-0.101018
-0.089370
-0.112486
-0.102609
-0.104454
-0.103303
-0.111198
-0.094525
-0.101763
-0.097881
-0.100080
-0.098707
-0.101500
-0.089874
-0.109528
-0.094093
-0.101144
-0.100983
-0.094507
-0.106841
-0.097072
-0.102719
-0.106665
-0.103451
-0.108411
-0.106410
-0.107260
-0.107601
-0.107441
-0.108499
-0.107098
-0.108706
-0.109213
-0.105946
-0.109214
-0.105659
-0.108221
-0.107431
-0.107045
-0.108695
-0.106917
-0.108566
-0.107753
-0.108518
-0.108789
-0.108707
-0.108885
-0.109047
-0.109106
-0.109194
-0.109197
-0.109430
-0.109364
-0.109457
-0.109505
-0.109457
-0.109516
-0.109585
-0.109524
-0.109675
-0.109637
-0.109692
-0.109771
-0.109718
-0.109840
-0.109815
-0.109895
-0.109929
-0.109939
-0.109972
-0.110002
-0.110021
-0.110041
-0.110049
-0.110092
-0.110078
-0.110102
-0.110101
-0.110090
-0.110110
-0.110114
-0.110095
-0.067792
1.202251
1.450423
1.271910
0.278601
0.625082
0.398793
0.048139
0.163310
0.023068
-0.006150
0.015614
0.001597
-0.022397
0.024163
-0.048581
-0.004971
-0.017647
-0.089111
-0.048871
-0.086350
-0.079648
-0.102365
-0.100116
-0.089063
-0.071390
-0.100657
-0.082271
-0.082122
-0.104806
-0.092474
-0.103532
-0.103938
-0.105097
-0.105376
-0.109482
-0.102566
-0.111167
-0.105637
-0.103812
-0.112306
-0.108409
-0.107941
-0.107561
-0.112780
-0.114000
-0.108673
-0.106309
-0.112558
-0.109676
-0.110640
-0.114713
-0.112996
-0.115469
-0.115324
-0.116119
-0.116663
-0.116239
-0.116400
-0.115416
-0.116091
-0.114835
-0.114854
-0.115020
-0.114582
-0.114921
-0.115051
-0.115168
-0.114778
-0.114799
-0.115149
-0.115138
-0.115373
-0.115391
-0.115492
-0.115488
-0.115539
-0.115523
-0.115530
-0.115530
-0.115503
-0.115521
-0.115467
-0.115502
-0.115438
-0.115426
-0.115456
-0.115412
-0.115474
-0.115476
-0.115481
-0.115424
-0.115446
-0.115514
-0.115491
-0.115556
-0.115528
-0.115548
-0.115548
-0.115544
-0.049996
0.345703
0.296289
0.311823
0.176778
0.019985
0.062571
-0.052885
-0.067183
-0.036365
-0.095170
-0.065701
-0.064638
-0.094211
-0.063067
-0.085714
-0.064695
-0.073482
-0.090231
-0.083122
-0.087052
-0.092609
-0.102458
-0.108680
-0.103972
-0.096584
-0.096668
-0.110988
-0.103298
-0.102770
-0.107335
-0.101098
-0.106716
-0.104571
-0.103286
-0.108087
-0.103210
-0.105972
-0.104880
-0.104864
-0.109896
-0.107203
-0.106333
-0.107080
-0.109020
-0.110170
-0.110066
-0.109095
-0.108542
-0.110356
-0.109634
-0.108603
-0.109871
-0.108983
-0.109665
-0.109821
-0.109508
-0.110316
-0.109914
-0.110096
-0.110555
-0.110315
-0.110816
-0.110659
-0.110511
-0.110590
-0.110785
-0.110925
-0.111021
-0.111036
-0.110990
-0.111045
-0.111129
-0.111061
-0.111165
-0.111201
-0.111212
-0.111294
-0.111306
-0.111343
-0.111400
-0.111397
-0.111444
-0.111483
-0.111487
-0.111543
-0.111537
-0.111540
-0.111563
-0.111595
-0.111616
-0.111631
-0.111636
-0.111633
-0.111647
-0.111656
-0.111639
-0.111666
-0.111663
-0.111659
-1.750279
1.054719
-0.256514
-3.613917
-0.116835
-0.116837
1.392768
1.700092
4.197881
-0.964838
-0.116834
-0.116837
-1.273646
1.606811
1.149085
-3.678480
-0.116834
-0.116837
1.302628
3.369517
6.290549
-3.633519
-0.116834
-0.116837
1.048100
3.720608
6.339212
-4.544819
-0.116834
-0.116837
-0.336731
4.099593
5.545020
-6.528611
-0.116834
-0.116837
5.431185
2.292243
8.799951
1.897686
-0.116834
-0.116837
1.525371
0.703915
-0.016242
-0.106611
-0.110931
-0.111978
-0.111958
-0.112594
-0.112050
-0.097246
-0.055861
-0.112907
-0.074042
-0.109370
-0.115435
-0.116207
-0.116571
-0.116216
-0.116403
-0.116177
-0.113059
-0.104317
-0.114552
-0.106393
-0.115554
-0.115771
-0.116073
-0.116235
-0.116420
-0.116509
-0.116513
-0.115454
-0.112424
-0.114954
-0.111915
-0.116639
-0.116095
-0.116209
-0.116259
-0.116358
-0.116321
-0.116256
-0.115831
-0.114965
-0.115576
-0.114326
-0.116599
-0.116517
-0.116443
-0.116405
-0.116392
-0.116352
-0.116302
-0.116136
-0.115941
-0.116372
-0.115977
-0.116396
-0.116480
-0.116436
-0.116417
-0.116402
-0.116395
-0.116384
-0.116353
-0.116276
-0.116494
-0.116448
-0.116351
-0.116411
-0.116408
-0.116405
-0.116404
-0.116405
-0.116405
-0.116405
-0.116391
-0.116410
-0.116426
-0.116391
-0.116415
-0.116419
-0.116417
-0.116417
-0.116417
-0.116418
-0.116417
-0.116415
-0.116411
-0.116435
-0.116429
-0.116420
-0.116426
-0.116426
-0.116426
-0.116426
-0.116426
-0.116426
-0.116423
-0.116429
1.403024
1.159619
-0.024843
-0.108896
-0.108023
-0.112775
-0.113174
-0.112335
-0.112824
-0.097954
-0.025087
-0.106969
-0.047087
-0.111091
-0.115869
-0.114933
-0.115329
-0.115579
-0.115881
-0.116514
-0.113007
-0.097900
-0.112422
-0.099567
-0.116783
-0.115412
-0.115599
-0.115519
-0.115859
-0.115744
-0.116018
-0.114794
-0.109060
-0.114645
-0.109796
-0.115848
-0.115558
-0.115891
-0.115783
-0.116025
-0.115840
-0.115914
-0.115285
-0.113010
-0.115932
-0.113966
-0.115938
-0.116082
-0.116269
-0.116218
-0.116279
-0.116199
-0.116190
-0.116014
-0.115564
-0.116232
-0.115738
-0.116374
-0.116421
-0.116400
-0.116393
-0.116375
-0.116373
-0.116360
-0.116365
-0.116422
-0.116232
-0.116201
-0.116458
-0.116393
-0.116383
-0.116388
-0.116382
-0.116387
-0.116385
-0.116392
-0.116403
-0.116344
-0.116383
-0.116392
-0.116395
-0.116398
-0.116398
-0.116399
-0.116399
-0.116400
-0.116400
-0.116401
-0.116408
-0.116390
-0.116383
-0.116418
-0.116412
-0.116410
-0.116410
-0.116410
-0.116411
-0.116411
-0.116415
-0.116409
1.031871
1.094293
-0.094072
-0.080457
-0.092742
-0.097086
-0.111907
-0.105283
-0.106553
-0.109600
-0.029581
-0.103518
-0.047442
-0.109683
-0.109651
-0.110316
-0.109583
-0.112543
-0.111792
-0.111878
-0.110673
-0.096094
-0.110060
-0.096738
-0.114168
-0.114333
-0.113848
-0.113230
-0.113555
-0.113735
-0.113546
-0.112381
-0.106268
-0.114062
-0.108493
-0.115096
-0.115101
-0.114910
-0.114788
-0.114486
-0.114759
-0.114678
-0.114214
-0.111696
-0.116008
-0.114697
-0.114669
-0.114901
-0.115065
-0.115200
-0.115102
-0.115216
-0.115284
-0.115385
-0.115297
-0.115383
-0.116027
-0.115094
-0.115256
-0.115363
-0.115434
-0.115469
-0.115491
-0.115539
-0.115610
-0.115769
-0.115471
-0.115596
-0.115609
-0.115608
-0.115639
-0.115660
-0.115685
-0.115692
-0.115709
-0.115726
-0.115750
-0.115741
-0.115735
-0.115799
-0.115753
-0.115770
-0.115783
-0.115792
-0.115799
-0.115805
-0.115813
-0.115823
-0.115840
-0.115808
-0.115823
-0.115827
-0.115830
-0.115835
-0.115838
-0.115841
-0.115842
-0.115844
-0.115850
-0.115839
1.305249
2.329704
-0.095824
-0.085425
-0.092941
-0.095985
-0.099368
-0.100274
-0.100080
-0.097209
0.075799
-0.110098
0.007221
-0.103008
-0.106181
-0.107207
-0.107625
-0.108072
-0.107912
-0.107418
-0.105311
-0.069785
-0.112328
-0.083745
-0.112080
-0.112885
-0.112627
-0.112430
-0.112258
-0.111937
-0.111443
-0.109944
-0.096259
-0.113806
-0.100944
-0.116597
-0.115516
-0.114980
-0.114720
-0.114521
-0.114374
-0.114184
-0.113576
-0.108483
-0.114104
-0.110270
-0.114466
-0.114777
-0.114901
-0.114975
-0.115037
-0.115131
-0.115248
-0.115440
-0.115589
-0.114668
-0.115361
-0.114564
-0.114951
-0.115099
-0.115197
-0.115276
-0.115349
-0.115422
-0.115522
-0.115805
-0.115367
-0.115753
-0.115311
-0.115498
-0.115548
-0.115588
-0.115623
-0.115652
-0.115680
-0.115706
-0.115722
-0.115813
-0.115735
-0.115802
-0.115749
-0.115785
-0.115804
-0.115819
-0.115832
-0.115845
-0.115857
-0.115872
-0.115901
-0.115861
-0.115905
-0.115851
-0.115876
-0.115885
-0.115891
-0.115896
-0.115899
-0.115901
-0.115906
-0.115895
1.049345
2.576510
-0.056524
-0.099382
-0.104891
-0.107287
-0.108479
-0.108644
-0.107683
-0.096184
0.091642
-0.113256
0.019696
-0.103593
-0.108357
-0.110217
-0.111026
-0.111367
-0.111325
-0.110786
-0.107689
-0.068896
-0.115083
-0.082889
-0.111558
-0.113727
-0.114139
-0.114157
-0.114021
-0.113741
-0.113203
-0.111393
-0.096661
-0.116144
-0.101699
-0.114616
-0.116186
-0.116243
-0.115940
-0.115668
-0.115391
-0.115018
-0.114032
-0.107986
-0.115710
-0.110446
-0.115424
-0.116169
-0.116296
-0.116248
-0.116193
-0.116148
-0.116098
-0.115920
-0.114590
-0.115778
-0.115204
-0.115785
-0.116061
-0.116147
-0.116195
-0.116235
-0.116274
-0.116321
-0.116395
-0.116632
-0.116109
-0.116502
-0.116118
-0.116339
-0.116370
-0.116398
-0.116424
-0.116448
-0.116471
-0.116500
-0.116552
-0.116455
-0.116564
-0.116479
-0.116580
-0.116584
-0.116597
-0.116611
-0.116624
-0.116638
-0.116652
-0.116664
-0.116688
-0.116664
-0.116690
-0.116692
-0.116710
-0.116721
-0.116730
-0.116738
-0.116745
-0.116752
-0.116753
-0.116767
0.126904
2.851541
-0.022088
-0.104016
-0.107776
-0.109981
-0.110785
-0.110892
-0.109088
-0.085623
0.105577
-0.101344
0.039456
-0.112590
-0.110437
-0.112237
-0.113055
-0.113355
-0.113326
-0.112631
-0.107272
-0.068503
-0.109724
-0.078059
-0.114362
-0.113980
-0.114806
-0.115077
-0.115125
-0.115026
-0.114597
-0.112406
-0.097965
-0.111737
-0.099329
-0.115160
-0.115529
-0.116058
-0.116174
-0.116154
-0.116064
-0.115817
-0.114820
-0.108916
-0.113405
-0.108897
-0.115851
-0.116416
-0.116761
-0.116756
-0.116688
-0.116655
-0.116623
-0.116416
-0.114870
-0.115321
-0.114466
-0.116364
-0.116603
-0.116594
-0.116595
-0.116602
-0.116616
-0.116645
-0.116715
-0.116605
-0.116261
-0.116312
-0.116461
-0.116631
-0.116630
-0.116638
-0.116647
-0.116656
-0.116666
-0.116678
-0.116704
-0.116647
-0.116669
-0.116589
-0.116735
-0.116722
-0.116721
-0.116725
-0.116730
-0.116735
-0.116743
-0.116753
-0.116775
-0.116697
-0.116700
-0.116776
-0.116770
-0.116768
-0.116769
-0.116772
-0.116774
-0.116778
-0.116786
-0.116775
