-1.373963
2.737569
6.012373
-10.662443
-0.109419
-0.109414
-0.267534
1.355091
3.410420
-5.678937
-0.109421
-0.109409
1.039828
1.847991
5.705976
-4.787918
-0.109418
-0.109415
-0.043225
1.255957
3.293289
-3.823000
-0.109418
-0.109416
0.015233
3.338716
6.985026
-11.814133
-0.109420
-0.109411
-0.182162
1.244968
3.395276
-2.941947
-0.109417
-0.109418
9.544947
-0.108932
9.545984
9.544198
-0.109417
-0.109419
5.456400
1.033553
7.201347
2.582696
-0.109419
-0.109417
1.151349
0.261864
0.810610
0.400049
0.706746
0.295088
0.750334
0.392382
0.493231
0.334339
0.305694
0.113678
0.097758
-0.054476
0.010790
0.021542
-0.052515
0.018708
-0.095753
-0.036353
-0.032470
-0.047430
0.021575
-0.039037
0.009846
-0.038139
-0.013050
-0.043264
-0.070577
-0.065130
-0.087428
-0.101720
-0.099905
-0.098619
-0.095477
-0.100644
-0.078255
-0.091753
-0.070129
-0.071911
-0.082497
-0.068890
-0.089192
-0.081315
-0.095764
-0.093863
-0.093368
-0.105981
-0.092522
-0.098603
-0.098718
-0.095573
-0.103943
-0.094814
-0.091224
-0.096535
-0.092858
-0.094663
-0.096606
-0.093521
-0.103819
-0.097131
-0.108307
-0.103744
-0.106449
-0.107901
-0.107844
-0.104717
-0.106881
-0.101842
-0.103235
-0.100021
-0.104677
-0.102798
-0.107122
-0.106233
-0.106280
-0.105242
-0.107489
-0.106311
-0.106105
-0.107251
-0.105409
-0.107398
-0.106798
-0.105965
-0.106441
-0.106327
-0.107228
-0.108468
-0.108453
-0.108092
-0.107122
-0.107349
-0.107391
-0.107186
-0.107449
-0.107043
-0.107285
-0.107404
0.046904
0.052236
0.375349
-0.058533
0.348781
0.045799
0.203604
0.104251
0.155314
0.223273
0.089409
0.146151
-0.035501
0.120079
-0.082542
0.016921
-0.026221
-0.041590
-0.025580
-0.020793
-0.023843
-0.019480
-0.056407
-0.017680
-0.089444
-0.059017
-0.074420
-0.080833
-0.082798
-0.094172
-0.094292
-0.105217
-0.105339
-0.104992
-0.103318
-0.100148
-0.095736
-0.097385
-0.095224
-0.098237
-0.084552
-0.093793
-0.086595
-0.093346
-0.093909
-0.088405
-0.098509
-0.094058
-0.101143
-0.100980
-0.095779
-0.107011
-0.090827
-0.102186
-0.096123
-0.098176
-0.100489
-0.100869
-0.101681
-0.102945
-0.107481
-0.104006
-0.108107
-0.106907
-0.108494
-0.109100
-0.109130
-0.107094
-0.108916
-0.105783
-0.108373
-0.106071
-0.104963
-0.107990
-0.105344
-0.107263
-0.105898
-0.107514
-0.106386
-0.108435
-0.107638
-0.107940
-0.107947
-0.108137
-0.107254
-0.108857
-0.107859
-0.108625
-0.108314
-0.108585
-0.108623
-0.109081
-0.108856
-0.109106
-0.108889
-0.108906
-0.109069
-0.108928
-0.109101
-0.108997
1.032243
0.482256
0.083150
0.745493
0.036572
0.506816
0.080618
0.203430
0.218149
0.008143
0.154947
-0.053902
0.018577
-0.047560
-0.046998
-0.011871
-0.076260
-0.027946
-0.095208
-0.059807
-0.080133
-0.067148
-0.046942
-0.068599
-0.069091
-0.064753
-0.088048
-0.061213
-0.084830
-0.077612
-0.100075
-0.100890
-0.107435
-0.107812
-0.102086
-0.095394
-0.096302
-0.095498
-0.088222
-0.097697
-0.090380
-0.096786
-0.097427
-0.096688
-0.099299
-0.104015
-0.099901
-0.103534
-0.102826
-0.103906
-0.103972
-0.105587
-0.106918
-0.100841
-0.105174
-0.099379
-0.106115
-0.101902
-0.101490
-0.104995
-0.100568
-0.105428
-0.104660
-0.106920
-0.109117
-0.108638
-0.108503
-0.107435
-0.107027
-0.107985
-0.103624
-0.108839
-0.104688
-0.107456
-0.108184
-0.105599
-0.107722
-0.106457
-0.106825
-0.107997
-0.107499
-0.107798
-0.108893
-0.107953
-0.107858
-0.108104
-0.107669
-0.107144
-0.107956
-0.107191
-0.108216
-0.107814
-0.107279
-0.107915
-0.107426
-0.108053
-0.107821
-0.107794
-0.107971
-0.107790
-0.044338
0.206111
0.340436
0.505761
0.070388
0.225390
0.023627
0.039736
-0.099208
0.036597
-0.059657
0.006676
-0.046242
-0.035344
-0.063881
-0.080115
-0.082695
-0.083249
-0.059019
-0.088423
-0.063022
-0.087012
-0.077301
-0.088976
-0.091209
-0.096679
-0.079444
-0.087226
-0.092710
-0.090054
-0.106487
-0.100035
-0.100722
-0.102961
-0.094523
-0.094857
-0.099221
-0.099370
-0.104325
-0.100801
-0.101283
-0.097885
-0.106534
-0.098462
-0.107655
-0.101556
-0.108721
-0.105329
-0.104555
-0.104755
-0.104484
-0.106306
-0.104036
-0.106869
-0.103221
-0.108064
-0.104055
-0.109001
-0.102555
-0.107458
-0.105709
-0.107313
-0.106979
-0.106050
-0.106329
-0.108530
-0.106276
-0.106788
-0.108506
-0.108078
-0.107679
-0.108575
-0.106514
-0.108443
-0.107301
-0.107970
-0.107483
-0.107582
-0.108315
-0.107733
-0.108391
-0.108814
-0.108024
-0.108664
-0.108679
-0.108170
-0.108515
-0.107978
-0.108245
-0.108202
-0.107923
-0.108420
-0.108094
-0.108572
-0.108271
-0.108271
-0.108679
-0.108387
-0.108425
-0.108465
0.018969
1.215345
0.427993
0.302485
1.194472
0.171374
0.799192
0.493319
0.364292
0.371887
0.155006
0.160428
0.005038
0.058841
-0.004692
-0.021772
-0.019270
-0.070766
-0.019751
-0.067940
-0.030491
-0.057795
-0.022721
-0.038396
-0.022846
-0.051861
-0.019176
-0.070310
-0.052148
-0.077680
-0.105096
-0.087174
-0.103065
-0.103502
-0.099180
-0.096477
-0.072844
-0.092675
-0.086726
-0.076786
-0.091726
-0.079165
-0.092989
-0.088543
-0.100943
-0.092841
-0.105660
-0.098539
-0.104820
-0.104009
-0.102344
-0.104842
-0.099481
-0.105977
-0.095924
-0.100934
-0.095294
-0.098262
-0.096219
-0.099169
-0.104617
-0.101599
-0.105759
-0.103695
-0.106197
-0.108783
-0.107263
-0.104231
-0.103692
-0.104037
-0.107401
-0.103911
-0.106342
-0.105149
-0.104847
-0.106018
-0.105435
-0.106375
-0.107261
-0.106853
-0.108363
-0.108349
-0.108373
-0.108648
-0.108770
-0.107594
-0.107982
-0.107184
-0.107103
-0.106884
-0.107270
-0.108083
-0.108285
-0.108641
-0.107693
-0.108101
-0.108132
-0.108061
-0.108096
-0.107513
-0.046766
0.143140
0.108203
0.543948
0.301417
0.037349
0.127447
-0.017567
0.059568
-0.040300
0.061483
-0.024613
0.024613
-0.018149
-0.032041
-0.028305
-0.056521
-0.051427
-0.072458
-0.053572
-0.084946
-0.055160
-0.081576
-0.080471
-0.081004
-0.098648
-0.082529
-0.104580
-0.076258
-0.093705
-0.104191
-0.107802
-0.107362
-0.101696
-0.099553
-0.091651
-0.103254
-0.099872
-0.105779
-0.100703
-0.104864
-0.100515
-0.099663
-0.103747
-0.096114
-0.105206
-0.099770
-0.102318
-0.105203
-0.104618
-0.103696
-0.105230
-0.103752
-0.101085
-0.106973
-0.102154
-0.105788
-0.105773
-0.105695
-0.106567
-0.105002
-0.107949
-0.107202
-0.107698
-0.107094
-0.106240
-0.106567
-0.106897
-0.107365
-0.107096
-0.107788
-0.106940
-0.107898
-0.108184
-0.108195
-0.106975
-0.108127
-0.107450
-0.107114
-0.108932
-0.107823
-0.107939
-0.109012
-0.107999
-0.107781
-0.108772
-0.107718
-0.107917
-0.108605
-0.108009
-0.108277
-0.108569
-0.108523
-0.108389
-0.108376
-0.108194
-0.108254
-0.108149
-0.108183
-0.108384
-1.114653
0.839672
0.103586
-2.788413
-0.109418
-0.109420
1.441065
1.563482
4.118427
-0.842774
-0.109417
-0.109420
-1.083673
0.904277
0.584058
-2.277242
-0.109417
-0.109420
1.115701
2.864832
5.026598
-3.586757
-0.109418
-0.109420
0.638410
3.981042
6.028515
-5.634587
-0.109418
-0.109420
0.281729
4.082582
5.560488
-6.369087
-0.109418
-0.109420
3.999864
3.187576
8.816936
-0.713236
-0.109417
-0.109420
0.890513
0.527578
0.090654
-0.058232
-0.106511
-0.104802
-0.105608
-0.104809
-0.107131
-0.103540
-0.106805
-0.105598
-0.107752
-0.106582
-0.090222
-0.081818
-0.087556
-0.092443
-0.094647
-0.099208
-0.107880
-0.107534
-0.108782
-0.108150
-0.109149
-0.108003
-0.108612
-0.108211
-0.108804
-0.107335
-0.107303
-0.105684
-0.101302
-0.108783
-0.105840
-0.106133
-0.108286
-0.108739
-0.108875
-0.108912
-0.109120
-0.109200
-0.108827
-0.109094
-0.108735
-0.108755
-0.108503
-0.107944
-0.106461
-0.107393
-0.107976
-0.107976
-0.108784
-0.108828
-0.109249
-0.108967
-0.109372
-0.109127
-0.109195
-0.109033
-0.109157
-0.108970
-0.108751
-0.109021
-0.108909
-0.107722
-0.109050
-0.109251
-0.108902
-0.109192
-0.109190
-0.109170
-0.109197
-0.109207
-0.109273
-0.109188
-0.109258
-0.109145
-0.109295
-0.109041
-0.109171
-0.109056
-0.109116
-0.109108
-0.109142
-0.109265
-0.109202
-0.109250
-0.109192
-0.109244
-0.109218
-0.109243
-0.109218
-0.109246
-0.109199
-0.109245
-0.109272
-0.109261
-0.109168
-0.109246
1.431563
1.055679
0.082295
-0.087857
-0.099506
-0.104510
-0.100806
-0.101986
-0.101349
-0.099839
-0.106204
-0.106336
-0.103324
-0.103257
-0.093604
-0.058857
-0.072135
-0.080202
-0.085736
-0.103691
-0.104585
-0.107492
-0.107327
-0.108725
-0.106534
-0.107869
-0.108517
-0.108615
-0.107538
-0.108302
-0.106198
-0.103505
-0.095894
-0.108418
-0.101690
-0.107503
-0.107785
-0.109199
-0.108763
-0.109257
-0.108759
-0.109131
-0.109081
-0.109045
-0.109350
-0.108727
-0.108718
-0.107531
-0.103855
-0.105709
-0.106604
-0.108133
-0.108685
-0.109142
-0.108950
-0.108993
-0.108877
-0.109222
-0.109117
-0.108950
-0.109000
-0.108738
-0.109335
-0.107966
-0.107725
-0.107283
-0.108732
-0.108249
-0.109077
-0.108787
-0.108955
-0.108905
-0.108977
-0.109019
-0.109002
-0.109058
-0.109015
-0.109128
-0.108973
-0.109225
-0.108839
-0.108434
-0.108921
-0.108850
-0.108951
-0.108970
-0.108984
-0.108985
-0.109008
-0.108976
-0.109025
-0.109013
-0.109007
-0.109007
-0.109000
-0.109043
-0.108981
-0.108954
-0.109128
-0.109022
0.867797
0.589814
0.025272
-0.100857
-0.081031
-0.094525
-0.096522
-0.098775
-0.095305
-0.101848
-0.096175
-0.103010
-0.098170
-0.101764
-0.101758
-0.072739
-0.094043
-0.093134
-0.089872
-0.106115
-0.103544
-0.106508
-0.105277
-0.106365
-0.105903
-0.106174
-0.105838
-0.106732
-0.105555
-0.106416
-0.105743
-0.105508
-0.100782
-0.107176
-0.105855
-0.105884
-0.108463
-0.106868
-0.108204
-0.107210
-0.107992
-0.107218
-0.107992
-0.107008
-0.108250
-0.106874
-0.108339
-0.106881
-0.104992
-0.106693
-0.106284
-0.107917
-0.107165
-0.108074
-0.107493
-0.107904
-0.107656
-0.107967
-0.107661
-0.108010
-0.107675
-0.108021
-0.107553
-0.108211
-0.108326
-0.106601
-0.107843
-0.108136
-0.107764
-0.108006
-0.107874
-0.108037
-0.107921
-0.108038
-0.107973
-0.108052
-0.107962
-0.108117
-0.107971
-0.108137
-0.107999
-0.108107
-0.107825
-0.107891
-0.108079
-0.107969
-0.108093
-0.108019
-0.108070
-0.108045
-0.108083
-0.108056
-0.108095
-0.108056
-0.108110
-0.108036
-0.108165
-0.108125
-0.108065
-0.108092
1.099494
1.959867
0.099419
-0.005691
0.011254
-0.027832
-0.028044
-0.048303
-0.046345
-0.060877
-0.055324
-0.066273
-0.054751
-0.059917
-0.025754
-0.006169
-0.066325
-0.041793
-0.068169
-0.086929
-0.085997
-0.091771
-0.090239
-0.093253
-0.090988
-0.093586
-0.090720
-0.093798
-0.089615
-0.093157
-0.084761
-0.090113
-0.105788
-0.096428
-0.090725
-0.101534
-0.101352
-0.098962
-0.100902
-0.098591
-0.100762
-0.098522
-0.100828
-0.098426
-0.101070
-0.098030
-0.101022
-0.093052
-0.093131
-0.095393
-0.091427
-0.101576
-0.098676
-0.101201
-0.099542
-0.100942
-0.099965
-0.100851
-0.100217
-0.100789
-0.100486
-0.100748
-0.100977
-0.099652
-0.099592
-0.102473
-0.100344
-0.100067
-0.101023
-0.101028
-0.101099
-0.101299
-0.101209
-0.101510
-0.101345
-0.101714
-0.101467
-0.101972
-0.101610
-0.102555
-0.101101
-0.101279
-0.101223
-0.100843
-0.101548
-0.101441
-0.101719
-0.101619
-0.101827
-0.101720
-0.101854
-0.101783
-0.101882
-0.101826
-0.101917
-0.101897
-0.102089
-0.101925
-0.102125
-0.101983
0.647157
2.753729
0.177760
-0.057326
-0.048144
-0.082204
-0.068313
-0.090670
-0.074797
-0.093493
-0.075929
-0.094363
-0.070916
-0.091214
-0.042148
0.018420
-0.086790
-0.035973
-0.034933
-0.100468
-0.088221
-0.105065
-0.096226
-0.104858
-0.098475
-0.104476
-0.098716
-0.103991
-0.096937
-0.102565
-0.089035
-0.099631
-0.096235
-0.105443
-0.083195
-0.101970
-0.103741
-0.104213
-0.106259
-0.104219
-0.106862
-0.104001
-0.107126
-0.103640
-0.107649
-0.102786
-0.108468
-0.098221
-0.096951
-0.101544
-0.094787
-0.107399
-0.103093
-0.106780
-0.104025
-0.106208
-0.104382
-0.105945
-0.104577
-0.105781
-0.104656
-0.105526
-0.104267
-0.102992
-0.105517
-0.105631
-0.105813
-0.103816
-0.104894
-0.105214
-0.105217
-0.105533
-0.105334
-0.105698
-0.105416
-0.105849
-0.105490
-0.106072
-0.105586
-0.106696
-0.104918
-0.105485
-0.104925
-0.104693
-0.105744
-0.105314
-0.105738
-0.105493
-0.105770
-0.105593
-0.105774
-0.105630
-0.105784
-0.105652
-0.105810
-0.105594
-0.106000
-0.105798
-0.105933
-0.105866
0.305149
2.826323
0.263113
-0.088143
-0.079713
-0.102049
-0.087174
-0.104420
-0.089966
-0.104907
-0.090163
-0.105393
-0.086119
-0.107816
-0.081410
0.012568
-0.028830
-0.028790
-0.041882
-0.103986
-0.096352
-0.108218
-0.101223
-0.107549
-0.102544
-0.107170
-0.102610
-0.106918
-0.101255
-0.106184
-0.095645
-0.097298
-0.082670
-0.107903
-0.086050
-0.103295
-0.104726
-0.106065
-0.107152
-0.106139
-0.108035
-0.105959
-0.108568
-0.105628
-0.109191
-0.104651
-0.107331
-0.103408
-0.096929
-0.101229
-0.099266
-0.107249
-0.104919
-0.108564
-0.105989
-0.107948
-0.106346
-0.107644
-0.106539
-0.107362
-0.106641
-0.106858
-0.106377
-0.104094
-0.105382
-0.106673
-0.107690
-0.105008
-0.106968
-0.106855
-0.107066
-0.107220
-0.107103
-0.107391
-0.107131
-0.107525
-0.107148
-0.107719
-0.107020
-0.108551
-0.106789
-0.106397
-0.106914
-0.106852
-0.107517
-0.107108
-0.107398
-0.107207
-0.107470
-0.107272
-0.107434
-0.107309
-0.107428
-0.107325
-0.107448
-0.107282
-0.107397
-0.107322
-0.107702
-0.107454
