-1.486281
2.760935
2.197612
-12.468687
-0.112151
-0.112139
-0.296546
1.999156
6.275944
-5.453697
-0.112146
-0.112144
0.883415
1.782353
3.609372
-4.114954
-0.112148
-0.112148
-0.067071
1.636407
5.149941
-2.474113
-0.112144
-0.112143
-0.232759
3.046015
5.516602
-7.811516
-0.112148
-0.112147
-0.320283
1.638170
2.680617
-5.343451
-0.112148
-0.112146
9.370609
-0.111841
9.371253
9.370080
-0.112146
-0.112147
5.937930
1.292338
8.549661
2.352585
-0.112148
-0.112148
1.260490
0.483075
1.120040
-0.025900
0.591103
0.618767
0.324261
0.456231
0.179141
0.323531
0.133089
0.194918
0.109472
0.131686
0.041100
0.086176
0.001348
0.055527
-0.054467
0.024406
-0.062763
-0.059739
-0.078170
-0.080242
-0.102970
-0.105767
-0.074539
-0.096589
-0.068223
-0.078364
-0.058376
-0.073503
-0.069063
-0.072755
-0.074439
-0.081091
-0.079824
-0.083876
-0.081971
-0.092892
-0.084722
-0.097303
-0.092489
-0.100850
-0.102904
-0.106522
-0.103507
-0.108996
-0.104378
-0.103402
-0.103803
-0.099095
-0.099755
-0.102187
-0.097801
-0.103306
-0.100326
-0.104730
-0.102974
-0.105273
-0.105437
-0.106338
-0.106475
-0.107055
-0.107769
-0.107916
-0.108413
-0.108438
-0.108890
-0.108851
-0.108239
-0.108716
-0.108649
-0.108668
-0.109032
-0.108809
-0.109143
-0.109036
-0.109564
-0.109463
-0.109790
-0.109860
-0.110021
-0.110119
-0.110242
-0.110398
-0.110487
-0.110614
-0.110713
-0.110822
-0.110913
-0.111011
-0.111101
-0.111194
-0.111266
-0.111350
-0.111407
-0.111469
-0.111505
-0.111535
0.074294
0.156231
0.557254
0.678170
0.282910
0.458471
0.031123
0.392488
0.189810
0.176554
0.084482
-0.039749
-0.050706
-0.048520
0.000378
-0.025131
0.050566
-0.016060
-0.030427
-0.029602
-0.069100
-0.053432
-0.074925
-0.103758
-0.104226
-0.106872
-0.086122
-0.082295
-0.086022
-0.079775
-0.095531
-0.063240
-0.105486
-0.068224
-0.099950
-0.100552
-0.099473
-0.109554
-0.092556
-0.097588
-0.082973
-0.102895
-0.094842
-0.100735
-0.104995
-0.097121
-0.108945
-0.106407
-0.107994
-0.107764
-0.108342
-0.107261
-0.101974
-0.109466
-0.101888
-0.108134
-0.104091
-0.109613
-0.107483
-0.108814
-0.109129
-0.107892
-0.110198
-0.107006
-0.110743
-0.109405
-0.109201
-0.109540
-0.108847
-0.109674
-0.108849
-0.109828
-0.109662
-0.109687
-0.109551
-0.109664
-0.109769
-0.109566
-0.109938
-0.109788
-0.110123
-0.109738
-0.109980
-0.109873
-0.109902
-0.109989
-0.109924
-0.110078
-0.109929
-0.110023
-0.109976
-0.110005
-0.110019
-0.110011
-0.110046
-0.110022
-0.110038
-0.110032
-0.110037
-0.110040
0.867709
0.477448
0.526520
0.647547
0.348369
0.153415
0.088813
0.124681
0.094378
-0.014930
-0.023708
-0.067874
-0.100757
-0.062814
-0.050568
-0.084014
-0.019873
-0.079770
-0.058973
-0.092886
-0.049645
-0.098558
-0.072482
-0.100131
-0.095998
-0.101081
-0.107179
-0.083635
-0.096558
-0.096926
-0.097469
-0.089880
-0.100605
-0.098310
-0.102105
-0.105440
-0.104471
-0.100665
-0.101846
-0.096695
-0.102273
-0.098166
-0.107069
-0.100468
-0.103054
-0.101343
-0.108381
-0.106045
-0.105720
-0.106025
-0.104844
-0.109996
-0.105003
-0.107248
-0.104723
-0.109134
-0.105404
-0.108139
-0.106594
-0.106778
-0.106410
-0.106742
-0.107026
-0.106644
-0.107499
-0.107427
-0.107340
-0.107205
-0.107682
-0.107547
-0.107608
-0.107794
-0.107804
-0.107740
-0.107843
-0.107647
-0.108001
-0.107652
-0.107967
-0.107786
-0.108013
-0.107843
-0.107932
-0.107964
-0.107936
-0.108011
-0.107985
-0.108071
-0.108009
-0.108065
-0.108051
-0.108073
-0.108079
-0.108090
-0.108105
-0.108099
-0.108111
-0.108108
-0.108114
-0.108113
-0.057414
0.216190
0.512643
0.598441
0.189101
0.377696
0.028879
0.199464
-0.033970
0.037167
-0.055494
-0.024474
-0.073788
-0.043263
-0.079881
-0.042989
-0.058515
-0.040532
-0.072555
-0.049070
-0.073343
-0.080567
-0.069570
-0.092234
-0.092864
-0.093558
-0.085014
-0.100723
-0.075179
-0.107990
-0.087472
-0.106938
-0.095266
-0.104551
-0.100712
-0.107948
-0.102821
-0.108319
-0.102862
-0.109325
-0.099234
-0.108896
-0.102337
-0.106594
-0.105237
-0.102244
-0.110142
-0.105216
-0.107496
-0.107925
-0.104312
-0.106413
-0.107008
-0.106558
-0.110498
-0.107590
-0.111194
-0.107526
-0.109963
-0.108619
-0.109687
-0.108926
-0.109805
-0.108921
-0.110132
-0.109026
-0.110314
-0.109166
-0.110125
-0.109225
-0.109508
-0.109851
-0.109696
-0.109788
-0.109861
-0.109620
-0.109912
-0.109869
-0.109888
-0.109919
-0.109867
-0.109958
-0.109878
-0.109989
-0.109968
-0.109996
-0.110005
-0.110010
-0.110032
-0.110038
-0.110051
-0.110059
-0.110068
-0.110075
-0.110084
-0.110088
-0.110096
-0.110095
-0.110100
-0.110099
-0.004089
1.512098
0.714938
0.542720
0.744978
0.422657
0.116003
0.101356
0.001315
0.003110
-0.018564
-0.037569
-0.037804
-0.055345
-0.041920
-0.050861
-0.069423
-0.037361
-0.071007
-0.011379
-0.066170
-0.044745
-0.081212
-0.092801
-0.094700
-0.065208
-0.078703
-0.087394
-0.083307
-0.102088
-0.099710
-0.101822
-0.095970
-0.100219
-0.099171
-0.098452
-0.101138
-0.097103
-0.101535
-0.101109
-0.097120
-0.104954
-0.097306
-0.102240
-0.102397
-0.107211
-0.106293
-0.104832
-0.101497
-0.101112
-0.102267
-0.103001
-0.107669
-0.105638
-0.106653
-0.104316
-0.106608
-0.105072
-0.105559
-0.106196
-0.105494
-0.106164
-0.105956
-0.106083
-0.106380
-0.106108
-0.106550
-0.106716
-0.107014
-0.106940
-0.106984
-0.106917
-0.106600
-0.106951
-0.107106
-0.107252
-0.107077
-0.107270
-0.107028
-0.107153
-0.107170
-0.107272
-0.107316
-0.107308
-0.107379
-0.107355
-0.107411
-0.107424
-0.107462
-0.107482
-0.107500
-0.107521
-0.107537
-0.107550
-0.107562
-0.107573
-0.107582
-0.107589
-0.107593
-0.107596
0.106990
0.320557
0.770185
0.279083
0.195070
0.042312
0.108022
0.224071
0.002943
0.120645
-0.018725
-0.034055
-0.017395
-0.078782
-0.015458
-0.057278
-0.058117
-0.040361
-0.086578
-0.074251
-0.071569
-0.106162
-0.064091
-0.087475
-0.097178
-0.091807
-0.093381
-0.101707
-0.097190
-0.104445
-0.086773
-0.094128
-0.083918
-0.099985
-0.093641
-0.109279
-0.095675
-0.101236
-0.098514
-0.100040
-0.107371
-0.095615
-0.105749
-0.096503
-0.102322
-0.100814
-0.107408
-0.102621
-0.104220
-0.105020
-0.102070
-0.104084
-0.104636
-0.104054
-0.102363
-0.104983
-0.103335
-0.105586
-0.106118
-0.104415
-0.106117
-0.104382
-0.106343
-0.105303
-0.105827
-0.105515
-0.105055
-0.105491
-0.105567
-0.105729
-0.105930
-0.106267
-0.106031
-0.106071
-0.106214
-0.105893
-0.106100
-0.106036
-0.106273
-0.106153
-0.106430
-0.106300
-0.106349
-0.106339
-0.106341
-0.106429
-0.106387
-0.106502
-0.106434
-0.106491
-0.106477
-0.106498
-0.106519
-0.106516
-0.106541
-0.106528
-0.106544
-0.106544
-0.106551
-0.106553
-1.355322
1.203715
0.327272
-3.415933
-0.112148
-0.112150
1.352706
1.440600
3.659044
-0.626557
-0.112147
-0.112150
-1.530366
1.413209
0.900544
-3.542626
-0.112147
-0.112150
1.457740
4.428127
8.065172
-4.914659
-0.112147
-0.112150
0.928292
3.248706
5.507367
-4.086555
-0.112147
-0.112150
-0.242531
4.370916
5.694287
-7.019762
-0.112147
-0.112150
4.337022
2.051319
7.406606
1.033256
-0.112147
-0.112150
1.136174
0.806366
-0.008950
-0.098584
-0.101071
-0.102261
-0.105323
-0.100650
-0.100200
-0.098092
-0.098789
-0.043583
-0.103558
-0.077063
-0.099380
-0.102003
-0.104116
-0.105928
-0.106888
-0.105499
-0.104670
-0.104044
-0.106297
-0.095229
-0.110298
-0.102280
-0.110367
-0.107091
-0.106890
-0.107172
-0.107885
-0.107525
-0.106747
-0.106114
-0.107306
-0.104162
-0.109321
-0.107288
-0.110326
-0.109044
-0.108132
-0.107994
-0.108416
-0.108524
-0.108062
-0.107653
-0.108056
-0.108275
-0.108631
-0.110045
-0.109050
-0.109354
-0.108892
-0.108800
-0.108955
-0.109121
-0.109071
-0.108954
-0.108960
-0.109593
-0.109010
-0.109838
-0.109230
-0.109445
-0.109400
-0.109390
-0.109439
-0.109475
-0.109536
-0.109504
-0.109489
-0.109621
-0.109511
-0.109645
-0.109615
-0.109646
-0.109659
-0.109663
-0.109685
-0.109685
-0.109716
-0.109716
-0.109721
-0.109729
-0.109747
-0.109750
-0.109772
-0.109774
-0.109780
-0.109783
-0.109788
-0.109795
-0.109798
-0.109807
-0.109808
-0.109811
-0.109813
-0.109814
-0.109815
-0.109816
1.347605
0.975596
-0.018943
-0.090827
-0.097772
-0.097536
-0.108127
-0.106734
-0.101796
-0.098250
-0.106367
-0.045580
-0.092012
-0.065268
-0.091119
-0.101193
-0.104409
-0.107621
-0.110810
-0.107499
-0.105767
-0.104940
-0.106860
-0.099586
-0.105493
-0.103709
-0.105026
-0.106711
-0.107323
-0.108542
-0.110734
-0.109444
-0.108156
-0.107274
-0.107635
-0.108528
-0.108319
-0.107967
-0.110078
-0.109199
-0.108783
-0.109125
-0.110218
-0.110440
-0.109569
-0.108833
-0.108653
-0.111482
-0.109182
-0.109741
-0.111429
-0.110445
-0.109897
-0.109873
-0.110201
-0.110539
-0.110356
-0.110091
-0.109894
-0.110556
-0.110082
-0.110787
-0.110512
-0.110596
-0.110449
-0.110401
-0.110458
-0.110540
-0.110586
-0.110533
-0.110482
-0.110479
-0.110559
-0.110719
-0.110571
-0.110638
-0.110625
-0.110613
-0.110618
-0.110641
-0.110675
-0.110653
-0.110661
-0.110641
-0.110684
-0.110686
-0.110686
-0.110693
-0.110695
-0.110695
-0.110692
-0.110708
-0.110710
-0.110709
-0.110711
-0.110713
-0.110714
-0.110715
-0.110715
-0.110716
1.295851
0.952137
0.041590
-0.092228
-0.097743
-0.106744
-0.103596
-0.095271
-0.094569
-0.100459
-0.091121
-0.037798
-0.108514
-0.063793
-0.099946
-0.109278
-0.108875
-0.107414
-0.106419
-0.105259
-0.105708
-0.107429
-0.106742
-0.094963
-0.110876
-0.099390
-0.108497
-0.111076
-0.109488
-0.108549
-0.107990
-0.107385
-0.107504
-0.108221
-0.108928
-0.103540
-0.110977
-0.107567
-0.108373
-0.110225
-0.109813
-0.109237
-0.108790
-0.108501
-0.108504
-0.108814
-0.109614
-0.107643
-0.109810
-0.111457
-0.108799
-0.109680
-0.109803
-0.109671
-0.109489
-0.109463
-0.109483
-0.109539
-0.109843
-0.109982
-0.109648
-0.110207
-0.109699
-0.109845
-0.109952
-0.109973
-0.109960
-0.109951
-0.109982
-0.109971
-0.110022
-0.110193
-0.109972
-0.110035
-0.110117
-0.110096
-0.110123
-0.110140
-0.110162
-0.110139
-0.110154
-0.110170
-0.110170
-0.110199
-0.110188
-0.110188
-0.110218
-0.110215
-0.110220
-0.110223
-0.110233
-0.110230
-0.110231
-0.110244
-0.110243
-0.110245
-0.110247
-0.110248
-0.110248
-0.110249
1.424231
3.091055
0.051305
-0.083049
-0.063692
-0.076140
-0.087453
-0.106980
-0.094008
-0.082064
-0.060052
0.059640
-0.052406
0.060886
-0.084062
-0.104723
-0.102348
-0.100603
-0.101284
-0.105214
-0.108952
-0.104831
-0.096287
-0.084055
-0.086496
-0.071697
-0.096608
-0.107370
-0.110512
-0.107119
-0.105637
-0.106302
-0.108946
-0.110864
-0.106399
-0.097077
-0.100239
-0.100028
-0.100501
-0.107450
-0.110972
-0.109662
-0.107877
-0.107508
-0.108617
-0.110801
-0.110742
-0.102421
-0.108754
-0.110379
-0.105087
-0.108417
-0.109971
-0.110285
-0.109391
-0.109062
-0.109293
-0.109936
-0.110581
-0.108502
-0.110476
-0.109418
-0.108975
-0.109507
-0.109895
-0.110119
-0.109989
-0.109913
-0.109858
-0.109963
-0.110128
-0.110429
-0.109939
-0.109691
-0.110136
-0.110021
-0.110085
-0.110147
-0.110193
-0.110122
-0.110086
-0.110164
-0.110166
-0.110250
-0.110143
-0.110149
-0.110217
-0.110198
-0.110208
-0.110218
-0.110245
-0.110208
-0.110211
-0.110241
-0.110234
-0.110237
-0.110240
-0.110242
-0.110243
-0.110243
0.953312
2.256633
0.056383
-0.091455
-0.098801
-0.101859
-0.099073
-0.097577
-0.098745
-0.100045
-0.091605
0.028451
-0.082059
0.011513
-0.086648
-0.104005
-0.106050
-0.105413
-0.104481
-0.104966
-0.106992
-0.109143
-0.105487
-0.084619
-0.099216
-0.082483
-0.100968
-0.108488
-0.111145
-0.108953
-0.107144
-0.106823
-0.108092
-0.110478
-0.109736
-0.098610
-0.106773
-0.102539
-0.103972
-0.108639
-0.110998
-0.110270
-0.108615
-0.108024
-0.108619
-0.110009
-0.111310
-0.104580
-0.111303
-0.110479
-0.106939
-0.109135
-0.110221
-0.110411
-0.109765
-0.109465
-0.109607
-0.110003
-0.110608
-0.109595
-0.110299
-0.110061
-0.109575
-0.109910
-0.110205
-0.110354
-0.110290
-0.110208
-0.110190
-0.110237
-0.110368
-0.110679
-0.110190
-0.110100
-0.110404
-0.110321
-0.110369
-0.110413
-0.110454
-0.110389
-0.110374
-0.110425
-0.110424
-0.110485
-0.110416
-0.110416
-0.110472
-0.110458
-0.110463
-0.110470
-0.110489
-0.110464
-0.110465
-0.110490
-0.110484
-0.110486
-0.110488
-0.110489
-0.110490
-0.110490
-0.002348
3.032512
0.166045
-0.083888
-0.081310
-0.086939
-0.101668
-0.099494
-0.082002
-0.068217
-0.095941
0.072491
-0.046321
0.031216
-0.056840
-0.085517
-0.095047
-0.103404
-0.110166
-0.104035
-0.097651
-0.093647
-0.099076
-0.082424
-0.087076
-0.085624
-0.093094
-0.099286
-0.102417
-0.105934
-0.110523
-0.108546
-0.104085
-0.101339
-0.102484
-0.105701
-0.099200
-0.103071
-0.104547
-0.105647
-0.105840
-0.106925
-0.109400
-0.110564
-0.107705
-0.105675
-0.105287
-0.110712
-0.105242
-0.107980
-0.110317
-0.109884
-0.108558
-0.108447
-0.109365
-0.110181
-0.109792
-0.108959
-0.108329
-0.109586
-0.108770
-0.110729
-0.109961
-0.110335
-0.109817
-0.109607
-0.109791
-0.109951
-0.110113
-0.109938
-0.109728
-0.109689
-0.109960
-0.110397
-0.109969
-0.110130
-0.110084
-0.110026
-0.110031
-0.110090
-0.110172
-0.110105
-0.110108
-0.110052
-0.110163
-0.110162
-0.110152
-0.110164
-0.110165
-0.110159
-0.110145
-0.110187
-0.110188
-0.110182
-0.110185
-0.110187
-0.110188
-0.110188
-0.110190
-0.110191
