-0.567462
2.543026
1.769901
-10.919425
-0.118526
-0.118511
-0.040408
0.797374
1.349118
-3.538230
-0.118526
-0.118511
1.760521
1.673204
6.972769
-1.388790
-0.118521
-0.118521
0.087049
0.473408
1.515721
-1.088225
-0.118521
-0.118523
0.012557
3.319425
7.249670
-7.985247
-0.118522
-0.118521
-0.084293
1.018136
1.787224
-2.924990
-0.118522
-0.118523
9.938609
-0.118307
9.938898
9.937947
-0.118526
-0.118511
5.346896
1.318657
8.720234
2.428267
-0.118520
-0.118522
0.342112
0.319223
0.971947
0.098039
0.782367
0.406858
0.407232
0.272307
0.271537
0.211333
0.195345
0.128607
0.149648
0.025646
0.062332
-0.016288
-0.031189
-0.029080
-0.079611
-0.028849
-0.088147
-0.085903
-0.092430
-0.107778
-0.109879
-0.089169
-0.101819
-0.087116
-0.080745
-0.096038
-0.091603
-0.092855
-0.100124
-0.085020
-0.103367
-0.083978
-0.102662
-0.091369
-0.102824
-0.100065
-0.102177
-0.104818
-0.102031
-0.106321
-0.112400
-0.112071
-0.115743
-0.116987
-0.118059
-0.111651
-0.115794
-0.108084
-0.111978
-0.109683
-0.110566
-0.110490
-0.109441
-0.111110
-0.109907
-0.111372
-0.111319
-0.112259
-0.112318
-0.112846
-0.113118
-0.113088
-0.113852
-0.113611
-0.113782
-0.113437
-0.113564
-0.113401
-0.113329
-0.113362
-0.113238
-0.113251
-0.113301
-0.113391
-0.113416
-0.113523
-0.113566
-0.113597
-0.113626
-0.113657
-0.113663
-0.113663
-0.113671
-0.113654
-0.113648
-0.113659
-0.113673
-0.113679
-0.113694
-0.113707
-0.113717
-0.113732
-0.113743
-0.113751
-0.113756
-0.113760
-0.038177
0.003330
0.290125
-0.025478
0.180495
-0.013037
0.081445
0.058556
0.019052
-0.007882
-0.056560
-0.065734
-0.078123
-0.074192
-0.064299
-0.068520
-0.082203
-0.062116
-0.100299
-0.087756
-0.102456
-0.098242
-0.114687
-0.116357
-0.114350
-0.109084
-0.109186
-0.105555
-0.109058
-0.110323
-0.100073
-0.107125
-0.106587
-0.108850
-0.110930
-0.112746
-0.112185
-0.112025
-0.111226
-0.111846
-0.108862
-0.113064
-0.114243
-0.113304
-0.115790
-0.116290
-0.117900
-0.117575
-0.117661
-0.115827
-0.117157
-0.116231
-0.117726
-0.115542
-0.116284
-0.116204
-0.116551
-0.117388
-0.117718
-0.117820
-0.117987
-0.117837
-0.117927
-0.117897
-0.117652
-0.118098
-0.117962
-0.118302
-0.118329
-0.118271
-0.118324
-0.118341
-0.118238
-0.118403
-0.118422
-0.118445
-0.118416
-0.118237
-0.118298
-0.118311
-0.118396
-0.118413
-0.118416
-0.118430
-0.118433
-0.118419
-0.118439
-0.118443
-0.118449
-0.118459
-0.118427
-0.118429
-0.118432
-0.118446
-0.118452
-0.118455
-0.118459
-0.118462
-0.118465
-0.118463
1.754274
0.711067
-0.040909
0.597494
-0.012927
0.136576
0.097075
0.148945
0.074550
0.072594
0.054319
0.035879
0.051004
-0.029551
0.004311
-0.058730
-0.047999
-0.061251
-0.094101
-0.081969
-0.092686
-0.084975
-0.096475
-0.101396
-0.103434
-0.103227
-0.091474
-0.110208
-0.100516
-0.109157
-0.100219
-0.100446
-0.104462
-0.095273
-0.103722
-0.095215
-0.104168
-0.100143
-0.106960
-0.106441
-0.107207
-0.112377
-0.109550
-0.114764
-0.108144
-0.113174
-0.113159
-0.113841
-0.112831
-0.112923
-0.112637
-0.112865
-0.113434
-0.112373
-0.111960
-0.112714
-0.111527
-0.112896
-0.112125
-0.113207
-0.113319
-0.113932
-0.114035
-0.114164
-0.114634
-0.114358
-0.114743
-0.114207
-0.114789
-0.114647
-0.114799
-0.114641
-0.114793
-0.114652
-0.114861
-0.114834
-0.114869
-0.114908
-0.114965
-0.115006
-0.115026
-0.115098
-0.115132
-0.115175
-0.115176
-0.115207
-0.115190
-0.115244
-0.115237
-0.115254
-0.115257
-0.115279
-0.115287
-0.115304
-0.115312
-0.115327
-0.115339
-0.115343
-0.115350
-0.115351
0.079510
0.046134
0.148821
-0.033324
-0.094516
0.034673
-0.049007
0.020245
-0.054750
-0.054704
-0.070439
-0.082866
-0.075168
-0.088986
-0.071077
-0.083842
-0.078434
-0.105991
-0.093389
-0.115911
-0.107732
-0.105930
-0.110776
-0.110964
-0.111438
-0.104039
-0.111778
-0.112130
-0.107420
-0.110167
-0.109040
-0.117392
-0.117314
-0.113029
-0.112434
-0.109563
-0.109607
-0.107855
-0.109509
-0.110170
-0.113557
-0.112361
-0.115241
-0.113300
-0.113626
-0.114745
-0.113586
-0.113782
-0.113083
-0.114607
-0.114314
-0.113792
-0.114857
-0.114504
-0.115435
-0.114788
-0.114433
-0.114032
-0.113987
-0.114039
-0.114169
-0.114527
-0.114774
-0.115107
-0.114864
-0.115046
-0.114850
-0.114977
-0.115041
-0.114927
-0.114977
-0.114988
-0.115092
-0.115074
-0.115097
-0.115187
-0.115184
-0.115213
-0.115192
-0.115184
-0.115202
-0.115234
-0.115244
-0.115271
-0.115290
-0.115313
-0.115317
-0.115319
-0.115341
-0.115340
-0.115355
-0.115349
-0.115354
-0.115358
-0.115366
-0.115374
-0.115380
-0.115386
-0.115387
-0.115389
-0.002656
1.451758
1.040664
0.531703
0.690081
0.622297
0.266488
0.172127
0.134461
0.008725
0.061400
-0.013073
-0.003024
-0.019794
-0.039086
-0.032539
-0.050811
-0.060151
-0.064766
-0.071496
-0.092352
-0.088308
-0.063641
-0.094673
-0.093333
-0.096303
-0.075827
-0.093064
-0.066296
-0.080630
-0.085469
-0.087022
-0.096038
-0.091585
-0.099708
-0.098083
-0.100793
-0.103805
-0.102562
-0.107659
-0.108315
-0.109559
-0.108018
-0.097551
-0.103073
-0.096542
-0.103503
-0.103313
-0.105092
-0.099558
-0.103737
-0.099020
-0.103466
-0.104901
-0.105616
-0.106882
-0.106081
-0.107102
-0.106779
-0.106933
-0.107317
-0.106913
-0.107334
-0.107145
-0.107046
-0.107073
-0.106282
-0.107137
-0.106809
-0.107492
-0.107497
-0.107630
-0.107387
-0.107799
-0.107646
-0.108087
-0.108101
-0.108138
-0.108180
-0.108100
-0.108243
-0.108216
-0.108326
-0.108354
-0.108385
-0.108384
-0.108465
-0.108461
-0.108561
-0.108578
-0.108605
-0.108627
-0.108631
-0.108657
-0.108663
-0.108676
-0.108687
-0.108689
-0.108694
-0.108697
-0.079111
0.028988
0.101334
0.497622
-0.009027
0.249344
-0.002855
0.018125
-0.025028
-0.111391
-0.087365
-0.102878
-0.100315
-0.107830
-0.103389
-0.101562
-0.077509
-0.105298
-0.077017
-0.104526
-0.092573
-0.110678
-0.112218
-0.114420
-0.114476
-0.112121
-0.107318
-0.109679
-0.108966
-0.107201
-0.114352
-0.109396
-0.116686
-0.115688
-0.117552
-0.116740
-0.117392
-0.116386
-0.117413
-0.113742
-0.116196
-0.114339
-0.113751
-0.116065
-0.114264
-0.116551
-0.117462
-0.117834
-0.118061
-0.118324
-0.115397
-0.117253
-0.115592
-0.117696
-0.116985
-0.118387
-0.118031
-0.117889
-0.117903
-0.117818
-0.117991
-0.117901
-0.118233
-0.117559
-0.117816
-0.117290
-0.117749
-0.117487
-0.117829
-0.117862
-0.117854
-0.117833
-0.117777
-0.117667
-0.117821
-0.117768
-0.117870
-0.117843
-0.117834
-0.117823
-0.117802
-0.117831
-0.117835
-0.117837
-0.117832
-0.117827
-0.117800
-0.117832
-0.117816
-0.117848
-0.117839
-0.117848
-0.117836
-0.117837
-0.117837
-0.117838
-0.117839
-0.117838
-0.117840
-0.117832
-1.240446
1.815358
1.660505
-3.950679
-0.118521
-0.118525
2.321867
4.222277
8.905058
-3.278341
-0.118521
-0.118525
-2.106590
1.438716
0.171234
-4.267598
-0.118521
-0.118525
1.125995
2.574144
4.864127
-2.850718
-0.118522
-0.118525
-0.444778
2.515827
3.244063
-4.437890
-0.118522
-0.118525
0.762651
3.004326
5.221760
-3.688601
-0.118521
-0.118525
6.120466
3.854952
11.741736
0.604737
-0.118521
-0.118525
1.008393
1.229449
0.049580
-0.103368
-0.102162
-0.102483
-0.114175
-0.106498
-0.107177
-0.108635
-0.056431
-0.046372
-0.098660
-0.047692
-0.106044
-0.106818
-0.107851
-0.110494
-0.110469
-0.110803
-0.111956
-0.111343
-0.098718
-0.107419
-0.102384
-0.110474
-0.114855
-0.115322
-0.115129
-0.114832
-0.115370
-0.115158
-0.115149
-0.116862
-0.106712
-0.115567
-0.111328
-0.114034
-0.115285
-0.115191
-0.115319
-0.115526
-0.115345
-0.115460
-0.115474
-0.113705
-0.117893
-0.116343
-0.114876
-0.116584
-0.116482
-0.116581
-0.116599
-0.116594
-0.116717
-0.116749
-0.116770
-0.117741
-0.116258
-0.116758
-0.116468
-0.116747
-0.116805
-0.116831
-0.116872
-0.116914
-0.116927
-0.116959
-0.117017
-0.116753
-0.117071
-0.116930
-0.117083
-0.117060
-0.117082
-0.117098
-0.117109
-0.117118
-0.117131
-0.117138
-0.117132
-0.117192
-0.117143
-0.117197
-0.117172
-0.117200
-0.117200
-0.117205
-0.117210
-0.117214
-0.117218
-0.117222
-0.117225
-0.117225
-0.117241
-0.117233
-0.117244
-0.117237
-0.117239
-0.117239
2.296890
2.930652
0.120277
-0.089313
-0.103487
-0.106973
-0.112715
-0.116510
-0.113254
-0.103988
-0.016501
0.072093
-0.035418
0.017086
-0.096917
-0.098072
-0.100763
-0.102893
-0.104135
-0.104368
-0.104458
-0.104154
-0.069518
-0.102502
-0.089547
-0.096336
-0.110331
-0.111761
-0.112323
-0.112721
-0.112889
-0.113106
-0.113240
-0.112901
-0.101795
-0.112391
-0.097355
-0.115205
-0.114526
-0.114459
-0.114534
-0.114563
-0.114652
-0.114762
-0.114916
-0.113302
-0.108829
-0.112476
-0.114838
-0.116001
-0.116059
-0.116043
-0.116059
-0.116130
-0.116200
-0.116257
-0.116244
-0.115617
-0.116428
-0.117661
-0.115226
-0.116367
-0.116412
-0.116505
-0.116577
-0.116630
-0.116674
-0.116716
-0.116794
-0.116610
-0.116798
-0.116432
-0.117030
-0.116850
-0.116921
-0.116939
-0.116957
-0.116974
-0.116991
-0.117006
-0.117002
-0.117059
-0.117018
-0.117113
-0.117030
-0.117113
-0.117103
-0.117112
-0.117119
-0.117126
-0.117132
-0.117139
-0.117143
-0.117142
-0.117168
-0.117156
-0.117178
-0.117162
-0.117166
-0.117166
1.862274
0.972473
-0.065899
-0.072981
-0.088211
-0.096625
-0.101927
-0.106300
-0.108974
-0.107711
-0.086329
-0.047629
-0.095892
-0.054301
-0.090189
-0.099374
-0.102521
-0.104267
-0.105472
-0.106198
-0.106554
-0.104859
-0.099550
-0.105785
-0.100395
-0.116964
-0.114124
-0.113703
-0.113552
-0.113656
-0.113781
-0.114001
-0.114155
-0.114800
-0.108405
-0.115057
-0.114255
-0.114279
-0.114928
-0.115126
-0.115324
-0.115453
-0.115576
-0.115619
-0.115587
-0.115009
-0.117191
-0.117208
-0.114644
-0.116583
-0.116685
-0.116804
-0.116888
-0.116979
-0.117060
-0.117162
-0.117277
-0.117772
-0.116777
-0.116932
-0.117356
-0.117319
-0.117400
-0.117441
-0.117483
-0.117519
-0.117554
-0.117583
-0.117602
-0.117431
-0.117704
-0.117681
-0.117691
-0.117740
-0.117753
-0.117775
-0.117793
-0.117810
-0.117826
-0.117840
-0.117852
-0.117905
-0.117873
-0.117916
-0.117920
-0.117934
-0.117947
-0.117956
-0.117965
-0.117974
-0.117982
-0.117990
-0.117996
-0.118002
-0.118018
-0.118014
-0.118023
-0.118021
-0.118022
-0.118023
1.121623
1.766832
-0.001777
-0.075116
-0.085589
-0.097757
-0.101154
-0.103989
-0.103296
-0.095854
-0.056647
-0.009343
-0.103698
-0.007432
-0.080960
-0.090645
-0.096237
-0.098496
-0.100337
-0.101674
-0.101551
-0.101563
-0.081340
-0.112132
-0.098438
-0.104599
-0.111824
-0.111517
-0.111550
-0.111679
-0.111771
-0.111963
-0.112143
-0.111374
-0.103807
-0.112102
-0.104799
-0.113300
-0.112534
-0.112782
-0.112901
-0.113010
-0.113127
-0.113094
-0.112969
-0.112302
-0.114089
-0.113914
-0.114737
-0.114928
-0.115187
-0.115219
-0.115325
-0.115437
-0.115542
-0.115711
-0.115946
-0.116398
-0.115371
-0.116359
-0.115057
-0.115746
-0.115814
-0.115922
-0.115991
-0.116052
-0.116112
-0.116152
-0.116186
-0.115927
-0.116318
-0.116043
-0.116429
-0.116344
-0.116402
-0.116423
-0.116448
-0.116470
-0.116488
-0.116505
-0.116511
-0.116592
-0.116527
-0.116625
-0.116569
-0.116630
-0.116630
-0.116642
-0.116650
-0.116659
-0.116667
-0.116674
-0.116680
-0.116683
-0.116711
-0.116698
-0.116718
-0.116706
-0.116709
-0.116709
0.189969
1.725969
0.062575
-0.046503
-0.068086
-0.079874
-0.087601
-0.092998
-0.096954
-0.097062
-0.052011
-0.001423
-0.068751
-0.022369
-0.090376
-0.095742
-0.098943
-0.100998
-0.102444
-0.103483
-0.104067
-0.104050
-0.089455
-0.098120
-0.090793
-0.113086
-0.113712
-0.112905
-0.112733
-0.112792
-0.112964
-0.113180
-0.113476
-0.114063
-0.104207
-0.115238
-0.112202
-0.112611
-0.114109
-0.114495
-0.114774
-0.115015
-0.115220
-0.115397
-0.115481
-0.114330
-0.114297
-0.116893
-0.112056
-0.115956
-0.116155
-0.116336
-0.116461
-0.116554
-0.116628
-0.116681
-0.116710
-0.116500
-0.116289
-0.116042
-0.117706
-0.117150
-0.117161
-0.117156
-0.117167
-0.117183
-0.117202
-0.117225
-0.117254
-0.117204
-0.117323
-0.117525
-0.117242
-0.117368
-0.117366
-0.117387
-0.117407
-0.117426
-0.117445
-0.117464
-0.117482
-0.117491
-0.117518
-0.117500
-0.117559
-0.117536
-0.117556
-0.117567
-0.117578
-0.117587
-0.117596
-0.117604
-0.117611
-0.117618
-0.117615
-0.117625
-0.117620
-0.117631
-0.117632
-0.117634
0.773611
2.071911
-0.023256
-0.063018
-0.084549
-0.094519
-0.102592
-0.109807
-0.113259
-0.100655
-0.059401
0.018635
-0.080239
0.004938
-0.070408
-0.084945
-0.090480
-0.093812
-0.095862
-0.096913
-0.097192
-0.094702
-0.073446
-0.115756
-0.096888
-0.100140
-0.107561
-0.108444
-0.108781
-0.109083
-0.109315
-0.109559
-0.109708
-0.109237
-0.103638
-0.110065
-0.100577
-0.112263
-0.111676
-0.111706
-0.111839
-0.111954
-0.112073
-0.112152
-0.112093
-0.111980
-0.111375
-0.112251
-0.115445
-0.114350
-0.114319
-0.114390
-0.114494
-0.114630
-0.114779
-0.114948
-0.115202
-0.115299
-0.114886
-0.116031
-0.114245
-0.115004
-0.115159
-0.115282
-0.115380
-0.115458
-0.115525
-0.115582
-0.115604
-0.115429
-0.115759
-0.115451
-0.115918
-0.115835
-0.115893
-0.115924
-0.115953
-0.115979
-0.116002
-0.116022
-0.116038
-0.116110
-0.116058
-0.116163
-0.116101
-0.116170
-0.116175
-0.116187
-0.116198
-0.116209
-0.116219
-0.116228
-0.116235
-0.116241
-0.116270
-0.116257
-0.116280
-0.116267
-0.116270
-0.116270
