-1.184156
2.657357
4.197942
-12.359179
-0.108169
-0.108157
-0.199141
1.189334
4.069441
-3.498418
-0.108166
-0.108161
0.880552
1.876913
5.561811
-4.288118
-0.108165
-0.108165
-0.168796
0.819658
1.523584
-3.276210
-0.108167
-0.108164
0.034813
3.449607
7.454305
-10.094152
-0.108166
-0.108164
-0.179184
0.579751
1.650733
-1.994346
-0.108165
-0.108165
9.191736
-0.107646
9.192651
9.190931
-0.108165
-0.108167
5.074426
1.555885
8.188296
1.201785
-0.108166
-0.108166
0.966280
0.407001
0.805460
0.217705
0.564122
0.540508
0.184144
0.461923
0.157498
0.270126
0.417616
0.180556
0.379165
0.180911
0.270612
0.120503
0.195031
0.046553
0.088516
0.030853
-0.040557
-0.009171
-0.055850
-0.036326
-0.049369
-0.090300
-0.080334
-0.104503
-0.102254
-0.096603
-0.091152
-0.094843
-0.088967
-0.073464
-0.092264
-0.073047
-0.078940
-0.089438
-0.057080
-0.084013
-0.059554
-0.075489
-0.065128
-0.078651
-0.069442
-0.084534
-0.081003
-0.084608
-0.096915
-0.093882
-0.100051
-0.096952
-0.097125
-0.104923
-0.104468
-0.105623
-0.107617
-0.105903
-0.105028
-0.103835
-0.104075
-0.100909
-0.105343
-0.102389
-0.101925
-0.105152
-0.100273
-0.104483
-0.101876
-0.104081
-0.103639
-0.105159
-0.104883
-0.105693
-0.106510
-0.105633
-0.107514
-0.106923
-0.106644
-0.107149
-0.106360
-0.107176
-0.106999
-0.107184
-0.107109
-0.107257
-0.107152
-0.107439
-0.107162
-0.107536
-0.107243
-0.107336
-0.107272
-0.107261
-0.107271
-0.107119
-0.107164
-0.107049
-0.107065
-0.107033
-0.014825
0.051059
0.025896
0.035244
0.031328
0.037418
0.218554
0.056416
0.268334
0.020044
0.350356
0.001453
0.167946
-0.027115
0.139800
-0.063154
0.040269
-0.053794
0.039749
-0.074284
-0.043395
-0.043698
-0.071770
-0.064690
-0.103752
-0.079034
-0.097542
-0.097518
-0.089898
-0.102647
-0.091260
-0.101561
-0.091607
-0.093880
-0.086540
-0.095657
-0.074369
-0.091385
-0.067301
-0.096099
-0.077104
-0.102499
-0.079512
-0.099839
-0.085816
-0.103997
-0.087366
-0.096816
-0.092293
-0.097120
-0.100671
-0.099637
-0.104847
-0.099399
-0.106854
-0.101333
-0.103681
-0.104191
-0.102140
-0.106488
-0.100924
-0.103516
-0.101946
-0.104099
-0.102354
-0.103847
-0.105771
-0.104430
-0.107656
-0.104534
-0.106588
-0.103328
-0.105461
-0.103894
-0.104733
-0.103687
-0.104355
-0.105260
-0.104960
-0.105885
-0.105306
-0.105804
-0.105639
-0.105478
-0.105775
-0.105495
-0.105690
-0.105661
-0.105587
-0.105723
-0.105503
-0.105716
-0.105453
-0.105699
-0.105543
-0.105809
-0.105631
-0.105766
-0.105707
-0.105751
0.872692
0.491934
0.304078
0.452372
0.637793
0.071645
0.244436
0.122510
0.224470
0.158724
0.062242
0.176348
-0.064063
-0.014083
-0.032196
-0.032914
-0.089087
0.006033
-0.036613
-0.069884
-0.023251
-0.070921
-0.055742
-0.075697
-0.053991
-0.087290
-0.099428
-0.091731
-0.104875
-0.096924
-0.100188
-0.086813
-0.093391
-0.105380
-0.090606
-0.092848
-0.086458
-0.089613
-0.096806
-0.088806
-0.100722
-0.100976
-0.098592
-0.099486
-0.105021
-0.096973
-0.099288
-0.103804
-0.095847
-0.098393
-0.101068
-0.100926
-0.102427
-0.102009
-0.104913
-0.103355
-0.105662
-0.105037
-0.104935
-0.104028
-0.103679
-0.106020
-0.102260
-0.107307
-0.102356
-0.106039
-0.105101
-0.106430
-0.106526
-0.106951
-0.106247
-0.105736
-0.106016
-0.105458
-0.105481
-0.106328
-0.106060
-0.106599
-0.105991
-0.106587
-0.106480
-0.106967
-0.106286
-0.106597
-0.106425
-0.106517
-0.106419
-0.106469
-0.106554
-0.106254
-0.106417
-0.106292
-0.106525
-0.106279
-0.106436
-0.106301
-0.106444
-0.106410
-0.106439
-0.106480
-0.047347
0.025615
0.284316
0.126511
0.064383
-0.043567
0.107748
-0.001970
0.027665
0.041690
0.043341
-0.006037
-0.037165
-0.048249
-0.049307
-0.029810
-0.048513
-0.041605
-0.049432
-0.075718
-0.083264
-0.092706
-0.092342
-0.085714
-0.090107
-0.095618
-0.096340
-0.102933
-0.104140
-0.107507
-0.099145
-0.102728
-0.104939
-0.098282
-0.094775
-0.100036
-0.100147
-0.096431
-0.101848
-0.099395
-0.103447
-0.099151
-0.099268
-0.095528
-0.102622
-0.098036
-0.104517
-0.103626
-0.104338
-0.104237
-0.105519
-0.102674
-0.105260
-0.105407
-0.106630
-0.108047
-0.106537
-0.106460
-0.107163
-0.107888
-0.106315
-0.105421
-0.106437
-0.107103
-0.106607
-0.106873
-0.106527
-0.107223
-0.105869
-0.107269
-0.105805
-0.107252
-0.106657
-0.107468
-0.106756
-0.107753
-0.106682
-0.107589
-0.106917
-0.107714
-0.107229
-0.107227
-0.107439
-0.107340
-0.107389
-0.107350
-0.107383
-0.107383
-0.107282
-0.107482
-0.107343
-0.107366
-0.107372
-0.107376
-0.107415
-0.107374
-0.107413
-0.107383
-0.107411
-0.107381
0.042202
1.341049
1.117335
0.529129
0.695219
0.958125
0.284996
0.352580
0.083234
0.066762
0.057788
-0.043439
-0.027944
-0.086074
-0.064556
-0.087188
-0.069559
-0.073758
-0.066788
-0.051046
-0.082658
-0.037469
-0.065562
-0.011539
-0.053169
-0.084754
-0.062890
-0.102083
-0.106959
-0.089109
-0.093065
-0.089528
-0.074090
-0.075643
-0.089680
-0.088187
-0.096584
-0.102765
-0.097689
-0.107256
-0.102796
-0.106270
-0.105954
-0.106958
-0.105266
-0.105230
-0.105544
-0.101277
-0.106619
-0.099435
-0.102290
-0.094837
-0.094596
-0.103665
-0.099047
-0.104327
-0.107283
-0.105227
-0.104023
-0.103611
-0.100768
-0.101422
-0.104250
-0.104055
-0.106267
-0.106131
-0.106665
-0.106939
-0.106918
-0.106968
-0.106748
-0.106968
-0.106448
-0.106925
-0.106508
-0.107061
-0.106695
-0.106722
-0.107209
-0.107421
-0.107683
-0.106728
-0.106920
-0.106827
-0.106765
-0.106876
-0.107077
-0.106771
-0.107042
-0.106922
-0.106615
-0.106711
-0.106641
-0.106806
-0.106718
-0.106785
-0.106771
-0.106786
-0.106802
-0.106787
-0.040596
0.036680
-0.026161
0.087261
0.022260
0.139428
-0.063579
0.021309
-0.065721
0.044082
-0.037028
0.011068
-0.031620
-0.014745
-0.065954
-0.038149
-0.074581
-0.060053
-0.102270
-0.067983
-0.096737
-0.079194
-0.099659
-0.079442
-0.103953
-0.102310
-0.106350
-0.103063
-0.105438
-0.107282
-0.104423
-0.102186
-0.102527
-0.102718
-0.104711
-0.100367
-0.103768
-0.097665
-0.102030
-0.100052
-0.101257
-0.101959
-0.103913
-0.103279
-0.104054
-0.103536
-0.105583
-0.102782
-0.104055
-0.103238
-0.105596
-0.103363
-0.106512
-0.106947
-0.106840
-0.107213
-0.107103
-0.107208
-0.108056
-0.106883
-0.107175
-0.106359
-0.106803
-0.105878
-0.107574
-0.105928
-0.107760
-0.106763
-0.107946
-0.106831
-0.108013
-0.107005
-0.107717
-0.106985
-0.107698
-0.107430
-0.107552
-0.107865
-0.107536
-0.107773
-0.107617
-0.107614
-0.107514
-0.107613
-0.107623
-0.107609
-0.107574
-0.107626
-0.107614
-0.107700
-0.107543
-0.107650
-0.107565
-0.107615
-0.107549
-0.107604
-0.107561
-0.107613
-0.107577
-0.107603
-1.682805
1.395256
0.192067
-4.200928
-0.108166
-0.108168
1.382330
1.322550
3.187724
-0.779288
-0.108166
-0.108168
-0.985772
1.221976
1.019735
-2.959775
-0.108165
-0.108168
1.457864
3.885157
7.192779
-4.115609
-0.108165
-0.108168
1.119780
3.278015
5.534359
-4.023264
-0.108166
-0.108168
0.165129
4.953706
6.497130
-7.766257
-0.108166
-0.108168
4.603712
3.046979
8.874837
0.052816
-0.108165
-0.108168
1.457557
0.929863
0.109003
-0.079205
-0.101598
-0.105337
-0.103131
-0.100104
-0.096453
-0.102883
-0.100938
-0.103188
-0.086131
-0.056550
-0.082385
-0.068143
-0.084305
-0.101349
-0.103823
-0.106641
-0.106326
-0.107378
-0.104661
-0.106583
-0.105030
-0.105669
-0.102674
-0.100300
-0.097980
-0.101942
-0.100730
-0.105129
-0.106181
-0.107217
-0.107042
-0.107773
-0.106922
-0.107255
-0.106729
-0.106776
-0.105599
-0.106580
-0.102901
-0.107250
-0.104829
-0.106543
-0.107127
-0.107500
-0.107545
-0.107921
-0.107647
-0.107602
-0.107508
-0.107313
-0.106844
-0.107135
-0.106102
-0.107218
-0.106823
-0.107540
-0.107655
-0.107950
-0.107825
-0.108109
-0.107964
-0.108043
-0.107901
-0.107970
-0.107688
-0.107674
-0.107829
-0.107666
-0.107884
-0.107959
-0.108095
-0.108055
-0.108101
-0.108096
-0.108117
-0.108084
-0.108119
-0.108082
-0.108069
-0.107968
-0.108104
-0.108068
-0.108127
-0.108093
-0.108112
-0.108110
-0.108121
-0.108110
-0.108118
-0.108115
-0.108120
-0.108116
-0.108127
-0.108111
-0.108110
-0.108102
1.379320
0.895242
-0.025951
-0.093861
-0.105344
-0.101020
-0.104846
-0.104862
-0.099949
-0.103397
-0.098262
-0.102068
-0.081516
-0.061082
-0.093904
-0.072978
-0.094191
-0.103286
-0.100367
-0.105157
-0.102487
-0.105044
-0.103051
-0.105957
-0.102775
-0.105395
-0.098989
-0.100672
-0.103868
-0.102887
-0.101010
-0.106709
-0.105023
-0.107074
-0.105990
-0.107124
-0.105976
-0.107112
-0.105889
-0.106959
-0.104456
-0.107900
-0.105041
-0.107348
-0.104565
-0.107480
-0.107052
-0.107733
-0.107446
-0.107834
-0.107734
-0.107755
-0.107638
-0.107769
-0.107260
-0.106604
-0.106774
-0.107036
-0.106043
-0.107698
-0.107284
-0.107798
-0.107486
-0.107816
-0.107603
-0.107849
-0.107617
-0.107902
-0.107600
-0.107868
-0.107996
-0.107682
-0.107859
-0.107775
-0.107821
-0.107788
-0.107825
-0.107784
-0.107813
-0.107804
-0.107821
-0.107795
-0.107833
-0.107723
-0.107810
-0.107874
-0.107820
-0.107817
-0.107831
-0.107823
-0.107832
-0.107830
-0.107831
-0.107828
-0.107834
-0.107831
-0.107830
-0.107828
-0.107838
-0.107828
0.778047
0.828903
-0.051839
-0.081114
-0.097353
-0.096761
-0.094710
-0.103178
-0.103675
-0.104681
-0.103965
-0.103851
-0.096853
-0.062730
-0.077290
-0.070688
-0.099778
-0.103887
-0.107441
-0.105897
-0.106614
-0.106823
-0.105602
-0.106847
-0.105846
-0.106718
-0.104207
-0.100505
-0.097322
-0.103939
-0.103294
-0.107291
-0.106648
-0.107413
-0.107103
-0.107098
-0.107561
-0.107270
-0.107773
-0.107234
-0.107614
-0.107485
-0.101607
-0.107406
-0.106302
-0.106920
-0.107453
-0.107280
-0.107552
-0.107610
-0.107419
-0.107354
-0.107418
-0.107341
-0.107264
-0.107457
-0.105672
-0.107030
-0.107357
-0.107682
-0.107628
-0.107638
-0.107590
-0.107583
-0.107658
-0.107703
-0.107627
-0.107720
-0.107539
-0.107687
-0.107756
-0.107172
-0.107516
-0.107684
-0.107637
-0.107678
-0.107664
-0.107685
-0.107673
-0.107669
-0.107689
-0.107667
-0.107711
-0.107586
-0.107671
-0.107847
-0.107698
-0.107695
-0.107708
-0.107704
-0.107711
-0.107705
-0.107708
-0.107711
-0.107711
-0.107714
-0.107710
-0.107725
-0.107705
-0.107698
1.473731
2.689706
0.183127
-0.047595
-0.083476
-0.074153
-0.094747
-0.087175
-0.094622
-0.092168
-0.087514
-0.090419
-0.031952
0.008958
-0.076043
-0.018097
-0.067575
-0.087959
-0.082378
-0.094752
-0.088924
-0.096930
-0.092033
-0.098237
-0.092381
-0.098726
-0.082367
-0.091722
-0.088784
-0.087680
-0.089152
-0.101402
-0.098085
-0.101944
-0.099569
-0.102262
-0.099842
-0.102310
-0.099251
-0.101886
-0.094814
-0.104776
-0.105663
-0.103181
-0.099139
-0.104382
-0.105361
-0.104498
-0.105893
-0.104484
-0.106142
-0.104568
-0.106497
-0.104692
-0.107624
-0.101152
-0.102555
-0.103356
-0.100050
-0.104729
-0.103607
-0.104990
-0.104210
-0.105101
-0.104481
-0.105172
-0.104630
-0.105274
-0.104650
-0.105636
-0.105060
-0.106036
-0.105953
-0.105102
-0.105322
-0.105184
-0.105308
-0.105239
-0.105318
-0.105289
-0.105335
-0.105324
-0.105385
-0.105389
-0.105380
-0.105237
-0.105359
-0.105396
-0.105414
-0.105411
-0.105427
-0.105425
-0.105439
-0.105434
-0.105449
-0.105438
-0.105444
-0.105416
-0.105486
-0.105468
1.109887
2.268180
0.046475
-0.063710
-0.064568
-0.085971
-0.077216
-0.091814
-0.080775
-0.093548
-0.078818
-0.089380
-0.033877
0.016574
-0.065459
-0.016227
-0.079307
-0.096940
-0.094073
-0.102595
-0.098319
-0.103628
-0.099115
-0.103824
-0.097763
-0.102492
-0.086164
-0.089021
-0.094371
-0.096227
-0.091040
-0.104513
-0.101975
-0.106145
-0.104254
-0.106282
-0.105007
-0.106336
-0.104890
-0.106141
-0.101249
-0.106818
-0.097951
-0.106876
-0.097202
-0.104664
-0.103351
-0.105829
-0.104385
-0.106101
-0.104694
-0.106223
-0.104601
-0.106148
-0.103537
-0.107040
-0.104681
-0.106812
-0.105711
-0.106601
-0.107581
-0.106539
-0.107180
-0.106587
-0.107043
-0.106623
-0.106988
-0.106657
-0.106815
-0.105738
-0.106823
-0.105726
-0.106168
-0.106971
-0.106735
-0.106884
-0.106804
-0.106870
-0.106844
-0.106870
-0.106877
-0.106871
-0.106927
-0.106715
-0.106854
-0.107076
-0.106883
-0.106908
-0.106924
-0.106928
-0.106928
-0.106935
-0.106931
-0.106942
-0.106934
-0.106949
-0.106941
-0.106986
-0.106921
-0.106925
0.173272
3.430683
0.295774
-0.088887
-0.084607
-0.095130
-0.088619
-0.099488
-0.086787
-0.102605
-0.078981
-0.099967
-0.035890
0.065490
-0.078267
0.014261
-0.028051
-0.100524
-0.080889
-0.102250
-0.089245
-0.102765
-0.091914
-0.102798
-0.090965
-0.100998
-0.077989
-0.080853
-0.100249
-0.089912
-0.078883
-0.102235
-0.097583
-0.105163
-0.100525
-0.105832
-0.101146
-0.106347
-0.100239
-0.107613
-0.094287
-0.101952
-0.101797
-0.103631
-0.094043
-0.105973
-0.104029
-0.106314
-0.105740
-0.106273
-0.106286
-0.106174
-0.106163
-0.105747
-0.103889
-0.103305
-0.104424
-0.104364
-0.100962
-0.107409
-0.105160
-0.107531
-0.105913
-0.107406
-0.106200
-0.107386
-0.106282
-0.107417
-0.105962
-0.107052
-0.107497
-0.107200
-0.106889
-0.106596
-0.107213
-0.106906
-0.107151
-0.106993
-0.107124
-0.107035
-0.107107
-0.107044
-0.107025
-0.106804
-0.107162
-0.107157
-0.107237
-0.107114
-0.107137
-0.107133
-0.107151
-0.107140
-0.107157
-0.107143
-0.107168
-0.107147
-0.107177
-0.107107
-0.107168
-0.107144
