-0.568690
3.478480
2.935377
-14.435764
-0.110293
-0.110278
-0.180745
1.161410
2.141366
-3.197776
-0.110289
-0.110288
1.417969
2.073753
6.573858
-3.043943
-0.110288
-0.110289
-0.030684
0.981948
2.899097
-2.683754
-0.110288
-0.110286
-0.219979
3.980167
9.961992
-8.569579
-0.110287
-0.110288
-0.225541
1.069418
1.585584
-2.652470
-0.110289
-0.110290
8.708359
-0.110017
8.708840
8.707801
-0.110288
-0.110288
5.395627
1.608411
8.276018
1.618478
-0.110288
-0.110289
0.350510
0.553504
1.124964
0.932688
0.196305
0.867737
0.680955
0.291650
0.649172
0.347865
0.280426
0.285336
0.210563
0.112493
0.196789
0.094243
0.026420
0.095026
-0.018206
-0.041244
-0.022754
-0.093604
-0.088913
-0.089795
-0.105351
-0.053546
-0.080218
-0.059817
-0.025606
-0.066635
-0.036260
-0.041138
-0.061028
-0.053111
-0.058943
-0.073329
-0.064576
-0.072935
-0.092906
-0.079336
-0.101122
-0.099123
-0.103467
-0.098255
-0.101510
-0.098298
-0.100551
-0.091340
-0.099020
-0.095271
-0.092299
-0.102151
-0.098279
-0.101796
-0.105758
-0.105342
-0.107715
-0.107570
-0.107280
-0.107618
-0.104993
-0.106808
-0.104414
-0.104686
-0.105698
-0.104828
-0.105816
-0.105916
-0.106164
-0.106319
-0.106920
-0.106632
-0.107469
-0.107300
-0.107540
-0.107766
-0.107675
-0.107924
-0.107974
-0.108067
-0.108289
-0.108196
-0.108447
-0.108420
-0.108501
-0.108711
-0.108700
-0.108900
-0.108983
-0.109103
-0.109191
-0.109340
-0.109365
-0.109531
-0.109515
-0.109602
-0.109616
-0.109645
-0.109674
-0.109685
-0.036176
0.182042
0.447317
0.179700
0.176621
0.156511
0.091158
0.063779
0.129007
-0.067959
-0.032237
-0.041258
-0.098061
-0.047207
-0.009615
-0.064189
-0.093223
-0.043628
-0.077325
-0.089793
-0.073066
-0.104746
-0.098835
-0.100036
-0.105471
-0.086798
-0.091341
-0.091724
-0.081706
-0.094254
-0.097185
-0.096168
-0.095258
-0.100800
-0.103284
-0.101840
-0.106089
-0.096220
-0.096549
-0.093122
-0.100844
-0.103113
-0.103241
-0.107893
-0.106326
-0.105124
-0.105942
-0.104317
-0.107055
-0.109273
-0.109032
-0.106237
-0.105017
-0.103036
-0.105397
-0.107026
-0.107624
-0.107162
-0.106301
-0.105316
-0.106802
-0.106939
-0.107633
-0.107361
-0.107190
-0.106786
-0.107170
-0.107152
-0.107186
-0.107435
-0.107253
-0.107285
-0.107190
-0.107266
-0.107249
-0.107462
-0.107473
-0.107476
-0.107469
-0.107461
-0.107457
-0.107573
-0.107568
-0.107611
-0.107590
-0.107587
-0.107561
-0.107617
-0.107618
-0.107628
-0.107662
-0.107628
-0.107635
-0.107636
-0.107663
-0.107666
-0.107699
-0.107679
-0.107682
-0.107681
1.405830
0.672656
0.688490
0.532265
0.364532
0.008552
0.377231
0.091306
0.153020
0.117633
-0.086287
0.048308
-0.026161
-0.015875
0.018032
-0.104038
-0.016320
-0.045763
-0.082879
-0.050597
-0.095967
-0.096378
-0.098686
-0.095110
-0.093363
-0.102562
-0.079931
-0.104265
-0.077704
-0.086740
-0.095631
-0.083999
-0.102169
-0.092137
-0.093772
-0.103287
-0.091508
-0.101371
-0.097372
-0.095551
-0.108224
-0.100449
-0.107873
-0.106217
-0.107229
-0.106533
-0.106825
-0.108553
-0.102590
-0.107443
-0.104309
-0.104884
-0.108188
-0.105230
-0.108512
-0.107007
-0.107746
-0.108578
-0.107472
-0.109312
-0.107867
-0.108960
-0.108392
-0.108453
-0.108587
-0.108355
-0.108354
-0.108215
-0.108342
-0.108373
-0.108151
-0.108472
-0.108217
-0.108579
-0.108343
-0.108485
-0.108450
-0.108390
-0.108517
-0.108400
-0.108533
-0.108468
-0.108515
-0.108546
-0.108503
-0.108578
-0.108518
-0.108541
-0.108539
-0.108550
-0.108564
-0.108525
-0.108596
-0.108555
-0.108606
-0.108590
-0.108592
-0.108602
-0.108582
-0.108605
-0.024560
0.158017
0.301954
0.139740
-0.077219
0.044904
0.322628
0.010620
0.012008
-0.002388
-0.017179
0.002139
-0.083821
-0.107245
-0.031722
-0.077287
-0.056890
-0.070728
-0.078653
-0.087872
-0.103728
-0.097399
-0.097183
-0.098432
-0.099240
-0.096896
-0.109120
-0.100963
-0.089937
-0.102887
-0.105228
-0.092958
-0.103213
-0.106860
-0.101188
-0.100322
-0.096076
-0.106381
-0.106217
-0.100271
-0.104634
-0.107438
-0.107936
-0.108423
-0.109658
-0.109865
-0.109277
-0.107552
-0.107704
-0.108603
-0.110143
-0.105461
-0.107327
-0.106628
-0.109154
-0.109275
-0.108600
-0.108759
-0.108761
-0.109767
-0.109731
-0.109936
-0.109317
-0.109198
-0.109219
-0.109562
-0.109403
-0.109378
-0.109369
-0.109449
-0.109388
-0.109506
-0.109477
-0.109434
-0.109497
-0.109577
-0.109644
-0.109632
-0.109641
-0.109617
-0.109696
-0.109687
-0.109744
-0.109664
-0.109678
-0.109697
-0.109722
-0.109713
-0.109715
-0.109719
-0.109725
-0.109730
-0.109748
-0.109751
-0.109721
-0.109755
-0.109761
-0.109788
-0.109781
-0.109775
-0.020810
1.660715
1.585231
1.152665
-0.022906
0.537676
0.329774
0.029683
0.107954
0.024471
-0.074172
-0.046022
-0.091885
-0.051750
-0.036650
-0.060953
-0.051842
-0.014928
-0.058920
-0.050245
-0.057585
-0.062316
-0.095389
-0.102096
-0.055764
-0.074094
-0.106188
-0.083165
-0.088295
-0.108284
-0.105404
-0.105439
-0.102507
-0.104484
-0.107033
-0.102051
-0.104780
-0.107154
-0.108029
-0.100333
-0.100364
-0.109717
-0.100031
-0.097176
-0.108980
-0.107906
-0.105260
-0.103345
-0.102847
-0.105774
-0.102923
-0.105793
-0.106464
-0.106348
-0.107294
-0.107400
-0.106805
-0.107288
-0.106388
-0.106074
-0.106494
-0.105827
-0.106346
-0.106957
-0.106212
-0.106891
-0.106976
-0.106811
-0.106503
-0.106722
-0.106971
-0.106581
-0.106864
-0.106838
-0.106703
-0.106751
-0.106687
-0.106620
-0.106676
-0.106610
-0.106607
-0.106645
-0.106603
-0.106648
-0.106701
-0.106633
-0.106703
-0.106715
-0.106689
-0.106671
-0.106708
-0.106742
-0.106690
-0.106737
-0.106732
-0.106708
-0.106716
-0.106701
-0.106693
-0.106701
0.000554
0.193764
0.358551
0.219748
0.204655
0.084996
0.174711
0.063797
-0.056075
-0.046843
-0.089132
-0.062770
-0.080802
-0.090271
-0.084293
-0.077412
-0.050829
-0.077657
-0.079031
-0.067142
-0.088532
-0.101815
-0.096163
-0.095569
-0.097117
-0.102261
-0.085632
-0.093048
-0.093157
-0.094944
-0.103626
-0.102495
-0.105482
-0.101922
-0.104553
-0.103707
-0.102819
-0.102710
-0.100265
-0.104435
-0.105162
-0.105077
-0.106485
-0.109182
-0.106765
-0.106480
-0.106238
-0.107780
-0.105405
-0.108149
-0.108283
-0.109943
-0.108275
-0.108085
-0.107960
-0.107844
-0.108369
-0.107939
-0.108313
-0.108277
-0.108701
-0.108746
-0.108543
-0.108534
-0.108182
-0.108431
-0.108563
-0.108560
-0.108605
-0.108737
-0.108817
-0.108718
-0.108790
-0.108759
-0.108770
-0.108853
-0.108869
-0.108934
-0.108921
-0.108971
-0.108986
-0.109025
-0.109037
-0.109027
-0.109043
-0.109022
-0.109059
-0.109081
-0.109085
-0.109092
-0.109115
-0.109124
-0.109102
-0.109113
-0.109111
-0.109119
-0.109133
-0.109135
-0.109144
-0.109138
-1.455610
1.043578
0.077616
-3.200570
-0.110288
-0.110291
1.466267
1.757302
4.060800
-1.102427
-0.110288
-0.110291
-1.347031
1.397586
0.821762
-3.659266
-0.110288
-0.110291
1.160246
3.389339
5.902888
-3.916334
-0.110288
-0.110291
0.807970
3.762206
6.153883
-4.883451
-0.110288
-0.110291
0.045963
4.425189
6.224879
-6.428013
-0.110288
-0.110291
4.288959
2.303952
7.847642
0.815737
-0.110288
-0.110291
1.229112
0.699175
-0.043914
-0.106100
-0.097280
-0.102174
-0.102105
-0.101391
-0.107973
-0.108173
-0.050644
-0.098775
-0.072047
-0.094737
-0.106822
-0.108915
-0.107707
-0.107336
-0.109158
-0.108985
-0.109522
-0.099664
-0.103573
-0.101756
-0.103882
-0.108431
-0.108716
-0.108757
-0.108326
-0.108955
-0.108972
-0.109022
-0.106314
-0.106362
-0.106748
-0.107362
-0.109724
-0.109584
-0.109813
-0.109444
-0.109486
-0.109702
-0.109528
-0.108526
-0.108746
-0.109578
-0.108462
-0.109911
-0.109951
-0.109902
-0.110030
-0.109911
-0.109920
-0.109960
-0.110031
-0.109363
-0.109979
-0.109422
-0.109995
-0.109955
-0.109941
-0.109958
-0.109991
-0.109971
-0.109977
-0.110013
-0.109904
-0.110014
-0.110107
-0.109973
-0.109997
-0.110007
-0.109999
-0.110005
-0.110011
-0.110011
-0.110001
-0.110036
-0.109981
-0.110014
-0.110018
-0.110018
-0.110020
-0.110023
-0.110022
-0.110024
-0.110026
-0.110016
-0.110032
-0.110042
-0.110025
-0.110029
-0.110031
-0.110030
-0.110032
-0.110033
-0.110032
-0.110033
-0.110040
-0.110028
1.466497
1.200735
-0.069002
-0.087263
-0.089497
-0.095360
-0.106779
-0.096196
-0.101382
-0.095853
-0.023042
-0.091628
-0.060609
-0.087832
-0.096195
-0.099791
-0.100240
-0.101262
-0.103922
-0.103291
-0.102785
-0.092982
-0.101041
-0.100018
-0.099413
-0.103478
-0.104537
-0.105467
-0.105159
-0.105446
-0.105439
-0.104847
-0.101869
-0.108569
-0.105065
-0.106885
-0.110261
-0.109643
-0.109458
-0.109447
-0.109176
-0.109470
-0.109491
-0.109201
-0.106589
-0.109672
-0.106383
-0.108581
-0.108923
-0.109023
-0.109155
-0.109294
-0.109236
-0.109289
-0.109331
-0.109098
-0.109386
-0.109342
-0.109471
-0.109476
-0.109505
-0.109484
-0.109502
-0.109542
-0.109549
-0.109525
-0.109635
-0.109523
-0.109606
-0.109588
-0.109601
-0.109612
-0.109631
-0.109634
-0.109643
-0.109653
-0.109673
-0.109639
-0.109713
-0.109674
-0.109704
-0.109707
-0.109709
-0.109714
-0.109721
-0.109724
-0.109727
-0.109737
-0.109732
-0.109739
-0.109740
-0.109743
-0.109745
-0.109748
-0.109748
-0.109749
-0.109750
-0.109751
-0.109745
-0.109761
1.135949
0.952050
-0.095249
-0.087055
-0.091369
-0.099801
-0.101425
-0.099730
-0.098619
-0.094880
-0.037873
-0.089044
-0.055727
-0.098140
-0.105808
-0.106582
-0.106357
-0.107268
-0.108341
-0.108895
-0.109453
-0.100911
-0.097393
-0.094505
-0.106907
-0.108936
-0.108670
-0.108576
-0.108447
-0.108310
-0.108461
-0.108412
-0.105912
-0.104792
-0.105386
-0.106898
-0.108861
-0.109150
-0.109315
-0.109361
-0.109378
-0.109352
-0.109356
-0.109223
-0.107215
-0.109001
-0.107775
-0.109459
-0.109486
-0.109509
-0.109582
-0.109618
-0.109629
-0.109633
-0.109644
-0.108804
-0.109509
-0.110088
-0.109706
-0.109722
-0.109723
-0.109715
-0.109721
-0.109738
-0.109750
-0.109754
-0.109954
-0.109707
-0.109602
-0.109770
-0.109772
-0.109779
-0.109786
-0.109789
-0.109791
-0.109795
-0.109779
-0.109784
-0.109855
-0.109825
-0.109820
-0.109823
-0.109825
-0.109828
-0.109832
-0.109835
-0.109838
-0.109858
-0.109830
-0.109817
-0.109845
-0.109844
-0.109846
-0.109846
-0.109847
-0.109847
-0.109847
-0.109847
-0.109842
-0.109855
1.174823
2.350219
-0.035156
-0.092162
-0.102213
-0.099738
-0.100080
-0.095782
-0.094311
-0.084810
0.065529
-0.069521
0.012061
-0.077036
-0.095912
-0.100683
-0.102042
-0.103262
-0.103272
-0.103127
-0.100395
-0.076505
-0.093303
-0.086767
-0.092265
-0.102192
-0.104329
-0.104980
-0.105489
-0.105503
-0.105442
-0.104386
-0.097940
-0.101337
-0.102679
-0.099845
-0.106692
-0.107710
-0.107971
-0.108148
-0.108153
-0.108163
-0.107896
-0.106371
-0.103971
-0.106875
-0.105929
-0.110175
-0.109802
-0.109687
-0.109593
-0.109577
-0.109549
-0.109602
-0.109815
-0.107394
-0.109337
-0.107987
-0.109424
-0.109442
-0.109459
-0.109484
-0.109498
-0.109514
-0.109516
-0.109581
-0.109867
-0.109565
-0.109341
-0.109534
-0.109549
-0.109555
-0.109561
-0.109565
-0.109571
-0.109577
-0.109494
-0.109576
-0.109572
-0.109641
-0.109583
-0.109595
-0.109600
-0.109604
-0.109608
-0.109611
-0.109619
-0.109650
-0.109604
-0.109585
-0.109621
-0.109622
-0.109624
-0.109626
-0.109626
-0.109627
-0.109628
-0.109626
-0.109631
-0.109624
0.785440
2.617382
-0.019508
-0.088610
-0.097658
-0.103240
-0.107259
-0.106930
-0.101051
-0.080880
0.064431
-0.050932
0.030796
-0.083762
-0.090317
-0.094911
-0.097063
-0.098277
-0.098818
-0.098383
-0.095211
-0.072734
-0.092691
-0.085148
-0.091800
-0.099938
-0.102312
-0.103302
-0.103786
-0.103963
-0.103783
-0.102626
-0.098083
-0.097644
-0.098036
-0.102614
-0.108970
-0.109889
-0.109676
-0.109562
-0.109568
-0.109699
-0.109958
-0.109236
-0.101739
-0.106699
-0.104024
-0.107752
-0.108388
-0.108597
-0.108718
-0.108797
-0.108846
-0.108867
-0.108841
-0.109159
-0.109311
-0.107819
-0.109115
-0.109119
-0.109145
-0.109165
-0.109183
-0.109201
-0.109218
-0.109159
-0.108895
-0.109277
-0.109628
-0.109270
-0.109297
-0.109312
-0.109325
-0.109337
-0.109348
-0.109360
-0.109451
-0.109363
-0.109358
-0.109351
-0.109418
-0.109418
-0.109422
-0.109427
-0.109431
-0.109435
-0.109436
-0.109408
-0.109466
-0.109503
-0.109451
-0.109458
-0.109460
-0.109463
-0.109466
-0.109468
-0.109469
-0.109472
-0.109473
-0.109474
0.041845
3.073327
0.009294
-0.057067
-0.071734
-0.081128
-0.086415
-0.088342
-0.087066
-0.071201
0.103878
-0.065611
0.016958
-0.056855
-0.079866
-0.086700
-0.090354
-0.092785
-0.094461
-0.095216
-0.095118
-0.065394
-0.091240
-0.088844
-0.081405
-0.094909
-0.097281
-0.098532
-0.099203
-0.099490
-0.099322
-0.098222
-0.090030
-0.105446
-0.098380
-0.100730
-0.109748
-0.109023
-0.108586
-0.108402
-0.108356
-0.108392
-0.108321
-0.107506
-0.101748
-0.108219
-0.101674
-0.106868
-0.107606
-0.107934
-0.108143
-0.108288
-0.108387
-0.108457
-0.108285
-0.107686
-0.108770
-0.107685
-0.108927
-0.108862
-0.108893
-0.108924
-0.108957
-0.108994
-0.109044
-0.109003
-0.109166
-0.108980
-0.109303
-0.109062
-0.109134
-0.109163
-0.109190
-0.109213
-0.109235
-0.109249
-0.109310
-0.109225
-0.109366
-0.109306
-0.109387
-0.109386
-0.109397
-0.109409
-0.109420
-0.109431
-0.109441
-0.109452
-0.109452
-0.109480
-0.109459
-0.109472
-0.109478
-0.109482
-0.109487
-0.109490
-0.109492
-0.109494
-0.109483
-0.109518
