-0.728221
2.978583
3.357693
-12.129813
-0.111167
-0.111156
-0.205836
0.593449
0.994460
-2.506432
-0.111166
-0.111160
1.713974
2.084131
7.049989
-2.249351
-0.111163
-0.111164
-0.355764
0.925198
2.729558
-3.460596
-0.111164
-0.111160
-0.039819
3.840689
8.380244
-10.173275
-0.111164
-0.111162
-0.379428
0.928064
1.036142
-3.394140
-0.111166
-0.111160
9.483931
-0.110858
9.484351
9.483671
-0.111162
-0.111167
5.333846
1.643557
9.074052
2.276472
-0.111162
-0.111164
0.558949
0.395058
1.366169
0.375325
0.952662
0.633238
0.331633
0.253119
0.119000
-0.011596
0.058562
-0.074146
0.007393
-0.046099
-0.003865
0.003081
0.027602
-0.004779
0.010428
0.001656
-0.061046
-0.029947
-0.079782
-0.060150
-0.075111
-0.074451
-0.083411
-0.086798
-0.088860
-0.089045
-0.070063
-0.060967
-0.070170
-0.055985
-0.077659
-0.069417
-0.084454
-0.076845
-0.084538
-0.074249
-0.079777
-0.074919
-0.073621
-0.080575
-0.076583
-0.089871
-0.083997
-0.089860
-0.092114
-0.087133
-0.093173
-0.085645
-0.087626
-0.083234
-0.084523
-0.086242
-0.085299
-0.089226
-0.088202
-0.090201
-0.089199
-0.090018
-0.088857
-0.089473
-0.089087
-0.089828
-0.090089
-0.090752
-0.091300
-0.091099
-0.091434
-0.091451
-0.091337
-0.091595
-0.091365
-0.091599
-0.091491
-0.091804
-0.091964
-0.092117
-0.092273
-0.092338
-0.092425
-0.092436
-0.092525
-0.092520
-0.092604
-0.092612
-0.092709
-0.092755
-0.092806
-0.092867
-0.092887
-0.092923
-0.092938
-0.092958
-0.092972
-0.092988
-0.093000
-0.093013
-0.033666
-0.031556
0.095561
0.129685
0.093878
0.028977
0.064068
0.052040
-0.026778
-0.009226
-0.058634
-0.090513
-0.084389
-0.071698
-0.066499
-0.099961
-0.074382
-0.071003
-0.072668
-0.071664
-0.080048
-0.084003
-0.091387
-0.095931
-0.094736
-0.091573
-0.089663
-0.088644
-0.097961
-0.101620
-0.106944
-0.104380
-0.093534
-0.092518
-0.095951
-0.099949
-0.097562
-0.104190
-0.102004
-0.098326
-0.094119
-0.095572
-0.097202
-0.099799
-0.103137
-0.101189
-0.103087
-0.101671
-0.101282
-0.102556
-0.101515
-0.104458
-0.104257
-0.103624
-0.102917
-0.101323
-0.101819
-0.102319
-0.103516
-0.102998
-0.103584
-0.103419
-0.103032
-0.102864
-0.103241
-0.103615
-0.103876
-0.104062
-0.103865
-0.104008
-0.103928
-0.104023
-0.104113
-0.104095
-0.104231
-0.104235
-0.104242
-0.104265
-0.104272
-0.104340
-0.104400
-0.104460
-0.104465
-0.104504
-0.104524
-0.104551
-0.104571
-0.104585
-0.104602
-0.104610
-0.104639
-0.104658
-0.104682
-0.104683
-0.104695
-0.104703
-0.104704
-0.104714
-0.104719
-0.104724
1.693159
0.724085
0.279785
0.843436
0.121092
0.364947
0.155361
0.195964
0.208398
0.021410
0.082369
-0.023064
-0.014261
-0.007553
-0.041093
-0.006550
-0.025746
-0.047974
-0.032383
-0.084127
-0.042359
-0.096831
-0.075882
-0.093662
-0.083474
-0.087125
-0.067911
-0.094014
-0.074677
-0.091878
-0.082614
-0.085664
-0.095507
-0.091845
-0.098341
-0.099149
-0.094786
-0.100554
-0.092451
-0.098671
-0.096543
-0.098233
-0.104048
-0.098993
-0.107509
-0.102871
-0.105023
-0.102390
-0.102706
-0.100759
-0.105457
-0.101808
-0.106263
-0.103424
-0.106289
-0.105639
-0.107258
-0.105826
-0.107325
-0.105579
-0.107138
-0.105786
-0.107361
-0.106620
-0.107716
-0.107413
-0.107740
-0.107741
-0.107892
-0.107694
-0.107727
-0.107871
-0.107930
-0.108268
-0.108246
-0.108455
-0.108430
-0.108619
-0.108578
-0.108745
-0.108634
-0.108771
-0.108757
-0.108870
-0.108921
-0.108995
-0.109030
-0.109076
-0.109120
-0.109143
-0.109191
-0.109191
-0.109239
-0.109246
-0.109281
-0.109294
-0.109314
-0.109323
-0.109330
-0.109331
0.107280
0.104855
0.166965
0.199362
0.246430
0.049150
0.117354
0.061165
0.032764
0.023489
0.027722
0.022844
0.005331
-0.013742
-0.039738
-0.050054
-0.057622
-0.065137
-0.078371
-0.061616
-0.077449
-0.090235
-0.090871
-0.085100
-0.084222
-0.081855
-0.075978
-0.077702
-0.083858
-0.080561
-0.085842
-0.087408
-0.088786
-0.087944
-0.089882
-0.091131
-0.094971
-0.096650
-0.098266
-0.097688
-0.098794
-0.099797
-0.097678
-0.100124
-0.100353
-0.101376
-0.096914
-0.097519
-0.097716
-0.096224
-0.098579
-0.099174
-0.099694
-0.100201
-0.100750
-0.101041
-0.100967
-0.101474
-0.101683
-0.102289
-0.102130
-0.102282
-0.102099
-0.102264
-0.102320
-0.102353
-0.102394
-0.102569
-0.102589
-0.102406
-0.102630
-0.102748
-0.102808
-0.103041
-0.103121
-0.103232
-0.103242
-0.103332
-0.103381
-0.103414
-0.103446
-0.103506
-0.103554
-0.103580
-0.103639
-0.103671
-0.103715
-0.103737
-0.103775
-0.103799
-0.103822
-0.103846
-0.103866
-0.103883
-0.103893
-0.103904
-0.103912
-0.103921
-0.103926
-0.103930
-0.087787
1.940154
1.172056
0.431653
0.975693
0.476443
0.103597
0.027667
-0.072233
-0.049754
-0.048289
-0.012130
-0.068403
-0.020478
-0.052266
-0.022042
-0.060765
-0.049631
-0.046858
-0.085759
-0.055290
-0.057160
-0.028777
-0.053031
-0.052275
-0.080609
-0.073197
-0.084132
-0.052841
-0.068039
-0.053745
-0.060706
-0.069403
-0.060231
-0.071577
-0.069112
-0.073496
-0.071173
-0.078836
-0.074973
-0.076907
-0.082764
-0.073697
-0.076790
-0.070549
-0.073016
-0.077167
-0.079539
-0.081726
-0.082136
-0.080000
-0.077109
-0.079496
-0.077701
-0.081410
-0.081750
-0.081271
-0.083259
-0.082685
-0.083504
-0.083265
-0.084275
-0.083447
-0.084278
-0.084343
-0.083965
-0.084647
-0.084062
-0.085173
-0.085260
-0.085767
-0.085814
-0.086000
-0.085761
-0.086076
-0.086147
-0.086368
-0.086660
-0.086670
-0.086886
-0.086994
-0.087121
-0.087204
-0.087288
-0.087332
-0.087420
-0.087493
-0.087583
-0.087672
-0.087719
-0.087777
-0.087830
-0.087868
-0.087905
-0.087936
-0.087967
-0.087984
-0.088008
-0.088020
-0.088026
0.165720
0.277937
0.302625
0.191705
0.050709
0.069319
0.068086
0.000466
0.023123
-0.096607
-0.078718
-0.097236
-0.089520
-0.108765
-0.099209
-0.087265
-0.092672
-0.094994
-0.085029
-0.091648
-0.080464
-0.090860
-0.101241
-0.105931
-0.107368
-0.106314
-0.109639
-0.099640
-0.101237
-0.098851
-0.102938
-0.099327
-0.106595
-0.104600
-0.109180
-0.106275
-0.107484
-0.106167
-0.110079
-0.106324
-0.107764
-0.103780
-0.105324
-0.103823
-0.106204
-0.107459
-0.108379
-0.108195
-0.108190
-0.108124
-0.107045
-0.107578
-0.106777
-0.107440
-0.106991
-0.108084
-0.107990
-0.108511
-0.108078
-0.108186
-0.108119
-0.108450
-0.108133
-0.108280
-0.107920
-0.108172
-0.108154
-0.108377
-0.108534
-0.108529
-0.108485
-0.108499
-0.108517
-0.108493
-0.108524
-0.108460
-0.108528
-0.108551
-0.108610
-0.108650
-0.108656
-0.108648
-0.108657
-0.108668
-0.108679
-0.108682
-0.108680
-0.108692
-0.108706
-0.108720
-0.108731
-0.108736
-0.108736
-0.108740
-0.108744
-0.108749
-0.108749
-0.108752
-0.108751
-0.108755
-1.326318
1.691514
1.387085
-3.719485
-0.111163
-0.111167
1.836098
3.690456
7.533696
-3.251715
-0.111163
-0.111167
-2.083934
1.700805
0.731821
-4.399145
-0.111163
-0.111166
0.454323
2.168693
3.564252
-2.880024
-0.111163
-0.111167
-0.611993
2.871158
3.610290
-4.770717
-0.111163
-0.111167
0.585698
3.107876
5.052930
-4.044154
-0.111163
-0.111167
5.055165
3.224915
9.781481
0.349835
-0.111163
-0.111167
1.107441
1.147548
0.028341
-0.107121
-0.103739
-0.108080
-0.109170
-0.107263
-0.104672
-0.107772
-0.078386
-0.025934
-0.091471
-0.049531
-0.107911
-0.108116
-0.107655
-0.107248
-0.107594
-0.107882
-0.106082
-0.105626
-0.102876
-0.095091
-0.105544
-0.098263
-0.109250
-0.108751
-0.109038
-0.109553
-0.109432
-0.109089
-0.109556
-0.110869
-0.105652
-0.104199
-0.104399
-0.104456
-0.108138
-0.108782
-0.108600
-0.108452
-0.108603
-0.108737
-0.108302
-0.107573
-0.108933
-0.108466
-0.110003
-0.109354
-0.109722
-0.109401
-0.109473
-0.109571
-0.109546
-0.109531
-0.109670
-0.110081
-0.109109
-0.109503
-0.108825
-0.109287
-0.109418
-0.109538
-0.109555
-0.109560
-0.109586
-0.109612
-0.109619
-0.109480
-0.109763
-0.109611
-0.109856
-0.109748
-0.109756
-0.109745
-0.109750
-0.109759
-0.109765
-0.109769
-0.109763
-0.109824
-0.109764
-0.109823
-0.109780
-0.109800
-0.109802
-0.109807
-0.109812
-0.109816
-0.109819
-0.109822
-0.109833
-0.109819
-0.109830
-0.109819
-0.109827
-0.109829
-0.109830
-0.109831
1.812063
2.563142
0.088730
-0.093746
-0.091288
-0.089050
-0.095340
-0.099676
-0.091154
-0.093290
-0.094157
0.070153
-0.103979
0.013565
-0.087917
-0.097588
-0.104190
-0.105544
-0.102815
-0.106196
-0.104333
-0.099584
-0.106325
-0.072808
-0.107224
-0.083229
-0.102096
-0.107329
-0.107367
-0.107295
-0.108706
-0.108268
-0.106687
-0.105839
-0.105708
-0.095828
-0.108672
-0.099856
-0.108176
-0.107936
-0.108948
-0.110138
-0.108726
-0.109308
-0.109525
-0.106730
-0.108380
-0.104667
-0.109121
-0.107637
-0.109103
-0.110468
-0.110360
-0.110012
-0.110631
-0.110596
-0.109949
-0.110039
-0.109688
-0.109236
-0.110419
-0.109952
-0.110907
-0.110520
-0.110538
-0.110782
-0.110593
-0.110569
-0.110830
-0.110379
-0.110706
-0.110537
-0.110639
-0.110788
-0.110658
-0.110708
-0.110731
-0.110691
-0.110712
-0.110741
-0.110682
-0.110748
-0.110715
-0.110718
-0.110736
-0.110718
-0.110733
-0.110735
-0.110730
-0.110736
-0.110739
-0.110732
-0.110746
-0.110735
-0.110739
-0.110738
-0.110738
-0.110741
-0.110741
-0.110741
1.855883
1.148605
0.081366
-0.105781
-0.095888
-0.085743
-0.101553
-0.107811
-0.097975
-0.103453
-0.097697
-0.033916
-0.097511
-0.052998
-0.086484
-0.105911
-0.107207
-0.103279
-0.106340
-0.109966
-0.104762
-0.105466
-0.108518
-0.097141
-0.107092
-0.096450
-0.104599
-0.109428
-0.107666
-0.108759
-0.109951
-0.108451
-0.108679
-0.108967
-0.107862
-0.105996
-0.106544
-0.106425
-0.106240
-0.109350
-0.109728
-0.108206
-0.109285
-0.110062
-0.108172
-0.108630
-0.109681
-0.110128
-0.110469
-0.109043
-0.110643
-0.110161
-0.110004
-0.110746
-0.110286
-0.110093
-0.110711
-0.110301
-0.109878
-0.110289
-0.109734
-0.110247
-0.109983
-0.110274
-0.110339
-0.110203
-0.110307
-0.110389
-0.110241
-0.110256
-0.110463
-0.110335
-0.110526
-0.110414
-0.110472
-0.110438
-0.110426
-0.110455
-0.110449
-0.110432
-0.110458
-0.110480
-0.110434
-0.110483
-0.110447
-0.110466
-0.110461
-0.110465
-0.110471
-0.110470
-0.110471
-0.110478
-0.110479
-0.110469
-0.110479
-0.110470
-0.110475
-0.110476
-0.110478
-0.110478
0.445924
1.489832
-0.018759
-0.106781
-0.105951
-0.107565
-0.108470
-0.109610
-0.106666
-0.104021
-0.087306
0.000125
-0.095791
-0.034341
-0.104756
-0.103907
-0.105262
-0.108110
-0.106109
-0.106896
-0.108356
-0.104365
-0.107991
-0.086433
-0.107027
-0.096535
-0.109046
-0.109296
-0.110365
-0.109098
-0.109619
-0.109943
-0.108875
-0.109231
-0.106408
-0.101635
-0.105668
-0.102261
-0.108505
-0.107975
-0.108066
-0.108777
-0.108282
-0.108388
-0.108840
-0.107392
-0.110219
-0.106337
-0.109680
-0.110572
-0.109593
-0.109734
-0.109770
-0.109525
-0.109711
-0.109729
-0.109596
-0.110057
-0.109095
-0.109365
-0.109117
-0.109025
-0.109503
-0.109510
-0.109531
-0.109613
-0.109598
-0.109611
-0.109666
-0.109527
-0.109817
-0.109632
-0.109818
-0.109847
-0.109785
-0.109791
-0.109800
-0.109795
-0.109805
-0.109813
-0.109805
-0.109856
-0.109802
-0.109851
-0.109832
-0.109832
-0.109841
-0.109846
-0.109849
-0.109854
-0.109857
-0.109859
-0.109867
-0.109855
-0.109866
-0.109859
-0.109862
-0.109866
-0.109867
-0.109867
0.371017
1.990591
-0.050759
-0.085219
-0.096279
-0.104576
-0.095283
-0.098026
-0.102506
-0.094667
-0.089128
0.027499
-0.084011
-0.005651
-0.086363
-0.107220
-0.101003
-0.098417
-0.106061
-0.103751
-0.098431
-0.103891
-0.099034
-0.091893
-0.105698
-0.086356
-0.108073
-0.105335
-0.105121
-0.109838
-0.106181
-0.105532
-0.110147
-0.105930
-0.102334
-0.099469
-0.100969
-0.100935
-0.102472
-0.106752
-0.106508
-0.104726
-0.106663
-0.106834
-0.104476
-0.105880
-0.105997
-0.109001
-0.110023
-0.106308
-0.109173
-0.107461
-0.107464
-0.108375
-0.107702
-0.107625
-0.108588
-0.108012
-0.107313
-0.107748
-0.106935
-0.107811
-0.107525
-0.107934
-0.108028
-0.107878
-0.108038
-0.108136
-0.107964
-0.108004
-0.108279
-0.108134
-0.108458
-0.108268
-0.108357
-0.108323
-0.108314
-0.108361
-0.108363
-0.108350
-0.108390
-0.108434
-0.108375
-0.108453
-0.108398
-0.108435
-0.108435
-0.108444
-0.108457
-0.108461
-0.108466
-0.108478
-0.108485
-0.108473
-0.108488
-0.108476
-0.108487
-0.108489
-0.108492
-0.108493
0.598413
2.151517
-0.061219
-0.077554
-0.088191
-0.088479
-0.100606
-0.098754
-0.095694
-0.102695
-0.086632
0.053160
-0.087265
0.001009
-0.104966
-0.097907
-0.101419
-0.104626
-0.100850
-0.103675
-0.103909
-0.098468
-0.109898
-0.075950
-0.105162
-0.092193
-0.105570
-0.107448
-0.107857
-0.106006
-0.107798
-0.107450
-0.106063
-0.108601
-0.103923
-0.096196
-0.102893
-0.097580
-0.106790
-0.105647
-0.105793
-0.107030
-0.105976
-0.106340
-0.106990
-0.104628
-0.108430
-0.103821
-0.108110
-0.110052
-0.107609
-0.108021
-0.108124
-0.107703
-0.108096
-0.108101
-0.107865
-0.108715
-0.107407
-0.107653
-0.107467
-0.107295
-0.107986
-0.107977
-0.107988
-0.108135
-0.108099
-0.108120
-0.108226
-0.108007
-0.108390
-0.108202
-0.108416
-0.108466
-0.108385
-0.108399
-0.108425
-0.108419
-0.108439
-0.108459
-0.108445
-0.108523
-0.108461
-0.108520
-0.108502
-0.108505
-0.108521
-0.108531
-0.108536
-0.108545
-0.108552
-0.108556
-0.108571
-0.108556
-0.108570
-0.108563
-0.108569
-0.108574
-0.108575
-0.108576
