-0.666945
2.687040
2.614472
-7.617481
-0.124504
-0.124500
-0.123754
1.490218
2.287795
-4.034666
-0.124503
-0.124501
1.329445
2.043519
4.586132
-2.661163
-0.124501
-0.124504
-0.007093
0.979009
2.639649
-2.513434
-0.124500
-0.124501
-0.057425
3.821852
7.734871
-8.835168
-0.124501
-0.124502
-0.370066
1.142093
2.426090
-3.142668
-0.124502
-0.124501
10.250269
-0.123904
10.251291
10.249576
-0.124499
-0.124504
5.565484
1.610422
8.160209
1.734922
-0.124501
-0.124503
0.409332
0.519168
1.137351
0.620255
-0.036901
0.689375
0.408614
0.131622
0.305742
-0.107969
0.071525
-0.083040
-0.013638
0.006671
-0.075056
0.011668
0.008218
-0.084433
-0.029373
-0.079898
-0.088754
-0.103556
-0.086588
-0.099891
-0.103754
-0.102439
-0.081975
-0.086571
-0.099777
-0.075179
-0.104168
-0.085723
-0.105866
-0.086953
-0.119057
-0.096751
-0.114402
-0.105589
-0.117247
-0.109988
-0.110349
-0.111183
-0.112135
-0.106925
-0.112371
-0.116294
-0.108803
-0.120642
-0.113623
-0.119573
-0.114472
-0.117061
-0.113913
-0.116157
-0.112939
-0.115804
-0.113707
-0.115621
-0.115792
-0.115693
-0.117044
-0.116459
-0.116619
-0.116664
-0.116692
-0.116587
-0.116941
-0.116569
-0.116950
-0.117014
-0.117082
-0.117331
-0.117256
-0.117363
-0.117443
-0.117368
-0.117439
-0.117484
-0.117465
-0.117613
-0.117683
-0.117600
-0.117893
-0.117709
-0.117907
-0.117761
-0.117866
-0.117750
-0.117873
-0.117720
-0.117899
-0.117799
-0.117948
-0.117958
-0.117955
-0.118071
-0.117959
-0.118009
-0.117912
-0.118015
-0.114218
0.380244
0.245191
0.475239
0.051524
0.109664
0.225680
0.102151
0.139331
0.096695
0.026470
0.031862
0.047334
0.011724
-0.007250
-0.010660
-0.096303
-0.069981
-0.068940
-0.069515
-0.086991
-0.094610
-0.083830
-0.104865
-0.076702
-0.106689
-0.073767
-0.094567
-0.103314
-0.108170
-0.115763
-0.120105
-0.112170
-0.102831
-0.104175
-0.099935
-0.104260
-0.113966
-0.110187
-0.114281
-0.110283
-0.112461
-0.113960
-0.110900
-0.113418
-0.112075
-0.116056
-0.110765
-0.111301
-0.111321
-0.112993
-0.115000
-0.115143
-0.116304
-0.117861
-0.117732
-0.117736
-0.116079
-0.116979
-0.116194
-0.116795
-0.116547
-0.116798
-0.116882
-0.116865
-0.116776
-0.116982
-0.117060
-0.117251
-0.117176
-0.117158
-0.117165
-0.117292
-0.117320
-0.117382
-0.117413
-0.117500
-0.117565
-0.117551
-0.117639
-0.117651
-0.117735
-0.117676
-0.117679
-0.117715
-0.117802
-0.117896
-0.117912
-0.117994
-0.118063
-0.118045
-0.118040
-0.117916
-0.118007
-0.117928
-0.118013
-0.118001
-0.118061
-0.118024
-0.118014
1.319059
0.916187
0.600936
0.339369
0.362981
0.125341
0.269919
-0.088106
0.047554
-0.078241
-0.075994
-0.062465
-0.094825
-0.063747
-0.092443
-0.040294
-0.086981
-0.076252
-0.097625
-0.100403
-0.097099
-0.120220
-0.110453
-0.108797
-0.100978
-0.101402
-0.107271
-0.098284
-0.121153
-0.105038
-0.114931
-0.116850
-0.111738
-0.113814
-0.115889
-0.110747
-0.118636
-0.112700
-0.123141
-0.117715
-0.120774
-0.118855
-0.120634
-0.121804
-0.118428
-0.123514
-0.117956
-0.123519
-0.119689
-0.121864
-0.120661
-0.120677
-0.121305
-0.121138
-0.120558
-0.121593
-0.120246
-0.121978
-0.120869
-0.121719
-0.121394
-0.121572
-0.121717
-0.121689
-0.121803
-0.121648
-0.121945
-0.121792
-0.121915
-0.121981
-0.121949
-0.122095
-0.121992
-0.122116
-0.122081
-0.122113
-0.122140
-0.122152
-0.122190
-0.122154
-0.122275
-0.122161
-0.122315
-0.122223
-0.122276
-0.122266
-0.122255
-0.122292
-0.122292
-0.122262
-0.122326
-0.122245
-0.122367
-0.122275
-0.122362
-0.122309
-0.122344
-0.122351
-0.122323
-0.122364
0.003043
0.152292
-0.097206
0.076968
0.341106
0.103675
0.265423
-0.041243
0.045411
-0.082061
-0.002076
-0.089269
-0.090148
-0.049333
-0.084711
-0.059269
-0.089019
-0.057073
-0.105557
-0.109711
-0.111234
-0.112917
-0.120993
-0.119622
-0.102534
-0.104355
-0.119344
-0.101953
-0.116424
-0.110259
-0.116876
-0.107442
-0.121399
-0.116396
-0.112817
-0.110282
-0.115083
-0.120438
-0.116490
-0.119374
-0.119331
-0.120569
-0.120424
-0.121416
-0.121602
-0.121214
-0.119531
-0.121268
-0.120745
-0.123852
-0.122040
-0.121854
-0.121850
-0.122414
-0.123363
-0.122147
-0.122821
-0.122283
-0.123238
-0.122886
-0.122904
-0.122913
-0.122956
-0.122987
-0.123040
-0.123106
-0.123271
-0.123146
-0.123244
-0.123201
-0.123329
-0.123367
-0.123403
-0.123444
-0.123434
-0.123480
-0.123503
-0.123542
-0.123554
-0.123583
-0.123685
-0.123604
-0.123694
-0.123587
-0.123691
-0.123643
-0.123692
-0.123642
-0.123715
-0.123733
-0.123705
-0.123703
-0.123697
-0.123771
-0.123775
-0.123784
-0.123752
-0.123809
-0.123774
-0.123813
-0.050619
0.907318
1.666355
1.355601
0.333354
0.577174
0.342144
0.147458
0.101140
0.106310
0.008004
0.017295
0.006005
-0.011460
-0.035694
0.013684
-0.014114
-0.032130
0.001357
-0.035995
-0.068375
-0.071816
-0.053691
-0.057244
-0.091650
-0.091823
-0.094564
-0.115699
-0.113666
-0.117578
-0.120237
-0.121858
-0.119731
-0.119074
-0.116398
-0.119070
-0.108233
-0.112270
-0.110570
-0.103397
-0.107110
-0.110100
-0.111075
-0.107906
-0.104242
-0.109363
-0.108226
-0.109393
-0.111785
-0.112306
-0.112652
-0.114190
-0.113863
-0.114832
-0.115049
-0.115388
-0.115478
-0.116316
-0.115642
-0.116450
-0.116022
-0.115385
-0.115485
-0.115426
-0.115919
-0.115698
-0.115674
-0.115789
-0.115667
-0.115777
-0.115836
-0.115839
-0.115895
-0.115962
-0.115929
-0.116034
-0.116112
-0.116156
-0.116184
-0.116143
-0.116275
-0.116285
-0.116348
-0.116433
-0.116469
-0.116506
-0.116578
-0.116583
-0.116642
-0.116666
-0.116692
-0.116706
-0.116764
-0.116714
-0.116779
-0.116734
-0.116667
-0.116674
-0.116708
-0.116766
0.106754
0.154020
0.237397
0.252024
0.291613
0.265660
0.131468
0.105564
-0.054318
-0.069507
-0.091236
-0.089559
-0.107521
-0.081684
-0.079096
-0.108817
-0.076512
-0.082989
-0.084057
-0.113989
-0.111296
-0.114418
-0.121157
-0.104996
-0.114965
-0.112364
-0.114927
-0.110318
-0.108602
-0.115699
-0.114857
-0.116427
-0.115577
-0.116267
-0.111570
-0.114588
-0.114959
-0.119246
-0.119222
-0.122987
-0.121780
-0.122795
-0.123008
-0.121084
-0.123145
-0.120300
-0.122376
-0.122461
-0.123991
-0.122288
-0.122388
-0.122299
-0.122405
-0.122256
-0.122553
-0.121949
-0.121920
-0.121741
-0.121942
-0.122192
-0.122514
-0.122502
-0.122579
-0.122642
-0.122569
-0.122765
-0.122582
-0.122681
-0.122664
-0.122745
-0.122801
-0.122795
-0.122855
-0.122846
-0.122902
-0.122877
-0.122905
-0.122911
-0.122899
-0.122971
-0.122923
-0.122986
-0.122952
-0.122982
-0.122940
-0.122952
-0.122956
-0.122964
-0.122962
-0.122981
-0.122949
-0.122952
-0.122946
-0.122976
-0.122991
-0.123030
-0.123024
-0.123011
-0.123026
-0.122984
-1.855054
1.436675
0.311932
-4.169318
-0.124501
-0.124504
1.567490
1.824014
4.442410
-1.106682
-0.124501
-0.124505
-1.842383
1.817082
0.879272
-4.616091
-0.124501
-0.124505
1.501798
4.199814
7.956096
-4.362301
-0.124501
-0.124505
1.687625
3.828520
7.237106
-3.947065
-0.124501
-0.124505
-0.347534
4.125628
5.560249
-6.603493
-0.124501
-0.124505
5.883363
2.278361
9.198724
2.422441
-0.124501
-0.124505
1.598727
0.969848
-0.047797
-0.107583
-0.103280
-0.112282
-0.117401
-0.113781
-0.116673
-0.047283
-0.085032
-0.066499
-0.098133
-0.117551
-0.119114
-0.118101
-0.119522
-0.120980
-0.120824
-0.114564
-0.106456
-0.111360
-0.116284
-0.122053
-0.122141
-0.122442
-0.121660
-0.121842
-0.122061
-0.120651
-0.118320
-0.123608
-0.116074
-0.123005
-0.122458
-0.122486
-0.122858
-0.122605
-0.122585
-0.122831
-0.119581
-0.123902
-0.123166
-0.122005
-0.122819
-0.122867
-0.122870
-0.123056
-0.123066
-0.123093
-0.123759
-0.122299
-0.122483
-0.123458
-0.123161
-0.123174
-0.123178
-0.123174
-0.123204
-0.123214
-0.123162
-0.123441
-0.123306
-0.123190
-0.123294
-0.123317
-0.123316
-0.123308
-0.123340
-0.123348
-0.123359
-0.123344
-0.123377
-0.123385
-0.123388
-0.123370
-0.123428
-0.123447
-0.123396
-0.123420
-0.123427
-0.123432
-0.123441
-0.123445
-0.123450
-0.123470
-0.123418
-0.123440
-0.123488
-0.123467
-0.123468
-0.123470
-0.123473
-0.123478
-0.123469
-0.123473
-0.123502
-0.123479
-0.123466
-0.123482
1.567048
1.241069
-0.058766
-0.115284
-0.114780
-0.120870
-0.115121
-0.112368
-0.097173
-0.024930
-0.092980
-0.077208
-0.082975
-0.101856
-0.108207
-0.111176
-0.112670
-0.112707
-0.111532
-0.103979
-0.112346
-0.113284
-0.111900
-0.122305
-0.122305
-0.122255
-0.121749
-0.122019
-0.121886
-0.122743
-0.114503
-0.122274
-0.114285
-0.120831
-0.121663
-0.121728
-0.121966
-0.121845
-0.121936
-0.121573
-0.119458
-0.122458
-0.121531
-0.122032
-0.122120
-0.122296
-0.122329
-0.122466
-0.122500
-0.122632
-0.122550
-0.122066
-0.122419
-0.122247
-0.122554
-0.122594
-0.122635
-0.122657
-0.122681
-0.122688
-0.122705
-0.122983
-0.122802
-0.122934
-0.122846
-0.122854
-0.122871
-0.122871
-0.122898
-0.122913
-0.122919
-0.122892
-0.122952
-0.122939
-0.122973
-0.122981
-0.123000
-0.123012
-0.123009
-0.123013
-0.123024
-0.123031
-0.123040
-0.123047
-0.123056
-0.123063
-0.123038
-0.123063
-0.123058
-0.123075
-0.123078
-0.123085
-0.123076
-0.123089
-0.123073
-0.123088
-0.123119
-0.123092
-0.123111
-0.123091
1.606767
1.243488
-0.088037
-0.117807
-0.103573
-0.106920
-0.107941
-0.116801
-0.106482
-0.035990
-0.069511
-0.043664
-0.105160
-0.120003
-0.122847
-0.121135
-0.121397
-0.123426
-0.121595
-0.114226
-0.102614
-0.109838
-0.113036
-0.122366
-0.123655
-0.123579
-0.123339
-0.123727
-0.123802
-0.123319
-0.114656
-0.123023
-0.116403
-0.123888
-0.124133
-0.123760
-0.124287
-0.123842
-0.124065
-0.123721
-0.120377
-0.123093
-0.120847
-0.123603
-0.124094
-0.124267
-0.124087
-0.124443
-0.124299
-0.124363
-0.123985
-0.123220
-0.123374
-0.124176
-0.124401
-0.124326
-0.124341
-0.124276
-0.124326
-0.124302
-0.124258
-0.124302
-0.124375
-0.124151
-0.124303
-0.124338
-0.124318
-0.124304
-0.124324
-0.124329
-0.124331
-0.124308
-0.124334
-0.124343
-0.124330
-0.124304
-0.124371
-0.124388
-0.124319
-0.124333
-0.124340
-0.124337
-0.124346
-0.124343
-0.124347
-0.124359
-0.124296
-0.124316
-0.124379
-0.124353
-0.124347
-0.124349
-0.124349
-0.124353
-0.124343
-0.124346
-0.124372
-0.124348
-0.124324
-0.124347
1.532572
2.923031
-0.018547
-0.090094
-0.104211
-0.115704
-0.122694
-0.110689
-0.085116
0.062210
-0.011798
0.023642
-0.054348
-0.080604
-0.090706
-0.094829
-0.097227
-0.097955
-0.095923
-0.083661
-0.096192
-0.100367
-0.094926
-0.113690
-0.115180
-0.115953
-0.116207
-0.116559
-0.116692
-0.117652
-0.095958
-0.114461
-0.108104
-0.117053
-0.117560
-0.117565
-0.117800
-0.118004
-0.118395
-0.118710
-0.118164
-0.115523
-0.111509
-0.119009
-0.118681
-0.118794
-0.118844
-0.118921
-0.118954
-0.119006
-0.118407
-0.120268
-0.120957
-0.118248
-0.119144
-0.119380
-0.119500
-0.119590
-0.119672
-0.119724
-0.119801
-0.119771
-0.119803
-0.120445
-0.120114
-0.120076
-0.120157
-0.120210
-0.120216
-0.120252
-0.120279
-0.120281
-0.120354
-0.120329
-0.120424
-0.120487
-0.120408
-0.120407
-0.120538
-0.120540
-0.120557
-0.120575
-0.120592
-0.120608
-0.120625
-0.120631
-0.120706
-0.120717
-0.120598
-0.120669
-0.120693
-0.120708
-0.120690
-0.120718
-0.120710
-0.120725
-0.120728
-0.120732
-0.120811
-0.120744
1.665998
2.656304
-0.108261
-0.092332
-0.095375
-0.096201
-0.094284
-0.087135
-0.066658
0.078844
-0.038706
0.012979
-0.063179
-0.093953
-0.102974
-0.106988
-0.108773
-0.108821
-0.106366
-0.092901
-0.090451
-0.102535
-0.096102
-0.116888
-0.120476
-0.121843
-0.122419
-0.122706
-0.122780
-0.122902
-0.103419
-0.120677
-0.107942
-0.122360
-0.123066
-0.123193
-0.123284
-0.123340
-0.123399
-0.123086
-0.116853
-0.120698
-0.116464
-0.122492
-0.122872
-0.123021
-0.123085
-0.123111
-0.123089
-0.122959
-0.121939
-0.123362
-0.124072
-0.122204
-0.123098
-0.123287
-0.123350
-0.123388
-0.123416
-0.123432
-0.123457
-0.123273
-0.123407
-0.123966
-0.123608
-0.123543
-0.123591
-0.123609
-0.123593
-0.123600
-0.123602
-0.123576
-0.123620
-0.123577
-0.123649
-0.123690
-0.123595
-0.123578
-0.123681
-0.123667
-0.123667
-0.123670
-0.123674
-0.123677
-0.123680
-0.123673
-0.123734
-0.123734
-0.123614
-0.123676
-0.123691
-0.123699
-0.123676
-0.123695
-0.123683
-0.123695
-0.123693
-0.123699
-0.123770
-0.123703
0.097949
2.854990
-0.006212
-0.106274
-0.107272
-0.106111
-0.102068
-0.093624
-0.077524
0.105878
-0.063734
-0.020103
-0.030299
-0.081475
-0.092408
-0.097842
-0.100555
-0.101279
-0.099794
-0.079513
-0.099154
-0.103568
-0.094179
-0.119712
-0.120622
-0.120564
-0.120386
-0.120279
-0.120129
-0.120015
-0.103009
-0.120771
-0.102949
-0.119091
-0.119765
-0.120002
-0.120153
-0.120247
-0.120287
-0.119905
-0.113905
-0.120937
-0.118237
-0.119455
-0.120380
-0.120673
-0.120843
-0.120969
-0.121094
-0.121275
-0.121041
-0.120285
-0.120987
-0.120471
-0.121163
-0.121252
-0.121310
-0.121382
-0.121408
-0.121429
-0.121389
-0.122012
-0.121631
-0.121917
-0.121719
-0.121726
-0.121760
-0.121749
-0.121805
-0.121825
-0.121842
-0.121764
-0.121893
-0.121858
-0.121932
-0.121938
-0.121971
-0.121993
-0.121981
-0.121995
-0.122013
-0.122027
-0.122039
-0.122052
-0.122067
-0.122088
-0.122029
-0.122080
-0.122062
-0.122096
-0.122103
-0.122116
-0.122097
-0.122122
-0.122086
-0.122114
-0.122183
-0.122126
-0.122168
-0.122125
