-0.970840
3.423262
3.192353
-15.411956
-0.107794
-0.107776
0.204160
1.013563
5.028890
-3.107852
-0.107785
-0.107772
1.284598
1.671970
4.739809
-2.512392
-0.107789
-0.107790
0.161548
0.913252
2.864255
-2.922442
-0.107789
-0.107785
0.141058
3.284861
7.627075
-10.574669
-0.107790
-0.107784
0.172887
0.810433
1.206775
-1.782517
-0.107790
-0.107791
9.303201
-0.107487
9.303558
9.302668
-0.107789
-0.107792
5.951570
2.187231
10.509379
1.194978
-0.107788
-0.107790
0.750320
0.381931
1.158290
0.597127
0.750162
1.032997
0.440822
0.707235
0.360379
0.335148
0.263546
0.068607
0.130028
0.024528
0.103860
0.085374
0.039460
0.098650
-0.008811
0.042258
-0.019356
-0.060704
-0.057429
-0.097933
-0.104047
-0.091216
-0.075546
-0.068308
-0.072942
-0.034749
-0.070034
-0.045963
-0.065200
-0.067347
-0.067764
-0.086986
-0.075176
-0.088948
-0.076625
-0.080156
-0.085710
-0.076559
-0.094531
-0.085163
-0.096653
-0.100690
-0.103913
-0.100534
-0.101676
-0.098703
-0.095756
-0.094566
-0.096064
-0.089587
-0.097259
-0.093567
-0.098268
-0.098386
-0.099272
-0.101620
-0.099751
-0.101743
-0.100222
-0.101511
-0.102063
-0.102037
-0.103686
-0.102940
-0.104658
-0.103458
-0.104068
-0.103579
-0.103784
-0.103799
-0.103757
-0.103975
-0.104083
-0.104034
-0.104513
-0.104496
-0.104845
-0.104886
-0.105027
-0.105158
-0.105150
-0.105356
-0.105384
-0.105556
-0.105634
-0.105725
-0.105816
-0.105856
-0.105935
-0.105972
-0.106032
-0.106079
-0.106113
-0.106149
-0.106164
-0.106180
0.199949
0.048664
-0.027595
0.100837
0.062052
0.179863
0.144365
0.145395
0.200950
0.074021
0.142189
0.025730
0.065693
-0.003565
0.048276
-0.011712
0.002646
-0.034392
-0.059620
-0.065592
-0.093758
-0.094086
-0.103473
-0.105974
-0.104975
-0.102585
-0.102975
-0.097646
-0.095765
-0.091097
-0.089543
-0.091234
-0.083171
-0.093356
-0.083304
-0.090320
-0.085098
-0.090723
-0.083119
-0.089790
-0.088976
-0.094838
-0.100014
-0.101796
-0.105546
-0.106334
-0.104895
-0.105828
-0.105258
-0.105015
-0.105571
-0.104217
-0.105455
-0.104391
-0.106260
-0.107182
-0.105170
-0.104808
-0.103251
-0.103014
-0.102841
-0.103640
-0.103243
-0.104808
-0.105078
-0.106504
-0.106129
-0.106258
-0.105708
-0.105721
-0.105723
-0.105799
-0.105864
-0.105859
-0.105916
-0.105833
-0.105978
-0.105926
-0.106005
-0.105946
-0.105894
-0.105827
-0.105799
-0.105855
-0.105875
-0.105950
-0.105948
-0.105969
-0.105942
-0.105935
-0.105936
-0.105944
-0.105966
-0.105972
-0.105987
-0.105984
-0.105985
-0.105981
-0.105981
-0.105981
1.283966
0.757553
0.281066
0.355619
0.308675
0.087401
0.036704
0.136860
-0.021380
0.049611
0.096043
-0.028092
0.104583
-0.023281
0.007756
-0.019190
-0.082507
-0.039660
-0.082406
-0.077680
-0.080004
-0.075081
-0.098073
-0.089187
-0.101777
-0.098498
-0.094800
-0.091459
-0.088308
-0.097476
-0.099812
-0.092271
-0.096583
-0.096414
-0.083869
-0.097146
-0.080893
-0.092329
-0.090371
-0.092263
-0.102179
-0.096130
-0.104430
-0.101314
-0.104865
-0.099610
-0.106321
-0.102227
-0.105255
-0.104000
-0.104208
-0.102636
-0.103599
-0.104035
-0.105126
-0.103852
-0.103160
-0.104124
-0.101653
-0.103717
-0.101901
-0.103891
-0.103668
-0.104654
-0.105088
-0.104822
-0.105582
-0.104693
-0.105409
-0.104592
-0.105289
-0.104930
-0.105153
-0.105103
-0.105146
-0.105068
-0.105195
-0.105180
-0.105216
-0.105191
-0.105155
-0.105228
-0.105145
-0.105275
-0.105231
-0.105332
-0.105307
-0.105332
-0.105338
-0.105322
-0.105355
-0.105340
-0.105378
-0.105372
-0.105389
-0.105387
-0.105389
-0.105392
-0.105390
-0.105393
0.164694
0.483999
-0.020581
-0.014830
-0.014812
0.068668
0.090160
-0.037793
0.065895
-0.081281
0.009623
-0.049080
-0.027315
-0.067820
-0.042664
-0.095396
-0.052026
-0.077167
-0.073652
-0.074687
-0.092323
-0.095762
-0.101772
-0.091470
-0.103436
-0.103576
-0.098696
-0.102166
-0.099958
-0.102346
-0.091807
-0.101514
-0.092460
-0.103106
-0.095664
-0.102596
-0.097454
-0.104462
-0.097689
-0.104859
-0.098386
-0.102293
-0.101764
-0.102343
-0.104795
-0.105598
-0.105967
-0.104955
-0.105955
-0.105892
-0.104833
-0.105333
-0.104966
-0.105575
-0.103650
-0.105546
-0.104276
-0.106398
-0.104968
-0.107016
-0.105150
-0.106758
-0.105270
-0.106250
-0.105579
-0.106186
-0.106100
-0.106441
-0.106383
-0.106406
-0.106448
-0.106451
-0.106452
-0.106471
-0.106448
-0.106481
-0.106491
-0.106541
-0.106478
-0.106588
-0.106562
-0.106654
-0.106610
-0.106688
-0.106639
-0.106681
-0.106673
-0.106697
-0.106717
-0.106720
-0.106746
-0.106734
-0.106756
-0.106745
-0.106761
-0.106759
-0.106768
-0.106770
-0.106773
-0.106773
0.140616
1.331210
1.348820
0.286008
0.510357
0.723066
0.096397
0.223500
0.066067
0.077581
-0.012287
0.062610
-0.078402
0.012041
-0.045741
-0.040059
-0.054556
-0.037508
-0.072284
-0.024467
-0.050544
-0.090666
-0.062806
-0.089313
-0.103974
-0.090982
-0.078183
-0.093695
-0.086636
-0.075148
-0.099528
-0.094402
-0.099705
-0.096575
-0.104016
-0.093396
-0.101081
-0.095386
-0.096638
-0.097937
-0.097462
-0.095681
-0.100105
-0.094122
-0.098078
-0.104871
-0.101118
-0.105833
-0.104794
-0.103047
-0.102294
-0.106422
-0.104764
-0.103684
-0.105685
-0.106259
-0.105123
-0.104699
-0.105361
-0.104175
-0.105109
-0.104620
-0.104906
-0.105131
-0.105354
-0.105415
-0.105973
-0.105695
-0.106918
-0.106159
-0.106608
-0.106122
-0.106023
-0.106070
-0.106342
-0.106391
-0.106315
-0.106382
-0.106100
-0.106168
-0.106118
-0.106176
-0.106223
-0.106192
-0.106279
-0.106203
-0.106267
-0.106249
-0.106268
-0.106285
-0.106275
-0.106302
-0.106291
-0.106309
-0.106307
-0.106315
-0.106317
-0.106317
-0.106318
-0.106317
0.179739
0.350669
0.174258
0.103079
0.039945
0.027203
0.034834
-0.067843
-0.024769
-0.042342
-0.080272
-0.072905
-0.081670
-0.089387
-0.078054
-0.083120
-0.062317
-0.082436
-0.070070
-0.081638
-0.090595
-0.093019
-0.103576
-0.092689
-0.098874
-0.099950
-0.094528
-0.098587
-0.100003
-0.102758
-0.106954
-0.101078
-0.102508
-0.097608
-0.100127
-0.099231
-0.100217
-0.100871
-0.099629
-0.100411
-0.097645
-0.100503
-0.099175
-0.101664
-0.103020
-0.103069
-0.103569
-0.102175
-0.103019
-0.103585
-0.102112
-0.103915
-0.103780
-0.104113
-0.103877
-0.102907
-0.103244
-0.102580
-0.103169
-0.103169
-0.103338
-0.103476
-0.103350
-0.103492
-0.103383
-0.103771
-0.103800
-0.104033
-0.104027
-0.103986
-0.103948
-0.103978
-0.104020
-0.104092
-0.104037
-0.104185
-0.104157
-0.104164
-0.104150
-0.104135
-0.104179
-0.104177
-0.104241
-0.104251
-0.104267
-0.104277
-0.104280
-0.104298
-0.104309
-0.104329
-0.104338
-0.104346
-0.104353
-0.104358
-0.104364
-0.104370
-0.104376
-0.104378
-0.104380
-0.104380
-0.907493
1.381465
1.019722
-3.332906
-0.107789
-0.107792
1.676720
2.973165
6.532773
-2.340949
-0.107788
-0.107792
-1.894265
0.989816
-0.071904
-3.324724
-0.107788
-0.107792
0.464143
1.506779
2.994014
-1.478322
-0.107788
-0.107792
0.030668
2.991171
4.753525
-4.329208
-0.107788
-0.107792
0.801830
2.483591
4.144624
-3.152165
-0.107789
-0.107792
4.663448
2.923742
9.032881
0.224427
-0.107789
-0.107792
0.688249
0.903839
0.134551
-0.047399
-0.056994
-0.074967
-0.079237
-0.086482
-0.089863
-0.091568
-0.100991
-0.016513
-0.093215
-0.080001
-0.068552
-0.095050
-0.095037
-0.095651
-0.098422
-0.097692
-0.098479
-0.099657
-0.095327
-0.085454
-0.099259
-0.099522
-0.098094
-0.102865
-0.103651
-0.102775
-0.103471
-0.103370
-0.103088
-0.103901
-0.101329
-0.102630
-0.099914
-0.105714
-0.106341
-0.105048
-0.105842
-0.105783
-0.105618
-0.106107
-0.105933
-0.106155
-0.106451
-0.106612
-0.103411
-0.106162
-0.105632
-0.106431
-0.106426
-0.106710
-0.106670
-0.106720
-0.106907
-0.106787
-0.107010
-0.106524
-0.106788
-0.106241
-0.106851
-0.107146
-0.107060
-0.107092
-0.107114
-0.107119
-0.107119
-0.107169
-0.107130
-0.107359
-0.107313
-0.107165
-0.107296
-0.107265
-0.107297
-0.107303
-0.107346
-0.107355
-0.107351
-0.107381
-0.107388
-0.107404
-0.107415
-0.107448
-0.107429
-0.107450
-0.107464
-0.107475
-0.107483
-0.107494
-0.107509
-0.107504
-0.107516
-0.107522
-0.107527
-0.107530
-0.107533
-0.107535
1.657828
2.048223
0.150408
-0.060756
-0.069461
-0.078104
-0.081031
-0.082002
-0.100624
-0.082203
-0.097519
0.019390
-0.035044
-0.009346
-0.069350
-0.092977
-0.102052
-0.095851
-0.103830
-0.096685
-0.103421
-0.097153
-0.097870
-0.088848
-0.077305
-0.089879
-0.096276
-0.100975
-0.106161
-0.102714
-0.104736
-0.103094
-0.103279
-0.103782
-0.099496
-0.102543
-0.094802
-0.105770
-0.100161
-0.105477
-0.105031
-0.106442
-0.105209
-0.106626
-0.104956
-0.107305
-0.103257
-0.107414
-0.103258
-0.104284
-0.103969
-0.107662
-0.106167
-0.107235
-0.106646
-0.107238
-0.106798
-0.107002
-0.106745
-0.106314
-0.106361
-0.106230
-0.106923
-0.107161
-0.107252
-0.107218
-0.107344
-0.107240
-0.107374
-0.107259
-0.107510
-0.107031
-0.107294
-0.107679
-0.107413
-0.107388
-0.107464
-0.107465
-0.107451
-0.107482
-0.107563
-0.107523
-0.107536
-0.107554
-0.107565
-0.107594
-0.107581
-0.107603
-0.107614
-0.107630
-0.107635
-0.107654
-0.107673
-0.107667
-0.107680
-0.107691
-0.107699
-0.107705
-0.107711
-0.107714
1.678964
0.637298
0.054139
-0.046904
-0.062320
-0.075446
-0.076436
-0.076871
-0.094852
-0.083438
-0.084027
-0.044598
-0.104618
-0.079260
-0.082153
-0.089201
-0.096488
-0.094632
-0.098335
-0.095163
-0.099045
-0.096862
-0.094605
-0.090683
-0.103811
-0.098741
-0.102655
-0.100397
-0.104225
-0.102419
-0.103467
-0.102858
-0.102672
-0.103935
-0.100888
-0.102828
-0.103761
-0.105597
-0.105760
-0.105456
-0.105465
-0.106142
-0.105516
-0.106383
-0.105427
-0.106901
-0.105420
-0.106269
-0.105016
-0.106151
-0.105486
-0.107060
-0.106213
-0.106835
-0.106654
-0.106815
-0.106883
-0.106732
-0.107296
-0.106463
-0.106773
-0.106513
-0.106827
-0.107099
-0.107113
-0.107097
-0.107170
-0.107140
-0.107207
-0.107172
-0.107270
-0.107305
-0.107321
-0.107286
-0.107317
-0.107316
-0.107363
-0.107367
-0.107398
-0.107413
-0.107424
-0.107446
-0.107449
-0.107499
-0.107488
-0.107517
-0.107514
-0.107532
-0.107550
-0.107562
-0.107584
-0.107590
-0.107607
-0.107612
-0.107624
-0.107634
-0.107643
-0.107649
-0.107654
-0.107657
0.454155
1.020590
0.041557
-0.084872
-0.086863
-0.096877
-0.098161
-0.097621
-0.103301
-0.096882
-0.097569
-0.036715
-0.074544
-0.060275
-0.083467
-0.107023
-0.103477
-0.105752
-0.106231
-0.105312
-0.105712
-0.105295
-0.101738
-0.096544
-0.094158
-0.100661
-0.099357
-0.106304
-0.105904
-0.107030
-0.106324
-0.107295
-0.105811
-0.107495
-0.103582
-0.105502
-0.101457
-0.107341
-0.103049
-0.107356
-0.106304
-0.107576
-0.106762
-0.107373
-0.106814
-0.107058
-0.106007
-0.106924
-0.104744
-0.106346
-0.106142
-0.107094
-0.107222
-0.107151
-0.107428
-0.107150
-0.107523
-0.107146
-0.107622
-0.106711
-0.106691
-0.107597
-0.107545
-0.107139
-0.107367
-0.107265
-0.107318
-0.107276
-0.107360
-0.107345
-0.107290
-0.107342
-0.107346
-0.107337
-0.107331
-0.107348
-0.107353
-0.107356
-0.107359
-0.107366
-0.107363
-0.107368
-0.107363
-0.107400
-0.107364
-0.107348
-0.107382
-0.107377
-0.107378
-0.107377
-0.107388
-0.107376
-0.107371
-0.107384
-0.107382
-0.107381
-0.107382
-0.107382
-0.107382
-0.107382
0.031141
2.021474
0.257987
0.033697
0.005072
-0.018184
-0.044441
-0.036960
-0.068504
-0.047087
-0.067387
0.057031
-0.096887
-0.022941
-0.036744
-0.068179
-0.079895
-0.072959
-0.086060
-0.077234
-0.085470
-0.081059
-0.075049
-0.064144
-0.099041
-0.082288
-0.091450
-0.090817
-0.099149
-0.092970
-0.096864
-0.095062
-0.094561
-0.097141
-0.088476
-0.094537
-0.099766
-0.101336
-0.102299
-0.101300
-0.102583
-0.102831
-0.101596
-0.103942
-0.101333
-0.104759
-0.100243
-0.104709
-0.101317
-0.104352
-0.101723
-0.105533
-0.103878
-0.105547
-0.104602
-0.105438
-0.105289
-0.105299
-0.106227
-0.104161
-0.104903
-0.104538
-0.105124
-0.106168
-0.105920
-0.106096
-0.106148
-0.106098
-0.106319
-0.106191
-0.106513
-0.106202
-0.106535
-0.106346
-0.106613
-0.106610
-0.106693
-0.106712
-0.106754
-0.106800
-0.106827
-0.106896
-0.106925
-0.107032
-0.106991
-0.107054
-0.107046
-0.107090
-0.107127
-0.107160
-0.107204
-0.107214
-0.107244
-0.107259
-0.107281
-0.107302
-0.107317
-0.107330
-0.107339
-0.107345
0.814519
1.704720
0.100336
-0.071356
-0.071792
-0.098657
-0.091868
-0.098522
-0.099449
-0.094645
-0.090980
0.008103
-0.061558
-0.035563
-0.064424
-0.104040
-0.096538
-0.102590
-0.102220
-0.102167
-0.105002
-0.101771
-0.099435
-0.092707
-0.085632
-0.095071
-0.093976
-0.104188
-0.105129
-0.103821
-0.107183
-0.104012
-0.106613
-0.104392
-0.102703
-0.105415
-0.095902
-0.105501
-0.102483
-0.104614
-0.107159
-0.105316
-0.106296
-0.105755
-0.105570
-0.106375
-0.103708
-0.106413
-0.103738
-0.105616
-0.104978
-0.106319
-0.106343
-0.106786
-0.106298
-0.106916
-0.106253
-0.106926
-0.105943
-0.107254
-0.107450
-0.105768
-0.106369
-0.107075
-0.106716
-0.106897
-0.106822
-0.106900
-0.106794
-0.106816
-0.106929
-0.106677
-0.106855
-0.106806
-0.106900
-0.106891
-0.106898
-0.106901
-0.106898
-0.106900
-0.106917
-0.106912
-0.106929
-0.106878
-0.106939
-0.106969
-0.106921
-0.106933
-0.106936
-0.106942
-0.106928
-0.106950
-0.106961
-0.106943
-0.106947
-0.106951
-0.106951
-0.106952
-0.106953
-0.106954
