-0.247638
2.614547
4.867352
-8.433772
-0.128292
-0.128286
-0.093889
1.296716
3.859403
-4.300090
-0.128291
-0.128287
1.012734
1.792706
4.637077
-2.728326
-0.128289
-0.128292
-0.166265
0.926711
3.198038
-2.281118
-0.128289
-0.128288
0.162789
3.972409
10.134428
-11.420399
-0.128291
-0.128286
0.072672
1.286601
2.741661
-2.493260
-0.128289
-0.128292
8.598248
-0.127744
8.599215
8.597574
-0.128289
-0.128292
4.214645
1.863924
7.831240
0.950253
-0.128290
-0.128292
0.008369
0.192876
0.879262
0.500176
0.394119
0.842074
0.516064
0.011779
0.440441
0.211393
-0.011189
0.111566
-0.050370
-0.091423
-0.064509
-0.073182
-0.083648
-0.118422
-0.090713
-0.042345
-0.086434
-0.026769
0.012546
-0.110241
-0.055726
-0.076476
-0.084265
-0.100901
-0.076039
-0.098794
-0.094216
-0.109508
-0.124406
-0.090468
-0.103602
-0.067139
-0.098199
-0.113507
-0.111908
-0.100628
-0.127178
-0.095815
-0.102845
-0.107544
-0.109223
-0.119880
-0.115770
-0.113966
-0.107235
-0.110159
-0.117191
-0.116135
-0.116454
-0.113658
-0.112642
-0.107609
-0.116914
-0.104888
-0.119327
-0.117089
-0.121307
-0.115533
-0.113735
-0.117002
-0.117050
-0.125383
-0.115041
-0.118956
-0.115020
-0.116048
-0.115388
-0.117068
-0.120565
-0.119644
-0.119898
-0.118054
-0.118364
-0.118466
-0.119470
-0.119532
-0.119029
-0.118873
-0.117677
-0.119349
-0.118056
-0.119846
-0.119194
-0.120389
-0.118976
-0.119232
-0.118810
-0.119401
-0.119509
-0.119445
-0.119371
-0.119142
-0.119355
-0.119282
-0.119247
-0.119717
-0.094712
0.088167
0.230604
0.121335
0.060278
0.165241
0.228838
0.195838
0.104610
0.104945
-0.068851
0.022952
0.070219
0.177297
-0.033102
0.094422
-0.048673
0.067477
0.011802
-0.107500
-0.115002
-0.055968
-0.095078
-0.056122
-0.087100
-0.073578
-0.116712
-0.113325
-0.120951
-0.118582
-0.123739
-0.117381
-0.119587
-0.112449
-0.116340
-0.122806
-0.111608
-0.100630
-0.113696
-0.101730
-0.122887
-0.107656
-0.116609
-0.097538
-0.114417
-0.098163
-0.116868
-0.102902
-0.109592
-0.114718
-0.123296
-0.115802
-0.120526
-0.113111
-0.122519
-0.115164
-0.123441
-0.125126
-0.125196
-0.123574
-0.125040
-0.125549
-0.127630
-0.126572
-0.125710
-0.125367
-0.126113
-0.124791
-0.123192
-0.125336
-0.123962
-0.123552
-0.125289
-0.125725
-0.125301
-0.124483
-0.125515
-0.126925
-0.124503
-0.127068
-0.124826
-0.125724
-0.127281
-0.126374
-0.126847
-0.127397
-0.126244
-0.127291
-0.126924
-0.127156
-0.126963
-0.126863
-0.126847
-0.126836
-0.126963
-0.126983
-0.126862
-0.126934
-0.127023
-0.126820
1.008708
0.751662
0.279472
0.005411
0.482270
0.287744
0.162775
0.092992
0.168269
0.110438
-0.122816
-0.024149
-0.059772
-0.060224
-0.049731
-0.082860
-0.071138
-0.084699
-0.080903
-0.077908
-0.111324
-0.088431
-0.085227
-0.073805
-0.090406
-0.097126
-0.091177
-0.110194
-0.122543
-0.117552
-0.119891
-0.111357
-0.116307
-0.118397
-0.111779
-0.119836
-0.107956
-0.119065
-0.114572
-0.108007
-0.118780
-0.119117
-0.119615
-0.126632
-0.115157
-0.125433
-0.117642
-0.125698
-0.117738
-0.126556
-0.123236
-0.125290
-0.121732
-0.121856
-0.118096
-0.124777
-0.116900
-0.124764
-0.122087
-0.124068
-0.124848
-0.124678
-0.125986
-0.125918
-0.125935
-0.123650
-0.126410
-0.121901
-0.124502
-0.121883
-0.126698
-0.124323
-0.125579
-0.124609
-0.126104
-0.124827
-0.125845
-0.124646
-0.126009
-0.124577
-0.125448
-0.125298
-0.125115
-0.124961
-0.124951
-0.125548
-0.125418
-0.125254
-0.125502
-0.125473
-0.125422
-0.125420
-0.125266
-0.125344
-0.125324
-0.125408
-0.125214
-0.125600
-0.125334
-0.125642
-0.094427
0.119230
0.214198
0.141741
0.186391
0.026107
0.045874
0.107197
0.068525
0.037923
-0.088167
-0.058425
-0.103974
-0.055462
-0.107049
-0.077576
-0.099786
-0.099992
-0.088695
-0.102610
-0.118060
-0.097867
-0.094036
-0.090350
-0.099638
-0.115844
-0.110996
-0.102779
-0.111822
-0.115508
-0.121706
-0.121175
-0.117234
-0.126791
-0.112967
-0.109337
-0.120246
-0.120190
-0.112996
-0.120731
-0.116358
-0.120993
-0.122789
-0.119271
-0.123037
-0.124547
-0.117758
-0.123704
-0.125036
-0.121157
-0.123565
-0.124909
-0.120502
-0.124102
-0.121447
-0.123290
-0.124228
-0.121345
-0.122375
-0.126210
-0.124092
-0.124976
-0.125188
-0.124208
-0.125797
-0.123776
-0.124121
-0.124633
-0.124193
-0.124110
-0.126414
-0.124426
-0.125574
-0.125384
-0.124553
-0.125836
-0.125660
-0.124733
-0.125302
-0.125456
-0.125159
-0.125477
-0.125378
-0.124899
-0.125940
-0.125185
-0.125714
-0.125621
-0.125276
-0.125257
-0.125552
-0.125443
-0.125470
-0.125522
-0.125499
-0.125491
-0.125393
-0.125502
-0.125534
-0.125476
0.163200
0.590990
1.865880
0.643611
0.379484
0.809796
1.027656
0.370516
0.217864
0.286667
-0.100509
0.113834
0.033959
0.016904
0.037337
0.041911
0.008307
-0.029813
-0.047151
-0.065574
-0.089660
-0.019279
-0.041753
-0.057821
-0.014517
-0.062939
-0.117189
-0.103326
-0.116193
-0.103101
-0.109549
-0.100985
-0.079385
-0.092371
-0.106100
-0.100964
-0.094166
-0.105483
-0.122919
-0.108741
-0.123122
-0.099453
-0.107490
-0.112628
-0.116794
-0.119503
-0.121169
-0.120122
-0.116172
-0.113560
-0.115588
-0.107490
-0.117616
-0.124316
-0.120977
-0.118051
-0.125115
-0.120039
-0.118672
-0.120869
-0.115212
-0.121680
-0.125262
-0.121205
-0.124055
-0.120923
-0.120331
-0.126610
-0.120770
-0.122875
-0.124361
-0.125672
-0.125093
-0.124872
-0.123588
-0.123351
-0.123760
-0.123823
-0.124562
-0.125705
-0.126103
-0.126051
-0.124173
-0.125151
-0.124362
-0.125077
-0.124065
-0.124725
-0.125567
-0.125379
-0.125636
-0.124773
-0.124791
-0.124953
-0.125173
-0.125073
-0.125170
-0.125009
-0.125295
-0.125094
0.076446
0.420704
0.116617
0.359849
-0.037892
0.322405
0.100250
0.109687
0.024756
-0.005020
-0.020472
-0.082445
-0.049827
-0.084472
-0.095034
-0.113335
-0.070608
-0.108717
-0.074345
-0.104220
-0.115147
-0.088551
-0.111146
-0.082530
-0.118474
-0.095502
-0.109818
-0.118314
-0.117765
-0.123975
-0.116315
-0.116151
-0.119022
-0.117756
-0.117570
-0.112966
-0.120696
-0.118703
-0.118616
-0.124827
-0.117189
-0.125933
-0.121375
-0.121288
-0.121987
-0.124308
-0.125402
-0.122263
-0.121351
-0.120235
-0.124041
-0.126189
-0.123152
-0.125196
-0.122566
-0.122118
-0.124898
-0.121675
-0.125337
-0.123846
-0.124810
-0.124738
-0.124929
-0.126024
-0.125334
-0.126237
-0.123392
-0.126115
-0.124388
-0.124138
-0.125256
-0.124821
-0.126303
-0.125621
-0.125559
-0.125074
-0.124703
-0.125683
-0.125586
-0.125935
-0.125384
-0.125541
-0.125762
-0.125139
-0.125829
-0.125298
-0.125676
-0.125718
-0.125622
-0.125843
-0.125669
-0.125635
-0.125590
-0.125548
-0.125617
-0.125715
-0.125665
-0.125546
-0.125748
-0.125684
-1.397259
1.126369
0.119284
-3.612446
-0.128290
-0.128292
1.691372
1.698534
4.177309
-1.183466
-0.128290
-0.128292
-1.447021
1.370534
1.128976
-3.152555
-0.128289
-0.128292
2.250783
3.151065
6.938341
-2.837068
-0.128290
-0.128293
0.699898
4.218392
6.994280
-5.249100
-0.128289
-0.128293
-0.122340
4.778360
6.657073
-7.744310
-0.128290
-0.128292
5.255904
2.959861
9.180905
0.628904
-0.128290
-0.128293
1.131748
0.724721
0.091730
-0.066201
-0.093281
-0.101018
-0.104152
-0.112446
-0.106204
-0.116710
-0.113927
-0.116883
-0.117059
-0.098851
-0.076901
-0.119194
-0.107429
-0.099757
-0.110753
-0.117295
-0.119072
-0.119433
-0.121260
-0.119840
-0.121759
-0.121236
-0.121565
-0.121434
-0.119918
-0.116263
-0.124983
-0.124905
-0.119450
-0.121512
-0.124577
-0.124720
-0.124572
-0.124870
-0.124629
-0.124837
-0.124962
-0.124966
-0.125185
-0.125469
-0.123468
-0.124004
-0.125665
-0.126666
-0.124354
-0.125239
-0.125347
-0.125396
-0.125403
-0.125589
-0.125384
-0.125653
-0.125567
-0.125657
-0.125671
-0.125013
-0.124237
-0.126433
-0.126756
-0.125332
-0.125326
-0.125681
-0.125784
-0.125790
-0.125893
-0.125820
-0.125911
-0.125899
-0.125913
-0.125923
-0.125927
-0.125598
-0.126348
-0.126106
-0.126300
-0.125999
-0.126124
-0.126131
-0.126127
-0.126138
-0.126141
-0.126141
-0.126156
-0.126157
-0.126170
-0.126189
-0.126119
-0.126163
-0.126189
-0.126295
-0.126155
-0.126170
-0.126180
-0.126184
-0.126184
-0.126190
1.684952
1.121616
0.107403
-0.018886
-0.052923
-0.073015
-0.084825
-0.093589
-0.084275
-0.097519
-0.104060
-0.104789
-0.106543
-0.114149
-0.050432
-0.108385
-0.098559
-0.079093
-0.105047
-0.108389
-0.110715
-0.112705
-0.113439
-0.111217
-0.114637
-0.115326
-0.115192
-0.115116
-0.114959
-0.107354
-0.120741
-0.118469
-0.115252
-0.122340
-0.120573
-0.120494
-0.120706
-0.120608
-0.120412
-0.120915
-0.120991
-0.121099
-0.121064
-0.120992
-0.120924
-0.125389
-0.122943
-0.126981
-0.121345
-0.122038
-0.122169
-0.122321
-0.122492
-0.122667
-0.122291
-0.122607
-0.122790
-0.122806
-0.122862
-0.123320
-0.121685
-0.123142
-0.123084
-0.122442
-0.123308
-0.123245
-0.123282
-0.123368
-0.123389
-0.123268
-0.123430
-0.123463
-0.123466
-0.123455
-0.123425
-0.123001
-0.124184
-0.123685
-0.124404
-0.123994
-0.123907
-0.123894
-0.123903
-0.123909
-0.123920
-0.123921
-0.123933
-0.123949
-0.123954
-0.123956
-0.123990
-0.124118
-0.124020
-0.124147
-0.123972
-0.124018
-0.124019
-0.124022
-0.124028
-0.124029
1.199853
0.903246
0.096045
-0.093069
-0.095955
-0.103219
-0.109972
-0.109990
-0.120975
-0.110036
-0.122103
-0.119044
-0.117472
-0.117084
-0.066095
-0.114844
-0.100789
-0.093492
-0.117938
-0.118800
-0.120358
-0.122516
-0.120824
-0.123058
-0.122019
-0.123288
-0.122838
-0.122618
-0.123268
-0.115088
-0.122207
-0.124889
-0.117022
-0.124465
-0.125344
-0.125492
-0.125920
-0.125109
-0.125937
-0.125975
-0.125535
-0.125978
-0.125963
-0.126263
-0.124802
-0.122778
-0.126230
-0.125134
-0.124662
-0.126072
-0.125959
-0.126017
-0.126116
-0.126095
-0.126306
-0.126001
-0.126346
-0.126248
-0.126194
-0.126318
-0.124093
-0.127136
-0.127595
-0.125154
-0.126132
-0.126206
-0.126276
-0.126423
-0.126288
-0.126424
-0.126415
-0.126430
-0.126437
-0.126431
-0.126504
-0.126065
-0.126777
-0.126609
-0.126550
-0.126526
-0.126594
-0.126595
-0.126611
-0.126588
-0.126615
-0.126630
-0.126604
-0.126631
-0.126632
-0.126641
-0.126633
-0.126563
-0.126644
-0.126760
-0.126577
-0.126635
-0.126633
-0.126636
-0.126642
-0.126635
2.250054
2.068106
0.403117
0.155227
0.050698
0.009761
-0.017112
-0.033222
-0.046016
-0.055067
-0.063617
-0.070218
-0.076088
-0.094749
-0.033211
-0.050076
-0.026949
-0.063562
-0.092425
-0.094590
-0.095477
-0.096979
-0.097835
-0.099178
-0.100188
-0.101555
-0.102411
-0.103575
-0.104276
-0.098772
-0.093563
-0.099806
-0.124061
-0.111227
-0.109220
-0.109454
-0.109720
-0.110019
-0.110369
-0.110675
-0.110985
-0.111179
-0.111338
-0.110919
-0.110065
-0.120387
-0.116029
-0.113788
-0.113248
-0.113964
-0.114362
-0.114527
-0.114749
-0.114880
-0.115055
-0.115190
-0.115382
-0.115531
-0.115698
-0.116320
-0.119437
-0.114685
-0.113316
-0.118378
-0.117415
-0.117104
-0.117073
-0.117117
-0.117157
-0.117231
-0.117295
-0.117381
-0.117438
-0.117508
-0.117521
-0.117257
-0.117814
-0.117734
-0.119169
-0.118224
-0.118145
-0.118174
-0.118203
-0.118237
-0.118270
-0.118302
-0.118332
-0.118358
-0.118380
-0.118381
-0.118375
-0.118869
-0.118558
-0.118496
-0.118582
-0.118582
-0.118582
-0.118585
-0.118590
-0.118591
0.687927
2.897338
0.212404
0.075684
-0.003910
-0.037063
-0.056242
-0.069014
-0.077772
-0.084770
-0.090236
-0.095146
-0.101016
-0.094212
0.005292
-0.045296
-0.011111
-0.063940
-0.091561
-0.102030
-0.104777
-0.106521
-0.107845
-0.108780
-0.109649
-0.110259
-0.110727
-0.110973
-0.108729
-0.104666
-0.092747
-0.102165
-0.112931
-0.118648
-0.117300
-0.116933
-0.116927
-0.117030
-0.117153
-0.117292
-0.117396
-0.117458
-0.117420
-0.116975
-0.117159
-0.119219
-0.120781
-0.115293
-0.119951
-0.119111
-0.119520
-0.119700
-0.119851
-0.119994
-0.120112
-0.120237
-0.120348
-0.120467
-0.120649
-0.120757
-0.123341
-0.118550
-0.116602
-0.122907
-0.121516
-0.121432
-0.121388
-0.121397
-0.121425
-0.121452
-0.121486
-0.121510
-0.121527
-0.121526
-0.121380
-0.121330
-0.121815
-0.121470
-0.123325
-0.122338
-0.122147
-0.122124
-0.122125
-0.122134
-0.122148
-0.122162
-0.122175
-0.122187
-0.122194
-0.122191
-0.122189
-0.122750
-0.122301
-0.122239
-0.122372
-0.122318
-0.122324
-0.122327
-0.122329
-0.122331
-0.102128
3.189328
0.510286
0.284865
0.149320
0.083444
0.046035
0.018574
-0.001090
-0.016242
-0.028926
-0.038505
-0.046917
-0.015549
0.077411
-0.047885
-0.028376
0.001694
-0.031302
-0.054483
-0.062684
-0.067686
-0.071397
-0.074232
-0.076486
-0.078135
-0.079231
-0.079071
-0.073554
-0.067094
-0.096874
-0.090832
-0.097780
-0.096507
-0.099106
-0.098963
-0.099266
-0.099582
-0.100025
-0.100475
-0.100883
-0.101339
-0.101577
-0.101602
-0.100829
-0.120594
-0.108201
-0.118246
-0.105212
-0.104405
-0.105238
-0.105744
-0.106104
-0.106457
-0.106772
-0.107068
-0.107360
-0.107621
-0.107898
-0.106820
-0.106912
-0.108268
-0.107784
-0.109057
-0.108322
-0.109063
-0.109306
-0.109497
-0.109652
-0.109790
-0.109912
-0.110006
-0.110080
-0.110076
-0.109789
-0.109251
-0.112148
-0.110950
-0.113255
-0.111778
-0.111651
-0.111634
-0.111661
-0.111694
-0.111736
-0.111780
-0.111823
-0.111867
-0.111904
-0.111944
-0.111901
-0.112476
-0.112132
-0.112412
-0.112105
-0.112078
-0.112123
-0.112141
-0.112151
-0.112157
