-1.387238
2.020582
2.793556
-7.781407
-0.111896
-0.111890
0.108197
1.304637
4.690654
-3.157882
-0.111891
-0.111889
2.739772
1.666004
7.353984
-3.256740
-0.111894
-0.111886
-0.352703
2.401816
5.997336
-5.164445
-0.111893
-0.111893
0.006904
5.912080
11.768508
-10.018479
-0.111893
-0.111895
-0.118058
1.671701
3.524532
-3.267155
-0.111893
-0.111894
10.673415
-0.111208
10.675747
10.672301
-0.111890
-0.111887
8.546459
3.554645
14.151033
3.135871
-0.111893
-0.111896
1.156957
0.704090
0.378744
0.521508
0.370012
0.090798
0.419786
0.134182
0.131800
0.061074
0.113798
0.071917
0.075019
0.152841
-0.004961
0.021837
-0.043365
-0.077164
-0.095267
-0.045202
-0.076253
-0.068315
-0.089934
-0.064914
-0.092555
-0.080062
-0.091192
-0.087458
-0.074227
-0.079983
-0.084455
-0.094221
-0.090544
-0.091276
-0.103742
-0.098462
-0.093733
-0.086847
-0.084545
-0.069115
-0.085117
-0.087074
-0.094607
-0.086491
-0.103193
-0.086067
-0.085894
-0.103019
-0.094528
-0.102895
-0.102387
-0.105269
-0.107526
-0.109886
-0.102290
-0.098419
-0.102662
-0.102819
-0.099778
-0.099572
-0.104518
-0.103739
-0.097731
-0.107602
-0.097524
-0.098684
-0.103883
-0.103700
-0.109727
-0.109137
-0.109478
-0.107282
-0.109152
-0.110206
-0.109408
-0.109672
-0.105667
-0.109816
-0.105792
-0.109784
-0.105275
-0.110571
-0.106966
-0.109226
-0.109372
-0.110002
-0.110257
-0.111676
-0.109518
-0.105928
-0.105498
-0.104323
-0.104610
-0.107420
-0.108504
-0.107781
-0.110826
-0.106022
-0.106656
-0.109398
0.107074
0.322583
0.271252
0.062427
-0.042273
-0.020330
0.064791
0.146500
0.018329
0.091397
0.197163
0.017429
0.180720
0.175998
-0.000480
0.119943
-0.021629
0.006179
0.022302
-0.070254
0.015555
-0.002662
-0.049054
-0.031082
-0.090539
-0.055970
-0.092473
-0.060285
-0.098683
-0.054047
-0.084384
-0.044983
-0.066658
-0.081417
-0.063838
-0.089215
-0.077700
-0.067268
-0.085027
-0.062079
-0.074474
-0.085848
-0.082314
-0.093100
-0.102533
-0.102537
-0.102191
-0.103283
-0.103369
-0.103342
-0.098790
-0.105484
-0.106514
-0.108645
-0.105020
-0.102280
-0.104389
-0.101615
-0.100853
-0.097662
-0.107494
-0.098303
-0.095623
-0.107331
-0.090231
-0.097949
-0.100424
-0.096666
-0.108143
-0.102090
-0.104809
-0.106574
-0.100778
-0.103342
-0.103618
-0.104475
-0.107577
-0.107877
-0.109483
-0.107962
-0.107928
-0.106047
-0.105296
-0.102640
-0.104306
-0.105141
-0.106927
-0.106641
-0.107258
-0.105647
-0.103895
-0.107858
-0.102942
-0.106949
-0.107635
-0.106075
-0.109974
-0.107229
-0.106102
-0.106219
2.737466
0.400971
0.459954
-0.046799
0.483807
0.452726
0.078266
0.125048
0.141072
0.049190
-0.089702
-0.008954
0.007984
-0.079786
-0.015400
-0.001624
-0.024045
-0.004895
-0.003828
-0.061152
-0.038812
-0.043403
-0.081049
-0.045496
-0.055990
-0.067966
-0.049546
-0.069772
-0.069394
-0.063839
-0.097617
-0.075376
-0.080429
-0.090978
-0.078096
-0.074777
-0.096163
-0.079900
-0.097096
-0.096527
-0.094663
-0.106444
-0.107977
-0.100846
-0.093036
-0.098230
-0.102066
-0.089379
-0.096051
-0.105432
-0.110376
-0.107212
-0.104298
-0.103251
-0.103574
-0.105042
-0.096012
-0.100015
-0.105932
-0.105069
-0.103114
-0.103851
-0.110500
-0.107501
-0.106111
-0.108743
-0.107394
-0.104240
-0.105266
-0.103908
-0.102749
-0.108616
-0.105378
-0.106979
-0.108949
-0.106411
-0.105456
-0.108338
-0.103182
-0.107418
-0.105366
-0.105322
-0.109638
-0.107200
-0.107344
-0.109166
-0.106521
-0.105688
-0.108841
-0.107534
-0.110263
-0.111098
-0.111366
-0.111123
-0.110706
-0.111565
-0.109178
-0.108502
-0.109790
-0.108059
0.128622
0.677769
0.997718
0.149924
0.544626
0.410649
-0.062087
0.316947
0.203416
0.023657
0.206235
-0.008990
0.063195
0.054871
-0.052856
0.006905
-0.079608
-0.051177
-0.047302
-0.070265
-0.077075
-0.083066
-0.098733
-0.094046
-0.105488
-0.090493
-0.101047
-0.092659
-0.095646
-0.098388
-0.098365
-0.084950
-0.086955
-0.101306
-0.075299
-0.092533
-0.089674
-0.080440
-0.097962
-0.081941
-0.095230
-0.096259
-0.084529
-0.105057
-0.090456
-0.097475
-0.104110
-0.099090
-0.103416
-0.103310
-0.106126
-0.111494
-0.110432
-0.107536
-0.108632
-0.105863
-0.101333
-0.104835
-0.105958
-0.100755
-0.106310
-0.104165
-0.102728
-0.109001
-0.106236
-0.108197
-0.109268
-0.109538
-0.107134
-0.109998
-0.107441
-0.105901
-0.111136
-0.107769
-0.107943
-0.107822
-0.109710
-0.107807
-0.108306
-0.108171
-0.108413
-0.108636
-0.108007
-0.107000
-0.109800
-0.108136
-0.107070
-0.110294
-0.107994
-0.109600
-0.108681
-0.108685
-0.109779
-0.108466
-0.109074
-0.108624
-0.109560
-0.109963
-0.109183
-0.109933
0.009878
2.172823
3.087478
0.888501
0.851979
0.582392
0.042025
0.129950
0.024882
0.074998
-0.016283
-0.088791
-0.006199
-0.013087
-0.085440
-0.049476
-0.082608
-0.071843
-0.074266
-0.107411
-0.080916
-0.068968
-0.101389
-0.075075
-0.080351
-0.100497
-0.079328
-0.103351
-0.096113
-0.092627
-0.108112
-0.099515
-0.094788
-0.104623
-0.099312
-0.098525
-0.102397
-0.098201
-0.107126
-0.099630
-0.097614
-0.104743
-0.101341
-0.094731
-0.100488
-0.097190
-0.103210
-0.092235
-0.100593
-0.095369
-0.096678
-0.104006
-0.107964
-0.100680
-0.095042
-0.110446
-0.101757
-0.108049
-0.111050
-0.108743
-0.110883
-0.107048
-0.106326
-0.110802
-0.108239
-0.106987
-0.110159
-0.109613
-0.109603
-0.109004
-0.108816
-0.111076
-0.108900
-0.108048
-0.111036
-0.109266
-0.108976
-0.110264
-0.109562
-0.110140
-0.110071
-0.109100
-0.111228
-0.109409
-0.108415
-0.110584
-0.109623
-0.108673
-0.109502
-0.109646
-0.110722
-0.108082
-0.109908
-0.109617
-0.109503
-0.109543
-0.110264
-0.108480
-0.109897
-0.108724
-0.105554
0.463724
0.803895
0.403805
0.080878
0.125555
0.056075
-0.040595
-0.079036
-0.029326
-0.038953
-0.080092
-0.070135
-0.083811
-0.086018
-0.096266
-0.095725
-0.101225
-0.099962
-0.105111
-0.098589
-0.102833
-0.096466
-0.105658
-0.100112
-0.104125
-0.105304
-0.105679
-0.103416
-0.105985
-0.105381
-0.105842
-0.107385
-0.109935
-0.107885
-0.108900
-0.110643
-0.109472
-0.107674
-0.108375
-0.106697
-0.109510
-0.104894
-0.104944
-0.108863
-0.107102
-0.104592
-0.104615
-0.109467
-0.107335
-0.107580
-0.108940
-0.108577
-0.106827
-0.105437
-0.108288
-0.109693
-0.109382
-0.108201
-0.109191
-0.111252
-0.108418
-0.108905
-0.109822
-0.110737
-0.109953
-0.111565
-0.110877
-0.110839
-0.111132
-0.111342
-0.110708
-0.111189
-0.111825
-0.110647
-0.110984
-0.111626
-0.110924
-0.110981
-0.111624
-0.111064
-0.110717
-0.111509
-0.111349
-0.110931
-0.111089
-0.111525
-0.110527
-0.111240
-0.111440
-0.110438
-0.111539
-0.110865
-0.110653
-0.110591
-0.109949
-0.111074
-0.111119
-0.110645
-0.111150
-0.270045
0.012660
-0.016109
-0.516505
-0.111893
-0.111894
1.850216
0.450545
2.612968
1.019575
-0.111893
-0.111897
-1.261056
0.244140
-0.843598
-1.961828
-0.111894
-0.111896
-0.077558
0.021344
0.153511
-0.371690
-0.111893
-0.111895
-0.137343
0.078802
0.171241
-0.555080
-0.111895
-0.111893
-0.091235
0.101998
0.268777
-0.527515
-0.111893
-0.111895
3.235900
0.565834
4.320672
2.183161
-0.111893
-0.111896
0.045349
-0.056581
-0.072142
-0.057044
-0.111212
-0.106295
-0.110813
-0.109489
-0.110397
-0.110009
-0.109566
-0.109200
-0.108661
-0.109765
-0.109121
-0.109380
-0.111240
-0.110629
-0.111284
-0.111197
-0.111747
-0.111513
-0.110524
-0.106437
-0.109852
-0.110731
-0.111049
-0.110125
-0.109759
-0.108808
-0.110962
-0.110935
-0.111746
-0.111529
-0.111497
-0.111703
-0.111434
-0.111620
-0.111293
-0.111678
-0.111325
-0.111428
-0.111775
-0.111541
-0.111747
-0.111766
-0.111751
-0.111838
-0.111372
-0.110927
-0.111434
-0.111622
-0.111470
-0.111382
-0.111317
-0.111366
-0.111392
-0.111554
-0.111802
-0.111706
-0.111719
-0.111790
-0.111686
-0.111775
-0.111645
-0.111856
-0.111652
-0.111708
-0.111750
-0.111714
-0.111809
-0.111756
-0.111798
-0.111801
-0.111609
-0.111652
-0.111656
-0.111697
-0.111636
-0.111644
-0.111618
-0.111768
-0.111576
-0.111741
-0.111790
-0.111783
-0.111783
-0.111785
-0.111762
-0.111811
-0.111740
-0.111833
-0.111685
-0.111766
-0.111730
-0.111732
-0.111755
-0.111722
-0.111764
-0.111848
1.846597
-0.096327
0.283542
-0.089233
-0.094677
-0.110489
-0.106774
-0.109691
-0.104590
-0.110160
-0.103211
-0.108566
-0.105109
-0.109298
-0.108105
-0.110324
-0.107225
-0.109716
-0.109742
-0.110784
-0.110565
-0.111114
-0.107616
-0.107820
-0.089758
-0.107560
-0.108902
-0.107619
-0.094576
-0.106831
-0.109784
-0.111149
-0.110233
-0.111004
-0.110749
-0.110800
-0.110643
-0.111245
-0.110465
-0.111224
-0.111286
-0.111534
-0.111173
-0.111090
-0.111521
-0.111448
-0.111196
-0.111541
-0.110547
-0.109962
-0.108198
-0.109950
-0.110556
-0.110059
-0.108397
-0.109869
-0.111050
-0.111532
-0.111200
-0.111531
-0.111508
-0.111391
-0.111569
-0.111655
-0.111383
-0.111648
-0.111620
-0.111787
-0.111632
-0.111494
-0.111624
-0.111806
-0.111352
-0.111691
-0.111183
-0.110816
-0.110928
-0.110832
-0.111099
-0.110880
-0.110872
-0.110842
-0.111444
-0.111726
-0.111574
-0.111686
-0.111731
-0.111711
-0.111793
-0.111732
-0.111739
-0.111850
-0.111694
-0.111513
-0.111578
-0.111400
-0.111418
-0.111476
-0.111313
-0.111372
1.037142
-0.083142
0.127765
-0.092468
-0.051491
-0.100414
-0.104625
-0.107243
-0.110683
-0.107528
-0.109661
-0.109206
-0.107768
-0.109950
-0.109294
-0.110739
-0.110894
-0.110441
-0.111625
-0.110552
-0.110861
-0.110928
-0.102628
-0.107185
-0.098350
-0.108293
-0.111140
-0.109643
-0.102514
-0.107397
-0.108643
-0.108940
-0.110103
-0.110580
-0.110949
-0.110393
-0.110881
-0.110745
-0.110594
-0.111123
-0.111181
-0.111131
-0.111239
-0.111107
-0.111332
-0.111172
-0.111520
-0.111189
-0.110564
-0.109718
-0.109848
-0.110089
-0.111434
-0.110757
-0.110568
-0.109657
-0.111238
-0.110526
-0.111008
-0.111133
-0.111181
-0.111036
-0.111220
-0.111142
-0.111156
-0.111401
-0.111396
-0.111200
-0.111382
-0.111230
-0.111363
-0.111295
-0.111516
-0.111182
-0.111657
-0.110497
-0.111468
-0.110775
-0.111513
-0.111037
-0.111742
-0.110462
-0.111430
-0.111095
-0.111321
-0.111307
-0.111326
-0.111259
-0.111349
-0.111299
-0.111363
-0.111403
-0.111474
-0.110968
-0.111523
-0.111190
-0.111459
-0.111150
-0.111599
-0.110938
-0.078372
-0.053605
-0.045875
-0.105986
-0.083493
-0.101067
-0.104996
-0.108798
-0.107683
-0.109813
-0.110161
-0.109735
-0.110342
-0.110225
-0.110508
-0.110386
-0.110756
-0.110605
-0.110216
-0.110754
-0.109917
-0.110880
-0.107650
-0.111417
-0.107839
-0.110925
-0.110563
-0.109321
-0.108916
-0.111116
-0.110162
-0.110110
-0.110980
-0.111280
-0.111056
-0.111381
-0.111389
-0.111266
-0.111373
-0.111326
-0.111374
-0.111354
-0.111391
-0.111391
-0.111350
-0.111390
-0.111303
-0.111619
-0.111282
-0.111502
-0.111010
-0.111331
-0.111098
-0.110882
-0.111089
-0.111415
-0.111546
-0.111210
-0.111517
-0.111528
-0.111460
-0.111573
-0.111548
-0.111506
-0.111547
-0.111531
-0.111569
-0.111533
-0.111543
-0.111559
-0.111515
-0.111510
-0.111566
-0.111632
-0.111791
-0.111545
-0.111472
-0.111410
-0.111312
-0.111302
-0.111464
-0.111528
-0.111681
-0.111517
-0.111623
-0.111587
-0.111568
-0.111624
-0.111589
-0.111577
-0.111611
-0.111601
-0.111665
-0.111570
-0.111569
-0.111515
-0.111455
-0.111477
-0.111586
-0.111590
-0.087738
0.002732
-0.081459
-0.048672
-0.105074
-0.104464
-0.111298
-0.110427
-0.111333
-0.111082
-0.111205
-0.111441
-0.111647
-0.111526
-0.111397
-0.111616
-0.111551
-0.111115
-0.111646
-0.111500
-0.111379
-0.110377
-0.111636
-0.105876
-0.109245
-0.109460
-0.111088
-0.108477
-0.110307
-0.108077
-0.110774
-0.111263
-0.111580
-0.111599
-0.111765
-0.111876
-0.111664
-0.111778
-0.111864
-0.111735
-0.111747
-0.111858
-0.111727
-0.111666
-0.111822
-0.111740
-0.111646
-0.111578
-0.111655
-0.110804
-0.111095
-0.111429
-0.111528
-0.111015
-0.111315
-0.111069
-0.111498
-0.111761
-0.111756
-0.111759
-0.111852
-0.111840
-0.111774
-0.111831
-0.111856
-0.111799
-0.111834
-0.111860
-0.111768
-0.111760
-0.111866
-0.111755
-0.111711
-0.111815
-0.111747
-0.111551
-0.111487
-0.111626
-0.111682
-0.111518
-0.111558
-0.111604
-0.111711
-0.111873
-0.111809
-0.111810
-0.111865
-0.111834
-0.111822
-0.111837
-0.111844
-0.111844
-0.111853
-0.111788
-0.111703
-0.111709
-0.111793
-0.111693
-0.111643
-0.111787
-0.090657
-0.049871
-0.094072
0.023313
-0.105493
-0.107581
-0.110126
-0.111749
-0.110692
-0.110346
-0.111412
-0.111428
-0.110943
-0.111398
-0.111529
-0.111115
-0.111341
-0.111603
-0.110900
-0.111052
-0.111775
-0.110901
-0.109056
-0.099128
-0.110283
-0.109096
-0.111308
-0.111199
-0.109489
-0.103886
-0.109764
-0.110615
-0.111584
-0.111502
-0.111460
-0.111615
-0.111641
-0.111619
-0.111642
-0.111723
-0.111717
-0.111614
-0.111688
-0.111809
-0.111557
-0.111586
-0.111797
-0.111344
-0.110764
-0.109643
-0.111049
-0.111113
-0.111646
-0.111667
-0.110985
-0.110270
-0.110963
-0.111387
-0.111781
-0.111704
-0.111699
-0.111793
-0.111778
-0.111774
-0.111783
-0.111816
-0.111850
-0.111697
-0.111774
-0.111815
-0.111711
-0.111710
-0.111874
-0.111498
-0.111360
-0.111220
-0.111414
-0.111540
-0.111734
-0.111688
-0.111417
-0.111384
-0.111391
-0.111632
-0.111835
-0.111812
-0.111801
-0.111841
-0.111861
-0.111865
-0.111836
-0.111796
-0.111712
-0.111657
-0.111677
-0.111752
-0.111747
-0.111685
-0.111676
-0.111504
