-1.278862
2.068984
3.178215
-8.203339
-0.111028
-0.111021
0.027442
1.137935
3.924509
-3.582760
-0.111022
-0.111018
2.617943
1.696639
8.033820
-3.897937
-0.111027
-0.111013
-0.369399
1.990256
6.024721
-4.815530
-0.111024
-0.111024
-0.080187
5.724018
11.793088
-9.817447
-0.111024
-0.111026
-0.159522
1.630534
3.472285
-3.500761
-0.111024
-0.111025
10.709573
-0.110413
10.710813
10.708109
-0.111025
-0.111024
7.991997
3.654337
14.078375
2.621535
-0.111024
-0.111028
1.051252
0.727466
0.469090
0.531473
0.304828
0.014605
0.331112
0.126663
0.089140
0.005417
0.111555
0.105622
-0.007525
0.210893
0.033937
0.055816
0.103558
-0.066709
-0.000041
-0.012101
-0.102748
-0.026714
-0.051735
-0.045766
0.008304
-0.065090
0.012840
-0.020718
-0.045490
-0.018906
-0.092272
-0.058617
-0.076804
-0.097330
-0.070744
-0.091052
-0.078929
-0.058402
-0.099977
-0.061209
-0.060281
-0.103253
-0.073412
-0.093138
-0.099046
-0.097089
-0.093535
-0.097677
-0.098179
-0.089518
-0.097965
-0.106141
-0.103088
-0.109494
-0.107129
-0.103129
-0.100634
-0.106166
-0.102086
-0.094724
-0.104895
-0.104085
-0.106744
-0.100042
-0.106651
-0.098824
-0.094308
-0.109825
-0.094866
-0.100396
-0.107683
-0.101013
-0.106598
-0.107370
-0.104146
-0.109615
-0.103227
-0.102443
-0.105238
-0.098909
-0.103807
-0.100919
-0.101568
-0.106675
-0.103195
-0.108856
-0.105440
-0.106186
-0.108369
-0.102113
-0.104738
-0.108471
-0.101547
-0.105110
-0.105560
-0.102620
-0.108325
-0.106778
-0.105895
-0.109235
0.026716
0.257068
0.245752
0.029566
-0.031773
-0.043214
0.027506
0.075185
0.019629
0.076765
0.144893
0.049038
0.069638
0.101244
-0.028933
0.039285
0.027123
-0.005092
0.090665
0.018225
0.048633
0.021801
-0.039480
-0.030990
-0.083304
-0.078301
-0.094394
-0.092568
-0.090888
-0.087498
-0.065661
-0.076108
-0.038970
-0.052724
-0.046862
-0.042472
-0.080949
-0.065202
-0.086270
-0.087018
-0.072659
-0.091325
-0.083563
-0.081312
-0.097787
-0.092151
-0.098717
-0.107981
-0.108640
-0.108028
-0.106395
-0.106349
-0.109101
-0.110208
-0.109043
-0.107669
-0.110100
-0.108594
-0.107162
-0.106807
-0.106705
-0.109692
-0.101184
-0.100128
-0.103654
-0.098222
-0.100509
-0.104490
-0.099100
-0.104699
-0.099222
-0.096021
-0.098758
-0.094315
-0.099528
-0.099314
-0.102845
-0.105135
-0.105968
-0.107788
-0.107588
-0.108049
-0.108135
-0.107931
-0.107382
-0.103566
-0.104207
-0.100717
-0.102095
-0.104062
-0.102854
-0.108327
-0.105665
-0.105695
-0.107461
-0.105485
-0.106151
-0.107496
-0.106820
-0.109453
2.615811
0.386037
0.433555
-0.018265
0.456355
0.479569
0.146638
0.166450
0.203902
0.105558
-0.081081
0.008912
0.008185
-0.043607
-0.039011
-0.004300
-0.078170
-0.030348
-0.000212
-0.055755
-0.042096
-0.023751
-0.082609
-0.049649
-0.057298
-0.090130
-0.060122
-0.073343
-0.087629
-0.064375
-0.085080
-0.081633
-0.067477
-0.095021
-0.078999
-0.075002
-0.102306
-0.087975
-0.087056
-0.099059
-0.090598
-0.094122
-0.100901
-0.098686
-0.089294
-0.093684
-0.098778
-0.090180
-0.082699
-0.097569
-0.103539
-0.100553
-0.107348
-0.110778
-0.109024
-0.108015
-0.104999
-0.095796
-0.101075
-0.102728
-0.095834
-0.099038
-0.104654
-0.107846
-0.103229
-0.104211
-0.106063
-0.104775
-0.103826
-0.109575
-0.102632
-0.103721
-0.107652
-0.102833
-0.103855
-0.107403
-0.103228
-0.105646
-0.106491
-0.104437
-0.106587
-0.106191
-0.105255
-0.107786
-0.105621
-0.105753
-0.108427
-0.105200
-0.107373
-0.109967
-0.107487
-0.108920
-0.108136
-0.107534
-0.108621
-0.108282
-0.105788
-0.105057
-0.108533
-0.103672
0.146600
0.535058
0.811571
0.120914
0.372537
0.298661
-0.099968
0.224439
0.213806
0.056565
0.230804
0.105206
-0.044163
0.037659
-0.037807
-0.050324
-0.095439
-0.062866
-0.058321
-0.074863
-0.065353
-0.060090
-0.054991
-0.070829
-0.074506
-0.082501
-0.096017
-0.094364
-0.088213
-0.090275
-0.083835
-0.082228
-0.087370
-0.090510
-0.095547
-0.095671
-0.104978
-0.102665
-0.100008
-0.097688
-0.096453
-0.102064
-0.084195
-0.085481
-0.096101
-0.086921
-0.098257
-0.104970
-0.100318
-0.105927
-0.105657
-0.104279
-0.109095
-0.110502
-0.109028
-0.108266
-0.107876
-0.104152
-0.107356
-0.107517
-0.102908
-0.105429
-0.100886
-0.098471
-0.105437
-0.103689
-0.103861
-0.109612
-0.108278
-0.109695
-0.107337
-0.108198
-0.108281
-0.107098
-0.106935
-0.106399
-0.107460
-0.107045
-0.108526
-0.109345
-0.108862
-0.109969
-0.109388
-0.108107
-0.109315
-0.107843
-0.108434
-0.109564
-0.109547
-0.110416
-0.110103
-0.110421
-0.108994
-0.110045
-0.108614
-0.106619
-0.107293
-0.107632
-0.106701
-0.108196
-0.078810
2.023756
2.933645
0.975388
0.809683
0.780855
0.044155
0.162805
0.134864
0.101556
-0.004674
-0.024566
0.010218
0.004597
-0.058872
-0.032177
-0.081684
-0.034088
-0.055729
-0.083143
-0.048112
-0.071703
-0.084205
-0.071140
-0.084236
-0.081664
-0.081334
-0.085866
-0.090743
-0.088336
-0.088636
-0.099993
-0.091341
-0.094439
-0.102368
-0.093134
-0.100915
-0.101846
-0.099618
-0.105292
-0.096986
-0.103893
-0.105366
-0.098609
-0.099086
-0.103622
-0.102810
-0.103198
-0.093280
-0.105211
-0.091527
-0.091344
-0.107172
-0.104563
-0.101342
-0.095741
-0.107855
-0.095640
-0.101813
-0.106141
-0.104831
-0.107013
-0.106545
-0.109179
-0.107156
-0.105938
-0.108135
-0.108913
-0.108385
-0.109521
-0.107621
-0.110432
-0.108595
-0.107283
-0.109662
-0.108346
-0.108438
-0.109709
-0.108028
-0.109046
-0.109727
-0.108915
-0.109295
-0.109184
-0.108841
-0.109677
-0.109798
-0.108422
-0.109138
-0.110006
-0.109226
-0.110093
-0.110323
-0.110059
-0.109074
-0.107446
-0.110687
-0.108525
-0.109828
-0.109245
-0.062443
0.373129
0.756654
0.423792
0.016085
0.198403
0.096345
0.009304
-0.011643
-0.048924
-0.005769
-0.014144
-0.021622
-0.025447
-0.043633
-0.051901
-0.076499
-0.069041
-0.089816
-0.088774
-0.090761
-0.091269
-0.091070
-0.091813
-0.097019
-0.091265
-0.098789
-0.096203
-0.097307
-0.101203
-0.096934
-0.102234
-0.101443
-0.101632
-0.104963
-0.105357
-0.103120
-0.103913
-0.100750
-0.101786
-0.100173
-0.099821
-0.099919
-0.100505
-0.106047
-0.105781
-0.103446
-0.103763
-0.106663
-0.106738
-0.102338
-0.105781
-0.109028
-0.109014
-0.107784
-0.105646
-0.107813
-0.106673
-0.104744
-0.107692
-0.108476
-0.107890
-0.108177
-0.107309
-0.107857
-0.106894
-0.106747
-0.108456
-0.108362
-0.109294
-0.109457
-0.109845
-0.110080
-0.110333
-0.109484
-0.109472
-0.110049
-0.109709
-0.109651
-0.110570
-0.109741
-0.110635
-0.109991
-0.109452
-0.110309
-0.109865
-0.109654
-0.110094
-0.110271
-0.109139
-0.109462
-0.110092
-0.108941
-0.109183
-0.109027
-0.109798
-0.109264
-0.109044
-0.110542
-0.109988
-0.210279
0.020776
0.055860
-0.467752
-0.111024
-0.111025
1.950492
0.461929
2.705938
1.042662
-0.111025
-0.111028
-1.095728
0.199178
-0.700874
-1.722204
-0.111026
-0.111027
-0.189672
-0.013639
-0.033295
-0.402880
-0.111026
-0.111026
-0.106636
0.101850
0.167848
-0.497442
-0.111026
-0.111027
-0.133490
0.108590
0.201369
-0.590879
-0.111025
-0.111027
3.477049
0.625808
4.679791
2.279243
-0.111024
-0.111028
-0.012067
-0.054196
-0.086255
-0.044919
-0.095958
-0.104750
-0.108233
-0.108416
-0.107187
-0.107411
-0.109689
-0.107678
-0.108645
-0.108161
-0.109737
-0.108058
-0.110165
-0.110015
-0.109907
-0.109275
-0.110443
-0.109877
-0.110849
-0.107461
-0.105002
-0.110534
-0.109655
-0.110454
-0.109010
-0.109264
-0.107090
-0.110580
-0.109961
-0.110846
-0.110547
-0.110718
-0.110290
-0.110717
-0.110288
-0.110836
-0.110611
-0.110772
-0.110574
-0.110983
-0.110773
-0.110780
-0.110557
-0.111008
-0.110653
-0.110710
-0.109901
-0.110051
-0.110874
-0.110803
-0.110901
-0.110358
-0.110512
-0.110121
-0.110875
-0.110678
-0.110817
-0.110752
-0.110929
-0.110778
-0.110735
-0.110880
-0.110808
-0.110976
-0.110940
-0.110858
-0.110876
-0.110900
-0.110878
-0.110804
-0.110928
-0.110812
-0.110656
-0.110491
-0.110794
-0.110932
-0.111003
-0.110839
-0.110758
-0.110703
-0.110748
-0.110847
-0.110951
-0.110899
-0.110839
-0.110901
-0.110821
-0.110796
-0.110890
-0.110938
-0.110917
-0.110916
-0.110858
-0.110705
-0.110964
-0.110893
1.952727
-0.086883
0.288846
-0.085308
-0.076252
-0.109697
-0.105677
-0.106083
-0.103043
-0.106029
-0.102758
-0.103969
-0.105750
-0.105184
-0.106460
-0.107847
-0.106979
-0.106341
-0.108044
-0.107668
-0.108930
-0.110568
-0.109218
-0.103927
-0.105132
-0.089308
-0.105615
-0.106651
-0.107351
-0.093496
-0.109249
-0.109295
-0.108697
-0.110106
-0.109674
-0.109755
-0.110377
-0.110354
-0.109371
-0.108985
-0.110800
-0.110592
-0.109709
-0.109436
-0.110366
-0.109788
-0.110184
-0.110804
-0.109857
-0.109977
-0.109190
-0.108515
-0.107689
-0.109560
-0.109577
-0.109935
-0.106673
-0.109309
-0.110677
-0.109718
-0.109791
-0.110434
-0.110242
-0.110108
-0.110034
-0.110234
-0.109952
-0.110384
-0.110662
-0.110207
-0.109955
-0.110419
-0.110458
-0.110074
-0.110414
-0.110397
-0.109995
-0.109426
-0.109144
-0.110851
-0.110868
-0.110670
-0.109796
-0.109807
-0.109972
-0.110349
-0.110706
-0.110198
-0.110360
-0.110779
-0.110600
-0.109678
-0.110252
-0.110484
-0.110253
-0.110005
-0.109801
-0.110692
-0.110602
-0.110464
0.872444
-0.072536
0.091236
-0.079749
-0.047109
-0.109912
-0.105655
-0.107590
-0.104405
-0.108628
-0.106102
-0.109280
-0.110082
-0.107448
-0.109522
-0.110179
-0.110020
-0.107586
-0.109413
-0.108369
-0.109066
-0.109812
-0.107888
-0.103411
-0.103989
-0.099780
-0.109003
-0.109082
-0.109518
-0.101730
-0.108836
-0.107198
-0.109352
-0.110478
-0.110069
-0.110177
-0.110260
-0.110898
-0.110230
-0.110090
-0.110357
-0.110386
-0.110302
-0.110228
-0.110268
-0.110154
-0.110822
-0.110208
-0.110085
-0.110116
-0.110298
-0.109422
-0.108433
-0.109763
-0.110718
-0.109814
-0.108911
-0.109512
-0.110747
-0.110369
-0.110236
-0.110537
-0.110497
-0.110501
-0.110460
-0.110508
-0.110383
-0.110515
-0.110520
-0.110330
-0.110456
-0.110607
-0.110468
-0.110458
-0.110697
-0.110301
-0.110712
-0.110562
-0.109896
-0.110418
-0.110000
-0.110261
-0.110165
-0.110561
-0.110457
-0.110403
-0.110770
-0.110479
-0.110539
-0.110775
-0.110711
-0.110454
-0.110162
-0.110680
-0.110626
-0.110132
-0.110442
-0.110665
-0.110761
-0.110622
-0.033262
-0.083720
-0.059661
-0.092603
-0.081266
-0.105870
-0.105836
-0.107821
-0.106911
-0.108068
-0.109721
-0.108614
-0.108911
-0.109535
-0.109524
-0.109495
-0.110265
-0.109689
-0.109962
-0.108651
-0.109369
-0.110071
-0.110589
-0.105960
-0.109760
-0.109259
-0.110736
-0.110329
-0.110440
-0.108721
-0.109164
-0.108380
-0.110373
-0.109579
-0.110221
-0.110699
-0.110283
-0.110272
-0.110518
-0.110338
-0.110299
-0.110532
-0.110477
-0.110372
-0.110592
-0.110546
-0.110384
-0.110699
-0.110780
-0.110591
-0.109763
-0.110122
-0.110528
-0.110528
-0.110264
-0.110493
-0.110881
-0.110890
-0.110039
-0.110448
-0.110538
-0.110477
-0.110455
-0.110628
-0.110507
-0.110540
-0.110626
-0.110567
-0.110517
-0.110626
-0.110575
-0.110510
-0.110590
-0.110686
-0.110592
-0.110638
-0.110518
-0.110768
-0.110639
-0.110497
-0.110593
-0.110489
-0.110502
-0.110626
-0.110581
-0.110644
-0.110547
-0.110724
-0.110709
-0.110505
-0.110563
-0.110700
-0.110676
-0.110610
-0.110659
-0.110698
-0.110656
-0.110614
-0.110494
-0.110627
-0.105231
0.029125
-0.062616
-0.087416
-0.107312
-0.103929
-0.107139
-0.107660
-0.108538
-0.108296
-0.108881
-0.109032
-0.109327
-0.109416
-0.109501
-0.109720
-0.109724
-0.109554
-0.110019
-0.109536
-0.109446
-0.109739
-0.110506
-0.110739
-0.107501
-0.107840
-0.108416
-0.110186
-0.106947
-0.109863
-0.109589
-0.109989
-0.109848
-0.110292
-0.110465
-0.110496
-0.110492
-0.110543
-0.110509
-0.110549
-0.110575
-0.110554
-0.110581
-0.110622
-0.110617
-0.110630
-0.110676
-0.110655
-0.110758
-0.110771
-0.110779
-0.109813
-0.110690
-0.110291
-0.110214
-0.110304
-0.110564
-0.110483
-0.110498
-0.110557
-0.110602
-0.110664
-0.110630
-0.110661
-0.110654
-0.110689
-0.110687
-0.110662
-0.110662
-0.110721
-0.110667
-0.110710
-0.110677
-0.110721
-0.110783
-0.110777
-0.110699
-0.110540
-0.110659
-0.110768
-0.110542
-0.110472
-0.110813
-0.110616
-0.110674
-0.110705
-0.110774
-0.110754
-0.110738
-0.110734
-0.110709
-0.110625
-0.110831
-0.110687
-0.110671
-0.110839
-0.110623
-0.110699
-0.110709
-0.110748
-0.089790
-0.060995
-0.093844
0.032760
-0.093535
-0.107134
-0.108106
-0.108606
-0.109634
-0.109665
-0.109385
-0.109913
-0.110219
-0.109978
-0.110236
-0.110497
-0.110247
-0.110611
-0.110761
-0.110512
-0.110623
-0.109904
-0.110175
-0.106453
-0.097545
-0.108530
-0.108638
-0.108083
-0.108851
-0.108081
-0.103317
-0.110245
-0.109963
-0.110629
-0.110764
-0.110413
-0.110622
-0.110663
-0.110497
-0.110613
-0.110729
-0.110557
-0.110607
-0.110794
-0.110579
-0.110574
-0.110799
-0.110647
-0.110334
-0.110435
-0.109170
-0.108938
-0.110019
-0.110671
-0.110227
-0.109849
-0.110208
-0.109222
-0.110609
-0.110569
-0.110511
-0.110711
-0.110679
-0.110574
-0.110646
-0.110770
-0.110678
-0.110712
-0.110787
-0.110746
-0.110737
-0.110734
-0.110615
-0.110668
-0.110837
-0.110525
-0.110291
-0.109947
-0.110532
-0.110836
-0.110762
-0.110697
-0.110614
-0.110582
-0.110378
-0.110548
-0.110832
-0.110698
-0.110662
-0.110868
-0.110535
-0.110712
-0.110595
-0.110816
-0.110775
-0.110564
-0.110708
-0.110459
-0.110872
-0.110754
