-1.305636
2.078572
2.907499
-8.364308
-0.107571
-0.107564
0.023378
1.156314
4.225517
-3.854123
-0.107566
-0.107562
2.576181
1.669974
7.765532
-4.459117
-0.107570
-0.107557
-0.348351
2.007398
4.881997
-6.091370
-0.107568
-0.107568
-0.049509
5.880068
12.156248
-10.101027
-0.107568
-0.107569
0.008181
1.714602
3.817400
-3.373807
-0.107567
-0.107569
10.355442
-0.106523
10.357324
10.353528
-0.107569
-0.107570
8.005279
3.624773
14.120744
2.743665
-0.107568
-0.107571
1.084136
0.735508
0.463620
0.533366
0.317123
0.046359
0.356391
0.133417
0.135860
0.002371
0.147837
0.088776
0.080369
0.212849
-0.019600
0.112556
0.059839
-0.058952
-0.011075
-0.034453
-0.030690
-0.077845
-0.027860
-0.080153
-0.056316
-0.070088
-0.077962
-0.073040
-0.096533
-0.077762
-0.074408
-0.090486
-0.066744
-0.066259
-0.099045
-0.054329
-0.060247
-0.085729
-0.052982
-0.081709
-0.077880
-0.089019
-0.087456
-0.097386
-0.082611
-0.079569
-0.103750
-0.090511
-0.095189
-0.098304
-0.098260
-0.105464
-0.104533
-0.100017
-0.094284
-0.097228
-0.102162
-0.096726
-0.097474
-0.093895
-0.106200
-0.091315
-0.099184
-0.094434
-0.089979
-0.100552
-0.094019
-0.099970
-0.098942
-0.104216
-0.101462
-0.097897
-0.105523
-0.098348
-0.104687
-0.103478
-0.104621
-0.105517
-0.105808
-0.104407
-0.104863
-0.100205
-0.104803
-0.098716
-0.099945
-0.104418
-0.098850
-0.101586
-0.099998
-0.101264
-0.099837
-0.100186
-0.104562
-0.100147
-0.106197
-0.101718
-0.103533
-0.105702
-0.104405
-0.104847
0.022117
0.270490
0.255689
0.064460
-0.000327
-0.024421
0.089784
0.116486
0.013228
0.095378
0.166597
0.033428
0.129531
0.136977
-0.021869
0.044854
-0.051750
-0.022503
-0.019194
-0.033521
0.005089
-0.000415
-0.019221
-0.044590
-0.081381
-0.094538
-0.090803
-0.093104
-0.059048
-0.064593
-0.047553
-0.051777
-0.077673
-0.064867
-0.079559
-0.089448
-0.074148
-0.093512
-0.067628
-0.070906
-0.081272
-0.076056
-0.085963
-0.094412
-0.098178
-0.099202
-0.098703
-0.103469
-0.101491
-0.099498
-0.102306
-0.105595
-0.106133
-0.104837
-0.101485
-0.102391
-0.103250
-0.099342
-0.096577
-0.104090
-0.098419
-0.093892
-0.099965
-0.092702
-0.092870
-0.099792
-0.098746
-0.102902
-0.101571
-0.101889
-0.099274
-0.097968
-0.097273
-0.097640
-0.101308
-0.102836
-0.104493
-0.107382
-0.105192
-0.101743
-0.102817
-0.099473
-0.098881
-0.102281
-0.100285
-0.103926
-0.103429
-0.103767
-0.103668
-0.101653
-0.100826
-0.100431
-0.102591
-0.103462
-0.103991
-0.106164
-0.105863
-0.104624
-0.106446
-0.105597
2.574007
0.376651
0.408311
0.003985
0.481868
0.433975
0.128779
0.180805
0.196968
0.114039
-0.062227
-0.009314
0.029436
-0.062247
-0.006888
0.016672
-0.051041
0.006086
0.014682
-0.056817
-0.027221
-0.012333
-0.096387
-0.025929
-0.061588
-0.055764
-0.059676
-0.080199
-0.060133
-0.099038
-0.074842
-0.072474
-0.082827
-0.078697
-0.060267
-0.094056
-0.076055
-0.082246
-0.097106
-0.088157
-0.097946
-0.103936
-0.095294
-0.080843
-0.082959
-0.100181
-0.081733
-0.086291
-0.102293
-0.103586
-0.107022
-0.103163
-0.101644
-0.100462
-0.103779
-0.094533
-0.094187
-0.096620
-0.099491
-0.095111
-0.094093
-0.103849
-0.102480
-0.100030
-0.103316
-0.104957
-0.100709
-0.102030
-0.102336
-0.095916
-0.102657
-0.099638
-0.098758
-0.105687
-0.100389
-0.103968
-0.104194
-0.104616
-0.106063
-0.104247
-0.102418
-0.106723
-0.101135
-0.102216
-0.104693
-0.099706
-0.105319
-0.103361
-0.103399
-0.105742
-0.106346
-0.105166
-0.102816
-0.105953
-0.102161
-0.102506
-0.105578
-0.102509
-0.105475
-0.104881
0.132381
0.578967
0.802635
0.088379
0.455001
0.256610
-0.016241
0.252802
0.204076
0.062122
0.185131
0.058710
-0.046464
0.031277
-0.014641
-0.036871
-0.088615
-0.037514
-0.050893
-0.064752
-0.057626
-0.060138
-0.081847
-0.095859
-0.092977
-0.091137
-0.104524
-0.094546
-0.089496
-0.095333
-0.089025
-0.074264
-0.096721
-0.083203
-0.082218
-0.100639
-0.091842
-0.089935
-0.090899
-0.097941
-0.095728
-0.079253
-0.088098
-0.089981
-0.089259
-0.100675
-0.099724
-0.097445
-0.100560
-0.103733
-0.104638
-0.105477
-0.105097
-0.102539
-0.104921
-0.100647
-0.101184
-0.103763
-0.099306
-0.098000
-0.101195
-0.096750
-0.098724
-0.105856
-0.102003
-0.105093
-0.105204
-0.105235
-0.105562
-0.104216
-0.103024
-0.105712
-0.102911
-0.104172
-0.106986
-0.105432
-0.104710
-0.106408
-0.105447
-0.104460
-0.105774
-0.105276
-0.102829
-0.106220
-0.104636
-0.105358
-0.106720
-0.106850
-0.105202
-0.104972
-0.104823
-0.105339
-0.102675
-0.102803
-0.104020
-0.104244
-0.104918
-0.106146
-0.105400
-0.105264
-0.047682
2.187740
3.012577
0.807403
0.953604
0.682980
0.025062
0.189864
0.106501
0.067180
-0.016852
-0.041178
0.006192
-0.022964
-0.056531
-0.043951
-0.067173
-0.054842
-0.066590
-0.087999
-0.045446
-0.073466
-0.074293
-0.056094
-0.101042
-0.079028
-0.079147
-0.106189
-0.082691
-0.086635
-0.099192
-0.088007
-0.093031
-0.106085
-0.093949
-0.096556
-0.094362
-0.096454
-0.099614
-0.092596
-0.097007
-0.102780
-0.092375
-0.093662
-0.091669
-0.095190
-0.088645
-0.090565
-0.098804
-0.090201
-0.098593
-0.101508
-0.097545
-0.088679
-0.103051
-0.097205
-0.101127
-0.106049
-0.104411
-0.103625
-0.101639
-0.102146
-0.107016
-0.103699
-0.103092
-0.105911
-0.105069
-0.104712
-0.104044
-0.104396
-0.106961
-0.103398
-0.104664
-0.105140
-0.104323
-0.106110
-0.105643
-0.105484
-0.106136
-0.106784
-0.104612
-0.106114
-0.106472
-0.104610
-0.106533
-0.105847
-0.106113
-0.105268
-0.105070
-0.106882
-0.105586
-0.104972
-0.106009
-0.106257
-0.104555
-0.103950
-0.106847
-0.106261
-0.104693
-0.104335
0.007767
0.323668
0.809209
0.488445
-0.011218
0.213901
0.162646
0.063667
-0.005586
-0.014786
-0.008921
-0.011770
-0.047373
-0.039842
-0.049952
-0.083266
-0.070056
-0.089104
-0.096608
-0.103774
-0.088809
-0.102729
-0.086113
-0.100273
-0.090055
-0.097563
-0.094302
-0.097701
-0.099227
-0.098045
-0.100875
-0.099511
-0.104058
-0.103482
-0.102177
-0.100983
-0.101827
-0.097769
-0.099617
-0.099355
-0.097383
-0.098115
-0.097671
-0.101461
-0.099800
-0.095625
-0.097849
-0.107127
-0.100900
-0.103206
-0.103389
-0.103978
-0.104107
-0.099771
-0.101095
-0.106898
-0.103266
-0.101747
-0.101840
-0.104635
-0.104555
-0.102928
-0.103740
-0.104381
-0.104248
-0.105475
-0.105868
-0.105641
-0.107116
-0.106581
-0.106933
-0.106087
-0.107001
-0.105820
-0.107414
-0.106048
-0.107487
-0.106389
-0.107237
-0.106405
-0.107014
-0.106405
-0.106857
-0.106951
-0.107252
-0.106208
-0.106573
-0.105949
-0.105424
-0.106260
-0.105888
-0.105465
-0.105049
-0.105324
-0.106412
-0.105575
-0.104761
-0.106237
-0.106263
-0.105976
-0.205233
-0.010591
0.007935
-0.383399
-0.107566
-0.107568
1.874164
0.477852
2.654873
1.005627
-0.107568
-0.107571
-1.068821
0.188370
-0.676940
-1.639184
-0.107568
-0.107571
-0.196121
0.019080
0.039421
-0.418764
-0.107567
-0.107571
-0.064044
0.169451
0.442505
-0.392215
-0.107566
-0.107570
-0.153741
0.124478
0.237503
-0.635845
-0.107568
-0.107569
3.355406
0.622791
4.381474
2.176784
-0.107568
-0.107571
-0.009716
-0.067847
-0.079112
-0.062420
-0.096827
-0.101478
-0.104986
-0.105239
-0.105834
-0.104965
-0.106696
-0.104105
-0.106400
-0.104520
-0.105858
-0.105425
-0.107145
-0.105762
-0.106956
-0.106341
-0.107301
-0.106577
-0.105372
-0.103339
-0.105584
-0.107187
-0.107219
-0.105990
-0.105977
-0.104980
-0.106788
-0.106779
-0.106956
-0.107462
-0.107143
-0.107377
-0.107184
-0.107127
-0.107200
-0.107249
-0.107128
-0.107370
-0.107434
-0.107246
-0.107359
-0.107264
-0.107386
-0.107160
-0.106963
-0.106874
-0.107102
-0.107506
-0.107367
-0.107078
-0.106994
-0.107138
-0.107402
-0.107374
-0.107362
-0.107524
-0.107438
-0.107517
-0.107398
-0.107470
-0.107403
-0.107497
-0.107384
-0.107560
-0.107458
-0.107460
-0.107497
-0.107439
-0.107466
-0.107291
-0.107318
-0.107445
-0.107422
-0.107533
-0.107455
-0.107330
-0.107247
-0.107497
-0.107514
-0.107511
-0.107481
-0.107538
-0.107514
-0.107508
-0.107488
-0.107534
-0.107502
-0.107526
-0.107477
-0.107562
-0.107399
-0.107447
-0.107536
-0.107515
-0.107513
-0.107439
1.876528
-0.096775
0.303702
-0.095636
-0.090870
-0.104567
-0.101294
-0.103742
-0.102163
-0.104411
-0.097410
-0.104985
-0.101843
-0.104467
-0.103182
-0.105417
-0.102465
-0.105215
-0.105428
-0.105529
-0.105645
-0.105789
-0.103543
-0.097394
-0.086642
-0.102374
-0.104215
-0.099821
-0.091139
-0.101420
-0.105674
-0.106418
-0.107245
-0.106510
-0.106378
-0.106869
-0.105480
-0.107134
-0.106636
-0.106630
-0.106330
-0.107333
-0.106394
-0.106904
-0.107273
-0.106804
-0.106528
-0.106158
-0.107242
-0.103659
-0.105027
-0.106531
-0.106982
-0.104154
-0.105128
-0.105599
-0.106502
-0.106831
-0.107377
-0.107225
-0.107145
-0.107245
-0.106841
-0.107223
-0.107302
-0.107228
-0.107000
-0.107341
-0.107011
-0.107179
-0.107406
-0.107327
-0.107083
-0.106653
-0.106914
-0.105766
-0.107299
-0.107503
-0.107211
-0.105824
-0.107200
-0.106941
-0.107149
-0.107147
-0.107313
-0.107426
-0.107401
-0.107324
-0.107290
-0.107364
-0.107349
-0.107399
-0.107369
-0.107370
-0.107124
-0.106838
-0.107149
-0.107434
-0.107293
-0.106687
0.854919
-0.053085
0.088432
-0.081817
-0.075821
-0.099259
-0.102362
-0.101503
-0.100538
-0.103320
-0.103105
-0.103162
-0.103381
-0.104541
-0.103637
-0.103818
-0.104224
-0.105059
-0.104530
-0.104364
-0.104362
-0.102444
-0.104408
-0.102168
-0.096841
-0.106044
-0.106829
-0.103493
-0.099723
-0.104111
-0.105146
-0.106817
-0.107005
-0.106865
-0.106338
-0.106720
-0.106784
-0.106733
-0.106784
-0.106861
-0.106631
-0.106655
-0.106706
-0.106840
-0.106866
-0.106753
-0.106653
-0.105729
-0.107365
-0.105260
-0.106290
-0.107159
-0.107015
-0.106234
-0.106041
-0.106137
-0.106698
-0.106874
-0.106968
-0.107000
-0.106835
-0.106927
-0.107006
-0.106998
-0.107029
-0.107055
-0.106979
-0.107010
-0.107046
-0.107108
-0.107048
-0.107178
-0.107222
-0.106779
-0.107369
-0.106303
-0.107448
-0.107265
-0.106880
-0.107169
-0.106952
-0.106812
-0.106934
-0.106989
-0.107019
-0.107049
-0.106977
-0.106983
-0.107030
-0.107051
-0.107050
-0.107061
-0.107027
-0.107055
-0.107086
-0.107353
-0.106902
-0.107194
-0.107213
-0.107005
-0.019777
-0.064741
-0.037441
-0.082748
-0.085464
-0.099823
-0.103207
-0.104030
-0.104350
-0.105989
-0.107379
-0.106484
-0.106444
-0.106547
-0.106615
-0.106754
-0.106764
-0.106925
-0.105779
-0.106095
-0.106868
-0.106765
-0.104182
-0.104264
-0.104773
-0.105678
-0.106368
-0.106995
-0.104373
-0.105396
-0.106501
-0.106510
-0.106647
-0.106699
-0.107007
-0.107005
-0.107206
-0.107116
-0.107099
-0.107113
-0.107114
-0.107125
-0.107109
-0.107217
-0.107016
-0.106975
-0.107051
-0.106882
-0.106957
-0.106694
-0.107217
-0.107321
-0.107400
-0.107100
-0.107090
-0.106896
-0.107278
-0.107178
-0.107176
-0.107145
-0.107265
-0.107247
-0.107300
-0.107283
-0.107283
-0.107286
-0.107280
-0.107282
-0.107247
-0.107308
-0.107285
-0.107249
-0.107264
-0.107124
-0.107175
-0.107153
-0.107218
-0.107289
-0.107410
-0.107221
-0.107499
-0.107318
-0.107372
-0.107336
-0.107326
-0.107289
-0.107344
-0.107333
-0.107350
-0.107330
-0.107348
-0.107351
-0.107352
-0.107362
-0.107325
-0.107291
-0.107329
-0.107294
-0.107295
-0.107265
-0.062465
0.075417
-0.048144
-0.073772
-0.097210
-0.104990
-0.104520
-0.104267
-0.104811
-0.105132
-0.106027
-0.105946
-0.106122
-0.106165
-0.106019
-0.105894
-0.106312
-0.106271
-0.106343
-0.106026
-0.105652
-0.106272
-0.106074
-0.103305
-0.104798
-0.103212
-0.105808
-0.103662
-0.103496
-0.106883
-0.106551
-0.106745
-0.106920
-0.107005
-0.107140
-0.107151
-0.107315
-0.107357
-0.107313
-0.107251
-0.107217
-0.107186
-0.107275
-0.107350
-0.107376
-0.107301
-0.107134
-0.107039
-0.106928
-0.106662
-0.106670
-0.107040
-0.106901
-0.106945
-0.106397
-0.107273
-0.107223
-0.107272
-0.107224
-0.107199
-0.107238
-0.107259
-0.107321
-0.107359
-0.107350
-0.107315
-0.107300
-0.107309
-0.107342
-0.107456
-0.107436
-0.107367
-0.107425
-0.107352
-0.107261
-0.107262
-0.107073
-0.107361
-0.107314
-0.107390
-0.107048
-0.107268
-0.107277
-0.107335
-0.107318
-0.107280
-0.107276
-0.107277
-0.107304
-0.107333
-0.107351
-0.107333
-0.107302
-0.107312
-0.107281
-0.107517
-0.107512
-0.107305
-0.107292
-0.107497
-0.060391
-0.019413
-0.093175
0.028489
-0.100107
-0.102416
-0.106346
-0.106099
-0.106148
-0.106192
-0.106824
-0.107255
-0.107129
-0.106819
-0.106807
-0.107061
-0.107456
-0.107299
-0.106806
-0.106697
-0.106980
-0.106560
-0.102758
-0.095311
-0.105007
-0.104203
-0.106914
-0.104864
-0.104341
-0.099746
-0.105696
-0.106328
-0.106984
-0.106897
-0.106761
-0.106750
-0.106928
-0.107147
-0.107217
-0.107083
-0.106993
-0.107030
-0.107191
-0.107373
-0.107249
-0.107051
-0.107015
-0.106756
-0.106068
-0.105519
-0.106556
-0.106448
-0.107063
-0.106525
-0.106092
-0.106236
-0.106930
-0.107162
-0.107347
-0.107281
-0.107188
-0.107158
-0.107211
-0.107299
-0.107341
-0.107275
-0.107204
-0.107192
-0.107224
-0.107428
-0.107316
-0.107183
-0.107111
-0.106801
-0.106982
-0.106937
-0.107065
-0.107004
-0.107253
-0.106962
-0.106671
-0.107255
-0.107306
-0.107417
-0.107462
-0.107390
-0.107332
-0.107310
-0.107334
-0.107383
-0.107425
-0.107387
-0.107313
-0.107283
-0.107068
-0.107318
-0.107354
-0.107203
-0.107179
-0.106943
