-1.341899
1.933417
2.026575
-8.670631
-0.109905
-0.109898
0.072679
1.124070
4.727070
-2.698467
-0.109899
-0.109895
2.565221
1.680724
7.986426
-3.792734
-0.109904
-0.109893
-0.455153
2.259235
5.921798
-5.824952
-0.109902
-0.109902
-0.095512
5.770879
11.698150
-10.129788
-0.109902
-0.109903
-0.048088
1.534078
3.471437
-3.113488
-0.109902
-0.109903
10.455173
-0.109272
10.456321
10.454165
-0.109902
-0.109905
8.121257
3.518517
13.996067
2.793431
-0.109902
-0.109905
1.116015
0.718354
0.410635
0.452252
0.291254
0.029648
0.348294
0.071001
0.100084
-0.022944
0.094140
0.067052
-0.018020
0.164404
0.000749
0.051698
0.044765
-0.095841
-0.046840
-0.062420
-0.040928
-0.036235
-0.080923
0.025014
-0.015240
-0.020885
0.050329
-0.085895
0.000625
-0.039109
-0.080605
-0.055876
-0.085238
-0.088681
-0.087753
-0.095777
-0.068382
-0.091044
-0.070482
-0.068224
-0.102506
-0.077717
-0.095182
-0.095798
-0.093519
-0.088918
-0.088088
-0.105103
-0.092481
-0.098832
-0.106451
-0.109103
-0.104463
-0.101149
-0.103298
-0.100622
-0.100811
-0.105437
-0.098116
-0.108630
-0.101127
-0.102810
-0.098260
-0.103906
-0.099107
-0.093600
-0.106710
-0.095518
-0.101196
-0.105735
-0.103263
-0.107239
-0.102256
-0.103479
-0.104363
-0.095083
-0.104860
-0.095273
-0.094744
-0.103907
-0.093772
-0.105193
-0.101104
-0.101713
-0.109164
-0.104547
-0.105439
-0.108651
-0.104627
-0.107911
-0.103032
-0.107066
-0.104030
-0.104206
-0.109555
-0.106949
-0.108066
-0.106455
-0.107551
-0.107337
0.071229
0.335111
0.272109
0.032043
-0.070243
-0.023640
0.004875
0.038365
0.012024
0.020327
0.150111
0.082752
0.080627
0.160869
0.004313
0.046919
0.008747
-0.022761
0.016305
-0.069530
-0.040780
-0.072493
-0.085940
-0.086162
-0.084712
-0.077640
-0.097785
-0.081759
-0.093560
-0.090574
-0.103472
-0.080637
-0.082760
-0.090149
-0.071719
-0.099830
-0.066422
-0.077935
-0.069012
-0.059961
-0.087244
-0.078457
-0.085244
-0.100919
-0.091726
-0.104452
-0.100654
-0.102142
-0.107379
-0.109154
-0.108760
-0.106589
-0.104673
-0.102646
-0.103345
-0.107002
-0.108270
-0.108121
-0.105486
-0.101096
-0.104183
-0.099657
-0.095278
-0.101048
-0.097090
-0.096644
-0.104279
-0.097162
-0.102871
-0.098097
-0.100303
-0.105942
-0.103665
-0.108884
-0.107027
-0.108253
-0.107441
-0.107700
-0.108228
-0.109146
-0.106525
-0.107667
-0.107390
-0.105436
-0.107346
-0.105044
-0.104976
-0.104483
-0.101582
-0.103846
-0.102581
-0.104243
-0.106416
-0.104510
-0.107716
-0.104707
-0.104817
-0.107689
-0.106647
-0.108037
2.563005
0.368634
0.424601
-0.018834
0.464775
0.465355
0.122992
0.152271
0.194043
0.098110
-0.079612
0.008149
-0.030646
-0.042527
-0.044934
-0.009126
-0.061356
-0.016878
0.016227
-0.038418
-0.015279
0.006767
-0.077325
-0.004007
-0.032329
-0.055835
-0.011081
-0.093216
-0.031916
-0.058037
-0.074272
-0.048033
-0.087323
-0.067564
-0.064977
-0.090978
-0.079370
-0.081012
-0.105664
-0.092901
-0.087868
-0.094559
-0.097127
-0.083027
-0.087417
-0.096039
-0.101878
-0.091199
-0.097273
-0.100001
-0.104861
-0.102540
-0.103857
-0.102637
-0.100367
-0.103926
-0.092012
-0.095414
-0.107601
-0.102786
-0.103656
-0.107379
-0.104073
-0.103515
-0.106879
-0.102087
-0.105344
-0.104366
-0.108537
-0.101254
-0.100498
-0.105030
-0.098704
-0.099820
-0.105321
-0.096964
-0.103989
-0.100692
-0.099229
-0.106683
-0.099787
-0.106721
-0.102442
-0.103894
-0.105739
-0.102475
-0.104269
-0.104776
-0.103528
-0.106657
-0.108161
-0.108196
-0.106610
-0.107317
-0.107916
-0.106544
-0.106701
-0.107181
-0.109212
-0.106096
0.233660
0.657351
0.911229
0.166929
0.464086
0.357860
-0.031641
0.277312
0.260236
0.068592
0.220615
0.101847
-0.056496
0.042723
-0.045085
-0.022828
-0.083196
-0.053125
-0.046233
-0.088045
-0.064676
-0.077587
-0.085547
-0.096285
-0.094781
-0.106455
-0.101133
-0.103946
-0.101742
-0.094371
-0.091196
-0.088578
-0.091735
-0.099879
-0.092242
-0.100112
-0.101380
-0.099967
-0.093469
-0.089109
-0.103532
-0.082473
-0.084856
-0.098442
-0.088548
-0.098793
-0.098909
-0.096850
-0.104522
-0.103630
-0.102256
-0.104762
-0.104350
-0.103185
-0.102653
-0.103196
-0.100344
-0.103962
-0.103366
-0.097551
-0.100503
-0.100430
-0.098460
-0.106075
-0.103744
-0.104070
-0.107242
-0.104391
-0.108812
-0.105794
-0.107125
-0.109426
-0.107566
-0.109654
-0.108461
-0.108321
-0.108139
-0.109051
-0.108046
-0.108411
-0.108577
-0.107047
-0.107108
-0.106907
-0.107199
-0.108166
-0.107922
-0.109185
-0.107029
-0.108165
-0.107493
-0.106502
-0.109066
-0.107187
-0.107753
-0.107507
-0.107128
-0.107145
-0.105369
-0.106728
-0.094209
2.032769
3.009246
0.933013
0.846396
0.721714
0.026578
0.135500
0.085407
0.055732
-0.004336
-0.037771
-0.047369
-0.024111
-0.043023
-0.056202
-0.079452
-0.049810
-0.075385
-0.100983
-0.077857
-0.083671
-0.102439
-0.090765
-0.101957
-0.108830
-0.102791
-0.101534
-0.099184
-0.095320
-0.106228
-0.102002
-0.101827
-0.104049
-0.105723
-0.104893
-0.097425
-0.098582
-0.107478
-0.097577
-0.096929
-0.107311
-0.101475
-0.096957
-0.097854
-0.104137
-0.103096
-0.087339
-0.096455
-0.093704
-0.090127
-0.104043
-0.106256
-0.101734
-0.094292
-0.104531
-0.097218
-0.103649
-0.101597
-0.104025
-0.108348
-0.105453
-0.105247
-0.107956
-0.109403
-0.106891
-0.106072
-0.108463
-0.108323
-0.105955
-0.107684
-0.108557
-0.107762
-0.107932
-0.109611
-0.109102
-0.108695
-0.108704
-0.108166
-0.108079
-0.108141
-0.108359
-0.108617
-0.109259
-0.108767
-0.108500
-0.108594
-0.108274
-0.107897
-0.107882
-0.107119
-0.107738
-0.107760
-0.108006
-0.109568
-0.109229
-0.109008
-0.108715
-0.108864
-0.108172
-0.048051
0.327503
0.739332
0.419216
0.082334
0.102987
0.027626
-0.041456
-0.081602
-0.004668
-0.014611
-0.017456
-0.034435
-0.051812
-0.065139
-0.073188
-0.083202
-0.086440
-0.093285
-0.095214
-0.096263
-0.101218
-0.097630
-0.100560
-0.098560
-0.096319
-0.102813
-0.094433
-0.103182
-0.097600
-0.101769
-0.105906
-0.108147
-0.106559
-0.102915
-0.101376
-0.100748
-0.101269
-0.101308
-0.101414
-0.101244
-0.102858
-0.102647
-0.105649
-0.106103
-0.102399
-0.104694
-0.106511
-0.104698
-0.100789
-0.104257
-0.108111
-0.108195
-0.107511
-0.105051
-0.106673
-0.104652
-0.104921
-0.107057
-0.109657
-0.106696
-0.104812
-0.106368
-0.106905
-0.107834
-0.108282
-0.109266
-0.109254
-0.108814
-0.108589
-0.108284
-0.108069
-0.108550
-0.109016
-0.109195
-0.109560
-0.108427
-0.108772
-0.108046
-0.108094
-0.108661
-0.108125
-0.108792
-0.109202
-0.109746
-0.109474
-0.108977
-0.108985
-0.109571
-0.109060
-0.108794
-0.108592
-0.109420
-0.108925
-0.109065
-0.109152
-0.108491
-0.107774
-0.109178
-0.108051
-0.203933
0.023381
0.029714
-0.457560
-0.109902
-0.109904
2.043137
0.457371
2.659427
1.060894
-0.109903
-0.109905
-1.072622
0.143247
-0.730555
-1.504177
-0.109903
-0.109905
-0.118859
0.040774
0.133859
-0.371236
-0.109903
-0.109905
0.068278
0.101947
0.420446
-0.286213
-0.109901
-0.109905
-0.232847
0.116139
0.159057
-0.662189
-0.109902
-0.109904
3.587942
0.797895
4.928220
2.164454
-0.109902
-0.109905
-0.015359
-0.040728
-0.048224
-0.101879
-0.105382
-0.107688
-0.107347
-0.102188
-0.106962
-0.109236
-0.108058
-0.107279
-0.108545
-0.107832
-0.106914
-0.102650
-0.109107
-0.107497
-0.106946
-0.108449
-0.107954
-0.108730
-0.109148
-0.108797
-0.108872
-0.109133
-0.109649
-0.109434
-0.109370
-0.109511
-0.109184
-0.109033
-0.109390
-0.108932
-0.109290
-0.109484
-0.109145
-0.109437
-0.109736
-0.109845
-0.109535
-0.109712
-0.109736
-0.109684
-0.109768
-0.109869
-0.109776
-0.109761
-0.109686
-0.109399
-0.109360
-0.109766
-0.109811
-0.109555
-0.109806
-0.109895
-0.109825
-0.109817
-0.109787
-0.109794
-0.109814
-0.109827
-0.109790
-0.109749
-0.109792
-0.109865
-0.109633
-0.109800
-0.109763
-0.109893
-0.109850
-0.109837
-0.109835
-0.109834
-0.109868
-0.109846
-0.109864
-0.109884
-0.109883
-0.109888
-0.109896
-0.109838
-0.109881
-0.109876
-0.109835
-0.109813
-0.109857
-0.109861
-0.109865
-0.109866
-0.109877
-0.109861
-0.109867
-0.109865
-0.109881
-0.109875
-0.109875
-0.109869
-0.109875
-0.109883
2.043790
0.270286
0.005009
-0.103498
-0.087132
-0.088498
-0.106709
-0.106873
-0.096573
-0.101691
-0.102929
-0.103946
-0.102614
-0.104693
-0.105688
-0.094900
-0.092590
-0.106072
-0.096577
-0.104424
-0.105460
-0.106548
-0.106645
-0.107865
-0.106731
-0.106849
-0.107998
-0.108776
-0.108270
-0.106915
-0.108879
-0.108801
-0.105582
-0.107433
-0.109100
-0.107989
-0.107083
-0.108074
-0.109194
-0.108820
-0.109554
-0.109350
-0.109032
-0.108580
-0.109554
-0.108948
-0.109042
-0.108654
-0.109308
-0.109443
-0.107094
-0.109686
-0.108547
-0.108442
-0.109322
-0.109621
-0.109354
-0.108971
-0.109634
-0.109323
-0.109346
-0.109458
-0.109624
-0.108855
-0.108966
-0.109834
-0.108975
-0.109629
-0.109214
-0.109757
-0.109403
-0.109144
-0.109500
-0.109491
-0.109410
-0.109523
-0.109619
-0.109406
-0.109474
-0.109663
-0.109596
-0.109468
-0.109388
-0.109633
-0.109250
-0.109462
-0.109474
-0.109477
-0.109454
-0.109499
-0.109528
-0.109466
-0.109473
-0.109529
-0.109517
-0.109487
-0.109529
-0.109530
-0.109470
-0.109582
0.851671
0.034778
-0.044866
-0.047200
-0.081519
-0.084146
-0.090204
-0.095224
-0.097816
-0.100449
-0.100734
-0.102000
-0.102932
-0.104343
-0.106491
-0.099436
-0.104315
-0.107555
-0.099718
-0.103562
-0.106136
-0.106869
-0.107945
-0.107621
-0.107541
-0.108427
-0.108284
-0.107912
-0.108203
-0.108819
-0.108719
-0.108221
-0.107885
-0.109158
-0.108143
-0.108984
-0.107506
-0.108924
-0.109107
-0.108985
-0.109068
-0.109326
-0.109293
-0.109317
-0.109390
-0.109458
-0.109522
-0.109611
-0.109630
-0.108709
-0.109266
-0.108612
-0.108953
-0.109621
-0.109520
-0.109613
-0.109610
-0.109580
-0.109563
-0.109660
-0.109612
-0.109547
-0.109646
-0.109784
-0.109453
-0.109384
-0.109766
-0.109462
-0.109731
-0.109464
-0.109691
-0.109809
-0.109747
-0.109735
-0.109783
-0.109812
-0.109783
-0.109804
-0.109836
-0.109832
-0.109813
-0.109870
-0.109708
-0.109753
-0.109778
-0.109795
-0.109894
-0.109863
-0.109878
-0.109859
-0.109856
-0.109880
-0.109872
-0.109860
-0.109869
-0.109880
-0.109872
-0.109856
-0.109853
-0.109892
-0.102592
-0.014169
-0.073634
-0.101860
-0.091770
-0.102710
-0.101177
-0.100959
-0.102838
-0.104896
-0.103601
-0.103996
-0.104628
-0.106399
-0.103947
-0.104740
-0.109552
-0.105556
-0.109224
-0.107368
-0.106587
-0.107730
-0.107668
-0.107768
-0.107538
-0.107742
-0.107814
-0.107834
-0.107975
-0.108495
-0.107983
-0.108190
-0.108493
-0.107521
-0.108556
-0.107898
-0.108476
-0.108942
-0.108600
-0.108679
-0.108677
-0.108639
-0.108632
-0.108729
-0.108671
-0.108601
-0.108504
-0.108779
-0.108769
-0.108587
-0.109108
-0.108638
-0.108893
-0.108854
-0.108726
-0.108858
-0.108914
-0.108975
-0.108957
-0.108961
-0.108957
-0.108961
-0.108958
-0.109057
-0.108953
-0.108919
-0.109069
-0.108875
-0.109058
-0.108968
-0.108971
-0.109064
-0.109036
-0.109044
-0.109051
-0.109063
-0.109071
-0.109092
-0.109092
-0.109091
-0.109058
-0.109085
-0.109106
-0.109062
-0.109137
-0.109089
-0.109103
-0.109117
-0.109097
-0.109101
-0.109106
-0.109114
-0.109114
-0.109116
-0.109120
-0.109124
-0.109119
-0.109132
-0.109130
-0.109110
0.067182
0.031646
-0.065652
-0.101284
-0.099343
-0.106886
-0.105861
-0.103579
-0.105897
-0.108281
-0.105884
-0.106967
-0.108334
-0.109332
-0.106167
-0.105480
-0.104955
-0.105875
-0.103938
-0.106922
-0.108382
-0.108435
-0.109204
-0.108715
-0.108443
-0.109472
-0.109623
-0.108990
-0.108797
-0.109243
-0.108643
-0.109572
-0.108928
-0.108925
-0.109257
-0.108984
-0.109100
-0.109076
-0.108943
-0.109546
-0.109700
-0.109345
-0.109250
-0.109527
-0.109360
-0.109495
-0.109735
-0.109724
-0.108985
-0.109587
-0.109345
-0.109415
-0.108986
-0.109644
-0.109564
-0.109501
-0.109497
-0.109539
-0.109392
-0.109509
-0.109702
-0.109592
-0.109430
-0.109527
-0.109481
-0.109623
-0.109515
-0.109776
-0.109543
-0.109701
-0.109578
-0.109617
-0.109535
-0.109590
-0.109673
-0.109625
-0.109573
-0.109603
-0.109606
-0.109593
-0.109638
-0.109695
-0.109563
-0.109602
-0.109593
-0.109645
-0.109567
-0.109620
-0.109643
-0.109629
-0.109623
-0.109633
-0.109626
-0.109619
-0.109634
-0.109639
-0.109621
-0.109623
-0.109618
-0.109653
0.014646
-0.039848
0.030403
-0.086196
-0.101011
-0.106525
-0.105428
-0.106464
-0.106949
-0.108175
-0.108289
-0.107550
-0.108085
-0.107532
-0.106382
-0.096001
-0.104404
-0.102241
-0.104991
-0.106747
-0.106759
-0.107896
-0.109178
-0.108939
-0.108890
-0.109466
-0.109191
-0.109351
-0.109493
-0.109401
-0.108294
-0.108420
-0.109028
-0.108076
-0.107816
-0.108548
-0.108628
-0.109373
-0.109716
-0.109613
-0.109440
-0.109576
-0.109796
-0.109729
-0.109588
-0.109708
-0.109527
-0.109457
-0.109195
-0.108953
-0.109288
-0.109815
-0.109527
-0.109289
-0.109778
-0.109685
-0.109722
-0.109793
-0.109761
-0.109720
-0.109706
-0.109744
-0.109836
-0.109862
-0.109615
-0.109713
-0.109325
-0.109718
-0.109540
-0.109730
-0.109634
-0.109815
-0.109853
-0.109802
-0.109771
-0.109771
-0.109781
-0.109795
-0.109779
-0.109752
-0.109779
-0.109774
-0.109752
-0.109779
-0.109820
-0.109808
-0.109818
-0.109807
-0.109800
-0.109809
-0.109807
-0.109808
-0.109814
-0.109810
-0.109802
-0.109801
-0.109807
-0.109819
-0.109791
-0.109796
