-1.417459
1.891504
1.112499
-6.679650
-0.110232
-0.110228
0.110030
1.185009
4.441871
-2.869224
-0.110227
-0.110225
2.661584
1.909498
7.897515
-5.005395
-0.110232
-0.110219
-0.292554
2.283628
5.778646
-5.775148
-0.110229
-0.110229
0.005941
5.900975
11.956507
-9.439463
-0.110229
-0.110231
-0.125581
1.778498
3.374094
-3.630562
-0.110229
-0.110231
10.753748
-0.109470
10.754847
10.752614
-0.110229
-0.110232
8.518940
3.545489
14.503617
2.976473
-0.110230
-0.110233
1.190357
0.728126
0.493621
0.547717
0.146607
0.154023
0.270982
-0.013566
0.031518
-0.028304
0.049533
-0.032202
0.078766
0.020894
-0.008952
0.037440
-0.090626
-0.025205
-0.060202
-0.044736
-0.050112
-0.027854
-0.035478
-0.035406
-0.037725
-0.037816
-0.056440
-0.048683
-0.086825
-0.066048
-0.094220
-0.091079
-0.092365
-0.103883
-0.083010
-0.102168
-0.080175
-0.100479
-0.090829
-0.097210
-0.106987
-0.107439
-0.097445
-0.100857
-0.085029
-0.083740
-0.101840
-0.092636
-0.097116
-0.105082
-0.101858
-0.109170
-0.106272
-0.099578
-0.102116
-0.108180
-0.101548
-0.107781
-0.096839
-0.099580
-0.098635
-0.098753
-0.098945
-0.098272
-0.104087
-0.103781
-0.101789
-0.107076
-0.102595
-0.105613
-0.100321
-0.106202
-0.100475
-0.105953
-0.102617
-0.105557
-0.105582
-0.106967
-0.108044
-0.107009
-0.108512
-0.104817
-0.109552
-0.104041
-0.107986
-0.105522
-0.107387
-0.106077
-0.106873
-0.107624
-0.104888
-0.103671
-0.105124
-0.104613
-0.104575
-0.103834
-0.108794
-0.106353
-0.107586
-0.108678
0.109145
0.379763
0.302098
0.085272
-0.032407
0.066350
0.046393
0.052658
-0.033412
0.054339
0.100656
-0.037561
0.048567
0.024357
0.008681
0.083266
-0.007422
0.058847
0.003508
-0.023305
0.012651
-0.078120
-0.017229
-0.078728
-0.047435
-0.060561
-0.066525
-0.055758
-0.091665
-0.049449
-0.094266
-0.052444
-0.071049
-0.068457
-0.052800
-0.082476
-0.061227
-0.086762
-0.083014
-0.084647
-0.101259
-0.078564
-0.095476
-0.099038
-0.100358
-0.103597
-0.104469
-0.105448
-0.105504
-0.102846
-0.107214
-0.109613
-0.107572
-0.105544
-0.104913
-0.109806
-0.102144
-0.105624
-0.104140
-0.106943
-0.102644
-0.098568
-0.104168
-0.099180
-0.102196
-0.104129
-0.096323
-0.104332
-0.097768
-0.099997
-0.103108
-0.098642
-0.106581
-0.101076
-0.105961
-0.102444
-0.103713
-0.105553
-0.101628
-0.108579
-0.102179
-0.107382
-0.102548
-0.104361
-0.105106
-0.101128
-0.107604
-0.102125
-0.104994
-0.107405
-0.105497
-0.108865
-0.104478
-0.106680
-0.108660
-0.108022
-0.108182
-0.108660
-0.109575
-0.108930
2.659422
0.433119
0.404779
0.046888
0.556771
0.431108
0.147763
0.260654
0.235094
0.066932
0.060047
0.127835
-0.062960
0.096343
0.023219
-0.021693
0.032573
0.018693
-0.025496
0.024742
0.003342
-0.011323
0.036458
-0.039552
0.032692
-0.023510
-0.002264
-0.012770
-0.047507
-0.024063
-0.062121
-0.056658
-0.059791
-0.074051
-0.075148
-0.063974
-0.095410
-0.077432
-0.077149
-0.101893
-0.083673
-0.091355
-0.098234
-0.081530
-0.080915
-0.102520
-0.082522
-0.090014
-0.106996
-0.105953
-0.109134
-0.105756
-0.104422
-0.105914
-0.103614
-0.096609
-0.096972
-0.099674
-0.100164
-0.092779
-0.102772
-0.099669
-0.098227
-0.107885
-0.099419
-0.102505
-0.106651
-0.100438
-0.099243
-0.106953
-0.097220
-0.104406
-0.099025
-0.100936
-0.101596
-0.099321
-0.103154
-0.099935
-0.102804
-0.102007
-0.103390
-0.102443
-0.107214
-0.101849
-0.107573
-0.103753
-0.103926
-0.109305
-0.106511
-0.105564
-0.107888
-0.106079
-0.106901
-0.106432
-0.103603
-0.106337
-0.107852
-0.106061
-0.106440
-0.108361
0.071992
0.556571
0.843826
0.025567
0.610837
0.340386
0.044178
0.386918
0.199417
0.155619
0.312340
0.079964
0.042882
0.110388
-0.020227
-0.090651
-0.043394
-0.053843
-0.099481
-0.071610
-0.094815
-0.087471
-0.080312
-0.091596
-0.089713
-0.083464
-0.098179
-0.090317
-0.094957
-0.099068
-0.092257
-0.106932
-0.092577
-0.102006
-0.092807
-0.090626
-0.103375
-0.092835
-0.077687
-0.089984
-0.091882
-0.069350
-0.090222
-0.089535
-0.088235
-0.104696
-0.098329
-0.097766
-0.103677
-0.108047
-0.106823
-0.108656
-0.106741
-0.105864
-0.106209
-0.099504
-0.103838
-0.105786
-0.097738
-0.102809
-0.100661
-0.095212
-0.102451
-0.102508
-0.101204
-0.106041
-0.109451
-0.106871
-0.106797
-0.109061
-0.107025
-0.108976
-0.108139
-0.107392
-0.109483
-0.107458
-0.108645
-0.109224
-0.107150
-0.109082
-0.108303
-0.107691
-0.108362
-0.107382
-0.108751
-0.106691
-0.106886
-0.108132
-0.106445
-0.106974
-0.107161
-0.107684
-0.104819
-0.107619
-0.107516
-0.106774
-0.109043
-0.108126
-0.107540
-0.109912
0.007940
2.255708
3.013235
0.670059
1.013057
0.570319
0.070395
0.257545
0.103923
-0.013718
-0.015603
0.019237
-0.038029
-0.049702
-0.039166
-0.047307
-0.090167
-0.042223
-0.070014
-0.082416
-0.053214
-0.089521
-0.066239
-0.065578
-0.095621
-0.071044
-0.083003
-0.093190
-0.082199
-0.091931
-0.096354
-0.092801
-0.099807
-0.100795
-0.095754
-0.108621
-0.100026
-0.103488
-0.105696
-0.102719
-0.099218
-0.102388
-0.099582
-0.097879
-0.091936
-0.103019
-0.089377
-0.094557
-0.097906
-0.095095
-0.101090
-0.104027
-0.097001
-0.092560
-0.109857
-0.099660
-0.103227
-0.109703
-0.103436
-0.104683
-0.105740
-0.106387
-0.105725
-0.106445
-0.107505
-0.107322
-0.107106
-0.109392
-0.107139
-0.107857
-0.108595
-0.107221
-0.109782
-0.107228
-0.108459
-0.108782
-0.108007
-0.108883
-0.108486
-0.108795
-0.108067
-0.109234
-0.108373
-0.108391
-0.109015
-0.108107
-0.109258
-0.107791
-0.108358
-0.108360
-0.107365
-0.106486
-0.108220
-0.106353
-0.107520
-0.107569
-0.107661
-0.106933
-0.107014
-0.107788
-0.095221
0.493682
0.849824
0.415932
0.072542
0.131765
0.084197
0.038032
-0.045261
-0.003336
-0.013619
-0.030055
-0.016029
-0.039258
-0.038958
-0.060974
-0.063568
-0.076710
-0.086808
-0.093448
-0.093107
-0.095180
-0.092541
-0.099557
-0.103402
-0.104975
-0.105855
-0.106516
-0.101367
-0.101517
-0.101714
-0.104295
-0.103585
-0.104360
-0.101668
-0.101179
-0.099669
-0.100328
-0.099969
-0.099367
-0.103532
-0.100651
-0.102721
-0.105409
-0.104583
-0.101678
-0.102192
-0.107239
-0.103764
-0.106321
-0.106768
-0.107553
-0.105860
-0.103370
-0.106910
-0.109260
-0.107898
-0.105019
-0.106247
-0.109421
-0.106314
-0.107214
-0.106953
-0.107018
-0.107087
-0.107711
-0.107940
-0.107925
-0.108646
-0.108984
-0.109320
-0.109288
-0.109217
-0.109041
-0.109499
-0.109462
-0.109945
-0.110143
-0.109781
-0.109604
-0.109457
-0.109398
-0.109668
-0.109723
-0.109959
-0.109699
-0.109281
-0.109218
-0.109445
-0.109297
-0.109058
-0.109246
-0.109783
-0.108638
-0.109710
-0.109388
-0.109193
-0.109528
-0.109901
-0.109332
-0.267373
0.001203
-0.037906
-0.469939
-0.110229
-0.110231
1.789889
0.413639
2.542698
1.007314
-0.110230
-0.110233
-1.424701
0.290625
-0.848337
-2.068982
-0.110230
-0.110233
-0.175045
0.017974
0.125343
-0.344118
-0.110227
-0.110230
-0.162281
0.082841
0.121240
-0.574777
-0.110232
-0.110230
-0.077195
0.125907
0.298891
-0.563910
-0.110230
-0.110231
2.863646
0.542900
3.911143
1.760889
-0.110229
-0.110232
0.045941
-0.053484
-0.082019
-0.064407
-0.108917
-0.103755
-0.108439
-0.105978
-0.107180
-0.107118
-0.109843
-0.107321
-0.108907
-0.107829
-0.109843
-0.108232
-0.109183
-0.108608
-0.109877
-0.109093
-0.109789
-0.107318
-0.108235
-0.106917
-0.108962
-0.107981
-0.108843
-0.109574
-0.109194
-0.107364
-0.109463
-0.110042
-0.109967
-0.109907
-0.109919
-0.109769
-0.109909
-0.109920
-0.110012
-0.109814
-0.109954
-0.110070
-0.110059
-0.109851
-0.110019
-0.110166
-0.109994
-0.109629
-0.109542
-0.109763
-0.110156
-0.109766
-0.109735
-0.109786
-0.109621
-0.109840
-0.110136
-0.110194
-0.110129
-0.110092
-0.110082
-0.110190
-0.110147
-0.110089
-0.110069
-0.110185
-0.110156
-0.110148
-0.110121
-0.110171
-0.110200
-0.110203
-0.110046
-0.110033
-0.109891
-0.110064
-0.110099
-0.110201
-0.110105
-0.110092
-0.109928
-0.110156
-0.110221
-0.110191
-0.110129
-0.110190
-0.110155
-0.110208
-0.110139
-0.110189
-0.110137
-0.110206
-0.110165
-0.110215
-0.110140
-0.110221
-0.110168
-0.110170
-0.110171
-0.110150
1.786687
-0.086979
0.256628
-0.095264
-0.082784
-0.103501
-0.106528
-0.104617
-0.101980
-0.106020
-0.096192
-0.108339
-0.102134
-0.106973
-0.103574
-0.105186
-0.105090
-0.109930
-0.104871
-0.108357
-0.105936
-0.107580
-0.107022
-0.100583
-0.090228
-0.107891
-0.102724
-0.104534
-0.097644
-0.109229
-0.107064
-0.109070
-0.109125
-0.109005
-0.109099
-0.110109
-0.108459
-0.109448
-0.109478
-0.109401
-0.109400
-0.109006
-0.109485
-0.109839
-0.109603
-0.110156
-0.109328
-0.109952
-0.108895
-0.106519
-0.107247
-0.109974
-0.107630
-0.107607
-0.108587
-0.109923
-0.109515
-0.110031
-0.109718
-0.109718
-0.109777
-0.109846
-0.109975
-0.110102
-0.109972
-0.109914
-0.109916
-0.109523
-0.110181
-0.109978
-0.109932
-0.109884
-0.109831
-0.110024
-0.109595
-0.108123
-0.109946
-0.109260
-0.109443
-0.108967
-0.110053
-0.109727
-0.110104
-0.109918
-0.110074
-0.109918
-0.109950
-0.110015
-0.109905
-0.110003
-0.109934
-0.109820
-0.109913
-0.110118
-0.109921
-0.109602
-0.109893
-0.109877
-0.109917
-0.109626
1.201367
-0.082837
0.164173
-0.083710
-0.052964
-0.105840
-0.106934
-0.108631
-0.103711
-0.106975
-0.106162
-0.107687
-0.108505
-0.109955
-0.107544
-0.109671
-0.106940
-0.108815
-0.109211
-0.108424
-0.108012
-0.109121
-0.100356
-0.105661
-0.095385
-0.105789
-0.104454
-0.104443
-0.100911
-0.106057
-0.106481
-0.109606
-0.109742
-0.109875
-0.108710
-0.110155
-0.109746
-0.110059
-0.109612
-0.109808
-0.109487
-0.109312
-0.109906
-0.109791
-0.109883
-0.109389
-0.109270
-0.109639
-0.107805
-0.107489
-0.108809
-0.109904
-0.108652
-0.107892
-0.108999
-0.109110
-0.109236
-0.109977
-0.109817
-0.109762
-0.109858
-0.109861
-0.110141
-0.109809
-0.110099
-0.109811
-0.110084
-0.109829
-0.109878
-0.110071
-0.109802
-0.110052
-0.109525
-0.109446
-0.109608
-0.109045
-0.109960
-0.109660
-0.109961
-0.109286
-0.109970
-0.109496
-0.110105
-0.109901
-0.110106
-0.109841
-0.110034
-0.110042
-0.109948
-0.110097
-0.109900
-0.110038
-0.109905
-0.109969
-0.109925
-0.109708
-0.110003
-0.109858
-0.110056
-0.109665
-0.044912
-0.054314
-0.062587
-0.079274
-0.093740
-0.087874
-0.094425
-0.100597
-0.095701
-0.103533
-0.105041
-0.104331
-0.104840
-0.105218
-0.105694
-0.105895
-0.106174
-0.106058
-0.106364
-0.106742
-0.106788
-0.106806
-0.104433
-0.105359
-0.108541
-0.109206
-0.107624
-0.107168
-0.105661
-0.108625
-0.106380
-0.108112
-0.108083
-0.108069
-0.108607
-0.108381
-0.108371
-0.108371
-0.108494
-0.108493
-0.108545
-0.108714
-0.108335
-0.108374
-0.108775
-0.108535
-0.108985
-0.108822
-0.108572
-0.109319
-0.109081
-0.108768
-0.108688
-0.108588
-0.109361
-0.109046
-0.108520
-0.108867
-0.108923
-0.108868
-0.109052
-0.109023
-0.108985
-0.109048
-0.109014
-0.109077
-0.109049
-0.109018
-0.109129
-0.109145
-0.109126
-0.109276
-0.109162
-0.108714
-0.109235
-0.109130
-0.109093
-0.108953
-0.109025
-0.109141
-0.109085
-0.108997
-0.109267
-0.109178
-0.109211
-0.109285
-0.109154
-0.109178
-0.109198
-0.109174
-0.109210
-0.109196
-0.109207
-0.109184
-0.109161
-0.109314
-0.109227
-0.109195
-0.109055
-0.109304
-0.059733
0.008290
-0.055561
-0.076218
-0.101682
-0.095080
-0.104399
-0.105242
-0.106587
-0.107019
-0.106831
-0.107250
-0.107581
-0.107634
-0.108140
-0.108100
-0.108272
-0.108232
-0.108688
-0.108527
-0.108710
-0.106401
-0.108222
-0.105621
-0.108010
-0.104976
-0.108395
-0.108076
-0.107154
-0.106891
-0.108356
-0.109384
-0.109183
-0.109146
-0.109161
-0.109094
-0.109263
-0.109190
-0.109241
-0.109274
-0.109246
-0.109324
-0.109298
-0.109399
-0.109237
-0.109357
-0.109090
-0.109790
-0.109629
-0.109466
-0.108765
-0.109642
-0.109615
-0.109106
-0.110021
-0.109021
-0.109469
-0.109368
-0.109463
-0.109441
-0.109456
-0.109471
-0.109447
-0.109499
-0.109469
-0.109517
-0.109495
-0.109507
-0.109522
-0.109480
-0.109539
-0.109490
-0.109606
-0.109343
-0.109355
-0.109608
-0.109097
-0.109497
-0.109444
-0.109485
-0.109248
-0.109636
-0.109553
-0.109585
-0.109532
-0.109558
-0.109547
-0.109557
-0.109562
-0.109550
-0.109573
-0.109539
-0.109562
-0.109563
-0.109569
-0.109590
-0.109569
-0.109481
-0.109776
-0.109507
-0.076637
-0.018709
-0.081767
0.024305
-0.105084
-0.100712
-0.106179
-0.105997
-0.106912
-0.107557
-0.107754
-0.108105
-0.107941
-0.108593
-0.107980
-0.108680
-0.108272
-0.108186
-0.108448
-0.107893
-0.108525
-0.105714
-0.105097
-0.099455
-0.107512
-0.109625
-0.109088
-0.106034
-0.107642
-0.103236
-0.108880
-0.108968
-0.109432
-0.109606
-0.109503
-0.109947
-0.109609
-0.109932
-0.109746
-0.109843
-0.109871
-0.109783
-0.109992
-0.109717
-0.110089
-0.109665
-0.109948
-0.109094
-0.108380
-0.108587
-0.109463
-0.109821
-0.109839
-0.108636
-0.108474
-0.109567
-0.109976
-0.110022
-0.110071
-0.110021
-0.110163
-0.109992
-0.110155
-0.110017
-0.110103
-0.110056
-0.110053
-0.110110
-0.110023
-0.110196
-0.109979
-0.110192
-0.109905
-0.109812
-0.109120
-0.110072
-0.110135
-0.110071
-0.109800
-0.109841
-0.109496
-0.110067
-0.110135
-0.110109
-0.110202
-0.110146
-0.110170
-0.110168
-0.110159
-0.110196
-0.110159
-0.110206
-0.110136
-0.110200
-0.110004
-0.110200
-0.109870
-0.110122
-0.110001
-0.110120
