-1.419115
1.937326
0.894833
-8.055798
-0.107330
-0.107323
0.037346
1.116436
3.983237
-2.396953
-0.107324
-0.107322
2.572022
1.775577
8.160598
-5.282295
-0.107329
-0.107314
-0.385200
2.262329
5.565046
-5.502207
-0.107326
-0.107327
-0.103719
5.840807
11.862539
-9.940371
-0.107327
-0.107328
-0.042016
1.846456
3.979481
-3.726971
-0.107327
-0.107327
10.523687
-0.106915
10.524409
10.522710
-0.107327
-0.107327
8.173086
3.481707
14.240452
2.888808
-0.107327
-0.107330
1.198550
0.744564
0.493532
0.501934
0.169459
0.086836
0.291575
0.044359
0.093321
-0.039277
0.063140
0.032240
0.000162
0.135602
-0.047143
0.102329
0.048492
-0.066058
-0.007852
-0.065738
-0.057135
-0.030741
-0.064037
0.012625
-0.046225
-0.008806
0.000529
-0.065754
-0.009162
-0.069119
-0.059514
-0.068165
-0.095018
-0.081165
-0.094177
-0.073230
-0.056107
-0.099341
-0.059556
-0.081942
-0.088845
-0.082738
-0.105306
-0.091598
-0.097380
-0.088176
-0.102110
-0.091667
-0.090297
-0.099522
-0.100215
-0.101952
-0.104715
-0.101845
-0.096512
-0.100916
-0.103714
-0.094505
-0.098153
-0.102481
-0.102828
-0.101506
-0.100469
-0.103321
-0.093444
-0.102387
-0.094056
-0.093876
-0.104412
-0.096563
-0.102513
-0.102598
-0.101735
-0.104207
-0.096889
-0.100599
-0.097681
-0.093791
-0.103152
-0.093200
-0.098648
-0.101252
-0.097780
-0.103969
-0.103067
-0.104184
-0.103315
-0.101116
-0.106416
-0.101215
-0.101985
-0.105321
-0.103045
-0.106344
-0.103463
-0.104098
-0.103983
-0.106859
-0.103596
-0.103736
0.037287
0.350618
0.294821
0.092723
-0.029495
0.027379
0.055684
-0.005470
0.023295
-0.012926
0.133475
0.048360
0.079059
0.132021
-0.045235
0.023505
-0.094515
0.004113
-0.059002
-0.024916
-0.041066
-0.085978
-0.090093
-0.051155
-0.068817
-0.063372
-0.058635
-0.083167
-0.060770
-0.092156
-0.087396
-0.081587
-0.075821
-0.092110
-0.065175
-0.093638
-0.082173
-0.099950
-0.067306
-0.069860
-0.084422
-0.073523
-0.093269
-0.089724
-0.093071
-0.099420
-0.098571
-0.105420
-0.102990
-0.101537
-0.103129
-0.105520
-0.106184
-0.102284
-0.104012
-0.104423
-0.103727
-0.101706
-0.105996
-0.100475
-0.104771
-0.094834
-0.097051
-0.097815
-0.091138
-0.100442
-0.096204
-0.102552
-0.100277
-0.102639
-0.100006
-0.099446
-0.106421
-0.105833
-0.101603
-0.103019
-0.104254
-0.101300
-0.105478
-0.101656
-0.105007
-0.103564
-0.103285
-0.102222
-0.104707
-0.098169
-0.102240
-0.103028
-0.102834
-0.102105
-0.100245
-0.103936
-0.099609
-0.103726
-0.104000
-0.102742
-0.106038
-0.105080
-0.106561
-0.106072
2.569996
0.381870
0.392687
-0.005545
0.525050
0.468865
0.110071
0.251181
0.248606
0.093409
0.009938
0.082897
-0.073531
-0.000083
-0.019202
-0.066475
-0.046383
0.013400
-0.016831
-0.022351
0.006933
-0.014172
-0.057091
0.007262
-0.051296
-0.022907
-0.016268
-0.074547
-0.018553
-0.070709
-0.057296
-0.050625
-0.076587
-0.069597
-0.067047
-0.087862
-0.093417
-0.088473
-0.088084
-0.101936
-0.085307
-0.096466
-0.089663
-0.080691
-0.086834
-0.094849
-0.081598
-0.082139
-0.102349
-0.097090
-0.100404
-0.104827
-0.105706
-0.104294
-0.104666
-0.094293
-0.093164
-0.102154
-0.091962
-0.092732
-0.099114
-0.101280
-0.096209
-0.103336
-0.100433
-0.101120
-0.103419
-0.102760
-0.099945
-0.103019
-0.101619
-0.098137
-0.100173
-0.103403
-0.097160
-0.101848
-0.099699
-0.096579
-0.105341
-0.096033
-0.101703
-0.101079
-0.098130
-0.104052
-0.100794
-0.100139
-0.104921
-0.102900
-0.102543
-0.105737
-0.103164
-0.102789
-0.105449
-0.103220
-0.101383
-0.104159
-0.104675
-0.102910
-0.101667
-0.104344
0.169909
0.590897
0.862903
0.076661
0.537160
0.392597
-0.053963
0.304709
0.262939
0.063450
0.293049
0.142841
0.017985
0.123662
-0.027331
-0.060163
-0.036722
-0.028045
-0.085141
-0.057695
-0.061204
-0.092720
-0.089486
-0.083009
-0.095781
-0.094861
-0.094774
-0.100187
-0.092065
-0.099460
-0.097564
-0.089029
-0.089720
-0.101150
-0.086573
-0.092168
-0.103066
-0.094890
-0.078083
-0.088782
-0.085026
-0.071509
-0.090371
-0.083610
-0.082917
-0.103424
-0.093342
-0.093471
-0.104110
-0.099814
-0.102805
-0.106962
-0.105760
-0.105130
-0.105303
-0.099217
-0.100550
-0.105958
-0.098328
-0.097335
-0.102348
-0.092641
-0.096211
-0.101020
-0.095909
-0.102351
-0.102878
-0.102209
-0.103324
-0.105772
-0.103760
-0.104295
-0.106210
-0.105475
-0.104960
-0.106542
-0.106469
-0.105707
-0.106173
-0.105723
-0.106363
-0.105566
-0.104168
-0.105080
-0.105927
-0.102427
-0.104550
-0.104967
-0.102970
-0.103875
-0.105425
-0.104510
-0.101624
-0.105782
-0.102637
-0.102333
-0.106742
-0.104237
-0.104977
-0.106675
-0.101426
2.123301
2.989169
0.834719
0.966611
0.759793
-0.042699
0.267653
0.141534
-0.027451
-0.044465
-0.001262
-0.069186
-0.065418
-0.058162
-0.078312
-0.079419
-0.070516
-0.086968
-0.080700
-0.067714
-0.083716
-0.086942
-0.082031
-0.099818
-0.094305
-0.095475
-0.102392
-0.094136
-0.098405
-0.096667
-0.091416
-0.100891
-0.099688
-0.097818
-0.102143
-0.102310
-0.102071
-0.104209
-0.101462
-0.100726
-0.105633
-0.099210
-0.096666
-0.096168
-0.102399
-0.091847
-0.088692
-0.100833
-0.080589
-0.095437
-0.102412
-0.101463
-0.093310
-0.099644
-0.093772
-0.090531
-0.105190
-0.098375
-0.101742
-0.105446
-0.105163
-0.103958
-0.104467
-0.106166
-0.105820
-0.105628
-0.106119
-0.106253
-0.106979
-0.106665
-0.105188
-0.106150
-0.106655
-0.105081
-0.106677
-0.106962
-0.106072
-0.107056
-0.106778
-0.106157
-0.106380
-0.105814
-0.106311
-0.106146
-0.106107
-0.106773
-0.105835
-0.106154
-0.107029
-0.105404
-0.104294
-0.106430
-0.102831
-0.103273
-0.106143
-0.105987
-0.103954
-0.102739
-0.103673
-0.042072
0.418946
0.884305
0.578573
0.045569
0.074507
0.095508
0.030434
-0.068285
-0.015370
-0.023916
-0.036758
-0.007541
-0.042096
-0.036343
-0.051452
-0.070615
-0.066601
-0.075840
-0.081531
-0.085955
-0.090763
-0.093985
-0.095588
-0.103498
-0.100218
-0.104038
-0.103777
-0.101321
-0.100634
-0.102427
-0.097600
-0.100189
-0.099845
-0.098598
-0.098590
-0.098066
-0.097194
-0.100047
-0.095671
-0.097944
-0.099458
-0.099233
-0.105438
-0.100260
-0.099396
-0.104359
-0.103321
-0.098383
-0.098933
-0.105443
-0.104341
-0.104529
-0.102222
-0.100392
-0.104176
-0.103062
-0.102674
-0.104253
-0.106806
-0.103999
-0.104380
-0.105719
-0.103373
-0.104314
-0.103967
-0.104703
-0.105774
-0.105130
-0.105717
-0.105478
-0.106228
-0.106345
-0.106234
-0.106266
-0.107064
-0.106453
-0.106943
-0.106803
-0.107177
-0.106469
-0.107256
-0.106710
-0.107193
-0.106385
-0.106266
-0.106025
-0.106028
-0.106858
-0.106668
-0.105700
-0.105813
-0.106638
-0.105825
-0.106488
-0.106045
-0.106044
-0.106520
-0.106308
-0.106795
-0.259194
0.021867
-0.012486
-0.529613
-0.107326
-0.107327
1.811195
0.497237
2.625222
0.891858
-0.107327
-0.107330
-1.247268
0.237142
-0.829095
-2.010624
-0.107328
-0.107329
-0.024122
0.062326
0.263844
-0.363897
-0.107327
-0.107329
-0.088916
0.043033
0.133162
-0.398890
-0.107328
-0.107328
-0.116659
0.166655
0.297600
-0.751944
-0.107328
-0.107327
3.107804
0.634523
4.194011
1.942578
-0.107327
-0.107330
0.044243
-0.061731
-0.056966
-0.048816
-0.102927
-0.096316
-0.105159
-0.105221
-0.105721
-0.103434
-0.105599
-0.105670
-0.105956
-0.104565
-0.106393
-0.106303
-0.106282
-0.105404
-0.106174
-0.106698
-0.106130
-0.105556
-0.106256
-0.101259
-0.104736
-0.106097
-0.107164
-0.106068
-0.104607
-0.103673
-0.106945
-0.105988
-0.107177
-0.106901
-0.107253
-0.106864
-0.106992
-0.107027
-0.106984
-0.106770
-0.107129
-0.107111
-0.107058
-0.107050
-0.106947
-0.107217
-0.106871
-0.106969
-0.106907
-0.106028
-0.106897
-0.107017
-0.107181
-0.107001
-0.106571
-0.106458
-0.107154
-0.106860
-0.107247
-0.107100
-0.107276
-0.107178
-0.107164
-0.107184
-0.107134
-0.107071
-0.107205
-0.107176
-0.107184
-0.107270
-0.107109
-0.107262
-0.107059
-0.107182
-0.107069
-0.106826
-0.107180
-0.107172
-0.107188
-0.107188
-0.106952
-0.106967
-0.107198
-0.107055
-0.107238
-0.107162
-0.107264
-0.107214
-0.107227
-0.107195
-0.107193
-0.107115
-0.107212
-0.107138
-0.107133
-0.107293
-0.107163
-0.107236
-0.107159
-0.107117
1.810287
-0.088311
0.315725
-0.084828
-0.091577
-0.095567
-0.096768
-0.100777
-0.104651
-0.104001
-0.097082
-0.103183
-0.099022
-0.103835
-0.102496
-0.104307
-0.102698
-0.106226
-0.106941
-0.105276
-0.103563
-0.104391
-0.103427
-0.102542
-0.081628
-0.105218
-0.105577
-0.103853
-0.087925
-0.104612
-0.105609
-0.105566
-0.105951
-0.105951
-0.107227
-0.106246
-0.105877
-0.106095
-0.105946
-0.106033
-0.107246
-0.106307
-0.106634
-0.106759
-0.106621
-0.106509
-0.106000
-0.106117
-0.106076
-0.104910
-0.101679
-0.106628
-0.106489
-0.105335
-0.102490
-0.106381
-0.106373
-0.106433
-0.106621
-0.106564
-0.107031
-0.106643
-0.106791
-0.106624
-0.106720
-0.106574
-0.106890
-0.106709
-0.106703
-0.106699
-0.106745
-0.106773
-0.106419
-0.106340
-0.106737
-0.105644
-0.105006
-0.106906
-0.106782
-0.105883
-0.105198
-0.106743
-0.106623
-0.106661
-0.106785
-0.106753
-0.106977
-0.106775
-0.106922
-0.106779
-0.106818
-0.106707
-0.106767
-0.106810
-0.106273
-0.106332
-0.106853
-0.106917
-0.106112
-0.106053
1.036512
-0.068651
0.124797
-0.082221
-0.047450
-0.099846
-0.097972
-0.100097
-0.099726
-0.102204
-0.099370
-0.104320
-0.102812
-0.104972
-0.103306
-0.105360
-0.101966
-0.105476
-0.103261
-0.105274
-0.104926
-0.105341
-0.099250
-0.103962
-0.093123
-0.105805
-0.106143
-0.104370
-0.097366
-0.105489
-0.102375
-0.105766
-0.105911
-0.105625
-0.106112
-0.105837
-0.105832
-0.106246
-0.106134
-0.106367
-0.106109
-0.106454
-0.105795
-0.106584
-0.105941
-0.106548
-0.106291
-0.106471
-0.105593
-0.106371
-0.104410
-0.106393
-0.106563
-0.106037
-0.105207
-0.106395
-0.105982
-0.106426
-0.106652
-0.106370
-0.106660
-0.106431
-0.106561
-0.106590
-0.106614
-0.106646
-0.106590
-0.106674
-0.106485
-0.106784
-0.106480
-0.106760
-0.106606
-0.106816
-0.106483
-0.106827
-0.106183
-0.106658
-0.106692
-0.106493
-0.106511
-0.106608
-0.106620
-0.106636
-0.106790
-0.106590
-0.106780
-0.106587
-0.106748
-0.106659
-0.106763
-0.106703
-0.106729
-0.106695
-0.106738
-0.106743
-0.106657
-0.106767
-0.106641
-0.107021
-0.022692
-0.026653
-0.058093
-0.055815
-0.069570
-0.089619
-0.096715
-0.096247
-0.094125
-0.097921
-0.100026
-0.099805
-0.100598
-0.101068
-0.101517
-0.101883
-0.102694
-0.102252
-0.101539
-0.103603
-0.103737
-0.103364
-0.100845
-0.101538
-0.105114
-0.104281
-0.106243
-0.104517
-0.104465
-0.102737
-0.103852
-0.104440
-0.105239
-0.104719
-0.104553
-0.104917
-0.105119
-0.105027
-0.105126
-0.105166
-0.105207
-0.105270
-0.105373
-0.105282
-0.105160
-0.105608
-0.105517
-0.105529
-0.105002
-0.105226
-0.106159
-0.105744
-0.106067
-0.105815
-0.105896
-0.105219
-0.105712
-0.105682
-0.105935
-0.105724
-0.105726
-0.105823
-0.105867
-0.105835
-0.105878
-0.105884
-0.105894
-0.105901
-0.105942
-0.105926
-0.105877
-0.106070
-0.105985
-0.106026
-0.105746
-0.105952
-0.106218
-0.106119
-0.106167
-0.106131
-0.106118
-0.105827
-0.106070
-0.106029
-0.106138
-0.106021
-0.106041
-0.106080
-0.106079
-0.106055
-0.106114
-0.106082
-0.106099
-0.106014
-0.106120
-0.106143
-0.106116
-0.106204
-0.106168
-0.106135
-0.088985
-0.030937
-0.071795
-0.053366
-0.090903
-0.088053
-0.097174
-0.098797
-0.100051
-0.100940
-0.101962
-0.102048
-0.102638
-0.102914
-0.103157
-0.103738
-0.103624
-0.104305
-0.103724
-0.104548
-0.104027
-0.103490
-0.105161
-0.102170
-0.106245
-0.105999
-0.106676
-0.105650
-0.105979
-0.105041
-0.104933
-0.104703
-0.105547
-0.105373
-0.105713
-0.105553
-0.105816
-0.105679
-0.105802
-0.105821
-0.105803
-0.105974
-0.105850
-0.106070
-0.105844
-0.106095
-0.105907
-0.105893
-0.106381
-0.106893
-0.106795
-0.106806
-0.106551
-0.106679
-0.107096
-0.106990
-0.106052
-0.106059
-0.106281
-0.106170
-0.106331
-0.106228
-0.106350
-0.106270
-0.106328
-0.106327
-0.106305
-0.106409
-0.106378
-0.106455
-0.106341
-0.106453
-0.106370
-0.106402
-0.106673
-0.107038
-0.106680
-0.106689
-0.106612
-0.106688
-0.106889
-0.106752
-0.106359
-0.106382
-0.106477
-0.106399
-0.106505
-0.106421
-0.106508
-0.106428
-0.106484
-0.106450
-0.106426
-0.106596
-0.106672
-0.106620
-0.106545
-0.106607
-0.106579
-0.106722
-0.099241
0.004868
-0.056315
0.040387
-0.101507
-0.098748
-0.105646
-0.105278
-0.106692
-0.105821
-0.106510
-0.106017
-0.106483
-0.106423
-0.106407
-0.106686
-0.106346
-0.107168
-0.106297
-0.107175
-0.105899
-0.106750
-0.104494
-0.092927
-0.104282
-0.104767
-0.107119
-0.104251
-0.104299
-0.098055
-0.106855
-0.105958
-0.107204
-0.106689
-0.107290
-0.106822
-0.107099
-0.106912
-0.107021
-0.107030
-0.106959
-0.107130
-0.106926
-0.107297
-0.106897
-0.107224
-0.106772
-0.107160
-0.106229
-0.104447
-0.106625
-0.106973
-0.107215
-0.106614
-0.106275
-0.105122
-0.107068
-0.106801
-0.107248
-0.106996
-0.107286
-0.107046
-0.107200
-0.107087
-0.107151
-0.107135
-0.107107
-0.107159
-0.107077
-0.107310
-0.107081
-0.107264
-0.107018
-0.107116
-0.106739
-0.106271
-0.107019
-0.107278
-0.107235
-0.107047
-0.106700
-0.106441
-0.107152
-0.107016
-0.107245
-0.107088
-0.107273
-0.107105
-0.107242
-0.107118
-0.107207
-0.107116
-0.107158
-0.106964
-0.106966
-0.107230
-0.107182
-0.107293
-0.107119
-0.106861
