-1.298810
2.092327
4.123425
-8.089617
-0.109812
-0.109807
0.012136
1.377558
5.325595
-4.322868
-0.109808
-0.109803
2.551935
1.582495
7.652610
-4.088384
-0.109812
-0.109799
-0.291061
2.335312
6.069277
-6.897289
-0.109811
-0.109808
-0.166342
5.782139
11.542066
-9.869743
-0.109810
-0.109811
-0.046272
1.683262
4.005674
-3.559612
-0.109810
-0.109810
10.431126
-0.109132
10.432655
10.429549
-0.109810
-0.109809
7.899791
3.302950
13.422966
2.699336
-0.109810
-0.109813
1.073547
0.649058
0.373493
0.510155
0.336471
0.120301
0.427782
0.154527
0.180868
0.080433
0.222035
0.043287
0.179069
0.170452
-0.003704
0.137031
-0.004960
-0.066243
-0.021910
-0.012617
-0.091844
-0.002918
-0.043464
-0.005861
-0.045189
0.003773
-0.007756
-0.047185
-0.026285
-0.066980
-0.053586
-0.086595
-0.062937
-0.090133
-0.104964
-0.079275
-0.058988
-0.097769
-0.053658
-0.065362
-0.085577
-0.067153
-0.095287
-0.086002
-0.090846
-0.083461
-0.103836
-0.084013
-0.092512
-0.106040
-0.103257
-0.107868
-0.105835
-0.104652
-0.100306
-0.102077
-0.102059
-0.089216
-0.100663
-0.098968
-0.101502
-0.095027
-0.104618
-0.092227
-0.095643
-0.099631
-0.092357
-0.106200
-0.103398
-0.103451
-0.103993
-0.108701
-0.100628
-0.103119
-0.100308
-0.103589
-0.097071
-0.099041
-0.100976
-0.098574
-0.105299
-0.102940
-0.105158
-0.105789
-0.107969
-0.108483
-0.108580
-0.103747
-0.107559
-0.100821
-0.101584
-0.104219
-0.099584
-0.108406
-0.104810
-0.107933
-0.106164
-0.108216
-0.104203
-0.106550
0.011345
0.325065
0.265908
0.015553
-0.079211
-0.028258
0.051817
0.118914
0.005206
0.162799
0.145507
0.052398
0.157923
0.141175
0.072071
0.197576
0.066121
0.100161
0.081263
0.030654
0.076320
-0.021248
-0.056226
-0.089272
-0.071698
-0.079619
-0.083681
-0.079467
-0.101644
-0.088576
-0.067508
-0.026871
-0.052393
-0.032654
-0.043477
-0.056586
-0.034040
-0.071878
-0.054087
-0.066451
-0.086642
-0.073812
-0.082572
-0.094885
-0.088707
-0.103751
-0.105886
-0.106282
-0.105335
-0.103756
-0.106626
-0.109400
-0.107863
-0.106281
-0.109143
-0.107330
-0.106105
-0.105429
-0.102475
-0.106649
-0.096461
-0.097648
-0.099619
-0.093255
-0.096032
-0.096179
-0.087956
-0.097168
-0.091735
-0.095013
-0.095850
-0.092094
-0.100631
-0.101324
-0.106537
-0.106573
-0.108483
-0.106413
-0.106430
-0.105477
-0.105701
-0.104506
-0.098629
-0.099101
-0.096673
-0.098212
-0.099552
-0.097271
-0.101905
-0.098944
-0.102630
-0.104473
-0.103745
-0.105752
-0.105570
-0.105081
-0.109397
-0.108352
-0.108864
-0.108730
2.549838
0.340223
0.383650
0.011386
0.493567
0.365522
0.053056
0.189394
0.163269
0.045057
-0.080771
0.037947
0.010939
-0.068989
0.050199
-0.025544
-0.013104
0.021758
-0.020113
-0.030131
-0.001657
-0.071094
-0.042028
-0.045770
-0.087584
-0.051520
-0.061572
-0.091122
-0.059128
-0.072499
-0.085397
-0.058776
-0.086180
-0.073443
-0.067486
-0.088125
-0.083318
-0.077042
-0.104360
-0.083966
-0.094206
-0.102273
-0.092323
-0.092631
-0.096348
-0.100690
-0.084937
-0.087457
-0.108353
-0.098597
-0.104979
-0.108920
-0.107741
-0.106529
-0.105324
-0.095042
-0.101092
-0.100490
-0.095320
-0.100419
-0.105771
-0.107710
-0.102552
-0.101868
-0.106817
-0.099241
-0.104563
-0.102188
-0.100864
-0.104239
-0.102669
-0.100934
-0.107724
-0.102538
-0.103482
-0.106018
-0.102525
-0.104618
-0.106183
-0.103478
-0.105051
-0.106294
-0.102936
-0.107654
-0.103057
-0.104766
-0.105777
-0.105998
-0.106081
-0.107772
-0.106012
-0.107246
-0.104630
-0.107508
-0.108772
-0.108400
-0.107460
-0.104785
-0.105806
-0.107644
0.070916
0.570542
0.859502
0.273637
0.715709
0.391045
0.100598
0.317573
0.096553
0.109583
0.169081
-0.052446
0.022872
-0.025233
0.017389
0.056580
-0.082400
-0.033686
-0.067253
-0.049479
-0.047663
-0.074998
-0.100488
-0.103147
-0.100759
-0.102394
-0.103366
-0.102413
-0.102414
-0.103658
-0.094672
-0.087040
-0.092193
-0.090699
-0.087015
-0.103823
-0.080821
-0.093792
-0.091183
-0.090381
-0.101308
-0.084559
-0.093178
-0.094097
-0.088613
-0.100642
-0.092322
-0.092730
-0.101243
-0.100449
-0.105606
-0.109567
-0.109691
-0.106648
-0.104135
-0.098416
-0.102664
-0.101813
-0.097955
-0.104581
-0.099414
-0.099808
-0.107250
-0.102909
-0.107079
-0.103180
-0.101113
-0.107992
-0.105442
-0.107697
-0.105081
-0.105048
-0.107359
-0.108749
-0.109174
-0.109293
-0.109525
-0.109467
-0.108771
-0.108765
-0.109237
-0.109501
-0.108093
-0.107263
-0.106742
-0.107005
-0.107620
-0.105649
-0.107179
-0.104448
-0.105808
-0.108367
-0.106453
-0.107338
-0.108459
-0.106895
-0.108301
-0.106575
-0.107056
-0.109048
-0.055175
2.188247
2.975435
0.668363
0.975374
0.529754
0.134029
0.174218
0.086848
0.091298
-0.035399
-0.023968
0.002481
-0.049044
-0.026634
-0.050495
-0.060939
-0.038739
-0.096682
-0.058000
-0.066143
-0.095602
-0.080009
-0.080865
-0.098003
-0.084798
-0.088793
-0.097969
-0.090666
-0.098635
-0.101676
-0.091359
-0.094269
-0.103133
-0.095286
-0.102939
-0.099325
-0.099235
-0.103192
-0.098518
-0.105491
-0.103036
-0.096740
-0.101880
-0.100412
-0.100420
-0.095658
-0.093729
-0.099868
-0.086803
-0.103723
-0.102665
-0.101103
-0.093539
-0.105633
-0.094342
-0.101512
-0.103856
-0.103343
-0.104484
-0.104576
-0.108535
-0.105872
-0.106275
-0.109128
-0.106926
-0.107647
-0.107494
-0.107276
-0.109488
-0.106954
-0.107984
-0.108454
-0.107378
-0.108255
-0.108865
-0.108252
-0.108547
-0.108516
-0.108633
-0.109019
-0.108433
-0.108119
-0.108248
-0.108360
-0.108160
-0.108774
-0.108821
-0.108534
-0.109186
-0.108928
-0.108894
-0.107010
-0.109535
-0.107479
-0.108590
-0.107598
-0.109603
-0.109044
-0.107846
-0.046760
0.407008
0.808885
0.418803
0.163383
0.181802
0.034695
-0.078210
-0.026023
-0.016064
-0.051350
-0.058631
-0.084148
-0.077120
-0.086809
-0.098826
-0.101299
-0.085584
-0.095732
-0.100668
-0.095077
-0.091613
-0.098793
-0.099060
-0.099806
-0.096852
-0.100270
-0.102468
-0.100198
-0.104051
-0.103384
-0.102340
-0.103309
-0.103467
-0.104506
-0.108769
-0.106929
-0.108225
-0.107337
-0.107504
-0.103540
-0.103478
-0.101406
-0.105838
-0.105142
-0.100984
-0.102872
-0.104844
-0.100958
-0.102871
-0.108103
-0.106799
-0.107393
-0.104247
-0.104546
-0.104992
-0.104027
-0.106354
-0.108530
-0.106387
-0.105301
-0.108048
-0.107764
-0.107339
-0.108382
-0.108645
-0.109178
-0.109299
-0.109250
-0.108779
-0.108919
-0.108379
-0.108108
-0.109162
-0.109044
-0.108721
-0.108892
-0.108970
-0.108583
-0.108978
-0.109475
-0.109015
-0.108697
-0.109068
-0.108476
-0.109445
-0.109313
-0.108791
-0.109545
-0.108943
-0.108986
-0.109341
-0.108551
-0.107755
-0.108980
-0.107948
-0.108173
-0.108582
-0.108677
-0.107585
-0.231525
0.003282
-0.016462
-0.479844
-0.109809
-0.109810
1.858451
0.481178
2.673713
0.990353
-0.109810
-0.109813
-1.123436
0.188883
-0.728810
-1.675596
-0.109811
-0.109813
-0.113600
0.060488
0.269925
-0.351455
-0.109808
-0.109810
-0.086131
0.215783
0.402438
-0.616974
-0.109810
-0.109813
-0.107150
0.105012
0.271573
-0.482345
-0.109810
-0.109812
3.189719
0.646157
4.263501
1.960790
-0.109810
-0.109813
0.012056
-0.075888
-0.060570
-0.058480
-0.105296
-0.107146
-0.108200
-0.107023
-0.108305
-0.108222
-0.107233
-0.104916
-0.109351
-0.108727
-0.108484
-0.107042
-0.107990
-0.108959
-0.108449
-0.108224
-0.108982
-0.109498
-0.107821
-0.104309
-0.107970
-0.109201
-0.109205
-0.108828
-0.107315
-0.106768
-0.109625
-0.109697
-0.109477
-0.109172
-0.109408
-0.109334
-0.109173
-0.109310
-0.109713
-0.109517
-0.109601
-0.109092
-0.109742
-0.109579
-0.109768
-0.109684
-0.109690
-0.109668
-0.109330
-0.108595
-0.109251
-0.109716
-0.109697
-0.109427
-0.108887
-0.109340
-0.109679
-0.109625
-0.109693
-0.109774
-0.109718
-0.109767
-0.109579
-0.109661
-0.109665
-0.109747
-0.109653
-0.109653
-0.109674
-0.109781
-0.109681
-0.109663
-0.109702
-0.109750
-0.109436
-0.109491
-0.109698
-0.109754
-0.109665
-0.109654
-0.109462
-0.109564
-0.109764
-0.109732
-0.109730
-0.109719
-0.109733
-0.109675
-0.109771
-0.109708
-0.109763
-0.109768
-0.109687
-0.109707
-0.109667
-0.109629
-0.109727
-0.109727
-0.109693
-0.109650
1.859499
-0.096701
0.304125
-0.103126
-0.086321
-0.101460
-0.104364
-0.108191
-0.101163
-0.107590
-0.096587
-0.108464
-0.101545
-0.107896
-0.104569
-0.108796
-0.103150
-0.108979
-0.106600
-0.108959
-0.109036
-0.108507
-0.104708
-0.102748
-0.085300
-0.104150
-0.105903
-0.104470
-0.091335
-0.104897
-0.108667
-0.108523
-0.108927
-0.108515
-0.108969
-0.108767
-0.108700
-0.108824
-0.109128
-0.108597
-0.108859
-0.108471
-0.108241
-0.108543
-0.108404
-0.108320
-0.108499
-0.108451
-0.108905
-0.106902
-0.105348
-0.108175
-0.109141
-0.107834
-0.106022
-0.108166
-0.109073
-0.109223
-0.109125
-0.109035
-0.109131
-0.108884
-0.109027
-0.108982
-0.108962
-0.109241
-0.108871
-0.109284
-0.108833
-0.108907
-0.109068
-0.109171
-0.109228
-0.109061
-0.109102
-0.107541
-0.109034
-0.109094
-0.108878
-0.107561
-0.108884
-0.108839
-0.108946
-0.108944
-0.108979
-0.109012
-0.109023
-0.109113
-0.109049
-0.109132
-0.109114
-0.108971
-0.109102
-0.108801
-0.108969
-0.109503
-0.108840
-0.108760
-0.108693
-0.109695
0.906087
-0.081861
0.092089
-0.097263
-0.057003
-0.106844
-0.109278
-0.108161
-0.106222
-0.109173
-0.107482
-0.108193
-0.108596
-0.106371
-0.108634
-0.108692
-0.108179
-0.108852
-0.107519
-0.108920
-0.109256
-0.108265
-0.101919
-0.106247
-0.097843
-0.107850
-0.108565
-0.107124
-0.101299
-0.107658
-0.106090
-0.109252
-0.109681
-0.109517
-0.109489
-0.109677
-0.109370
-0.109731
-0.109449
-0.109251
-0.109709
-0.109442
-0.109705
-0.109658
-0.109356
-0.109382
-0.109513
-0.109143
-0.108340
-0.108466
-0.107534
-0.109047
-0.109324
-0.108629
-0.108057
-0.108853
-0.109019
-0.109472
-0.109706
-0.109679
-0.109780
-0.109704
-0.109769
-0.109688
-0.109758
-0.109659
-0.109771
-0.109701
-0.109743
-0.109678
-0.109684
-0.109682
-0.109723
-0.109517
-0.109370
-0.109072
-0.109107
-0.109395
-0.109447
-0.109136
-0.109251
-0.109382
-0.109563
-0.109670
-0.109779
-0.109784
-0.109773
-0.109791
-0.109758
-0.109797
-0.109756
-0.109650
-0.109691
-0.109570
-0.109620
-0.109520
-0.109686
-0.109755
-0.109714
-0.109615
-0.106665
-0.058714
-0.016722
-0.071476
-0.072831
-0.100077
-0.102473
-0.105013
-0.106672
-0.106054
-0.105507
-0.106607
-0.106939
-0.107490
-0.107702
-0.107460
-0.108120
-0.107242
-0.107739
-0.107527
-0.108438
-0.107415
-0.105202
-0.108358
-0.106406
-0.108423
-0.108214
-0.108083
-0.106620
-0.107719
-0.107281
-0.109758
-0.109504
-0.109326
-0.108697
-0.109213
-0.109348
-0.109447
-0.109378
-0.109257
-0.109215
-0.109308
-0.109298
-0.109596
-0.109358
-0.109536
-0.109349
-0.109722
-0.108265
-0.109376
-0.108664
-0.108878
-0.109052
-0.109169
-0.109177
-0.108514
-0.109206
-0.109123
-0.109215
-0.109211
-0.109488
-0.109398
-0.109359
-0.109294
-0.109286
-0.109323
-0.109384
-0.109406
-0.109471
-0.109295
-0.109389
-0.109327
-0.109366
-0.109216
-0.109707
-0.109540
-0.109474
-0.109571
-0.109635
-0.109661
-0.109314
-0.109412
-0.109344
-0.109498
-0.109545
-0.109587
-0.109541
-0.109523
-0.109483
-0.109518
-0.109562
-0.109606
-0.109646
-0.109558
-0.109510
-0.109423
-0.109544
-0.109579
-0.109622
-0.109441
-0.084786
0.114315
-0.078354
-0.075191
-0.096681
-0.109001
-0.104244
-0.105540
-0.106423
-0.106272
-0.106247
-0.107016
-0.107273
-0.107503
-0.107770
-0.107826
-0.108010
-0.107559
-0.107957
-0.107919
-0.108352
-0.108160
-0.107695
-0.103650
-0.106952
-0.104512
-0.108122
-0.103098
-0.106806
-0.106913
-0.108923
-0.108017
-0.108505
-0.108572
-0.108543
-0.108732
-0.108839
-0.108844
-0.108840
-0.108825
-0.108792
-0.108790
-0.108827
-0.108979
-0.108966
-0.108993
-0.108916
-0.108726
-0.108898
-0.108965
-0.109737
-0.108038
-0.108243
-0.109249
-0.109510
-0.109062
-0.108998
-0.109051
-0.109093
-0.109098
-0.109154
-0.109124
-0.109120
-0.109097
-0.109084
-0.109086
-0.109105
-0.109162
-0.109143
-0.109143
-0.109086
-0.109128
-0.109057
-0.109211
-0.108938
-0.109162
-0.108728
-0.109369
-0.109308
-0.109035
-0.108752
-0.109090
-0.109107
-0.109173
-0.109167
-0.109170
-0.109146
-0.109144
-0.109137
-0.109149
-0.109168
-0.109180
-0.109219
-0.109150
-0.109247
-0.109083
-0.109149
-0.109124
-0.109191
-0.109075
-0.108211
-0.045363
-0.101146
0.025091
-0.097497
-0.100937
-0.104857
-0.106361
-0.106752
-0.106286
-0.106776
-0.106985
-0.107512
-0.107902
-0.108104
-0.107910
-0.107649
-0.107750
-0.107811
-0.108534
-0.108865
-0.108709
-0.105554
-0.097871
-0.107609
-0.105772
-0.107805
-0.106888
-0.108387
-0.101332
-0.108702
-0.109557
-0.109148
-0.108802
-0.108774
-0.108946
-0.109122
-0.109262
-0.109193
-0.109075
-0.108997
-0.109051
-0.109207
-0.109355
-0.109401
-0.109181
-0.109021
-0.109018
-0.109193
-0.106873
-0.108554
-0.108665
-0.109374
-0.109363
-0.108405
-0.108539
-0.109229
-0.109125
-0.109154
-0.109283
-0.109383
-0.109430
-0.109372
-0.109289
-0.109253
-0.109273
-0.109350
-0.109421
-0.109367
-0.109386
-0.109264
-0.109256
-0.109289
-0.109408
-0.108997
-0.109418
-0.109718
-0.109505
-0.109359
-0.109253
-0.109519
-0.108836
-0.109152
-0.109314
-0.109453
-0.109488
-0.109448
-0.109378
-0.109355
-0.109392
-0.109465
-0.109543
-0.109544
-0.109459
-0.109299
-0.109314
-0.109375
-0.109320
-0.109447
-0.109431
