-1.314030
2.045274
2.896672
-8.144226
-0.112776
-0.112770
0.117591
1.279349
5.821834
-2.602109
-0.112769
-0.112765
2.658429
1.687820
7.435368
-3.674004
-0.112775
-0.112765
-0.334665
2.457225
6.573599
-5.334997
-0.112772
-0.112773
0.069667
5.672632
11.577453
-9.263699
-0.112773
-0.112775
-0.167316
1.684349
3.499510
-3.474436
-0.112773
-0.112774
10.721682
-0.112052
10.722877
10.720403
-0.112774
-0.112776
8.345721
3.459766
14.067991
3.016263
-0.112773
-0.112777
1.082706
0.675793
0.400188
0.548510
0.341989
0.098362
0.441342
0.149043
0.147552
0.100899
0.115325
0.035721
0.093993
0.113572
-0.037001
0.043824
-0.077523
-0.070583
-0.102608
-0.078043
-0.054088
-0.076970
-0.064031
-0.015834
-0.100364
-0.000879
-0.081950
-0.026205
-0.074806
-0.068481
-0.078546
-0.088631
-0.096546
-0.097395
-0.095286
-0.092751
-0.099821
-0.073334
-0.076976
-0.087577
-0.073871
-0.104732
-0.093638
-0.102793
-0.103597
-0.110528
-0.097468
-0.098950
-0.103137
-0.100095
-0.089804
-0.099480
-0.101306
-0.108679
-0.104292
-0.103323
-0.090318
-0.099122
-0.096183
-0.094580
-0.106327
-0.101779
-0.103666
-0.103285
-0.106434
-0.099351
-0.110948
-0.104399
-0.110496
-0.104227
-0.109482
-0.107982
-0.107471
-0.106403
-0.112052
-0.103629
-0.108222
-0.104410
-0.106925
-0.105734
-0.107791
-0.106330
-0.108399
-0.106359
-0.108428
-0.109858
-0.109160
-0.110196
-0.109881
-0.111245
-0.107874
-0.109099
-0.110432
-0.109244
-0.108049
-0.110884
-0.108363
-0.106411
-0.104947
-0.109124
0.116900
0.357353
0.275470
0.016748
-0.103461
-0.001694
-0.054175
0.122044
0.106250
0.072676
0.218205
0.092224
0.147791
0.192605
-0.011263
0.078997
-0.034725
-0.042590
-0.054681
-0.060760
-0.061560
-0.061842
-0.084875
-0.072229
-0.085141
-0.036093
-0.090174
-0.045847
-0.087668
-0.065547
-0.071975
-0.083651
-0.066425
-0.097224
-0.083968
-0.070839
-0.094178
-0.050747
-0.071285
-0.066267
-0.062471
-0.095952
-0.086621
-0.093891
-0.106470
-0.105376
-0.099577
-0.102163
-0.107706
-0.106279
-0.105889
-0.111341
-0.107816
-0.105538
-0.104662
-0.107926
-0.109301
-0.104711
-0.106899
-0.104035
-0.096036
-0.104252
-0.097010
-0.097838
-0.106567
-0.097745
-0.108491
-0.107401
-0.109692
-0.102274
-0.108254
-0.104706
-0.105913
-0.110154
-0.106348
-0.107374
-0.108700
-0.103154
-0.109850
-0.103531
-0.107606
-0.105755
-0.103075
-0.110705
-0.105563
-0.106420
-0.111986
-0.104351
-0.107386
-0.106178
-0.103661
-0.110049
-0.107090
-0.108984
-0.111912
-0.109994
-0.108496
-0.111292
-0.109665
-0.109798
2.656247
0.380121
0.415498
-0.016362
0.511970
0.453445
0.081011
0.167490
0.152607
0.041590
-0.106595
-0.001576
0.023626
-0.082987
0.007028
-0.000265
-0.021853
0.025245
-0.006290
-0.032657
-0.019007
-0.028198
-0.061768
-0.019719
-0.061355
-0.034973
-0.059412
-0.051440
-0.074403
-0.071169
-0.074825
-0.098964
-0.077166
-0.090752
-0.094194
-0.091742
-0.097045
-0.108439
-0.104518
-0.093713
-0.100118
-0.094857
-0.091559
-0.103392
-0.088715
-0.084827
-0.093109
-0.096943
-0.089541
-0.102370
-0.105598
-0.111126
-0.107124
-0.109330
-0.105382
-0.109005
-0.102368
-0.098102
-0.106345
-0.112039
-0.106767
-0.102092
-0.101269
-0.107126
-0.100114
-0.100696
-0.106591
-0.098683
-0.106252
-0.101621
-0.104028
-0.105903
-0.107687
-0.104601
-0.108104
-0.106197
-0.106263
-0.108957
-0.107632
-0.111495
-0.109329
-0.110036
-0.110234
-0.106824
-0.111435
-0.107226
-0.107910
-0.109657
-0.109959
-0.107095
-0.108335
-0.109278
-0.107212
-0.110697
-0.106127
-0.108990
-0.107179
-0.107402
-0.106232
-0.109351
0.108484
0.624200
0.988655
0.176158
0.542028
0.466463
0.003287
0.348666
0.291116
0.050154
0.266782
0.053778
0.034956
0.088513
-0.072727
-0.015530
-0.080318
-0.040214
-0.068963
-0.085167
-0.061264
-0.091294
-0.100673
-0.097235
-0.110974
-0.099985
-0.105765
-0.108954
-0.106812
-0.101718
-0.103047
-0.101013
-0.093528
-0.103339
-0.101953
-0.098112
-0.107593
-0.086128
-0.103060
-0.085017
-0.080793
-0.104370
-0.081640
-0.090253
-0.103166
-0.094991
-0.104839
-0.107754
-0.101395
-0.102802
-0.107499
-0.104902
-0.104503
-0.105795
-0.103563
-0.102773
-0.104514
-0.099411
-0.102824
-0.104259
-0.098235
-0.108236
-0.103100
-0.105180
-0.109117
-0.106821
-0.108597
-0.106365
-0.111650
-0.107119
-0.108115
-0.110672
-0.108952
-0.110986
-0.111112
-0.110708
-0.111288
-0.110710
-0.110637
-0.111082
-0.111516
-0.110209
-0.110734
-0.111601
-0.109796
-0.111142
-0.111292
-0.109974
-0.111447
-0.109665
-0.109507
-0.111131
-0.109524
-0.111099
-0.110101
-0.110975
-0.109042
-0.110546
-0.109026
-0.106781
0.071468
2.055337
2.946617
0.781081
0.904723
0.623156
-0.015589
0.180921
0.085923
0.081235
-0.059143
-0.033238
-0.016050
-0.040980
-0.071410
-0.048840
-0.073757
-0.057459
-0.091178
-0.087759
-0.086308
-0.092803
-0.101425
-0.093381
-0.079793
-0.107555
-0.086606
-0.096065
-0.106528
-0.095833
-0.101144
-0.112252
-0.096934
-0.101507
-0.109752
-0.102525
-0.107983
-0.104076
-0.102772
-0.108475
-0.100274
-0.103836
-0.110254
-0.105619
-0.109210
-0.100869
-0.098335
-0.103267
-0.090711
-0.105276
-0.098917
-0.101351
-0.101727
-0.109218
-0.094155
-0.098565
-0.109177
-0.102673
-0.107021
-0.107508
-0.107557
-0.104930
-0.110521
-0.111710
-0.110773
-0.110005
-0.110193
-0.110782
-0.109956
-0.110361
-0.111875
-0.111319
-0.111844
-0.112119
-0.110358
-0.112248
-0.110271
-0.110930
-0.112047
-0.110477
-0.111649
-0.112105
-0.110009
-0.111517
-0.111558
-0.111060
-0.111814
-0.111412
-0.111333
-0.110063
-0.109589
-0.111514
-0.110670
-0.108216
-0.110674
-0.110127
-0.109122
-0.111072
-0.109320
-0.109566
-0.058651
0.487402
0.812952
0.431616
0.090113
0.045935
-0.018637
-0.037789
-0.084236
-0.056964
-0.065852
-0.089744
-0.069835
-0.084742
-0.093876
-0.088808
-0.092977
-0.092926
-0.104001
-0.106141
-0.102327
-0.103792
-0.101263
-0.108546
-0.103238
-0.106984
-0.102243
-0.108766
-0.105436
-0.107519
-0.106588
-0.107330
-0.107315
-0.110468
-0.109207
-0.109277
-0.108812
-0.109017
-0.110434
-0.109169
-0.107032
-0.107994
-0.111317
-0.108259
-0.109969
-0.109270
-0.110422
-0.110045
-0.106479
-0.107687
-0.105216
-0.107507
-0.110884
-0.112157
-0.109540
-0.106654
-0.108649
-0.110071
-0.109576
-0.110002
-0.112321
-0.111249
-0.110066
-0.111893
-0.111564
-0.111415
-0.111467
-0.111778
-0.111771
-0.111707
-0.112459
-0.112514
-0.112253
-0.112245
-0.112397
-0.112429
-0.112052
-0.112261
-0.112083
-0.112024
-0.111915
-0.111893
-0.111779
-0.112090
-0.112288
-0.112515
-0.112008
-0.112266
-0.112623
-0.112459
-0.112682
-0.111494
-0.111594
-0.112564
-0.112427
-0.112507
-0.111444
-0.110794
-0.111671
-0.112072
-0.260468
0.019518
0.007705
-0.519463
-0.112773
-0.112774
1.860764
0.437591
2.626504
1.050522
-0.112773
-0.112777
-1.272962
0.244003
-0.848641
-1.949350
-0.112775
-0.112776
-0.162803
0.003636
0.110506
-0.371325
-0.112772
-0.112773
-0.078294
0.048840
0.219395
-0.353961
-0.112773
-0.112775
-0.131895
0.136168
0.239613
-0.663664
-0.112774
-0.112775
3.147039
0.626598
4.323874
1.819773
-0.112774
-0.112776
0.035263
-0.055328
-0.072812
-0.052263
-0.108616
-0.110542
-0.109573
-0.110581
-0.111494
-0.110410
-0.110225
-0.109386
-0.111821
-0.111248
-0.112508
-0.111527
-0.111427
-0.111397
-0.110790
-0.111325
-0.112046
-0.111426
-0.110139
-0.108303
-0.110937
-0.111033
-0.111482
-0.112008
-0.112193
-0.112290
-0.108807
-0.111298
-0.111617
-0.111680
-0.111744
-0.111653
-0.111922
-0.112266
-0.112161
-0.112126
-0.112067
-0.112076
-0.111916
-0.112259
-0.112305
-0.112251
-0.112257
-0.112352
-0.112445
-0.111841
-0.111116
-0.111820
-0.112110
-0.112198
-0.111960
-0.111749
-0.111499
-0.112402
-0.112336
-0.112219
-0.112298
-0.112301
-0.112384
-0.112350
-0.112252
-0.112230
-0.112301
-0.112282
-0.112314
-0.112360
-0.112290
-0.112291
-0.112334
-0.112291
-0.112252
-0.111993
-0.112143
-0.112474
-0.112484
-0.112354
-0.112297
-0.112296
-0.112486
-0.112558
-0.112472
-0.112406
-0.112455
-0.112430
-0.112443
-0.112376
-0.112324
-0.112489
-0.112557
-0.112469
-0.112449
-0.112401
-0.112436
-0.112553
-0.112528
-0.112350
1.862090
-0.100450
0.272368
-0.086379
-0.089683
-0.110229
-0.111824
-0.110923
-0.107204
-0.110617
-0.106902
-0.111733
-0.109701
-0.111438
-0.110861
-0.110229
-0.110839
-0.108986
-0.111105
-0.111623
-0.110406
-0.111191
-0.108862
-0.108450
-0.097022
-0.097361
-0.108311
-0.110505
-0.106370
-0.098641
-0.108213
-0.108969
-0.109546
-0.110403
-0.110744
-0.110298
-0.110471
-0.110837
-0.111197
-0.110931
-0.110888
-0.111097
-0.111435
-0.111768
-0.110952
-0.111015
-0.111655
-0.111167
-0.111350
-0.111419
-0.110610
-0.106582
-0.111227
-0.111607
-0.109766
-0.108364
-0.111745
-0.111585
-0.111433
-0.111739
-0.111598
-0.111482
-0.111653
-0.111615
-0.111656
-0.111471
-0.111495
-0.111865
-0.111701
-0.111546
-0.111398
-0.111763
-0.111772
-0.111465
-0.111609
-0.111408
-0.110936
-0.110985
-0.111919
-0.111739
-0.110910
-0.111938
-0.112147
-0.112168
-0.111878
-0.112085
-0.111957
-0.111939
-0.111977
-0.111968
-0.111856
-0.111817
-0.112175
-0.112558
-0.111712
-0.111690
-0.112334
-0.112366
-0.111864
-0.111813
1.045641
-0.097862
0.127428
-0.088749
-0.044893
-0.108859
-0.109630
-0.111004
-0.110886
-0.111228
-0.110935
-0.111217
-0.111645
-0.112342
-0.111089
-0.112472
-0.111718
-0.111921
-0.112530
-0.110884
-0.111827
-0.109473
-0.109396
-0.103442
-0.103553
-0.103292
-0.110119
-0.108622
-0.107389
-0.103711
-0.108874
-0.109191
-0.112281
-0.112459
-0.112086
-0.112275
-0.111973
-0.112181
-0.112574
-0.112272
-0.112326
-0.112459
-0.112203
-0.112731
-0.112267
-0.112154
-0.112623
-0.111840
-0.112213
-0.111269
-0.111566
-0.109656
-0.112420
-0.112240
-0.112139
-0.110565
-0.111683
-0.111182
-0.112513
-0.112420
-0.112437
-0.112688
-0.112351
-0.112687
-0.112505
-0.112392
-0.112616
-0.112540
-0.112534
-0.112673
-0.112480
-0.112500
-0.112512
-0.112512
-0.112470
-0.112514
-0.111601
-0.112276
-0.112027
-0.112649
-0.112302
-0.112735
-0.111560
-0.112409
-0.112398
-0.112464
-0.112729
-0.112537
-0.112549
-0.112583
-0.112442
-0.112485
-0.112377
-0.112407
-0.112630
-0.112522
-0.112295
-0.112361
-0.112500
-0.112528
-0.064043
-0.060849
-0.059563
-0.089062
-0.087897
-0.102995
-0.106547
-0.111813
-0.110977
-0.112119
-0.111836
-0.112187
-0.112237
-0.112164
-0.112195
-0.112231
-0.112090
-0.112244
-0.112017
-0.112060
-0.111528
-0.111812
-0.108975
-0.110652
-0.111217
-0.110672
-0.110101
-0.110677
-0.111361
-0.111669
-0.111331
-0.110897
-0.112571
-0.112259
-0.112412
-0.112553
-0.112535
-0.112530
-0.112517
-0.112525
-0.112521
-0.112498
-0.112507
-0.112500
-0.112469
-0.112398
-0.112560
-0.112296
-0.112689
-0.111754
-0.112019
-0.111820
-0.112218
-0.112628
-0.112316
-0.112256
-0.112425
-0.112642
-0.112162
-0.112379
-0.112471
-0.112494
-0.112439
-0.112466
-0.112435
-0.112447
-0.112448
-0.112466
-0.112466
-0.112437
-0.112445
-0.112456
-0.112482
-0.112374
-0.112440
-0.112225
-0.112384
-0.112433
-0.112670
-0.112512
-0.112423
-0.112560
-0.112588
-0.112473
-0.112294
-0.112534
-0.112523
-0.112505
-0.112486
-0.112535
-0.112442
-0.112489
-0.112525
-0.112562
-0.112481
-0.112479
-0.112576
-0.112549
-0.112500
-0.112422
-0.078495
-0.052184
-0.037574
-0.057097
-0.098381
-0.105960
-0.105999
-0.107948
-0.107952
-0.108129
-0.109244
-0.109441
-0.109996
-0.110100
-0.110201
-0.110392
-0.110666
-0.110729
-0.110885
-0.110728
-0.111032
-0.111938
-0.108964
-0.106969
-0.111613
-0.109009
-0.111177
-0.111282
-0.109080
-0.111902
-0.108858
-0.111542
-0.111467
-0.111528
-0.111564
-0.111741
-0.111822
-0.111841
-0.111856
-0.111828
-0.111909
-0.111903
-0.111934
-0.111940
-0.111867
-0.111913
-0.112044
-0.111985
-0.111579
-0.112055
-0.112391
-0.112363
-0.111470
-0.112321
-0.111767
-0.111483
-0.111468
-0.112437
-0.112243
-0.112105
-0.112209
-0.112205
-0.112195
-0.112210
-0.112182
-0.112216
-0.112223
-0.112187
-0.112233
-0.112174
-0.112171
-0.112283
-0.112321
-0.112246
-0.112279
-0.112215
-0.112382
-0.112171
-0.112020
-0.112284
-0.111923
-0.112057
-0.112322
-0.112573
-0.112228
-0.112239
-0.112318
-0.112256
-0.112290
-0.112288
-0.112212
-0.112338
-0.112318
-0.112290
-0.112205
-0.112175
-0.112298
-0.112329
-0.112330
-0.112214
-0.091722
-0.038406
-0.077042
0.041617
-0.107661
-0.108225
-0.108278
-0.109567
-0.109241
-0.109570
-0.110172
-0.109963
-0.110712
-0.110356
-0.110483
-0.110745
-0.110365
-0.110682
-0.110755
-0.110209
-0.110713
-0.109487
-0.107841
-0.103578
-0.104459
-0.109866
-0.109960
-0.109164
-0.110444
-0.108809
-0.105847
-0.110099
-0.111257
-0.110916
-0.111460
-0.111499
-0.111316
-0.111658
-0.111485
-0.111504
-0.111717
-0.111512
-0.111678
-0.111680
-0.111509
-0.111782
-0.111562
-0.111611
-0.111934
-0.110829
-0.109027
-0.111367
-0.111600
-0.111588
-0.112081
-0.110829
-0.110174
-0.111574
-0.111906
-0.111573
-0.111795
-0.111698
-0.111647
-0.111772
-0.111604
-0.111676
-0.111817
-0.111659
-0.111754
-0.111673
-0.111566
-0.111741
-0.111662
-0.111698
-0.111596
-0.111163
-0.111446
-0.112204
-0.111956
-0.111857
-0.111863
-0.111319
-0.111910
-0.112031
-0.112029
-0.111839
-0.111979
-0.111824
-0.111887
-0.111871
-0.111778
-0.112071
-0.112183
-0.111765
-0.111892
-0.111821
-0.111773
-0.112246
-0.112094
-0.111841
