-1.366860
2.057014
2.981259
-7.796535
-0.110487
-0.110480
0.111623
1.245025
4.779659
-3.671397
-0.110481
-0.110478
2.595498
1.705907
7.113243
-3.829379
-0.110486
-0.110475
-0.587798
2.159379
5.350493
-5.445368
-0.110483
-0.110484
0.004675
5.988682
12.262018
-9.855818
-0.110483
-0.110485
-0.069807
1.491799
3.571252
-3.177522
-0.110483
-0.110484
10.419440
-0.109980
10.420441
10.418277
-0.110484
-0.110485
8.501375
3.687364
14.469908
3.106342
-0.110484
-0.110487
1.139420
0.682420
0.418933
0.600638
0.359902
0.080985
0.399889
0.153867
0.114433
0.033981
0.095880
0.052479
0.041440
0.136192
-0.009546
0.064925
0.035674
-0.095625
-0.037048
-0.036659
-0.081860
-0.044033
-0.042963
-0.067527
-0.045451
-0.071946
-0.053716
-0.073844
-0.068402
-0.077705
-0.067216
-0.096368
-0.074517
-0.090267
-0.106703
-0.079203
-0.073653
-0.094760
-0.063936
-0.078536
-0.092710
-0.081336
-0.095711
-0.096723
-0.096822
-0.083842
-0.099991
-0.090916
-0.092215
-0.106455
-0.101257
-0.102912
-0.109053
-0.104281
-0.096782
-0.098434
-0.110110
-0.095756
-0.099090
-0.101984
-0.103861
-0.103317
-0.103199
-0.102858
-0.096700
-0.105384
-0.097295
-0.099166
-0.109608
-0.104036
-0.105672
-0.107035
-0.106944
-0.102061
-0.110097
-0.102704
-0.108754
-0.104187
-0.107663
-0.105722
-0.106835
-0.104386
-0.107081
-0.102350
-0.108843
-0.107127
-0.105462
-0.106483
-0.109022
-0.104141
-0.105127
-0.108612
-0.104949
-0.107341
-0.107470
-0.106642
-0.106261
-0.108665
-0.105525
-0.104806
0.111234
0.281599
0.246545
0.054495
-0.065013
-0.009651
0.012024
0.103304
0.012131
0.151895
0.172825
0.072858
0.200105
0.090447
0.026267
0.045929
-0.031047
0.034889
0.016216
0.014382
0.048133
0.010840
-0.019998
-0.030747
-0.086444
-0.065269
-0.082699
-0.077621
-0.069420
-0.060007
-0.058107
-0.029249
-0.052825
-0.058493
-0.056302
-0.083403
-0.077211
-0.074859
-0.086309
-0.059301
-0.079166
-0.075875
-0.077840
-0.094423
-0.089287
-0.104027
-0.105943
-0.107392
-0.107325
-0.107906
-0.106800
-0.106271
-0.107575
-0.103708
-0.105253
-0.108579
-0.106084
-0.104986
-0.105654
-0.105344
-0.101632
-0.095308
-0.101744
-0.094268
-0.095911
-0.101668
-0.099609
-0.106921
-0.099370
-0.102702
-0.100236
-0.096236
-0.098992
-0.098614
-0.099978
-0.106373
-0.102539
-0.108318
-0.103572
-0.109413
-0.104698
-0.107002
-0.101409
-0.104138
-0.103705
-0.104669
-0.106973
-0.106748
-0.106284
-0.108706
-0.103259
-0.106178
-0.102762
-0.104165
-0.107287
-0.103902
-0.108700
-0.108811
-0.108090
-0.109184
2.593961
0.402160
0.431552
-0.019430
0.521350
0.477809
0.108152
0.183407
0.181079
0.080895
-0.077089
-0.010518
-0.042725
-0.089348
-0.029207
-0.046296
-0.039902
-0.017958
-0.026049
-0.076217
-0.030249
-0.074629
-0.061729
-0.057941
-0.094017
-0.073341
-0.086164
-0.091880
-0.078930
-0.080208
-0.096726
-0.070525
-0.096725
-0.080133
-0.079860
-0.095392
-0.089867
-0.091150
-0.105352
-0.094741
-0.096028
-0.105856
-0.094570
-0.088865
-0.091690
-0.101948
-0.087797
-0.085383
-0.102542
-0.101775
-0.104873
-0.108957
-0.107211
-0.105621
-0.108750
-0.098726
-0.095156
-0.103609
-0.098490
-0.100341
-0.103484
-0.105182
-0.106217
-0.105685
-0.107678
-0.106303
-0.106222
-0.107541
-0.103373
-0.105121
-0.107798
-0.102939
-0.107187
-0.106026
-0.103874
-0.109408
-0.106887
-0.107710
-0.109912
-0.108508
-0.106494
-0.108446
-0.105070
-0.106690
-0.106690
-0.104665
-0.109276
-0.106858
-0.105647
-0.109950
-0.106355
-0.104725
-0.109958
-0.106692
-0.106493
-0.108313
-0.107531
-0.108325
-0.105200
-0.108467
0.365106
0.698615
0.812569
0.094282
0.433662
0.286520
-0.013291
0.317900
0.141598
0.171767
0.262398
-0.019514
0.056459
0.027897
-0.038702
-0.109250
-0.018275
-0.044695
-0.082178
-0.077094
-0.073812
-0.081047
-0.098167
-0.081417
-0.097842
-0.101179
-0.100879
-0.104797
-0.095257
-0.103761
-0.091941
-0.094499
-0.102918
-0.100949
-0.094526
-0.091212
-0.108461
-0.089658
-0.089221
-0.086989
-0.108339
-0.079801
-0.083636
-0.095191
-0.084314
-0.101517
-0.100252
-0.099558
-0.106597
-0.104073
-0.105806
-0.109809
-0.108153
-0.107827
-0.107661
-0.103689
-0.104906
-0.108534
-0.100944
-0.103349
-0.101254
-0.095273
-0.104263
-0.102766
-0.103143
-0.108619
-0.107351
-0.104032
-0.105030
-0.109606
-0.107208
-0.107432
-0.108239
-0.109499
-0.107454
-0.108122
-0.109705
-0.108914
-0.109277
-0.108521
-0.109873
-0.107318
-0.107212
-0.109744
-0.109075
-0.107313
-0.106967
-0.108904
-0.105778
-0.105879
-0.108838
-0.109074
-0.106619
-0.107238
-0.107141
-0.105397
-0.108330
-0.108130
-0.108115
-0.108859
0.007293
2.198774
3.085427
0.790743
0.983100
0.694787
0.074439
0.199604
0.136008
0.114424
-0.052845
-0.060878
-0.009174
-0.018806
-0.065916
-0.022590
-0.067277
-0.032855
-0.067579
-0.080222
-0.051847
-0.075208
-0.083643
-0.059912
-0.088869
-0.074584
-0.072194
-0.097779
-0.078053
-0.093845
-0.094987
-0.088465
-0.099722
-0.100490
-0.094069
-0.106710
-0.097701
-0.105054
-0.097579
-0.097008
-0.106415
-0.102372
-0.094208
-0.098209
-0.101039
-0.101331
-0.096893
-0.092287
-0.103577
-0.082833
-0.098130
-0.105207
-0.104297
-0.095437
-0.101874
-0.096556
-0.094409
-0.106457
-0.102595
-0.105781
-0.105274
-0.109410
-0.106776
-0.105829
-0.106870
-0.108747
-0.106201
-0.107269
-0.107589
-0.108210
-0.109545
-0.107513
-0.108916
-0.108750
-0.107668
-0.109013
-0.108092
-0.107941
-0.109640
-0.107530
-0.109112
-0.108692
-0.108030
-0.109576
-0.108729
-0.108808
-0.109543
-0.107842
-0.109159
-0.108024
-0.107352
-0.107834
-0.108404
-0.105303
-0.106820
-0.109249
-0.108689
-0.107121
-0.106174
-0.107122
-0.069516
0.308583
0.693621
0.426303
0.021578
0.093331
0.101620
0.032154
-0.066323
-0.018593
-0.035521
-0.056117
-0.017971
-0.059218
-0.055308
-0.047728
-0.076661
-0.066752
-0.091325
-0.091040
-0.103863
-0.104633
-0.101190
-0.102622
-0.104912
-0.106528
-0.106820
-0.106895
-0.106046
-0.105635
-0.105327
-0.106766
-0.108650
-0.104850
-0.102342
-0.105599
-0.097335
-0.103239
-0.103676
-0.097391
-0.103720
-0.104180
-0.100927
-0.106682
-0.106391
-0.102980
-0.102904
-0.107819
-0.108225
-0.106184
-0.107442
-0.105642
-0.106407
-0.105521
-0.102753
-0.106282
-0.108050
-0.107435
-0.105507
-0.107987
-0.109653
-0.106773
-0.108512
-0.106960
-0.108244
-0.108661
-0.106757
-0.109451
-0.108017
-0.108571
-0.110055
-0.109245
-0.109707
-0.109599
-0.109891
-0.109445
-0.109746
-0.109977
-0.109851
-0.109733
-0.109387
-0.110019
-0.109344
-0.110210
-0.109593
-0.110044
-0.109114
-0.108719
-0.109055
-0.109173
-0.109295
-0.108810
-0.109659
-0.108718
-0.109896
-0.109288
-0.109413
-0.108950
-0.108737
-0.109186
-0.266135
0.008361
-0.040069
-0.482163
-0.110483
-0.110485
1.788043
0.438662
2.574883
0.948575
-0.110484
-0.110487
-1.265897
0.220794
-0.848531
-1.917082
-0.110485
-0.110486
-0.087003
0.006386
0.090927
-0.326255
-0.110485
-0.110485
0.025562
0.068316
0.389305
-0.241968
-0.110482
-0.110485
-0.235804
0.113976
0.111827
-0.705945
-0.110484
-0.110486
3.272824
0.534808
4.287329
2.272960
-0.110483
-0.110487
0.044525
-0.052855
-0.090664
-0.053992
-0.106707
-0.103468
-0.109655
-0.109155
-0.108930
-0.108829
-0.109395
-0.107297
-0.108218
-0.108273
-0.108984
-0.108151
-0.110084
-0.109768
-0.109653
-0.110297
-0.109900
-0.109261
-0.109086
-0.104966
-0.109434
-0.108890
-0.110297
-0.108989
-0.109277
-0.106757
-0.110295
-0.109719
-0.110377
-0.110215
-0.110338
-0.110243
-0.110197
-0.110015
-0.110068
-0.110109
-0.110252
-0.110057
-0.110409
-0.110382
-0.110289
-0.110427
-0.110268
-0.110243
-0.109973
-0.109373
-0.110233
-0.110166
-0.110376
-0.110156
-0.110102
-0.109605
-0.110340
-0.110236
-0.110418
-0.110351
-0.110437
-0.110381
-0.110392
-0.110379
-0.110305
-0.110345
-0.110432
-0.110316
-0.110397
-0.110411
-0.110407
-0.110407
-0.110411
-0.110372
-0.110196
-0.110063
-0.110378
-0.110331
-0.110409
-0.110317
-0.110228
-0.110091
-0.110433
-0.110379
-0.110399
-0.110445
-0.110453
-0.110432
-0.110409
-0.110404
-0.110415
-0.110361
-0.110446
-0.110310
-0.110380
-0.110432
-0.110434
-0.110436
-0.110415
-0.110330
1.786490
-0.102780
0.273086
-0.072786
-0.098135
-0.106537
-0.104546
-0.108162
-0.103672
-0.107257
-0.099453
-0.106875
-0.103540
-0.107957
-0.103989
-0.107703
-0.105667
-0.109678
-0.106107
-0.110048
-0.108068
-0.108677
-0.106417
-0.107375
-0.085462
-0.107944
-0.108756
-0.106304
-0.092759
-0.106680
-0.108529
-0.108688
-0.110369
-0.109179
-0.110200
-0.109644
-0.108053
-0.110096
-0.110221
-0.109622
-0.109616
-0.109359
-0.109187
-0.109759
-0.110156
-0.109674
-0.109709
-0.110295
-0.108816
-0.109622
-0.105660
-0.109778
-0.109167
-0.109018
-0.106332
-0.109641
-0.109510
-0.110192
-0.109816
-0.109881
-0.109943
-0.110087
-0.110295
-0.109676
-0.109958
-0.110160
-0.109610
-0.110421
-0.110203
-0.110164
-0.109921
-0.109961
-0.110221
-0.110068
-0.110215
-0.109391
-0.108849
-0.109608
-0.110127
-0.109620
-0.109387
-0.109508
-0.110239
-0.110096
-0.110003
-0.110354
-0.110053
-0.110124
-0.109998
-0.110049
-0.110254
-0.110029
-0.110151
-0.109894
-0.109746
-0.109607
-0.110023
-0.110250
-0.109371
-0.109683
1.043312
-0.081305
0.110515
-0.090863
-0.045140
-0.109493
-0.106183
-0.108752
-0.107752
-0.108701
-0.106402
-0.109162
-0.109241
-0.109698
-0.108568
-0.109847
-0.108315
-0.109471
-0.108689
-0.109439
-0.108715
-0.110031
-0.100591
-0.107141
-0.097868
-0.109387
-0.109867
-0.108650
-0.099961
-0.108104
-0.106482
-0.109802
-0.109524
-0.110144
-0.109685
-0.110233
-0.110155
-0.109930
-0.109991
-0.110033
-0.109899
-0.110259
-0.110390
-0.110272
-0.110011
-0.110280
-0.110046
-0.110199
-0.108510
-0.109027
-0.107674
-0.110388
-0.110025
-0.109979
-0.108314
-0.109213
-0.109441
-0.110243
-0.110199
-0.110300
-0.110188
-0.110260
-0.110086
-0.110351
-0.110324
-0.110298
-0.110389
-0.110082
-0.110305
-0.110345
-0.110349
-0.110308
-0.110302
-0.110051
-0.109464
-0.109918
-0.109708
-0.110164
-0.110375
-0.109839
-0.109436
-0.109889
-0.110075
-0.110315
-0.110347
-0.110258
-0.110371
-0.110293
-0.110287
-0.110272
-0.110255
-0.110278
-0.110340
-0.110185
-0.110044
-0.110166
-0.110275
-0.110239
-0.110143
-0.109979
-0.086750
-0.074796
-0.051455
-0.089364
-0.073296
-0.103997
-0.104379
-0.108366
-0.104635
-0.108632
-0.109475
-0.108773
-0.109160
-0.109023
-0.109481
-0.109191
-0.108898
-0.109601
-0.110038
-0.109517
-0.109034
-0.109801
-0.105093
-0.107901
-0.107704
-0.109665
-0.109056
-0.109738
-0.108660
-0.108565
-0.108636
-0.109036
-0.109285
-0.109838
-0.109575
-0.109955
-0.109630
-0.109986
-0.109858
-0.109927
-0.109942
-0.109905
-0.109987
-0.109891
-0.109857
-0.109883
-0.109757
-0.109894
-0.109776
-0.110015
-0.109678
-0.109774
-0.110259
-0.109988
-0.110094
-0.109509
-0.109677
-0.110216
-0.110290
-0.110124
-0.110264
-0.110091
-0.110177
-0.110134
-0.110153
-0.110189
-0.110114
-0.110179
-0.110161
-0.110152
-0.110148
-0.110214
-0.110267
-0.110045
-0.109810
-0.110211
-0.109926
-0.110291
-0.110099
-0.110030
-0.110057
-0.110285
-0.110047
-0.110159
-0.110116
-0.110174
-0.110101
-0.110193
-0.110189
-0.110173
-0.110187
-0.110126
-0.110265
-0.110146
-0.110186
-0.110294
-0.110171
-0.110151
-0.110241
-0.110278
0.025319
-0.000332
-0.083088
-0.056851
-0.109467
-0.104152
-0.106981
-0.107619
-0.108231
-0.108720
-0.108639
-0.108862
-0.109070
-0.109143
-0.109159
-0.109380
-0.109506
-0.109064
-0.109190
-0.109452
-0.109470
-0.109899
-0.109314
-0.105014
-0.109489
-0.108704
-0.109736
-0.107785
-0.109793
-0.108057
-0.109501
-0.109723
-0.110121
-0.110097
-0.110113
-0.110082
-0.110159
-0.110118
-0.110151
-0.110145
-0.110152
-0.110158
-0.110138
-0.110259
-0.110177
-0.110247
-0.110162
-0.109960
-0.110320
-0.109637
-0.109716
-0.109892
-0.110112
-0.109977
-0.109764
-0.109581
-0.110204
-0.110268
-0.110077
-0.110190
-0.110103
-0.110178
-0.110170
-0.110183
-0.110179
-0.110179
-0.110208
-0.110166
-0.110171
-0.110176
-0.110205
-0.110171
-0.110166
-0.110293
-0.110091
-0.109814
-0.110132
-0.110148
-0.110221
-0.109953
-0.110169
-0.110172
-0.110243
-0.110196
-0.110277
-0.110235
-0.110276
-0.110248
-0.110238
-0.110252
-0.110242
-0.110264
-0.110220
-0.110284
-0.110267
-0.110311
-0.110279
-0.110279
-0.110320
-0.110238
0.014577
-0.048926
-0.074646
0.028881
-0.099873
-0.103501
-0.107645
-0.107569
-0.108595
-0.107716
-0.108723
-0.109058
-0.108769
-0.109421
-0.109227
-0.109327
-0.109687
-0.109247
-0.109861
-0.109251
-0.109472
-0.110253
-0.108215
-0.095437
-0.109159
-0.107484
-0.108832
-0.108712
-0.106689
-0.101570
-0.109225
-0.110281
-0.109800
-0.110222
-0.110025
-0.110069
-0.110200
-0.109991
-0.110221
-0.110065
-0.110089
-0.110218
-0.110018
-0.110306
-0.110060
-0.110146
-0.110201
-0.109823
-0.109960
-0.107632
-0.110101
-0.109537
-0.110286
-0.110101
-0.109368
-0.108330
-0.110201
-0.109976
-0.110244
-0.110187
-0.110138
-0.110283
-0.110149
-0.110266
-0.110214
-0.110189
-0.110298
-0.110156
-0.110337
-0.110191
-0.110260
-0.110278
-0.110119
-0.110404
-0.109903
-0.109479
-0.110223
-0.110355
-0.110087
-0.110341
-0.109912
-0.109936
-0.110071
-0.110242
-0.110319
-0.110224
-0.110343
-0.110246
-0.110294
-0.110316
-0.110238
-0.110363
-0.110271
-0.110088
-0.109946
-0.110280
-0.110227
-0.110147
-0.110363
-0.109878
