-1.469055
1.975859
1.178545
-8.518952
-0.108359
-0.108352
0.147571
1.160781
4.228147
-2.710233
-0.108353
-0.108352
2.574521
1.889963
7.269166
-4.360572
-0.108358
-0.108348
-0.415935
2.281159
6.045266
-5.368415
-0.108355
-0.108356
-0.078869
5.667295
11.297879
-9.971683
-0.108356
-0.108357
-0.148926
1.901549
3.921558
-3.970117
-0.108355
-0.108357
10.314950
-0.107596
10.316381
10.313765
-0.108354
-0.108357
8.515965
3.690795
15.033024
2.870826
-0.108355
-0.108358
1.246120
0.720872
0.552339
0.585281
0.148263
0.177441
0.306885
0.008372
0.030195
0.000982
0.023956
-0.056934
0.080838
0.048205
0.050019
0.096067
-0.038490
-0.004132
-0.060220
-0.084547
-0.092326
-0.041028
-0.063282
-0.057880
-0.062470
-0.087667
-0.076743
-0.065584
-0.085485
-0.056745
-0.097406
-0.086520
-0.099479
-0.092571
-0.098220
-0.064527
-0.069250
-0.078016
-0.067635
-0.100900
-0.091392
-0.101461
-0.102381
-0.097539
-0.085711
-0.096520
-0.096384
-0.088553
-0.096778
-0.105893
-0.105994
-0.101510
-0.101998
-0.097753
-0.100838
-0.101763
-0.095121
-0.101597
-0.102630
-0.101851
-0.102236
-0.105680
-0.101458
-0.099024
-0.100925
-0.093323
-0.102448
-0.099257
-0.102828
-0.106463
-0.105388
-0.102870
-0.101868
-0.104482
-0.101237
-0.107720
-0.103718
-0.102929
-0.105147
-0.100630
-0.106222
-0.103388
-0.106802
-0.106863
-0.107133
-0.101786
-0.101551
-0.103174
-0.100177
-0.105950
-0.104225
-0.104566
-0.108070
-0.105123
-0.103927
-0.107116
-0.106003
-0.104399
-0.105119
-0.107249
0.146844
0.388161
0.318552
0.046791
-0.081163
0.043075
0.062754
0.017275
-0.076610
0.066464
0.040395
-0.032027
0.123768
0.043414
0.016763
0.060323
-0.069741
0.047175
-0.050308
0.040455
-0.001072
-0.054016
-0.028384
-0.071170
-0.087835
-0.065598
-0.089774
-0.084458
-0.064079
-0.081803
-0.062653
-0.040979
-0.080921
-0.052121
-0.083380
-0.072634
-0.076238
-0.082636
-0.063643
-0.095729
-0.085949
-0.085822
-0.105985
-0.096545
-0.098604
-0.100581
-0.106535
-0.103501
-0.101052
-0.103785
-0.107764
-0.106440
-0.103621
-0.106945
-0.105984
-0.103358
-0.102805
-0.104473
-0.105524
-0.100644
-0.101005
-0.104733
-0.094998
-0.097728
-0.100768
-0.094395
-0.106340
-0.096438
-0.103110
-0.096189
-0.096680
-0.101752
-0.098877
-0.103545
-0.105501
-0.103348
-0.105804
-0.106242
-0.102506
-0.104899
-0.102276
-0.098250
-0.103589
-0.098569
-0.102528
-0.101806
-0.101774
-0.103710
-0.099289
-0.105315
-0.102600
-0.103468
-0.108021
-0.105310
-0.106408
-0.106269
-0.107071
-0.106628
-0.106787
-0.107134
2.572177
0.391696
0.376323
0.070367
0.605759
0.449762
0.148581
0.330672
0.235857
0.051897
0.073296
0.055291
-0.039875
0.052035
-0.046341
-0.020608
-0.000803
-0.024535
-0.004858
0.008633
0.012611
-0.008818
0.010931
-0.028017
-0.013749
-0.030485
-0.025950
-0.043630
-0.029909
-0.046469
-0.050929
-0.052895
-0.066444
-0.072426
-0.074825
-0.085340
-0.099642
-0.080705
-0.093886
-0.090565
-0.087389
-0.095272
-0.079571
-0.080934
-0.093130
-0.085810
-0.082650
-0.104361
-0.094947
-0.098984
-0.106788
-0.103360
-0.106274
-0.103909
-0.091544
-0.092389
-0.101900
-0.091123
-0.094876
-0.101584
-0.098842
-0.097456
-0.106015
-0.098929
-0.104566
-0.103310
-0.101317
-0.104709
-0.100932
-0.098085
-0.097329
-0.098331
-0.095802
-0.099705
-0.097318
-0.098338
-0.098486
-0.098582
-0.098022
-0.098426
-0.099864
-0.098880
-0.101664
-0.101458
-0.102742
-0.104696
-0.106376
-0.103408
-0.105164
-0.104378
-0.102414
-0.105889
-0.101697
-0.101714
-0.105743
-0.102630
-0.102230
-0.107618
-0.105799
-0.106085
0.198534
0.653878
0.916815
0.094619
0.527593
0.301810
0.023813
0.327163
0.106120
0.153039
0.256084
0.013203
0.107852
0.111694
-0.076542
-0.025856
-0.020031
-0.069492
-0.080418
-0.055039
-0.077850
-0.101301
-0.080679
-0.094621
-0.100635
-0.102018
-0.103062
-0.101471
-0.092523
-0.104082
-0.094532
-0.091354
-0.101646
-0.097357
-0.088071
-0.094787
-0.103370
-0.079365
-0.080416
-0.096879
-0.072620
-0.083349
-0.094911
-0.084999
-0.099270
-0.096445
-0.094377
-0.104108
-0.101882
-0.104474
-0.105533
-0.106013
-0.103028
-0.105274
-0.101405
-0.102216
-0.105811
-0.098102
-0.101634
-0.099715
-0.094645
-0.102902
-0.098105
-0.096559
-0.106571
-0.102496
-0.103178
-0.106443
-0.106035
-0.105000
-0.106143
-0.108047
-0.105979
-0.106936
-0.107896
-0.107190
-0.107806
-0.107636
-0.107056
-0.107706
-0.106857
-0.106431
-0.107837
-0.107202
-0.105696
-0.106444
-0.107517
-0.104058
-0.103099
-0.106161
-0.101422
-0.102816
-0.104993
-0.103095
-0.105853
-0.105738
-0.104912
-0.107151
-0.107045
-0.107085
-0.075884
2.222202
2.828932
0.572214
0.999684
0.628824
0.038572
0.287406
0.134382
0.003411
-0.062759
-0.015489
-0.020590
-0.057850
-0.051440
-0.044687
-0.074705
-0.062869
-0.091912
-0.057819
-0.052277
-0.072756
-0.054257
-0.063324
-0.083677
-0.064780
-0.085716
-0.080508
-0.074591
-0.091634
-0.083899
-0.088954
-0.099297
-0.096961
-0.101004
-0.099422
-0.097967
-0.105396
-0.096762
-0.099048
-0.107838
-0.099349
-0.097455
-0.097822
-0.102477
-0.093931
-0.086949
-0.106776
-0.086114
-0.097764
-0.102157
-0.100346
-0.093581
-0.099957
-0.095195
-0.095896
-0.105337
-0.098500
-0.102084
-0.104857
-0.107262
-0.104229
-0.104735
-0.107553
-0.105613
-0.104992
-0.107699
-0.106098
-0.107489
-0.105861
-0.105714
-0.106052
-0.104779
-0.105236
-0.106244
-0.104779
-0.106209
-0.105663
-0.105155
-0.106546
-0.105204
-0.106189
-0.106938
-0.106231
-0.107599
-0.107445
-0.106554
-0.107898
-0.106477
-0.106817
-0.107638
-0.105974
-0.106650
-0.105581
-0.106617
-0.104565
-0.104795
-0.107085
-0.104077
-0.104465
-0.068015
0.501172
0.898327
0.480439
0.112667
0.203352
0.098143
-0.019618
-0.039819
0.022756
-0.018725
0.010448
0.004112
-0.015771
-0.029754
-0.057946
-0.055838
-0.077555
-0.080170
-0.085141
-0.093248
-0.097128
-0.097881
-0.102660
-0.103548
-0.106203
-0.105227
-0.105655
-0.103096
-0.102246
-0.102249
-0.102180
-0.100357
-0.102223
-0.098003
-0.098803
-0.096690
-0.095126
-0.094880
-0.095419
-0.099382
-0.097328
-0.102203
-0.102643
-0.100593
-0.101528
-0.103938
-0.099861
-0.098559
-0.105023
-0.105911
-0.106279
-0.103134
-0.103028
-0.104645
-0.101182
-0.103657
-0.106647
-0.105798
-0.104254
-0.104605
-0.104198
-0.103670
-0.104226
-0.104732
-0.105307
-0.105328
-0.106452
-0.106271
-0.106902
-0.107514
-0.107204
-0.107669
-0.107743
-0.107529
-0.108020
-0.108134
-0.107758
-0.107733
-0.107853
-0.107334
-0.107465
-0.107538
-0.107161
-0.107035
-0.106848
-0.106381
-0.106441
-0.105750
-0.106047
-0.106477
-0.105565
-0.106989
-0.107424
-0.105726
-0.106362
-0.107369
-0.106120
-0.106087
-0.107039
-0.244411
0.012026
0.006729
-0.476397
-0.108355
-0.108356
1.820531
0.528957
2.755142
0.916918
-0.108355
-0.108359
-1.183373
0.187588
-0.769255
-1.734854
-0.108356
-0.108358
-0.111534
0.012296
0.058948
-0.403183
-0.108358
-0.108355
-0.077273
0.150182
0.358982
-0.609016
-0.108356
-0.108357
-0.120551
0.153438
0.303852
-0.660066
-0.108356
-0.108357
3.182164
0.693937
4.413926
1.795278
-0.108356
-0.108358
0.027745
-0.059914
-0.073518
-0.049973
-0.099887
-0.103217
-0.105459
-0.106032
-0.105972
-0.106639
-0.104728
-0.105508
-0.106651
-0.106108
-0.107550
-0.105904
-0.107000
-0.107041
-0.107108
-0.106928
-0.107672
-0.107239
-0.104228
-0.104156
-0.106060
-0.107622
-0.107371
-0.106766
-0.105885
-0.105484
-0.106313
-0.107117
-0.107796
-0.107711
-0.107722
-0.107775
-0.107749
-0.108092
-0.108109
-0.108106
-0.108254
-0.107807
-0.107825
-0.107690
-0.107617
-0.107919
-0.108232
-0.108165
-0.106943
-0.107855
-0.107930
-0.108010
-0.107908
-0.108086
-0.107183
-0.107901
-0.108242
-0.108276
-0.108193
-0.108148
-0.108086
-0.108182
-0.108073
-0.108123
-0.108047
-0.108108
-0.108006
-0.108073
-0.108105
-0.108168
-0.108299
-0.108253
-0.108123
-0.107861
-0.108209
-0.107943
-0.108126
-0.108295
-0.108026
-0.107896
-0.108190
-0.108072
-0.108036
-0.108061
-0.108064
-0.108096
-0.108156
-0.108122
-0.108158
-0.108162
-0.108204
-0.108158
-0.108207
-0.108147
-0.108124
-0.108142
-0.108030
-0.107963
-0.108107
-0.108100
1.816681
-0.093831
0.339739
-0.081144
-0.098702
-0.101176
-0.106242
-0.107016
-0.102535
-0.103687
-0.098752
-0.105011
-0.101676
-0.104248
-0.103545
-0.105206
-0.104505
-0.105927
-0.106504
-0.106417
-0.105148
-0.102111
-0.102739
-0.093109
-0.088098
-0.098008
-0.101438
-0.093960
-0.097248
-0.102695
-0.105496
-0.106758
-0.106740
-0.106753
-0.106509
-0.106795
-0.107212
-0.107613
-0.108149
-0.107770
-0.107361
-0.107186
-0.107465
-0.107574
-0.107994
-0.107786
-0.107428
-0.107008
-0.106153
-0.102183
-0.106765
-0.107481
-0.106834
-0.103900
-0.107804
-0.107845
-0.107937
-0.107896
-0.108047
-0.108156
-0.108194
-0.108138
-0.107871
-0.107787
-0.107827
-0.107715
-0.107979
-0.108057
-0.108128
-0.108148
-0.107972
-0.107777
-0.107657
-0.107844
-0.106775
-0.106940
-0.107204
-0.107311
-0.107294
-0.107094
-0.107327
-0.107780
-0.107906
-0.107976
-0.107959
-0.107876
-0.107972
-0.107898
-0.108048
-0.108171
-0.108152
-0.108088
-0.108120
-0.108044
-0.108109
-0.107932
-0.107513
-0.107654
-0.107540
-0.107052
0.967309
-0.082002
0.091153
-0.091462
-0.059804
-0.103599
-0.103340
-0.104484
-0.106914
-0.107576
-0.105632
-0.105593
-0.106363
-0.107073
-0.107254
-0.108008
-0.106016
-0.106227
-0.107081
-0.106322
-0.105174
-0.101990
-0.106485
-0.101038
-0.100761
-0.104679
-0.106977
-0.104121
-0.102119
-0.106398
-0.102436
-0.104842
-0.105751
-0.106718
-0.106809
-0.106523
-0.106818
-0.106598
-0.106974
-0.107357
-0.107241
-0.107383
-0.107195
-0.107005
-0.107147
-0.107254
-0.107674
-0.106367
-0.107835
-0.105011
-0.107082
-0.107646
-0.108070
-0.105783
-0.107522
-0.106802
-0.107839
-0.107931
-0.107834
-0.107588
-0.107527
-0.107715
-0.107744
-0.107874
-0.107875
-0.107709
-0.107740
-0.107721
-0.107769
-0.107885
-0.108025
-0.108072
-0.107673
-0.107989
-0.107346
-0.107872
-0.107802
-0.107735
-0.107244
-0.107734
-0.107612
-0.107455
-0.107564
-0.107596
-0.107628
-0.107715
-0.107812
-0.107795
-0.107751
-0.107753
-0.107735
-0.107795
-0.107838
-0.107821
-0.107686
-0.107638
-0.107630
-0.107408
-0.107442
-0.107446
-0.105524
-0.071202
-0.044847
-0.070730
-0.091482
-0.101181
-0.105402
-0.107071
-0.106654
-0.106807
-0.106920
-0.107804
-0.107879
-0.107972
-0.108012
-0.107861
-0.107867
-0.107898
-0.107623
-0.107993
-0.106883
-0.107345
-0.105606
-0.103049
-0.106679
-0.107896
-0.107825
-0.106074
-0.105186
-0.107246
-0.107594
-0.107176
-0.107832
-0.107826
-0.107877
-0.108030
-0.108110
-0.108089
-0.108085
-0.108087
-0.108066
-0.108121
-0.108156
-0.108041
-0.108084
-0.108290
-0.108076
-0.107672
-0.107430
-0.107485
-0.108231
-0.108070
-0.107817
-0.107586
-0.107867
-0.107846
-0.107934
-0.108202
-0.108126
-0.108187
-0.108179
-0.108137
-0.108143
-0.108149
-0.108155
-0.108157
-0.108193
-0.108189
-0.108162
-0.108212
-0.108255
-0.108148
-0.108062
-0.108289
-0.107730
-0.108242
-0.108101
-0.108119
-0.108144
-0.107932
-0.108117
-0.108147
-0.108184
-0.108149
-0.108196
-0.108174
-0.108169
-0.108191
-0.108200
-0.108198
-0.108198
-0.108220
-0.108185
-0.108178
-0.108181
-0.108201
-0.108013
-0.108236
-0.108229
-0.107998
-0.079971
0.059181
-0.058847
-0.051685
-0.104633
-0.107085
-0.103465
-0.104159
-0.104405
-0.106399
-0.106027
-0.105935
-0.106011
-0.106083
-0.106305
-0.106707
-0.107115
-0.106380
-0.106689
-0.106438
-0.106934
-0.106411
-0.103413
-0.105242
-0.105776
-0.104115
-0.103812
-0.105869
-0.107042
-0.105452
-0.106882
-0.106918
-0.107348
-0.107582
-0.107664
-0.107520
-0.107470
-0.107531
-0.107628
-0.107742
-0.107793
-0.107757
-0.107596
-0.107696
-0.107727
-0.107926
-0.107915
-0.107666
-0.107743
-0.107602
-0.107755
-0.107761
-0.106658
-0.107753
-0.107084
-0.107739
-0.107847
-0.107954
-0.107915
-0.107848
-0.107828
-0.107866
-0.107930
-0.107961
-0.107952
-0.107918
-0.107898
-0.107895
-0.107981
-0.108007
-0.108062
-0.107927
-0.107862
-0.108174
-0.107697
-0.107776
-0.107592
-0.107498
-0.108121
-0.107793
-0.108179
-0.108042
-0.107968
-0.107947
-0.107947
-0.107979
-0.107995
-0.107996
-0.107979
-0.107966
-0.107972
-0.107977
-0.107983
-0.107981
-0.107961
-0.108049
-0.107850
-0.107966
-0.107991
-0.107798
-0.096971
-0.005316
-0.072609
0.039299
-0.099135
-0.104159
-0.106094
-0.107102
-0.108087
-0.107160
-0.107133
-0.106903
-0.107184
-0.107387
-0.108166
-0.107844
-0.107027
-0.106536
-0.106333
-0.106218
-0.106684
-0.105824
-0.098525
-0.100023
-0.103815
-0.106514
-0.106413
-0.106146
-0.101745
-0.102524
-0.104763
-0.106112
-0.107013
-0.107740
-0.108068
-0.107793
-0.107552
-0.107483
-0.107603
-0.107833
-0.108152
-0.108231
-0.107966
-0.107692
-0.107634
-0.107647
-0.107777
-0.107583
-0.105526
-0.107638
-0.107851
-0.108009
-0.108022
-0.108055
-0.105859
-0.107593
-0.108018
-0.108180
-0.108141
-0.108070
-0.108006
-0.108041
-0.108118
-0.108237
-0.108327
-0.108229
-0.108143
-0.108077
-0.108056
-0.108073
-0.108070
-0.108096
-0.108214
-0.107340
-0.108032
-0.108096
-0.108077
-0.108086
-0.108236
-0.107567
-0.107923
-0.107906
-0.107949
-0.108021
-0.108111
-0.108198
-0.108264
-0.108228
-0.108174
-0.108157
-0.108164
-0.108216
-0.108258
-0.108222
-0.108163
-0.108034
-0.107934
-0.107990
-0.107776
-0.107949
