-1.422840
2.125554
2.831126
-7.935429
-0.111165
-0.111159
0.111215
1.156481
4.059346
-2.799912
-0.111160
-0.111158
2.542044
1.626952
7.820643
-3.344630
-0.111164
-0.111154
-0.420715
2.230050
6.506730
-4.996200
-0.111161
-0.111162
-0.070148
5.863912
11.947073
-10.011036
-0.111162
-0.111164
-0.160457
1.828598
4.540559
-3.774631
-0.111161
-0.111162
10.549304
-0.110571
10.550080
10.547647
-0.111165
-0.111160
8.209326
3.617270
14.243045
2.883977
-0.111162
-0.111165
1.194043
0.723735
0.492695
0.590599
0.298076
0.132019
0.403546
0.072668
0.151051
0.002878
0.128063
0.016803
0.101817
0.152923
-0.059519
0.107466
0.012255
-0.037081
0.001246
-0.076650
-0.065611
-0.039733
-0.082036
-0.030404
-0.048068
-0.048325
-0.013088
-0.094449
-0.030480
-0.088623
-0.069714
-0.087822
-0.100416
-0.078642
-0.081183
-0.095094
-0.056165
-0.079962
-0.079284
-0.065813
-0.107597
-0.082563
-0.096418
-0.089501
-0.092375
-0.085604
-0.090338
-0.103809
-0.095033
-0.101232
-0.107541
-0.106364
-0.100905
-0.099239
-0.099124
-0.096461
-0.105325
-0.100409
-0.098868
-0.106099
-0.102794
-0.100047
-0.099441
-0.104576
-0.093997
-0.103519
-0.100055
-0.099047
-0.109614
-0.099830
-0.105678
-0.109074
-0.104571
-0.106239
-0.107716
-0.102084
-0.108142
-0.099957
-0.106458
-0.101987
-0.103085
-0.107577
-0.104322
-0.110558
-0.105066
-0.104696
-0.109346
-0.102078
-0.103328
-0.107917
-0.103716
-0.108722
-0.106618
-0.106859
-0.106900
-0.103680
-0.105709
-0.104974
-0.108783
-0.108885
0.110271
0.349205
0.286050
0.022481
-0.068598
0.067728
0.060191
0.062398
-0.066018
0.086369
0.089838
-0.021706
0.134891
0.056326
0.012331
0.042324
-0.045571
0.050558
-0.026415
0.023639
0.003740
-0.061580
-0.031957
-0.095215
-0.076832
-0.096635
-0.098075
-0.097261
-0.096462
-0.078776
-0.077305
-0.076262
-0.047317
-0.080934
-0.058789
-0.073376
-0.084625
-0.073892
-0.095962
-0.067834
-0.088984
-0.088429
-0.081716
-0.105811
-0.094878
-0.099667
-0.101233
-0.107406
-0.107016
-0.105367
-0.104923
-0.110448
-0.110331
-0.107773
-0.108984
-0.109416
-0.106991
-0.104917
-0.106346
-0.105375
-0.105989
-0.100128
-0.108143
-0.099338
-0.097619
-0.107433
-0.098332
-0.106295
-0.101365
-0.100931
-0.102846
-0.098512
-0.105677
-0.101359
-0.104875
-0.106383
-0.106760
-0.109866
-0.107982
-0.110006
-0.108260
-0.106310
-0.110041
-0.103911
-0.105991
-0.107155
-0.103296
-0.109224
-0.104614
-0.107001
-0.106111
-0.105019
-0.109278
-0.105875
-0.108424
-0.109062
-0.107911
-0.109206
-0.109158
-0.109759
2.540026
0.342442
0.362482
0.051947
0.563008
0.427985
0.079897
0.228039
0.145017
0.005859
-0.061534
-0.002025
-0.066009
-0.029643
-0.038847
-0.077936
-0.060664
-0.035408
-0.086358
-0.059820
-0.049460
-0.089707
-0.060338
-0.053721
-0.065163
-0.065414
-0.057666
-0.069866
-0.070506
-0.079853
-0.085203
-0.083641
-0.087052
-0.109418
-0.085644
-0.087297
-0.101697
-0.101220
-0.094003
-0.094873
-0.098593
-0.105420
-0.101198
-0.093506
-0.092212
-0.096866
-0.096429
-0.085956
-0.101403
-0.100985
-0.100931
-0.109423
-0.107499
-0.108195
-0.110133
-0.098289
-0.094130
-0.106408
-0.098842
-0.100331
-0.106832
-0.109190
-0.105414
-0.105852
-0.107855
-0.106041
-0.105929
-0.106693
-0.107228
-0.107956
-0.107159
-0.104542
-0.108201
-0.107201
-0.104414
-0.104254
-0.107375
-0.103999
-0.104773
-0.105439
-0.106365
-0.107149
-0.106153
-0.106825
-0.109333
-0.108267
-0.105779
-0.108130
-0.110506
-0.108279
-0.108488
-0.110509
-0.108118
-0.109296
-0.109301
-0.108732
-0.109997
-0.109708
-0.107412
-0.106964
0.197940
0.592172
0.861483
0.136072
0.536623
0.314174
-0.004657
0.354459
0.147182
0.146494
0.275488
0.006845
0.092124
0.086019
-0.088233
-0.053362
-0.071343
-0.071773
-0.100975
-0.091073
-0.076335
-0.083825
-0.104511
-0.076328
-0.091567
-0.091324
-0.083227
-0.106569
-0.087337
-0.099072
-0.098620
-0.092428
-0.103061
-0.107404
-0.100379
-0.101011
-0.105104
-0.107278
-0.094213
-0.083278
-0.105301
-0.079553
-0.080576
-0.101196
-0.084352
-0.097203
-0.100855
-0.095973
-0.103151
-0.107083
-0.106823
-0.108895
-0.108628
-0.106678
-0.106586
-0.105102
-0.104105
-0.111080
-0.102195
-0.100581
-0.105832
-0.096399
-0.102057
-0.104158
-0.099271
-0.107463
-0.107199
-0.107763
-0.109558
-0.110035
-0.110204
-0.108614
-0.108772
-0.110611
-0.108146
-0.108252
-0.110010
-0.108150
-0.109592
-0.109293
-0.108950
-0.110575
-0.108474
-0.109571
-0.110031
-0.109158
-0.110505
-0.108483
-0.108938
-0.109439
-0.106288
-0.108188
-0.107527
-0.104782
-0.108619
-0.106163
-0.106479
-0.110084
-0.108169
-0.108313
-0.067313
2.237174
2.973502
0.659007
1.040601
0.622202
0.074925
0.221059
0.091901
0.069708
-0.099194
-0.012092
-0.011407
-0.052901
-0.064536
-0.058814
-0.056380
-0.059825
-0.095515
-0.053610
-0.064154
-0.077502
-0.054478
-0.080638
-0.068215
-0.073391
-0.089487
-0.075143
-0.097021
-0.081475
-0.090578
-0.093652
-0.088731
-0.099473
-0.103459
-0.099431
-0.103522
-0.101639
-0.108021
-0.100963
-0.100094
-0.108912
-0.102270
-0.100514
-0.103901
-0.100571
-0.102055
-0.089528
-0.104448
-0.089923
-0.095311
-0.106115
-0.103516
-0.097201
-0.097836
-0.102705
-0.095223
-0.108890
-0.102006
-0.105101
-0.105479
-0.108406
-0.108319
-0.106995
-0.109322
-0.109173
-0.108602
-0.109814
-0.108703
-0.110147
-0.108930
-0.108745
-0.109509
-0.107519
-0.108059
-0.108616
-0.107280
-0.109767
-0.108148
-0.109034
-0.109412
-0.108110
-0.109946
-0.108622
-0.108894
-0.110629
-0.109287
-0.110257
-0.109180
-0.109494
-0.109594
-0.109750
-0.108852
-0.108413
-0.108940
-0.108570
-0.108097
-0.108485
-0.108224
-0.104690
-0.062318
0.475553
0.829714
0.443398
0.188023
0.253413
0.127273
-0.055635
-0.049691
-0.005533
-0.050564
-0.022854
-0.014149
-0.054576
-0.035984
-0.072591
-0.069921
-0.075008
-0.093813
-0.087605
-0.102504
-0.098715
-0.102553
-0.099336
-0.099542
-0.099988
-0.100199
-0.102226
-0.102639
-0.104727
-0.103948
-0.106264
-0.105932
-0.105644
-0.106991
-0.102297
-0.105917
-0.100121
-0.101463
-0.102550
-0.099658
-0.105872
-0.102378
-0.105168
-0.108308
-0.103434
-0.102035
-0.104040
-0.104617
-0.101416
-0.106804
-0.109147
-0.109260
-0.107348
-0.105866
-0.107988
-0.104014
-0.105161
-0.107978
-0.108742
-0.107316
-0.107566
-0.108759
-0.106977
-0.108418
-0.108285
-0.108645
-0.109401
-0.108911
-0.109989
-0.109841
-0.110428
-0.110501
-0.110476
-0.110438
-0.110013
-0.110246
-0.110304
-0.110391
-0.110420
-0.110652
-0.110201
-0.110320
-0.110449
-0.110059
-0.110317
-0.109847
-0.109940
-0.109378
-0.108899
-0.110217
-0.109797
-0.108678
-0.109762
-0.110014
-0.109681
-0.109790
-0.109390
-0.110269
-0.110192
-0.243963
0.002544
-0.016473
-0.440132
-0.111161
-0.111163
1.782969
0.490753
2.627913
0.890283
-0.111162
-0.111166
-1.313961
0.220967
-0.857505
-1.868429
-0.111163
-0.111165
-0.036392
-0.005669
0.142413
-0.261043
-0.111162
-0.111164
-0.177950
0.096073
0.176872
-0.641639
-0.111163
-0.111163
-0.105877
0.158453
0.342346
-0.676741
-0.111163
-0.111163
2.940082
0.593418
3.916671
1.633840
-0.111163
-0.111165
0.021543
-0.070617
-0.075534
-0.053196
-0.107366
-0.106116
-0.109848
-0.108483
-0.109635
-0.108656
-0.109332
-0.107895
-0.110441
-0.107968
-0.110546
-0.108861
-0.110074
-0.109990
-0.110617
-0.110210
-0.110835
-0.109988
-0.110412
-0.105331
-0.109310
-0.109560
-0.110713
-0.110413
-0.109172
-0.107599
-0.110611
-0.110590
-0.110808
-0.110913
-0.110811
-0.110825
-0.110748
-0.110527
-0.111040
-0.110673
-0.110897
-0.110914
-0.111056
-0.110785
-0.111047
-0.110787
-0.110889
-0.110696
-0.110790
-0.109894
-0.110914
-0.110596
-0.110885
-0.111072
-0.110538
-0.110214
-0.111017
-0.111092
-0.111054
-0.111102
-0.110999
-0.111112
-0.110938
-0.110836
-0.111029
-0.110866
-0.110969
-0.111012
-0.111068
-0.110918
-0.111009
-0.110908
-0.110939
-0.110840
-0.110941
-0.110553
-0.111134
-0.110892
-0.111020
-0.111101
-0.110889
-0.110629
-0.111097
-0.111041
-0.111045
-0.110996
-0.111017
-0.111036
-0.110991
-0.110925
-0.111012
-0.110923
-0.111012
-0.110829
-0.111031
-0.110991
-0.111038
-0.111002
-0.111025
-0.110782
1.780390
-0.088049
0.310467
-0.083396
-0.095880
-0.104650
-0.108667
-0.109481
-0.106581
-0.108078
-0.101019
-0.106972
-0.103104
-0.109082
-0.104074
-0.109822
-0.104953
-0.110468
-0.107840
-0.108493
-0.107897
-0.107733
-0.109671
-0.110500
-0.085152
-0.110606
-0.111033
-0.109976
-0.092760
-0.107289
-0.107979
-0.108601
-0.109280
-0.109845
-0.110498
-0.110396
-0.110101
-0.109640
-0.109295
-0.109967
-0.109678
-0.110741
-0.109748
-0.110403
-0.109464
-0.109467
-0.109373
-0.109418
-0.110022
-0.110656
-0.105072
-0.110675
-0.110435
-0.110072
-0.107059
-0.109291
-0.109613
-0.110042
-0.110441
-0.110741
-0.110832
-0.110462
-0.110676
-0.110013
-0.110210
-0.110289
-0.110628
-0.110509
-0.110143
-0.110217
-0.109890
-0.109936
-0.110130
-0.110222
-0.110550
-0.110807
-0.108437
-0.110431
-0.110247
-0.110109
-0.109122
-0.110011
-0.110347
-0.110689
-0.110818
-0.110572
-0.110467
-0.110288
-0.110423
-0.110218
-0.110534
-0.110573
-0.110746
-0.110387
-0.109782
-0.110186
-0.110126
-0.110228
-0.109851
-0.110614
1.094293
-0.096498
0.115850
-0.092190
-0.064886
-0.097046
-0.103906
-0.104310
-0.108113
-0.106419
-0.106695
-0.107534
-0.105096
-0.108443
-0.106033
-0.108735
-0.107057
-0.109012
-0.108876
-0.108598
-0.106932
-0.107636
-0.101792
-0.108259
-0.097241
-0.106907
-0.106736
-0.106698
-0.101435
-0.106886
-0.108681
-0.107424
-0.108561
-0.108419
-0.108828
-0.108695
-0.109010
-0.108736
-0.108625
-0.108792
-0.108707
-0.108865
-0.108574
-0.108830
-0.108659
-0.108601
-0.108185
-0.108369
-0.107249
-0.108439
-0.106950
-0.108376
-0.108478
-0.108624
-0.107593
-0.108862
-0.109226
-0.109325
-0.109536
-0.109363
-0.109257
-0.109240
-0.109317
-0.109149
-0.109213
-0.109128
-0.109157
-0.109130
-0.108965
-0.109087
-0.108984
-0.109035
-0.108798
-0.109059
-0.108446
-0.109159
-0.108333
-0.109344
-0.109408
-0.109487
-0.108575
-0.109489
-0.109260
-0.109602
-0.109539
-0.109408
-0.109285
-0.109294
-0.109293
-0.109272
-0.109354
-0.109339
-0.109198
-0.109349
-0.108914
-0.109420
-0.109403
-0.109485
-0.108896
-0.109487
-0.036691
-0.068371
-0.068047
-0.084596
-0.079516
-0.107013
-0.105027
-0.109384
-0.106431
-0.109324
-0.110121
-0.110205
-0.110320
-0.110603
-0.110466
-0.110882
-0.109894
-0.110295
-0.109895
-0.111100
-0.109992
-0.110362
-0.107020
-0.108061
-0.108935
-0.109818
-0.110764
-0.110294
-0.108940
-0.109702
-0.108517
-0.110818
-0.110228
-0.110719
-0.110321
-0.110864
-0.111098
-0.110874
-0.110950
-0.110943
-0.110948
-0.110967
-0.110795
-0.110948
-0.110974
-0.111032
-0.110916
-0.110986
-0.110436
-0.110380
-0.110805
-0.110826
-0.110956
-0.111029
-0.110585
-0.110819
-0.110486
-0.111033
-0.110807
-0.110951
-0.110839
-0.111034
-0.111053
-0.111008
-0.111030
-0.111018
-0.111053
-0.111005
-0.110995
-0.111050
-0.111025
-0.111055
-0.111011
-0.111070
-0.110924
-0.110811
-0.111058
-0.111017
-0.111010
-0.111142
-0.110929
-0.110960
-0.110900
-0.111053
-0.110951
-0.111016
-0.110970
-0.111071
-0.111029
-0.111035
-0.111019
-0.111042
-0.111084
-0.110997
-0.111060
-0.111094
-0.111020
-0.111066
-0.111067
-0.110990
-0.043351
0.012467
-0.066079
-0.052571
-0.105600
-0.093492
-0.104292
-0.105491
-0.106487
-0.107018
-0.108218
-0.108215
-0.108439
-0.108372
-0.108574
-0.108882
-0.109328
-0.109351
-0.109164
-0.109356
-0.109053
-0.108082
-0.108883
-0.103511
-0.107885
-0.106658
-0.110193
-0.109159
-0.108933
-0.108931
-0.109414
-0.108365
-0.109383
-0.109623
-0.109908
-0.109899
-0.109912
-0.109835
-0.109833
-0.109866
-0.109965
-0.110093
-0.110169
-0.110159
-0.110019
-0.110007
-0.109959
-0.110129
-0.110040
-0.108966
-0.109828
-0.109558
-0.110236
-0.110574
-0.109947
-0.110976
-0.110085
-0.109999
-0.110261
-0.110335
-0.110382
-0.110308
-0.110249
-0.110236
-0.110264
-0.110334
-0.110372
-0.110380
-0.110344
-0.110313
-0.110276
-0.110310
-0.110313
-0.110597
-0.110436
-0.110122
-0.110175
-0.110138
-0.110290
-0.110360
-0.110139
-0.110628
-0.110404
-0.110495
-0.110506
-0.110479
-0.110436
-0.110393
-0.110371
-0.110406
-0.110456
-0.110547
-0.110496
-0.110487
-0.110294
-0.110329
-0.110332
-0.110354
-0.110330
-0.110576
-0.104658
-0.010120
-0.074251
0.044772
-0.108060
-0.110454
-0.109801
-0.110319
-0.110788
-0.110759
-0.110627
-0.110560
-0.110394
-0.110416
-0.110564
-0.110792
-0.111080
-0.110587
-0.110358
-0.109965
-0.109799
-0.109199
-0.109620
-0.096020
-0.110125
-0.107895
-0.110350
-0.108040
-0.108640
-0.101595
-0.109708
-0.110102
-0.110150
-0.110466
-0.110792
-0.110957
-0.110793
-0.110582
-0.110477
-0.110486
-0.110592
-0.110730
-0.110780
-0.110656
-0.110458
-0.110263
-0.110176
-0.110062
-0.110238
-0.107872
-0.110966
-0.110397
-0.110591
-0.110187
-0.110090
-0.108636
-0.110496
-0.110706
-0.110815
-0.110939
-0.110859
-0.110713
-0.110619
-0.110568
-0.110581
-0.110640
-0.110720
-0.110618
-0.110666
-0.110601
-0.110491
-0.110464
-0.110447
-0.110397
-0.110659
-0.109604
-0.110869
-0.110987
-0.110718
-0.110725
-0.110502
-0.109768
-0.110844
-0.110901
-0.110870
-0.110767
-0.110662
-0.110589
-0.110578
-0.110612
-0.110687
-0.110753
-0.110813
-0.110274
-0.110637
-0.110742
-0.110635
-0.110777
-0.110698
-0.110234
