-1.371666
2.227411
6.169939
-7.777584
-0.114314
-0.114309
0.004363
1.194190
4.633204
-2.690087
-0.114310
-0.114307
2.503846
1.751328
7.467813
-4.438466
-0.114315
-0.114304
-0.228292
2.161575
6.554916
-5.925134
-0.114312
-0.114312
-0.042456
5.738568
11.513032
-9.506780
-0.114312
-0.114314
-0.108067
1.658828
3.735232
-3.825358
-0.114313
-0.114313
10.387206
-0.113644
10.388333
10.385711
-0.114314
-0.114313
7.989821
3.530370
14.012975
2.665731
-0.114312
-0.114315
1.137251
0.747863
0.431184
0.533356
0.373774
0.067439
0.379033
0.138327
0.165902
0.050134
0.224221
0.078000
0.141377
0.183346
-0.018614
0.109447
-0.000210
-0.021592
0.020677
-0.035660
0.004293
0.019457
-0.000038
0.023926
0.013932
0.002257
0.002455
-0.004708
-0.028641
-0.009681
-0.051120
-0.041221
-0.045947
-0.083010
-0.056588
-0.078276
-0.083905
-0.066020
-0.095353
-0.068342
-0.079149
-0.082599
-0.084186
-0.085589
-0.096530
-0.090763
-0.086261
-0.111417
-0.095731
-0.100249
-0.104986
-0.107666
-0.112489
-0.112101
-0.108612
-0.102513
-0.103200
-0.106406
-0.104686
-0.104617
-0.101564
-0.108720
-0.093968
-0.105533
-0.096576
-0.095882
-0.105548
-0.099851
-0.105342
-0.107062
-0.103438
-0.102560
-0.102848
-0.098319
-0.098784
-0.099318
-0.096560
-0.100286
-0.099252
-0.099130
-0.102842
-0.098430
-0.103142
-0.102388
-0.101966
-0.107830
-0.104867
-0.109208
-0.108573
-0.109002
-0.109128
-0.108342
-0.108762
-0.108317
-0.111043
-0.106724
-0.111503
-0.110376
-0.112502
-0.111588
0.004008
0.281064
0.248144
0.026260
-0.027887
-0.031084
0.060378
0.119244
0.036567
0.089794
0.163055
0.022742
0.135625
0.129755
0.001665
0.109841
0.008694
0.065334
0.018437
-0.046737
-0.041487
-0.094133
-0.094311
-0.107796
-0.087520
-0.104639
-0.095883
-0.105323
-0.093160
-0.098868
-0.101123
-0.106503
-0.081442
-0.078051
-0.071704
-0.052113
-0.082687
-0.064350
-0.084317
-0.079872
-0.071926
-0.094376
-0.082039
-0.088164
-0.102498
-0.096980
-0.104442
-0.110520
-0.113051
-0.109665
-0.109996
-0.112680
-0.113198
-0.109634
-0.111229
-0.112818
-0.112128
-0.113569
-0.110836
-0.105300
-0.106108
-0.107408
-0.098649
-0.104249
-0.101333
-0.097106
-0.107916
-0.100247
-0.103266
-0.103272
-0.102210
-0.108061
-0.107976
-0.109462
-0.112010
-0.111987
-0.112563
-0.110937
-0.112677
-0.113655
-0.110923
-0.111461
-0.111146
-0.111012
-0.109260
-0.106602
-0.106636
-0.104949
-0.107094
-0.107225
-0.109116
-0.110330
-0.107058
-0.110138
-0.109333
-0.107919
-0.112817
-0.111222
-0.112844
-0.113221
2.501948
0.356095
0.423906
0.031319
0.472621
0.432326
0.120999
0.122956
0.148339
0.115972
-0.019731
-0.021707
0.062263
-0.041675
0.005308
0.052832
-0.015403
0.036199
0.060407
-0.005636
0.015171
0.038313
-0.040586
0.019286
0.002921
-0.038631
0.009206
-0.037210
-0.037004
-0.019639
-0.063054
-0.043154
-0.042688
-0.071014
-0.055984
-0.057228
-0.095236
-0.073277
-0.085745
-0.101253
-0.086377
-0.101128
-0.105442
-0.098288
-0.092923
-0.094311
-0.107399
-0.089109
-0.094302
-0.109422
-0.109435
-0.113366
-0.108998
-0.109310
-0.106957
-0.110715
-0.100440
-0.101991
-0.104520
-0.108488
-0.105149
-0.102119
-0.106869
-0.112666
-0.104439
-0.106245
-0.108665
-0.104259
-0.104762
-0.106204
-0.100150
-0.102239
-0.104014
-0.098001
-0.103225
-0.100936
-0.099325
-0.104183
-0.101432
-0.102512
-0.105502
-0.102546
-0.104653
-0.105717
-0.103604
-0.107603
-0.106763
-0.107555
-0.111061
-0.108770
-0.110565
-0.109914
-0.108802
-0.109709
-0.113013
-0.110683
-0.110026
-0.110812
-0.112092
-0.109808
-0.000539
0.536702
0.920598
0.135923
0.426653
0.301077
-0.034184
0.290706
0.246540
0.025024
0.207804
0.017448
0.008048
0.005236
-0.023215
0.020151
-0.059817
-0.018591
-0.009501
-0.042198
-0.033866
-0.037444
-0.076173
-0.074969
-0.088318
-0.101767
-0.090216
-0.094343
-0.093250
-0.083379
-0.091102
-0.082637
-0.080703
-0.094925
-0.084467
-0.081940
-0.099074
-0.085616
-0.098225
-0.100677
-0.098555
-0.105951
-0.086738
-0.097479
-0.099161
-0.093477
-0.103577
-0.104753
-0.102678
-0.108753
-0.113335
-0.110502
-0.108263
-0.110632
-0.105666
-0.113715
-0.108543
-0.106372
-0.109882
-0.102966
-0.101454
-0.108006
-0.102050
-0.107099
-0.111345
-0.109353
-0.112125
-0.109536
-0.110037
-0.109730
-0.106960
-0.108373
-0.109146
-0.108655
-0.111209
-0.111570
-0.111358
-0.111944
-0.111556
-0.111687
-0.112498
-0.111595
-0.111844
-0.111520
-0.110407
-0.110436
-0.108834
-0.108577
-0.109860
-0.109018
-0.111541
-0.113221
-0.112392
-0.114012
-0.111760
-0.110886
-0.112744
-0.111799
-0.110689
-0.112988
-0.041422
2.073449
2.956315
0.849637
0.920579
0.636851
0.064774
0.127173
0.037312
0.138715
0.040255
-0.045988
0.041094
-0.041426
-0.038214
-0.056917
-0.072956
-0.048718
-0.079797
-0.092863
-0.062383
-0.085987
-0.090012
-0.078669
-0.101332
-0.093843
-0.099268
-0.099947
-0.107000
-0.099717
-0.106862
-0.105745
-0.101296
-0.099640
-0.108674
-0.099103
-0.104302
-0.106767
-0.106159
-0.109853
-0.103037
-0.104694
-0.110556
-0.098604
-0.103049
-0.100337
-0.101112
-0.097073
-0.097387
-0.106824
-0.098559
-0.104956
-0.106534
-0.103719
-0.095052
-0.108146
-0.105642
-0.106950
-0.112687
-0.109734
-0.109277
-0.107260
-0.107478
-0.113867
-0.108271
-0.111346
-0.112882
-0.112264
-0.112978
-0.111733
-0.111753
-0.113493
-0.110456
-0.112930
-0.112069
-0.112088
-0.113269
-0.113182
-0.114064
-0.113832
-0.113891
-0.113293
-0.113320
-0.112482
-0.112862
-0.111924
-0.112336
-0.113176
-0.113235
-0.113594
-0.112890
-0.113204
-0.112370
-0.111530
-0.111743
-0.112268
-0.111985
-0.112983
-0.112558
-0.111751
-0.108385
0.412268
0.807742
0.408374
0.008038
0.154038
0.088189
-0.023301
-0.068556
-0.086936
-0.038720
-0.052227
-0.067227
-0.066315
-0.076139
-0.089126
-0.109698
-0.107339
-0.095572
-0.088606
-0.088903
-0.082373
-0.085752
-0.089790
-0.090470
-0.093312
-0.094658
-0.094509
-0.096249
-0.095739
-0.098930
-0.098373
-0.103200
-0.106819
-0.106647
-0.110318
-0.112852
-0.112385
-0.109419
-0.106386
-0.108420
-0.106830
-0.106803
-0.109713
-0.111253
-0.110543
-0.105095
-0.105950
-0.113896
-0.108425
-0.110180
-0.110834
-0.110025
-0.110649
-0.106904
-0.109243
-0.112763
-0.111458
-0.109920
-0.110218
-0.112642
-0.112086
-0.111004
-0.112066
-0.111680
-0.112184
-0.112274
-0.112929
-0.114246
-0.113636
-0.113029
-0.112191
-0.112321
-0.112185
-0.111910
-0.112439
-0.112174
-0.112281
-0.112401
-0.112338
-0.112628
-0.112170
-0.112521
-0.112274
-0.112426
-0.113058
-0.112549
-0.113245
-0.113931
-0.113268
-0.113968
-0.113328
-0.113536
-0.113258
-0.113969
-0.112633
-0.112965
-0.112648
-0.112101
-0.112782
-0.239514
0.010064
0.025372
-0.505709
-0.114312
-0.114312
1.872007
0.468225
2.686826
1.003928
-0.114313
-0.114316
-1.095619
0.183637
-0.730964
-1.676619
-0.114314
-0.114315
-0.128185
-0.015044
0.144525
-0.311939
-0.114312
-0.114313
-0.126453
0.049673
0.113712
-0.413343
-0.114313
-0.114315
-0.096348
0.103315
0.256851
-0.554566
-0.114313
-0.114314
3.205210
0.643865
4.291929
2.105077
-0.114312
-0.114316
0.010358
-0.067608
-0.066095
-0.061972
-0.097566
-0.109721
-0.109743
-0.112918
-0.110349
-0.110626
-0.111902
-0.112975
-0.111060
-0.111494
-0.112287
-0.112993
-0.112219
-0.113024
-0.112469
-0.114193
-0.112919
-0.112897
-0.112218
-0.109890
-0.110077
-0.111949
-0.113459
-0.113132
-0.113066
-0.111278
-0.112087
-0.113921
-0.113367
-0.113863
-0.113688
-0.113491
-0.114102
-0.113712
-0.113612
-0.113536
-0.113826
-0.113786
-0.113753
-0.113945
-0.113725
-0.114070
-0.113752
-0.113834
-0.113639
-0.113581
-0.113454
-0.113390
-0.114126
-0.113706
-0.113963
-0.113998
-0.113442
-0.113948
-0.113831
-0.114011
-0.113998
-0.113905
-0.114051
-0.113905
-0.114048
-0.113867
-0.113980
-0.114002
-0.114053
-0.114028
-0.113951
-0.114072
-0.113995
-0.114031
-0.113890
-0.114017
-0.114148
-0.113782
-0.114101
-0.113895
-0.114008
-0.114218
-0.113847
-0.113964
-0.114007
-0.114075
-0.114051
-0.114010
-0.114041
-0.114036
-0.114101
-0.113950
-0.113998
-0.114151
-0.114049
-0.114017
-0.114020
-0.113991
-0.114143
-0.114068
1.875688
-0.086937
0.294439
-0.097622
-0.086571
-0.110936
-0.110982
-0.112469
-0.112447
-0.108693
-0.106368
-0.110318
-0.110709
-0.112234
-0.109748
-0.112343
-0.109998
-0.112438
-0.112598
-0.112741
-0.113585
-0.112339
-0.112122
-0.106686
-0.092581
-0.103924
-0.112377
-0.106041
-0.099445
-0.106416
-0.111733
-0.113120
-0.113698
-0.113518
-0.113928
-0.113005
-0.113494
-0.113691
-0.113898
-0.113731
-0.113501
-0.114011
-0.113782
-0.113508
-0.113929
-0.113806
-0.114050
-0.113631
-0.114127
-0.111696
-0.111919
-0.109959
-0.113943
-0.111559
-0.112922
-0.111000
-0.113936
-0.113863
-0.114173
-0.114020
-0.114183
-0.113906
-0.114205
-0.114149
-0.114070
-0.114113
-0.114056
-0.114153
-0.114014
-0.113916
-0.114230
-0.114057
-0.114018
-0.114076
-0.114226
-0.113324
-0.114049
-0.112244
-0.114098
-0.113248
-0.113731
-0.112718
-0.114167
-0.114134
-0.114259
-0.114208
-0.114249
-0.114195
-0.114221
-0.114252
-0.114137
-0.114269
-0.114065
-0.113798
-0.113645
-0.113895
-0.113963
-0.113551
-0.113728
-0.114102
0.866469
-0.089238
0.082865
-0.103054
-0.051392
-0.105221
-0.106907
-0.110583
-0.110331
-0.111595
-0.111039
-0.111275
-0.111909
-0.113090
-0.112305
-0.112649
-0.112104
-0.113217
-0.112138
-0.113471
-0.112412
-0.112403
-0.106451
-0.107959
-0.103909
-0.110220
-0.113778
-0.113269
-0.107444
-0.108491
-0.110161
-0.111634
-0.113208
-0.113255
-0.113532
-0.113384
-0.113407
-0.113457
-0.113537
-0.113779
-0.113613
-0.113724
-0.113526
-0.113757
-0.113581
-0.113820
-0.113699
-0.113354
-0.113074
-0.112176
-0.113176
-0.112735
-0.113839
-0.113934
-0.113404
-0.112116
-0.114016
-0.113136
-0.113852
-0.113845
-0.113846
-0.113860
-0.113830
-0.113902
-0.113850
-0.113972
-0.113914
-0.113922
-0.113928
-0.113915
-0.113932
-0.113941
-0.114106
-0.113697
-0.113980
-0.113299
-0.113886
-0.113753
-0.113935
-0.113959
-0.113998
-0.113522
-0.113800
-0.113742
-0.113935
-0.114028
-0.113944
-0.114035
-0.113954
-0.114033
-0.113917
-0.114029
-0.113823
-0.114170
-0.114247
-0.113966
-0.113997
-0.114252
-0.114087
-0.113687
-0.100023
-0.093157
-0.066122
-0.103774
-0.080577
-0.100194
-0.101648
-0.106938
-0.108233
-0.108178
-0.108440
-0.108603
-0.109249
-0.109531
-0.110175
-0.110428
-0.111065
-0.110971
-0.111842
-0.110565
-0.110426
-0.110988
-0.108432
-0.113357
-0.113564
-0.112039
-0.111981
-0.111562
-0.110802
-0.112581
-0.112479
-0.111076
-0.112073
-0.112078
-0.112192
-0.112294
-0.112292
-0.112403
-0.112478
-0.112544
-0.112616
-0.112645
-0.112681
-0.112646
-0.112771
-0.112521
-0.112740
-0.112581
-0.112478
-0.113841
-0.113169
-0.112668
-0.112795
-0.112799
-0.112852
-0.113675
-0.113282
-0.112641
-0.113077
-0.112927
-0.113061
-0.113109
-0.113106
-0.113152
-0.113143
-0.113167
-0.113197
-0.113173
-0.113169
-0.113181
-0.113223
-0.113196
-0.113306
-0.113131
-0.113246
-0.113512
-0.113224
-0.113220
-0.113319
-0.113359
-0.113434
-0.113625
-0.113322
-0.113224
-0.113330
-0.113278
-0.113372
-0.113379
-0.113374
-0.113364
-0.113336
-0.113365
-0.113372
-0.113393
-0.113411
-0.113430
-0.113446
-0.113449
-0.113405
-0.113360
-0.103141
-0.035635
-0.043329
-0.069701
-0.106090
-0.104087
-0.112981
-0.113538
-0.114003
-0.113403
-0.114076
-0.113589
-0.114073
-0.113873
-0.113992
-0.113917
-0.114002
-0.114025
-0.113956
-0.113926
-0.113015
-0.112648
-0.113015
-0.112308
-0.108492
-0.113482
-0.113124
-0.111756
-0.112791
-0.110533
-0.114128
-0.113543
-0.113777
-0.113949
-0.114052
-0.113984
-0.114199
-0.114021
-0.114241
-0.114070
-0.114281
-0.114070
-0.114256
-0.114101
-0.114209
-0.114105
-0.114001
-0.114061
-0.114175
-0.113863
-0.113068
-0.113934
-0.113950
-0.113862
-0.113923
-0.113356
-0.114037
-0.114106
-0.114034
-0.114151
-0.114214
-0.114157
-0.114263
-0.114165
-0.114276
-0.114186
-0.114273
-0.114178
-0.114258
-0.114211
-0.114251
-0.114160
-0.114166
-0.114181
-0.114282
-0.113993
-0.114004
-0.113974
-0.114195
-0.114250
-0.113940
-0.114012
-0.114112
-0.114236
-0.114189
-0.114242
-0.114292
-0.114235
-0.114302
-0.114236
-0.114282
-0.114273
-0.114222
-0.114306
-0.114107
-0.114266
-0.114253
-0.114080
-0.114273
-0.114147
-0.095628
-0.049134
-0.066401
0.014578
-0.101462
-0.111542
-0.112965
-0.112924
-0.113407
-0.113310
-0.113598
-0.113451
-0.113509
-0.113507
-0.113475
-0.113616
-0.113405
-0.113689
-0.113133
-0.113653
-0.112723
-0.113349
-0.111667
-0.102598
-0.108858
-0.111848
-0.111593
-0.113426
-0.111695
-0.108114
-0.110220
-0.114054
-0.113356
-0.114024
-0.113882
-0.114062
-0.114102
-0.114100
-0.114215
-0.114113
-0.114222
-0.114152
-0.114176
-0.114171
-0.114056
-0.114171
-0.113868
-0.114144
-0.113303
-0.112923
-0.112363
-0.113623
-0.113235
-0.114113
-0.113564
-0.113720
-0.112686
-0.114265
-0.113887
-0.114217
-0.114091
-0.114217
-0.114180
-0.114222
-0.114226
-0.114209
-0.114275
-0.114205
-0.114268
-0.114261
-0.114245
-0.114274
-0.114221
-0.114091
-0.113937
-0.114215
-0.113368
-0.113987
-0.113796
-0.114056
-0.114002
-0.113945
-0.113558
-0.114246
-0.114091
-0.114285
-0.114174
-0.114274
-0.114201
-0.114266
-0.114193
-0.114218
-0.114075
-0.113988
-0.114177
-0.114131
-0.114117
-0.114161
-0.113961
-0.113942
