-1.335364
2.087604
2.281830
-7.786338
-0.109941
-0.109935
-0.015303
1.076980
3.456362
-2.673877
-0.109936
-0.109935
2.607071
1.735645
7.424957
-4.609644
-0.109941
-0.109927
-0.383430
2.000385
5.504814
-4.760450
-0.109938
-0.109938
-0.096869
5.933227
12.358051
-10.095912
-0.109938
-0.109939
-0.126129
1.669323
4.153040
-3.488127
-0.109938
-0.109938
10.823815
-0.109375
10.824575
10.822838
-0.109939
-0.109942
8.074002
3.475720
13.890471
2.772936
-0.109938
-0.109941
1.109441
0.744613
0.432843
0.496529
0.393814
0.027529
0.416780
0.189274
0.187072
0.093907
0.131360
0.074474
0.050831
0.128370
-0.056151
0.042407
0.005877
-0.068692
-0.069808
-0.051213
-0.057964
-0.077938
-0.055077
-0.078597
-0.096100
-0.097285
-0.104108
-0.098387
-0.102735
-0.085844
-0.081030
-0.095200
-0.075475
-0.095729
-0.093167
-0.091166
-0.079800
-0.090024
-0.084332
-0.067174
-0.099779
-0.079189
-0.083862
-0.091941
-0.092577
-0.084103
-0.088028
-0.095498
-0.087952
-0.102036
-0.104526
-0.100020
-0.106580
-0.105832
-0.100213
-0.097367
-0.100288
-0.103294
-0.092214
-0.102431
-0.096456
-0.103041
-0.098557
-0.103347
-0.096803
-0.099169
-0.104513
-0.097817
-0.105530
-0.103938
-0.107176
-0.103906
-0.105686
-0.105750
-0.104237
-0.106844
-0.107994
-0.107749
-0.108988
-0.109162
-0.107823
-0.108548
-0.106072
-0.106452
-0.104280
-0.107398
-0.104199
-0.108148
-0.104326
-0.106980
-0.103607
-0.104060
-0.107966
-0.104930
-0.108658
-0.106018
-0.106861
-0.107173
-0.108624
-0.104753
-0.016213
0.265959
0.274447
0.068011
-0.029937
-0.047329
0.054160
0.118860
0.004858
0.068161
0.136258
-0.023172
0.094531
0.100721
-0.071050
0.044808
-0.022342
-0.036366
0.016277
-0.067777
-0.018566
-0.036215
-0.079263
-0.058965
-0.106846
-0.077731
-0.098862
-0.078563
-0.098932
-0.077412
-0.099664
-0.065152
-0.077444
-0.081957
-0.067298
-0.102980
-0.075071
-0.082413
-0.096908
-0.065829
-0.091907
-0.086499
-0.078503
-0.104193
-0.090229
-0.094541
-0.106444
-0.107848
-0.106603
-0.107302
-0.106787
-0.107070
-0.107145
-0.105673
-0.104864
-0.107526
-0.109446
-0.106494
-0.105176
-0.103308
-0.108751
-0.099289
-0.100006
-0.104752
-0.095595
-0.101335
-0.102018
-0.098769
-0.108803
-0.101075
-0.101561
-0.106033
-0.101778
-0.104703
-0.105186
-0.105958
-0.108906
-0.107588
-0.107236
-0.106370
-0.108106
-0.105399
-0.107258
-0.103956
-0.104492
-0.104978
-0.104353
-0.106888
-0.104395
-0.107211
-0.106066
-0.104106
-0.108870
-0.104225
-0.106192
-0.107816
-0.105865
-0.108758
-0.109039
-0.108921
2.605136
0.377145
0.438425
-0.001065
0.513757
0.460069
0.106885
0.129664
0.161813
0.099365
-0.035421
0.029908
0.066382
-0.074382
0.050623
0.042428
-0.026274
0.041218
0.010681
-0.028228
-0.011784
-0.030057
-0.068820
-0.037423
-0.068200
-0.073326
-0.054330
-0.095171
-0.063418
-0.069775
-0.086698
-0.062110
-0.072377
-0.076939
-0.061595
-0.071878
-0.085023
-0.068062
-0.091176
-0.089663
-0.081975
-0.106387
-0.091412
-0.089624
-0.095151
-0.100593
-0.094221
-0.082037
-0.094269
-0.101547
-0.098566
-0.104579
-0.108464
-0.107712
-0.106205
-0.101693
-0.092529
-0.099805
-0.100374
-0.097955
-0.101685
-0.105338
-0.107146
-0.101060
-0.101013
-0.107393
-0.098448
-0.102851
-0.101924
-0.097937
-0.102417
-0.100523
-0.100486
-0.103379
-0.102732
-0.102284
-0.106140
-0.103159
-0.104106
-0.106363
-0.103203
-0.106206
-0.104442
-0.104245
-0.104891
-0.104245
-0.104178
-0.106216
-0.105017
-0.106280
-0.106749
-0.104169
-0.108431
-0.106168
-0.106095
-0.107557
-0.109122
-0.107692
-0.103963
-0.103538
0.162760
0.498551
0.778796
0.197346
0.537774
0.362024
-0.091385
0.195126
0.137350
-0.019202
0.145341
-0.002592
0.007569
0.057244
-0.099910
0.009174
-0.057940
-0.034914
-0.041271
-0.087745
-0.076104
-0.080736
-0.102174
-0.086111
-0.091941
-0.091221
-0.081366
-0.098907
-0.091247
-0.098321
-0.102360
-0.095900
-0.100997
-0.097546
-0.088975
-0.098686
-0.088966
-0.089633
-0.101608
-0.085388
-0.103413
-0.092508
-0.090632
-0.106694
-0.090889
-0.101706
-0.101959
-0.096008
-0.100859
-0.103302
-0.103225
-0.106520
-0.109139
-0.109824
-0.106543
-0.103989
-0.101204
-0.106103
-0.105300
-0.101290
-0.106180
-0.102327
-0.100589
-0.108732
-0.102585
-0.104706
-0.106783
-0.104199
-0.107852
-0.104288
-0.105973
-0.107591
-0.107017
-0.107763
-0.108732
-0.107986
-0.108347
-0.107654
-0.107512
-0.107554
-0.107883
-0.108474
-0.107868
-0.108411
-0.107784
-0.107203
-0.107348
-0.106898
-0.106436
-0.107631
-0.107258
-0.106557
-0.109005
-0.107541
-0.108354
-0.107491
-0.106500
-0.109200
-0.107688
-0.108549
-0.094796
2.136610
3.027372
0.918716
0.970975
0.766990
0.091299
0.237477
0.056536
0.060377
-0.045026
-0.014031
0.014403
-0.062233
-0.006569
-0.039066
-0.063673
-0.031752
-0.092792
-0.068635
-0.068927
-0.095520
-0.095151
-0.083091
-0.095768
-0.095255
-0.087728
-0.105894
-0.094910
-0.095934
-0.109128
-0.099490
-0.094826
-0.102631
-0.099188
-0.093288
-0.106888
-0.096185
-0.101037
-0.101223
-0.096420
-0.107799
-0.098975
-0.097725
-0.103151
-0.100044
-0.103298
-0.090081
-0.101752
-0.088580
-0.087176
-0.106319
-0.104557
-0.100519
-0.095180
-0.105954
-0.091262
-0.099717
-0.102248
-0.103496
-0.107727
-0.106752
-0.108620
-0.105424
-0.105972
-0.107722
-0.105660
-0.108259
-0.107056
-0.107351
-0.108481
-0.107669
-0.108093
-0.108764
-0.108882
-0.108696
-0.109014
-0.109076
-0.109193
-0.109050
-0.108743
-0.109482
-0.109292
-0.108682
-0.108777
-0.108015
-0.108461
-0.108745
-0.108815
-0.108920
-0.108900
-0.108711
-0.107296
-0.107951
-0.107723
-0.108104
-0.108844
-0.109204
-0.108382
-0.106909
-0.093900
0.374379
0.764601
0.479288
0.101693
0.200071
0.111508
-0.036103
-0.069865
-0.043444
-0.053339
-0.034733
-0.041832
-0.064189
-0.058593
-0.085363
-0.095289
-0.100938
-0.086634
-0.090354
-0.089688
-0.080063
-0.092548
-0.083649
-0.082834
-0.087945
-0.085480
-0.086246
-0.093605
-0.094109
-0.095465
-0.099839
-0.102154
-0.097323
-0.104335
-0.104788
-0.103726
-0.108174
-0.104058
-0.099615
-0.101035
-0.106392
-0.099530
-0.100394
-0.106423
-0.101194
-0.098516
-0.101491
-0.105071
-0.101986
-0.105955
-0.108588
-0.109419
-0.108048
-0.104411
-0.105388
-0.106708
-0.105775
-0.107743
-0.108266
-0.106890
-0.109278
-0.107169
-0.105074
-0.107017
-0.108096
-0.106312
-0.108089
-0.109308
-0.108320
-0.107904
-0.109366
-0.107491
-0.107442
-0.109021
-0.107612
-0.107291
-0.108498
-0.107418
-0.107240
-0.108666
-0.107963
-0.107495
-0.108801
-0.108233
-0.107175
-0.108812
-0.109066
-0.108212
-0.108913
-0.109121
-0.107755
-0.108894
-0.109159
-0.108327
-0.108626
-0.109222
-0.108013
-0.108339
-0.108788
-0.220915
0.008909
0.010925
-0.445960
-0.109937
-0.109940
1.982037
0.507646
2.805072
1.079569
-0.109938
-0.109942
-1.107334
0.179246
-0.753086
-1.713363
-0.109939
-0.109941
-0.137100
-0.008264
0.121244
-0.332413
-0.109938
-0.109939
-0.167601
0.131054
0.230865
-0.465118
-0.109937
-0.109942
-0.092439
0.116471
0.324133
-0.609684
-0.109940
-0.109939
3.403391
0.654416
4.610720
2.073127
-0.109938
-0.109941
0.000479
-0.066276
-0.081541
-0.045463
-0.101979
-0.106796
-0.108399
-0.107964
-0.106946
-0.108920
-0.106984
-0.107945
-0.109045
-0.108856
-0.109392
-0.108499
-0.108151
-0.109690
-0.108429
-0.109465
-0.109059
-0.108610
-0.108178
-0.104636
-0.106542
-0.108733
-0.108869
-0.108960
-0.108512
-0.105680
-0.109199
-0.109640
-0.109440
-0.109693
-0.109716
-0.109599
-0.109391
-0.109692
-0.109772
-0.109794
-0.109861
-0.109728
-0.109505
-0.109877
-0.109651
-0.109902
-0.109652
-0.109656
-0.109636
-0.109090
-0.108846
-0.109735
-0.109539
-0.109788
-0.109470
-0.109061
-0.109435
-0.109722
-0.109738
-0.109902
-0.109868
-0.109806
-0.109754
-0.109876
-0.109894
-0.109901
-0.109882
-0.109933
-0.109774
-0.109896
-0.109858
-0.109914
-0.109801
-0.109867
-0.109904
-0.109593
-0.109444
-0.109891
-0.109762
-0.109878
-0.109757
-0.109618
-0.109617
-0.109839
-0.109870
-0.109929
-0.109894
-0.109884
-0.109869
-0.109897
-0.109930
-0.109917
-0.109782
-0.109793
-0.109897
-0.109846
-0.109849
-0.109886
-0.109722
-0.109761
1.986024
-0.089525
0.324254
-0.090247
-0.087840
-0.105641
-0.109129
-0.106280
-0.101716
-0.107614
-0.101523
-0.104515
-0.106890
-0.105701
-0.106866
-0.107081
-0.104430
-0.108590
-0.107121
-0.109711
-0.108703
-0.108253
-0.108735
-0.104598
-0.085801
-0.101170
-0.102485
-0.104167
-0.093503
-0.102856
-0.105826
-0.108472
-0.109333
-0.108781
-0.108434
-0.109257
-0.108518
-0.109444
-0.109744
-0.109044
-0.108929
-0.108995
-0.109081
-0.109157
-0.109425
-0.109427
-0.108997
-0.108833
-0.108943
-0.108315
-0.105887
-0.106499
-0.107480
-0.108328
-0.107794
-0.106511
-0.108317
-0.109098
-0.109424
-0.109206
-0.109074
-0.109527
-0.109380
-0.109503
-0.109344
-0.109136
-0.109304
-0.109356
-0.109720
-0.109388
-0.109319
-0.109279
-0.109208
-0.109103
-0.109088
-0.109085
-0.108730
-0.108349
-0.109297
-0.109383
-0.108409
-0.108287
-0.109153
-0.109307
-0.109542
-0.109488
-0.109415
-0.109434
-0.109593
-0.109385
-0.109405
-0.109319
-0.109483
-0.109753
-0.108819
-0.109627
-0.109572
-0.108914
-0.109650
-0.109337
0.887054
-0.074657
0.082573
-0.090303
-0.059606
-0.106958
-0.105809
-0.107543
-0.105565
-0.108116
-0.107122
-0.108065
-0.108274
-0.109762
-0.108193
-0.108214
-0.108738
-0.109442
-0.108271
-0.109615
-0.108771
-0.108592
-0.103824
-0.107994
-0.098017
-0.107322
-0.109309
-0.109103
-0.102230
-0.106820
-0.104659
-0.109715
-0.109426
-0.109432
-0.109147
-0.109429
-0.109249
-0.109931
-0.109628
-0.109650
-0.109461
-0.109382
-0.109900
-0.109807
-0.109773
-0.109568
-0.109463
-0.109410
-0.108859
-0.109146
-0.107489
-0.108938
-0.109507
-0.109513
-0.108109
-0.108847
-0.108483
-0.109540
-0.109739
-0.109724
-0.109742
-0.109734
-0.109637
-0.109687
-0.109751
-0.109706
-0.109701
-0.109544
-0.109747
-0.109774
-0.109804
-0.109546
-0.109696
-0.109636
-0.109467
-0.109461
-0.108924
-0.109508
-0.109756
-0.109718
-0.109088
-0.109510
-0.109539
-0.109513
-0.109693
-0.109719
-0.109827
-0.109756
-0.109729
-0.109649
-0.109699
-0.109621
-0.109834
-0.109577
-0.109586
-0.109825
-0.109843
-0.109601
-0.109553
-0.109727
-0.083843
-0.077982
-0.053301
-0.093835
-0.092143
-0.104041
-0.103984
-0.102024
-0.101143
-0.105449
-0.105388
-0.106366
-0.106395
-0.106662
-0.106900
-0.106938
-0.106797
-0.107124
-0.106888
-0.107547
-0.107544
-0.107740
-0.105433
-0.108931
-0.108784
-0.107360
-0.107198
-0.106940
-0.106929
-0.109180
-0.108640
-0.108090
-0.108236
-0.108489
-0.108722
-0.108529
-0.108702
-0.108624
-0.108701
-0.108763
-0.108797
-0.108811
-0.108918
-0.108859
-0.109066
-0.108787
-0.108650
-0.108773
-0.108953
-0.109187
-0.108968
-0.108770
-0.108961
-0.109055
-0.109626
-0.109112
-0.108926
-0.109478
-0.109387
-0.109363
-0.109320
-0.109239
-0.109280
-0.109295
-0.109321
-0.109345
-0.109332
-0.109354
-0.109398
-0.109391
-0.109347
-0.109345
-0.109338
-0.109358
-0.109476
-0.109225
-0.109298
-0.109665
-0.109559
-0.109469
-0.109257
-0.109329
-0.109462
-0.109450
-0.109480
-0.109440
-0.109439
-0.109495
-0.109480
-0.109491
-0.109450
-0.109387
-0.109468
-0.109499
-0.109411
-0.109448
-0.109438
-0.109438
-0.109532
-0.109460
-0.052850
0.045318
-0.097187
-0.050248
-0.088649
-0.095939
-0.102190
-0.103695
-0.104590
-0.104637
-0.105789
-0.105729
-0.106028
-0.106343
-0.106842
-0.107037
-0.107078
-0.107011
-0.107348
-0.107619
-0.107552
-0.106533
-0.107492
-0.107753
-0.104611
-0.104197
-0.109105
-0.107293
-0.107170
-0.105988
-0.108036
-0.108870
-0.108651
-0.108608
-0.108470
-0.108611
-0.108690
-0.108825
-0.108744
-0.108695
-0.108738
-0.108869
-0.108890
-0.108878
-0.108758
-0.108909
-0.109105
-0.109206
-0.108846
-0.108734
-0.107737
-0.108643
-0.108784
-0.108844
-0.109577
-0.109735
-0.108980
-0.108843
-0.109027
-0.109138
-0.109132
-0.109088
-0.109085
-0.109152
-0.109195
-0.109160
-0.109104
-0.109153
-0.109200
-0.109165
-0.109195
-0.109170
-0.109157
-0.109271
-0.109197
-0.108998
-0.109240
-0.109195
-0.108845
-0.109299
-0.109235
-0.109112
-0.109362
-0.109210
-0.109226
-0.109259
-0.109301
-0.109278
-0.109244
-0.109223
-0.109268
-0.109363
-0.109360
-0.109294
-0.109106
-0.109190
-0.109200
-0.109082
-0.109276
-0.109372
-0.090681
-0.035720
-0.073147
0.023558
-0.087381
-0.100717
-0.102509
-0.104203
-0.105175
-0.105852
-0.106144
-0.106623
-0.106826
-0.107242
-0.107560
-0.107791
-0.107950
-0.107786
-0.108185
-0.108347
-0.108807
-0.109564
-0.108152
-0.098424
-0.103817
-0.108159
-0.106383
-0.105586
-0.108771
-0.100727
-0.107837
-0.109064
-0.109058
-0.108941
-0.108935
-0.109085
-0.109061
-0.109080
-0.109063
-0.109072
-0.109104
-0.109166
-0.109200
-0.109169
-0.109123
-0.109129
-0.109231
-0.109291
-0.109542
-0.107279
-0.108270
-0.108844
-0.108742
-0.108833
-0.109089
-0.108181
-0.108876
-0.109655
-0.109653
-0.109558
-0.109509
-0.109501
-0.109538
-0.109545
-0.109540
-0.109529
-0.109492
-0.109619
-0.109592
-0.109621
-0.109571
-0.109495
-0.109578
-0.109392
-0.109555
-0.109055
-0.109278
-0.109716
-0.109834
-0.109784
-0.109457
-0.109360
-0.109046
-0.109578
-0.109677
-0.109732
-0.109721
-0.109709
-0.109711
-0.109708
-0.109723
-0.109718
-0.109803
-0.109407
-0.109750
-0.109720
-0.109736
-0.109733
-0.109324
-0.109655
