-1.342943
1.964531
2.123805
-7.848889
-0.111045
-0.111038
0.128741
1.182890
4.022802
-2.894560
-0.111039
-0.111038
2.638903
1.668274
7.408278
-4.096712
-0.111044
-0.111031
-0.379773
2.357499
6.194179
-4.794225
-0.111041
-0.111042
-0.027642
5.903882
11.829227
-9.943417
-0.111042
-0.111043
-0.157103
1.734466
3.775192
-3.758617
-0.111042
-0.111043
10.697168
-0.110705
10.698136
10.696420
-0.111041
-0.111039
8.335612
3.499458
14.204740
3.052524
-0.111042
-0.111045
1.114837
0.721847
0.391857
0.480288
0.340946
0.081980
0.422313
0.119654
0.096547
0.042419
0.054313
0.017551
0.020628
0.113738
0.025836
0.046639
0.032103
-0.078219
-0.069747
-0.059901
-0.064671
-0.084686
-0.056090
-0.098249
-0.067633
-0.084330
-0.088698
-0.078198
-0.094763
-0.081077
-0.090494
-0.086551
-0.086967
-0.099533
-0.100745
-0.081936
-0.080155
-0.087406
-0.066121
-0.085936
-0.092085
-0.089090
-0.100181
-0.098719
-0.099185
-0.085539
-0.104286
-0.087494
-0.091272
-0.105549
-0.104553
-0.106542
-0.107739
-0.106341
-0.101826
-0.102019
-0.109076
-0.093085
-0.098001
-0.104839
-0.103265
-0.103777
-0.106821
-0.105953
-0.098572
-0.102958
-0.100108
-0.099151
-0.108030
-0.107108
-0.107307
-0.105446
-0.109589
-0.104496
-0.108489
-0.106399
-0.106942
-0.109048
-0.106962
-0.110208
-0.107219
-0.108633
-0.105677
-0.105378
-0.109265
-0.106577
-0.107158
-0.108361
-0.107562
-0.103312
-0.106051
-0.107781
-0.105581
-0.108830
-0.108933
-0.107639
-0.106946
-0.109889
-0.105625
-0.105308
0.127468
0.351386
0.265507
0.018841
-0.099921
0.008949
0.044047
0.056963
-0.060546
0.040808
0.108504
-0.002408
0.127548
0.150425
0.009532
0.134801
0.009130
0.053664
0.020092
-0.045197
-0.044241
-0.075922
-0.091675
-0.050718
-0.057361
-0.055900
-0.053370
-0.070590
-0.058891
-0.091646
-0.082802
-0.092150
-0.090441
-0.074580
-0.054045
-0.081063
-0.052434
-0.081395
-0.061208
-0.066129
-0.092056
-0.079121
-0.091251
-0.103807
-0.095777
-0.103752
-0.104440
-0.108256
-0.106796
-0.105359
-0.106650
-0.110810
-0.109961
-0.107185
-0.110042
-0.109173
-0.106516
-0.105868
-0.105843
-0.106854
-0.106308
-0.100963
-0.107089
-0.098663
-0.095486
-0.103840
-0.093290
-0.100612
-0.098676
-0.098121
-0.103818
-0.102175
-0.109153
-0.109670
-0.106613
-0.105485
-0.106014
-0.104729
-0.106327
-0.104166
-0.107052
-0.105239
-0.110679
-0.108103
-0.108951
-0.103681
-0.108153
-0.102916
-0.106306
-0.103568
-0.102560
-0.107770
-0.104011
-0.105787
-0.110054
-0.107777
-0.109266
-0.109322
-0.110004
-0.110020
2.636546
0.374566
0.418416
0.022323
0.486884
0.442602
0.097093
0.174764
0.198979
0.101655
-0.051328
0.041909
-0.028255
-0.063277
-0.017407
-0.046190
-0.062376
-0.004434
-0.007124
-0.061538
-0.012676
-0.053258
-0.068378
-0.050483
-0.103964
-0.075684
-0.078316
-0.106298
-0.074594
-0.081534
-0.088364
-0.062871
-0.092100
-0.073753
-0.073793
-0.096540
-0.092531
-0.092278
-0.100798
-0.101393
-0.092401
-0.107989
-0.091755
-0.089089
-0.096330
-0.100608
-0.086127
-0.085740
-0.105623
-0.099902
-0.104454
-0.108927
-0.109208
-0.107465
-0.109734
-0.097613
-0.096701
-0.106356
-0.096798
-0.097747
-0.102485
-0.107864
-0.102441
-0.105572
-0.107039
-0.105194
-0.107771
-0.109466
-0.104255
-0.103622
-0.107631
-0.101934
-0.105034
-0.106805
-0.104130
-0.109359
-0.107034
-0.107770
-0.108688
-0.107959
-0.107224
-0.109328
-0.104340
-0.108291
-0.105346
-0.104706
-0.109437
-0.106090
-0.107654
-0.110245
-0.106754
-0.105702
-0.109974
-0.105877
-0.105649
-0.109647
-0.108602
-0.106769
-0.105659
-0.108452
0.157122
0.645578
0.983596
0.220264
0.544811
0.401901
0.007342
0.285791
0.191692
0.024909
0.186708
0.024488
-0.001159
0.057762
-0.055467
-0.018434
-0.090348
-0.037500
-0.058100
-0.090718
-0.072419
-0.100360
-0.092080
-0.100083
-0.104809
-0.102294
-0.105510
-0.105988
-0.107211
-0.101701
-0.107656
-0.096502
-0.103922
-0.096998
-0.091380
-0.108707
-0.093828
-0.100922
-0.090050
-0.094493
-0.099904
-0.085075
-0.096007
-0.092665
-0.088196
-0.102195
-0.096545
-0.096721
-0.105099
-0.100939
-0.104902
-0.110040
-0.109348
-0.107677
-0.106730
-0.102163
-0.102812
-0.107411
-0.101254
-0.102102
-0.104821
-0.099032
-0.104377
-0.105662
-0.102956
-0.108569
-0.106034
-0.108287
-0.107347
-0.107259
-0.109948
-0.107883
-0.109878
-0.109965
-0.109466
-0.110275
-0.110427
-0.110622
-0.110728
-0.110598
-0.109996
-0.109916
-0.109265
-0.109974
-0.109539
-0.108053
-0.110052
-0.108688
-0.107164
-0.108971
-0.109040
-0.108634
-0.107301
-0.109873
-0.107460
-0.106519
-0.109479
-0.108103
-0.107840
-0.108888
-0.025730
2.128863
3.068099
0.873995
0.926687
0.640898
0.049781
0.129114
0.135135
0.119876
-0.065673
0.016826
-0.020802
-0.042862
-0.034217
-0.062703
-0.055165
-0.034817
-0.076901
-0.067857
-0.055361
-0.079973
-0.080172
-0.069843
-0.102637
-0.083725
-0.084106
-0.106708
-0.086304
-0.093754
-0.100501
-0.088975
-0.096922
-0.100748
-0.093782
-0.102019
-0.104917
-0.099547
-0.103051
-0.101792
-0.102974
-0.108378
-0.095577
-0.099249
-0.105117
-0.100804
-0.097658
-0.093280
-0.105506
-0.085096
-0.100528
-0.104254
-0.103626
-0.095046
-0.101072
-0.099152
-0.096410
-0.107699
-0.104178
-0.105828
-0.104169
-0.109704
-0.106864
-0.106537
-0.109214
-0.108921
-0.109113
-0.108751
-0.107591
-0.110217
-0.109221
-0.107772
-0.109515
-0.108768
-0.108360
-0.110722
-0.108620
-0.109509
-0.110864
-0.108656
-0.109534
-0.110025
-0.108645
-0.109430
-0.109389
-0.109461
-0.110233
-0.109148
-0.109530
-0.109386
-0.108514
-0.108236
-0.110098
-0.106123
-0.107351
-0.108946
-0.108631
-0.107289
-0.106356
-0.108239
-0.065180
0.447846
0.818243
0.423805
0.126696
0.182943
0.093690
-0.044160
-0.051997
-0.009854
-0.020176
-0.031996
-0.037772
-0.051665
-0.062756
-0.087941
-0.094843
-0.098558
-0.105529
-0.106581
-0.099658
-0.096669
-0.097179
-0.098906
-0.097005
-0.097841
-0.100816
-0.100136
-0.102090
-0.101768
-0.105164
-0.104426
-0.107263
-0.106746
-0.109717
-0.108159
-0.108411
-0.105536
-0.104991
-0.103073
-0.101677
-0.101085
-0.100581
-0.106779
-0.106804
-0.101283
-0.103906
-0.107004
-0.103476
-0.102329
-0.108817
-0.108283
-0.108192
-0.106108
-0.105231
-0.107042
-0.104795
-0.106006
-0.109800
-0.108488
-0.106543
-0.108225
-0.108303
-0.107058
-0.107783
-0.108262
-0.109741
-0.110027
-0.110477
-0.110951
-0.110572
-0.110221
-0.109995
-0.110036
-0.109897
-0.110172
-0.109848
-0.110038
-0.110212
-0.110363
-0.109734
-0.110284
-0.110384
-0.110184
-0.110450
-0.110108
-0.110332
-0.110355
-0.110328
-0.110196
-0.109438
-0.109820
-0.110007
-0.108930
-0.109510
-0.110183
-0.109302
-0.109440
-0.110538
-0.110223
-0.221271
-0.000530
0.008688
-0.395456
-0.111040
-0.111043
1.915527
0.479768
2.674852
1.039493
-0.111042
-0.111045
-1.134200
0.208787
-0.768465
-1.693952
-0.111043
-0.111045
-0.153336
0.037257
0.163292
-0.353595
-0.111041
-0.111044
-0.092961
0.184623
0.424701
-0.662283
-0.111042
-0.111043
-0.123563
0.076330
0.182723
-0.415147
-0.111041
-0.111045
3.374436
0.652459
4.606357
2.098350
-0.111042
-0.111045
-0.001620
-0.060825
-0.078701
-0.061950
-0.108024
-0.105125
-0.110303
-0.106894
-0.110119
-0.110105
-0.110491
-0.106883
-0.110319
-0.108761
-0.110504
-0.107297
-0.110001
-0.110944
-0.110709
-0.110149
-0.110465
-0.110448
-0.110119
-0.105911
-0.108598
-0.109359
-0.110563
-0.109692
-0.109579
-0.107910
-0.110319
-0.110105
-0.110750
-0.110552
-0.110906
-0.110613
-0.110609
-0.110711
-0.110733
-0.110520
-0.110760
-0.110265
-0.110705
-0.110929
-0.110915
-0.110975
-0.110641
-0.110789
-0.110737
-0.109872
-0.110393
-0.110559
-0.110770
-0.110512
-0.110465
-0.110152
-0.110700
-0.110784
-0.110959
-0.111017
-0.110882
-0.110759
-0.110762
-0.110936
-0.110893
-0.110766
-0.110835
-0.110847
-0.110949
-0.110936
-0.110844
-0.110871
-0.110762
-0.110894
-0.111003
-0.110674
-0.110881
-0.110882
-0.110903
-0.110745
-0.110737
-0.110593
-0.110895
-0.111031
-0.110914
-0.110875
-0.110907
-0.110884
-0.110895
-0.110863
-0.110918
-0.110885
-0.110909
-0.110915
-0.110969
-0.110921
-0.110894
-0.110922
-0.110912
-0.110987
1.914976
-0.092543
0.302079
-0.094013
-0.080810
-0.108901
-0.109232
-0.109441
-0.104152
-0.108585
-0.096592
-0.109203
-0.104054
-0.107414
-0.108640
-0.110400
-0.103580
-0.110431
-0.109142
-0.109361
-0.109592
-0.109149
-0.106895
-0.107452
-0.086981
-0.109695
-0.110421
-0.108890
-0.092417
-0.108612
-0.108613
-0.110292
-0.109886
-0.110117
-0.109814
-0.110853
-0.109099
-0.110226
-0.109226
-0.109877
-0.110966
-0.110705
-0.110129
-0.110676
-0.110379
-0.110345
-0.110619
-0.110452
-0.110171
-0.109128
-0.106439
-0.110531
-0.110642
-0.109796
-0.106949
-0.110134
-0.110344
-0.110465
-0.110467
-0.110712
-0.110767
-0.110885
-0.110373
-0.110525
-0.110284
-0.110617
-0.110943
-0.110624
-0.110931
-0.110757
-0.110663
-0.110825
-0.110948
-0.110481
-0.110348
-0.109725
-0.109412
-0.110674
-0.110695
-0.110064
-0.109543
-0.110353
-0.110526
-0.110673
-0.110837
-0.111021
-0.110918
-0.110845
-0.110628
-0.110748
-0.110759
-0.110852
-0.110717
-0.110471
-0.110482
-0.110448
-0.110789
-0.110897
-0.110407
-0.110148
0.910299
-0.084641
0.104031
-0.098098
-0.051092
-0.104362
-0.105999
-0.109753
-0.108724
-0.110275
-0.108710
-0.109803
-0.108174
-0.109972
-0.109717
-0.110416
-0.109802
-0.110294
-0.109570
-0.110202
-0.110465
-0.109824
-0.103547
-0.109554
-0.097223
-0.109075
-0.109963
-0.109075
-0.102155
-0.109759
-0.105705
-0.109477
-0.110055
-0.110841
-0.110973
-0.110501
-0.110335
-0.110624
-0.110598
-0.110890
-0.110920
-0.110570
-0.110557
-0.110772
-0.110815
-0.110617
-0.110473
-0.110259
-0.109624
-0.110562
-0.108125
-0.110480
-0.110466
-0.109928
-0.109150
-0.110596
-0.109576
-0.110544
-0.110824
-0.110851
-0.110812
-0.110739
-0.110760
-0.110969
-0.110939
-0.110802
-0.110837
-0.110754
-0.110882
-0.110948
-0.110841
-0.110651
-0.110586
-0.110692
-0.110538
-0.110707
-0.110046
-0.110707
-0.110561
-0.110299
-0.110256
-0.110912
-0.110529
-0.110928
-0.110865
-0.110802
-0.110865
-0.110931
-0.111000
-0.110899
-0.110831
-0.110833
-0.110986
-0.110886
-0.110765
-0.110676
-0.110689
-0.110661
-0.110548
-0.110863
-0.069127
-0.072293
-0.033282
-0.065320
-0.077804
-0.107296
-0.106124
-0.107742
-0.104428
-0.108377
-0.110682
-0.109900
-0.109611
-0.109252
-0.109232
-0.109553
-0.110866
-0.110021
-0.110041
-0.109831
-0.110422
-0.110671
-0.106966
-0.107269
-0.106783
-0.109227
-0.109965
-0.110290
-0.107613
-0.108324
-0.108576
-0.110142
-0.109714
-0.109966
-0.109768
-0.110615
-0.110688
-0.110506
-0.110309
-0.110318
-0.110515
-0.110784
-0.110616
-0.110369
-0.110558
-0.110431
-0.110835
-0.110697
-0.110548
-0.110780
-0.110425
-0.110287
-0.110515
-0.110584
-0.110510
-0.110791
-0.110519
-0.110412
-0.110392
-0.110594
-0.110752
-0.110871
-0.110629
-0.110584
-0.110607
-0.110728
-0.110834
-0.110802
-0.110603
-0.110558
-0.110678
-0.110794
-0.110818
-0.110580
-0.110781
-0.110742
-0.110561
-0.110644
-0.110819
-0.110599
-0.110880
-0.110760
-0.110546
-0.110599
-0.110745
-0.110856
-0.110867
-0.110711
-0.110671
-0.110731
-0.110843
-0.110824
-0.110682
-0.110694
-0.110669
-0.110644
-0.110843
-0.110887
-0.110619
-0.110584
-0.094291
0.061182
-0.002611
-0.070148
-0.099238
-0.096702
-0.106195
-0.106741
-0.108556
-0.108820
-0.108615
-0.108717
-0.109079
-0.109329
-0.109460
-0.109501
-0.109546
-0.109534
-0.109847
-0.110145
-0.109784
-0.109839
-0.110099
-0.107240
-0.104302
-0.105712
-0.110310
-0.108274
-0.107191
-0.109057
-0.109727
-0.108946
-0.109955
-0.110033
-0.110213
-0.110256
-0.110193
-0.110201
-0.110247
-0.110273
-0.110286
-0.110325
-0.110371
-0.110369
-0.110358
-0.110375
-0.110288
-0.110596
-0.110607
-0.110670
-0.110122
-0.110307
-0.110213
-0.110693
-0.110730
-0.110810
-0.110520
-0.110332
-0.110550
-0.110552
-0.110521
-0.110518
-0.110529
-0.110544
-0.110545
-0.110542
-0.110541
-0.110556
-0.110592
-0.110619
-0.110581
-0.110488
-0.110530
-0.110514
-0.110416
-0.110633
-0.110728
-0.110594
-0.110236
-0.110377
-0.110528
-0.110532
-0.110641
-0.110722
-0.110687
-0.110667
-0.110638
-0.110635
-0.110650
-0.110657
-0.110653
-0.110685
-0.110630
-0.110554
-0.110563
-0.110536
-0.110487
-0.110467
-0.110551
-0.110494
-0.098355
-0.077115
-0.104157
0.015498
-0.108463
-0.108275
-0.110604
-0.110915
-0.110411
-0.110362
-0.110391
-0.110771
-0.110805
-0.110683
-0.110582
-0.110585
-0.110823
-0.110837
-0.110637
-0.110450
-0.110284
-0.110597
-0.109494
-0.098700
-0.109965
-0.109785
-0.110370
-0.110042
-0.109484
-0.103175
-0.110136
-0.110363
-0.110705
-0.110804
-0.110835
-0.110844
-0.110838
-0.110881
-0.110895
-0.110904
-0.110901
-0.110891
-0.110891
-0.110895
-0.110876
-0.110836
-0.110757
-0.110729
-0.110292
-0.108578
-0.110581
-0.110662
-0.110763
-0.110698
-0.110296
-0.109230
-0.110676
-0.110767
-0.110880
-0.110938
-0.110957
-0.110947
-0.110942
-0.110960
-0.110979
-0.110986
-0.110972
-0.110969
-0.110882
-0.110946
-0.110945
-0.110916
-0.110857
-0.110778
-0.110652
-0.110122
-0.110792
-0.110846
-0.110870
-0.110834
-0.110552
-0.110350
-0.110858
-0.110911
-0.110962
-0.110983
-0.110988
-0.110986
-0.110999
-0.111007
-0.110996
-0.110983
-0.110972
-0.110829
-0.110742
-0.110916
-0.110915
-0.110898
-0.110862
-0.110612
