-1.270929
1.934111
1.201308
-8.297403
-0.109665
-0.109655
0.021594
1.152306
4.120593
-2.900163
-0.109658
-0.109654
2.642226
1.750922
7.869634
-4.381739
-0.109664
-0.109648
-0.300939
2.050997
5.246844
-5.010967
-0.109661
-0.109661
-0.033306
5.861906
11.864887
-9.728144
-0.109660
-0.109662
-0.100763
1.635240
3.640679
-3.667302
-0.109661
-0.109661
10.888413
-0.108756
10.890146
10.887400
-0.109659
-0.109663
8.053895
3.526167
14.064322
2.872402
-0.109660
-0.109664
1.045710
0.729327
0.461497
0.524860
0.253827
0.091076
0.340503
0.054499
0.102338
-0.037090
0.053173
0.013491
-0.041918
0.095589
0.006582
-0.010671
0.053757
-0.045572
-0.054304
-0.042855
-0.048867
-0.055595
-0.083590
-0.027335
-0.057764
-0.081590
-0.036129
-0.053258
-0.091250
-0.038748
-0.071247
-0.079342
-0.062758
-0.082543
-0.081703
-0.093715
-0.064734
-0.086594
-0.085831
-0.078333
-0.102455
-0.100418
-0.101874
-0.095740
-0.100431
-0.091091
-0.085885
-0.108607
-0.095382
-0.098287
-0.100087
-0.101777
-0.107533
-0.107516
-0.102327
-0.096772
-0.101288
-0.103664
-0.099834
-0.104054
-0.100111
-0.106825
-0.099393
-0.103120
-0.103982
-0.099247
-0.104750
-0.104966
-0.101697
-0.104258
-0.107420
-0.105388
-0.106770
-0.101839
-0.106037
-0.102079
-0.099518
-0.107760
-0.099495
-0.100025
-0.107263
-0.099209
-0.103033
-0.105002
-0.101276
-0.107230
-0.104688
-0.107306
-0.104237
-0.106902
-0.107847
-0.107729
-0.107910
-0.107527
-0.106945
-0.106056
-0.108354
-0.106906
-0.108617
-0.108023
0.020714
0.306907
0.288186
0.039905
-0.067592
-0.009383
0.054501
0.087882
0.004066
0.073767
0.153227
0.073818
0.113487
0.157969
0.000508
0.073133
-0.008489
-0.034468
-0.032174
-0.077107
-0.066264
-0.103640
-0.087029
-0.092241
-0.075839
-0.080291
-0.082246
-0.084356
-0.083769
-0.091158
-0.096600
-0.101510
-0.087706
-0.088661
-0.084170
-0.078843
-0.089970
-0.065992
-0.085766
-0.067752
-0.069082
-0.087827
-0.076171
-0.085911
-0.099367
-0.094043
-0.102296
-0.104975
-0.107098
-0.106117
-0.103696
-0.107755
-0.108789
-0.106001
-0.106254
-0.107321
-0.108068
-0.106332
-0.105475
-0.102934
-0.102473
-0.103263
-0.095652
-0.096547
-0.097911
-0.092140
-0.102096
-0.099286
-0.101246
-0.106004
-0.103137
-0.106198
-0.105384
-0.106467
-0.107338
-0.107654
-0.106860
-0.106763
-0.107750
-0.107194
-0.108502
-0.108100
-0.108397
-0.108259
-0.104993
-0.105103
-0.104164
-0.104043
-0.106107
-0.103781
-0.105794
-0.104066
-0.102564
-0.105779
-0.103613
-0.104137
-0.107991
-0.107225
-0.109001
-0.108675
2.640136
0.349914
0.381272
0.022363
0.449777
0.429177
0.163394
0.185555
0.218486
0.141523
-0.028570
0.070178
0.033535
-0.097404
0.010985
0.028148
-0.046171
0.035197
0.062739
-0.025288
0.042141
0.045611
-0.039312
0.038683
0.004201
-0.038586
0.021139
-0.031138
-0.038801
-0.006573
-0.056916
-0.041575
-0.030242
-0.073557
-0.056070
-0.056520
-0.098657
-0.080608
-0.079950
-0.102500
-0.089888
-0.087512
-0.099436
-0.094286
-0.083005
-0.085618
-0.098839
-0.084694
-0.091093
-0.104514
-0.105650
-0.108733
-0.104279
-0.104332
-0.102936
-0.105994
-0.096802
-0.097729
-0.099254
-0.101142
-0.097134
-0.096281
-0.107103
-0.101528
-0.101830
-0.107035
-0.105454
-0.101208
-0.103981
-0.103306
-0.096347
-0.101267
-0.099256
-0.094090
-0.101494
-0.096795
-0.095828
-0.102558
-0.096685
-0.098222
-0.103015
-0.097847
-0.100733
-0.102754
-0.098831
-0.104412
-0.103967
-0.103511
-0.108932
-0.106696
-0.107455
-0.108652
-0.106491
-0.105495
-0.107575
-0.107282
-0.103966
-0.105254
-0.106510
-0.104248
0.080815
0.518393
0.787333
0.119814
0.494773
0.368532
-0.012408
0.285382
0.212907
0.005589
0.185473
0.080499
-0.054314
0.058764
-0.031044
-0.023848
-0.097846
-0.023480
-0.049950
-0.075005
-0.059255
-0.079293
-0.098899
-0.080697
-0.079282
-0.094105
-0.078939
-0.091549
-0.092052
-0.088907
-0.100431
-0.100213
-0.088133
-0.094894
-0.095362
-0.085344
-0.105287
-0.095082
-0.100349
-0.091172
-0.094638
-0.099444
-0.081093
-0.093299
-0.095065
-0.088763
-0.102038
-0.099909
-0.097057
-0.102588
-0.107365
-0.106558
-0.106775
-0.107406
-0.104740
-0.108269
-0.102456
-0.100922
-0.105751
-0.100802
-0.099346
-0.105831
-0.099472
-0.100024
-0.107780
-0.101793
-0.106182
-0.106504
-0.108623
-0.106713
-0.105796
-0.107952
-0.107241
-0.107046
-0.108452
-0.108024
-0.107326
-0.108299
-0.107664
-0.107934
-0.108516
-0.107494
-0.108367
-0.107716
-0.107124
-0.108095
-0.106620
-0.107026
-0.108414
-0.107026
-0.108337
-0.108368
-0.106965
-0.108863
-0.106202
-0.106333
-0.108324
-0.106934
-0.107465
-0.108101
-0.032347
2.120152
3.031971
0.909246
0.869917
0.696254
-0.027483
0.140942
0.147980
0.084828
-0.060296
0.052952
0.014448
-0.035986
-0.022906
-0.056800
-0.077877
-0.055958
-0.069690
-0.095283
-0.057913
-0.070216
-0.093985
-0.071831
-0.089461
-0.095530
-0.082459
-0.100750
-0.093417
-0.091265
-0.101256
-0.096561
-0.094931
-0.098841
-0.103882
-0.097680
-0.104579
-0.101570
-0.101340
-0.103629
-0.101899
-0.097297
-0.105152
-0.099312
-0.095663
-0.095389
-0.100349
-0.090941
-0.093137
-0.100946
-0.093362
-0.099925
-0.101738
-0.098799
-0.090076
-0.102784
-0.100656
-0.101495
-0.106534
-0.106676
-0.103971
-0.103186
-0.105532
-0.106109
-0.104468
-0.107225
-0.107320
-0.107646
-0.107987
-0.107948
-0.107374
-0.109583
-0.106727
-0.107706
-0.108305
-0.107766
-0.109139
-0.108534
-0.108522
-0.108964
-0.108209
-0.108831
-0.108528
-0.108214
-0.108707
-0.108333
-0.108615
-0.109278
-0.108976
-0.109491
-0.108613
-0.109172
-0.107748
-0.107835
-0.108213
-0.107784
-0.108571
-0.108483
-0.108007
-0.106623
-0.100593
0.421259
0.751451
0.390200
0.139105
0.174321
0.105842
0.023461
-0.048210
-0.036530
-0.028508
-0.037707
-0.049833
-0.052245
-0.059224
-0.080819
-0.084820
-0.085843
-0.102637
-0.101024
-0.100433
-0.100017
-0.097097
-0.098853
-0.098525
-0.094760
-0.100117
-0.095868
-0.101766
-0.100024
-0.104388
-0.101576
-0.107087
-0.104982
-0.108878
-0.103771
-0.105721
-0.105313
-0.102818
-0.101682
-0.101589
-0.102479
-0.102311
-0.102713
-0.106086
-0.104733
-0.099924
-0.099880
-0.105465
-0.104705
-0.106201
-0.106268
-0.106045
-0.106247
-0.103094
-0.104740
-0.106641
-0.107089
-0.104478
-0.104930
-0.107794
-0.107092
-0.106384
-0.106957
-0.107044
-0.106926
-0.107254
-0.108275
-0.108209
-0.108921
-0.109194
-0.109557
-0.108598
-0.109554
-0.108429
-0.108798
-0.108626
-0.108450
-0.108460
-0.108482
-0.108856
-0.108135
-0.108719
-0.108365
-0.108850
-0.108817
-0.108903
-0.109546
-0.108857
-0.108808
-0.109482
-0.108540
-0.108324
-0.108167
-0.109200
-0.107905
-0.108489
-0.108057
-0.107293
-0.107875
-0.208923
-0.010450
0.011870
-0.375173
-0.109659
-0.109662
1.994509
0.431611
2.751193
1.133908
-0.109661
-0.109664
-1.087541
0.211186
-0.684827
-1.697016
-0.109662
-0.109664
-0.059511
0.020115
0.109986
-0.275043
-0.109661
-0.109664
-0.046963
0.135942
0.408109
-0.371816
-0.109660
-0.109663
-0.160515
0.070023
0.126710
-0.502039
-0.109661
-0.109663
3.447545
0.623606
4.497158
2.182937
-0.109661
-0.109664
-0.009812
-0.058553
-0.089325
-0.067829
-0.103041
-0.107292
-0.108582
-0.106587
-0.107285
-0.105408
-0.107751
-0.106930
-0.108484
-0.106336
-0.109508
-0.108601
-0.109069
-0.108916
-0.108662
-0.108763
-0.107905
-0.108613
-0.108020
-0.105319
-0.108555
-0.108042
-0.109359
-0.108288
-0.108706
-0.107294
-0.108717
-0.109006
-0.109239
-0.108934
-0.109151
-0.109023
-0.109577
-0.109484
-0.109538
-0.109302
-0.109393
-0.109356
-0.109437
-0.109534
-0.109461
-0.109537
-0.109453
-0.109587
-0.109416
-0.109090
-0.109125
-0.109035
-0.109347
-0.109132
-0.109394
-0.109248
-0.109239
-0.109371
-0.109537
-0.109514
-0.109624
-0.109634
-0.109462
-0.109480
-0.109506
-0.109610
-0.109413
-0.109475
-0.109502
-0.109567
-0.109569
-0.109611
-0.109582
-0.109577
-0.109646
-0.109385
-0.109378
-0.109441
-0.109617
-0.109536
-0.109571
-0.109432
-0.109413
-0.109592
-0.109553
-0.109570
-0.109569
-0.109589
-0.109615
-0.109634
-0.109578
-0.109564
-0.109605
-0.109524
-0.109552
-0.109480
-0.109511
-0.109520
-0.109527
-0.109570
1.997844
-0.098208
0.270076
-0.099857
-0.075353
-0.106890
-0.103916
-0.107230
-0.101687
-0.109208
-0.098961
-0.107804
-0.106620
-0.106617
-0.103057
-0.108507
-0.103897
-0.106764
-0.109521
-0.107066
-0.108279
-0.108602
-0.106937
-0.106864
-0.090003
-0.101525
-0.102916
-0.104060
-0.094062
-0.104482
-0.104864
-0.108919
-0.109138
-0.108406
-0.108137
-0.108391
-0.108305
-0.108870
-0.109205
-0.109159
-0.108902
-0.108659
-0.108840
-0.108525
-0.109521
-0.109482
-0.109101
-0.108636
-0.108568
-0.108409
-0.106324
-0.106680
-0.107850
-0.108636
-0.107242
-0.107148
-0.107921
-0.108795
-0.109267
-0.109581
-0.109419
-0.108968
-0.109347
-0.108945
-0.109429
-0.109361
-0.109458
-0.109263
-0.109163
-0.108862
-0.109259
-0.109360
-0.109489
-0.109289
-0.108867
-0.109269
-0.108902
-0.107867
-0.108762
-0.109353
-0.108628
-0.108651
-0.109343
-0.109194
-0.109317
-0.109325
-0.109531
-0.109638
-0.109369
-0.109496
-0.109338
-0.109560
-0.109429
-0.109108
-0.109111
-0.109314
-0.109136
-0.109141
-0.108777
-0.109314
0.869389
-0.071364
0.106461
-0.095296
-0.058987
-0.107116
-0.108681
-0.107664
-0.103651
-0.108684
-0.106370
-0.108554
-0.109601
-0.107536
-0.107535
-0.108529
-0.108268
-0.108342
-0.107782
-0.107567
-0.108230
-0.108289
-0.104393
-0.107740
-0.098892
-0.106438
-0.107100
-0.108933
-0.102628
-0.105782
-0.106176
-0.105827
-0.106598
-0.107626
-0.108316
-0.108241
-0.108368
-0.107753
-0.108059
-0.108198
-0.108517
-0.108968
-0.108602
-0.108471
-0.108428
-0.108587
-0.109051
-0.109328
-0.108664
-0.109293
-0.107851
-0.108337
-0.108939
-0.109217
-0.107961
-0.108495
-0.109232
-0.108551
-0.108912
-0.109096
-0.109200
-0.109517
-0.109533
-0.109478
-0.109337
-0.109227
-0.109184
-0.109187
-0.109338
-0.109380
-0.109248
-0.109188
-0.108840
-0.108899
-0.109272
-0.108948
-0.108934
-0.108958
-0.109163
-0.109276
-0.109507
-0.108670
-0.109183
-0.109355
-0.109456
-0.109282
-0.109218
-0.109199
-0.109320
-0.109390
-0.109339
-0.109274
-0.109268
-0.109432
-0.109105
-0.109342
-0.109492
-0.109319
-0.109179
-0.109389
-0.059985
-0.071449
-0.032501
-0.092791
-0.087620
-0.102188
-0.104012
-0.106623
-0.104650
-0.108151
-0.106914
-0.108326
-0.108288
-0.108328
-0.108547
-0.108757
-0.108994
-0.108562
-0.109374
-0.108010
-0.107614
-0.109044
-0.106175
-0.108996
-0.105719
-0.107514
-0.108052
-0.108497
-0.107060
-0.108083
-0.107216
-0.109392
-0.108957
-0.108764
-0.108829
-0.108683
-0.109028
-0.108938
-0.109008
-0.109009
-0.108974
-0.109004
-0.109039
-0.109228
-0.109117
-0.109298
-0.109304
-0.109013
-0.109587
-0.108806
-0.108342
-0.109514
-0.109326
-0.109104
-0.108980
-0.108837
-0.109013
-0.109214
-0.109382
-0.109458
-0.109392
-0.109351
-0.109253
-0.109307
-0.109323
-0.109318
-0.109343
-0.109330
-0.109241
-0.109249
-0.109336
-0.109276
-0.109330
-0.109382
-0.109127
-0.109357
-0.109564
-0.109014
-0.109278
-0.109419
-0.109159
-0.109468
-0.109322
-0.109200
-0.109257
-0.109259
-0.109303
-0.109337
-0.109362
-0.109339
-0.109332
-0.109396
-0.109335
-0.109281
-0.109423
-0.109296
-0.109286
-0.109430
-0.109271
-0.109350
-0.047795
0.045108
-0.060709
-0.051446
-0.103964
-0.099886
-0.104524
-0.105588
-0.107050
-0.107243
-0.107438
-0.107660
-0.107669
-0.107913
-0.108108
-0.108124
-0.108293
-0.108351
-0.108271
-0.108601
-0.108532
-0.107455
-0.108153
-0.105319
-0.106592
-0.104052
-0.108173
-0.105149
-0.107937
-0.106769
-0.108181
-0.108959
-0.108580
-0.108733
-0.108742
-0.108818
-0.108875
-0.108921
-0.108965
-0.108962
-0.108975
-0.108999
-0.109016
-0.109066
-0.109138
-0.109102
-0.109134
-0.109284
-0.109025
-0.108793
-0.108258
-0.108468
-0.109199
-0.109170
-0.108666
-0.108349
-0.109511
-0.109154
-0.109324
-0.109233
-0.109208
-0.109208
-0.109210
-0.109209
-0.109205
-0.109231
-0.109214
-0.109261
-0.109230
-0.109180
-0.109140
-0.109233
-0.109288
-0.109158
-0.109344
-0.109112
-0.109459
-0.109199
-0.109001
-0.108862
-0.109255
-0.109592
-0.109065
-0.109296
-0.109221
-0.109283
-0.109293
-0.109280
-0.109266
-0.109266
-0.109289
-0.109239
-0.109330
-0.109133
-0.109232
-0.109449
-0.109456
-0.109232
-0.109088
-0.109355
-0.058443
-0.052856
-0.097540
0.000812
-0.107421
-0.102947
-0.103245
-0.103853
-0.105128
-0.105994
-0.106202
-0.106031
-0.105852
-0.106055
-0.106550
-0.107042
-0.107241
-0.107015
-0.106714
-0.106686
-0.106767
-0.107058
-0.106576
-0.097887
-0.109172
-0.108161
-0.109266
-0.108313
-0.109115
-0.103898
-0.107171
-0.107373
-0.107792
-0.108284
-0.108844
-0.109209
-0.109243
-0.109149
-0.109157
-0.109283
-0.109419
-0.109505
-0.109524
-0.109601
-0.109542
-0.109302
-0.109087
-0.108978
-0.109057
-0.108260
-0.108303
-0.108932
-0.108771
-0.109015
-0.108969
-0.109143
-0.108069
-0.108542
-0.108945
-0.109195
-0.109206
-0.109112
-0.109065
-0.109124
-0.109244
-0.109330
-0.109322
-0.109237
-0.109225
-0.109300
-0.109417
-0.109547
-0.109580
-0.109372
-0.109390
-0.109072
-0.108989
-0.109268
-0.109396
-0.109486
-0.109353
-0.109073
-0.109090
-0.109271
-0.109304
-0.109347
-0.109389
-0.109407
-0.109367
-0.109301
-0.109263
-0.109300
-0.109393
-0.109247
-0.109380
-0.109279
-0.109230
-0.109261
-0.109315
-0.109224
