-1.296746
1.979023
3.614237
-8.376993
-0.113486
-0.113480
0.080198
1.287195
5.323905
-3.042810
-0.113480
-0.113477
2.578497
1.539140
7.499032
-3.441705
-0.113486
-0.113473
-0.304720
2.480906
7.444119
-5.740382
-0.113482
-0.113483
-0.073989
5.651586
11.349571
-9.347845
-0.113483
-0.113485
-0.100943
1.760469
4.272088
-3.413038
-0.113483
-0.113484
10.657729
-0.112307
10.659831
10.656165
-0.113482
-0.113487
8.019596
3.222404
13.567085
2.994749
-0.113483
-0.113486
1.064453
0.677144
0.412996
0.486109
0.263702
0.115296
0.379239
0.038687
0.152488
0.049588
0.112963
0.024778
0.133526
0.144742
-0.016498
0.129725
-0.004702
-0.023362
-0.007259
-0.098239
-0.050114
-0.077009
-0.062528
-0.039567
-0.044303
-0.024430
-0.027405
-0.042908
-0.055232
-0.059707
-0.101270
-0.079959
-0.098300
-0.087419
-0.080291
-0.108577
-0.062397
-0.079643
-0.077804
-0.060557
-0.094462
-0.082307
-0.090169
-0.098185
-0.102457
-0.091367
-0.095505
-0.099442
-0.091614
-0.102487
-0.110492
-0.109403
-0.109732
-0.108374
-0.106047
-0.104945
-0.111391
-0.098332
-0.099948
-0.106081
-0.103617
-0.105968
-0.105995
-0.103921
-0.096220
-0.106332
-0.098214
-0.099267
-0.109612
-0.102873
-0.110417
-0.108015
-0.108671
-0.111556
-0.106342
-0.107615
-0.105494
-0.103574
-0.104509
-0.106054
-0.104206
-0.109557
-0.107714
-0.109123
-0.109694
-0.106326
-0.111372
-0.107372
-0.106023
-0.109194
-0.103547
-0.105725
-0.108056
-0.107565
-0.110152
-0.110343
-0.110829
-0.108560
-0.111690
-0.108651
0.079358
0.389015
0.262252
-0.000803
-0.059187
0.002800
0.030035
0.034805
-0.067411
0.098978
0.137123
0.033106
0.171597
0.115705
0.068683
0.140010
0.007477
0.123628
-0.006623
0.035507
-0.024180
-0.064438
-0.067220
-0.105698
-0.099449
-0.109707
-0.106849
-0.111496
-0.103515
-0.105263
-0.085836
-0.098468
-0.057242
-0.075567
-0.048581
-0.053640
-0.066658
-0.053115
-0.087445
-0.057369
-0.085860
-0.080231
-0.080811
-0.104146
-0.097379
-0.103480
-0.108443
-0.111873
-0.110689
-0.108265
-0.107630
-0.112066
-0.112664
-0.110286
-0.112155
-0.111241
-0.110785
-0.109097
-0.109041
-0.109707
-0.108552
-0.101253
-0.106091
-0.101210
-0.095928
-0.105782
-0.095139
-0.103471
-0.096760
-0.098972
-0.101983
-0.099559
-0.108671
-0.105726
-0.111243
-0.110170
-0.111814
-0.111648
-0.111032
-0.112882
-0.110436
-0.111421
-0.112041
-0.108776
-0.108952
-0.108788
-0.103559
-0.109653
-0.102533
-0.107791
-0.105551
-0.105542
-0.109102
-0.107203
-0.110291
-0.110588
-0.110228
-0.112687
-0.112044
-0.111725
2.576326
0.337265
0.361936
0.043591
0.498325
0.374248
0.067374
0.182379
0.134097
0.001972
-0.022665
0.017310
-0.068140
-0.016242
-0.028599
-0.047698
-0.072261
-0.002214
-0.053760
-0.052894
-0.030341
-0.084112
-0.074912
-0.056787
-0.096125
-0.074481
-0.065518
-0.108987
-0.075326
-0.081886
-0.108004
-0.078011
-0.082384
-0.102326
-0.078568
-0.091204
-0.100617
-0.090483
-0.096328
-0.095535
-0.102375
-0.099451
-0.109146
-0.097026
-0.095987
-0.100720
-0.098035
-0.088124
-0.102701
-0.104490
-0.104282
-0.112197
-0.110823
-0.110830
-0.113107
-0.102049
-0.098201
-0.109516
-0.101449
-0.102643
-0.107443
-0.110039
-0.106579
-0.108695
-0.107041
-0.108387
-0.107191
-0.109551
-0.106267
-0.106119
-0.110772
-0.105297
-0.108269
-0.110899
-0.106416
-0.108590
-0.110717
-0.105921
-0.109828
-0.108922
-0.107037
-0.111880
-0.109829
-0.108312
-0.111658
-0.109374
-0.107648
-0.112463
-0.109701
-0.109555
-0.109512
-0.112763
-0.109874
-0.110836
-0.112001
-0.110746
-0.112098
-0.111282
-0.109638
-0.109376
0.076702
0.650377
1.049405
0.159084
0.538617
0.317384
0.045162
0.349163
0.225444
0.170214
0.292455
0.055938
0.057874
0.068543
-0.058869
-0.007642
-0.071641
-0.043074
-0.055110
-0.107305
-0.062300
-0.083130
-0.102783
-0.091198
-0.107906
-0.110308
-0.108106
-0.108541
-0.105204
-0.102702
-0.105811
-0.091538
-0.102576
-0.099888
-0.091862
-0.106061
-0.097776
-0.096432
-0.098120
-0.090842
-0.105153
-0.079492
-0.082189
-0.094577
-0.084714
-0.098235
-0.100789
-0.098439
-0.106474
-0.104383
-0.107222
-0.111017
-0.111277
-0.107532
-0.108033
-0.108425
-0.104321
-0.111641
-0.103891
-0.102002
-0.105910
-0.097373
-0.102991
-0.106515
-0.101687
-0.109612
-0.109152
-0.109789
-0.109482
-0.108776
-0.112691
-0.110744
-0.109417
-0.112516
-0.111442
-0.111666
-0.112605
-0.112946
-0.112768
-0.112120
-0.111850
-0.112822
-0.110864
-0.110908
-0.110955
-0.109515
-0.112375
-0.109292
-0.111199
-0.111916
-0.108709
-0.111605
-0.108626
-0.106812
-0.110524
-0.107239
-0.109039
-0.111689
-0.109971
-0.110240
-0.072630
2.078178
2.928773
0.664111
0.999175
0.506983
0.114817
0.148218
0.041083
0.066766
-0.054385
0.000144
0.007368
-0.021830
-0.046756
-0.060929
-0.053787
-0.059365
-0.092753
-0.054539
-0.055098
-0.093841
-0.059851
-0.098222
-0.081209
-0.087199
-0.101948
-0.085715
-0.107897
-0.088227
-0.094858
-0.097267
-0.090361
-0.104677
-0.100887
-0.101130
-0.108990
-0.106049
-0.105809
-0.101610
-0.102020
-0.111310
-0.102875
-0.103196
-0.109016
-0.104163
-0.108227
-0.094303
-0.106609
-0.092894
-0.097816
-0.108490
-0.106575
-0.100394
-0.100344
-0.105196
-0.098931
-0.111724
-0.105277
-0.109771
-0.108708
-0.110519
-0.110876
-0.108722
-0.111214
-0.111354
-0.110506
-0.111254
-0.111496
-0.112628
-0.111171
-0.110016
-0.111812
-0.110198
-0.110860
-0.111599
-0.110517
-0.113323
-0.110866
-0.111961
-0.112104
-0.110659
-0.113149
-0.110978
-0.111753
-0.112201
-0.111080
-0.112544
-0.112353
-0.112329
-0.111351
-0.111431
-0.111432
-0.110325
-0.110950
-0.111092
-0.110823
-0.110605
-0.111048
-0.107228
-0.100477
0.486305
0.852188
0.407655
0.099563
0.136345
0.033121
-0.075961
-0.049854
-0.030259
-0.012989
-0.018667
-0.043920
-0.035574
-0.051477
-0.086961
-0.067437
-0.097083
-0.091575
-0.098651
-0.094335
-0.094863
-0.097847
-0.095856
-0.097683
-0.098422
-0.099167
-0.101335
-0.102255
-0.101376
-0.104853
-0.103066
-0.107768
-0.105693
-0.109934
-0.106132
-0.108228
-0.107099
-0.102973
-0.105138
-0.103207
-0.101771
-0.104278
-0.106801
-0.109353
-0.108082
-0.107276
-0.109655
-0.107875
-0.103681
-0.108710
-0.111077
-0.111487
-0.108894
-0.107616
-0.110893
-0.107317
-0.108593
-0.111523
-0.111848
-0.110233
-0.109456
-0.110158
-0.109932
-0.109414
-0.110355
-0.111344
-0.111576
-0.111583
-0.112559
-0.112603
-0.112790
-0.111634
-0.112518
-0.112180
-0.111935
-0.112181
-0.112459
-0.112130
-0.112675
-0.112417
-0.112431
-0.112598
-0.112734
-0.111963
-0.111998
-0.112824
-0.111770
-0.112654
-0.111855
-0.112016
-0.112174
-0.110377
-0.111395
-0.112451
-0.111368
-0.112355
-0.112555
-0.113294
-0.113077
-0.242348
0.015164
0.005860
-0.538999
-0.113483
-0.113483
1.914968
0.496241
2.757399
1.035095
-0.113483
-0.113487
-1.104082
0.195732
-0.723131
-1.667776
-0.113484
-0.113486
-0.134243
-0.005919
0.150424
-0.269003
-0.113480
-0.113481
-0.112986
0.135411
0.327792
-0.478080
-0.113482
-0.113486
-0.102460
0.137317
0.303125
-0.647409
-0.113484
-0.113484
3.303185
0.676950
4.569834
2.025478
-0.113483
-0.113487
0.015332
-0.075381
-0.054378
-0.059180
-0.100645
-0.109554
-0.110198
-0.109847
-0.111691
-0.111302
-0.112091
-0.108925
-0.112238
-0.110989
-0.113396
-0.111157
-0.112041
-0.113400
-0.111910
-0.112770
-0.113017
-0.113034
-0.111641
-0.107543
-0.110220
-0.112157
-0.113009
-0.113212
-0.110414
-0.109795
-0.112380
-0.112871
-0.113176
-0.113027
-0.113208
-0.112917
-0.113343
-0.112802
-0.113045
-0.112732
-0.113156
-0.113371
-0.113088
-0.113202
-0.113048
-0.113309
-0.113191
-0.113061
-0.113159
-0.112036
-0.112795
-0.113384
-0.113107
-0.113272
-0.112846
-0.112393
-0.113305
-0.113309
-0.113282
-0.113313
-0.113200
-0.113298
-0.113266
-0.113434
-0.113268
-0.113135
-0.113254
-0.113252
-0.113323
-0.113262
-0.113330
-0.113256
-0.113342
-0.113279
-0.113313
-0.113045
-0.112939
-0.113292
-0.113259
-0.113291
-0.113235
-0.113095
-0.113163
-0.113297
-0.113267
-0.113284
-0.113274
-0.113314
-0.113273
-0.113290
-0.113324
-0.113359
-0.113237
-0.113387
-0.113187
-0.113270
-0.113356
-0.113269
-0.113139
-0.113465
1.918646
-0.102482
0.315589
-0.101694
-0.093955
-0.111985
-0.111458
-0.111447
-0.109647
-0.110451
-0.101795
-0.111381
-0.105464
-0.111760
-0.105882
-0.112163
-0.107320
-0.112252
-0.110121
-0.113125
-0.112199
-0.110272
-0.111671
-0.109284
-0.087839
-0.109220
-0.109676
-0.109609
-0.095121
-0.109371
-0.109719
-0.112404
-0.113399
-0.112847
-0.113222
-0.112801
-0.111910
-0.112828
-0.112454
-0.112838
-0.112370
-0.113019
-0.112348
-0.112809
-0.112665
-0.113239
-0.112622
-0.112141
-0.112433
-0.112033
-0.108688
-0.111622
-0.111478
-0.111494
-0.109395
-0.112024
-0.112460
-0.113004
-0.113059
-0.113156
-0.113358
-0.113306
-0.112829
-0.113090
-0.113355
-0.113333
-0.113063
-0.113040
-0.113131
-0.113290
-0.113389
-0.113227
-0.112900
-0.113142
-0.112938
-0.112568
-0.112215
-0.112192
-0.112360
-0.112667
-0.111865
-0.112742
-0.112722
-0.112862
-0.113042
-0.113295
-0.113114
-0.113088
-0.112922
-0.113329
-0.113173
-0.113177
-0.112787
-0.112866
-0.112797
-0.113212
-0.113267
-0.113083
-0.112973
-0.112745
0.878127
-0.092359
0.096729
-0.099165
-0.065189
-0.109034
-0.110326
-0.110768
-0.110619
-0.110251
-0.112635
-0.111919
-0.109737
-0.111954
-0.112130
-0.112043
-0.111484
-0.111805
-0.111418
-0.111745
-0.111281
-0.111963
-0.104920
-0.111485
-0.100756
-0.111007
-0.111104
-0.111167
-0.103955
-0.111863
-0.110210
-0.112550
-0.112845
-0.112717
-0.112760
-0.112681
-0.112894
-0.112811
-0.112497
-0.112891
-0.112991
-0.112893
-0.112795
-0.112988
-0.112787
-0.112920
-0.112812
-0.112995
-0.111408
-0.112817
-0.110669
-0.112665
-0.112793
-0.112887
-0.111297
-0.113123
-0.112409
-0.113414
-0.113415
-0.113445
-0.113315
-0.113442
-0.113380
-0.113434
-0.113346
-0.113433
-0.113342
-0.113446
-0.113326
-0.113364
-0.113408
-0.113359
-0.113388
-0.113355
-0.112916
-0.113323
-0.112477
-0.113083
-0.113060
-0.112948
-0.112887
-0.112967
-0.112823
-0.113122
-0.113119
-0.113125
-0.113210
-0.113115
-0.113196
-0.113145
-0.113196
-0.113129
-0.113223
-0.113076
-0.113392
-0.112966
-0.113036
-0.112967
-0.113182
-0.113079
-0.093822
-0.092891
-0.062976
-0.086386
-0.070103
-0.105287
-0.105452
-0.108605
-0.111705
-0.110217
-0.112063
-0.111172
-0.111472
-0.111468
-0.111675
-0.111634
-0.111966
-0.111375
-0.111407
-0.111557
-0.111709
-0.112565
-0.108423
-0.112112
-0.110077
-0.112175
-0.112375
-0.113017
-0.111906
-0.112268
-0.110846
-0.112984
-0.112618
-0.112653
-0.112532
-0.112774
-0.112657
-0.112774
-0.112749
-0.112817
-0.112864
-0.112892
-0.112786
-0.112993
-0.112878
-0.113113
-0.112902
-0.112782
-0.113002
-0.112949
-0.112710
-0.112707
-0.112658
-0.112758
-0.112656
-0.113075
-0.113327
-0.112703
-0.112791
-0.112831
-0.112802
-0.112957
-0.112892
-0.112936
-0.112942
-0.112960
-0.112949
-0.112958
-0.112988
-0.113004
-0.112969
-0.112870
-0.112747
-0.112847
-0.112844
-0.112985
-0.113299
-0.113080
-0.113015
-0.112973
-0.112789
-0.113036
-0.113024
-0.113074
-0.113181
-0.113168
-0.113133
-0.113095
-0.113113
-0.113095
-0.113109
-0.113142
-0.113016
-0.113098
-0.113119
-0.113122
-0.113169
-0.113122
-0.113062
-0.113175
-0.111377
0.046472
-0.052019
-0.073915
-0.108049
-0.111885
-0.110277
-0.110975
-0.111695
-0.111698
-0.112500
-0.112374
-0.112841
-0.112484
-0.112615
-0.112648
-0.113172
-0.112611
-0.112502
-0.112645
-0.113031
-0.112669
-0.112303
-0.110030
-0.109228
-0.109579
-0.111725
-0.109757
-0.111610
-0.110266
-0.113222
-0.113237
-0.113047
-0.113142
-0.113318
-0.113376
-0.113340
-0.113359
-0.113375
-0.113420
-0.113431
-0.113397
-0.113354
-0.113394
-0.113406
-0.113380
-0.113297
-0.113124
-0.113210
-0.112628
-0.112698
-0.112989
-0.112614
-0.112703
-0.113246
-0.112561
-0.113359
-0.113265
-0.113223
-0.113272
-0.113362
-0.113395
-0.113328
-0.113338
-0.113381
-0.113423
-0.113379
-0.113312
-0.113374
-0.113430
-0.113391
-0.113308
-0.113320
-0.113346
-0.113458
-0.112998
-0.113206
-0.113372
-0.113011
-0.113212
-0.113420
-0.113121
-0.113359
-0.113358
-0.113362
-0.113419
-0.113447
-0.113395
-0.113398
-0.113421
-0.113465
-0.113454
-0.113403
-0.113271
-0.113379
-0.113430
-0.113341
-0.113415
-0.113402
-0.113268
-0.102509
-0.014169
-0.077784
0.026890
-0.103806
-0.109217
-0.112382
-0.112432
-0.112019
-0.112739
-0.112885
-0.112878
-0.112608
-0.112695
-0.113047
-0.113078
-0.112731
-0.112488
-0.112808
-0.113168
-0.112451
-0.111282
-0.111436
-0.099622
-0.110304
-0.111219
-0.113448
-0.110934
-0.110236
-0.105463
-0.110954
-0.112490
-0.112996
-0.113201
-0.112979
-0.112993
-0.113194
-0.113297
-0.113131
-0.113090
-0.113219
-0.113309
-0.113186
-0.113047
-0.113167
-0.113318
-0.113072
-0.112663
-0.112446
-0.110861
-0.112293
-0.113153
-0.113440
-0.112913
-0.112284
-0.111879
-0.112502
-0.113046
-0.113274
-0.113408
-0.113299
-0.113283
-0.113376
-0.113442
-0.113346
-0.113311
-0.113340
-0.113371
-0.113407
-0.113308
-0.113363
-0.113423
-0.113300
-0.113059
-0.112935
-0.112715
-0.112811
-0.113448
-0.113442
-0.113356
-0.112882
-0.112984
-0.112913
-0.113158
-0.113294
-0.113410
-0.113341
-0.113296
-0.113346
-0.113419
-0.113353
-0.113270
-0.113165
-0.113293
-0.113198
-0.113400
-0.113386
-0.113413
-0.113106
-0.113200
