-1.483978
1.987811
1.890436
-8.469102
-0.110826
-0.110820
0.122989
1.120227
4.147934
-2.557144
-0.110820
-0.110817
2.612481
1.705714
6.997307
-3.671793
-0.110825
-0.110815
-0.529997
2.292167
6.214404
-5.179938
-0.110822
-0.110823
-0.042869
5.895754
11.596665
-9.633086
-0.110823
-0.110825
-0.090326
1.827788
4.168596
-3.837293
-0.110823
-0.110824
10.646782
-0.109430
10.649165
10.645481
-0.110821
-0.110826
8.549601
3.620528
14.336087
2.925678
-0.110823
-0.110826
1.256025
0.691982
0.494578
0.545714
0.208823
0.135962
0.357356
0.079595
0.122378
0.025885
0.113923
0.004453
0.098297
0.072122
0.024898
0.078472
-0.042113
-0.016137
-0.044722
-0.083970
-0.033056
-0.097065
-0.013709
-0.080513
-0.041500
-0.067140
-0.067349
-0.060140
-0.083738
-0.046459
-0.104315
-0.065424
-0.095436
-0.088404
-0.089129
-0.090255
-0.069131
-0.088905
-0.070018
-0.075664
-0.096869
-0.081197
-0.096858
-0.095992
-0.097397
-0.085319
-0.105040
-0.092459
-0.096417
-0.107734
-0.101167
-0.104672
-0.107977
-0.101719
-0.097640
-0.103431
-0.105056
-0.095193
-0.104563
-0.099757
-0.106291
-0.101703
-0.104454
-0.098605
-0.102142
-0.099526
-0.097096
-0.106104
-0.101627
-0.105146
-0.108198
-0.102996
-0.109628
-0.100854
-0.107271
-0.102701
-0.104621
-0.105350
-0.104509
-0.105961
-0.102919
-0.108090
-0.102921
-0.108606
-0.105232
-0.107468
-0.106317
-0.104941
-0.107303
-0.102703
-0.102865
-0.107471
-0.103192
-0.108353
-0.107148
-0.110153
-0.107354
-0.109010
-0.106398
-0.106493
0.121556
0.354624
0.288078
0.058304
-0.099538
0.032231
0.087696
0.089402
-0.100428
0.095793
0.057167
-0.033159
0.110192
0.038221
-0.014026
0.032320
-0.084596
0.023779
-0.069991
0.020545
-0.023043
-0.059155
-0.051309
-0.090456
-0.077219
-0.086214
-0.086934
-0.085993
-0.093367
-0.078731
-0.093006
-0.067999
-0.058127
-0.087405
-0.063966
-0.105685
-0.074417
-0.095656
-0.077794
-0.073880
-0.101511
-0.085797
-0.091082
-0.103899
-0.092321
-0.101319
-0.107327
-0.108912
-0.107217
-0.108111
-0.106766
-0.106277
-0.106591
-0.104155
-0.106687
-0.109270
-0.105534
-0.105227
-0.104901
-0.109790
-0.100821
-0.102750
-0.104858
-0.098163
-0.103101
-0.101644
-0.100682
-0.107583
-0.100810
-0.108699
-0.099208
-0.103439
-0.104262
-0.104236
-0.109997
-0.107395
-0.109399
-0.108593
-0.108353
-0.110546
-0.107218
-0.109254
-0.104700
-0.104679
-0.104662
-0.102830
-0.108166
-0.104535
-0.108060
-0.105316
-0.106061
-0.108240
-0.106431
-0.108178
-0.108703
-0.107984
-0.110265
-0.109116
-0.108522
-0.108707
2.609925
0.376979
0.390871
0.058485
0.589604
0.434979
0.099750
0.242065
0.150851
0.008017
-0.062107
-0.013322
-0.056770
-0.062627
-0.050800
-0.075634
-0.061204
-0.020523
-0.032479
-0.044432
-0.004368
-0.075599
-0.033267
-0.056554
-0.078053
-0.068831
-0.072525
-0.084356
-0.073065
-0.065867
-0.088927
-0.060747
-0.086878
-0.076691
-0.083629
-0.096833
-0.095528
-0.100268
-0.102219
-0.097109
-0.098771
-0.103618
-0.097244
-0.092191
-0.091443
-0.100874
-0.085848
-0.086303
-0.106956
-0.099630
-0.105539
-0.109252
-0.109612
-0.106692
-0.105578
-0.094998
-0.099774
-0.100372
-0.096143
-0.103034
-0.106185
-0.107384
-0.105887
-0.105835
-0.107815
-0.104963
-0.106755
-0.107569
-0.103645
-0.105337
-0.105112
-0.100910
-0.107734
-0.102041
-0.105194
-0.105892
-0.105194
-0.106328
-0.105866
-0.106000
-0.105014
-0.106665
-0.103764
-0.108103
-0.104188
-0.107568
-0.107420
-0.107617
-0.109967
-0.107497
-0.108520
-0.107745
-0.106129
-0.109431
-0.109971
-0.108720
-0.108446
-0.106151
-0.106595
-0.108584
0.307037
0.704489
0.875028
0.071386
0.596406
0.271158
0.091365
0.347844
0.059563
0.156932
0.203138
-0.073754
0.100337
0.046242
-0.074844
-0.046832
-0.055322
-0.030198
-0.086702
-0.036317
-0.052137
-0.082204
-0.073582
-0.087361
-0.098213
-0.098834
-0.099493
-0.101987
-0.097204
-0.090840
-0.096614
-0.086282
-0.085525
-0.097156
-0.087821
-0.100781
-0.099015
-0.101312
-0.086720
-0.086356
-0.103599
-0.081676
-0.093250
-0.095143
-0.086090
-0.104681
-0.098968
-0.097813
-0.107255
-0.103109
-0.107132
-0.110031
-0.108890
-0.107973
-0.107058
-0.101836
-0.106514
-0.105331
-0.100682
-0.108653
-0.099182
-0.099702
-0.108217
-0.100837
-0.105261
-0.107017
-0.106130
-0.107226
-0.106286
-0.109614
-0.105712
-0.106723
-0.108086
-0.107518
-0.108652
-0.109000
-0.109415
-0.109592
-0.109395
-0.109657
-0.109074
-0.108626
-0.108482
-0.108358
-0.107494
-0.108048
-0.109176
-0.107865
-0.109679
-0.108022
-0.107893
-0.108766
-0.106776
-0.108408
-0.108186
-0.106849
-0.109915
-0.108638
-0.109181
-0.110465
-0.040777
2.249358
3.000181
0.567925
1.086208
0.597332
0.089261
0.269031
0.100057
0.055483
-0.054259
-0.031012
-0.016799
-0.040872
-0.059750
-0.037587
-0.049727
-0.071039
-0.079082
-0.055302
-0.087400
-0.082499
-0.078367
-0.107179
-0.084964
-0.095583
-0.094697
-0.091062
-0.105006
-0.090774
-0.100406
-0.100236
-0.091826
-0.104493
-0.101524
-0.100207
-0.101970
-0.105356
-0.102191
-0.099127
-0.103812
-0.103766
-0.097717
-0.100930
-0.099500
-0.105763
-0.096298
-0.094109
-0.099665
-0.085538
-0.103127
-0.105091
-0.103526
-0.096087
-0.107707
-0.092212
-0.100160
-0.105062
-0.102577
-0.107650
-0.107849
-0.109823
-0.106522
-0.107758
-0.109470
-0.107507
-0.107538
-0.108819
-0.109260
-0.109153
-0.108327
-0.109491
-0.108954
-0.108742
-0.110069
-0.109035
-0.109683
-0.109097
-0.109204
-0.110456
-0.108920
-0.110326
-0.109292
-0.109485
-0.110027
-0.109405
-0.110363
-0.110307
-0.109627
-0.109052
-0.109498
-0.110316
-0.108333
-0.110709
-0.108229
-0.110115
-0.109586
-0.109406
-0.109457
-0.108677
-0.090364
0.445762
0.864733
0.489355
0.066738
0.206521
0.145783
0.010389
-0.093638
-0.000553
-0.065326
-0.026929
-0.041759
-0.066623
-0.057687
-0.094975
-0.093810
-0.098138
-0.107129
-0.098176
-0.096651
-0.099150
-0.092457
-0.098516
-0.095069
-0.092933
-0.098405
-0.096200
-0.098845
-0.103629
-0.102320
-0.104183
-0.108609
-0.106569
-0.107631
-0.108774
-0.105229
-0.105584
-0.107105
-0.098179
-0.101159
-0.105900
-0.099157
-0.105683
-0.106599
-0.100434
-0.100623
-0.106237
-0.105361
-0.105304
-0.107325
-0.107912
-0.107649
-0.104653
-0.103792
-0.108786
-0.107743
-0.106892
-0.106588
-0.108767
-0.108968
-0.108532
-0.107209
-0.109112
-0.107979
-0.107253
-0.109834
-0.109497
-0.109469
-0.110248
-0.109365
-0.109602
-0.110063
-0.108978
-0.109751
-0.109732
-0.108864
-0.109693
-0.109431
-0.109113
-0.110306
-0.109644
-0.109483
-0.110684
-0.109434
-0.109458
-0.110424
-0.109675
-0.109772
-0.110181
-0.108195
-0.108411
-0.110347
-0.108958
-0.109481
-0.109962
-0.109701
-0.108624
-0.109241
-0.109777
-0.243998
0.006126
0.008390
-0.442981
-0.110821
-0.110824
1.852903
0.535019
2.725578
0.900374
-0.110823
-0.110826
-1.273964
0.245573
-0.816940
-1.974301
-0.110824
-0.110826
-0.111814
-0.008727
0.243714
-0.305303
-0.110821
-0.110817
-0.048534
0.167589
0.541708
-0.426524
-0.110821
-0.110824
-0.141759
0.186164
0.482704
-0.654730
-0.110822
-0.110824
3.290700
0.684579
4.490787
1.972582
-0.110823
-0.110826
0.022199
-0.068029
-0.070368
-0.054642
-0.108103
-0.106483
-0.109043
-0.107300
-0.107484
-0.107253
-0.108029
-0.108256
-0.110149
-0.105926
-0.109778
-0.108486
-0.110386
-0.109898
-0.109748
-0.109855
-0.110350
-0.109586
-0.109039
-0.105340
-0.108827
-0.109757
-0.110387
-0.109650
-0.108470
-0.107381
-0.110055
-0.110554
-0.110583
-0.110349
-0.110376
-0.110199
-0.110105
-0.110350
-0.110317
-0.110101
-0.110363
-0.110230
-0.110509
-0.110659
-0.110783
-0.110737
-0.110686
-0.110487
-0.109996
-0.109865
-0.110530
-0.110524
-0.110520
-0.110454
-0.110208
-0.110053
-0.110496
-0.110646
-0.110733
-0.110739
-0.110704
-0.110660
-0.110577
-0.110598
-0.110589
-0.110547
-0.110588
-0.110509
-0.110536
-0.110646
-0.110695
-0.110730
-0.110742
-0.110606
-0.110356
-0.110473
-0.110771
-0.110636
-0.110605
-0.110516
-0.110496
-0.110589
-0.110702
-0.110693
-0.110752
-0.110739
-0.110734
-0.110723
-0.110732
-0.110688
-0.110754
-0.110679
-0.110753
-0.110664
-0.110538
-0.110604
-0.110680
-0.110681
-0.110737
-0.110583
1.852709
-0.103953
0.342471
-0.105229
-0.097302
-0.106340
-0.108522
-0.110541
-0.102539
-0.107726
-0.098372
-0.109731
-0.103296
-0.110185
-0.103682
-0.108998
-0.102018
-0.108020
-0.106073
-0.108555
-0.108835
-0.110539
-0.107098
-0.103941
-0.084663
-0.105730
-0.108324
-0.105516
-0.091628
-0.106850
-0.109220
-0.109930
-0.110103
-0.110137
-0.110134
-0.109887
-0.109530
-0.110360
-0.109905
-0.110692
-0.109584
-0.110334
-0.109121
-0.109886
-0.109629
-0.109901
-0.109917
-0.110398
-0.109852
-0.107732
-0.106148
-0.109079
-0.109872
-0.108214
-0.107078
-0.109396
-0.110090
-0.110453
-0.110549
-0.110553
-0.110659
-0.110446
-0.110504
-0.110563
-0.110551
-0.110795
-0.110385
-0.110632
-0.110214
-0.110373
-0.110328
-0.110375
-0.110340
-0.110545
-0.110450
-0.109131
-0.109465
-0.110009
-0.110292
-0.109242
-0.109762
-0.110209
-0.110407
-0.110607
-0.110663
-0.110684
-0.110704
-0.110679
-0.110670
-0.110649
-0.110672
-0.110751
-0.110534
-0.110581
-0.110465
-0.110043
-0.110405
-0.110407
-0.110390
-0.110127
1.055947
-0.076794
0.129817
-0.095413
-0.043922
-0.105639
-0.105496
-0.108252
-0.104796
-0.107375
-0.104060
-0.108323
-0.106803
-0.110228
-0.108295
-0.109505
-0.107551
-0.108288
-0.106882
-0.108700
-0.109325
-0.109025
-0.102838
-0.109386
-0.096081
-0.107440
-0.110116
-0.108989
-0.100563
-0.108843
-0.104718
-0.109249
-0.109826
-0.110219
-0.110380
-0.110377
-0.109570
-0.110097
-0.109933
-0.110483
-0.110407
-0.110278
-0.110314
-0.110175
-0.109822
-0.110112
-0.110438
-0.109998
-0.109662
-0.109719
-0.107930
-0.109418
-0.110068
-0.110288
-0.108400
-0.110152
-0.109070
-0.110109
-0.110362
-0.110391
-0.110478
-0.110450
-0.110320
-0.110450
-0.110491
-0.110575
-0.110629
-0.110405
-0.110588
-0.110498
-0.110570
-0.110654
-0.110774
-0.110443
-0.110378
-0.110065
-0.109682
-0.109853
-0.110046
-0.110561
-0.109844
-0.110562
-0.110127
-0.110516
-0.110628
-0.110521
-0.110522
-0.110450
-0.110524
-0.110567
-0.110702
-0.110673
-0.110601
-0.110510
-0.110416
-0.110492
-0.110331
-0.110315
-0.110331
-0.110473
-0.109873
-0.068389
-0.090147
-0.078043
-0.072871
-0.095719
-0.103173
-0.102779
-0.101463
-0.104295
-0.106107
-0.105621
-0.106136
-0.106359
-0.106804
-0.107005
-0.107828
-0.107483
-0.107874
-0.107994
-0.109299
-0.108220
-0.107588
-0.108069
-0.109677
-0.109795
-0.109189
-0.108259
-0.108504
-0.108209
-0.106505
-0.108035
-0.108690
-0.108972
-0.108576
-0.108872
-0.109043
-0.109079
-0.109179
-0.109236
-0.109274
-0.109282
-0.109321
-0.109261
-0.109580
-0.109516
-0.109603
-0.109306
-0.110235
-0.109906
-0.109591
-0.109642
-0.109489
-0.109411
-0.109335
-0.109813
-0.109133
-0.109503
-0.109595
-0.109721
-0.109607
-0.109665
-0.109673
-0.109709
-0.109754
-0.109785
-0.109785
-0.109784
-0.109773
-0.109757
-0.109866
-0.109887
-0.109815
-0.109687
-0.109780
-0.109964
-0.109677
-0.109747
-0.109687
-0.109787
-0.109642
-0.109996
-0.109789
-0.109929
-0.109905
-0.109928
-0.109901
-0.109929
-0.109902
-0.109915
-0.109940
-0.109969
-0.109926
-0.109936
-0.109830
-0.109910
-0.109844
-0.109890
-0.109800
-0.109888
-0.048472
0.053789
-0.024421
-0.051951
-0.097263
-0.101807
-0.106497
-0.107185
-0.107154
-0.108233
-0.108260
-0.108550
-0.108589
-0.108814
-0.108925
-0.109135
-0.109103
-0.109406
-0.109126
-0.109276
-0.109367
-0.108324
-0.107792
-0.104852
-0.106351
-0.105901
-0.108596
-0.107305
-0.106165
-0.107192
-0.109035
-0.110560
-0.110198
-0.110243
-0.110138
-0.110141
-0.110181
-0.110226
-0.110262
-0.110298
-0.110306
-0.110298
-0.110267
-0.110322
-0.110383
-0.110422
-0.110572
-0.110124
-0.109920
-0.109238
-0.110280
-0.109469
-0.109635
-0.110018
-0.109436
-0.109656
-0.109882
-0.110338
-0.110320
-0.110346
-0.110337
-0.110317
-0.110344
-0.110369
-0.110405
-0.110422
-0.110436
-0.110413
-0.110449
-0.110371
-0.110513
-0.110467
-0.110556
-0.110383
-0.110546
-0.109877
-0.110571
-0.110081
-0.110106
-0.110191
-0.110269
-0.110129
-0.110213
-0.110365
-0.110383
-0.110387
-0.110395
-0.110379
-0.110397
-0.110401
-0.110422
-0.110422
-0.110410
-0.110363
-0.110563
-0.110267
-0.110403
-0.110312
-0.110467
-0.110171
-0.081065
0.024629
-0.082776
0.045535
-0.109848
-0.107734
-0.109428
-0.109820
-0.109926
-0.109642
-0.110035
-0.110286
-0.110478
-0.110370
-0.110463
-0.110504
-0.110569
-0.110576
-0.110708
-0.110621
-0.110654
-0.109761
-0.107566
-0.095299
-0.105524
-0.108925
-0.109888
-0.106563
-0.107463
-0.102202
-0.109568
-0.110494
-0.110605
-0.110590
-0.110596
-0.110589
-0.110658
-0.110662
-0.110641
-0.110623
-0.110632
-0.110680
-0.110716
-0.110693
-0.110612
-0.110538
-0.110607
-0.110720
-0.109474
-0.107958
-0.109045
-0.110387
-0.110226
-0.109860
-0.109173
-0.109274
-0.110363
-0.110589
-0.110613
-0.110642
-0.110666
-0.110693
-0.110701
-0.110682
-0.110660
-0.110654
-0.110657
-0.110678
-0.110674
-0.110651
-0.110668
-0.110587
-0.110620
-0.110648
-0.110132
-0.110093
-0.110107
-0.110611
-0.110462
-0.110522
-0.109861
-0.110394
-0.110538
-0.110593
-0.110617
-0.110648
-0.110669
-0.110692
-0.110683
-0.110667
-0.110644
-0.110630
-0.110620
-0.110640
-0.110383
-0.110652
-0.110701
-0.110768
-0.110713
-0.110695
