-1.385508
1.918592
1.397214
-7.193329
-0.109414
-0.109408
0.065680
1.108283
3.616356
-2.612118
-0.109408
-0.109408
2.649508
1.755483
7.247252
-5.570217
-0.109414
-0.109397
-0.340766
2.098576
5.625493
-4.693043
-0.109410
-0.109411
-0.046873
5.938386
11.959549
-10.026323
-0.109410
-0.109412
-0.104649
1.681209
3.895111
-3.650433
-0.109410
-0.109411
10.704731
-0.109063
10.705358
10.703887
-0.109412
-0.109409
8.337223
3.539992
14.591642
2.885078
-0.109410
-0.109414
1.160629
0.768706
0.458724
0.506522
0.211043
0.052449
0.300712
0.044974
0.025678
-0.053812
0.051282
0.024144
0.002924
0.129863
-0.023749
0.099328
0.033002
-0.023121
-0.028841
-0.054401
-0.084334
-0.051338
-0.065898
-0.064640
-0.057287
-0.068453
-0.063726
-0.073707
-0.070028
-0.079913
-0.076712
-0.088302
-0.088352
-0.082797
-0.087729
-0.080359
-0.060508
-0.094768
-0.063016
-0.084961
-0.085263
-0.083524
-0.107068
-0.095711
-0.100291
-0.088259
-0.100957
-0.096462
-0.095826
-0.100033
-0.107351
-0.105895
-0.098832
-0.100224
-0.099239
-0.098775
-0.103957
-0.098547
-0.100630
-0.106453
-0.105977
-0.103528
-0.100875
-0.106441
-0.094660
-0.102030
-0.096481
-0.097020
-0.104179
-0.100561
-0.105062
-0.107590
-0.103767
-0.105835
-0.104900
-0.104685
-0.105520
-0.103293
-0.105822
-0.103987
-0.103992
-0.105360
-0.102921
-0.106728
-0.104293
-0.106878
-0.105653
-0.103875
-0.107798
-0.102595
-0.103690
-0.106909
-0.102709
-0.107767
-0.106963
-0.107284
-0.106682
-0.108653
-0.104950
-0.105452
0.065005
0.381287
0.308978
0.061049
0.004844
0.065568
0.108543
-0.093880
0.043510
-0.036758
0.042261
0.037410
-0.030716
0.082440
-0.064238
0.016634
-0.049895
0.009206
-0.015895
-0.062705
-0.017559
-0.055267
-0.080672
-0.042340
-0.070719
-0.065106
-0.063180
-0.083989
-0.056686
-0.086962
-0.081597
-0.066712
-0.089648
-0.079417
-0.065776
-0.105738
-0.072772
-0.104315
-0.076132
-0.094443
-0.084377
-0.082262
-0.103578
-0.090691
-0.105309
-0.097218
-0.098476
-0.105140
-0.104209
-0.101786
-0.105076
-0.108544
-0.108444
-0.104952
-0.108664
-0.106638
-0.103675
-0.102035
-0.107208
-0.100331
-0.103798
-0.103192
-0.098786
-0.105348
-0.095665
-0.101798
-0.102547
-0.103046
-0.101941
-0.100122
-0.105646
-0.100294
-0.104380
-0.107633
-0.101984
-0.105562
-0.105655
-0.102875
-0.107202
-0.103520
-0.106401
-0.105137
-0.103486
-0.106236
-0.104520
-0.100097
-0.107298
-0.102174
-0.105446
-0.103400
-0.105619
-0.105474
-0.102358
-0.107753
-0.106868
-0.107382
-0.107086
-0.107219
-0.109169
-0.106488
2.647151
0.419623
0.415539
-0.012573
0.484658
0.438106
0.130480
0.197707
0.213678
0.118996
-0.003861
0.132366
-0.025232
0.040899
0.024305
-0.073284
-0.073818
-0.018448
0.007726
-0.052082
-0.011876
-0.017565
-0.090421
-0.025711
-0.063887
-0.050304
-0.044614
-0.072377
-0.036515
-0.085746
-0.057826
-0.054026
-0.090982
-0.067914
-0.083681
-0.106511
-0.098703
-0.096718
-0.087693
-0.101410
-0.075912
-0.093759
-0.079716
-0.074938
-0.084481
-0.094537
-0.089341
-0.088467
-0.104199
-0.099646
-0.106156
-0.105795
-0.107817
-0.103674
-0.107704
-0.097081
-0.093949
-0.106481
-0.100133
-0.100359
-0.103180
-0.101918
-0.092681
-0.100329
-0.098106
-0.096903
-0.106603
-0.107392
-0.103807
-0.102285
-0.105898
-0.103436
-0.102988
-0.107683
-0.101655
-0.105127
-0.103099
-0.101089
-0.105775
-0.100070
-0.105235
-0.104011
-0.101267
-0.108325
-0.102398
-0.104809
-0.105427
-0.102819
-0.105505
-0.108628
-0.106094
-0.102580
-0.104858
-0.105809
-0.102545
-0.105913
-0.107453
-0.107271
-0.106897
-0.107189
0.120972
0.539026
0.810139
0.140361
0.430621
0.408694
0.010703
0.191747
0.262266
0.058150
0.218612
0.163813
-0.029534
0.075479
0.038447
-0.076233
-0.061235
-0.034545
-0.062457
-0.095810
-0.075931
-0.078321
-0.098469
-0.096854
-0.093692
-0.106233
-0.099911
-0.094499
-0.099854
-0.100239
-0.091349
-0.094167
-0.103384
-0.096192
-0.091832
-0.099580
-0.104814
-0.091076
-0.087353
-0.104404
-0.083642
-0.079361
-0.095832
-0.083469
-0.090106
-0.100004
-0.094647
-0.098368
-0.107571
-0.103892
-0.106764
-0.106901
-0.106725
-0.104921
-0.105882
-0.104431
-0.102751
-0.107781
-0.103247
-0.100285
-0.103185
-0.096714
-0.097786
-0.104049
-0.099418
-0.101677
-0.108006
-0.106217
-0.105588
-0.107374
-0.109164
-0.107139
-0.107979
-0.109022
-0.107630
-0.107645
-0.108697
-0.107938
-0.107240
-0.108064
-0.108869
-0.106897
-0.107390
-0.108861
-0.106696
-0.106157
-0.108204
-0.106328
-0.106104
-0.108457
-0.107890
-0.105051
-0.104932
-0.107514
-0.104619
-0.105864
-0.107025
-0.106244
-0.107065
-0.108567
-0.045230
2.080569
3.050002
0.979091
0.926078
0.808513
-0.079447
0.253225
0.188477
0.022283
-0.007814
0.061893
-0.037402
-0.037986
0.001117
-0.035685
-0.077795
-0.043272
-0.070686
-0.092566
-0.082068
-0.094977
-0.095919
-0.097142
-0.100939
-0.098036
-0.101362
-0.107922
-0.101179
-0.106172
-0.103568
-0.095201
-0.104462
-0.103130
-0.095359
-0.102964
-0.098807
-0.098332
-0.101253
-0.098904
-0.100306
-0.106251
-0.097594
-0.097942
-0.100493
-0.105362
-0.090034
-0.088773
-0.104466
-0.082939
-0.099714
-0.103170
-0.101495
-0.093637
-0.098648
-0.099000
-0.093367
-0.107230
-0.100267
-0.101735
-0.105871
-0.107411
-0.105255
-0.105050
-0.108049
-0.106665
-0.105713
-0.107355
-0.107061
-0.107548
-0.108569
-0.107455
-0.108884
-0.109093
-0.107503
-0.108690
-0.109002
-0.107984
-0.109039
-0.109063
-0.108329
-0.108149
-0.108417
-0.108342
-0.107848
-0.108457
-0.108971
-0.106840
-0.107356
-0.108241
-0.106386
-0.105352
-0.108510
-0.104986
-0.105685
-0.107220
-0.106726
-0.104969
-0.103528
-0.106764
-0.104438
0.419660
0.782518
0.451429
0.110080
0.146009
0.028894
-0.029380
-0.050485
-0.029655
0.016824
0.001664
-0.020450
-0.023715
-0.040207
-0.070203
-0.074024
-0.067147
-0.092787
-0.084122
-0.091864
-0.097226
-0.096747
-0.102728
-0.104953
-0.105095
-0.103399
-0.101738
-0.103974
-0.104108
-0.105937
-0.105062
-0.101479
-0.102072
-0.096885
-0.098990
-0.101207
-0.098280
-0.098841
-0.099886
-0.100168
-0.099225
-0.103667
-0.103162
-0.102316
-0.102507
-0.103722
-0.105468
-0.101810
-0.100261
-0.105593
-0.108201
-0.108537
-0.105977
-0.104905
-0.104429
-0.103145
-0.106325
-0.108536
-0.107621
-0.105778
-0.104370
-0.104946
-0.105951
-0.105355
-0.106906
-0.107787
-0.107812
-0.107678
-0.108195
-0.107495
-0.107585
-0.108012
-0.108319
-0.108847
-0.109076
-0.108608
-0.108715
-0.108018
-0.108445
-0.108923
-0.108802
-0.108950
-0.108381
-0.108668
-0.107813
-0.108221
-0.108934
-0.108387
-0.108901
-0.108357
-0.107978
-0.108754
-0.107415
-0.107259
-0.108412
-0.107984
-0.108902
-0.108881
-0.108882
-0.187599
0.016699
0.033144
-0.417712
-0.109411
-0.109412
1.986958
0.419041
2.746525
1.089245
-0.109411
-0.109413
-1.181511
0.224626
-0.697788
-1.621031
-0.109410
-0.109414
-0.148919
0.040982
0.138746
-0.339606
-0.109409
-0.109413
-0.189003
0.180145
0.231322
-0.591517
-0.109410
-0.109414
-0.155019
0.135834
0.286903
-0.531085
-0.109410
-0.109413
3.256875
0.711889
4.467405
2.058290
-0.109410
-0.109414
-0.032042
-0.042584
-0.051603
-0.107331
-0.106027
-0.105522
-0.108156
-0.104617
-0.107884
-0.107529
-0.106051
-0.106815
-0.107628
-0.107767
-0.105080
-0.104381
-0.108832
-0.108098
-0.105171
-0.107007
-0.108218
-0.109271
-0.107991
-0.108500
-0.108592
-0.108498
-0.108896
-0.108457
-0.109230
-0.109094
-0.108613
-0.107892
-0.108942
-0.109273
-0.108972
-0.108273
-0.109290
-0.109031
-0.109015
-0.109126
-0.109046
-0.109381
-0.109013
-0.109278
-0.109134
-0.109163
-0.109359
-0.108694
-0.108924
-0.109176
-0.109151
-0.109036
-0.109275
-0.109290
-0.109305
-0.109237
-0.109312
-0.109239
-0.109322
-0.109221
-0.109293
-0.109302
-0.109224
-0.109325
-0.109108
-0.109253
-0.109260
-0.109154
-0.109283
-0.109258
-0.109289
-0.109294
-0.109266
-0.109303
-0.109273
-0.109309
-0.109280
-0.109305
-0.109296
-0.109274
-0.109385
-0.109326
-0.109325
-0.109298
-0.109247
-0.109306
-0.109295
-0.109290
-0.109309
-0.109291
-0.109310
-0.109297
-0.109305
-0.109305
-0.109298
-0.109313
-0.109292
-0.109312
-0.109306
-0.109302
1.983044
0.224441
0.025736
-0.042176
-0.064506
-0.078038
-0.094563
-0.090691
-0.089858
-0.094815
-0.095029
-0.096083
-0.098745
-0.101852
-0.101629
-0.088542
-0.102287
-0.107356
-0.088398
-0.099535
-0.102157
-0.103747
-0.105394
-0.103691
-0.104358
-0.105290
-0.105234
-0.106042
-0.106344
-0.106600
-0.106571
-0.105789
-0.104521
-0.106037
-0.102908
-0.107309
-0.107555
-0.107746
-0.107729
-0.107276
-0.107674
-0.107899
-0.107937
-0.108102
-0.108160
-0.108128
-0.108115
-0.108196
-0.106654
-0.107775
-0.107401
-0.108826
-0.109127
-0.108761
-0.108728
-0.108656
-0.108822
-0.109009
-0.108902
-0.109003
-0.108954
-0.108849
-0.109030
-0.108944
-0.108601
-0.108745
-0.109194
-0.108604
-0.109279
-0.109016
-0.109149
-0.109187
-0.109149
-0.109292
-0.109201
-0.109205
-0.109241
-0.109190
-0.109357
-0.109294
-0.109349
-0.109089
-0.109230
-0.109110
-0.109322
-0.109234
-0.109372
-0.109292
-0.109303
-0.109362
-0.109291
-0.109368
-0.109311
-0.109328
-0.109386
-0.109313
-0.109364
-0.109300
-0.109332
-0.109388
0.960316
0.118325
-0.070237
-0.066589
-0.091732
-0.102080
-0.105038
-0.104800
-0.105990
-0.105853
-0.106062
-0.108715
-0.108903
-0.107855
-0.102310
-0.095641
-0.105906
-0.105922
-0.101193
-0.104345
-0.107573
-0.108859
-0.108357
-0.108444
-0.108667
-0.108256
-0.109072
-0.108626
-0.108755
-0.108638
-0.106999
-0.107764
-0.107677
-0.108982
-0.107246
-0.108775
-0.108801
-0.109155
-0.109150
-0.109219
-0.109191
-0.109217
-0.109208
-0.109265
-0.109274
-0.109011
-0.109055
-0.109158
-0.108344
-0.109297
-0.108703
-0.108668
-0.108711
-0.109223
-0.109088
-0.109255
-0.109193
-0.109138
-0.109359
-0.109145
-0.109337
-0.109272
-0.109176
-0.109099
-0.108780
-0.109108
-0.109272
-0.108788
-0.109299
-0.109210
-0.109243
-0.109297
-0.109200
-0.109322
-0.109224
-0.109256
-0.109275
-0.109216
-0.109327
-0.109175
-0.109223
-0.109161
-0.109213
-0.109288
-0.109278
-0.109285
-0.109255
-0.109265
-0.109263
-0.109258
-0.109261
-0.109258
-0.109259
-0.109257
-0.109260
-0.109254
-0.109239
-0.109281
-0.109261
-0.109258
-0.070926
-0.020784
-0.052279
-0.099147
-0.106679
-0.107916
-0.106038
-0.107280
-0.106707
-0.109023
-0.107438
-0.107821
-0.107283
-0.106707
-0.105517
-0.104162
-0.106993
-0.107526
-0.105515
-0.107554
-0.109318
-0.108938
-0.109287
-0.108799
-0.109099
-0.109058
-0.108938
-0.109211
-0.108680
-0.108824
-0.109184
-0.108601
-0.108633
-0.108881
-0.108839
-0.108801
-0.109227
-0.109221
-0.109136
-0.109238
-0.109299
-0.109188
-0.109237
-0.109254
-0.109201
-0.109280
-0.109275
-0.109007
-0.109022
-0.109287
-0.109062
-0.108915
-0.109248
-0.109243
-0.109209
-0.109271
-0.109250
-0.109248
-0.109309
-0.109230
-0.109294
-0.109319
-0.109281
-0.109245
-0.109034
-0.109219
-0.109307
-0.109083
-0.109168
-0.109218
-0.109270
-0.109267
-0.109233
-0.109270
-0.109248
-0.109256
-0.109261
-0.109240
-0.109249
-0.109255
-0.109258
-0.109225
-0.109242
-0.109288
-0.109248
-0.109256
-0.109265
-0.109258
-0.109260
-0.109260
-0.109255
-0.109260
-0.109258
-0.109256
-0.109255
-0.109252
-0.109267
-0.109269
-0.109259
-0.109265
-0.030132
0.074559
-0.039820
-0.081490
-0.082454
-0.091122
-0.093440
-0.094438
-0.098786
-0.097980
-0.100839
-0.101502
-0.101561
-0.103656
-0.101788
-0.102422
-0.107318
-0.101543
-0.105776
-0.107588
-0.106854
-0.107392
-0.107268
-0.107369
-0.107838
-0.107585
-0.108086
-0.107973
-0.108054
-0.108412
-0.108008
-0.108108
-0.108551
-0.107691
-0.108705
-0.109097
-0.108733
-0.108724
-0.108753
-0.108755
-0.108848
-0.108812
-0.108895
-0.108888
-0.108900
-0.109002
-0.108807
-0.108803
-0.108978
-0.108809
-0.108958
-0.109263
-0.108930
-0.108998
-0.109073
-0.109010
-0.109138
-0.109067
-0.109107
-0.109159
-0.109084
-0.109195
-0.109072
-0.109102
-0.109288
-0.109163
-0.109129
-0.109263
-0.109109
-0.109282
-0.109228
-0.109238
-0.109333
-0.109227
-0.109329
-0.109286
-0.109262
-0.109387
-0.109251
-0.109325
-0.109334
-0.109321
-0.109353
-0.109299
-0.109321
-0.109372
-0.109312
-0.109366
-0.109336
-0.109328
-0.109367
-0.109322
-0.109352
-0.109343
-0.109329
-0.109354
-0.109332
-0.109350
-0.109353
-0.109342
-0.065215
-0.060431
0.052397
-0.089560
-0.092313
-0.100046
-0.099603
-0.100912
-0.104225
-0.101900
-0.104389
-0.103767
-0.103296
-0.103529
-0.095617
-0.102017
-0.107516
-0.104457
-0.100796
-0.106955
-0.108842
-0.109291
-0.108900
-0.109117
-0.108919
-0.108800
-0.109174
-0.108728
-0.109085
-0.108659
-0.108782
-0.106333
-0.108456
-0.108483
-0.108197
-0.107486
-0.108860
-0.109121
-0.108940
-0.109356
-0.109010
-0.109132
-0.109213
-0.108998
-0.109311
-0.109070
-0.108861
-0.108330
-0.108970
-0.109290
-0.109242
-0.108204
-0.109119
-0.109030
-0.109254
-0.109118
-0.109137
-0.109272
-0.109098
-0.109219
-0.109200
-0.109083
-0.109311
-0.108904
-0.109012
-0.109216
-0.109121
-0.109218
-0.109002
-0.109333
-0.109187
-0.109218
-0.109265
-0.109197
-0.109257
-0.109236
-0.109218
-0.109266
-0.109225
-0.109270
-0.109065
-0.109211
-0.109213
-0.109195
-0.109348
-0.109247
-0.109242
-0.109266
-0.109237
-0.109248
-0.109248
-0.109240
-0.109254
-0.109240
-0.109250
-0.109243
-0.109250
-0.109236
-0.109247
-0.109241
