-1.291595
2.156517
4.812550
-8.481813
-0.113622
-0.113615
0.084690
1.161135
4.788926
-2.809980
-0.113616
-0.113613
2.634596
1.628728
8.261433
-3.217956
-0.113621
-0.113610
-0.422927
2.303458
6.335993
-4.806503
-0.113619
-0.113620
-0.049802
5.701329
11.726069
-9.371678
-0.113619
-0.113621
-0.142509
1.606396
3.447707
-3.322193
-0.113619
-0.113620
10.457384
-0.112892
10.458573
10.456401
-0.113619
-0.113622
8.221486
3.558675
14.294827
3.019448
-0.113619
-0.113622
1.058216
0.723243
0.462574
0.498909
0.250642
0.138583
0.426746
0.108570
0.172538
0.087758
0.134403
0.096761
0.083353
0.200783
-0.000060
0.106939
0.063210
-0.070638
0.015946
-0.047317
-0.058970
0.008226
-0.049237
0.005422
0.025004
-0.049865
0.053879
-0.068126
0.008592
-0.035984
-0.063193
-0.041142
-0.094930
-0.081516
-0.072082
-0.110514
-0.065847
-0.068435
-0.088516
-0.054556
-0.087294
-0.080745
-0.080789
-0.096485
-0.094194
-0.097238
-0.088009
-0.108489
-0.091523
-0.096977
-0.107843
-0.107693
-0.111654
-0.108370
-0.107945
-0.103808
-0.109073
-0.105234
-0.095275
-0.106425
-0.102038
-0.105632
-0.103194
-0.105410
-0.100698
-0.096449
-0.108579
-0.097699
-0.104192
-0.107767
-0.103919
-0.111084
-0.108670
-0.104887
-0.109934
-0.102249
-0.101402
-0.104986
-0.096504
-0.110374
-0.098286
-0.107249
-0.104959
-0.105888
-0.111387
-0.107662
-0.109331
-0.111517
-0.105308
-0.109495
-0.107103
-0.101979
-0.110500
-0.105407
-0.106897
-0.110245
-0.109530
-0.109395
-0.109530
-0.108844
0.083308
0.345927
0.303474
0.031865
-0.063617
-0.004300
0.019689
0.055844
-0.042424
0.068746
0.104785
0.003170
0.116886
0.092971
-0.006143
0.076080
-0.023380
0.034766
0.023143
-0.016757
0.005261
-0.063972
-0.074384
-0.098068
-0.089751
-0.094950
-0.094259
-0.096235
-0.094542
-0.104715
-0.096173
-0.092419
-0.065631
-0.078184
-0.061140
-0.067940
-0.085297
-0.069303
-0.095691
-0.072334
-0.078711
-0.095769
-0.082921
-0.095988
-0.102197
-0.098992
-0.108985
-0.108883
-0.110610
-0.108528
-0.106905
-0.110290
-0.112626
-0.111229
-0.109553
-0.112578
-0.110388
-0.109191
-0.108855
-0.108467
-0.111302
-0.106260
-0.104164
-0.107848
-0.099968
-0.102273
-0.105124
-0.099953
-0.107833
-0.101694
-0.103395
-0.103943
-0.102248
-0.108664
-0.108528
-0.112507
-0.109843
-0.110123
-0.109524
-0.109645
-0.110396
-0.109835
-0.110679
-0.112224
-0.109893
-0.110291
-0.106903
-0.108411
-0.108019
-0.107521
-0.110589
-0.105917
-0.108135
-0.110102
-0.107201
-0.110645
-0.110605
-0.110695
-0.112870
-0.111429
2.632338
0.358059
0.388270
-0.002773
0.486648
0.452526
0.086895
0.177232
0.144796
0.021010
-0.102721
-0.033897
-0.012654
-0.052184
-0.030841
-0.005104
-0.099455
-0.003728
-0.016728
-0.076516
-0.022984
-0.022301
-0.095375
-0.013632
-0.033700
-0.067019
-0.004649
-0.086817
-0.038587
-0.047279
-0.098405
-0.058649
-0.077851
-0.095594
-0.075709
-0.085780
-0.104139
-0.082818
-0.101357
-0.097004
-0.096657
-0.106230
-0.103191
-0.100824
-0.099753
-0.100459
-0.102422
-0.087644
-0.094964
-0.110781
-0.102520
-0.109249
-0.113114
-0.110862
-0.111144
-0.109951
-0.099220
-0.102171
-0.107502
-0.099950
-0.103940
-0.109770
-0.112384
-0.109058
-0.106460
-0.109142
-0.108404
-0.106599
-0.111342
-0.105077
-0.108517
-0.109993
-0.106079
-0.107543
-0.110791
-0.103465
-0.107526
-0.106296
-0.101095
-0.112529
-0.102122
-0.106848
-0.108628
-0.105613
-0.111266
-0.109131
-0.106972
-0.110095
-0.110127
-0.106328
-0.110613
-0.110347
-0.109933
-0.110856
-0.110767
-0.112218
-0.111842
-0.113200
-0.109363
-0.107939
0.194598
0.666824
0.961223
0.150777
0.468819
0.372233
-0.083061
0.297803
0.187276
0.041254
0.205810
-0.016412
0.041418
0.059652
-0.051990
-0.010216
-0.084602
-0.042019
-0.041367
-0.097052
-0.039729
-0.055405
-0.082851
-0.069306
-0.096185
-0.102684
-0.101005
-0.107813
-0.100568
-0.090478
-0.100462
-0.083950
-0.085476
-0.101977
-0.087724
-0.097665
-0.106837
-0.095153
-0.103785
-0.090442
-0.100446
-0.098449
-0.084582
-0.103409
-0.093417
-0.094251
-0.107710
-0.097863
-0.102979
-0.109950
-0.105942
-0.111204
-0.111751
-0.110754
-0.109225
-0.110668
-0.106568
-0.107947
-0.110615
-0.102775
-0.106124
-0.106356
-0.102490
-0.111780
-0.105362
-0.105995
-0.111054
-0.108502
-0.111938
-0.109165
-0.110331
-0.111976
-0.108532
-0.110495
-0.110330
-0.110207
-0.112560
-0.111695
-0.112904
-0.112701
-0.112326
-0.112853
-0.112013
-0.111460
-0.112499
-0.111785
-0.111704
-0.112267
-0.113100
-0.111773
-0.111966
-0.111060
-0.113399
-0.110228
-0.109217
-0.112226
-0.109473
-0.110146
-0.111132
-0.110340
-0.046985
2.057406
2.952501
0.834418
0.905492
0.613771
0.044087
0.164770
0.093726
0.095640
-0.029070
-0.044841
0.009060
-0.042377
-0.068895
-0.047509
-0.078241
-0.058841
-0.097176
-0.073519
-0.073505
-0.100200
-0.088737
-0.087130
-0.103603
-0.089524
-0.111876
-0.090199
-0.109482
-0.097681
-0.101385
-0.106003
-0.097461
-0.104710
-0.107550
-0.100250
-0.110579
-0.105370
-0.108214
-0.102740
-0.103328
-0.111058
-0.105327
-0.101276
-0.107526
-0.104861
-0.106024
-0.098306
-0.099503
-0.102335
-0.089840
-0.108847
-0.107111
-0.104485
-0.097539
-0.108956
-0.099752
-0.102593
-0.108359
-0.107373
-0.109169
-0.107848
-0.112219
-0.111047
-0.109233
-0.111872
-0.111405
-0.111239
-0.111867
-0.111394
-0.112681
-0.112319
-0.110983
-0.112818
-0.112572
-0.111447
-0.112572
-0.112045
-0.112561
-0.112203
-0.112843
-0.111555
-0.113559
-0.112860
-0.112025
-0.112988
-0.111865
-0.112822
-0.113024
-0.111181
-0.112523
-0.112786
-0.111335
-0.112394
-0.112098
-0.112545
-0.110530
-0.111998
-0.111100
-0.110662
-0.084925
0.443165
0.763613
0.385714
0.110156
0.109129
-0.001314
-0.046406
-0.096257
-0.036328
-0.035197
-0.085914
-0.059536
-0.074036
-0.082176
-0.084967
-0.089467
-0.095167
-0.100004
-0.100858
-0.093411
-0.093123
-0.090312
-0.091025
-0.090805
-0.088897
-0.095901
-0.091627
-0.098345
-0.097946
-0.099501
-0.103927
-0.104232
-0.107831
-0.108853
-0.111227
-0.109549
-0.109476
-0.108943
-0.107276
-0.107903
-0.109868
-0.106435
-0.107880
-0.111190
-0.108896
-0.108667
-0.110257
-0.109660
-0.105834
-0.107078
-0.112249
-0.111392
-0.111430
-0.108784
-0.109592
-0.109657
-0.108946
-0.110784
-0.113070
-0.112347
-0.110246
-0.111361
-0.112599
-0.110881
-0.112354
-0.112172
-0.112382
-0.112254
-0.112583
-0.113209
-0.113133
-0.112318
-0.112605
-0.112525
-0.111900
-0.112065
-0.111804
-0.111939
-0.111823
-0.112168
-0.111897
-0.112616
-0.112673
-0.112770
-0.112891
-0.113068
-0.112771
-0.112911
-0.113306
-0.112739
-0.112008
-0.111902
-0.113013
-0.112256
-0.112313
-0.112781
-0.112871
-0.111904
-0.112241
-0.257768
0.008859
-0.019717
-0.510181
-0.113619
-0.113621
1.795584
0.452818
2.581034
0.997080
-0.113619
-0.113623
-1.240179
0.244612
-0.808281
-1.927417
-0.113620
-0.113622
-0.123667
0.018352
0.133535
-0.397050
-0.113619
-0.113621
-0.091719
0.013814
0.220326
-0.263617
-0.113617
-0.113619
-0.130027
0.140840
0.352878
-0.644924
-0.113619
-0.113620
3.103360
0.605355
4.123521
1.832224
-0.113619
-0.113622
0.030009
-0.056044
-0.081188
-0.059302
-0.111593
-0.106537
-0.111545
-0.111113
-0.112487
-0.109868
-0.113158
-0.112008
-0.111244
-0.112399
-0.113235
-0.110953
-0.112646
-0.113103
-0.111427
-0.111499
-0.112861
-0.112951
-0.110945
-0.109069
-0.111792
-0.111667
-0.111780
-0.112255
-0.112032
-0.111956
-0.111014
-0.112046
-0.113432
-0.112887
-0.112800
-0.112823
-0.113241
-0.113239
-0.112864
-0.113226
-0.113192
-0.112994
-0.113279
-0.113396
-0.112927
-0.113188
-0.113364
-0.113144
-0.112998
-0.113276
-0.112856
-0.113122
-0.112949
-0.113418
-0.113361
-0.113440
-0.112733
-0.113287
-0.113449
-0.113351
-0.113396
-0.113509
-0.113479
-0.113441
-0.113421
-0.113527
-0.113552
-0.113508
-0.113418
-0.113510
-0.113452
-0.113472
-0.113497
-0.113386
-0.113425
-0.113412
-0.113345
-0.113495
-0.113380
-0.113355
-0.113452
-0.113511
-0.113483
-0.113331
-0.113333
-0.113575
-0.113446
-0.113381
-0.113445
-0.113470
-0.113428
-0.113376
-0.113446
-0.113510
-0.113429
-0.113370
-0.113464
-0.113444
-0.113438
-0.113379
1.792423
-0.090282
0.284237
-0.092057
-0.104684
-0.107809
-0.107333
-0.112153
-0.110053
-0.110529
-0.104644
-0.112730
-0.108945
-0.113461
-0.110250
-0.113050
-0.110092
-0.112453
-0.111529
-0.112293
-0.112625
-0.111769
-0.108542
-0.108079
-0.095176
-0.101424
-0.105912
-0.108131
-0.100242
-0.104080
-0.110754
-0.111403
-0.111887
-0.112400
-0.112497
-0.112435
-0.111992
-0.113404
-0.112704
-0.113121
-0.113453
-0.113064
-0.113035
-0.112760
-0.112833
-0.113039
-0.113294
-0.112754
-0.112498
-0.112843
-0.111508
-0.108865
-0.111432
-0.112731
-0.111957
-0.110203
-0.112839
-0.113312
-0.113559
-0.113304
-0.113324
-0.113553
-0.113354
-0.113174
-0.113546
-0.113161
-0.113355
-0.113370
-0.113080
-0.113360
-0.113490
-0.113317
-0.113467
-0.113291
-0.113285
-0.113315
-0.112554
-0.112188
-0.112810
-0.112713
-0.112704
-0.112227
-0.113089
-0.113181
-0.113259
-0.113359
-0.113319
-0.113282
-0.113339
-0.113242
-0.113380
-0.113395
-0.113442
-0.113149
-0.112984
-0.112914
-0.112945
-0.112982
-0.113350
-0.113359
1.013625
-0.092899
0.129552
-0.089961
-0.059853
-0.101151
-0.105690
-0.108489
-0.109954
-0.107836
-0.110840
-0.110038
-0.111323
-0.111117
-0.110365
-0.112114
-0.112391
-0.111086
-0.110864
-0.111853
-0.109952
-0.110912
-0.105143
-0.111871
-0.101100
-0.106422
-0.111598
-0.112080
-0.107534
-0.106220
-0.110092
-0.108719
-0.110108
-0.112117
-0.111580
-0.111357
-0.112476
-0.111964
-0.112199
-0.112515
-0.112035
-0.112535
-0.112575
-0.112055
-0.112442
-0.112635
-0.111904
-0.112744
-0.111759
-0.113026
-0.111919
-0.111376
-0.112407
-0.113078
-0.112492
-0.111363
-0.112424
-0.112658
-0.112573
-0.113073
-0.113105
-0.112828
-0.113084
-0.113153
-0.112909
-0.113176
-0.113055
-0.112986
-0.113224
-0.112959
-0.113111
-0.113391
-0.112863
-0.113080
-0.113234
-0.113111
-0.113503
-0.112724
-0.112872
-0.112950
-0.113287
-0.113258
-0.112895
-0.112915
-0.112991
-0.112789
-0.113089
-0.113017
-0.112932
-0.113029
-0.113125
-0.112849
-0.113082
-0.112807
-0.113354
-0.112982
-0.113130
-0.112913
-0.113028
-0.112719
-0.103181
-0.032712
-0.086200
-0.091760
-0.091171
-0.102744
-0.105571
-0.108815
-0.109090
-0.109358
-0.109715
-0.110041
-0.110762
-0.110902
-0.110934
-0.111382
-0.111319
-0.111801
-0.113102
-0.111492
-0.112755
-0.112708
-0.110842
-0.110513
-0.112965
-0.112359
-0.110357
-0.110769
-0.112214
-0.112546
-0.111822
-0.111679
-0.111899
-0.112923
-0.112360
-0.112657
-0.112752
-0.112522
-0.112573
-0.112738
-0.112585
-0.112679
-0.112780
-0.112701
-0.112813
-0.112746
-0.112664
-0.112865
-0.112612
-0.113121
-0.112639
-0.112802
-0.112272
-0.112950
-0.113035
-0.113199
-0.112719
-0.113445
-0.112831
-0.112859
-0.113016
-0.112910
-0.112929
-0.112933
-0.112889
-0.112992
-0.112939
-0.112930
-0.113005
-0.112938
-0.112944
-0.113085
-0.112913
-0.113037
-0.113113
-0.113181
-0.112956
-0.113139
-0.113055
-0.112964
-0.113001
-0.112977
-0.113156
-0.113060
-0.113035
-0.112939
-0.113096
-0.113034
-0.113028
-0.113062
-0.113090
-0.113009
-0.113138
-0.113033
-0.113053
-0.112935
-0.113040
-0.113096
-0.113147
-0.113002
-0.090143
-0.056848
-0.062202
-0.065614
-0.106340
-0.108443
-0.110866
-0.112913
-0.112551
-0.113404
-0.112755
-0.112528
-0.112813
-0.112968
-0.112884
-0.113092
-0.112910
-0.112901
-0.113194
-0.112561
-0.112893
-0.112144
-0.112073
-0.108937
-0.113084
-0.111565
-0.111574
-0.110713
-0.111581
-0.112706
-0.111544
-0.113156
-0.112788
-0.113160
-0.113279
-0.113298
-0.113335
-0.113297
-0.113363
-0.113403
-0.113371
-0.113392
-0.113378
-0.113363
-0.113472
-0.113302
-0.113361
-0.113347
-0.113299
-0.113228
-0.112856
-0.112868
-0.113241
-0.113243
-0.113414
-0.113076
-0.112838
-0.113491
-0.113408
-0.113390
-0.113515
-0.113473
-0.113497
-0.113498
-0.113476
-0.113495
-0.113461
-0.113473
-0.113501
-0.113491
-0.113538
-0.113496
-0.113474
-0.113546
-0.113548
-0.113392
-0.113136
-0.113400
-0.113443
-0.113500
-0.113336
-0.113316
-0.113483
-0.113470
-0.113550
-0.113455
-0.113489
-0.113518
-0.113475
-0.113493
-0.113478
-0.113421
-0.113452
-0.113540
-0.113588
-0.113593
-0.113565
-0.113572
-0.113421
-0.113388
-0.097316
-0.005450
-0.110086
0.027662
-0.102322
-0.106673
-0.110660
-0.110148
-0.111935
-0.111751
-0.111399
-0.112547
-0.112174
-0.112003
-0.113037
-0.112326
-0.112173
-0.112951
-0.112256
-0.112208
-0.113223
-0.111429
-0.109373
-0.103244
-0.106365
-0.109929
-0.112521
-0.112015
-0.110359
-0.107660
-0.107589
-0.111457
-0.112798
-0.112161
-0.112829
-0.112981
-0.112546
-0.113068
-0.112995
-0.112781
-0.113263
-0.112971
-0.112870
-0.113313
-0.112946
-0.112945
-0.113369
-0.112654
-0.112525
-0.112798
-0.111284
-0.113173
-0.112937
-0.113309
-0.112607
-0.113087
-0.111614
-0.112916
-0.113463
-0.113246
-0.113197
-0.113488
-0.113247
-0.113275
-0.113465
-0.113305
-0.113385
-0.113393
-0.113226
-0.113396
-0.113365
-0.113326
-0.113477
-0.113217
-0.113134
-0.113154
-0.113006
-0.113049
-0.113213
-0.113283
-0.113228
-0.113298
-0.113112
-0.113021
-0.113179
-0.113441
-0.113274
-0.113320
-0.113411
-0.113319
-0.113290
-0.113349
-0.113221
-0.113378
-0.113330
-0.113277
-0.113420
-0.113263
-0.113246
-0.113234
