-1.112425
1.845548
2.108426
-7.688186
-0.122020
-0.122012
-0.075685
1.133638
4.760687
-2.743319
-0.122013
-0.122009
2.874801
1.678014
8.298514
-3.464693
-0.122017
-0.122007
-0.406311
2.320837
6.042374
-4.529230
-0.122015
-0.122017
0.490944
6.208409
11.485990
-9.465578
-0.122016
-0.122018
-0.059503
1.921490
3.730378
-3.772881
-0.122016
-0.122017
10.719059
-0.121218
10.720356
10.716897
-0.122017
-0.122017
8.421340
2.711702
14.438051
3.108748
-0.122015
-0.122017
0.866740
0.515768
0.158748
0.277756
0.478953
0.393956
0.055431
0.128541
0.152536
0.196294
-0.015696
0.044222
0.029079
-0.075454
-0.004507
0.011610
-0.060264
0.020192
0.149102
0.000465
-0.045501
-0.009036
0.011899
-0.028983
-0.029011
-0.011612
-0.077005
-0.076378
-0.080339
-0.015842
-0.071481
-0.041895
-0.043412
-0.034177
-0.026348
-0.058253
0.004348
-0.098579
-0.031785
-0.088029
-0.034871
-0.078007
-0.076841
-0.064893
-0.114376
-0.091617
-0.101111
-0.084929
-0.104469
-0.102236
-0.092241
-0.088275
-0.105215
-0.085227
-0.075139
-0.102111
-0.114840
-0.101974
-0.099955
-0.112406
-0.103839
-0.111295
-0.111300
-0.101782
-0.110971
-0.104778
-0.118242
-0.099453
-0.108572
-0.115749
-0.119411
-0.116091
-0.113101
-0.116730
-0.111196
-0.113101
-0.106896
-0.113649
-0.112639
-0.119999
-0.113140
-0.114974
-0.119516
-0.111926
-0.111359
-0.111995
-0.116520
-0.113270
-0.106609
-0.115398
-0.096548
-0.113052
-0.107144
-0.118921
-0.104659
-0.103169
-0.115792
-0.105210
-0.112141
-0.112961
-0.079588
0.182783
0.381122
0.174204
-0.076508
-0.076673
0.045040
0.031183
-0.054289
0.080777
-0.094338
-0.076080
-0.031175
0.064494
0.041916
-0.040280
-0.061079
0.001190
0.072166
-0.036064
0.008981
-0.042805
-0.078461
-0.096543
-0.009617
0.001086
-0.070047
-0.050345
-0.069753
-0.046690
-0.072905
-0.039081
-0.076862
-0.109673
-0.091967
-0.085688
-0.062291
-0.102776
-0.109669
-0.114739
-0.078168
-0.076081
-0.094269
-0.091801
-0.098937
-0.082440
-0.095814
-0.074095
-0.093482
-0.120854
-0.116529
-0.095150
-0.088441
-0.104680
-0.090235
-0.107559
-0.108526
-0.111550
-0.097845
-0.102605
-0.112921
-0.118399
-0.114959
-0.103722
-0.119911
-0.117660
-0.115996
-0.118372
-0.119821
-0.116225
-0.115294
-0.117269
-0.120472
-0.118459
-0.117152
-0.114444
-0.119483
-0.112298
-0.118791
-0.115697
-0.118374
-0.116706
-0.116730
-0.112019
-0.116598
-0.110945
-0.119071
-0.120700
-0.113296
-0.112501
-0.109270
-0.117353
-0.119428
-0.118976
-0.113661
-0.118514
-0.112701
-0.118613
-0.114546
-0.116027
2.875084
-0.082895
0.550480
0.287805
0.062822
0.060176
0.350403
0.443097
0.139043
0.035096
0.110266
0.167387
0.046564
-0.063965
-0.099819
-0.008862
0.019106
-0.052017
0.012236
-0.087435
-0.052209
-0.097502
-0.039560
-0.055895
-0.109453
-0.091529
-0.101038
-0.064142
-0.091680
-0.100862
-0.108607
-0.052222
-0.062684
-0.070938
-0.055697
-0.092596
-0.081813
-0.102853
-0.047335
-0.093390
-0.070108
-0.084788
-0.109987
-0.107085
-0.106273
-0.091642
-0.119680
-0.110312
-0.117800
-0.099835
-0.107513
-0.109109
-0.112804
-0.108822
-0.095382
-0.116088
-0.099866
-0.110952
-0.113624
-0.119307
-0.109031
-0.101247
-0.113773
-0.111249
-0.104798
-0.099824
-0.105590
-0.113708
-0.121191
-0.110539
-0.114571
-0.119582
-0.114869
-0.118454
-0.114409
-0.117960
-0.113419
-0.118241
-0.109813
-0.108697
-0.114018
-0.117256
-0.108233
-0.115907
-0.112499
-0.114470
-0.120458
-0.113227
-0.113958
-0.116031
-0.106934
-0.116840
-0.108972
-0.119341
-0.113868
-0.113123
-0.117772
-0.108955
-0.117343
-0.115536
0.149500
0.184443
0.909259
0.586505
0.012956
0.020918
0.449125
0.474358
0.071841
0.225432
-0.000850
0.221503
0.054199
0.225030
0.087991
-0.080280
-0.046113
-0.003159
0.130017
-0.092858
-0.080395
-0.109381
-0.059478
-0.043264
-0.079052
-0.074623
-0.085712
-0.098328
-0.096457
-0.096034
-0.094615
-0.091181
-0.107959
-0.110615
-0.105767
-0.098862
-0.112663
-0.107756
-0.110540
-0.098327
-0.113461
-0.103351
-0.110082
-0.105860
-0.113440
-0.112628
-0.108677
-0.097982
-0.107424
-0.102205
-0.117344
-0.117328
-0.103330
-0.106685
-0.084965
-0.116780
-0.113526
-0.118724
-0.095508
-0.093167
-0.103983
-0.107034
-0.116382
-0.096327
-0.117615
-0.093769
-0.110187
-0.117442
-0.109870
-0.117828
-0.105935
-0.115047
-0.113347
-0.113853
-0.117874
-0.109744
-0.112045
-0.114619
-0.107013
-0.120344
-0.111005
-0.116025
-0.113206
-0.104814
-0.113885
-0.105723
-0.119762
-0.112924
-0.112516
-0.106735
-0.111667
-0.113922
-0.114419
-0.115773
-0.109886
-0.114344
-0.111138
-0.116865
-0.115518
-0.112511
0.531655
0.688127
3.262864
1.776920
0.647940
0.774719
1.109470
0.666945
0.091647
0.246833
0.080542
0.402338
-0.054333
0.179804
-0.015390
0.004270
-0.012207
0.009665
0.060109
0.036835
-0.052434
-0.045308
-0.026157
0.017937
-0.097586
-0.094749
-0.014605
-0.013539
-0.061317
-0.101158
-0.016504
-0.084283
-0.054320
-0.093495
-0.067599
-0.039992
-0.085277
-0.082666
-0.074948
-0.061172
-0.084781
-0.098137
-0.069663
-0.072647
-0.071601
-0.107885
-0.074782
-0.082726
-0.079007
-0.091175
-0.095398
-0.078487
-0.082838
-0.096976
-0.086690
-0.079715
-0.095652
-0.093002
-0.101610
-0.078066
-0.083541
-0.103313
-0.097455
-0.085031
-0.096766
-0.079280
-0.099434
-0.087805
-0.095819
-0.118084
-0.085327
-0.097935
-0.094007
-0.097647
-0.109274
-0.089458
-0.085327
-0.100898
-0.081215
-0.106319
-0.090590
-0.099162
-0.098144
-0.089447
-0.092526
-0.099877
-0.099800
-0.095556
-0.092893
-0.094831
-0.103203
-0.094964
-0.094779
-0.097273
-0.098554
-0.095860
-0.094282
-0.096675
-0.101683
-0.095474
-0.053660
0.083963
0.809897
0.440589
0.405352
0.312642
0.352368
0.112525
0.015206
0.083556
-0.065243
-0.067211
-0.090407
-0.043520
-0.034950
-0.040505
-0.088445
-0.080234
-0.063052
-0.094901
-0.079936
-0.082326
-0.105827
-0.082511
-0.105664
-0.105878
-0.101100
-0.100304
-0.117817
-0.118982
-0.094007
-0.107128
-0.115526
-0.120094
-0.103589
-0.111416
-0.117696
-0.119061
-0.107902
-0.114467
-0.110443
-0.119149
-0.113977
-0.112724
-0.114145
-0.118341
-0.118960
-0.109863
-0.112922
-0.113272
-0.115919
-0.111026
-0.121388
-0.114147
-0.112270
-0.118187
-0.111703
-0.118277
-0.110958
-0.112320
-0.117936
-0.114229
-0.120521
-0.108687
-0.119528
-0.111193
-0.109837
-0.111000
-0.119317
-0.117916
-0.114542
-0.118488
-0.116006
-0.117665
-0.118984
-0.115210
-0.112279
-0.119566
-0.115592
-0.117682
-0.116184
-0.119844
-0.116344
-0.115760
-0.117799
-0.117100
-0.120941
-0.114907
-0.118400
-0.119261
-0.116919
-0.118397
-0.115463
-0.119710
-0.117969
-0.117024
-0.117680
-0.117539
-0.120093
-0.116606
-0.284270
0.009025
0.021274
-0.527732
-0.122014
-0.122016
1.780733
0.459678
2.659882
0.919095
-0.122016
-0.122019
-1.290867
0.272905
-0.832884
-2.121327
-0.122017
-0.122018
-0.095418
0.081505
0.255187
-0.589222
-0.122016
-0.122017
-0.133435
0.042755
0.249112
-0.409174
-0.122015
-0.122017
-0.141558
0.127408
0.322034
-0.678420
-0.122016
-0.122018
3.163501
0.621869
4.405204
1.824768
-0.122016
-0.122019
0.040413
-0.110801
-0.066410
-0.106715
-0.085011
-0.094556
-0.084280
-0.087029
-0.109556
-0.118256
-0.118238
-0.119365
-0.120595
-0.120280
-0.121181
-0.120169
-0.121040
-0.119343
-0.121740
-0.119126
-0.120519
-0.120694
-0.120597
-0.120617
-0.119223
-0.121104
-0.120457
-0.121596
-0.120756
-0.120910
-0.121467
-0.121598
-0.120865
-0.120570
-0.121268
-0.120636
-0.121241
-0.120704
-0.120906
-0.121154
-0.121646
-0.121322
-0.121805
-0.121661
-0.121660
-0.120992
-0.121326
-0.121049
-0.120400
-0.118853
-0.117871
-0.119703
-0.120259
-0.121606
-0.120364
-0.121568
-0.121670
-0.121629
-0.120408
-0.121365
-0.120394
-0.120376
-0.119945
-0.119487
-0.121292
-0.121508
-0.121783
-0.121452
-0.121751
-0.121639
-0.121783
-0.121670
-0.121830
-0.121979
-0.121773
-0.121678
-0.121762
-0.121861
-0.121727
-0.121573
-0.121704
-0.121304
-0.121665
-0.121719
-0.121525
-0.121434
-0.121889
-0.121886
-0.121725
-0.121919
-0.121746
-0.121740
-0.121384
-0.121483
-0.121023
-0.121528
-0.121565
-0.121892
-0.121813
-0.121875
1.778100
-0.065251
-0.058491
-0.032363
0.216771
0.038939
-0.063766
-0.072447
-0.089907
-0.078694
-0.097931
-0.104073
-0.107201
-0.110113
-0.108807
-0.109820
-0.110727
-0.115585
-0.108922
-0.110006
-0.110392
-0.107172
-0.119138
-0.115575
-0.115098
-0.115796
-0.112011
-0.116628
-0.115290
-0.116371
-0.114216
-0.116544
-0.117098
-0.116096
-0.112743
-0.119259
-0.114937
-0.118686
-0.118426
-0.114527
-0.117484
-0.116816
-0.118635
-0.117589
-0.119661
-0.118035
-0.118684
-0.117563
-0.116886
-0.114887
-0.118133
-0.117108
-0.097089
-0.115870
-0.115636
-0.116603
-0.116982
-0.115574
-0.117172
-0.114599
-0.106700
-0.114462
-0.118866
-0.119064
-0.120217
-0.120062
-0.118894
-0.118639
-0.118066
-0.118922
-0.118956
-0.119674
-0.119427
-0.118845
-0.119950
-0.119851
-0.120189
-0.120295
-0.119055
-0.118685
-0.118903
-0.117777
-0.118048
-0.116849
-0.120237
-0.120082
-0.119105
-0.119960
-0.119840
-0.119725
-0.120716
-0.119266
-0.117766
-0.118588
-0.119317
-0.121084
-0.120325
-0.120334
-0.119253
-0.119798
1.046568
-0.068652
-0.077714
-0.063788
0.097749
-0.006737
-0.080176
-0.082888
-0.082755
-0.078776
-0.111703
-0.115740
-0.116464
-0.117036
-0.115607
-0.116205
-0.117575
-0.118495
-0.116906
-0.118376
-0.117667
-0.118262
-0.120264
-0.118351
-0.119154
-0.118635
-0.117430
-0.117975
-0.119194
-0.119068
-0.118351
-0.120215
-0.119565
-0.119661
-0.119240
-0.118255
-0.118541
-0.118859
-0.120098
-0.120701
-0.119918
-0.119746
-0.118827
-0.120567
-0.118242
-0.120125
-0.117586
-0.115060
-0.118576
-0.121252
-0.119602
-0.117268
-0.107302
-0.117405
-0.117387
-0.118985
-0.120287
-0.120060
-0.121487
-0.119349
-0.113391
-0.115692
-0.120249
-0.118855
-0.120942
-0.116241
-0.120441
-0.120111
-0.121298
-0.120997
-0.121202
-0.120886
-0.120720
-0.120724
-0.120298
-0.120635
-0.120600
-0.120999
-0.120726
-0.121601
-0.120207
-0.120532
-0.120543
-0.119606
-0.120663
-0.121134
-0.119966
-0.120550
-0.120610
-0.121119
-0.121761
-0.121476
-0.119259
-0.120405
-0.120200
-0.120338
-0.120134
-0.121556
-0.121640
-0.120446
-0.093893
-0.032694
-0.065390
-0.048049
-0.093915
-0.085555
-0.110794
-0.099298
-0.096486
-0.098071
-0.121413
-0.116924
-0.118451
-0.115818
-0.120236
-0.120084
-0.120014
-0.117745
-0.120641
-0.120260
-0.121265
-0.120314
-0.120651
-0.121139
-0.121543
-0.121633
-0.121301
-0.121263
-0.121065
-0.121248
-0.121354
-0.121507
-0.121581
-0.121218
-0.121248
-0.121072
-0.120944
-0.121268
-0.121072
-0.120764
-0.121551
-0.121347
-0.121172
-0.121090
-0.121045
-0.120877
-0.121353
-0.117878
-0.119121
-0.120747
-0.121214
-0.119260
-0.120135
-0.119653
-0.120038
-0.120722
-0.121454
-0.120526
-0.120427
-0.119684
-0.120232
-0.120544
-0.121414
-0.120630
-0.120733
-0.119464
-0.121536
-0.120742
-0.121500
-0.121869
-0.121886
-0.121511
-0.121643
-0.121498
-0.121349
-0.121545
-0.121560
-0.121745
-0.121766
-0.121799
-0.121363
-0.121170
-0.121761
-0.121422
-0.121798
-0.121146
-0.121716
-0.121761
-0.121676
-0.121714
-0.121778
-0.121367
-0.121844
-0.121353
-0.121566
-0.121295
-0.120978
-0.121552
-0.121911
-0.121411
-0.109759
-0.102925
-0.072669
-0.065805
-0.054419
-0.089454
-0.096548
-0.090293
-0.117774
-0.110644
-0.116537
-0.115893
-0.119360
-0.121006
-0.120182
-0.120343
-0.120571
-0.120883
-0.120024
-0.120157
-0.121233
-0.121038
-0.120880
-0.121078
-0.120944
-0.121138
-0.121050
-0.121164
-0.121542
-0.121349
-0.121179
-0.121187
-0.121292
-0.121241
-0.121237
-0.121324
-0.121307
-0.121528
-0.121372
-0.121275
-0.121561
-0.121567
-0.121702
-0.121321
-0.121742
-0.120151
-0.121604
-0.121576
-0.121823
-0.118811
-0.118554
-0.119427
-0.118656
-0.120646
-0.120272
-0.120848
-0.121286
-0.121000
-0.120284
-0.120571
-0.119497
-0.119785
-0.120139
-0.120451
-0.121432
-0.121565
-0.121662
-0.121014
-0.121605
-0.121432
-0.121564
-0.121610
-0.121556
-0.121578
-0.121729
-0.121767
-0.121604
-0.121702
-0.121649
-0.121423
-0.121666
-0.121328
-0.121888
-0.121459
-0.121083
-0.121184
-0.121899
-0.121710
-0.121716
-0.121492
-0.121779
-0.121288
-0.121051
-0.121611
-0.121661
-0.121005
-0.121504
-0.121519
-0.121426
-0.121730
-0.102733
-0.094043
-0.045991
-0.111379
-0.111344
-0.073147
-0.022847
-0.026028
-0.085273
-0.102412
-0.107377
-0.112928
-0.115468
-0.115350
-0.116743
-0.117397
-0.117566
-0.117918
-0.118329
-0.118997
-0.118700
-0.119081
-0.118642
-0.119011
-0.118895
-0.119537
-0.119793
-0.120524
-0.120195
-0.120124
-0.119703
-0.120452
-0.120203
-0.120464
-0.120329
-0.120250
-0.120041
-0.119554
-0.119293
-0.120473
-0.121146
-0.120257
-0.120993
-0.120432
-0.120732
-0.120544
-0.120265
-0.119549
-0.118075
-0.114151
-0.110518
-0.117107
-0.119401
-0.120239
-0.118935
-0.120487
-0.120653
-0.120318
-0.118884
-0.120811
-0.120709
-0.119065
-0.116748
-0.115054
-0.119575
-0.120078
-0.121081
-0.121553
-0.120863
-0.121203
-0.120881
-0.121346
-0.121214
-0.121587
-0.121681
-0.121556
-0.121587
-0.121318
-0.121248
-0.120775
-0.120845
-0.119578
-0.121353
-0.121276
-0.120852
-0.121198
-0.121447
-0.121574
-0.121599
-0.121538
-0.121833
-0.121557
-0.121007
-0.120966
-0.119526
-0.120715
-0.120873
-0.121615
-0.121277
-0.121633
