-1.280942
2.217785
5.575160
-8.626787
-0.110593
-0.110585
0.118023
1.362858
4.525707
-4.791596
-0.110588
-0.110583
2.477322
1.685708
7.067956
-4.913854
-0.110594
-0.110577
-0.293258
2.207969
6.760893
-5.311502
-0.110590
-0.110590
-0.156685
5.605226
11.062924
-9.859097
-0.110591
-0.110592
-0.125374
1.487222
3.498684
-3.036935
-0.110590
-0.110591
10.317370
-0.109192
10.319572
10.315546
-0.110589
-0.110593
7.903580
3.613232
14.266298
2.577263
-0.110590
-0.110593
1.053335
0.692087
0.417398
0.572006
0.358900
0.184585
0.415869
0.196501
0.170426
0.038333
0.146327
0.065868
0.035703
0.186768
0.032780
0.117149
0.140584
0.005440
0.075478
0.039010
-0.039145
0.030087
-0.050766
-0.001632
-0.006177
-0.061531
0.002960
-0.076918
-0.020892
-0.041471
-0.067693
-0.034315
-0.084632
-0.048728
-0.053403
-0.075769
-0.041453
-0.064728
-0.075074
-0.052676
-0.091482
-0.082659
-0.081132
-0.104564
-0.088926
-0.090747
-0.086329
-0.100103
-0.086797
-0.092145
-0.106167
-0.102258
-0.107939
-0.107587
-0.104410
-0.098489
-0.102048
-0.100964
-0.092006
-0.100157
-0.100656
-0.103116
-0.098223
-0.107063
-0.100171
-0.095353
-0.106132
-0.093556
-0.096499
-0.102881
-0.095625
-0.101298
-0.103600
-0.098407
-0.106736
-0.099616
-0.101611
-0.104947
-0.099254
-0.108157
-0.101147
-0.104717
-0.103135
-0.102347
-0.105579
-0.101828
-0.103988
-0.102920
-0.099360
-0.105073
-0.100123
-0.099575
-0.107473
-0.102924
-0.104354
-0.109064
-0.106761
-0.105586
-0.105940
-0.105586
0.115708
0.321323
0.263263
0.034105
-0.038107
0.016397
0.084227
0.068006
0.000625
0.163838
0.189389
0.107027
0.211536
0.198721
0.045134
0.124042
-0.001593
0.013083
0.029198
-0.032257
0.022793
0.004316
-0.044713
-0.020457
-0.065920
-0.082942
-0.069864
-0.094755
-0.074077
-0.060110
-0.078066
-0.044681
-0.052012
-0.073710
-0.056734
-0.074998
-0.078037
-0.060461
-0.085591
-0.049693
-0.061278
-0.078087
-0.068153
-0.084804
-0.095858
-0.091873
-0.102006
-0.109543
-0.108673
-0.105174
-0.105770
-0.106540
-0.109016
-0.108785
-0.106442
-0.108649
-0.108328
-0.105247
-0.106376
-0.106139
-0.108749
-0.098517
-0.097934
-0.101174
-0.091273
-0.094144
-0.098700
-0.092024
-0.104608
-0.099926
-0.099802
-0.103264
-0.098813
-0.100997
-0.102501
-0.100762
-0.106683
-0.105873
-0.106579
-0.108490
-0.107668
-0.107814
-0.107167
-0.104645
-0.105784
-0.106818
-0.103615
-0.107539
-0.105735
-0.102855
-0.106597
-0.100862
-0.101539
-0.103930
-0.102817
-0.105178
-0.106385
-0.106667
-0.108628
-0.109805
2.475742
0.354444
0.377805
0.017227
0.467234
0.402579
0.103533
0.166333
0.198792
0.126666
-0.042823
0.041050
0.055640
-0.053611
-0.017934
0.022576
-0.048579
0.006959
0.021932
-0.007483
0.011714
0.030831
-0.015253
0.012719
-0.003691
-0.034980
-0.008767
-0.048300
-0.024556
-0.031170
-0.051189
-0.031739
-0.057758
-0.063938
-0.060034
-0.079381
-0.089046
-0.077301
-0.099411
-0.090723
-0.084331
-0.099569
-0.097409
-0.085687
-0.091507
-0.099054
-0.097590
-0.086230
-0.090640
-0.107788
-0.100164
-0.105853
-0.109297
-0.109117
-0.107021
-0.106261
-0.096695
-0.100267
-0.103646
-0.097285
-0.098644
-0.102001
-0.107138
-0.100206
-0.100226
-0.108791
-0.103187
-0.101778
-0.108119
-0.101556
-0.101459
-0.102958
-0.099225
-0.097823
-0.101316
-0.096594
-0.099315
-0.100569
-0.098563
-0.102912
-0.099109
-0.102101
-0.100944
-0.099558
-0.103317
-0.100775
-0.102262
-0.105369
-0.104922
-0.104312
-0.108963
-0.106672
-0.106150
-0.109472
-0.106809
-0.106102
-0.108035
-0.109750
-0.106300
-0.105928
0.071213
0.548442
0.896539
0.192998
0.482266
0.314504
0.030731
0.330851
0.185782
0.114177
0.254086
0.053654
0.016738
0.077204
-0.041692
-0.037783
-0.063546
-0.040864
-0.080721
-0.100017
-0.073882
-0.068630
-0.077497
-0.070012
-0.073145
-0.078053
-0.083967
-0.081821
-0.083152
-0.085368
-0.089073
-0.087088
-0.095584
-0.107458
-0.099310
-0.094518
-0.102892
-0.097293
-0.096298
-0.086140
-0.100036
-0.089255
-0.078619
-0.095720
-0.087340
-0.085951
-0.104539
-0.097231
-0.099558
-0.104395
-0.101864
-0.107200
-0.109285
-0.109358
-0.106714
-0.106528
-0.102427
-0.105091
-0.105408
-0.099452
-0.104897
-0.099359
-0.096415
-0.106207
-0.102393
-0.101646
-0.108061
-0.106345
-0.107340
-0.106214
-0.109145
-0.108711
-0.107695
-0.107858
-0.108093
-0.107058
-0.106892
-0.107581
-0.107830
-0.107108
-0.108241
-0.108061
-0.107855
-0.109203
-0.109973
-0.109877
-0.108926
-0.107398
-0.109848
-0.107935
-0.107142
-0.108251
-0.110006
-0.106125
-0.105975
-0.108523
-0.105763
-0.105432
-0.107647
-0.107451
-0.066406
2.105683
2.865022
0.736274
0.873345
0.651931
0.002387
0.112406
0.115208
0.127520
-0.057019
-0.013974
0.005675
-0.032494
-0.099329
-0.057242
-0.082972
-0.079941
-0.069973
-0.104662
-0.062432
-0.075258
-0.094960
-0.072540
-0.085975
-0.083939
-0.078780
-0.091166
-0.089265
-0.086751
-0.102176
-0.093365
-0.095345
-0.107033
-0.097126
-0.104719
-0.103933
-0.102778
-0.109013
-0.100891
-0.101702
-0.109172
-0.101280
-0.095892
-0.102855
-0.103030
-0.105434
-0.096518
-0.098055
-0.098805
-0.087664
-0.104291
-0.104484
-0.102796
-0.095682
-0.106457
-0.095938
-0.100276
-0.107907
-0.104672
-0.106363
-0.105905
-0.109937
-0.106146
-0.106142
-0.108307
-0.109953
-0.108334
-0.109604
-0.109796
-0.109110
-0.109593
-0.107934
-0.108960
-0.109062
-0.108309
-0.109250
-0.108165
-0.108287
-0.109194
-0.108591
-0.108673
-0.109617
-0.108968
-0.109970
-0.108727
-0.108484
-0.109959
-0.109112
-0.109352
-0.109669
-0.108865
-0.107905
-0.109407
-0.108452
-0.108320
-0.108180
-0.109019
-0.107157
-0.107149
-0.096295
0.364240
0.697078
0.361922
0.096082
0.137608
0.048879
-0.032106
-0.042957
-0.056154
-0.055885
-0.041117
-0.049643
-0.051276
-0.052328
-0.080281
-0.076922
-0.080623
-0.096181
-0.093501
-0.094901
-0.089862
-0.091340
-0.091977
-0.093699
-0.095914
-0.098844
-0.098777
-0.098937
-0.097859
-0.099158
-0.100343
-0.102995
-0.103987
-0.106115
-0.104497
-0.103758
-0.104652
-0.101478
-0.103057
-0.103499
-0.101976
-0.103074
-0.105517
-0.107294
-0.105141
-0.103944
-0.106416
-0.107669
-0.103509
-0.104753
-0.109171
-0.108158
-0.107944
-0.105748
-0.106392
-0.107003
-0.105889
-0.107637
-0.108964
-0.108217
-0.108088
-0.108537
-0.108340
-0.107735
-0.107408
-0.108114
-0.109383
-0.108583
-0.109072
-0.109753
-0.109793
-0.109574
-0.109288
-0.109318
-0.109158
-0.109168
-0.109177
-0.109556
-0.109570
-0.109671
-0.109502
-0.109613
-0.109903
-0.110094
-0.109672
-0.110213
-0.109664
-0.109611
-0.109485
-0.109601
-0.109036
-0.109046
-0.109520
-0.108827
-0.109177
-0.109612
-0.110135
-0.108633
-0.109188
-0.219632
0.013252
0.049936
-0.453606
-0.110589
-0.110590
1.833064
0.376525
2.465331
1.071119
-0.110591
-0.110594
-1.139157
0.193321
-0.678711
-1.704969
-0.110591
-0.110593
-0.018899
0.023538
0.245325
-0.219240
-0.110589
-0.110593
-0.114535
0.026301
0.118571
-0.385182
-0.110591
-0.110592
-0.096640
0.082808
0.200722
-0.429533
-0.110590
-0.110594
3.113028
0.497884
4.097777
2.195756
-0.110590
-0.110594
-0.001490
-0.055595
-0.063965
-0.062662
-0.105331
-0.107415
-0.108334
-0.108641
-0.108796
-0.106995
-0.108993
-0.109214
-0.110450
-0.108094
-0.109994
-0.109325
-0.110264
-0.109741
-0.109161
-0.109549
-0.110138
-0.109814
-0.109194
-0.107696
-0.106756
-0.107529
-0.109572
-0.110200
-0.108691
-0.107751
-0.108959
-0.110384
-0.110371
-0.110272
-0.110311
-0.110078
-0.110284
-0.110458
-0.110526
-0.110335
-0.110311
-0.110409
-0.110406
-0.110461
-0.110316
-0.110382
-0.110534
-0.110520
-0.110265
-0.110452
-0.109656
-0.109832
-0.110084
-0.110195
-0.110269
-0.110235
-0.109891
-0.110440
-0.110535
-0.110462
-0.110499
-0.110521
-0.110454
-0.110480
-0.110549
-0.110498
-0.110478
-0.110542
-0.110468
-0.110526
-0.110569
-0.110514
-0.110487
-0.110542
-0.110491
-0.110338
-0.110365
-0.110306
-0.110307
-0.110340
-0.110437
-0.110437
-0.110313
-0.110434
-0.110566
-0.110528
-0.110531
-0.110529
-0.110494
-0.110510
-0.110547
-0.110465
-0.110553
-0.110491
-0.110458
-0.110448
-0.110484
-0.110508
-0.110496
-0.110442
1.832653
-0.091382
0.229555
-0.094081
-0.083901
-0.107199
-0.109835
-0.107961
-0.103814
-0.108939
-0.105357
-0.105797
-0.107368
-0.104860
-0.105502
-0.107964
-0.104544
-0.109337
-0.107179
-0.109251
-0.107884
-0.107823
-0.106266
-0.104076
-0.094527
-0.099861
-0.108856
-0.106148
-0.102747
-0.101036
-0.106707
-0.107162
-0.107915
-0.108596
-0.108538
-0.109254
-0.109172
-0.108327
-0.109581
-0.108435
-0.109807
-0.108995
-0.109537
-0.109505
-0.109667
-0.110069
-0.110181
-0.109627
-0.110231
-0.110207
-0.110047
-0.105680
-0.109864
-0.109008
-0.109487
-0.106720
-0.109491
-0.109104
-0.109539
-0.109745
-0.109628
-0.109808
-0.109660
-0.109587
-0.109962
-0.109660
-0.110097
-0.109601
-0.110162
-0.109895
-0.110045
-0.109953
-0.110056
-0.109782
-0.110129
-0.110036
-0.109305
-0.108573
-0.110408
-0.109632
-0.109437
-0.109286
-0.110098
-0.109896
-0.110312
-0.110163
-0.110084
-0.110171
-0.110073
-0.110093
-0.110316
-0.110051
-0.110039
-0.109890
-0.110293
-0.109988
-0.110178
-0.109982
-0.109925
-0.110051
0.921082
-0.052974
0.092143
-0.108579
-0.069856
-0.100960
-0.104610
-0.104079
-0.101662
-0.106392
-0.106785
-0.105657
-0.107986
-0.105620
-0.107923
-0.108275
-0.106210
-0.108632
-0.106979
-0.108845
-0.107796
-0.107359
-0.103791
-0.108420
-0.102988
-0.103553
-0.106336
-0.107255
-0.104244
-0.105343
-0.107234
-0.106180
-0.107229
-0.108212
-0.107774
-0.108824
-0.108679
-0.108410
-0.109052
-0.108490
-0.109163
-0.109021
-0.108767
-0.109414
-0.108934
-0.109441
-0.109309
-0.108865
-0.109592
-0.108961
-0.109911
-0.107816
-0.109733
-0.109673
-0.109309
-0.107541
-0.108853
-0.108563
-0.109071
-0.109492
-0.109222
-0.109636
-0.109404
-0.109402
-0.109675
-0.109390
-0.109745
-0.109556
-0.109559
-0.109748
-0.109455
-0.109657
-0.109652
-0.109476
-0.110017
-0.109477
-0.110005
-0.109506
-0.109739
-0.109364
-0.109220
-0.108924
-0.109801
-0.109492
-0.109865
-0.109902
-0.109690
-0.109965
-0.109711
-0.109818
-0.109997
-0.109695
-0.110085
-0.109645
-0.109656
-0.109598
-0.109512
-0.109741
-0.109991
-0.109809
-0.018648
-0.040026
-0.063979
-0.100054
-0.075882
-0.097552
-0.106690
-0.104844
-0.106875
-0.105649
-0.106281
-0.106927
-0.107173
-0.107618
-0.107845
-0.108112
-0.108694
-0.108386
-0.108544
-0.108645
-0.109852
-0.107826
-0.106487
-0.108372
-0.107987
-0.106906
-0.109439
-0.107913
-0.110267
-0.108461
-0.108854
-0.106945
-0.108860
-0.108762
-0.109052
-0.108686
-0.108983
-0.109164
-0.109171
-0.109289
-0.109314
-0.109377
-0.109471
-0.109354
-0.109549
-0.109446
-0.109685
-0.109249
-0.109927
-0.109261
-0.109782
-0.108741
-0.109691
-0.109338
-0.109907
-0.109454
-0.109438
-0.108877
-0.109699
-0.109578
-0.109630
-0.109547
-0.109704
-0.109722
-0.109727
-0.109757
-0.109740
-0.109729
-0.109789
-0.109727
-0.109861
-0.109763
-0.109813
-0.109653
-0.110030
-0.109756
-0.109783
-0.109445
-0.109977
-0.109759
-0.110016
-0.109724
-0.109668
-0.109627
-0.110029
-0.109856
-0.109903
-0.109860
-0.109945
-0.109889
-0.109985
-0.109883
-0.109831
-0.109798
-0.109988
-0.109868
-0.110036
-0.109776
-0.109827
-0.109831
-0.106617
-0.048596
-0.049610
-0.072972
-0.096328
-0.103426
-0.107674
-0.108950
-0.109520
-0.109338
-0.109377
-0.108973
-0.109654
-0.109545
-0.109519
-0.110035
-0.109654
-0.110413
-0.109808
-0.109730
-0.110361
-0.108908
-0.110001
-0.107660
-0.107753
-0.107424
-0.109692
-0.109536
-0.108621
-0.108063
-0.107551
-0.110018
-0.109577
-0.110101
-0.109884
-0.109881
-0.110026
-0.109852
-0.110175
-0.109977
-0.110075
-0.110152
-0.110021
-0.110281
-0.110005
-0.110156
-0.110202
-0.110036
-0.110190
-0.110083
-0.109630
-0.109653
-0.110057
-0.110197
-0.110420
-0.109512
-0.109618
-0.110346
-0.110102
-0.110326
-0.110100
-0.110210
-0.110207
-0.110168
-0.110298
-0.110146
-0.110254
-0.110228
-0.110202
-0.110300
-0.110162
-0.110268
-0.110241
-0.110231
-0.110235
-0.110059
-0.110096
-0.110268
-0.110207
-0.110326
-0.110258
-0.110039
-0.110342
-0.110251
-0.110245
-0.110326
-0.110198
-0.110346
-0.110241
-0.110279
-0.110292
-0.110194
-0.110384
-0.110265
-0.110276
-0.110343
-0.110228
-0.110328
-0.110331
-0.110241
-0.095858
-0.088309
-0.094454
0.022174
-0.108605
-0.108484
-0.108346
-0.109547
-0.109891
-0.108958
-0.109866
-0.109368
-0.109784
-0.109814
-0.109499
-0.109943
-0.109609
-0.109831
-0.109763
-0.109093
-0.109432
-0.108572
-0.106445
-0.101274
-0.103371
-0.107805
-0.109913
-0.108441
-0.107606
-0.104488
-0.106217
-0.109573
-0.109907
-0.109923
-0.110423
-0.110183
-0.110435
-0.110424
-0.110376
-0.110554
-0.110409
-0.110532
-0.110439
-0.110429
-0.110487
-0.110301
-0.110451
-0.110236
-0.109865
-0.110081
-0.108094
-0.109807
-0.110517
-0.109990
-0.109855
-0.110290
-0.108786
-0.110369
-0.110452
-0.110410
-0.110520
-0.110528
-0.110476
-0.110538
-0.110513
-0.110452
-0.110516
-0.110520
-0.110554
-0.110533
-0.110509
-0.110538
-0.110439
-0.110420
-0.110472
-0.109935
-0.109805
-0.110118
-0.110399
-0.110417
-0.110322
-0.110108
-0.110005
-0.110226
-0.110466
-0.110475
-0.110433
-0.110548
-0.110437
-0.110480
-0.110476
-0.110259
-0.110506
-0.110383
-0.110508
-0.110501
-0.110519
-0.110273
-0.110577
-0.110180
