-1.294765
2.009613
2.444568
-8.323993
-0.110848
-0.110840
0.128743
1.229584
4.904501
-2.609817
-0.110841
-0.110838
2.652925
1.676165
7.183375
-3.950726
-0.110846
-0.110835
-0.468093
2.442971
6.722522
-5.254867
-0.110843
-0.110844
-0.053294
5.710097
11.678993
-9.565848
-0.110844
-0.110846
-0.144887
1.713769
3.481868
-3.552763
-0.110844
-0.110845
10.636653
-0.110322
10.637494
10.635284
-0.110845
-0.110844
8.377133
3.542073
14.276449
3.123685
-0.110844
-0.110847
1.067308
0.682995
0.434570
0.562348
0.317158
0.120057
0.422537
0.132635
0.120144
0.040330
0.095057
0.000307
0.057345
0.098443
-0.053393
0.038900
-0.017075
-0.082882
-0.058511
-0.089842
-0.065638
-0.087246
-0.061115
-0.045445
-0.068122
-0.040244
-0.058866
-0.052474
-0.073611
-0.058808
-0.089115
-0.083976
-0.088390
-0.104317
-0.097068
-0.107520
-0.082923
-0.087128
-0.091773
-0.070505
-0.095763
-0.088487
-0.087358
-0.100370
-0.096229
-0.091505
-0.090025
-0.100278
-0.086321
-0.096440
-0.107492
-0.104385
-0.109992
-0.106983
-0.103803
-0.101313
-0.106841
-0.098627
-0.092976
-0.105079
-0.102231
-0.104544
-0.102562
-0.106212
-0.098281
-0.101875
-0.103811
-0.099417
-0.107610
-0.105573
-0.106832
-0.108353
-0.105838
-0.109183
-0.103984
-0.105230
-0.104694
-0.102353
-0.104678
-0.103509
-0.103746
-0.103480
-0.105895
-0.104971
-0.106730
-0.108949
-0.107682
-0.109839
-0.107577
-0.109164
-0.106658
-0.106243
-0.109262
-0.106669
-0.108508
-0.109271
-0.108825
-0.108737
-0.109621
-0.107869
0.127626
0.341691
0.290487
0.053496
-0.051107
-0.060780
0.020568
0.139340
0.030767
0.129848
0.165166
0.040854
0.165480
0.134328
0.000002
0.082803
-0.046778
-0.006110
-0.034320
-0.060712
-0.030848
-0.091701
-0.082557
-0.075222
-0.083769
-0.095869
-0.075357
-0.109416
-0.082146
-0.092481
-0.102236
-0.089055
-0.076028
-0.106817
-0.074700
-0.088825
-0.081507
-0.072525
-0.093175
-0.056820
-0.079006
-0.081495
-0.073394
-0.093863
-0.089836
-0.093710
-0.110299
-0.104445
-0.106128
-0.105507
-0.105202
-0.108691
-0.109931
-0.107794
-0.107361
-0.108940
-0.109081
-0.107472
-0.105982
-0.102041
-0.106896
-0.097376
-0.099436
-0.100648
-0.092331
-0.100271
-0.098648
-0.097723
-0.108472
-0.101711
-0.107854
-0.103642
-0.105222
-0.109667
-0.106727
-0.107900
-0.109622
-0.109098
-0.107600
-0.109871
-0.108545
-0.108225
-0.109345
-0.106334
-0.105020
-0.107799
-0.103637
-0.107588
-0.105690
-0.105886
-0.106814
-0.102950
-0.107016
-0.103206
-0.104869
-0.107804
-0.106414
-0.108719
-0.109675
-0.110127
2.650729
0.364298
0.371814
0.012561
0.527621
0.434336
0.078170
0.188254
0.187387
0.092893
-0.055346
0.028879
0.019924
-0.104506
-0.007176
-0.024093
-0.042243
0.004995
-0.006391
-0.035608
-0.006271
-0.025019
-0.055354
-0.023493
-0.059910
-0.054220
-0.042754
-0.075260
-0.057114
-0.056454
-0.081727
-0.058200
-0.072553
-0.079175
-0.070448
-0.080742
-0.093896
-0.085547
-0.098183
-0.097609
-0.088862
-0.104250
-0.096130
-0.089665
-0.094219
-0.099502
-0.095382
-0.083448
-0.094212
-0.106115
-0.100908
-0.107323
-0.110181
-0.108282
-0.108770
-0.103222
-0.095467
-0.104171
-0.100626
-0.096971
-0.101362
-0.105499
-0.107316
-0.102293
-0.104142
-0.109288
-0.103685
-0.106964
-0.105626
-0.103061
-0.104629
-0.103652
-0.101329
-0.104558
-0.103172
-0.102231
-0.105492
-0.102720
-0.103965
-0.105954
-0.103437
-0.105223
-0.105581
-0.104490
-0.106549
-0.106219
-0.106577
-0.108185
-0.108064
-0.108000
-0.107537
-0.106657
-0.108582
-0.108452
-0.107301
-0.107590
-0.109161
-0.108286
-0.105952
-0.105759
0.244955
0.688678
0.989784
0.158948
0.555748
0.415907
0.005914
0.348317
0.195045
0.107030
0.242652
0.003510
0.063425
0.078472
-0.062119
-0.025767
-0.084668
-0.038147
-0.071033
-0.076496
-0.058006
-0.089436
-0.092873
-0.087606
-0.105164
-0.099392
-0.103370
-0.104936
-0.103160
-0.096323
-0.106788
-0.095514
-0.093358
-0.106290
-0.091537
-0.095133
-0.105917
-0.096951
-0.099480
-0.083964
-0.101830
-0.086923
-0.079270
-0.099679
-0.085617
-0.092472
-0.101597
-0.093668
-0.101557
-0.103993
-0.103148
-0.108842
-0.109513
-0.107979
-0.107035
-0.107126
-0.101508
-0.105851
-0.103840
-0.098972
-0.105330
-0.098315
-0.099978
-0.106490
-0.099581
-0.104334
-0.107465
-0.106273
-0.108571
-0.107425
-0.110078
-0.107284
-0.107544
-0.110026
-0.108784
-0.109232
-0.109937
-0.109317
-0.110518
-0.110260
-0.110411
-0.108984
-0.109813
-0.108933
-0.107868
-0.108344
-0.107174
-0.107713
-0.108872
-0.107934
-0.110413
-0.107864
-0.109868
-0.106852
-0.107287
-0.108973
-0.106205
-0.109144
-0.108125
-0.107807
-0.051132
2.120978
2.909742
0.708200
0.994760
0.640772
0.061866
0.200869
0.123991
0.122196
-0.064898
-0.007966
0.015110
-0.031303
-0.065797
-0.029787
-0.078191
-0.055334
-0.089600
-0.076499
-0.073721
-0.097314
-0.097674
-0.082922
-0.091248
-0.095426
-0.080511
-0.106721
-0.090743
-0.097630
-0.109840
-0.099451
-0.097785
-0.106422
-0.100047
-0.101158
-0.104566
-0.099289
-0.106830
-0.098161
-0.099534
-0.108888
-0.100809
-0.097187
-0.103742
-0.100826
-0.104263
-0.091493
-0.098658
-0.094241
-0.090891
-0.107359
-0.104067
-0.100438
-0.095771
-0.106609
-0.094109
-0.104993
-0.103429
-0.103779
-0.105649
-0.106504
-0.109427
-0.106007
-0.107078
-0.110209
-0.107741
-0.107709
-0.109976
-0.108773
-0.110644
-0.108853
-0.109325
-0.110571
-0.109238
-0.109451
-0.110423
-0.109408
-0.109293
-0.110222
-0.109356
-0.109979
-0.110311
-0.109652
-0.109490
-0.110127
-0.110110
-0.109860
-0.110648
-0.109870
-0.109234
-0.109278
-0.107831
-0.108894
-0.108468
-0.108248
-0.109618
-0.109960
-0.108753
-0.107540
-0.077560
0.465891
0.813764
0.488070
0.027551
0.065391
0.049554
-0.010700
-0.093263
-0.057018
-0.057608
-0.060153
-0.040006
-0.055870
-0.065569
-0.075848
-0.080760
-0.092225
-0.095933
-0.099910
-0.098426
-0.099342
-0.097311
-0.096487
-0.096606
-0.095486
-0.097001
-0.096295
-0.101524
-0.101051
-0.104203
-0.104497
-0.105914
-0.107003
-0.107876
-0.106073
-0.105782
-0.105311
-0.104796
-0.102324
-0.102539
-0.105494
-0.103709
-0.106891
-0.108068
-0.104707
-0.106123
-0.109367
-0.105258
-0.101501
-0.105817
-0.108761
-0.108354
-0.107444
-0.105049
-0.106363
-0.107234
-0.106587
-0.107111
-0.109581
-0.109276
-0.108100
-0.109654
-0.108398
-0.107741
-0.108601
-0.108547
-0.108903
-0.109486
-0.110108
-0.109849
-0.110440
-0.109880
-0.110142
-0.109760
-0.109814
-0.109680
-0.109883
-0.109584
-0.109493
-0.110008
-0.109537
-0.109762
-0.109820
-0.109931
-0.110410
-0.110725
-0.110320
-0.110540
-0.110317
-0.109632
-0.109632
-0.110724
-0.109245
-0.109541
-0.110387
-0.109751
-0.109224
-0.110029
-0.108840
-0.274264
-0.010227
-0.086824
-0.466920
-0.110844
-0.110845
1.835339
0.435099
2.583568
0.994667
-0.110844
-0.110848
-1.286275
0.256301
-0.865117
-1.979949
-0.110845
-0.110847
-0.119449
0.018730
0.136701
-0.386804
-0.110844
-0.110845
-0.095053
0.077024
0.269103
-0.355474
-0.110843
-0.110846
-0.129283
0.136436
0.346692
-0.589980
-0.110844
-0.110845
3.143173
0.593330
4.173297
2.034492
-0.110844
-0.110848
0.052030
-0.062301
-0.078460
-0.072572
-0.104650
-0.104923
-0.109651
-0.109214
-0.108312
-0.108964
-0.106784
-0.107929
-0.109149
-0.109943
-0.108061
-0.109165
-0.109210
-0.109830
-0.109644
-0.109164
-0.110099
-0.108986
-0.108776
-0.106496
-0.109538
-0.110241
-0.110194
-0.109332
-0.109823
-0.109524
-0.109297
-0.109644
-0.110100
-0.110164
-0.109865
-0.110050
-0.110184
-0.110126
-0.110145
-0.110163
-0.109863
-0.110394
-0.110320
-0.110126
-0.110121
-0.110067
-0.110261
-0.109997
-0.109986
-0.109756
-0.110559
-0.110335
-0.110332
-0.110177
-0.110438
-0.110254
-0.110130
-0.110237
-0.110454
-0.110343
-0.110331
-0.110383
-0.110462
-0.110295
-0.110163
-0.110321
-0.110269
-0.110360
-0.110331
-0.110210
-0.110232
-0.110286
-0.110334
-0.110246
-0.110260
-0.110321
-0.110563
-0.110467
-0.110396
-0.110321
-0.110464
-0.110350
-0.110513
-0.110407
-0.110402
-0.110371
-0.110375
-0.110362
-0.110356
-0.110314
-0.110244
-0.110381
-0.110447
-0.110363
-0.110396
-0.110307
-0.110339
-0.110447
-0.110460
-0.110451
1.835040
-0.100669
0.270538
-0.078634
-0.094206
-0.106990
-0.109947
-0.106599
-0.108568
-0.110203
-0.102130
-0.107769
-0.106424
-0.106115
-0.103275
-0.108260
-0.106041
-0.106876
-0.105512
-0.107998
-0.108920
-0.107308
-0.104417
-0.105189
-0.088888
-0.105944
-0.109998
-0.108691
-0.097214
-0.101815
-0.107197
-0.108176
-0.109249
-0.108326
-0.108647
-0.109002
-0.108287
-0.108932
-0.109354
-0.108557
-0.108298
-0.108919
-0.109101
-0.108707
-0.108366
-0.108949
-0.109392
-0.108616
-0.107959
-0.108386
-0.106463
-0.109416
-0.109738
-0.109766
-0.107884
-0.107769
-0.108756
-0.109053
-0.109634
-0.109362
-0.109045
-0.109247
-0.109315
-0.109511
-0.109295
-0.109160
-0.109174
-0.109158
-0.109411
-0.109445
-0.109128
-0.109175
-0.109756
-0.109179
-0.108827
-0.109079
-0.109065
-0.110579
-0.109556
-0.109586
-0.109049
-0.110211
-0.109167
-0.109237
-0.109555
-0.109560
-0.109325
-0.109339
-0.109542
-0.109561
-0.109341
-0.109246
-0.109263
-0.109800
-0.109621
-0.109630
-0.109386
-0.109610
-0.110069
-0.109322
1.062421
-0.083478
0.138334
-0.094730
-0.048724
-0.108537
-0.105748
-0.110385
-0.108541
-0.109296
-0.109159
-0.109806
-0.109005
-0.109976
-0.109085
-0.109605
-0.110005
-0.110420
-0.109216
-0.110229
-0.110630
-0.108923
-0.104639
-0.105684
-0.096174
-0.105918
-0.106455
-0.107136
-0.101799
-0.106301
-0.105792
-0.108994
-0.109834
-0.110710
-0.110457
-0.110213
-0.110463
-0.110537
-0.110713
-0.110345
-0.110366
-0.110574
-0.110637
-0.110312
-0.110265
-0.110779
-0.110392
-0.110003
-0.110310
-0.109200
-0.108582
-0.108443
-0.109002
-0.109611
-0.109281
-0.109287
-0.110201
-0.109758
-0.110311
-0.110711
-0.110454
-0.110446
-0.110573
-0.110579
-0.110548
-0.110486
-0.110483
-0.110461
-0.110572
-0.110357
-0.110400
-0.110731
-0.110608
-0.110335
-0.110639
-0.110034
-0.110033
-0.109689
-0.109927
-0.110211
-0.110358
-0.110226
-0.110493
-0.110153
-0.110417
-0.110630
-0.110509
-0.110499
-0.110556
-0.110586
-0.110469
-0.110463
-0.110380
-0.110416
-0.110617
-0.110335
-0.110338
-0.110522
-0.110447
-0.110287
-0.102638
-0.079250
-0.043804
-0.069849
-0.078700
-0.105095
-0.108015
-0.107938
-0.107763
-0.110116
-0.109504
-0.109305
-0.109846
-0.109917
-0.109564
-0.109710
-0.109932
-0.109659
-0.108960
-0.110170
-0.110136
-0.109245
-0.106749
-0.107231
-0.107450
-0.108137
-0.110669
-0.110181
-0.108173
-0.108174
-0.108360
-0.109171
-0.110812
-0.109846
-0.110187
-0.110495
-0.110411
-0.110124
-0.110360
-0.110507
-0.110259
-0.110277
-0.110511
-0.110363
-0.110226
-0.110437
-0.110529
-0.110065
-0.110225
-0.110075
-0.110340
-0.110163
-0.110544
-0.110636
-0.110607
-0.110266
-0.110196
-0.109989
-0.110689
-0.110415
-0.110425
-0.110534
-0.110584
-0.110442
-0.110505
-0.110632
-0.110510
-0.110493
-0.110658
-0.110588
-0.110512
-0.110525
-0.110687
-0.110427
-0.110530
-0.110441
-0.110676
-0.110732
-0.110534
-0.110649
-0.110674
-0.110602
-0.110466
-0.110324
-0.110662
-0.110655
-0.110536
-0.110562
-0.110620
-0.110624
-0.110586
-0.110575
-0.110572
-0.110616
-0.110668
-0.110629
-0.110564
-0.110650
-0.110746
-0.110523
-0.095326
0.004650
-0.080462
-0.056198
-0.103640
-0.098127
-0.108823
-0.109205
-0.109013
-0.108509
-0.109670
-0.109869
-0.109392
-0.109655
-0.110209
-0.109756
-0.109663
-0.109854
-0.110139
-0.109707
-0.110125
-0.108595
-0.109481
-0.107486
-0.108722
-0.106716
-0.110039
-0.109307
-0.107487
-0.107254
-0.110402
-0.109640
-0.110253
-0.110611
-0.110600
-0.110431
-0.110439
-0.110727
-0.110467
-0.110431
-0.110658
-0.110575
-0.110420
-0.110559
-0.110792
-0.110532
-0.110478
-0.110601
-0.110724
-0.110730
-0.109746
-0.109956
-0.110410
-0.110657
-0.109736
-0.110177
-0.110507
-0.110629
-0.110467
-0.110634
-0.110777
-0.110615
-0.110565
-0.110703
-0.110668
-0.110585
-0.110645
-0.110679
-0.110597
-0.110609
-0.110724
-0.110639
-0.110577
-0.110643
-0.110708
-0.110448
-0.110308
-0.110635
-0.110542
-0.110584
-0.110407
-0.110679
-0.110551
-0.110779
-0.110572
-0.110646
-0.110721
-0.110669
-0.110642
-0.110674
-0.110682
-0.110663
-0.110609
-0.110669
-0.110667
-0.110587
-0.110632
-0.110674
-0.110613
-0.110501
-0.091387
0.005623
-0.092668
0.016102
-0.104447
-0.103780
-0.106871
-0.107888
-0.107882
-0.108466
-0.108480
-0.108987
-0.108809
-0.108894
-0.109172
-0.109246
-0.109200
-0.108916
-0.109430
-0.109318
-0.108833
-0.108495
-0.107374
-0.097986
-0.108209
-0.107995
-0.110129
-0.107580
-0.109561
-0.104840
-0.107028
-0.108182
-0.109056
-0.109477
-0.109399
-0.109437
-0.109519
-0.109677
-0.109608
-0.109572
-0.109668
-0.109744
-0.109659
-0.109594
-0.109736
-0.109735
-0.109490
-0.109365
-0.109289
-0.108103
-0.110171
-0.109978
-0.110360
-0.110090
-0.110409
-0.109077
-0.109218
-0.109611
-0.109793
-0.109962
-0.109927
-0.109870
-0.109902
-0.109950
-0.109917
-0.109874
-0.109918
-0.110027
-0.109964
-0.109887
-0.109918
-0.109995
-0.109776
-0.109850
-0.109833
-0.109826
-0.110309
-0.110373
-0.110008
-0.109937
-0.110258
-0.109539
-0.110252
-0.110007
-0.109969
-0.110050
-0.110041
-0.109985
-0.110012
-0.110019
-0.109978
-0.109984
-0.110230
-0.109995
-0.110170
-0.109932
-0.109931
-0.110208
-0.109954
-0.110256
