-1.249736
1.931652
1.657049
-7.957495
-0.110464
-0.110455
-0.044535
1.171472
4.762104
-2.995867
-0.110457
-0.110452
2.697523
1.600039
7.842523
-3.883368
-0.110463
-0.110449
-0.327791
2.236497
5.263535
-5.102243
-0.110460
-0.110462
0.027689
5.888535
11.944245
-9.805054
-0.110460
-0.110462
-0.077832
1.631348
3.697663
-3.642631
-0.110461
-0.110461
10.914272
-0.109866
10.915306
10.913307
-0.110460
-0.110463
8.071553
3.430977
13.827396
2.941274
-0.110461
-0.110464
1.023281
0.690855
0.380699
0.488755
0.356015
0.030039
0.399859
0.145630
0.095732
0.051580
0.047093
0.051796
-0.003579
0.085575
0.039049
-0.038100
0.043444
0.007799
-0.095246
-0.034781
-0.023609
-0.069588
-0.067811
-0.060924
-0.090166
-0.085651
-0.080588
-0.078855
-0.101374
-0.085119
-0.077633
-0.096725
-0.086548
-0.079440
-0.086892
-0.101766
-0.066524
-0.072506
-0.100708
-0.074622
-0.085096
-0.096577
-0.090036
-0.097155
-0.090486
-0.102112
-0.083404
-0.098394
-0.100078
-0.097800
-0.098794
-0.100216
-0.108319
-0.105392
-0.107593
-0.101267
-0.095289
-0.103012
-0.100879
-0.100312
-0.103025
-0.105482
-0.103971
-0.100743
-0.105693
-0.101050
-0.100566
-0.103656
-0.106662
-0.100369
-0.101625
-0.106578
-0.101998
-0.103052
-0.105805
-0.107248
-0.104648
-0.108209
-0.107698
-0.105041
-0.108288
-0.108205
-0.104877
-0.107702
-0.108250
-0.104843
-0.105596
-0.105278
-0.106394
-0.104158
-0.107336
-0.109103
-0.108066
-0.106572
-0.107136
-0.107883
-0.105803
-0.107981
-0.105494
-0.108407
-0.045479
0.272630
0.239202
0.034114
-0.023399
-0.037951
0.021039
0.092664
0.073048
0.088280
0.207336
0.121791
0.102875
0.162347
0.031186
0.024222
0.030816
-0.065549
0.009757
-0.044954
-0.048255
-0.037486
-0.093168
-0.083046
-0.099240
-0.087817
-0.100244
-0.095580
-0.098903
-0.095407
-0.094007
-0.095446
-0.071120
-0.090843
-0.077542
-0.073456
-0.098319
-0.070399
-0.083568
-0.072911
-0.060176
-0.080133
-0.075437
-0.077464
-0.100331
-0.093476
-0.099456
-0.106649
-0.108707
-0.109248
-0.106545
-0.105670
-0.107750
-0.109211
-0.107129
-0.106410
-0.106776
-0.109535
-0.104824
-0.106517
-0.100177
-0.101700
-0.098739
-0.094802
-0.099526
-0.096991
-0.093982
-0.103487
-0.099221
-0.102402
-0.103568
-0.101266
-0.105969
-0.103906
-0.106045
-0.109506
-0.108276
-0.108663
-0.108170
-0.108508
-0.107834
-0.109191
-0.105360
-0.108089
-0.104841
-0.103013
-0.107062
-0.103180
-0.104348
-0.107341
-0.103182
-0.106371
-0.103071
-0.102561
-0.106304
-0.104847
-0.106717
-0.109426
-0.107486
-0.107758
2.695122
0.365522
0.410290
-0.004646
0.381973
0.423102
0.173108
0.124492
0.179015
0.123090
-0.047472
-0.026506
0.019074
-0.046690
-0.041720
0.008056
-0.045940
-0.034738
0.025681
-0.026265
-0.035663
0.006984
-0.059988
-0.041410
-0.033222
-0.091500
-0.046616
-0.058298
-0.088381
-0.048931
-0.079927
-0.071430
-0.054410
-0.084868
-0.074600
-0.067022
-0.095714
-0.088763
-0.084166
-0.105040
-0.095315
-0.096285
-0.104645
-0.101528
-0.091232
-0.086774
-0.099811
-0.092268
-0.086094
-0.100751
-0.106715
-0.107502
-0.107914
-0.106395
-0.103544
-0.107136
-0.103157
-0.098007
-0.098678
-0.101787
-0.103407
-0.097731
-0.101781
-0.108793
-0.105183
-0.103052
-0.107704
-0.106407
-0.102576
-0.106779
-0.102926
-0.098488
-0.106478
-0.100428
-0.099162
-0.107171
-0.100920
-0.102496
-0.107739
-0.101407
-0.105422
-0.105768
-0.102388
-0.107173
-0.104782
-0.102787
-0.109130
-0.104489
-0.105483
-0.107736
-0.104803
-0.107545
-0.109586
-0.107786
-0.107249
-0.108651
-0.109135
-0.105787
-0.105207
-0.107467
0.106257
0.594010
0.979131
0.208689
0.356208
0.364006
0.004513
0.218262
0.277049
0.052927
0.202747
0.125470
-0.100960
0.039678
0.008844
-0.047418
-0.076429
-0.064530
-0.056005
-0.072903
-0.080142
-0.062782
-0.095117
-0.084397
-0.099027
-0.081073
-0.103833
-0.087740
-0.103230
-0.095896
-0.106994
-0.095144
-0.094494
-0.105591
-0.102988
-0.091767
-0.095967
-0.102416
-0.097695
-0.094373
-0.091694
-0.102112
-0.079928
-0.085284
-0.097197
-0.088372
-0.100123
-0.102029
-0.097082
-0.104974
-0.104755
-0.107322
-0.107240
-0.109592
-0.104708
-0.106072
-0.109076
-0.104441
-0.102831
-0.104730
-0.100065
-0.100079
-0.104636
-0.098747
-0.102239
-0.107769
-0.102195
-0.106901
-0.108760
-0.110045
-0.107454
-0.105862
-0.108839
-0.107421
-0.108362
-0.108447
-0.110041
-0.107395
-0.109341
-0.108870
-0.109830
-0.108116
-0.108154
-0.108747
-0.106533
-0.108098
-0.109881
-0.106749
-0.107114
-0.109051
-0.107835
-0.110122
-0.107620
-0.108234
-0.108094
-0.105866
-0.108450
-0.107942
-0.107345
-0.109127
0.028258
2.024249
3.107469
0.995197
0.861656
0.675559
0.028276
0.101085
0.076341
0.076876
-0.009880
-0.044716
0.029508
-0.011429
-0.049866
-0.030551
-0.069039
-0.063138
-0.078581
-0.102893
-0.080620
-0.058754
-0.094264
-0.071357
-0.068778
-0.104938
-0.075819
-0.089543
-0.098752
-0.085896
-0.095921
-0.099935
-0.092995
-0.098293
-0.106286
-0.097879
-0.102453
-0.097668
-0.101761
-0.105982
-0.101524
-0.100336
-0.106867
-0.102397
-0.098566
-0.100761
-0.096648
-0.101713
-0.089136
-0.107188
-0.095651
-0.099168
-0.098623
-0.103216
-0.091574
-0.093179
-0.107138
-0.100665
-0.105511
-0.108720
-0.105282
-0.105342
-0.105345
-0.106660
-0.106891
-0.105455
-0.109059
-0.108403
-0.108448
-0.109149
-0.109060
-0.108634
-0.109823
-0.108352
-0.107574
-0.109442
-0.107361
-0.109055
-0.109004
-0.108013
-0.109753
-0.109427
-0.107984
-0.108557
-0.109000
-0.107609
-0.109082
-0.107411
-0.108813
-0.108195
-0.107862
-0.109900
-0.109190
-0.106074
-0.106557
-0.107482
-0.105816
-0.107582
-0.108405
-0.108076
-0.078211
0.366586
0.799420
0.430761
0.011450
0.126122
0.090454
0.035828
-0.057976
-0.060482
-0.045333
-0.040604
-0.075466
-0.064541
-0.047289
-0.064923
-0.072687
-0.072581
-0.096683
-0.097665
-0.100833
-0.107237
-0.102163
-0.107275
-0.105317
-0.106895
-0.106107
-0.105739
-0.107628
-0.105963
-0.107007
-0.104247
-0.107890
-0.104550
-0.106790
-0.104307
-0.102413
-0.103151
-0.103319
-0.102009
-0.102960
-0.105322
-0.101599
-0.104139
-0.107422
-0.106973
-0.104215
-0.100509
-0.104750
-0.105089
-0.103815
-0.107279
-0.107727
-0.109314
-0.105657
-0.104613
-0.107733
-0.110094
-0.107374
-0.104317
-0.107350
-0.108837
-0.108747
-0.107678
-0.107587
-0.108885
-0.107481
-0.107494
-0.108915
-0.108509
-0.109365
-0.109919
-0.110073
-0.109928
-0.110186
-0.109646
-0.109939
-0.109800
-0.110006
-0.110052
-0.110416
-0.109335
-0.109773
-0.109229
-0.109330
-0.110069
-0.109860
-0.109974
-0.109723
-0.110049
-0.109466
-0.109664
-0.109410
-0.110095
-0.108993
-0.109235
-0.110083
-0.109486
-0.109441
-0.108857
-0.194667
0.003909
0.058902
-0.424983
-0.110460
-0.110462
1.989836
0.468903
2.730349
1.110618
-0.110461
-0.110464
-1.055162
0.207967
-0.710165
-1.700117
-0.110462
-0.110463
-0.121406
0.050948
0.151906
-0.502907
-0.110462
-0.110461
-0.073664
0.036950
0.256968
-0.403255
-0.110462
-0.110461
-0.126723
0.093648
0.212006
-0.556588
-0.110462
-0.110462
3.440284
0.630912
4.598178
2.210718
-0.110461
-0.110464
-0.027128
-0.048329
-0.073626
-0.076473
-0.105483
-0.103942
-0.106962
-0.106446
-0.109659
-0.106334
-0.106609
-0.107944
-0.109453
-0.108399
-0.108396
-0.108073
-0.109009
-0.108570
-0.108476
-0.110134
-0.109232
-0.109156
-0.108344
-0.107374
-0.109039
-0.108385
-0.107163
-0.108396
-0.109320
-0.109531
-0.109037
-0.109654
-0.109973
-0.110151
-0.110040
-0.110408
-0.109951
-0.109576
-0.110353
-0.110074
-0.110351
-0.110155
-0.109969
-0.110217
-0.109898
-0.110056
-0.110258
-0.110103
-0.110092
-0.110170
-0.109720
-0.110071
-0.110160
-0.109832
-0.109752
-0.109940
-0.109780
-0.110293
-0.110230
-0.110153
-0.110196
-0.110122
-0.110281
-0.110248
-0.110045
-0.110182
-0.110131
-0.110248
-0.110179
-0.110218
-0.110263
-0.110152
-0.110160
-0.110223
-0.110145
-0.110088
-0.110068
-0.110189
-0.110458
-0.110151
-0.110190
-0.110161
-0.110276
-0.110170
-0.110281
-0.110277
-0.110266
-0.110281
-0.110220
-0.110273
-0.110285
-0.110208
-0.110189
-0.110158
-0.110244
-0.110232
-0.110180
-0.110182
-0.110199
-0.110237
1.985741
-0.100077
0.297165
-0.091311
-0.083316
-0.107405
-0.104787
-0.107059
-0.103582
-0.109036
-0.102636
-0.109374
-0.105998
-0.108348
-0.106768
-0.108770
-0.107366
-0.106830
-0.107338
-0.109938
-0.108656
-0.106968
-0.104263
-0.107487
-0.095981
-0.093232
-0.101261
-0.104368
-0.097901
-0.099699
-0.108457
-0.108026
-0.109250
-0.109596
-0.109522
-0.110111
-0.109323
-0.110192
-0.110258
-0.109667
-0.110162
-0.109929
-0.110258
-0.109626
-0.110236
-0.109954
-0.110069
-0.110011
-0.110328
-0.109115
-0.108539
-0.105540
-0.109294
-0.109501
-0.108939
-0.106446
-0.109646
-0.110290
-0.110210
-0.110253
-0.110368
-0.110166
-0.110243
-0.110183
-0.110373
-0.110251
-0.110160
-0.110161
-0.110364
-0.110295
-0.110361
-0.110061
-0.110321
-0.110384
-0.110169
-0.109855
-0.109690
-0.109313
-0.109056
-0.109264
-0.109563
-0.109299
-0.109425
-0.110035
-0.110262
-0.110364
-0.110423
-0.110277
-0.110379
-0.110385
-0.110395
-0.110309
-0.109806
-0.109838
-0.110240
-0.110187
-0.109935
-0.109704
-0.110166
-0.110347
0.833565
-0.075992
0.103137
-0.086964
-0.059500
-0.108501
-0.104718
-0.106101
-0.107754
-0.107362
-0.107356
-0.108067
-0.108978
-0.107289
-0.106731
-0.108504
-0.108373
-0.107876
-0.107082
-0.109382
-0.108545
-0.106826
-0.103138
-0.107494
-0.099138
-0.104912
-0.108578
-0.108775
-0.104168
-0.103538
-0.106126
-0.108431
-0.109029
-0.109540
-0.109551
-0.109807
-0.110113
-0.109982
-0.109805
-0.109840
-0.110075
-0.110337
-0.110156
-0.109928
-0.110054
-0.110231
-0.110234
-0.110036
-0.109879
-0.108974
-0.109252
-0.107999
-0.110074
-0.110297
-0.110103
-0.108030
-0.110006
-0.109395
-0.110108
-0.110270
-0.110394
-0.110177
-0.110191
-0.110287
-0.110265
-0.110207
-0.110113
-0.110142
-0.110265
-0.110283
-0.110104
-0.110072
-0.110290
-0.110207
-0.110153
-0.109565
-0.110152
-0.109520
-0.110125
-0.110367
-0.110381
-0.109714
-0.109887
-0.109945
-0.110311
-0.110286
-0.110308
-0.110395
-0.110380
-0.110358
-0.110382
-0.110241
-0.110043
-0.110186
-0.110223
-0.110245
-0.110140
-0.109975
-0.110011
-0.110432
-0.098591
-0.050117
-0.019735
-0.087642
-0.090958
-0.103122
-0.101921
-0.107482
-0.105047
-0.108241
-0.109654
-0.108920
-0.108970
-0.109164
-0.109312
-0.109328
-0.109437
-0.109551
-0.109421
-0.109208
-0.110097
-0.109771
-0.108008
-0.108176
-0.107866
-0.106578
-0.107078
-0.107517
-0.108295
-0.107906
-0.109027
-0.108998
-0.109913
-0.109378
-0.109783
-0.109441
-0.109541
-0.109785
-0.109774
-0.109769
-0.109796
-0.109813
-0.109823
-0.109787
-0.109828
-0.109827
-0.109640
-0.109810
-0.109864
-0.110150
-0.109598
-0.109903
-0.110216
-0.109862
-0.109466
-0.109184
-0.110100
-0.109711
-0.110154
-0.110246
-0.110052
-0.110119
-0.110090
-0.110059
-0.110076
-0.110103
-0.110061
-0.110099
-0.110112
-0.110136
-0.110142
-0.110079
-0.110108
-0.109992
-0.110002
-0.109934
-0.110156
-0.109844
-0.110101
-0.110188
-0.110250
-0.110181
-0.109798
-0.110102
-0.109931
-0.110026
-0.110113
-0.110077
-0.110066
-0.110086
-0.110132
-0.110052
-0.110242
-0.110083
-0.110087
-0.110080
-0.110054
-0.110272
-0.110082
-0.110153
-0.072040
-0.039185
-0.082064
-0.056133
-0.091439
-0.090426
-0.094182
-0.097790
-0.097963
-0.100584
-0.102200
-0.102769
-0.103083
-0.103609
-0.104295
-0.104707
-0.104921
-0.105227
-0.105681
-0.105558
-0.105907
-0.105441
-0.104467
-0.104995
-0.103035
-0.105359
-0.109301
-0.107893
-0.109453
-0.108991
-0.106445
-0.107704
-0.108594
-0.108308
-0.108299
-0.108057
-0.108195
-0.108405
-0.108407
-0.108332
-0.108350
-0.108494
-0.108564
-0.108507
-0.108475
-0.108606
-0.108684
-0.108630
-0.108823
-0.108577
-0.108384
-0.108218
-0.108274
-0.109081
-0.108820
-0.108912
-0.109495
-0.108789
-0.108671
-0.108974
-0.109002
-0.109010
-0.108944
-0.108956
-0.109039
-0.109059
-0.108996
-0.108969
-0.109038
-0.109126
-0.109106
-0.109042
-0.109106
-0.109163
-0.109030
-0.109050
-0.109129
-0.108940
-0.108877
-0.108993
-0.109340
-0.109353
-0.109226
-0.109480
-0.109350
-0.109193
-0.109260
-0.109275
-0.109269
-0.109283
-0.109256
-0.109229
-0.109290
-0.109192
-0.109049
-0.109053
-0.109193
-0.109274
-0.109187
-0.109268
-0.094699
-0.043344
-0.078501
0.008398
-0.094026
-0.097885
-0.101114
-0.103433
-0.104444
-0.105155
-0.105366
-0.106076
-0.106555
-0.106867
-0.106807
-0.106852
-0.107415
-0.107796
-0.107838
-0.107373
-0.107321
-0.107575
-0.107471
-0.100570
-0.104016
-0.105912
-0.105622
-0.107912
-0.107722
-0.104273
-0.106313
-0.109258
-0.109456
-0.109371
-0.109570
-0.109647
-0.109493
-0.109328
-0.109376
-0.109507
-0.109541
-0.109416
-0.109336
-0.109454
-0.109592
-0.109515
-0.109356
-0.109350
-0.109733
-0.109742
-0.108156
-0.110379
-0.109629
-0.109075
-0.109317
-0.109777
-0.107893
-0.109853
-0.109868
-0.109656
-0.109589
-0.109668
-0.109750
-0.109721
-0.109657
-0.109623
-0.109748
-0.109803
-0.109742
-0.109647
-0.109659
-0.109835
-0.109701
-0.109619
-0.109501
-0.109593
-0.109267
-0.109915
-0.110223
-0.109909
-0.109681
-0.109626
-0.110246
-0.109475
-0.109838
-0.109932
-0.109864
-0.109828
-0.109862
-0.109882
-0.109814
-0.109854
-0.109573
-0.109769
-0.109934
-0.109931
-0.109752
-0.109517
-0.109861
-0.109791
