-1.370629
1.882101
1.920672
-7.367061
-0.112832
-0.112827
0.145171
1.156905
5.245666
-2.878349
-0.112826
-0.112822
2.633095
1.681521
7.916380
-3.768081
-0.112831
-0.112820
-0.479508
2.288063
6.491830
-4.662541
-0.112828
-0.112829
-0.053057
5.879788
11.980219
-9.947495
-0.112829
-0.112831
-0.184675
1.627076
3.356817
-3.532549
-0.112829
-0.112830
10.625654
-0.111965
10.627131
10.623965
-0.112831
-0.112831
8.410793
3.487080
14.087388
2.929439
-0.112829
-0.112832
1.139049
0.669495
0.431624
0.496907
0.214419
0.108742
0.334971
0.040782
0.053868
-0.027582
0.087948
0.005557
0.030970
0.127113
-0.086271
0.092502
-0.003448
-0.030523
0.002345
-0.089208
-0.032044
-0.022829
-0.081860
0.006034
-0.087717
0.002688
-0.035458
-0.049115
-0.031036
-0.100125
-0.052897
-0.092059
-0.084255
-0.071376
-0.105820
-0.068889
-0.075162
-0.088850
-0.063726
-0.106702
-0.082361
-0.092165
-0.109423
-0.101256
-0.097641
-0.094564
-0.104887
-0.090746
-0.098987
-0.109219
-0.105173
-0.112025
-0.109290
-0.104755
-0.103265
-0.109648
-0.101109
-0.096744
-0.110034
-0.106536
-0.107562
-0.103415
-0.110782
-0.100034
-0.100947
-0.105741
-0.097419
-0.110170
-0.102863
-0.105296
-0.110051
-0.103377
-0.107642
-0.104997
-0.101960
-0.109284
-0.098230
-0.109204
-0.100847
-0.105120
-0.107127
-0.105576
-0.111940
-0.107405
-0.108233
-0.110672
-0.104444
-0.109496
-0.105136
-0.105365
-0.109260
-0.105787
-0.111869
-0.107993
-0.110343
-0.109355
-0.110125
-0.109179
-0.108069
-0.111909
0.143794
0.346574
0.233719
-0.042646
-0.052588
0.047273
0.010699
-0.002392
-0.037501
0.041619
0.116048
0.047584
0.147099
0.132489
0.007360
0.078569
-0.036301
0.057700
0.015914
-0.006400
0.018267
-0.077526
-0.049630
-0.047102
-0.105515
-0.059802
-0.077473
-0.085914
-0.063655
-0.094968
-0.073545
-0.052743
-0.083854
-0.049777
-0.065528
-0.079656
-0.068145
-0.092086
-0.058409
-0.079913
-0.080389
-0.080049
-0.101182
-0.097417
-0.105597
-0.104275
-0.106671
-0.111610
-0.109042
-0.107137
-0.110743
-0.111488
-0.109585
-0.110683
-0.110854
-0.109298
-0.107992
-0.110362
-0.107036
-0.111310
-0.103789
-0.103173
-0.103353
-0.095586
-0.101588
-0.100640
-0.100843
-0.106506
-0.098595
-0.104870
-0.099535
-0.102138
-0.108990
-0.104394
-0.108351
-0.110137
-0.106351
-0.110417
-0.106938
-0.106553
-0.110667
-0.105313
-0.107229
-0.109257
-0.104930
-0.109212
-0.107840
-0.108675
-0.107980
-0.104901
-0.108453
-0.106496
-0.107510
-0.110817
-0.110142
-0.112515
-0.110855
-0.112266
-0.111675
-0.111620
2.630659
0.391449
0.409928
0.006578
0.512654
0.404450
0.103143
0.221797
0.209548
0.053044
0.003873
0.090453
-0.092083
0.027111
-0.036054
-0.049532
-0.076069
-0.043854
-0.075591
-0.088086
-0.065172
-0.088865
-0.086548
-0.073037
-0.097889
-0.070306
-0.084566
-0.087957
-0.083096
-0.098977
-0.092291
-0.092961
-0.109030
-0.090626
-0.095440
-0.101461
-0.094492
-0.091972
-0.090347
-0.098647
-0.083421
-0.111311
-0.089677
-0.090364
-0.097567
-0.097083
-0.084276
-0.094780
-0.107181
-0.102396
-0.109242
-0.112332
-0.110205
-0.108955
-0.105153
-0.097057
-0.105674
-0.100160
-0.097161
-0.102042
-0.108953
-0.103174
-0.103795
-0.107709
-0.102225
-0.109073
-0.106374
-0.109277
-0.107207
-0.111424
-0.109023
-0.107738
-0.110429
-0.108421
-0.108025
-0.110793
-0.105778
-0.110925
-0.107199
-0.109045
-0.110413
-0.109481
-0.111457
-0.111839
-0.109910
-0.110212
-0.110846
-0.109341
-0.108603
-0.111343
-0.107652
-0.108548
-0.108879
-0.107579
-0.108391
-0.109472
-0.108692
-0.107387
-0.111302
-0.109837
0.252366
0.686996
0.907160
0.045221
0.501095
0.324517
-0.040121
0.327694
0.187642
0.134718
0.249493
0.048724
0.063940
0.080072
-0.080964
-0.052555
-0.067135
-0.078881
-0.101270
-0.104849
-0.095347
-0.094890
-0.089071
-0.102949
-0.081668
-0.098844
-0.092002
-0.092765
-0.103006
-0.094413
-0.103392
-0.105969
-0.108735
-0.106280
-0.105060
-0.105986
-0.106005
-0.098644
-0.085576
-0.101133
-0.086451
-0.080444
-0.096882
-0.087055
-0.093797
-0.105508
-0.098929
-0.104540
-0.107883
-0.104434
-0.110693
-0.111866
-0.109432
-0.109313
-0.108180
-0.104353
-0.109178
-0.106398
-0.102061
-0.107147
-0.099622
-0.101169
-0.106433
-0.101920
-0.105842
-0.110113
-0.108668
-0.110354
-0.111237
-0.111940
-0.111947
-0.111173
-0.111677
-0.110873
-0.110769
-0.109741
-0.111932
-0.110399
-0.111564
-0.110366
-0.111057
-0.111596
-0.112064
-0.111799
-0.111448
-0.111257
-0.110967
-0.111388
-0.109014
-0.109132
-0.109962
-0.107507
-0.107460
-0.109461
-0.106986
-0.109239
-0.110044
-0.109993
-0.111965
-0.111332
-0.051597
2.161744
3.007844
0.749169
1.002785
0.699771
0.010382
0.240970
0.140437
0.069271
-0.017996
0.012166
-0.039938
-0.035780
-0.035813
-0.064840
-0.075827
-0.039427
-0.082645
-0.075366
-0.056458
-0.097237
-0.068978
-0.078899
-0.090380
-0.078260
-0.086245
-0.094566
-0.085045
-0.096068
-0.098820
-0.089761
-0.108092
-0.097430
-0.100028
-0.107832
-0.100663
-0.106120
-0.105704
-0.102276
-0.107317
-0.105605
-0.099309
-0.103162
-0.104034
-0.105356
-0.091121
-0.102413
-0.094333
-0.092091
-0.109054
-0.105042
-0.102279
-0.096166
-0.109068
-0.095165
-0.106432
-0.106964
-0.104619
-0.107189
-0.109197
-0.110130
-0.107947
-0.111017
-0.111697
-0.109670
-0.110687
-0.111136
-0.109839
-0.112210
-0.109639
-0.110654
-0.111769
-0.109000
-0.111418
-0.110682
-0.109640
-0.111131
-0.110657
-0.109863
-0.112118
-0.110543
-0.110733
-0.112591
-0.110434
-0.112263
-0.112324
-0.110415
-0.112181
-0.112408
-0.111300
-0.111876
-0.111839
-0.111741
-0.109025
-0.111026
-0.109488
-0.108061
-0.110652
-0.109645
-0.041740
0.443966
0.747921
0.338513
0.173420
0.163235
0.028812
-0.027747
-0.045127
0.000447
-0.012733
-0.018397
-0.030468
-0.032513
-0.045018
-0.064036
-0.068002
-0.076028
-0.083498
-0.086153
-0.087718
-0.101223
-0.088996
-0.104523
-0.092907
-0.101421
-0.095535
-0.098937
-0.103223
-0.100874
-0.105819
-0.100950
-0.104922
-0.104285
-0.102593
-0.103416
-0.103570
-0.102793
-0.102593
-0.101432
-0.102058
-0.101714
-0.104888
-0.107975
-0.105045
-0.105566
-0.106400
-0.109342
-0.105072
-0.106973
-0.110785
-0.110521
-0.109204
-0.107556
-0.109412
-0.106637
-0.108278
-0.111316
-0.111471
-0.108865
-0.107875
-0.109846
-0.108835
-0.108927
-0.108727
-0.109817
-0.110388
-0.110595
-0.111164
-0.110879
-0.111200
-0.111601
-0.111756
-0.110910
-0.112288
-0.111093
-0.112158
-0.110954
-0.111932
-0.111413
-0.112287
-0.111707
-0.111613
-0.111819
-0.111439
-0.110777
-0.111073
-0.110815
-0.111036
-0.110820
-0.110055
-0.110606
-0.110948
-0.111599
-0.110623
-0.111501
-0.111837
-0.112139
-0.111770
-0.110935
-0.228409
0.015067
0.028817
-0.442517
-0.112828
-0.112831
1.946193
0.486036
2.726347
1.030011
-0.112829
-0.112833
-1.044120
0.199489
-0.649859
-1.638371
-0.112830
-0.112832
-0.167629
-0.036978
-0.023811
-0.314622
-0.112829
-0.112831
0.004106
0.085788
0.255377
-0.345277
-0.112830
-0.112833
-0.169479
0.107790
0.188720
-0.600420
-0.112829
-0.112832
3.459798
0.611270
4.468279
2.154439
-0.112830
-0.112832
0.003270
-0.049631
-0.085349
-0.055915
-0.109469
-0.106601
-0.111642
-0.109687
-0.111950
-0.110044
-0.112113
-0.109083
-0.112173
-0.110970
-0.112623
-0.110109
-0.111881
-0.111809
-0.112451
-0.112347
-0.111993
-0.111246
-0.111927
-0.107641
-0.110188
-0.110745
-0.111309
-0.111062
-0.111393
-0.109363
-0.111676
-0.111714
-0.112309
-0.112000
-0.112182
-0.111856
-0.112324
-0.112160
-0.112434
-0.112402
-0.112442
-0.111993
-0.112169
-0.112297
-0.112328
-0.112421
-0.112128
-0.112092
-0.111903
-0.112347
-0.112254
-0.112655
-0.112445
-0.112585
-0.112688
-0.111941
-0.112439
-0.112512
-0.112546
-0.112427
-0.112523
-0.112422
-0.112456
-0.112669
-0.112597
-0.112428
-0.112489
-0.112566
-0.112515
-0.112597
-0.112559
-0.112504
-0.112448
-0.112712
-0.112442
-0.112424
-0.112275
-0.112567
-0.112319
-0.112247
-0.112354
-0.112593
-0.112620
-0.112585
-0.112526
-0.112568
-0.112557
-0.112629
-0.112613
-0.112551
-0.112528
-0.112564
-0.112537
-0.112624
-0.112541
-0.112575
-0.112564
-0.112604
-0.112672
-0.112534
1.948184
-0.104165
0.306182
-0.082966
-0.086125
-0.110513
-0.108987
-0.111977
-0.105486
-0.111011
-0.102873
-0.109924
-0.106559
-0.107187
-0.108865
-0.109105
-0.107328
-0.112062
-0.109638
-0.111743
-0.111322
-0.110557
-0.108224
-0.103912
-0.088552
-0.106621
-0.111789
-0.107224
-0.095207
-0.107938
-0.112555
-0.110741
-0.110769
-0.111493
-0.112606
-0.111313
-0.110929
-0.111750
-0.110666
-0.111700
-0.111524
-0.110974
-0.112658
-0.112059
-0.111182
-0.111577
-0.112075
-0.110994
-0.110506
-0.108583
-0.109598
-0.110992
-0.110839
-0.111215
-0.109529
-0.111608
-0.112215
-0.111878
-0.112119
-0.112257
-0.112043
-0.112229
-0.111843
-0.112147
-0.112177
-0.111902
-0.112257
-0.112179
-0.112134
-0.112136
-0.111869
-0.112415
-0.111870
-0.111717
-0.112087
-0.110721
-0.111917
-0.111148
-0.111086
-0.111120
-0.112753
-0.112261
-0.111962
-0.112265
-0.112250
-0.112199
-0.112018
-0.112154
-0.112309
-0.112029
-0.112220
-0.112258
-0.112126
-0.112147
-0.112142
-0.112038
-0.112635
-0.111863
-0.111702
-0.112494
0.816607
-0.090725
0.097511
-0.091064
-0.057142
-0.107147
-0.109521
-0.108931
-0.107920
-0.111364
-0.111263
-0.109873
-0.112192
-0.109651
-0.110701
-0.112105
-0.110827
-0.111028
-0.111202
-0.111890
-0.109535
-0.111811
-0.104941
-0.109591
-0.101125
-0.110349
-0.111017
-0.112222
-0.101652
-0.109008
-0.110457
-0.111547
-0.111449
-0.111986
-0.112047
-0.111494
-0.111851
-0.112112
-0.111552
-0.112189
-0.112209
-0.111747
-0.111857
-0.112224
-0.111962
-0.111665
-0.112465
-0.112126
-0.110477
-0.111306
-0.110549
-0.111832
-0.111184
-0.111573
-0.110835
-0.112059
-0.111859
-0.111988
-0.112307
-0.112232
-0.111966
-0.112200
-0.112248
-0.112117
-0.112156
-0.112191
-0.112093
-0.112037
-0.112288
-0.112126
-0.111891
-0.112283
-0.112147
-0.112083
-0.111346
-0.111494
-0.112572
-0.112134
-0.112140
-0.111887
-0.112268
-0.112181
-0.111953
-0.112276
-0.112190
-0.112131
-0.112194
-0.112230
-0.112191
-0.112135
-0.112220
-0.112184
-0.112200
-0.112086
-0.112045
-0.112406
-0.112343
-0.112281
-0.111958
-0.112227
-0.058532
-0.090786
-0.087535
-0.097472
-0.075571
-0.108587
-0.108962
-0.112351
-0.109611
-0.111823
-0.111919
-0.112352
-0.112331
-0.112435
-0.112517
-0.112436
-0.111988
-0.112354
-0.111529
-0.112567
-0.111735
-0.111291
-0.107976
-0.110150
-0.110864
-0.111544
-0.111994
-0.112131
-0.111534
-0.111428
-0.109136
-0.111480
-0.111730
-0.111776
-0.111734
-0.111902
-0.111877
-0.111993
-0.112004
-0.112042
-0.112028
-0.111951
-0.112069
-0.111964
-0.112250
-0.112061
-0.111801
-0.111620
-0.112225
-0.112552
-0.112081
-0.112247
-0.112345
-0.111947
-0.112187
-0.112476
-0.111973
-0.112396
-0.112417
-0.112369
-0.112206
-0.112331
-0.112286
-0.112286
-0.112295
-0.112298
-0.112285
-0.112254
-0.112317
-0.112303
-0.112228
-0.112164
-0.112308
-0.111998
-0.112326
-0.112284
-0.112273
-0.112367
-0.112331
-0.112173
-0.112252
-0.112164
-0.112483
-0.112353
-0.112285
-0.112308
-0.112349
-0.112329
-0.112348
-0.112329
-0.112342
-0.112318
-0.112334
-0.112394
-0.112440
-0.112411
-0.112286
-0.112364
-0.112413
-0.112444
0.002180
0.023648
-0.090291
-0.086753
-0.107100
-0.106146
-0.109630
-0.110603
-0.110083
-0.110709
-0.111460
-0.111248
-0.111385
-0.111880
-0.111803
-0.111683
-0.112042
-0.112285
-0.112158
-0.112129
-0.112350
-0.111857
-0.111652
-0.109729
-0.111061
-0.109290
-0.111238
-0.110016
-0.111134
-0.110485
-0.111909
-0.111838
-0.112299
-0.112078
-0.112164
-0.112378
-0.112211
-0.112219
-0.112389
-0.112301
-0.112225
-0.112386
-0.112384
-0.112246
-0.112321
-0.112434
-0.112312
-0.111976
-0.112356
-0.112637
-0.112271
-0.111611
-0.111703
-0.112628
-0.112554
-0.112094
-0.112397
-0.112538
-0.112359
-0.112385
-0.112483
-0.112401
-0.112383
-0.112460
-0.112424
-0.112380
-0.112443
-0.112441
-0.112384
-0.112398
-0.112454
-0.112369
-0.112352
-0.112489
-0.112245
-0.112224
-0.112489
-0.112595
-0.112525
-0.112408
-0.112252
-0.112577
-0.112508
-0.112433
-0.112453
-0.112489
-0.112451
-0.112436
-0.112465
-0.112456
-0.112439
-0.112450
-0.112457
-0.112436
-0.112479
-0.112511
-0.112458
-0.112399
-0.112441
-0.112458
-0.054433
-0.099964
-0.062288
0.033449
-0.108204
-0.111230
-0.110451
-0.111960
-0.111271
-0.111452
-0.112362
-0.111781
-0.111776
-0.112544
-0.112247
-0.112076
-0.112574
-0.112249
-0.112200
-0.112346
-0.111355
-0.110612
-0.109904
-0.099430
-0.106771
-0.110158
-0.109530
-0.110213
-0.111458
-0.104488
-0.110824
-0.112290
-0.112256
-0.111991
-0.112273
-0.112583
-0.112207
-0.112214
-0.112564
-0.112330
-0.112201
-0.112459
-0.112383
-0.112093
-0.112300
-0.112422
-0.111768
-0.111471
-0.111110
-0.111212
-0.111751
-0.112573
-0.112043
-0.111954
-0.112187
-0.110923
-0.112031
-0.112589
-0.112332
-0.112364
-0.112606
-0.112484
-0.112438
-0.112604
-0.112572
-0.112467
-0.112569
-0.112630
-0.112533
-0.112492
-0.112720
-0.112446
-0.112337
-0.112428
-0.112076
-0.112295
-0.112203
-0.112529
-0.112198
-0.111913
-0.112090
-0.112412
-0.112822
-0.112588
-0.112585
-0.112685
-0.112616
-0.112584
-0.112636
-0.112622
-0.112591
-0.112600
-0.112615
-0.112672
-0.112456
-0.112518
-0.112469
-0.112565
-0.112781
-0.112352
