-3.000009
2.154510
0.233943
-10.457435
-0.117091
-0.117087
0.309483
1.357085
5.073008
-3.093308
-0.117088
-0.117086
1.670904
2.090556
6.930566
-4.134021
-0.117091
-0.117087
-0.507208
2.333077
4.749037
-4.998923
-0.117089
-0.117090
0.056737
6.009831
8.144393
-10.027003
-0.117090
-0.117091
-0.088847
2.217591
4.734371
-3.865784
-0.117088
-0.117090
6.195617
-0.116270
6.197496
6.194219
-0.117089
-0.117090
9.864715
3.057275
15.726230
4.458641
-0.117089
-0.117090
2.762395
0.600428
1.010916
0.216298
0.040172
0.120312
0.072219
0.124787
0.104717
-0.033355
-0.019303
0.086280
0.054086
0.053245
0.114637
0.076331
0.043304
0.106425
0.059135
0.039736
0.056903
0.012867
-0.012752
0.016262
-0.040251
-0.049906
-0.052609
-0.082706
-0.099691
-0.082962
-0.078733
-0.093323
-0.088899
-0.113347
-0.106911
-0.097535
-0.096839
-0.106955
-0.108836
-0.107253
-0.096585
-0.108911
-0.114972
-0.114073
-0.100446
-0.100357
-0.113675
-0.102931
-0.105062
-0.103308
-0.105920
-0.096550
-0.094685
-0.101261
-0.090240
-0.090354
-0.099663
-0.088737
-0.097638
-0.098559
-0.095130
-0.102090
-0.105024
-0.104086
-0.109566
-0.111380
-0.112266
-0.108072
-0.112994
-0.113101
-0.110576
-0.114960
-0.116552
-0.113643
-0.113832
-0.113825
-0.113208
-0.113428
-0.113503
-0.115398
-0.116485
-0.115771
-0.112417
-0.116720
-0.113908
-0.114183
-0.116015
-0.114522
-0.114838
-0.113565
-0.113915
-0.114265
-0.112139
-0.114171
-0.113700
-0.112405
-0.115607
-0.112936
-0.114100
-0.115255
0.307761
0.560415
0.285575
0.068600
0.120328
0.106268
-0.070034
0.058235
0.075527
0.049901
0.068432
0.012848
0.042781
-0.012993
-0.043866
-0.050683
0.013087
0.021965
0.033081
0.001835
0.017035
-0.016883
-0.049103
-0.067958
-0.070513
-0.089415
-0.077552
-0.075202
-0.070057
-0.085615
-0.098210
-0.089450
-0.112629
-0.093106
-0.106273
-0.113184
-0.109385
-0.110595
-0.113691
-0.109846
-0.110465
-0.112054
-0.109473
-0.109955
-0.110301
-0.105057
-0.104408
-0.103058
-0.106041
-0.099928
-0.105825
-0.109213
-0.109875
-0.109177
-0.100450
-0.099612
-0.100654
-0.097793
-0.100755
-0.103574
-0.104819
-0.110687
-0.110484
-0.113548
-0.111041
-0.107146
-0.110312
-0.111776
-0.112142
-0.112193
-0.114271
-0.113968
-0.115205
-0.116529
-0.115626
-0.116142
-0.115539
-0.115573
-0.116615
-0.116816
-0.115908
-0.114297
-0.116731
-0.114117
-0.115733
-0.115070
-0.114470
-0.114185
-0.115777
-0.115892
-0.116001
-0.115240
-0.114740
-0.114659
-0.114112
-0.114276
-0.114791
-0.114643
-0.115151
-0.116202
1.675313
0.541118
0.376290
0.500089
0.487813
0.516903
0.243368
0.248537
0.119834
-0.028560
0.048769
0.145527
0.060815
0.020816
0.055643
0.010688
-0.014267
-0.015023
-0.038529
-0.034033
-0.046690
-0.042354
-0.054029
-0.040635
-0.059361
-0.065691
-0.045360
-0.071971
-0.093640
-0.082176
-0.084513
-0.092473
-0.074835
-0.088607
-0.091927
-0.104927
-0.113405
-0.115432
-0.112765
-0.109529
-0.111843
-0.104637
-0.101469
-0.100314
-0.101105
-0.097136
-0.108225
-0.109941
-0.098765
-0.103254
-0.106632
-0.098208
-0.104375
-0.103591
-0.104245
-0.105368
-0.104940
-0.106657
-0.105824
-0.106409
-0.107575
-0.104597
-0.111326
-0.104472
-0.107319
-0.113400
-0.107899
-0.111488
-0.114526
-0.109570
-0.111469
-0.110948
-0.114058
-0.113488
-0.114594
-0.115224
-0.116152
-0.116376
-0.115766
-0.113962
-0.114826
-0.113345
-0.114516
-0.113481
-0.115989
-0.114602
-0.112999
-0.116513
-0.112963
-0.113760
-0.116107
-0.113273
-0.115558
-0.114036
-0.114432
-0.115942
-0.114020
-0.115618
-0.115101
-0.114066
0.262435
0.961778
0.647667
0.814388
0.008149
0.381071
-0.028503
0.105102
-0.026407
-0.001318
0.004300
-0.047628
-0.088409
-0.086817
-0.081354
-0.078023
-0.064580
-0.078787
-0.075345
-0.073862
-0.091927
-0.080791
-0.099719
-0.090774
-0.108239
-0.102090
-0.112387
-0.102973
-0.101195
-0.102060
-0.107925
-0.095305
-0.106425
-0.097644
-0.113105
-0.100840
-0.102150
-0.115176
-0.113737
-0.114765
-0.104294
-0.105141
-0.111716
-0.104628
-0.114969
-0.111532
-0.112206
-0.111900
-0.111620
-0.114013
-0.114838
-0.114056
-0.114080
-0.115600
-0.111760
-0.116149
-0.110860
-0.115496
-0.111890
-0.114760
-0.114122
-0.114271
-0.116539
-0.113792
-0.114590
-0.116794
-0.113415
-0.116018
-0.115354
-0.114097
-0.115214
-0.112647
-0.115932
-0.115498
-0.112971
-0.115517
-0.115007
-0.115695
-0.113097
-0.116675
-0.116089
-0.114264
-0.115279
-0.114869
-0.116004
-0.116775
-0.115159
-0.116245
-0.115725
-0.115228
-0.115818
-0.115339
-0.115751
-0.116039
-0.115205
-0.115980
-0.115177
-0.115837
-0.115317
-0.115936
0.079783
3.609296
1.526362
0.706143
0.946689
0.242478
0.046716
0.094799
0.084155
0.058468
-0.049975
0.022113
-0.040495
-0.024482
-0.032611
-0.092434
-0.071068
-0.083225
-0.100709
-0.088462
-0.101028
-0.087958
-0.105844
-0.090403
-0.090742
-0.100822
-0.092543
-0.103999
-0.097184
-0.102284
-0.102259
-0.112222
-0.099037
-0.088961
-0.089547
-0.106635
-0.095588
-0.095667
-0.110792
-0.101600
-0.096513
-0.108647
-0.104010
-0.107779
-0.108120
-0.108077
-0.113015
-0.114027
-0.113689
-0.111147
-0.113054
-0.111385
-0.112320
-0.114150
-0.112076
-0.116637
-0.113173
-0.114872
-0.112888
-0.114631
-0.113676
-0.113106
-0.115584
-0.112979
-0.115439
-0.114254
-0.113843
-0.116406
-0.115452
-0.116077
-0.112746
-0.110338
-0.115482
-0.114635
-0.113644
-0.113077
-0.114241
-0.112456
-0.114958
-0.115316
-0.115924
-0.112881
-0.113736
-0.116151
-0.115309
-0.116175
-0.115402
-0.115480
-0.116673
-0.115053
-0.115660
-0.115360
-0.115201
-0.115838
-0.115376
-0.115359
-0.115471
-0.115391
-0.115245
-0.115759
-0.085260
0.838702
0.901266
0.150646
0.647605
0.079595
0.034565
-0.019281
-0.012013
-0.038572
-0.071109
-0.075863
-0.049631
-0.067006
-0.080719
-0.081330
-0.097839
-0.100725
-0.112136
-0.115171
-0.111580
-0.107845
-0.108263
-0.103237
-0.105141
-0.099755
-0.106588
-0.109132
-0.101987
-0.111135
-0.105983
-0.105964
-0.108836
-0.101179
-0.096221
-0.111895
-0.109849
-0.106811
-0.111212
-0.109109
-0.106411
-0.108708
-0.103398
-0.113731
-0.113852
-0.112062
-0.115491
-0.112785
-0.115745
-0.112299
-0.113356
-0.115616
-0.113209
-0.116355
-0.114508
-0.115744
-0.115939
-0.116135
-0.115673
-0.116297
-0.115195
-0.115117
-0.115399
-0.114438
-0.116109
-0.114000
-0.116117
-0.116071
-0.115376
-0.116130
-0.115512
-0.113807
-0.114150
-0.115647
-0.115993
-0.113998
-0.114113
-0.113667
-0.116259
-0.115515
-0.114921
-0.115116
-0.115562
-0.116575
-0.115749
-0.116199
-0.116381
-0.115600
-0.116083
-0.115607
-0.115797
-0.116042
-0.115804
-0.116005
-0.115951
-0.115877
-0.116010
-0.115900
-0.115774
-0.116231
-1.124034
1.288999
1.634703
-2.613155
-0.117087
-0.117090
1.627443
1.465870
3.927309
-1.442003
-0.117090
-0.117090
-0.303563
0.232875
0.266638
-0.765696
-0.117088
-0.117091
0.102022
1.423304
2.303122
-2.025889
-0.117089
-0.117092
0.348609
2.112086
3.320957
-3.020849
-0.117089
-0.117091
-0.250970
2.380191
3.331311
-3.920733
-0.117089
-0.117091
5.307116
1.540712
8.353683
2.480540
-0.117088
-0.117090
0.894573
0.674852
0.475261
-0.094171
-0.096407
-0.107868
-0.108535
-0.107527
-0.108823
-0.113859
-0.113450
-0.110845
-0.113165
-0.114396
-0.113374
-0.113011
-0.112095
-0.063577
-0.084624
-0.113977
-0.091635
-0.081984
-0.115366
-0.114094
-0.115400
-0.114918
-0.114703
-0.115302
-0.115664
-0.115504
-0.115324
-0.115981
-0.116032
-0.115685
-0.116186
-0.115651
-0.104932
-0.109549
-0.115202
-0.111569
-0.107988
-0.116048
-0.115710
-0.116044
-0.115873
-0.115851
-0.116149
-0.116100
-0.116051
-0.116144
-0.116321
-0.116302
-0.116251
-0.116552
-0.116581
-0.111481
-0.114225
-0.115827
-0.115174
-0.112515
-0.116134
-0.116148
-0.116230
-0.116189
-0.116223
-0.116345
-0.116251
-0.116252
-0.116357
-0.116363
-0.116326
-0.116361
-0.116424
-0.116586
-0.114073
-0.116210
-0.116210
-0.116263
-0.114608
-0.116172
-0.116261
-0.116254
-0.116267
-0.116287
-0.116270
-0.116236
-0.116296
-0.116378
-0.116262
-0.116273
-0.116290
-0.116287
-0.116328
-0.115748
-0.116624
-0.116318
-0.116268
-0.115880
-0.116243
-0.116273
1.626330
0.514898
0.794218
-0.063213
-0.084619
-0.100285
-0.099068
-0.105096
-0.110807
-0.105280
-0.107266
-0.112798
-0.109786
-0.109080
-0.110612
-0.108450
-0.106294
-0.036988
-0.091596
-0.115320
-0.096228
-0.061711
-0.113310
-0.113928
-0.115041
-0.114475
-0.115154
-0.115373
-0.114645
-0.115307
-0.115740
-0.115254
-0.115310
-0.115383
-0.115085
-0.114451
-0.099631
-0.111081
-0.115841
-0.111486
-0.102795
-0.115586
-0.115879
-0.116095
-0.116059
-0.116255
-0.116120
-0.116110
-0.116478
-0.116349
-0.116363
-0.116558
-0.116538
-0.116658
-0.116339
-0.109576
-0.113915
-0.116194
-0.114200
-0.110080
-0.115898
-0.116179
-0.116220
-0.116326
-0.116359
-0.116263
-0.116410
-0.116464
-0.116352
-0.116476
-0.116514
-0.116522
-0.116630
-0.116588
-0.113375
-0.115021
-0.116181
-0.115457
-0.113342
-0.115920
-0.116068
-0.116066
-0.116125
-0.116106
-0.115995
-0.116172
-0.116125
-0.116061
-0.116147
-0.116118
-0.116130
-0.116142
-0.116135
-0.115558
-0.115754
-0.116051
-0.116006
-0.115315
-0.115973
-0.116014
0.070759
0.127797
-0.091072
-0.107172
-0.109617
-0.110801
-0.112855
-0.114066
-0.113499
-0.113523
-0.113857
-0.114478
-0.115241
-0.115135
-0.114879
-0.115066
-0.115963
-0.114311
-0.107183
-0.116537
-0.109276
-0.115677
-0.116165
-0.116451
-0.116420
-0.116508
-0.116748
-0.116440
-0.116436
-0.116413
-0.116513
-0.116536
-0.116546
-0.116458
-0.116466
-0.116931
-0.116326
-0.114724
-0.116668
-0.115265
-0.116868
-0.116641
-0.116964
-0.116966
-0.116911
-0.116983
-0.116861
-0.116890
-0.116848
-0.116890
-0.116808
-0.116854
-0.116812
-0.116812
-0.116878
-0.116824
-0.115970
-0.116793
-0.116161
-0.117000
-0.116751
-0.116931
-0.116950
-0.116943
-0.116920
-0.116945
-0.116967
-0.116960
-0.116971
-0.116910
-0.116945
-0.116942
-0.116949
-0.116878
-0.117025
-0.116524
-0.116893
-0.116535
-0.116911
-0.116842
-0.116897
-0.116903
-0.116910
-0.116895
-0.116915
-0.116906
-0.116932
-0.116935
-0.116919
-0.116919
-0.116933
-0.116935
-0.116895
-0.116941
-0.116859
-0.116922
-0.116799
-0.116896
-0.116891
-0.116897
0.090963
0.964999
-0.041153
-0.045739
-0.067341
-0.086070
-0.090867
-0.095209
-0.098423
-0.100486
-0.102011
-0.103199
-0.103866
-0.104738
-0.105818
-0.103325
-0.104385
-0.104593
-0.077560
-0.114685
-0.078386
-0.116384
-0.110095
-0.111478
-0.111837
-0.112015
-0.112293
-0.112411
-0.112513
-0.112587
-0.112659
-0.112692
-0.112831
-0.112987
-0.112446
-0.112932
-0.111663
-0.109671
-0.114497
-0.105328
-0.114353
-0.113939
-0.114436
-0.114223
-0.114296
-0.114375
-0.114376
-0.114406
-0.114439
-0.114461
-0.114486
-0.114553
-0.114606
-0.114550
-0.114873
-0.113853
-0.112833
-0.114725
-0.110859
-0.114342
-0.114828
-0.115001
-0.114890
-0.114932
-0.114964
-0.114970
-0.115000
-0.115006
-0.115020
-0.115055
-0.115082
-0.115103
-0.115198
-0.115340
-0.114960
-0.113664
-0.114845
-0.113776
-0.114689
-0.115070
-0.115087
-0.115073
-0.115087
-0.115099
-0.115099
-0.115193
-0.115088
-0.115018
-0.115175
-0.115153
-0.115160
-0.115201
-0.115215
-0.115231
-0.114589
-0.115005
-0.115143
-0.115026
-0.115119
-0.115107
0.360564
1.447253
0.055091
-0.095317
-0.096702
-0.102419
-0.104854
-0.106955
-0.108290
-0.109211
-0.110093
-0.110786
-0.111342
-0.111817
-0.112251
-0.112295
-0.116744
-0.103446
-0.050940
-0.111242
-0.068939
-0.105189
-0.112877
-0.113481
-0.113788
-0.113929
-0.114115
-0.114261
-0.114353
-0.114468
-0.114565
-0.114657
-0.114770
-0.114853
-0.114943
-0.115413
-0.115406
-0.100918
-0.113567
-0.107032
-0.113135
-0.114723
-0.115128
-0.115176
-0.115212
-0.115251
-0.115311
-0.115339
-0.115358
-0.115394
-0.115427
-0.115469
-0.115496
-0.115556
-0.115483
-0.115816
-0.110226
-0.114738
-0.112952
-0.115097
-0.115429
-0.115665
-0.115666
-0.115678
-0.115687
-0.115709
-0.115706
-0.115732
-0.115754
-0.115742
-0.115764
-0.115773
-0.115803
-0.115667
-0.115544
-0.114315
-0.115616
-0.114657
-0.115903
-0.115808
-0.115886
-0.115883
-0.115888
-0.115893
-0.115908
-0.115763
-0.115953
-0.116077
-0.115842
-0.115902
-0.115913
-0.115920
-0.115867
-0.115715
-0.116366
-0.116031
-0.115477
-0.116008
-0.115944
-0.115949
-0.000287
1.642118
0.042735
-0.077792
-0.102123
-0.110752
-0.111924
-0.112651
-0.113203
-0.113565
-0.113808
-0.114115
-0.114275
-0.114239
-0.114415
-0.112889
-0.110403
-0.103008
-0.046338
-0.114293
-0.059582
-0.107304
-0.113767
-0.115468
-0.115911
-0.116012
-0.115955
-0.115980
-0.115997
-0.115995
-0.116003
-0.115993
-0.115932
-0.115939
-0.115632
-0.115196
-0.113790
-0.101742
-0.116159
-0.102973
-0.114045
-0.116120
-0.116438
-0.116393
-0.116428
-0.116405
-0.116393
-0.116396
-0.116410
-0.116400
-0.116385
-0.116348
-0.116337
-0.116257
-0.116204
-0.115228
-0.110936
-0.116294
-0.111080
-0.115374
-0.116626
-0.116635
-0.116570
-0.116578
-0.116575
-0.116571
-0.116574
-0.116574
-0.116553
-0.116582
-0.116563
-0.116559
-0.116566
-0.116650
-0.115926
-0.114230
-0.116316
-0.114701
-0.116201
-0.116769
-0.116714
-0.116688
-0.116686
-0.116691
-0.116718
-0.116802
-0.116637
-0.116502
-0.116718
-0.116725
-0.116720
-0.116738
-0.116798
-0.116544
-0.115994
-0.116526
-0.116721
-0.116710
-0.116756
-0.116735
