-3.151163
2.201974
0.275165
-8.722800
-0.116545
-0.116543
0.271808
1.193586
3.362214
-2.966527
-0.116543
-0.116542
1.758128
2.106500
5.369462
-4.701199
-0.116546
-0.116540
-0.650423
2.224510
5.096514
-4.922891
-0.116543
-0.116544
-0.129046
6.240594
8.394423
-10.247865
-0.116544
-0.116545
-0.160971
2.544129
5.379045
-4.586792
-0.116543
-0.116544
6.419403
-0.115684
6.420809
6.418127
-0.116543
-0.116546
10.326598
2.966198
16.198481
4.987205
-0.116543
-0.116545
2.909647
0.684420
1.125492
0.208979
0.027298
0.177140
0.071871
0.145690
0.134493
-0.026726
-0.047221
-0.001623
0.004806
-0.012954
-0.002709
-0.062499
-0.031330
-0.045120
-0.082874
-0.086088
-0.048601
-0.064014
-0.087003
-0.069376
-0.061152
-0.100655
-0.074923
-0.088043
-0.100413
-0.062373
-0.072160
-0.092883
-0.091449
-0.101367
-0.097569
-0.089222
-0.102248
-0.103705
-0.092657
-0.096792
-0.111367
-0.103289
-0.092177
-0.114344
-0.088336
-0.093348
-0.108734
-0.096011
-0.098675
-0.108162
-0.095630
-0.106029
-0.104889
-0.097928
-0.103033
-0.106348
-0.101619
-0.107112
-0.111327
-0.102655
-0.110421
-0.106313
-0.101925
-0.111421
-0.105963
-0.105257
-0.114719
-0.103926
-0.108701
-0.102653
-0.105510
-0.106344
-0.110999
-0.107281
-0.106851
-0.110525
-0.106228
-0.108927
-0.106038
-0.107971
-0.105995
-0.111877
-0.107413
-0.108140
-0.109674
-0.106782
-0.108737
-0.109120
-0.107636
-0.109598
-0.108750
-0.108099
-0.108480
-0.108252
-0.107615
-0.109046
-0.108603
-0.108528
-0.108641
-0.108409
0.272425
0.544154
0.331443
0.066427
0.204347
-0.002337
0.000177
-0.039988
-0.100313
-0.022105
-0.069052
-0.084511
-0.035497
-0.066143
-0.062205
-0.063891
-0.063279
-0.063006
-0.056697
-0.067654
-0.076254
-0.082421
-0.087432
-0.099816
-0.092039
-0.098075
-0.101381
-0.092217
-0.113933
-0.105672
-0.110180
-0.111707
-0.091804
-0.105566
-0.101516
-0.109290
-0.112469
-0.108345
-0.113576
-0.112724
-0.101344
-0.106810
-0.104201
-0.114034
-0.112818
-0.108784
-0.112557
-0.108107
-0.108454
-0.110247
-0.112528
-0.109254
-0.110866
-0.113543
-0.107450
-0.108850
-0.113643
-0.109516
-0.109626
-0.114830
-0.112308
-0.110479
-0.113895
-0.115910
-0.112336
-0.111499
-0.115309
-0.114331
-0.113598
-0.112653
-0.111028
-0.112291
-0.114343
-0.114282
-0.113794
-0.114242
-0.114584
-0.112563
-0.112977
-0.113406
-0.113774
-0.114778
-0.113279
-0.113481
-0.114584
-0.114109
-0.112958
-0.114379
-0.114343
-0.113259
-0.114023
-0.114710
-0.113372
-0.113753
-0.114795
-0.113914
-0.113880
-0.114446
-0.113806
-0.114203
1.741744
0.577406
0.338390
0.504868
0.535589
0.476679
0.225467
0.362030
0.119768
0.005730
0.107754
0.039241
0.028172
0.048514
-0.029400
0.002256
-0.014251
-0.093847
-0.060645
-0.065461
-0.091259
-0.046657
-0.058504
-0.084246
-0.048133
-0.081585
-0.073861
-0.067737
-0.106569
-0.067724
-0.055884
-0.101333
-0.060090
-0.113165
-0.100959
-0.099325
-0.096754
-0.098405
-0.102006
-0.107444
-0.092367
-0.107677
-0.077864
-0.114285
-0.082499
-0.091374
-0.100482
-0.085153
-0.096672
-0.096479
-0.087628
-0.104477
-0.090885
-0.094044
-0.096718
-0.094185
-0.100268
-0.095439
-0.106002
-0.098188
-0.098289
-0.105813
-0.094423
-0.103360
-0.102925
-0.098141
-0.109640
-0.097557
-0.102404
-0.099526
-0.100216
-0.103437
-0.102417
-0.101807
-0.101669
-0.101790
-0.104139
-0.101775
-0.103061
-0.102291
-0.101533
-0.105990
-0.102009
-0.104086
-0.104060
-0.101513
-0.104902
-0.102662
-0.103249
-0.104340
-0.102979
-0.103770
-0.102913
-0.103155
-0.103005
-0.102784
-0.104200
-0.102657
-0.103455
-0.103552
0.409039
0.981122
0.552716
0.733959
0.046373
0.328943
-0.095139
0.150378
-0.044773
0.033829
-0.000310
-0.036102
-0.062165
-0.076653
-0.095612
-0.112766
-0.100219
-0.072957
-0.102128
-0.091737
-0.091473
-0.104554
-0.106795
-0.108021
-0.106278
-0.096935
-0.102474
-0.095340
-0.107046
-0.095002
-0.107884
-0.094778
-0.105294
-0.101129
-0.100235
-0.112179
-0.112737
-0.110591
-0.108119
-0.105577
-0.114058
-0.103354
-0.114609
-0.105175
-0.114092
-0.112196
-0.108342
-0.112548
-0.112869
-0.112336
-0.115253
-0.116180
-0.115884
-0.113875
-0.114526
-0.114516
-0.114503
-0.113718
-0.115755
-0.115516
-0.115600
-0.112644
-0.115885
-0.113311
-0.114256
-0.113781
-0.114433
-0.113398
-0.113472
-0.113827
-0.113643
-0.115184
-0.114666
-0.115087
-0.115483
-0.114624
-0.115439
-0.114585
-0.115530
-0.114386
-0.115362
-0.114933
-0.115866
-0.115574
-0.115383
-0.116336
-0.115280
-0.115591
-0.115788
-0.115782
-0.115620
-0.116106
-0.115816
-0.115988
-0.115739
-0.116013
-0.115910
-0.116120
-0.115922
-0.115541
-0.097279
3.867145
1.370371
0.677615
0.972740
0.238197
0.101391
0.101148
0.035457
0.000026
-0.050345
-0.003164
-0.080705
-0.017619
-0.037986
-0.092596
-0.073529
-0.066332
-0.095834
-0.086823
-0.084202
-0.093622
-0.100401
-0.084843
-0.098964
-0.107229
-0.098689
-0.104269
-0.109363
-0.094175
-0.100246
-0.109728
-0.087863
-0.099291
-0.083021
-0.099981
-0.114777
-0.094165
-0.098743
-0.109605
-0.092392
-0.104402
-0.110118
-0.109300
-0.112390
-0.110449
-0.114090
-0.114171
-0.111364
-0.114677
-0.111317
-0.109938
-0.114837
-0.110147
-0.111782
-0.114945
-0.111005
-0.113237
-0.114136
-0.112436
-0.115525
-0.113512
-0.114825
-0.114683
-0.114016
-0.115858
-0.112927
-0.112613
-0.115569
-0.110802
-0.110878
-0.112205
-0.113568
-0.111657
-0.113834
-0.114483
-0.112476
-0.112834
-0.112035
-0.115430
-0.113454
-0.114115
-0.114929
-0.114285
-0.115020
-0.114713
-0.114732
-0.115303
-0.114600
-0.114796
-0.114841
-0.114022
-0.114964
-0.114340
-0.114296
-0.114965
-0.114159
-0.114796
-0.114669
-0.114456
-0.077750
0.966503
1.095008
0.205559
0.677844
0.105407
0.050898
-0.021790
0.035412
-0.039269
-0.069656
-0.032295
-0.036621
-0.054612
-0.069773
-0.065866
-0.078178
-0.086864
-0.081705
-0.089528
-0.094877
-0.092948
-0.093931
-0.099650
-0.098589
-0.094778
-0.105915
-0.108621
-0.103303
-0.106689
-0.106338
-0.108229
-0.093036
-0.105920
-0.094600
-0.105137
-0.113798
-0.110917
-0.108686
-0.114039
-0.097066
-0.108660
-0.109814
-0.113132
-0.110562
-0.113552
-0.113747
-0.113555
-0.113158
-0.112267
-0.113321
-0.114214
-0.112717
-0.114314
-0.114069
-0.113414
-0.114889
-0.113963
-0.114160
-0.114522
-0.114321
-0.114430
-0.114209
-0.114835
-0.115491
-0.114022
-0.114928
-0.115190
-0.113136
-0.114796
-0.112462
-0.113507
-0.115914
-0.115477
-0.115400
-0.115812
-0.113455
-0.114898
-0.115268
-0.114815
-0.115862
-0.115945
-0.115335
-0.116331
-0.115712
-0.115810
-0.116293
-0.115902
-0.116090
-0.116005
-0.115910
-0.116499
-0.115820
-0.115841
-0.115922
-0.115851
-0.116517
-0.115852
-0.116054
-0.116450
-1.019572
1.195138
1.579180
-2.444866
-0.116542
-0.116544
1.670013
1.442263
4.041312
-1.410502
-0.116544
-0.116545
-0.151153
0.376229
0.746347
-0.685303
-0.116542
-0.116545
0.284157
1.235220
1.984633
-2.258984
-0.116544
-0.116546
0.304254
2.156171
3.417870
-3.033544
-0.116543
-0.116546
-0.327891
2.380263
3.309628
-3.788303
-0.116543
-0.116546
5.398028
1.418455
7.980271
2.474975
-0.116544
-0.116544
0.788010
0.603216
0.459096
-0.090006
-0.112068
-0.106291
-0.113352
-0.109601
-0.111686
-0.111584
-0.112843
-0.114893
-0.112665
-0.113619
-0.112091
-0.102252
-0.095322
-0.064500
-0.100499
-0.114756
-0.080329
-0.096466
-0.114294
-0.113063
-0.114894
-0.114152
-0.115470
-0.114490
-0.115557
-0.115106
-0.115149
-0.115376
-0.114679
-0.114174
-0.112499
-0.107175
-0.109015
-0.112114
-0.113241
-0.108256
-0.114101
-0.115358
-0.115375
-0.115476
-0.115910
-0.115463
-0.116169
-0.115583
-0.115994
-0.115677
-0.115545
-0.115671
-0.113614
-0.115993
-0.112873
-0.113745
-0.115009
-0.113975
-0.113958
-0.116015
-0.115663
-0.116073
-0.116008
-0.116029
-0.116231
-0.116000
-0.116346
-0.115988
-0.116188
-0.115970
-0.115626
-0.115068
-0.115703
-0.115163
-0.115211
-0.116339
-0.115257
-0.116185
-0.116134
-0.116442
-0.116227
-0.116459
-0.116304
-0.116374
-0.116383
-0.116304
-0.116463
-0.116222
-0.116525
-0.115986
-0.116378
-0.116287
-0.116205
-0.116274
-0.116398
-0.116238
-0.116379
-0.116407
-0.116362
-0.116473
1.656535
0.549628
0.759691
-0.058886
-0.112655
-0.107509
-0.113371
-0.105255
-0.112959
-0.107347
-0.109842
-0.115450
-0.108312
-0.109869
-0.110938
-0.095095
-0.064402
-0.073492
-0.075762
-0.074464
-0.090102
-0.080121
-0.113426
-0.107551
-0.113648
-0.110196
-0.113551
-0.112160
-0.113440
-0.113908
-0.112483
-0.115307
-0.111813
-0.113951
-0.111961
-0.098468
-0.109716
-0.113065
-0.108633
-0.104430
-0.113627
-0.112764
-0.115325
-0.113443
-0.115213
-0.113998
-0.114751
-0.114394
-0.113985
-0.114917
-0.113355
-0.115483
-0.111412
-0.112149
-0.112798
-0.113332
-0.111763
-0.114955
-0.112640
-0.114673
-0.115489
-0.114728
-0.115770
-0.114900
-0.115463
-0.115103
-0.115111
-0.115488
-0.114866
-0.115924
-0.114284
-0.115536
-0.114279
-0.115880
-0.115887
-0.114118
-0.114379
-0.115476
-0.115694
-0.115412
-0.115845
-0.115482
-0.115789
-0.115604
-0.115735
-0.115781
-0.115674
-0.115992
-0.115735
-0.116271
-0.115919
-0.115211
-0.115260
-0.115272
-0.115765
-0.115898
-0.115801
-0.115762
-0.115856
-0.115734
-0.079730
0.216852
-0.022432
-0.096601
-0.106596
-0.110780
-0.108192
-0.112333
-0.112129
-0.113233
-0.112886
-0.113270
-0.112767
-0.114157
-0.114612
-0.115958
-0.106396
-0.104184
-0.111456
-0.108291
-0.107802
-0.113659
-0.115740
-0.115763
-0.115673
-0.115043
-0.115370
-0.115387
-0.115207
-0.115527
-0.115159
-0.115676
-0.115345
-0.115373
-0.115114
-0.112987
-0.113830
-0.114646
-0.113415
-0.116378
-0.115570
-0.115290
-0.115349
-0.115190
-0.115400
-0.115349
-0.115318
-0.115427
-0.115257
-0.115446
-0.115260
-0.115376
-0.115367
-0.114324
-0.115175
-0.115512
-0.115182
-0.116107
-0.115532
-0.115436
-0.115565
-0.115491
-0.115619
-0.115536
-0.115561
-0.115584
-0.115522
-0.115625
-0.115546
-0.115626
-0.115528
-0.115278
-0.115742
-0.115808
-0.115730
-0.116047
-0.115552
-0.115625
-0.115693
-0.115650
-0.115705
-0.115664
-0.115697
-0.115691
-0.115693
-0.115719
-0.115696
-0.115708
-0.115667
-0.115682
-0.115785
-0.115797
-0.115761
-0.115797
-0.115649
-0.115709
-0.115718
-0.115717
-0.115731
-0.115720
0.271232
0.830328
-0.009200
-0.027100
-0.075876
-0.087760
-0.090737
-0.094972
-0.097780
-0.100569
-0.102324
-0.103335
-0.106129
-0.105947
-0.107945
-0.107645
-0.105202
-0.108671
-0.074385
-0.083396
-0.105822
-0.106023
-0.111111
-0.110547
-0.110156
-0.110870
-0.110667
-0.111348
-0.111125
-0.111585
-0.111705
-0.111710
-0.112405
-0.111874
-0.113574
-0.107961
-0.103870
-0.113788
-0.113061
-0.113088
-0.113174
-0.112858
-0.113134
-0.113175
-0.113184
-0.113413
-0.113260
-0.113555
-0.113402
-0.113606
-0.113625
-0.113370
-0.113730
-0.112129
-0.113731
-0.114292
-0.114991
-0.112661
-0.113659
-0.113885
-0.114167
-0.114058
-0.114228
-0.114242
-0.114256
-0.114373
-0.114296
-0.114471
-0.114359
-0.114448
-0.114610
-0.114542
-0.114099
-0.114024
-0.114217
-0.113992
-0.114549
-0.114627
-0.114602
-0.114550
-0.114638
-0.114585
-0.114631
-0.114619
-0.114622
-0.114649
-0.114607
-0.114660
-0.114585
-0.114533
-0.114425
-0.114788
-0.114958
-0.114758
-0.114613
-0.114689
-0.114662
-0.114677
-0.114690
-0.114672
0.319555
1.482415
0.050128
-0.095565
-0.109793
-0.113011
-0.111775
-0.113622
-0.112960
-0.112652
-0.114686
-0.111636
-0.114629
-0.111271
-0.110166
-0.113757
-0.093194
-0.081891
-0.066353
-0.073409
-0.082606
-0.113016
-0.111072
-0.112024
-0.115679
-0.112865
-0.115153
-0.114214
-0.114152
-0.115656
-0.113869
-0.116015
-0.114023
-0.114689
-0.114106
-0.109488
-0.103157
-0.114144
-0.103513
-0.114880
-0.114878
-0.114248
-0.116211
-0.114504
-0.115650
-0.115006
-0.115008
-0.115661
-0.114656
-0.115970
-0.114614
-0.115100
-0.115304
-0.112045
-0.113588
-0.111869
-0.112771
-0.113597
-0.115689
-0.115142
-0.116195
-0.115265
-0.116123
-0.115431
-0.115731
-0.115734
-0.115442
-0.116068
-0.115312
-0.116028
-0.115376
-0.115050
-0.114193
-0.114611
-0.116292
-0.115059
-0.115471
-0.115847
-0.115913
-0.115734
-0.116071
-0.115744
-0.116033
-0.115842
-0.115918
-0.115976
-0.115818
-0.116086
-0.115697
-0.115922
-0.115519
-0.116329
-0.116237
-0.116098
-0.115655
-0.116020
-0.115920
-0.115955
-0.116014
-0.115923
0.083317
1.642209
-0.014289
-0.103419
-0.107151
-0.110778
-0.105527
-0.113908
-0.107555
-0.111231
-0.110065
-0.107832
-0.112711
-0.105434
-0.109848
-0.102326
-0.082946
-0.078934
-0.078954
-0.081571
-0.073490
-0.096474
-0.105696
-0.104474
-0.110210
-0.107236
-0.110220
-0.109965
-0.109623
-0.112055
-0.109615
-0.112616
-0.110507
-0.111559
-0.113283
-0.105148
-0.099575
-0.110037
-0.098340
-0.110395
-0.112056
-0.110406
-0.112567
-0.110701
-0.112159
-0.111437
-0.111447
-0.112146
-0.110933
-0.112373
-0.110803
-0.111709
-0.110878
-0.107587
-0.110301
-0.112472
-0.110272
-0.114164
-0.113906
-0.112996
-0.113815
-0.112660
-0.113601
-0.112800
-0.113164
-0.113147
-0.112785
-0.113462
-0.112629
-0.113466
-0.112642
-0.112721
-0.113539
-0.113988
-0.114319
-0.115659
-0.113365
-0.113693
-0.113768
-0.113522
-0.113915
-0.113566
-0.113903
-0.113732
-0.113826
-0.113934
-0.113767
-0.114088
-0.113733
-0.114124
-0.113938
-0.114221
-0.114288
-0.114212
-0.113603
-0.114013
-0.113930
-0.113969
-0.114041
-0.113940
