-2.984829
2.170662
0.060122
-9.467617
-0.112563
-0.112560
0.341520
1.167070
3.601779
-2.418603
-0.112561
-0.112561
1.593640
2.239169
6.658279
-6.864017
-0.112564
-0.112557
-0.841293
2.088360
4.779007
-6.036884
-0.112562
-0.112561
-0.136589
5.801000
8.107039
-9.529240
-0.112562
-0.112563
-0.241124
2.470285
4.318481
-6.065434
-0.112562
-0.112562
6.096800
-0.111751
6.098206
6.095489
-0.112561
-0.112563
9.972890
2.819056
15.540542
5.023930
-0.112561
-0.112563
2.759002
0.657080
1.090838
0.245859
-0.064511
0.149943
0.114287
0.111130
0.079230
-0.045127
0.007744
0.027690
0.018032
0.050472
0.050154
0.020754
0.004113
-0.005268
-0.011939
-0.022097
-0.022637
-0.035423
-0.031517
-0.030451
-0.053855
-0.073590
-0.071056
-0.084823
-0.096861
-0.078444
-0.070668
-0.105852
-0.103022
-0.101012
-0.085743
-0.092650
-0.107446
-0.108411
-0.095069
-0.095998
-0.105330
-0.104219
-0.099594
-0.099440
-0.093440
-0.102916
-0.103930
-0.099702
-0.101818
-0.097463
-0.097242
-0.093771
-0.096995
-0.098190
-0.096579
-0.098320
-0.098967
-0.098544
-0.101002
-0.099532
-0.099186
-0.106470
-0.103449
-0.106316
-0.109362
-0.107665
-0.105176
-0.108464
-0.109597
-0.107005
-0.108916
-0.108158
-0.110004
-0.110941
-0.110468
-0.110178
-0.108644
-0.111777
-0.109336
-0.110249
-0.109606
-0.109978
-0.110345
-0.112055
-0.110077
-0.109586
-0.111418
-0.108507
-0.110857
-0.110004
-0.109847
-0.111278
-0.109679
-0.110806
-0.111138
-0.110453
-0.111566
-0.110479
-0.111073
-0.111591
0.341708
0.479311
0.241558
0.092544
0.181825
0.033518
0.019088
0.039667
-0.077488
0.007300
-0.032725
-0.057054
-0.052834
-0.000204
-0.047712
-0.014370
0.005835
0.031540
0.007691
0.016278
-0.019320
-0.031172
-0.073708
-0.067471
-0.088898
-0.082909
-0.110517
-0.075402
-0.103425
-0.100880
-0.095351
-0.107806
-0.085662
-0.098290
-0.101558
-0.108987
-0.106729
-0.104364
-0.111320
-0.110603
-0.099890
-0.105105
-0.098064
-0.103243
-0.105152
-0.108743
-0.103337
-0.101625
-0.103087
-0.101890
-0.106779
-0.102896
-0.099474
-0.099637
-0.094217
-0.094709
-0.101102
-0.094909
-0.105326
-0.106890
-0.103603
-0.107327
-0.111004
-0.105610
-0.108944
-0.107434
-0.110023
-0.109854
-0.107848
-0.107571
-0.108125
-0.108881
-0.109778
-0.110117
-0.109823
-0.109700
-0.110781
-0.109515
-0.108870
-0.107976
-0.110657
-0.109550
-0.109200
-0.111573
-0.108857
-0.110298
-0.109402
-0.108329
-0.111123
-0.109047
-0.108345
-0.111774
-0.108020
-0.109570
-0.110101
-0.108954
-0.110781
-0.109738
-0.109654
-0.110252
1.582663
0.602400
0.324483
0.564566
0.518477
0.506771
0.240930
0.285742
0.117414
-0.018005
0.167968
0.155841
0.126059
0.117740
0.076588
0.075382
0.041028
0.000197
0.016305
-0.009593
-0.016295
-0.021467
-0.007385
-0.034355
-0.029158
-0.043258
-0.053353
-0.064869
-0.101341
-0.077599
-0.057328
-0.098991
-0.062729
-0.100330
-0.097768
-0.097312
-0.096396
-0.098143
-0.101467
-0.107547
-0.090983
-0.109671
-0.077180
-0.110212
-0.085910
-0.090435
-0.105436
-0.082439
-0.092348
-0.092693
-0.083017
-0.108714
-0.083372
-0.097433
-0.095360
-0.087554
-0.111321
-0.088731
-0.099485
-0.096109
-0.089683
-0.109215
-0.089925
-0.101356
-0.101412
-0.097811
-0.107047
-0.098043
-0.100057
-0.099501
-0.100225
-0.102804
-0.101723
-0.101159
-0.101082
-0.101066
-0.103191
-0.101033
-0.102429
-0.101093
-0.100918
-0.104572
-0.101118
-0.102891
-0.102961
-0.099582
-0.104990
-0.099831
-0.102811
-0.102744
-0.100870
-0.104169
-0.100960
-0.102736
-0.102694
-0.101063
-0.104172
-0.101228
-0.102583
-0.102662
0.612589
0.977108
0.591488
0.499176
0.086863
0.284693
0.042774
0.162677
-0.078300
0.044116
-0.021516
-0.053255
-0.075702
-0.042306
-0.070502
-0.081510
-0.067260
-0.077277
-0.105068
-0.104188
-0.081459
-0.085089
-0.102202
-0.087592
-0.093018
-0.109005
-0.100503
-0.089070
-0.101656
-0.096911
-0.104301
-0.093137
-0.090928
-0.101380
-0.099835
-0.103627
-0.112135
-0.106483
-0.108207
-0.101034
-0.108472
-0.104481
-0.105596
-0.101917
-0.107634
-0.104856
-0.111435
-0.105070
-0.108780
-0.111185
-0.106652
-0.108378
-0.109871
-0.105988
-0.109502
-0.109993
-0.108673
-0.109285
-0.110605
-0.108772
-0.111191
-0.109615
-0.110206
-0.111230
-0.108224
-0.109494
-0.110694
-0.108041
-0.109680
-0.110917
-0.108513
-0.111052
-0.110016
-0.110545
-0.110144
-0.110587
-0.111019
-0.109160
-0.110098
-0.109729
-0.110821
-0.111570
-0.110541
-0.110217
-0.111021
-0.110413
-0.110731
-0.111423
-0.110510
-0.111238
-0.110817
-0.110753
-0.110734
-0.110789
-0.110667
-0.110965
-0.110647
-0.110618
-0.110827
-0.110986
-0.108450
3.549653
1.348564
0.618861
0.907338
0.240708
0.119759
0.088236
0.041911
0.043531
0.005936
0.042929
-0.010665
0.004908
-0.027872
-0.084874
-0.071279
-0.069094
-0.098779
-0.098302
-0.076004
-0.083225
-0.101933
-0.070480
-0.082233
-0.088906
-0.083619
-0.100125
-0.091553
-0.095337
-0.098490
-0.097839
-0.087494
-0.091689
-0.079703
-0.094653
-0.109357
-0.093971
-0.096677
-0.104050
-0.087166
-0.103257
-0.101801
-0.106952
-0.107456
-0.103628
-0.107705
-0.105939
-0.103456
-0.110537
-0.103415
-0.107376
-0.108367
-0.105686
-0.109135
-0.109261
-0.108071
-0.109647
-0.110387
-0.107983
-0.110188
-0.107458
-0.109814
-0.109374
-0.108461
-0.112119
-0.108750
-0.108185
-0.111125
-0.106610
-0.107819
-0.108078
-0.109444
-0.107494
-0.110677
-0.110816
-0.109093
-0.108546
-0.107972
-0.111293
-0.109263
-0.110622
-0.111193
-0.109676
-0.111312
-0.110215
-0.110470
-0.111052
-0.110478
-0.110939
-0.110664
-0.110215
-0.110639
-0.110317
-0.110282
-0.110889
-0.110176
-0.110712
-0.110696
-0.110182
0.008204
0.993797
0.841535
0.357078
0.735146
0.226123
0.176741
0.024342
0.028468
-0.050663
-0.074401
-0.054884
-0.084641
-0.092206
-0.095891
-0.097449
-0.101371
-0.101203
-0.106307
-0.103301
-0.104441
-0.107599
-0.099838
-0.110300
-0.105986
-0.100609
-0.107937
-0.107286
-0.102421
-0.100564
-0.098667
-0.099545
-0.081523
-0.097816
-0.093747
-0.104118
-0.110806
-0.104843
-0.104844
-0.108671
-0.094636
-0.104099
-0.101890
-0.105124
-0.107928
-0.109724
-0.109398
-0.111093
-0.110703
-0.109884
-0.112008
-0.111286
-0.110989
-0.111357
-0.111784
-0.112073
-0.112335
-0.111909
-0.111882
-0.111342
-0.112318
-0.111800
-0.110987
-0.111499
-0.111661
-0.110400
-0.111220
-0.110522
-0.108266
-0.109637
-0.109343
-0.109209
-0.111525
-0.111457
-0.111419
-0.111773
-0.109202
-0.111461
-0.110238
-0.110679
-0.111625
-0.111819
-0.111992
-0.112078
-0.112440
-0.112161
-0.112362
-0.112312
-0.112314
-0.112359
-0.112257
-0.112319
-0.112445
-0.112326
-0.112186
-0.112355
-0.112150
-0.112497
-0.112249
-0.112254
-1.061711
1.351882
1.775605
-2.733652
-0.112560
-0.112563
1.645282
1.370015
3.983214
-1.219211
-0.112562
-0.112563
-0.004994
0.355588
0.936629
-0.506301
-0.112560
-0.112563
0.298271
1.085790
2.119110
-1.414604
-0.112561
-0.112564
0.284156
2.193754
3.388671
-3.003487
-0.112561
-0.112564
-0.307617
2.398116
3.261990
-3.951103
-0.112561
-0.112564
5.423057
1.612565
8.302884
2.306914
-0.112561
-0.112563
0.838060
0.710218
0.505437
-0.086684
-0.101285
-0.107430
-0.104456
-0.104625
-0.110466
-0.107027
-0.110732
-0.107448
-0.109494
-0.110246
-0.108580
-0.102944
-0.075573
-0.058630
-0.107577
-0.099276
-0.066969
-0.104379
-0.109343
-0.111459
-0.111026
-0.111309
-0.111923
-0.111285
-0.111857
-0.111368
-0.111763
-0.111981
-0.111647
-0.111333
-0.109887
-0.098728
-0.108724
-0.111456
-0.102407
-0.106497
-0.111246
-0.112069
-0.111947
-0.112093
-0.112212
-0.111986
-0.112184
-0.112031
-0.112155
-0.112206
-0.112082
-0.112210
-0.111929
-0.107577
-0.109258
-0.112087
-0.109539
-0.108343
-0.112235
-0.112282
-0.112252
-0.112326
-0.112360
-0.112251
-0.112359
-0.112291
-0.112345
-0.112351
-0.112291
-0.112321
-0.112077
-0.111111
-0.110313
-0.112205
-0.111896
-0.110469
-0.112018
-0.112324
-0.112411
-0.112460
-0.112466
-0.112439
-0.112490
-0.112465
-0.112500
-0.112486
-0.112485
-0.112505
-0.112363
-0.112468
-0.111769
-0.112295
-0.112441
-0.112025
-0.112222
-0.112503
-0.112542
-0.112557
-0.112549
-0.112552
1.627957
0.470535
0.765240
-0.100334
-0.107550
-0.108175
-0.103109
-0.111052
-0.107084
-0.107732
-0.108178
-0.109776
-0.109119
-0.109332
-0.107584
-0.101980
-0.049126
-0.085515
-0.075909
-0.071087
-0.064281
-0.094257
-0.108401
-0.108993
-0.108619
-0.109219
-0.108921
-0.108832
-0.109424
-0.109045
-0.109763
-0.109318
-0.110013
-0.111075
-0.109182
-0.094972
-0.099217
-0.102359
-0.105169
-0.104234
-0.110430
-0.109632
-0.109374
-0.109528
-0.109248
-0.109305
-0.109315
-0.109187
-0.109346
-0.109100
-0.109268
-0.109279
-0.109302
-0.102316
-0.107517
-0.109660
-0.111006
-0.109442
-0.109250
-0.109407
-0.109468
-0.109589
-0.109460
-0.109553
-0.109515
-0.109512
-0.109566
-0.109461
-0.109538
-0.109449
-0.109182
-0.107251
-0.110841
-0.111151
-0.111529
-0.111830
-0.108713
-0.109537
-0.109724
-0.109828
-0.109819
-0.109903
-0.109896
-0.109945
-0.109963
-0.109961
-0.110005
-0.109997
-0.109817
-0.109718
-0.110713
-0.110493
-0.110536
-0.110205
-0.109492
-0.110003
-0.110062
-0.110082
-0.110081
-0.110108
-0.006850
0.171965
0.052577
-0.094440
-0.107481
-0.106498
-0.107723
-0.108808
-0.108412
-0.110923
-0.108936
-0.110107
-0.110113
-0.110390
-0.111096
-0.111414
-0.100787
-0.097064
-0.108532
-0.104872
-0.101104
-0.109138
-0.111546
-0.111602
-0.111754
-0.111763
-0.111664
-0.111896
-0.111586
-0.111787
-0.111794
-0.111907
-0.111917
-0.111985
-0.110929
-0.108408
-0.110897
-0.111070
-0.109959
-0.111099
-0.111860
-0.112051
-0.112106
-0.112050
-0.112028
-0.112072
-0.112006
-0.112059
-0.112065
-0.112082
-0.112029
-0.112016
-0.111901
-0.110773
-0.111669
-0.112085
-0.111658
-0.111752
-0.111939
-0.112143
-0.112160
-0.112128
-0.112137
-0.112154
-0.112145
-0.112155
-0.112161
-0.112156
-0.112128
-0.112131
-0.112109
-0.111735
-0.112086
-0.112309
-0.112198
-0.112278
-0.112009
-0.112176
-0.112193
-0.112192
-0.112208
-0.112215
-0.112219
-0.112217
-0.112224
-0.112221
-0.112217
-0.112222
-0.112197
-0.112172
-0.112310
-0.112317
-0.112284
-0.112334
-0.112148
-0.112225
-0.112234
-0.112236
-0.112243
-0.112241
0.288934
0.721722
0.030441
-0.052634
-0.099966
-0.104697
-0.107419
-0.107592
-0.108625
-0.109139
-0.109590
-0.109921
-0.110468
-0.110310
-0.110568
-0.108635
-0.097196
-0.087142
-0.091262
-0.083107
-0.103591
-0.102838
-0.110022
-0.110565
-0.110641
-0.110643
-0.110825
-0.110889
-0.110967
-0.111046
-0.111113
-0.111154
-0.111405
-0.111230
-0.110805
-0.109322
-0.103759
-0.107173
-0.108817
-0.109288
-0.111088
-0.111330
-0.111213
-0.111228
-0.111274
-0.111277
-0.111294
-0.111311
-0.111317
-0.111338
-0.111399
-0.111323
-0.111745
-0.110493
-0.108200
-0.111499
-0.110678
-0.110832
-0.111103
-0.111458
-0.111392
-0.111429
-0.111447
-0.111447
-0.111456
-0.111463
-0.111465
-0.111477
-0.111487
-0.111450
-0.111546
-0.111078
-0.110485
-0.112464
-0.112303
-0.111073
-0.111229
-0.111551
-0.111523
-0.111556
-0.111565
-0.111570
-0.111578
-0.111585
-0.111589
-0.111597
-0.111599
-0.111608
-0.111595
-0.111511
-0.111445
-0.112064
-0.111787
-0.111374
-0.111509
-0.111641
-0.111619
-0.111628
-0.111627
-0.111627
0.296844
1.513512
-0.022375
-0.078275
-0.105116
-0.106784
-0.108025
-0.108631
-0.109014
-0.109158
-0.109148
-0.109083
-0.108751
-0.108319
-0.107525
-0.105414
-0.098189
-0.058582
-0.077051
-0.061692
-0.088776
-0.102458
-0.107023
-0.107995
-0.108642
-0.109059
-0.109360
-0.109569
-0.109722
-0.109843
-0.109912
-0.109966
-0.109953
-0.109688
-0.109012
-0.106252
-0.099599
-0.107017
-0.099944
-0.108240
-0.109624
-0.109896
-0.110079
-0.110199
-0.110290
-0.110354
-0.110408
-0.110454
-0.110492
-0.110536
-0.110574
-0.110591
-0.110723
-0.111146
-0.107428
-0.110346
-0.104811
-0.110460
-0.110713
-0.110711
-0.110711
-0.110723
-0.110740
-0.110753
-0.110769
-0.110786
-0.110804
-0.110829
-0.110857
-0.110895
-0.111001
-0.111234
-0.111128
-0.109106
-0.108491
-0.111099
-0.111040
-0.110958
-0.110915
-0.110907
-0.110906
-0.110908
-0.110913
-0.110919
-0.110926
-0.110935
-0.110943
-0.110960
-0.110994
-0.111063
-0.111164
-0.109951
-0.110590
-0.111112
-0.111008
-0.110970
-0.110951
-0.110950
-0.110949
-0.110949
0.077349
1.651604
0.006185
-0.089902
-0.097752
-0.098103
-0.099015
-0.100977
-0.101640
-0.102226
-0.102275
-0.102213
-0.101809
-0.101277
-0.100056
-0.099481
-0.082384
-0.048071
-0.089010
-0.068905
-0.087955
-0.096634
-0.105186
-0.106586
-0.107543
-0.108146
-0.108474
-0.108688
-0.108808
-0.108845
-0.108859
-0.108740
-0.108609
-0.108545
-0.106086
-0.105435
-0.101181
-0.110118
-0.098504
-0.105551
-0.108478
-0.108560
-0.108808
-0.108964
-0.109038
-0.109101
-0.109144
-0.109174
-0.109206
-0.109213
-0.109259
-0.109341
-0.109092
-0.110101
-0.106490
-0.109170
-0.104412
-0.108725
-0.109576
-0.109360
-0.109421
-0.109447
-0.109451
-0.109470
-0.109486
-0.109505
-0.109528
-0.109548
-0.109590
-0.109638
-0.109626
-0.109985
-0.109519
-0.108466
-0.108125
-0.109399
-0.109755
-0.109641
-0.109683
-0.109695
-0.109703
-0.109721
-0.109736
-0.109754
-0.109771
-0.109789
-0.109811
-0.109832
-0.109856
-0.109906
-0.109941
-0.109004
-0.109627
-0.109703
-0.109838
-0.109808
-0.109824
-0.109827
-0.109829
-0.109832
