-2.879818
2.370140
0.511922
-14.992579
-0.124485
-0.124475
0.410515
1.279432
6.286898
-2.651417
-0.124481
-0.124477
1.229691
2.242887
7.878563
-5.854033
-0.124484
-0.124481
-0.197035
1.871316
4.780367
-4.615612
-0.124483
-0.124482
1.052611
5.031619
8.021690
-8.688207
-0.124483
-0.124484
-0.090369
1.960813
4.880740
-4.222607
-0.124482
-0.124483
5.521830
-0.123570
5.523326
5.520549
-0.124482
-0.124484
8.768518
2.554669
15.070574
3.956368
-0.124482
-0.124483
2.633958
0.197338
0.421352
1.015269
-0.018296
0.189136
0.170665
-0.052777
0.024770
-0.011680
-0.043417
0.155214
0.312612
0.071722
0.073320
0.092926
0.022526
0.131143
0.109381
-0.024515
0.126036
0.104262
-0.008339
0.091136
0.051789
0.107070
0.159155
0.049854
0.068833
0.109042
-0.016651
-0.009808
-0.016805
-0.072948
0.032441
-0.004914
-0.051608
0.007033
-0.022970
-0.086419
-0.073646
-0.086131
-0.114402
-0.078678
-0.102970
-0.100419
-0.091672
-0.096211
-0.100870
-0.088425
-0.093611
-0.103366
-0.114792
-0.111851
-0.109959
-0.106770
-0.102852
-0.108543
-0.096122
-0.106670
-0.110247
-0.114712
-0.117529
-0.113556
-0.106943
-0.117485
-0.096356
-0.085481
-0.102696
-0.104313
-0.100805
-0.116382
-0.110490
-0.116940
-0.111068
-0.089885
-0.098488
-0.099377
-0.086870
-0.098735
-0.094223
-0.093157
-0.110752
-0.100917
-0.100187
-0.115421
-0.102068
-0.104591
-0.105510
-0.091102
-0.102193
-0.106098
-0.097796
-0.108909
-0.121473
-0.121822
-0.119372
-0.114531
-0.112086
-0.116707
0.406900
0.266453
0.305565
0.234667
0.067022
0.048833
0.040059
-0.092468
0.069983
-0.098889
-0.072290
0.079596
0.028013
-0.090190
0.020231
0.048978
-0.077133
0.047251
-0.057785
-0.078980
0.066141
-0.005553
-0.067238
0.056878
0.009306
-0.040768
0.062511
-0.033746
-0.035711
0.025177
-0.083249
-0.048080
-0.036279
-0.087244
-0.078332
-0.066261
-0.103165
-0.115460
-0.095799
-0.110983
-0.092186
-0.105394
-0.089340
-0.102991
-0.105849
-0.107078
-0.101267
-0.118088
-0.118712
-0.104253
-0.113618
-0.108897
-0.119559
-0.111771
-0.111414
-0.106483
-0.114064
-0.115395
-0.107002
-0.108006
-0.109744
-0.119237
-0.115911
-0.099865
-0.111109
-0.122080
-0.105912
-0.105289
-0.115873
-0.114786
-0.112956
-0.109832
-0.100514
-0.114861
-0.113821
-0.096831
-0.101429
-0.120473
-0.109840
-0.110062
-0.111338
-0.106046
-0.119518
-0.106781
-0.103635
-0.110879
-0.109825
-0.114281
-0.115058
-0.116700
-0.117481
-0.116346
-0.121359
-0.113021
-0.111128
-0.110123
-0.118473
-0.110589
-0.112677
-0.119723
1.231268
0.281222
0.330328
0.504465
0.263323
0.278957
0.494486
0.092662
0.409753
0.322334
-0.032471
0.212908
0.286027
-0.047633
-0.015094
0.028892
-0.115967
0.178677
0.134318
-0.024195
0.126645
0.114288
-0.053753
-0.016373
-0.020335
-0.023445
0.006449
-0.066479
-0.025553
0.007208
-0.062936
-0.011623
-0.033410
-0.092437
-0.001944
-0.026188
-0.098054
-0.040636
-0.055618
-0.114069
-0.093112
-0.116105
-0.094257
-0.060735
-0.075950
-0.103864
-0.081813
-0.098145
-0.114219
-0.104462
-0.113370
-0.111158
-0.111395
-0.112497
-0.111239
-0.119027
-0.112808
-0.113758
-0.103646
-0.117856
-0.117120
-0.091874
-0.106897
-0.112241
-0.109487
-0.109632
-0.113103
-0.106480
-0.119679
-0.114813
-0.111713
-0.117314
-0.102875
-0.105909
-0.110362
-0.100379
-0.108532
-0.118313
-0.112588
-0.120926
-0.107053
-0.108117
-0.115512
-0.098996
-0.097873
-0.114777
-0.105717
-0.104359
-0.121483
-0.111055
-0.115558
-0.122097
-0.112810
-0.116353
-0.117433
-0.114275
-0.119302
-0.117795
-0.112241
-0.117324
-0.055036
0.605891
0.427654
0.325065
0.204658
0.479279
0.117853
0.201166
0.197109
0.070302
0.122284
-0.025333
-0.014050
-0.011103
-0.009023
-0.002035
-0.090484
-0.018126
-0.100802
-0.080935
-0.076005
-0.082471
-0.081281
-0.092694
-0.099085
-0.110864
-0.104970
-0.101617
-0.099591
-0.118019
-0.102753
-0.083068
-0.099667
-0.107206
-0.098114
-0.088709
-0.110449
-0.113181
-0.101026
-0.097453
-0.098680
-0.123055
-0.094700
-0.103173
-0.104690
-0.108044
-0.103446
-0.106333
-0.119142
-0.107890
-0.121694
-0.110700
-0.116981
-0.107386
-0.107497
-0.119009
-0.114112
-0.105679
-0.107039
-0.118236
-0.105256
-0.110043
-0.105229
-0.118626
-0.114332
-0.110017
-0.114078
-0.119370
-0.117494
-0.111524
-0.113431
-0.115383
-0.113647
-0.115564
-0.115137
-0.115531
-0.116230
-0.117606
-0.116556
-0.115726
-0.117764
-0.116851
-0.115600
-0.112773
-0.115529
-0.116408
-0.114034
-0.113399
-0.116369
-0.118554
-0.116090
-0.113438
-0.114829
-0.118769
-0.115471
-0.114094
-0.117625
-0.114849
-0.119077
-0.115055
1.068074
2.076827
2.145403
0.380785
0.523727
0.527005
0.985231
0.052265
0.356882
0.185840
0.031920
0.211533
0.253544
0.030583
-0.087673
-0.030299
-0.000948
0.012874
-0.050036
-0.013094
0.029890
0.005270
-0.054673
-0.001354
-0.015949
-0.048081
-0.063520
-0.043179
-0.036416
-0.050367
-0.076890
-0.061863
-0.041908
-0.073594
-0.100828
-0.082209
-0.064710
-0.095329
-0.096857
-0.068227
-0.065121
-0.079750
-0.076250
-0.061639
-0.063726
-0.089410
-0.088636
-0.071980
-0.085315
-0.110812
-0.093837
-0.084994
-0.082132
-0.089610
-0.074513
-0.089588
-0.088041
-0.078805
-0.093621
-0.086685
-0.081517
-0.072570
-0.087105
-0.080810
-0.087227
-0.095025
-0.092554
-0.089804
-0.094688
-0.094727
-0.093642
-0.090390
-0.087722
-0.090857
-0.092124
-0.087554
-0.088747
-0.093919
-0.095380
-0.092991
-0.093395
-0.095960
-0.095896
-0.093310
-0.091483
-0.095420
-0.098556
-0.091793
-0.094282
-0.095519
-0.095109
-0.090276
-0.097382
-0.094472
-0.090826
-0.091053
-0.093868
-0.095819
-0.094388
-0.097515
-0.088302
0.352559
0.580312
0.686214
0.036744
0.060261
0.551761
0.006172
0.113484
0.122575
0.009937
-0.095260
0.055269
-0.001548
-0.072064
-0.085872
-0.042591
-0.063547
-0.085139
-0.091968
-0.034317
-0.059233
-0.107276
-0.061280
-0.055236
-0.091361
-0.106784
-0.081962
-0.076751
-0.101307
-0.107294
-0.080474
-0.086522
-0.115633
-0.104740
-0.087664
-0.095427
-0.110311
-0.103283
-0.089293
-0.100265
-0.115877
-0.099856
-0.094147
-0.106477
-0.109385
-0.107200
-0.109142
-0.105999
-0.119333
-0.103295
-0.115565
-0.105732
-0.106695
-0.105069
-0.112620
-0.109840
-0.105478
-0.104784
-0.112725
-0.108828
-0.098086
-0.115217
-0.105817
-0.109139
-0.110061
-0.112347
-0.113950
-0.111512
-0.111662
-0.113597
-0.111518
-0.110076
-0.112885
-0.114182
-0.110306
-0.110409
-0.114380
-0.114004
-0.111045
-0.112874
-0.115681
-0.114303
-0.111226
-0.112417
-0.114253
-0.113967
-0.110188
-0.113246
-0.115838
-0.113592
-0.109128
-0.113327
-0.112971
-0.111064
-0.111396
-0.114693
-0.114014
-0.113665
-0.114298
-0.632472
1.224081
1.619849
-2.386879
-0.124482
-0.124484
1.614295
1.154235
3.506330
-1.264739
-0.124483
-0.124483
-0.327909
0.366782
0.620867
-0.986841
-0.124481
-0.124484
0.606899
1.234418
2.131912
-2.003755
-0.124483
-0.124484
-0.251337
1.960099
2.991065
-3.134821
-0.124482
-0.124485
-0.735980
2.033868
3.034720
-3.964030
-0.124482
-0.124484
4.899993
1.477125
7.390202
1.608238
-0.124483
-0.124484
0.388753
0.409971
0.234070
0.566240
-0.068264
-0.073744
-0.086566
-0.106335
-0.107684
-0.109467
-0.113173
-0.110980
-0.113268
-0.114690
-0.115989
-0.119080
-0.119665
-0.119589
-0.119861
-0.120434
-0.118575
-0.120871
-0.121641
-0.120199
-0.121170
-0.065011
-0.105080
-0.109951
-0.118049
-0.110666
-0.108120
-0.083744
-0.116641
-0.117657
-0.116328
-0.119392
-0.119799
-0.119744
-0.120418
-0.120375
-0.119796
-0.120621
-0.120558
-0.120336
-0.121046
-0.120957
-0.120809
-0.121773
-0.121108
-0.120895
-0.121858
-0.120624
-0.122134
-0.109265
-0.116953
-0.121951
-0.118456
-0.117169
-0.121639
-0.118347
-0.121978
-0.123360
-0.122831
-0.121971
-0.122901
-0.122692
-0.122495
-0.122690
-0.122753
-0.122592
-0.122732
-0.122535
-0.122411
-0.122627
-0.122578
-0.122357
-0.122896
-0.122627
-0.122462
-0.123646
-0.121534
-0.117996
-0.120136
-0.122772
-0.121026
-0.120031
-0.123091
-0.121604
-0.124072
-0.122080
-0.123300
-0.124097
-0.122357
-0.121783
-0.122326
-0.122436
-0.122293
-0.122455
-0.122453
-0.122539
1.623265
0.304249
0.177698
0.598299
-0.080166
-0.070149
-0.079995
-0.088226
-0.092595
-0.105321
-0.100906
-0.102865
-0.107276
-0.109330
-0.109081
-0.111196
-0.112992
-0.111985
-0.115700
-0.114165
-0.114964
-0.117667
-0.120364
-0.119632
-0.113111
-0.048232
-0.106555
-0.104662
-0.108225
-0.102968
-0.107080
-0.082722
-0.119462
-0.112974
-0.115763
-0.117169
-0.116236
-0.115890
-0.117485
-0.117144
-0.116754
-0.117922
-0.117483
-0.117215
-0.118136
-0.118585
-0.117340
-0.118475
-0.119042
-0.117594
-0.117620
-0.119257
-0.114901
-0.114719
-0.114501
-0.119985
-0.120870
-0.114786
-0.121870
-0.109398
-0.117666
-0.120010
-0.118735
-0.119642
-0.119767
-0.119625
-0.119484
-0.120090
-0.119998
-0.119530
-0.120128
-0.120183
-0.119700
-0.119981
-0.120253
-0.119742
-0.119839
-0.120366
-0.118872
-0.118439
-0.121292
-0.118829
-0.122159
-0.120701
-0.120739
-0.123433
-0.119319
-0.119549
-0.120223
-0.120721
-0.120829
-0.119358
-0.120818
-0.121470
-0.121740
-0.120841
-0.120993
-0.121277
-0.120939
-0.120911
0.081855
0.030394
0.116363
0.010808
-0.079345
-0.046694
-0.073819
-0.085335
-0.091904
-0.096609
-0.098444
-0.100807
-0.104435
-0.105595
-0.106807
-0.107633
-0.107730
-0.109520
-0.110896
-0.111453
-0.112073
-0.113287
-0.112555
-0.113910
-0.114092
-0.121530
-0.115573
-0.106504
-0.113235
-0.110276
-0.117569
-0.111321
-0.114468
-0.118000
-0.116781
-0.117101
-0.117424
-0.117173
-0.117631
-0.117936
-0.117956
-0.118143
-0.118127
-0.118264
-0.118557
-0.118587
-0.118728
-0.118803
-0.118764
-0.119036
-0.119763
-0.119694
-0.119308
-0.118268
-0.119721
-0.118478
-0.117272
-0.118400
-0.119475
-0.120484
-0.119406
-0.119911
-0.120199
-0.119972
-0.119943
-0.120100
-0.120099
-0.120045
-0.120049
-0.120069
-0.120174
-0.120202
-0.120252
-0.120291
-0.120223
-0.120318
-0.120427
-0.120243
-0.120207
-0.120218
-0.120215
-0.120064
-0.119258
-0.121194
-0.120794
-0.120838
-0.120576
-0.120695
-0.121184
-0.120103
-0.120755
-0.120703
-0.120624
-0.120495
-0.120446
-0.120632
-0.120575
-0.120590
-0.120623
-0.120588
0.605041
0.638806
0.437439
-0.050952
-0.052683
-0.065759
-0.082754
-0.101161
-0.105641
-0.108203
-0.113951
-0.113848
-0.114126
-0.117483
-0.117093
-0.116242
-0.118863
-0.118749
-0.116962
-0.118883
-0.119207
-0.115771
-0.114571
-0.116129
-0.111704
-0.112984
-0.091549
-0.110279
-0.122093
-0.102852
-0.103170
-0.119690
-0.121591
-0.118707
-0.120153
-0.122845
-0.121980
-0.122015
-0.123685
-0.122896
-0.122667
-0.123812
-0.123338
-0.122895
-0.123776
-0.123597
-0.122929
-0.123622
-0.123701
-0.122620
-0.122438
-0.123367
-0.121406
-0.120488
-0.117566
-0.122518
-0.123091
-0.118660
-0.120076
-0.122776
-0.123966
-0.123038
-0.123298
-0.123877
-0.123915
-0.123610
-0.124218
-0.124109
-0.123882
-0.124219
-0.124209
-0.123929
-0.124157
-0.124275
-0.123919
-0.124092
-0.124294
-0.123792
-0.123584
-0.123943
-0.123269
-0.122121
-0.122001
-0.123942
-0.123293
-0.121713
-0.122528
-0.122966
-0.123766
-0.123847
-0.123664
-0.123242
-0.124054
-0.123946
-0.124161
-0.124277
-0.124284
-0.124348
-0.124302
-0.124291
-0.008500
0.894064
0.806556
0.294714
0.029090
-0.002986
-0.025849
-0.049130
-0.059919
-0.063955
-0.073797
-0.079537
-0.079447
-0.085451
-0.089605
-0.088106
-0.092015
-0.095807
-0.093184
-0.095761
-0.099890
-0.095868
-0.097221
-0.102487
-0.089446
-0.083463
-0.062091
-0.093169
-0.101028
-0.075918
-0.108282
-0.115510
-0.113678
-0.116153
-0.116043
-0.112639
-0.114203
-0.115235
-0.113014
-0.114082
-0.115306
-0.113585
-0.114325
-0.115645
-0.114152
-0.114619
-0.116195
-0.114675
-0.114884
-0.117029
-0.115287
-0.114914
-0.119383
-0.118980
-0.122248
-0.111837
-0.112399
-0.116385
-0.110795
-0.114370
-0.116114
-0.114870
-0.116367
-0.117129
-0.115883
-0.116069
-0.117050
-0.116280
-0.116446
-0.117239
-0.116621
-0.116670
-0.117475
-0.116904
-0.116790
-0.117739
-0.117152
-0.116747
-0.118043
-0.117299
-0.116479
-0.117817
-0.114655
-0.119265
-0.119934
-0.118378
-0.117858
-0.114322
-0.116822
-0.117159
-0.116324
-0.115662
-0.117705
-0.117971
-0.117224
-0.117904
-0.117789
-0.117356
-0.117843
-0.117815
0.477916
0.831430
0.933998
0.182089
0.095493
0.060541
0.011420
-0.009442
-0.024415
-0.035592
-0.045470
-0.053081
-0.057877
-0.063679
-0.068470
-0.070926
-0.074445
-0.077927
-0.079007
-0.080874
-0.083983
-0.084014
-0.083042
-0.085697
-0.090104
-0.084998
-0.073941
-0.075950
-0.090016
-0.063485
-0.111361
-0.102251
-0.102201
-0.106990
-0.105262
-0.104638
-0.105631
-0.105947
-0.105575
-0.106240
-0.106836
-0.106593
-0.107068
-0.107771
-0.107601
-0.107912
-0.108749
-0.108614
-0.108731
-0.109825
-0.109882
-0.110308
-0.111077
-0.112582
-0.114303
-0.105090
-0.103636
-0.109367
-0.109203
-0.111634
-0.110623
-0.110293
-0.111236
-0.111488
-0.110808
-0.111174
-0.111542
-0.111347
-0.111545
-0.111871
-0.111772
-0.111845
-0.112200
-0.112130
-0.112093
-0.112515
-0.112485
-0.112254
-0.112950
-0.112812
-0.112022
-0.112895
-0.108411
-0.114941
-0.114878
-0.114857
-0.112431
-0.111273
-0.113453
-0.112266
-0.113234
-0.111559
-0.113308
-0.112830
-0.112703
-0.113207
-0.113085
-0.112971
-0.113194
-0.113175
