-2.898369
2.648503
0.426164
-17.007894
-0.105763
-0.105743
0.136264
1.146565
3.316112
-3.443122
-0.105759
-0.105758
1.380014
1.996780
6.551489
-4.494857
-0.105761
-0.105757
-0.415160
1.979648
5.820696
-4.284855
-0.105759
-0.105759
0.049235
5.528204
7.418440
-9.446761
-0.105760
-0.105761
-0.056249
2.147240
4.504485
-3.796750
-0.105759
-0.105760
5.737557
-0.104836
5.738812
5.736096
-0.105759
-0.105761
8.969270
2.755617
14.279291
3.875262
-0.105759
-0.105760
2.682192
0.646714
0.927885
0.152451
0.199098
0.006141
0.247935
0.306456
0.292834
0.169372
0.147096
0.276173
0.251412
0.261252
0.303357
0.271213
0.183050
0.240302
0.215306
0.127529
0.156547
0.144911
0.068668
0.072504
0.050843
0.013043
-0.026793
-0.013813
-0.031131
-0.054605
-0.038454
-0.047531
-0.081435
-0.082361
-0.085980
-0.072394
-0.070744
-0.098231
-0.098164
-0.101623
-0.101656
-0.093924
-0.078522
-0.087187
-0.080004
-0.080956
-0.080228
-0.078878
-0.081214
-0.069332
-0.067689
-0.073931
-0.065390
-0.069030
-0.077758
-0.068671
-0.069380
-0.077950
-0.074436
-0.074156
-0.080376
-0.083810
-0.082973
-0.084170
-0.090328
-0.086296
-0.086848
-0.095676
-0.090947
-0.095085
-0.099947
-0.096141
-0.101509
-0.095133
-0.101355
-0.102684
-0.104024
-0.103956
-0.102672
-0.101096
-0.098480
-0.103089
-0.099715
-0.101638
-0.101153
-0.098663
-0.102707
-0.098543
-0.099221
-0.102355
-0.098668
-0.102078
-0.102069
-0.100587
-0.103116
-0.101271
-0.103548
-0.103196
-0.102754
-0.104154
0.135514
0.349798
0.277623
0.068263
0.180496
0.158749
0.037067
0.070651
0.057587
0.040039
0.067486
0.006784
-0.050316
-0.025524
-0.015798
-0.007034
0.006903
-0.002250
-0.005006
-0.036375
-0.023890
-0.032677
-0.040371
-0.065111
-0.054664
-0.062189
-0.058949
-0.060123
-0.056743
-0.080475
-0.077815
-0.087712
-0.096811
-0.091148
-0.091799
-0.094837
-0.097720
-0.099156
-0.104973
-0.102873
-0.097380
-0.099489
-0.092308
-0.094155
-0.097485
-0.097546
-0.098227
-0.096325
-0.099181
-0.097549
-0.099819
-0.092803
-0.091828
-0.090873
-0.092177
-0.092269
-0.092732
-0.095447
-0.095535
-0.093969
-0.095698
-0.097489
-0.094448
-0.096490
-0.096294
-0.098744
-0.098935
-0.103245
-0.101828
-0.104530
-0.104627
-0.104373
-0.102342
-0.102788
-0.103517
-0.104385
-0.105458
-0.105124
-0.104145
-0.104919
-0.103427
-0.103904
-0.104528
-0.105241
-0.104872
-0.103878
-0.104951
-0.103331
-0.103302
-0.103308
-0.103276
-0.104017
-0.104247
-0.103803
-0.104785
-0.104311
-0.104916
-0.104455
-0.104743
-0.105397
1.383644
0.637670
0.402977
0.508975
0.401621
0.380021
0.142248
0.132576
0.082541
0.034832
0.045013
0.160850
0.099597
0.051114
0.083494
0.046594
0.025371
0.031019
0.012464
0.006854
-0.008475
-0.004760
-0.029064
-0.027172
-0.026813
-0.047845
-0.060087
-0.049682
-0.074281
-0.083566
-0.065049
-0.061326
-0.078506
-0.083461
-0.088015
-0.098154
-0.091112
-0.097146
-0.094879
-0.091655
-0.097030
-0.086482
-0.088785
-0.090555
-0.095499
-0.097728
-0.087092
-0.088648
-0.089590
-0.081435
-0.086503
-0.089741
-0.085948
-0.089294
-0.090084
-0.090458
-0.089327
-0.092103
-0.093100
-0.090701
-0.094888
-0.094620
-0.093756
-0.096300
-0.098364
-0.095573
-0.095944
-0.098223
-0.097009
-0.096884
-0.102660
-0.102582
-0.101975
-0.101871
-0.100657
-0.103065
-0.102282
-0.102438
-0.103511
-0.101221
-0.103518
-0.102588
-0.104049
-0.103767
-0.100797
-0.102843
-0.102191
-0.102507
-0.103059
-0.103541
-0.103936
-0.103227
-0.103581
-0.104254
-0.102977
-0.104820
-0.104284
-0.104290
-0.105437
-0.104521
0.193565
0.797361
0.467870
0.701438
-0.017581
0.376727
-0.070761
0.113869
0.004872
-0.018266
0.030687
-0.024562
-0.052582
-0.061952
-0.056004
-0.051683
-0.013995
-0.032653
-0.038392
-0.037650
-0.061378
-0.071878
-0.075647
-0.093029
-0.090091
-0.090029
-0.076307
-0.086562
-0.081595
-0.095305
-0.088040
-0.088100
-0.094758
-0.086178
-0.102446
-0.087439
-0.101276
-0.103592
-0.103122
-0.101385
-0.098149
-0.097002
-0.098521
-0.096167
-0.101686
-0.100241
-0.104061
-0.100880
-0.101415
-0.100611
-0.104394
-0.098739
-0.100173
-0.100376
-0.097771
-0.101162
-0.100988
-0.101409
-0.103515
-0.103483
-0.102968
-0.101952
-0.101918
-0.102521
-0.100576
-0.103914
-0.102362
-0.103382
-0.103425
-0.103532
-0.103457
-0.103129
-0.103591
-0.103544
-0.105162
-0.104158
-0.105396
-0.105160
-0.104199
-0.105303
-0.104301
-0.104792
-0.103962
-0.104703
-0.104251
-0.105168
-0.104735
-0.104523
-0.105571
-0.103886
-0.105617
-0.104543
-0.105158
-0.105431
-0.105003
-0.105475
-0.105160
-0.104934
-0.105406
-0.104851
0.071481
3.338401
1.388863
0.676176
0.832339
0.218164
0.013556
0.035088
0.071377
0.062739
-0.033501
0.019876
-0.048885
-0.023640
-0.031570
-0.085062
-0.041158
-0.073738
-0.070268
-0.052038
-0.098233
-0.069088
-0.078023
-0.088184
-0.077867
-0.089543
-0.093232
-0.090739
-0.099166
-0.094274
-0.096630
-0.098024
-0.103093
-0.094302
-0.086761
-0.095439
-0.097070
-0.075328
-0.100517
-0.091087
-0.081999
-0.092691
-0.085196
-0.104273
-0.101161
-0.102192
-0.100729
-0.099196
-0.103700
-0.099350
-0.105570
-0.099868
-0.102952
-0.101895
-0.100822
-0.104634
-0.100986
-0.103932
-0.103107
-0.103510
-0.104178
-0.103921
-0.104077
-0.103762
-0.104264
-0.103311
-0.104700
-0.103543
-0.103923
-0.102949
-0.104347
-0.104406
-0.104164
-0.102861
-0.102123
-0.100070
-0.102856
-0.101942
-0.100825
-0.103289
-0.104054
-0.104460
-0.104969
-0.104990
-0.103838
-0.104699
-0.104327
-0.104797
-0.104047
-0.104208
-0.104580
-0.104560
-0.105090
-0.104605
-0.105004
-0.104696
-0.104942
-0.104727
-0.104637
-0.104871
-0.053222
0.738030
0.932034
0.009048
0.636547
0.178218
0.080571
-0.020072
0.031475
-0.014426
-0.058854
-0.043236
-0.028446
-0.057532
-0.064019
-0.067962
-0.094498
-0.095350
-0.104954
-0.090192
-0.082064
-0.085480
-0.083785
-0.079986
-0.087564
-0.088532
-0.088598
-0.098038
-0.098220
-0.095951
-0.096220
-0.102199
-0.098160
-0.098199
-0.084022
-0.095977
-0.098371
-0.093845
-0.100432
-0.099705
-0.090585
-0.103667
-0.090701
-0.097673
-0.101076
-0.104008
-0.101999
-0.103999
-0.105181
-0.103573
-0.103676
-0.105487
-0.104559
-0.105367
-0.103968
-0.103714
-0.103744
-0.102619
-0.102578
-0.103258
-0.103165
-0.103178
-0.104302
-0.104213
-0.104526
-0.105379
-0.104969
-0.105111
-0.105411
-0.105340
-0.105305
-0.105367
-0.102433
-0.102718
-0.105081
-0.102629
-0.104449
-0.104304
-0.103067
-0.105235
-0.103432
-0.104253
-0.105258
-0.105544
-0.105417
-0.105664
-0.105488
-0.105312
-0.105681
-0.105629
-0.105223
-0.105427
-0.105243
-0.105416
-0.105338
-0.105389
-0.105356
-0.105449
-0.105626
-0.105476
-0.862129
1.092760
1.548041
-2.219037
-0.105758
-0.105760
1.419748
1.309763
3.687874
-1.041026
-0.105759
-0.105761
-0.108006
0.424498
0.990348
-0.598395
-0.105757
-0.105760
0.260833
1.140169
2.138804
-1.527945
-0.105759
-0.105761
0.440804
1.864889
3.081866
-2.695755
-0.105759
-0.105761
-0.173814
2.046168
2.803586
-3.359312
-0.105759
-0.105761
4.819854
1.342949
7.414492
2.223168
-0.105759
-0.105760
0.651761
0.550970
0.418654
-0.060638
-0.078941
-0.089740
-0.094891
-0.099469
-0.099474
-0.100602
-0.100262
-0.100458
-0.101458
-0.102107
-0.101797
-0.103602
-0.104181
-0.057279
-0.079424
-0.100939
-0.084047
-0.075568
-0.097064
-0.100366
-0.102062
-0.102458
-0.102948
-0.103171
-0.103170
-0.103140
-0.103306
-0.103360
-0.103691
-0.103747
-0.103850
-0.103322
-0.094841
-0.099833
-0.103134
-0.100667
-0.097922
-0.102421
-0.103706
-0.104105
-0.104078
-0.104119
-0.104227
-0.104202
-0.104237
-0.104300
-0.104285
-0.104384
-0.104428
-0.104357
-0.104251
-0.102091
-0.102021
-0.104420
-0.104406
-0.101223
-0.104689
-0.104904
-0.104771
-0.104699
-0.104649
-0.104701
-0.104697
-0.104722
-0.104757
-0.104720
-0.104730
-0.104768
-0.104764
-0.104907
-0.105123
-0.103132
-0.105056
-0.105287
-0.103209
-0.105387
-0.104959
-0.104850
-0.104839
-0.104776
-0.104910
-0.104827
-0.104831
-0.104902
-0.104818
-0.104838
-0.104855
-0.104870
-0.104917
-0.105058
-0.104457
-0.104907
-0.104868
-0.104695
-0.104827
-0.104838
1.408413
0.462376
0.711017
-0.022185
-0.074812
-0.088078
-0.096508
-0.091915
-0.096561
-0.097794
-0.095047
-0.098072
-0.097254
-0.098402
-0.100098
-0.101917
-0.102137
-0.025553
-0.085168
-0.103208
-0.085665
-0.062521
-0.090241
-0.097348
-0.099751
-0.100878
-0.100982
-0.101233
-0.101698
-0.101100
-0.101545
-0.101691
-0.101469
-0.101842
-0.101769
-0.101548
-0.086572
-0.100659
-0.103416
-0.099494
-0.095584
-0.100109
-0.102435
-0.103181
-0.103324
-0.103531
-0.103399
-0.103526
-0.103408
-0.103438
-0.103552
-0.103327
-0.103438
-0.103299
-0.103276
-0.098563
-0.103106
-0.102859
-0.101420
-0.100385
-0.103962
-0.104690
-0.104628
-0.104485
-0.104552
-0.104446
-0.104457
-0.104521
-0.104459
-0.104471
-0.104425
-0.104456
-0.104469
-0.104686
-0.103810
-0.103693
-0.103328
-0.103104
-0.102974
-0.104968
-0.104816
-0.104632
-0.104585
-0.104480
-0.104655
-0.104669
-0.104689
-0.104685
-0.104601
-0.104664
-0.104668
-0.104703
-0.104765
-0.105117
-0.104359
-0.104305
-0.104454
-0.104463
-0.104373
-0.104518
-0.102305
0.228611
0.050945
-0.051836
-0.100808
-0.103273
-0.103985
-0.103788
-0.104528
-0.103739
-0.104008
-0.105230
-0.104721
-0.105199
-0.105390
-0.104812
-0.098631
-0.092308
-0.091326
-0.105007
-0.095776
-0.095840
-0.100720
-0.105016
-0.105287
-0.105398
-0.105401
-0.105483
-0.105380
-0.105439
-0.105660
-0.105537
-0.105637
-0.105681
-0.105514
-0.104423
-0.102996
-0.102400
-0.105340
-0.103651
-0.103106
-0.104284
-0.105508
-0.105600
-0.105623
-0.105625
-0.105658
-0.105616
-0.105652
-0.105719
-0.105685
-0.105724
-0.105732
-0.105662
-0.105300
-0.104716
-0.104321
-0.105453
-0.104966
-0.104509
-0.105054
-0.105646
-0.105702
-0.105702
-0.105698
-0.105721
-0.105698
-0.105724
-0.105735
-0.105747
-0.105742
-0.105741
-0.105738
-0.105601
-0.105310
-0.105069
-0.105568
-0.105438
-0.105189
-0.105462
-0.105703
-0.105751
-0.105739
-0.105723
-0.105739
-0.105736
-0.105757
-0.105694
-0.105707
-0.105729
-0.105727
-0.105736
-0.105740
-0.105613
-0.105528
-0.105702
-0.105662
-0.105610
-0.105687
-0.105718
0.251728
0.772132
-0.066884
-0.031102
-0.104310
-0.096971
-0.100251
-0.099864
-0.100667
-0.101177
-0.101608
-0.101974
-0.101937
-0.103024
-0.102945
-0.102808
-0.096166
-0.103849
-0.069701
-0.102008
-0.078239
-0.099548
-0.099210
-0.103935
-0.103874
-0.104130
-0.104323
-0.104270
-0.104348
-0.104375
-0.104397
-0.104421
-0.104496
-0.104621
-0.104332
-0.104721
-0.103939
-0.097814
-0.103609
-0.099413
-0.103195
-0.104352
-0.104312
-0.104698
-0.104716
-0.104825
-0.104821
-0.104851
-0.104868
-0.104884
-0.104915
-0.104894
-0.104969
-0.104917
-0.105341
-0.104695
-0.103282
-0.103640
-0.102409
-0.104733
-0.105546
-0.104715
-0.105005
-0.104978
-0.105008
-0.105015
-0.105036
-0.105054
-0.105044
-0.105058
-0.105049
-0.105065
-0.105098
-0.104989
-0.105208
-0.105357
-0.104143
-0.103836
-0.105680
-0.105201
-0.105084
-0.105118
-0.105115
-0.105086
-0.105068
-0.105146
-0.105167
-0.105072
-0.105113
-0.105099
-0.105103
-0.105115
-0.105039
-0.105196
-0.105167
-0.104951
-0.104930
-0.105168
-0.105091
-0.105170
0.451469
1.260023
0.157011
-0.070426
-0.089252
-0.090325
-0.093187
-0.094956
-0.096210
-0.097190
-0.098026
-0.098794
-0.099469
-0.099996
-0.100386
-0.101440
-0.099622
-0.086342
-0.054680
-0.094013
-0.057316
-0.088942
-0.103680
-0.103055
-0.103064
-0.103058
-0.103093
-0.103147
-0.103172
-0.103247
-0.103343
-0.103378
-0.103462
-0.103555
-0.103671
-0.103878
-0.103745
-0.094381
-0.100225
-0.093136
-0.102675
-0.104214
-0.103986
-0.104110
-0.104092
-0.104101
-0.104114
-0.104133
-0.104145
-0.104162
-0.104158
-0.104180
-0.104198
-0.104180
-0.104368
-0.104824
-0.099886
-0.103484
-0.101220
-0.103586
-0.104097
-0.104291
-0.104376
-0.104402
-0.104422
-0.104454
-0.104447
-0.104443
-0.104470
-0.104475
-0.104476
-0.104474
-0.104452
-0.104465
-0.104300
-0.102723
-0.105569
-0.105022
-0.103499
-0.104397
-0.104527
-0.104543
-0.104570
-0.104599
-0.104602
-0.104539
-0.104503
-0.104722
-0.104622
-0.104623
-0.104627
-0.104626
-0.104608
-0.104537
-0.104667
-0.104666
-0.104793
-0.104262
-0.104662
-0.104642
-0.045514
1.402228
-0.000778
-0.016563
-0.051585
-0.070007
-0.077288
-0.080933
-0.084157
-0.086603
-0.088643
-0.090241
-0.091557
-0.092778
-0.093582
-0.094077
-0.091684
-0.100350
-0.047382
-0.090925
-0.051241
-0.092998
-0.096970
-0.097206
-0.098335
-0.098659
-0.098855
-0.099068
-0.099258
-0.099468
-0.099643
-0.099749
-0.099830
-0.099966
-0.100209
-0.099656
-0.099368
-0.089918
-0.098311
-0.089549
-0.102470
-0.103872
-0.102485
-0.102209
-0.102114
-0.102095
-0.102076
-0.102077
-0.102071
-0.102079
-0.102052
-0.102023
-0.102020
-0.102023
-0.101806
-0.100525
-0.097038
-0.102876
-0.099214
-0.104139
-0.103410
-0.103420
-0.103205
-0.103165
-0.103161
-0.103157
-0.103130
-0.103120
-0.103129
-0.103135
-0.103133
-0.103133
-0.103120
-0.103123
-0.102473
-0.101618
-0.104361
-0.104174
-0.102741
-0.102862
-0.103259
-0.103302
-0.103334
-0.103363
-0.103353
-0.103384
-0.103317
-0.103549
-0.103540
-0.103517
-0.103521
-0.103532
-0.103584
-0.103620
-0.103820
-0.103387
-0.103795
-0.103008
-0.103219
-0.103341
