-3.100026
2.313173
0.267914
-12.293497
-0.111024
-0.111017
0.197823
1.164878
3.377205
-3.087828
-0.111021
-0.111020
1.688398
1.819359
5.431796
-3.820239
-0.111023
-0.111019
-0.597027
2.218682
5.603177
-4.285467
-0.111021
-0.111022
-0.215920
5.939807
8.282510
-9.947357
-0.111022
-0.111023
-0.182037
2.472896
5.207474
-4.591076
-0.111021
-0.111022
5.991999
-0.110112
5.993707
5.990706
-0.111020
-0.111023
9.880339
2.901459
15.586877
4.747994
-0.111021
-0.111023
2.880392
0.705977
1.002546
0.130106
0.141938
0.120924
0.191098
0.247966
0.243374
0.130923
0.067659
0.149928
0.179823
0.077995
0.095231
0.047020
0.049835
0.033868
-0.013115
-0.004258
0.003653
-0.019051
-0.006381
-0.030503
-0.021213
-0.025160
-0.041967
-0.073874
-0.060522
-0.054885
-0.063280
-0.095739
-0.090229
-0.095721
-0.081497
-0.098000
-0.102396
-0.106789
-0.098961
-0.093398
-0.095511
-0.100825
-0.095494
-0.092859
-0.089548
-0.087002
-0.095359
-0.096366
-0.083708
-0.090060
-0.093080
-0.089278
-0.095807
-0.093657
-0.094071
-0.102565
-0.095465
-0.095547
-0.099457
-0.095109
-0.097019
-0.099367
-0.092621
-0.103899
-0.102606
-0.099104
-0.103219
-0.103202
-0.105874
-0.103540
-0.106147
-0.105683
-0.110576
-0.107512
-0.107087
-0.110516
-0.106448
-0.108223
-0.105668
-0.107432
-0.105282
-0.109188
-0.105839
-0.106965
-0.108993
-0.104025
-0.107324
-0.106980
-0.105769
-0.110518
-0.106884
-0.106802
-0.109245
-0.106479
-0.107449
-0.109557
-0.106342
-0.109408
-0.107318
-0.106576
0.195247
0.489859
0.319928
0.047280
0.250325
0.029083
0.014363
0.035745
-0.058718
-0.011038
-0.016110
-0.043086
-0.048373
-0.064450
-0.031097
-0.065984
-0.094283
-0.096412
-0.072571
-0.091134
-0.089086
-0.102369
-0.074929
-0.073175
-0.099216
-0.100693
-0.090006
-0.082577
-0.102186
-0.093091
-0.098259
-0.100805
-0.087367
-0.106378
-0.098508
-0.098549
-0.108875
-0.109729
-0.102730
-0.104436
-0.098125
-0.104513
-0.102626
-0.100844
-0.106450
-0.103408
-0.104753
-0.102098
-0.105559
-0.108606
-0.106428
-0.100017
-0.108643
-0.108958
-0.109071
-0.106477
-0.109108
-0.107867
-0.109439
-0.104008
-0.105113
-0.108038
-0.106168
-0.105961
-0.108597
-0.106285
-0.109436
-0.109128
-0.105984
-0.108247
-0.106236
-0.108636
-0.109843
-0.109916
-0.109796
-0.109757
-0.109754
-0.107894
-0.108254
-0.107826
-0.109610
-0.110244
-0.108350
-0.109394
-0.109467
-0.108917
-0.109082
-0.108644
-0.108398
-0.109662
-0.109060
-0.109590
-0.108964
-0.109692
-0.109595
-0.109883
-0.108513
-0.109543
-0.109130
-0.109306
1.694833
0.515076
0.274700
0.510472
0.445745
0.456382
0.142402
0.230011
0.077603
-0.070418
-0.013861
0.039069
-0.027447
-0.036299
-0.037767
-0.074376
-0.032028
-0.059629
-0.094993
-0.081363
-0.057095
-0.077474
-0.075883
-0.078861
-0.078518
-0.070829
-0.071123
-0.101122
-0.090922
-0.076169
-0.077515
-0.088157
-0.071030
-0.092577
-0.108912
-0.101234
-0.104998
-0.107897
-0.109863
-0.105942
-0.095510
-0.101277
-0.087643
-0.099509
-0.095943
-0.095373
-0.105072
-0.099450
-0.093858
-0.105433
-0.099874
-0.101867
-0.106906
-0.099180
-0.101357
-0.108949
-0.101291
-0.102990
-0.108201
-0.102386
-0.104997
-0.105240
-0.099764
-0.107421
-0.106256
-0.104660
-0.106896
-0.104770
-0.104991
-0.104118
-0.107139
-0.109126
-0.109040
-0.108308
-0.108023
-0.108093
-0.110126
-0.107699
-0.107455
-0.106828
-0.107906
-0.109261
-0.107614
-0.108859
-0.108582
-0.106668
-0.109115
-0.108000
-0.107789
-0.109570
-0.107964
-0.108106
-0.108928
-0.107816
-0.108212
-0.109461
-0.107891
-0.109416
-0.108427
-0.107879
0.367763
0.887065
0.535897
0.816107
0.143027
0.369466
-0.070824
0.174734
-0.053556
-0.007880
0.026670
-0.037299
-0.062126
-0.055818
-0.088832
-0.095675
-0.076173
-0.076457
-0.103887
-0.092967
-0.091491
-0.093717
-0.107338
-0.093175
-0.102094
-0.098599
-0.096475
-0.085456
-0.100069
-0.095376
-0.100027
-0.086317
-0.096184
-0.093047
-0.092168
-0.104049
-0.109688
-0.107263
-0.106488
-0.097946
-0.105069
-0.097425
-0.107944
-0.098207
-0.107608
-0.109173
-0.104171
-0.104569
-0.110191
-0.108118
-0.108817
-0.108829
-0.109027
-0.108246
-0.109264
-0.110508
-0.109054
-0.108272
-0.109679
-0.109701
-0.109540
-0.108171
-0.110560
-0.107535
-0.108954
-0.109144
-0.109560
-0.107217
-0.108248
-0.108726
-0.106538
-0.109406
-0.109844
-0.110207
-0.110450
-0.109469
-0.110258
-0.107722
-0.110080
-0.109001
-0.109716
-0.110249
-0.109903
-0.110115
-0.110493
-0.110769
-0.110527
-0.110851
-0.110669
-0.110897
-0.110486
-0.110423
-0.110756
-0.110408
-0.110403
-0.110654
-0.110225
-0.110750
-0.110867
-0.110602
-0.034775
3.690138
1.361719
0.613690
0.847671
0.191861
-0.032697
0.087926
0.036146
0.045882
-0.065835
0.024478
-0.046021
-0.040825
-0.027730
-0.090991
-0.064394
-0.065468
-0.100099
-0.085571
-0.081179
-0.091216
-0.093495
-0.079689
-0.101493
-0.099635
-0.086969
-0.102736
-0.094015
-0.087434
-0.101621
-0.106106
-0.088885
-0.095254
-0.078621
-0.094249
-0.109778
-0.089512
-0.094695
-0.103549
-0.088173
-0.103127
-0.105061
-0.108115
-0.105887
-0.102348
-0.108626
-0.105555
-0.104954
-0.110676
-0.106365
-0.106304
-0.108783
-0.106907
-0.109104
-0.109436
-0.108818
-0.108637
-0.108989
-0.108990
-0.107330
-0.109791
-0.107787
-0.107470
-0.109709
-0.107689
-0.108441
-0.110403
-0.108591
-0.108684
-0.105448
-0.108992
-0.110051
-0.106323
-0.107339
-0.109517
-0.108101
-0.107903
-0.109485
-0.109861
-0.110758
-0.109867
-0.109736
-0.110601
-0.109591
-0.109927
-0.110210
-0.109383
-0.110825
-0.110189
-0.110516
-0.110576
-0.110236
-0.110463
-0.110658
-0.110399
-0.110689
-0.110223
-0.110371
-0.110355
-0.045870
0.830360
1.165580
0.240994
0.609114
0.094760
0.083850
0.025130
0.006247
-0.014766
-0.038948
-0.031705
-0.019755
-0.026061
-0.060098
-0.050136
-0.064085
-0.081792
-0.077420
-0.089373
-0.087578
-0.080208
-0.085413
-0.093085
-0.086322
-0.086216
-0.102441
-0.099275
-0.097910
-0.098566
-0.101738
-0.101228
-0.086719
-0.099751
-0.091921
-0.101519
-0.106780
-0.103815
-0.101034
-0.109309
-0.094205
-0.104502
-0.102508
-0.106190
-0.106093
-0.107596
-0.106744
-0.107547
-0.108476
-0.105146
-0.106808
-0.108257
-0.106762
-0.108187
-0.108295
-0.108661
-0.109417
-0.107950
-0.108050
-0.109021
-0.108451
-0.107766
-0.108701
-0.109865
-0.109252
-0.108507
-0.110499
-0.109198
-0.107563
-0.109048
-0.107842
-0.108012
-0.109449
-0.109873
-0.109599
-0.109982
-0.107814
-0.110003
-0.109497
-0.109417
-0.110299
-0.110430
-0.110171
-0.110365
-0.110601
-0.110279
-0.110110
-0.110585
-0.110444
-0.110323
-0.110725
-0.110736
-0.110717
-0.110789
-0.110656
-0.110860
-0.110667
-0.110926
-0.110660
-0.110714
-1.059816
1.233198
1.598994
-2.542147
-0.111020
-0.111023
1.523827
1.346417
3.653388
-1.309514
-0.111022
-0.111022
-0.416420
0.662094
0.694089
-1.655016
-0.111021
-0.111023
0.216737
1.702150
2.617799
-2.510788
-0.111021
-0.111024
0.568618
2.301668
3.712988
-2.964091
-0.111021
-0.111024
-0.434469
2.092273
2.842765
-3.434738
-0.111021
-0.111024
5.159060
1.611671
7.979598
2.058992
-0.111021
-0.111022
0.844515
0.643156
0.461798
-0.100267
-0.102700
-0.103654
-0.107118
-0.105067
-0.103248
-0.107477
-0.109059
-0.104442
-0.103419
-0.104213
-0.103546
-0.099994
-0.074323
-0.066979
-0.093760
-0.086614
-0.078524
-0.096029
-0.103623
-0.107146
-0.108494
-0.109190
-0.109732
-0.110393
-0.110075
-0.109404
-0.109893
-0.110238
-0.110463
-0.110429
-0.108190
-0.098632
-0.106861
-0.109347
-0.102749
-0.104455
-0.109680
-0.110449
-0.110559
-0.110736
-0.110647
-0.110792
-0.110947
-0.110968
-0.110627
-0.110406
-0.110330
-0.110120
-0.110071
-0.107136
-0.107639
-0.109929
-0.107570
-0.107935
-0.110196
-0.110226
-0.110465
-0.110585
-0.110710
-0.110900
-0.110951
-0.110870
-0.110728
-0.110747
-0.110756
-0.110775
-0.110911
-0.109850
-0.108838
-0.110659
-0.110340
-0.109240
-0.110330
-0.110756
-0.110894
-0.110926
-0.110960
-0.110932
-0.110971
-0.111009
-0.111004
-0.110965
-0.110922
-0.110884
-0.110745
-0.110759
-0.110482
-0.110581
-0.110906
-0.110500
-0.110761
-0.110983
-0.110969
-0.110976
-0.110984
-0.110999
1.526534
0.535294
0.682732
-0.092988
-0.108369
-0.109359
-0.106356
-0.109254
-0.106529
-0.108339
-0.108826
-0.105256
-0.103307
-0.100042
-0.099293
-0.094243
-0.055859
-0.082934
-0.082915
-0.105073
-0.096650
-0.071911
-0.088322
-0.095600
-0.099316
-0.102275
-0.103054
-0.103314
-0.103389
-0.103607
-0.103393
-0.104437
-0.105885
-0.106756
-0.104220
-0.100995
-0.105971
-0.106333
-0.107415
-0.103539
-0.109234
-0.107495
-0.107130
-0.107038
-0.107605
-0.107865
-0.108029
-0.108013
-0.107886
-0.107217
-0.106711
-0.106425
-0.106202
-0.105098
-0.106232
-0.107522
-0.109863
-0.106480
-0.110060
-0.110638
-0.110390
-0.109926
-0.109465
-0.109403
-0.109414
-0.109483
-0.109605
-0.109893
-0.109846
-0.109589
-0.109210
-0.107837
-0.108834
-0.107893
-0.107871
-0.108601
-0.107992
-0.108722
-0.109065
-0.109305
-0.109447
-0.109394
-0.109365
-0.109340
-0.109337
-0.109340
-0.109462
-0.109598
-0.109812
-0.109990
-0.109225
-0.109600
-0.109724
-0.109212
-0.109193
-0.109167
-0.109160
-0.109184
-0.109215
-0.109259
0.197734
0.432436
-0.087471
-0.073368
-0.103853
-0.105593
-0.105341
-0.107913
-0.110079
-0.108384
-0.106941
-0.107725
-0.106430
-0.106225
-0.105327
-0.101788
-0.106401
-0.095335
-0.099514
-0.098841
-0.100404
-0.103802
-0.105842
-0.107872
-0.108866
-0.109902
-0.109951
-0.109524
-0.109489
-0.109633
-0.109399
-0.109876
-0.110101
-0.110349
-0.109557
-0.108968
-0.107374
-0.110046
-0.107010
-0.109629
-0.110886
-0.110464
-0.110397
-0.110304
-0.110603
-0.110756
-0.110785
-0.110724
-0.110642
-0.110405
-0.110299
-0.110152
-0.109697
-0.110242
-0.109722
-0.110202
-0.109465
-0.110548
-0.110354
-0.110581
-0.110729
-0.110800
-0.110891
-0.110890
-0.110946
-0.110899
-0.110947
-0.110866
-0.110893
-0.110872
-0.110963
-0.110604
-0.110165
-0.110614
-0.110664
-0.110321
-0.110494
-0.110794
-0.110864
-0.110917
-0.110982
-0.110951
-0.110913
-0.110907
-0.110892
-0.110885
-0.110935
-0.110979
-0.111003
-0.110919
-0.110914
-0.110844
-0.110837
-0.110882
-0.110897
-0.110822
-0.110841
-0.110859
-0.110867
-0.110881
0.210698
1.162112
-0.012714
-0.052783
-0.101119
-0.108856
-0.107809
-0.107432
-0.108357
-0.108076
-0.107362
-0.106449
-0.104987
-0.103625
-0.104016
-0.094521
-0.096848
-0.074676
-0.084326
-0.080212
-0.089117
-0.097757
-0.097343
-0.101956
-0.103703
-0.105001
-0.105900
-0.106278
-0.106536
-0.106801
-0.107105
-0.107545
-0.108150
-0.107347
-0.108975
-0.107060
-0.101490
-0.105458
-0.104573
-0.110029
-0.110044
-0.109485
-0.109232
-0.109127
-0.109137
-0.109240
-0.109282
-0.109242
-0.109122
-0.108963
-0.108801
-0.108878
-0.108399
-0.108428
-0.105444
-0.109494
-0.107700
-0.110649
-0.110837
-0.110543
-0.110770
-0.110630
-0.110497
-0.110398
-0.110374
-0.110395
-0.110435
-0.110444
-0.110406
-0.110275
-0.110301
-0.110142
-0.109722
-0.108634
-0.108323
-0.109603
-0.109809
-0.109968
-0.110030
-0.110130
-0.110186
-0.110212
-0.110213
-0.110212
-0.110220
-0.110250
-0.110285
-0.110347
-0.110365
-0.110502
-0.110359
-0.110301
-0.110485
-0.109883
-0.110066
-0.110055
-0.110098
-0.110095
-0.110107
-0.110117
0.584203
1.591313
-0.010559
-0.066456
-0.096944
-0.099469
-0.101305
-0.102279
-0.103218
-0.103989
-0.104713
-0.105480
-0.106001
-0.106419
-0.106423
-0.107339
-0.100909
-0.050806
-0.074323
-0.056928
-0.085589
-0.104037
-0.108756
-0.109465
-0.110107
-0.110519
-0.110676
-0.110549
-0.110363
-0.110241
-0.110215
-0.110265
-0.110423
-0.110676
-0.109701
-0.104835
-0.095508
-0.102598
-0.100215
-0.109382
-0.110117
-0.109987
-0.110099
-0.110213
-0.110355
-0.110511
-0.110633
-0.110686
-0.110625
-0.110522
-0.110410
-0.110313
-0.109969
-0.109766
-0.105033
-0.110151
-0.104471
-0.110351
-0.110226
-0.110330
-0.110250
-0.110212
-0.110191
-0.110195
-0.110229
-0.110281
-0.110352
-0.110421
-0.110474
-0.110502
-0.110479
-0.110294
-0.108216
-0.109747
-0.109030
-0.109299
-0.110283
-0.110494
-0.110544
-0.110559
-0.110552
-0.110531
-0.110503
-0.110481
-0.110465
-0.110460
-0.110468
-0.110488
-0.110525
-0.110346
-0.110606
-0.109759
-0.110127
-0.110888
-0.110571
-0.110534
-0.110543
-0.110552
-0.110560
-0.110567
0.196210
1.446889
-0.031526
-0.093709
-0.105675
-0.103819
-0.105676
-0.108708
-0.109972
-0.108559
-0.106791
-0.105388
-0.104560
-0.104007
-0.103597
-0.104638
-0.103187
-0.072198
-0.068888
-0.058849
-0.092890
-0.099925
-0.102932
-0.106240
-0.108431
-0.110295
-0.110425
-0.109428
-0.108810
-0.108544
-0.108555
-0.108906
-0.109400
-0.109880
-0.108419
-0.106618
-0.098495
-0.105597
-0.100572
-0.107265
-0.109173
-0.109497
-0.109568
-0.109750
-0.110074
-0.110435
-0.110782
-0.110634
-0.110246
-0.109886
-0.109592
-0.109286
-0.109274
-0.109881
-0.106661
-0.109186
-0.105534
-0.109944
-0.110078
-0.110100
-0.110317
-0.110424
-0.110477
-0.110506
-0.110541
-0.110593
-0.110660
-0.110705
-0.110705
-0.110643
-0.110507
-0.109986
-0.108729
-0.109935
-0.109534
-0.109550
-0.110048
-0.110394
-0.110646
-0.110821
-0.110978
-0.110921
-0.110815
-0.110745
-0.110713
-0.110717
-0.110765
-0.110830
-0.110881
-0.110796
-0.110840
-0.110280
-0.110448
-0.110775
-0.110841
-0.110736
-0.110714
-0.110740
-0.110776
-0.110813
