-2.288327
2.365061
1.670849
-8.677360
-0.120752
-0.120750
0.154432
1.506854
6.562398
-3.193539
-0.120748
-0.120745
2.083628
2.178516
7.357308
-4.469325
-0.120751
-0.120748
-0.717322
1.875684
4.400921
-4.772436
-0.120750
-0.120750
0.027187
6.034318
9.484963
-10.152363
-0.120751
-0.120752
-0.143590
2.144236
4.028376
-4.880724
-0.120750
-0.120751
7.089766
-0.120101
7.091055
7.088367
-0.120750
-0.120750
9.383785
2.987829
15.406605
4.537866
-0.120749
-0.120752
2.040136
0.864292
1.051471
0.237348
0.187887
0.116742
0.034382
0.146952
0.112201
0.076265
-0.040284
0.063891
0.089007
0.036289
0.022260
0.042089
0.031455
-0.000917
-0.035857
-0.019728
-0.022515
-0.023949
-0.035434
-0.038778
-0.046447
-0.073234
-0.112659
-0.083676
-0.070218
-0.080381
-0.109592
-0.108199
-0.109894
-0.094667
-0.108646
-0.113062
-0.108399
-0.102088
-0.103354
-0.112997
-0.107212
-0.110054
-0.110964
-0.111442
-0.101452
-0.104811
-0.113716
-0.104932
-0.100311
-0.108916
-0.100116
-0.102606
-0.101407
-0.106323
-0.110649
-0.106093
-0.106336
-0.105461
-0.105183
-0.110593
-0.107195
-0.115291
-0.117149
-0.113589
-0.110940
-0.116025
-0.118424
-0.116264
-0.117538
-0.117566
-0.119587
-0.115889
-0.118383
-0.116354
-0.120103
-0.118447
-0.119086
-0.118433
-0.118895
-0.116913
-0.117517
-0.118401
-0.119634
-0.118753
-0.116684
-0.119144
-0.116648
-0.118180
-0.118379
-0.117996
-0.120548
-0.117985
-0.118661
-0.118822
-0.118617
-0.120321
-0.118302
-0.119275
-0.119397
-0.119151
0.152660
0.575792
0.236672
0.155798
0.067036
0.076514
-0.013711
0.155753
0.112433
-0.015345
0.098459
0.095034
0.042926
0.110646
0.082220
0.055145
0.058414
0.022982
-0.002180
0.003794
0.009997
-0.025427
-0.005217
-0.030834
-0.052557
-0.063586
-0.066794
-0.095159
-0.069563
-0.102990
-0.097601
-0.109084
-0.111190
-0.113318
-0.104138
-0.116950
-0.119211
-0.114940
-0.114204
-0.108131
-0.112066
-0.115714
-0.113493
-0.098877
-0.115396
-0.104811
-0.105379
-0.101658
-0.105780
-0.096734
-0.099498
-0.099672
-0.101217
-0.102296
-0.106005
-0.102474
-0.104465
-0.104706
-0.103626
-0.106131
-0.110443
-0.110587
-0.113379
-0.112568
-0.115500
-0.113680
-0.117181
-0.120634
-0.118576
-0.117383
-0.117917
-0.120098
-0.120178
-0.120579
-0.117752
-0.118998
-0.119606
-0.120532
-0.117977
-0.118270
-0.117706
-0.118236
-0.117697
-0.117978
-0.117842
-0.117116
-0.117233
-0.117967
-0.117770
-0.118509
-0.118597
-0.118595
-0.118819
-0.118752
-0.119255
-0.119223
-0.119742
-0.119656
-0.119850
-0.120098
2.090912
0.632799
0.394054
0.469869
0.552884
0.439727
0.251335
0.121573
0.185142
0.168718
0.012780
0.144644
0.151419
0.055384
0.024764
-0.003853
-0.014656
-0.029904
-0.047793
-0.043656
-0.045147
-0.048544
-0.053162
-0.041729
-0.038024
-0.046721
-0.094088
-0.066455
-0.072646
-0.087979
-0.090912
-0.078904
-0.094122
-0.109928
-0.107782
-0.114305
-0.117631
-0.119177
-0.114272
-0.100664
-0.103895
-0.098543
-0.106563
-0.110190
-0.098450
-0.103688
-0.112574
-0.100736
-0.099740
-0.105965
-0.105724
-0.108309
-0.107296
-0.110804
-0.110746
-0.111103
-0.109586
-0.110537
-0.109976
-0.109293
-0.107963
-0.110109
-0.117057
-0.112109
-0.110284
-0.117276
-0.115432
-0.113069
-0.117838
-0.115366
-0.117899
-0.120088
-0.118960
-0.120273
-0.117827
-0.117112
-0.117760
-0.116806
-0.118185
-0.119048
-0.116294
-0.117039
-0.119770
-0.116192
-0.118437
-0.117678
-0.118773
-0.118942
-0.118349
-0.120238
-0.118674
-0.119952
-0.118835
-0.119142
-0.119618
-0.118973
-0.120218
-0.119058
-0.119620
-0.119352
0.475426
0.704400
0.548042
0.542157
-0.101544
0.309557
-0.026039
0.249720
-0.036132
-0.036805
0.040288
0.015347
-0.055943
-0.048655
-0.072248
-0.102923
-0.090083
-0.088094
-0.096802
-0.087387
-0.105967
-0.114514
-0.086855
-0.100503
-0.090294
-0.095335
-0.090551
-0.106787
-0.091061
-0.103421
-0.098139
-0.102966
-0.103924
-0.103472
-0.112736
-0.117122
-0.114090
-0.117474
-0.107324
-0.119457
-0.108674
-0.114673
-0.115529
-0.106355
-0.109994
-0.113820
-0.113761
-0.114792
-0.115618
-0.115940
-0.117323
-0.116984
-0.117254
-0.117471
-0.116971
-0.116841
-0.116996
-0.117644
-0.116586
-0.118529
-0.115832
-0.118387
-0.117183
-0.116316
-0.114487
-0.116744
-0.118373
-0.119459
-0.115637
-0.118349
-0.117438
-0.119438
-0.117877
-0.119521
-0.117971
-0.118033
-0.117210
-0.118553
-0.119349
-0.118914
-0.117488
-0.118174
-0.117779
-0.119659
-0.118497
-0.119053
-0.119211
-0.118894
-0.118942
-0.118894
-0.118703
-0.118776
-0.118983
-0.118842
-0.118848
-0.119228
-0.118985
-0.119504
-0.119014
-0.118715
0.050945
3.714494
1.143698
0.894541
0.963194
0.246559
-0.041588
0.020969
0.080125
0.166130
0.035076
0.039128
0.012932
-0.037253
-0.049825
-0.040052
-0.081619
-0.088965
-0.065160
-0.097808
-0.092771
-0.081262
-0.088968
-0.093875
-0.088397
-0.091507
-0.090307
-0.092675
-0.094957
-0.111484
-0.118563
-0.095157
-0.096033
-0.087230
-0.106100
-0.114619
-0.102274
-0.098423
-0.111024
-0.104126
-0.101685
-0.111727
-0.117975
-0.114870
-0.111083
-0.112937
-0.113870
-0.113592
-0.113816
-0.116518
-0.116893
-0.115057
-0.117637
-0.117847
-0.115738
-0.118480
-0.117374
-0.116081
-0.118099
-0.117455
-0.116397
-0.116986
-0.116292
-0.118178
-0.116021
-0.118634
-0.119606
-0.116242
-0.116959
-0.114723
-0.118490
-0.116984
-0.117145
-0.118838
-0.119478
-0.115316
-0.119310
-0.118256
-0.120113
-0.119387
-0.118006
-0.119855
-0.118863
-0.119341
-0.119604
-0.119237
-0.120442
-0.119285
-0.119609
-0.119605
-0.119337
-0.119763
-0.119664
-0.118952
-0.119997
-0.119350
-0.120171
-0.119541
-0.119533
-0.119972
-0.112682
0.963133
0.684672
0.190468
0.526760
0.280146
0.005198
-0.061664
-0.030149
-0.024595
-0.041240
-0.056153
-0.070863
-0.042202
-0.081074
-0.067714
-0.076988
-0.090495
-0.077355
-0.092597
-0.084672
-0.098215
-0.108673
-0.095510
-0.105714
-0.100633
-0.104471
-0.111695
-0.107798
-0.113850
-0.108278
-0.090759
-0.103489
-0.104917
-0.113970
-0.118665
-0.115111
-0.108520
-0.117192
-0.103561
-0.113868
-0.115709
-0.110706
-0.116101
-0.114592
-0.117747
-0.117302
-0.114102
-0.118881
-0.112172
-0.118909
-0.115186
-0.114981
-0.119443
-0.113478
-0.119378
-0.115092
-0.116511
-0.118427
-0.114358
-0.118921
-0.115378
-0.118210
-0.118187
-0.116776
-0.117221
-0.115637
-0.117191
-0.118100
-0.114150
-0.117991
-0.116519
-0.119660
-0.117196
-0.118499
-0.115414
-0.117456
-0.117266
-0.117247
-0.117536
-0.117319
-0.117814
-0.118204
-0.117232
-0.118284
-0.117158
-0.117980
-0.117651
-0.117425
-0.118214
-0.117468
-0.118142
-0.117757
-0.117534
-0.118101
-0.117368
-0.118221
-0.117574
-0.117702
-0.117986
-0.707005
1.213215
1.745588
-2.015260
-0.120749
-0.120752
1.687698
1.217311
3.511814
-0.877641
-0.120751
-0.120751
-0.143830
0.062870
0.154786
-0.461685
-0.120750
-0.120752
0.216147
0.740551
1.648871
-1.047724
-0.120750
-0.120752
0.012005
1.973228
2.864757
-3.011798
-0.120750
-0.120753
-0.114998
2.134391
3.193253
-3.200105
-0.120750
-0.120752
4.973272
1.235501
8.261493
2.905594
-0.120749
-0.120751
0.454094
0.727371
0.295710
-0.101022
-0.109836
-0.117005
-0.117087
-0.115290
-0.113764
-0.114325
-0.115719
-0.117474
-0.119710
-0.119217
-0.117953
-0.116597
-0.081436
-0.081736
-0.116544
-0.094101
-0.094900
-0.119392
-0.119476
-0.119923
-0.119649
-0.119656
-0.119387
-0.119586
-0.119925
-0.120019
-0.120273
-0.120172
-0.120296
-0.120028
-0.112099
-0.111217
-0.118587
-0.115077
-0.114299
-0.120105
-0.120114
-0.120129
-0.120030
-0.120149
-0.120148
-0.120282
-0.120398
-0.120355
-0.120301
-0.120327
-0.120520
-0.120464
-0.117175
-0.116560
-0.119463
-0.118287
-0.117596
-0.120117
-0.120190
-0.120170
-0.120143
-0.120228
-0.120281
-0.120333
-0.120333
-0.120313
-0.120251
-0.120273
-0.120306
-0.120229
-0.119181
-0.118904
-0.120091
-0.119379
-0.119006
-0.120125
-0.120184
-0.120159
-0.120168
-0.120200
-0.120228
-0.120234
-0.120221
-0.120218
-0.120197
-0.120202
-0.120195
-0.120147
-0.120214
-0.120268
-0.120276
-0.119913
-0.119891
-0.120276
-0.120252
-0.120155
-0.120180
-0.120191
-0.120197
-0.120199
1.686195
0.378649
0.673612
-0.119610
-0.101870
-0.111161
-0.118156
-0.113135
-0.114902
-0.114253
-0.117425
-0.117480
-0.118225
-0.117069
-0.116819
-0.119280
-0.042971
-0.103761
-0.118441
-0.099782
-0.072727
-0.119536
-0.117972
-0.119106
-0.119535
-0.118724
-0.118941
-0.119175
-0.119663
-0.119852
-0.119461
-0.119604
-0.120317
-0.120248
-0.103086
-0.118406
-0.119256
-0.114683
-0.108993
-0.119557
-0.119396
-0.119743
-0.119728
-0.119614
-0.119674
-0.119870
-0.119924
-0.120007
-0.119859
-0.120050
-0.120293
-0.120334
-0.113184
-0.119915
-0.119690
-0.118068
-0.115164
-0.119546
-0.119737
-0.119866
-0.119817
-0.119859
-0.119881
-0.119980
-0.119944
-0.119958
-0.119933
-0.120020
-0.119996
-0.120002
-0.117252
-0.119805
-0.119865
-0.119796
-0.117768
-0.119635
-0.119856
-0.119847
-0.119829
-0.119877
-0.119884
-0.119904
-0.119882
-0.119876
-0.119885
-0.119899
-0.119857
-0.119842
-0.119663
-0.119793
-0.119788
-0.120282
-0.119281
-0.119774
-0.120018
-0.119833
-0.119843
-0.119873
-0.119876
-0.119870
-0.096753
-0.007975
-0.059141
-0.108680
-0.116168
-0.117658
-0.116405
-0.119460
-0.119055
-0.119507
-0.118956
-0.119662
-0.118598
-0.119480
-0.120340
-0.118502
-0.114528
-0.115342
-0.119776
-0.117063
-0.116961
-0.119775
-0.119732
-0.120059
-0.120025
-0.120096
-0.120238
-0.120185
-0.120116
-0.120131
-0.120153
-0.120245
-0.120443
-0.120225
-0.119109
-0.119181
-0.120149
-0.119679
-0.119618
-0.120383
-0.120201
-0.120325
-0.120397
-0.120277
-0.120389
-0.120365
-0.120372
-0.120307
-0.120429
-0.120428
-0.120448
-0.120568
-0.119928
-0.119900
-0.120338
-0.120056
-0.119994
-0.120445
-0.120354
-0.120408
-0.120463
-0.120367
-0.120432
-0.120425
-0.120444
-0.120388
-0.120474
-0.120463
-0.120440
-0.120534
-0.120281
-0.120244
-0.120430
-0.120259
-0.120208
-0.120432
-0.120416
-0.120426
-0.120446
-0.120413
-0.120431
-0.120432
-0.120441
-0.120423
-0.120447
-0.120443
-0.120429
-0.120452
-0.120434
-0.120419
-0.120439
-0.120394
-0.120379
-0.120438
-0.120442
-0.120432
-0.120433
-0.120433
-0.120435
-0.120434
0.223396
0.472926
0.016072
-0.084272
-0.109726
-0.113568
-0.114894
-0.117930
-0.117798
-0.118134
-0.118379
-0.118904
-0.118504
-0.118679
-0.118317
-0.115308
-0.107410
-0.093519
-0.117945
-0.101247
-0.112831
-0.117257
-0.119149
-0.119338
-0.119409
-0.119761
-0.119766
-0.119798
-0.119826
-0.119866
-0.119990
-0.120038
-0.120028
-0.120015
-0.117467
-0.114053
-0.119150
-0.116670
-0.119033
-0.119657
-0.120070
-0.120055
-0.120058
-0.120108
-0.120123
-0.120129
-0.120136
-0.120128
-0.120210
-0.120229
-0.120263
-0.120645
-0.119188
-0.117903
-0.119713
-0.119260
-0.119786
-0.120247
-0.120310
-0.120277
-0.120273
-0.120258
-0.120268
-0.120269
-0.120271
-0.120260
-0.120294
-0.120299
-0.120319
-0.120378
-0.119934
-0.119596
-0.120162
-0.120019
-0.120042
-0.120414
-0.120378
-0.120360
-0.120364
-0.120349
-0.120354
-0.120356
-0.120358
-0.120355
-0.120360
-0.120360
-0.120365
-0.120341
-0.120344
-0.120546
-0.120409
-0.120240
-0.120294
-0.120477
-0.120405
-0.120369
-0.120388
-0.120384
-0.120386
-0.120388
-0.001609
1.357741
-0.047602
-0.090149
-0.112178
-0.114764
-0.116293
-0.117093
-0.117570
-0.118025
-0.118143
-0.118303
-0.118330
-0.118199
-0.117980
-0.114458
-0.115204
-0.056415
-0.117254
-0.068867
-0.115322
-0.118888
-0.120227
-0.120283
-0.120310
-0.120322
-0.120307
-0.120315
-0.120282
-0.120264
-0.120213
-0.120137
-0.120025
-0.119128
-0.119712
-0.106174
-0.119178
-0.108070
-0.119039
-0.120556
-0.120645
-0.120708
-0.120727
-0.120719
-0.120708
-0.120697
-0.120677
-0.120659
-0.120626
-0.120580
-0.120508
-0.120092
-0.120301
-0.114558
-0.119675
-0.115322
-0.119869
-0.120634
-0.120552
-0.120589
-0.120613
-0.120625
-0.120637
-0.120645
-0.120657
-0.120668
-0.120685
-0.120711
-0.120747
-0.120525
-0.120535
-0.117808
-0.120000
-0.118456
-0.120322
-0.120524
-0.120519
-0.120534
-0.120541
-0.120544
-0.120547
-0.120550
-0.120553
-0.120556
-0.120562
-0.120570
-0.120584
-0.120648
-0.120596
-0.119714
-0.120333
-0.120256
-0.120483
-0.120344
-0.120529
-0.120540
-0.120527
-0.120525
-0.120523
-0.120523
-0.117521
1.467413
-0.040679
-0.106860
-0.110151
-0.111810
-0.112298
-0.114446
-0.115152
-0.115784
-0.116253
-0.116792
-0.116525
-0.117166
-0.117820
-0.116168
-0.109952
-0.053171
-0.120181
-0.062268
-0.117628
-0.119295
-0.118591
-0.118876
-0.118955
-0.119098
-0.119205
-0.119286
-0.119358
-0.119451
-0.119482
-0.119553
-0.119699
-0.119206
-0.117836
-0.105412
-0.120172
-0.105380
-0.119586
-0.119522
-0.119441
-0.119601
-0.119704
-0.119741
-0.119809
-0.119860
-0.119909
-0.119955
-0.120040
-0.120078
-0.120146
-0.120132
-0.119784
-0.113850
-0.119863
-0.113591
-0.119666
-0.119664
-0.119703
-0.119796
-0.119870
-0.119884
-0.119918
-0.119943
-0.119966
-0.119982
-0.120028
-0.120043
-0.120059
-0.120180
-0.120689
-0.117060
-0.119686
-0.117358
-0.119707
-0.119718
-0.119763
-0.119795
-0.119822
-0.119824
-0.119830
-0.119836
-0.119840
-0.119841
-0.119850
-0.119853
-0.119852
-0.119895
-0.120028
-0.119008
-0.119697
-0.119566
-0.119737
-0.119648
-0.119813
-0.119800
-0.119795
-0.119798
-0.119797
-0.119798
