-2.319530
2.495160
1.772642
-11.053548
-0.116619
-0.116616
-0.000677
1.160121
3.238197
-3.249505
-0.116617
-0.116616
2.063367
1.911252
6.889363
-3.388110
-0.116619
-0.116615
-0.635341
2.001799
5.670831
-4.670582
-0.116617
-0.116616
-0.039782
6.022826
9.822144
-9.707522
-0.116618
-0.116619
-0.086866
2.222701
5.386881
-5.196125
-0.116618
-0.116618
6.895489
-0.115870
6.897004
6.894229
-0.116617
-0.116619
9.074454
3.090710
14.943017
3.916326
-0.116617
-0.116619
2.079036
0.889818
1.016468
0.311780
0.214480
0.141693
0.104611
0.280342
0.205968
0.169505
0.080215
0.116066
0.137444
0.054682
0.073234
0.047773
-0.040114
-0.013053
0.009302
-0.037801
-0.059303
-0.015789
-0.026359
-0.041556
-0.042901
-0.039346
-0.068944
-0.062803
-0.061885
-0.063596
-0.098470
-0.090508
-0.098097
-0.090903
-0.095700
-0.111931
-0.113724
-0.104623
-0.100983
-0.105517
-0.107096
-0.099383
-0.102423
-0.095700
-0.091569
-0.101132
-0.100475
-0.097367
-0.092090
-0.104063
-0.097863
-0.098408
-0.109848
-0.103874
-0.100944
-0.107972
-0.107794
-0.101483
-0.104753
-0.105831
-0.102999
-0.105097
-0.106962
-0.110969
-0.104205
-0.107889
-0.113866
-0.108899
-0.115268
-0.113248
-0.112991
-0.113993
-0.115952
-0.113525
-0.113483
-0.114646
-0.115788
-0.111754
-0.115586
-0.110942
-0.112237
-0.114999
-0.112334
-0.113483
-0.112854
-0.113193
-0.114753
-0.112963
-0.115076
-0.114802
-0.113198
-0.114777
-0.114883
-0.113643
-0.115426
-0.114822
-0.114414
-0.115445
-0.114898
-0.114965
0.000433
0.519265
0.296492
0.023346
0.167888
0.104824
-0.066829
0.040567
-0.045345
0.007917
-0.077095
-0.040425
-0.015632
-0.085153
-0.095329
-0.088831
-0.091130
-0.044972
-0.063466
-0.057588
-0.104379
-0.097997
-0.102670
-0.089549
-0.092351
-0.089816
-0.094833
-0.103378
-0.089717
-0.106822
-0.105964
-0.093686
-0.111128
-0.107309
-0.104888
-0.112435
-0.114040
-0.111622
-0.113912
-0.105746
-0.104823
-0.113267
-0.108784
-0.106666
-0.109077
-0.108329
-0.111031
-0.110409
-0.106184
-0.112368
-0.114285
-0.110398
-0.111658
-0.108289
-0.111059
-0.108834
-0.114019
-0.110980
-0.115764
-0.111494
-0.111164
-0.113087
-0.111779
-0.113650
-0.111687
-0.114014
-0.114177
-0.112709
-0.113829
-0.112748
-0.116252
-0.115825
-0.114810
-0.115415
-0.115648
-0.114429
-0.114869
-0.113372
-0.115226
-0.115747
-0.114729
-0.115467
-0.114080
-0.115650
-0.115214
-0.114622
-0.115642
-0.114684
-0.115279
-0.114403
-0.116212
-0.114578
-0.115464
-0.114935
-0.115345
-0.114985
-0.115349
-0.115714
-0.115463
-0.115019
2.070045
0.559303
0.294333
0.478104
0.453872
0.434938
0.274459
0.149069
0.067098
0.066221
-0.069983
0.055225
0.065441
-0.033055
0.015364
-0.016384
-0.086527
-0.032147
-0.030185
-0.057113
-0.095797
-0.046628
-0.053190
-0.076867
-0.060450
-0.056473
-0.099709
-0.073741
-0.075573
-0.084293
-0.081139
-0.076069
-0.089193
-0.110089
-0.106442
-0.114311
-0.113521
-0.114811
-0.110431
-0.099870
-0.102744
-0.096280
-0.097046
-0.105692
-0.097174
-0.104751
-0.112427
-0.099020
-0.099956
-0.108621
-0.100938
-0.106559
-0.111174
-0.107088
-0.106768
-0.109842
-0.111302
-0.107724
-0.105771
-0.111420
-0.106584
-0.106089
-0.113926
-0.109884
-0.106419
-0.113531
-0.108400
-0.110180
-0.113175
-0.112241
-0.113553
-0.115413
-0.114617
-0.115547
-0.113707
-0.113399
-0.112833
-0.113335
-0.112199
-0.115337
-0.112333
-0.112780
-0.115972
-0.111883
-0.113833
-0.114864
-0.112849
-0.114887
-0.114407
-0.114296
-0.116258
-0.114964
-0.114886
-0.115667
-0.114082
-0.115153
-0.114941
-0.114690
-0.114584
-0.114887
0.397584
0.685492
0.653623
0.608346
0.003749
0.296058
0.021026
0.272298
0.099304
-0.019274
0.049413
0.001300
-0.101529
-0.068089
-0.047127
-0.098316
-0.088386
-0.093749
-0.098777
-0.096788
-0.101021
-0.108944
-0.082437
-0.100338
-0.111454
-0.086896
-0.092209
-0.102616
-0.075294
-0.101240
-0.083694
-0.108549
-0.108440
-0.092560
-0.115184
-0.107732
-0.113570
-0.104294
-0.107012
-0.109436
-0.102810
-0.108358
-0.103435
-0.104558
-0.115168
-0.104659
-0.110512
-0.109117
-0.111731
-0.109686
-0.109838
-0.113622
-0.111430
-0.112578
-0.114875
-0.113756
-0.112545
-0.114733
-0.111065
-0.110994
-0.113155
-0.110922
-0.113372
-0.111366
-0.112733
-0.115720
-0.109001
-0.113308
-0.112148
-0.112934
-0.114587
-0.112175
-0.115014
-0.112207
-0.114742
-0.113260
-0.113463
-0.114216
-0.110979
-0.114603
-0.113981
-0.113894
-0.114932
-0.113601
-0.114146
-0.113622
-0.113341
-0.114298
-0.113849
-0.113990
-0.114331
-0.114184
-0.113997
-0.114153
-0.114115
-0.113802
-0.113870
-0.113796
-0.114123
-0.114413
-0.013136
3.745857
1.047657
0.783090
1.018350
0.368472
-0.027435
0.104853
0.058941
0.115120
-0.013594
0.010240
-0.004645
-0.030052
-0.058566
-0.042987
-0.079044
-0.093554
-0.069834
-0.096747
-0.089341
-0.076501
-0.092588
-0.083914
-0.094215
-0.086998
-0.095773
-0.092375
-0.086812
-0.105683
-0.110307
-0.088192
-0.090586
-0.082376
-0.102037
-0.108715
-0.100594
-0.092429
-0.106820
-0.097241
-0.098098
-0.106769
-0.110896
-0.107491
-0.105345
-0.111413
-0.112287
-0.108277
-0.112183
-0.109890
-0.114868
-0.109804
-0.112201
-0.113447
-0.110552
-0.113553
-0.112094
-0.110486
-0.115569
-0.111289
-0.114443
-0.111266
-0.113617
-0.114003
-0.109904
-0.112560
-0.113353
-0.111712
-0.113808
-0.109020
-0.112648
-0.111602
-0.114688
-0.113421
-0.113765
-0.109666
-0.114643
-0.113617
-0.114396
-0.114002
-0.112391
-0.113800
-0.114250
-0.113312
-0.114861
-0.113596
-0.114798
-0.113857
-0.114040
-0.114014
-0.113871
-0.114146
-0.114088
-0.113529
-0.114427
-0.113690
-0.114972
-0.113898
-0.114148
-0.114240
-0.076076
0.925656
0.757349
0.267864
0.546910
0.271186
-0.033690
-0.003518
-0.034810
0.066831
0.023142
0.007420
0.020691
-0.018811
-0.050671
-0.058152
-0.071405
-0.077539
-0.089797
-0.089903
-0.087766
-0.086525
-0.086246
-0.085107
-0.082748
-0.096164
-0.089120
-0.093018
-0.104626
-0.112112
-0.103719
-0.090501
-0.102840
-0.104681
-0.102219
-0.111618
-0.108918
-0.111685
-0.111796
-0.101729
-0.104931
-0.111114
-0.110182
-0.112259
-0.114166
-0.109415
-0.108288
-0.110572
-0.109337
-0.111854
-0.112555
-0.112373
-0.113265
-0.113416
-0.115138
-0.114131
-0.113223
-0.113643
-0.113024
-0.113376
-0.112574
-0.113463
-0.112198
-0.113051
-0.115608
-0.115861
-0.113257
-0.113627
-0.114859
-0.113046
-0.115554
-0.115949
-0.114614
-0.115938
-0.114857
-0.114355
-0.115848
-0.114395
-0.115445
-0.116386
-0.115856
-0.115381
-0.115070
-0.115978
-0.115343
-0.116046
-0.115805
-0.116077
-0.116300
-0.116086
-0.116381
-0.116003
-0.116199
-0.116326
-0.115953
-0.116358
-0.115694
-0.116226
-0.116044
-0.116010
-0.970824
1.375055
1.796449
-2.526113
-0.116616
-0.116619
1.647361
1.380819
3.633142
-1.276802
-0.116618
-0.116619
-0.222783
0.071593
0.104617
-0.478557
-0.116617
-0.116619
0.309713
1.082895
2.103547
-1.461712
-0.116617
-0.116620
0.056111
1.944977
2.944939
-2.901758
-0.116617
-0.116620
-0.113802
2.467571
3.714694
-3.821352
-0.116617
-0.116620
5.310244
1.116933
7.306860
3.081692
-0.116618
-0.116619
0.724061
0.816194
0.379536
-0.076443
-0.094129
-0.110866
-0.110761
-0.109692
-0.109271
-0.110333
-0.110287
-0.112724
-0.112294
-0.114094
-0.110846
-0.108463
-0.070129
-0.074114
-0.112353
-0.086830
-0.085208
-0.113467
-0.113986
-0.115236
-0.114891
-0.115218
-0.114818
-0.115009
-0.115050
-0.115203
-0.115720
-0.115575
-0.114754
-0.113943
-0.107634
-0.107321
-0.115378
-0.109487
-0.108165
-0.116335
-0.116457
-0.116343
-0.116128
-0.116508
-0.116396
-0.116462
-0.116500
-0.116398
-0.116527
-0.116502
-0.116198
-0.115732
-0.112766
-0.112236
-0.115383
-0.114130
-0.113212
-0.116426
-0.116305
-0.116429
-0.116477
-0.116366
-0.116338
-0.116326
-0.116292
-0.116346
-0.116333
-0.116360
-0.116218
-0.115957
-0.115001
-0.114674
-0.115994
-0.115500
-0.114983
-0.116352
-0.116393
-0.116390
-0.116354
-0.116411
-0.116380
-0.116389
-0.116397
-0.116380
-0.116427
-0.116403
-0.116351
-0.116255
-0.116285
-0.116136
-0.116456
-0.116258
-0.116026
-0.116303
-0.116359
-0.116503
-0.116476
-0.116461
-0.116466
-0.116474
1.644662
0.542547
0.701320
-0.106634
-0.096631
-0.099484
-0.105291
-0.113080
-0.111320
-0.109042
-0.108237
-0.107783
-0.110068
-0.113560
-0.111928
-0.111800
-0.034174
-0.094513
-0.110488
-0.089222
-0.067695
-0.112757
-0.112001
-0.113606
-0.114016
-0.112830
-0.112971
-0.113023
-0.113437
-0.113711
-0.114396
-0.113902
-0.113272
-0.113470
-0.101607
-0.109666
-0.114766
-0.111877
-0.102299
-0.114206
-0.115095
-0.114935
-0.114737
-0.114996
-0.115136
-0.115323
-0.115367
-0.115414
-0.115141
-0.115209
-0.115529
-0.115613
-0.108716
-0.115256
-0.115369
-0.112429
-0.112242
-0.115778
-0.115422
-0.115392
-0.115507
-0.115530
-0.115495
-0.115429
-0.115398
-0.115364
-0.115490
-0.115557
-0.115470
-0.115442
-0.113090
-0.115327
-0.115409
-0.114922
-0.113927
-0.115423
-0.115511
-0.115554
-0.115551
-0.115508
-0.115517
-0.115530
-0.115558
-0.115581
-0.115585
-0.115552
-0.115524
-0.115483
-0.115995
-0.115476
-0.115776
-0.115725
-0.115182
-0.115632
-0.115415
-0.115667
-0.115645
-0.115646
-0.115643
-0.115655
-0.009878
0.007706
-0.072527
-0.104293
-0.115317
-0.116206
-0.114237
-0.115675
-0.115573
-0.114860
-0.116014
-0.115887
-0.115576
-0.116472
-0.116330
-0.114576
-0.112474
-0.111107
-0.116322
-0.112053
-0.113713
-0.115679
-0.116330
-0.116421
-0.116183
-0.116389
-0.116472
-0.116232
-0.116365
-0.116608
-0.116327
-0.116478
-0.116455
-0.116032
-0.115878
-0.115455
-0.116615
-0.115516
-0.115792
-0.116469
-0.116559
-0.116552
-0.116560
-0.116508
-0.116583
-0.116560
-0.116544
-0.116547
-0.116570
-0.116573
-0.116575
-0.116403
-0.116276
-0.116134
-0.116543
-0.116164
-0.116295
-0.116509
-0.116578
-0.116591
-0.116549
-0.116600
-0.116582
-0.116550
-0.116579
-0.116597
-0.116562
-0.116589
-0.116585
-0.116502
-0.116488
-0.116376
-0.116588
-0.116380
-0.116433
-0.116581
-0.116571
-0.116573
-0.116571
-0.116569
-0.116583
-0.116574
-0.116570
-0.116582
-0.116574
-0.116577
-0.116575
-0.116545
-0.116584
-0.116586
-0.116596
-0.116565
-0.116558
-0.116584
-0.116579
-0.116593
-0.116590
-0.116586
-0.116587
-0.116587
0.316773
0.724672
-0.037050
-0.056509
-0.098417
-0.106725
-0.109159
-0.113113
-0.113276
-0.113751
-0.114179
-0.114408
-0.113805
-0.113611
-0.112870
-0.107105
-0.108617
-0.080606
-0.113980
-0.088347
-0.111437
-0.111494
-0.114351
-0.114940
-0.115141
-0.115567
-0.115596
-0.115636
-0.115681
-0.115750
-0.115537
-0.115483
-0.115268
-0.113927
-0.115381
-0.108959
-0.116176
-0.109274
-0.114674
-0.115908
-0.116493
-0.116548
-0.116529
-0.116413
-0.116425
-0.116425
-0.116423
-0.116423
-0.116462
-0.116494
-0.116432
-0.115873
-0.116053
-0.112968
-0.115861
-0.113593
-0.116015
-0.115884
-0.116106
-0.116177
-0.116184
-0.116238
-0.116240
-0.116247
-0.116255
-0.116254
-0.116255
-0.116241
-0.116234
-0.116048
-0.116029
-0.115220
-0.116148
-0.115504
-0.116208
-0.116364
-0.116379
-0.116366
-0.116371
-0.116372
-0.116372
-0.116372
-0.116372
-0.116377
-0.116365
-0.116365
-0.116350
-0.116260
-0.116433
-0.116174
-0.116483
-0.116083
-0.116261
-0.116299
-0.116390
-0.116425
-0.116401
-0.116395
-0.116394
-0.116391
0.044446
1.338803
-0.085294
-0.082645
-0.102871
-0.108850
-0.110514
-0.112337
-0.112900
-0.113442
-0.113622
-0.113805
-0.113465
-0.113541
-0.112579
-0.110312
-0.114929
-0.053619
-0.113728
-0.064491
-0.113082
-0.115266
-0.115396
-0.115843
-0.115923
-0.116025
-0.116101
-0.116136
-0.116168
-0.116207
-0.116237
-0.116210
-0.116166
-0.115352
-0.115544
-0.102100
-0.114737
-0.104435
-0.115864
-0.115905
-0.115934
-0.116052
-0.116064
-0.116110
-0.116126
-0.116141
-0.116138
-0.116139
-0.116109
-0.116082
-0.115995
-0.115639
-0.115731
-0.110962
-0.115869
-0.111187
-0.115909
-0.116511
-0.116534
-0.116515
-0.116525
-0.116513
-0.116511
-0.116511
-0.116517
-0.116519
-0.116528
-0.116540
-0.116509
-0.116395
-0.116391
-0.113798
-0.115980
-0.114216
-0.116139
-0.116323
-0.116325
-0.116346
-0.116351
-0.116359
-0.116365
-0.116368
-0.116370
-0.116373
-0.116375
-0.116373
-0.116379
-0.116338
-0.116301
-0.115781
-0.116207
-0.116299
-0.116552
-0.116507
-0.116383
-0.116381
-0.116388
-0.116393
-0.116391
-0.116393
-0.116439
1.686537
0.097386
-0.048267
-0.077390
-0.085796
-0.091599
-0.096011
-0.098645
-0.100919
-0.102692
-0.104014
-0.105995
-0.106884
-0.107874
-0.109825
-0.099637
-0.029801
-0.103919
-0.038877
-0.115576
-0.109347
-0.108881
-0.109291
-0.109516
-0.109936
-0.110227
-0.110457
-0.110691
-0.110913
-0.110927
-0.111160
-0.111295
-0.111280
-0.111108
-0.096586
-0.111297
-0.099901
-0.111273
-0.112574
-0.112651
-0.112738
-0.112854
-0.112856
-0.112925
-0.112989
-0.113036
-0.113085
-0.113152
-0.113151
-0.113151
-0.112926
-0.111249
-0.111801
-0.114244
-0.109702
-0.113989
-0.113846
-0.113919
-0.113928
-0.113939
-0.113993
-0.114018
-0.114049
-0.114085
-0.114117
-0.114163
-0.114219
-0.114282
-0.114488
-0.115277
-0.110925
-0.113920
-0.110771
-0.113987
-0.113959
-0.114013
-0.114040
-0.114066
-0.114083
-0.114101
-0.114114
-0.114124
-0.114134
-0.114131
-0.114132
-0.114129
-0.114087
-0.113974
-0.114434
-0.114185
-0.114893
-0.114280
-0.114351
-0.114248
-0.114281
-0.114277
-0.114275
-0.114274
-0.114273
