-2.316865
2.696091
1.749567
-14.146296
-0.114371
-0.114363
0.028984
1.060385
2.871543
-2.626429
-0.114368
-0.114368
1.929444
1.966411
8.440846
-3.360088
-0.114369
-0.114366
-0.673913
1.985321
6.091652
-4.442827
-0.114368
-0.114367
0.023829
5.908322
9.632056
-9.234397
-0.114369
-0.114371
-0.204201
2.178062
4.442995
-5.391598
-0.114369
-0.114370
6.580370
-0.113634
6.581574
6.579078
-0.114369
-0.114370
8.907908
2.721165
14.652799
4.319101
-0.114368
-0.114370
2.076920
0.760353
1.098840
0.340039
0.235198
0.141596
0.088882
0.287375
0.290563
0.240137
0.183831
0.136007
0.240150
0.193721
0.137747
0.141904
0.121097
0.083959
0.071797
0.061044
0.049225
0.044136
0.023895
0.009222
0.013046
-0.043687
-0.021497
-0.018038
-0.059578
-0.065897
-0.079815
-0.074194
-0.079545
-0.094175
-0.097548
-0.086889
-0.107352
-0.113423
-0.086082
-0.095005
-0.099589
-0.106326
-0.092983
-0.091260
-0.085312
-0.087303
-0.103011
-0.078644
-0.078921
-0.091326
-0.080914
-0.089243
-0.088698
-0.081477
-0.096412
-0.089076
-0.084307
-0.099133
-0.088545
-0.090377
-0.103330
-0.090868
-0.097757
-0.101279
-0.098944
-0.109027
-0.101864
-0.099442
-0.110331
-0.109066
-0.108256
-0.111096
-0.105941
-0.105943
-0.105692
-0.109452
-0.109020
-0.109529
-0.110806
-0.103895
-0.107328
-0.109358
-0.105134
-0.110681
-0.107974
-0.105005
-0.112979
-0.105690
-0.106832
-0.111597
-0.105803
-0.108508
-0.110739
-0.106108
-0.109458
-0.109457
-0.107106
-0.111311
-0.107994
-0.107166
0.033480
0.444555
0.168118
0.062790
0.154639
0.030860
-0.046226
0.000031
-0.022144
0.019316
-0.047559
-0.030142
-0.095502
-0.026611
0.008356
-0.008745
0.026462
-0.001843
-0.030138
-0.005397
-0.010494
-0.045773
-0.043054
-0.074663
-0.104191
-0.081812
-0.101790
-0.082544
-0.110386
-0.098194
-0.095406
-0.109350
-0.092570
-0.099617
-0.106366
-0.110779
-0.108677
-0.106025
-0.113010
-0.109766
-0.103945
-0.103264
-0.112746
-0.111400
-0.101138
-0.106813
-0.105324
-0.106452
-0.108304
-0.102401
-0.106767
-0.098890
-0.097376
-0.104293
-0.095863
-0.099417
-0.102156
-0.098986
-0.105886
-0.105651
-0.109348
-0.112048
-0.108274
-0.112278
-0.108521
-0.109836
-0.111874
-0.111930
-0.111350
-0.107754
-0.111481
-0.111384
-0.111289
-0.109845
-0.110526
-0.111796
-0.111994
-0.108975
-0.110468
-0.110704
-0.113673
-0.111063
-0.110832
-0.111737
-0.110613
-0.112811
-0.110935
-0.111957
-0.111776
-0.109771
-0.113318
-0.111017
-0.110190
-0.113043
-0.110561
-0.111547
-0.111866
-0.111174
-0.111359
-0.111368
1.931569
0.535222
0.242881
0.497110
0.422786
0.481591
0.232543
0.159946
0.139383
0.124952
-0.007499
0.038314
0.106293
0.050903
0.038390
0.046008
0.021515
-0.005417
-0.005930
-0.022583
-0.021276
-0.016038
-0.032221
-0.035060
-0.034808
-0.074366
-0.066179
-0.050290
-0.081373
-0.093581
-0.071791
-0.075748
-0.083097
-0.094787
-0.111265
-0.109667
-0.110858
-0.110375
-0.109492
-0.111854
-0.096802
-0.097611
-0.098504
-0.092929
-0.094784
-0.100101
-0.107354
-0.094324
-0.092022
-0.100737
-0.095674
-0.095978
-0.099240
-0.096806
-0.101045
-0.101865
-0.098751
-0.101680
-0.100861
-0.099640
-0.104625
-0.104230
-0.103759
-0.104449
-0.109050
-0.111260
-0.105869
-0.104800
-0.110854
-0.108017
-0.113516
-0.113516
-0.112183
-0.111551
-0.111810
-0.112892
-0.113363
-0.109789
-0.112966
-0.108350
-0.110841
-0.113465
-0.110984
-0.111339
-0.111876
-0.111085
-0.112973
-0.110930
-0.111232
-0.113126
-0.111192
-0.112368
-0.113306
-0.111448
-0.112704
-0.112705
-0.111597
-0.113747
-0.111697
-0.111754
0.439111
0.736386
0.646160
0.526448
0.016863
0.360156
0.004729
0.175672
0.038114
0.096462
0.048884
0.038516
-0.069922
-0.047357
-0.054376
-0.098044
-0.092664
-0.076270
-0.063454
-0.094140
-0.108127
-0.096572
-0.085020
-0.093057
-0.095609
-0.076395
-0.087508
-0.077889
-0.100452
-0.083220
-0.090391
-0.096179
-0.090916
-0.101356
-0.097212
-0.104548
-0.113250
-0.112412
-0.106828
-0.099216
-0.111429
-0.101250
-0.104794
-0.103860
-0.101064
-0.104945
-0.104589
-0.104226
-0.109661
-0.109188
-0.107783
-0.114082
-0.110497
-0.109013
-0.110587
-0.112837
-0.111991
-0.112033
-0.111746
-0.111339
-0.111758
-0.109834
-0.109883
-0.109937
-0.109159
-0.110673
-0.108721
-0.113358
-0.109992
-0.112025
-0.110802
-0.111895
-0.113224
-0.113564
-0.112870
-0.112594
-0.111762
-0.112184
-0.112276
-0.113694
-0.111856
-0.113063
-0.112269
-0.113242
-0.112886
-0.113371
-0.113992
-0.113643
-0.113996
-0.114155
-0.113979
-0.114174
-0.113921
-0.113396
-0.113979
-0.114095
-0.113331
-0.113789
-0.113555
-0.113437
0.044269
3.684906
1.066359
0.608122
1.041744
0.361182
-0.023792
0.109319
0.027884
0.094513
-0.003652
-0.054444
0.007847
-0.062075
-0.072308
-0.050550
-0.087734
-0.103781
-0.087280
-0.104030
-0.087030
-0.084904
-0.113057
-0.093972
-0.084839
-0.096550
-0.095103
-0.085647
-0.108152
-0.107036
-0.099408
-0.087746
-0.071813
-0.106685
-0.106302
-0.083732
-0.104862
-0.098482
-0.097804
-0.097662
-0.096174
-0.105510
-0.105032
-0.103181
-0.106814
-0.108258
-0.111850
-0.109954
-0.108005
-0.111809
-0.109263
-0.110768
-0.113407
-0.112851
-0.111106
-0.112351
-0.111736
-0.111645
-0.113441
-0.111262
-0.110582
-0.112469
-0.110770
-0.110896
-0.113060
-0.112675
-0.111364
-0.109534
-0.108148
-0.112557
-0.112261
-0.109412
-0.110783
-0.112577
-0.110595
-0.111123
-0.113160
-0.112531
-0.111096
-0.111264
-0.113407
-0.113866
-0.113488
-0.113483
-0.112769
-0.113812
-0.113153
-0.113126
-0.113711
-0.113070
-0.113985
-0.113697
-0.113551
-0.113373
-0.113533
-0.114002
-0.113906
-0.113869
-0.113698
-0.113612
-0.030019
0.943741
0.567799
0.365461
0.641339
0.141415
0.090639
0.047010
-0.026711
0.044278
0.010730
-0.026263
-0.015782
-0.009441
-0.047463
-0.063653
-0.068797
-0.078660
-0.101145
-0.086483
-0.085166
-0.098176
-0.080541
-0.080177
-0.094152
-0.086962
-0.089757
-0.091148
-0.106835
-0.098759
-0.094091
-0.107008
-0.088292
-0.094196
-0.107166
-0.103950
-0.109665
-0.108093
-0.103954
-0.108560
-0.099172
-0.102107
-0.107360
-0.109712
-0.106762
-0.106705
-0.110125
-0.107750
-0.108584
-0.107996
-0.109058
-0.110805
-0.109086
-0.112030
-0.111711
-0.111691
-0.112861
-0.111485
-0.111781
-0.109782
-0.112064
-0.110380
-0.109490
-0.112579
-0.111524
-0.111272
-0.112172
-0.112155
-0.111027
-0.109908
-0.111915
-0.113517
-0.111907
-0.112004
-0.111430
-0.113710
-0.112073
-0.111194
-0.112870
-0.112430
-0.113750
-0.112917
-0.112756
-0.114071
-0.112232
-0.113145
-0.113400
-0.112708
-0.114076
-0.113186
-0.113698
-0.113498
-0.113439
-0.113427
-0.112952
-0.113673
-0.113072
-0.113367
-0.113469
-0.113115
-0.542151
1.028275
1.603223
-1.710136
-0.114368
-0.114370
1.581556
1.195823
3.845814
-0.680915
-0.114369
-0.114370
0.236583
0.248306
1.000225
-0.252275
-0.114367
-0.114369
0.062194
0.638891
1.063375
-1.163716
-0.114369
-0.114371
0.216889
1.488406
2.377925
-2.174982
-0.114369
-0.114371
-0.164412
2.164225
3.321906
-3.258668
-0.114369
-0.114371
4.685298
0.830024
6.173125
2.908131
-0.114369
-0.114370
0.319415
0.606095
0.246132
-0.101531
-0.097072
-0.104544
-0.110531
-0.108031
-0.109769
-0.113658
-0.112614
-0.108732
-0.105451
-0.106078
-0.107637
-0.107464
-0.092991
-0.082843
-0.099918
-0.095740
-0.087529
-0.105997
-0.108013
-0.110491
-0.112608
-0.113649
-0.113547
-0.112640
-0.112153
-0.111543
-0.111469
-0.112052
-0.112983
-0.113980
-0.110383
-0.108824
-0.110236
-0.112309
-0.109464
-0.109298
-0.111352
-0.111898
-0.112373
-0.112884
-0.113202
-0.113481
-0.113902
-0.114171
-0.113811
-0.113197
-0.112698
-0.112306
-0.111281
-0.113618
-0.111745
-0.112862
-0.112055
-0.110844
-0.112650
-0.113216
-0.113717
-0.113883
-0.113772
-0.113532
-0.113293
-0.113149
-0.113038
-0.112941
-0.113027
-0.113217
-0.113304
-0.113583
-0.112861
-0.114132
-0.112905
-0.113632
-0.113648
-0.113492
-0.113331
-0.113248
-0.113269
-0.113329
-0.113393
-0.113481
-0.113579
-0.113639
-0.113664
-0.113601
-0.113516
-0.113070
-0.113471
-0.113368
-0.113471
-0.113576
-0.113321
-0.113354
-0.113399
-0.113461
-0.113499
-0.113527
1.589739
0.358431
0.674009
-0.047951
-0.093003
-0.099777
-0.100526
-0.098008
-0.101444
-0.103061
-0.106020
-0.107913
-0.106537
-0.107374
-0.106928
-0.100839
-0.041729
-0.097782
-0.100597
-0.091200
-0.071362
-0.096563
-0.105527
-0.107728
-0.108916
-0.109352
-0.110502
-0.111291
-0.112583
-0.113372
-0.113620
-0.113754
-0.112828
-0.111063
-0.102653
-0.106013
-0.108118
-0.107728
-0.105770
-0.107133
-0.111936
-0.112902
-0.113293
-0.113264
-0.113057
-0.112945
-0.112956
-0.112993
-0.113217
-0.113317
-0.113472
-0.113596
-0.111989
-0.108700
-0.110757
-0.111566
-0.111245
-0.110484
-0.112963
-0.113115
-0.113166
-0.113191
-0.113210
-0.113373
-0.113607
-0.113836
-0.114083
-0.114149
-0.114091
-0.113844
-0.113248
-0.111675
-0.112878
-0.113617
-0.113071
-0.111818
-0.113461
-0.113728
-0.113853
-0.113886
-0.113906
-0.113846
-0.113762
-0.113668
-0.113594
-0.113579
-0.113563
-0.113562
-0.113576
-0.114209
-0.113742
-0.113606
-0.113554
-0.113093
-0.113851
-0.113748
-0.113699
-0.113672
-0.113647
-0.113623
0.237214
0.053223
0.072015
-0.076717
-0.099312
-0.104940
-0.107203
-0.107738
-0.108675
-0.110585
-0.111201
-0.111288
-0.110996
-0.110937
-0.111110
-0.108604
-0.101071
-0.100932
-0.112260
-0.112652
-0.100994
-0.110237
-0.113099
-0.113710
-0.113521
-0.113252
-0.112993
-0.112842
-0.112817
-0.112677
-0.112701
-0.112936
-0.113206
-0.113142
-0.111293
-0.111157
-0.113561
-0.113167
-0.111977
-0.112042
-0.113378
-0.113187
-0.113221
-0.113314
-0.113382
-0.113438
-0.113562
-0.113651
-0.113677
-0.113628
-0.113526
-0.113469
-0.112521
-0.113951
-0.113061
-0.113277
-0.114216
-0.112431
-0.113651
-0.113646
-0.113732
-0.113765
-0.113753
-0.113707
-0.113656
-0.113633
-0.113600
-0.113576
-0.113594
-0.113666
-0.113625
-0.113492
-0.113606
-0.113751
-0.113592
-0.113574
-0.113741
-0.113741
-0.113700
-0.113680
-0.113686
-0.113702
-0.113712
-0.113733
-0.113757
-0.113775
-0.113784
-0.113779
-0.113812
-0.113545
-0.113849
-0.113732
-0.113668
-0.113885
-0.113679
-0.113728
-0.113739
-0.113751
-0.113760
-0.113765
0.060685
0.394718
0.021404
-0.080397
-0.088577
-0.095512
-0.100460
-0.102389
-0.104744
-0.106009
-0.106700
-0.106904
-0.106233
-0.106743
-0.107061
-0.107018
-0.102774
-0.086676
-0.109211
-0.102004
-0.099668
-0.108109
-0.110022
-0.111304
-0.111796
-0.111550
-0.111365
-0.111154
-0.111038
-0.111103
-0.111236
-0.111631
-0.111943
-0.112106
-0.112608
-0.107614
-0.113094
-0.110606
-0.111734
-0.112683
-0.112405
-0.112123
-0.112047
-0.112147
-0.112256
-0.112423
-0.112561
-0.112639
-0.112640
-0.112493
-0.112361
-0.112281
-0.112356
-0.111700
-0.111136
-0.111696
-0.111439
-0.112454
-0.112367
-0.112522
-0.112674
-0.112774
-0.112766
-0.112720
-0.112655
-0.112595
-0.112573
-0.112579
-0.112655
-0.112769
-0.112863
-0.113474
-0.112142
-0.112997
-0.112095
-0.113181
-0.112940
-0.112894
-0.112836
-0.112791
-0.112785
-0.112794
-0.112823
-0.112858
-0.112889
-0.112917
-0.112916
-0.112897
-0.112871
-0.112849
-0.112933
-0.112816
-0.112832
-0.112790
-0.112848
-0.112846
-0.112856
-0.112873
-0.112890
-0.112900
0.222587
1.011649
-0.020768
-0.104983
-0.104435
-0.106077
-0.106765
-0.107007
-0.107041
-0.107157
-0.107436
-0.107917
-0.108712
-0.109493
-0.110540
-0.111866
-0.111335
-0.070629
-0.101597
-0.085574
-0.093396
-0.106698
-0.107938
-0.109058
-0.110003
-0.110989
-0.111850
-0.112588
-0.113009
-0.112949
-0.112585
-0.112238
-0.111981
-0.111916
-0.111858
-0.107893
-0.107216
-0.110473
-0.105404
-0.111208
-0.111987
-0.112681
-0.113132
-0.113287
-0.113163
-0.112951
-0.112770
-0.112674
-0.112678
-0.112810
-0.113040
-0.113397
-0.113827
-0.112297
-0.110888
-0.112577
-0.111228
-0.113866
-0.113668
-0.113398
-0.113250
-0.113188
-0.113222
-0.113321
-0.113471
-0.113642
-0.113785
-0.113825
-0.113731
-0.113552
-0.113346
-0.112628
-0.113305
-0.113066
-0.113340
-0.113169
-0.113403
-0.113510
-0.113622
-0.113717
-0.113776
-0.113784
-0.113751
-0.113699
-0.113650
-0.113614
-0.113602
-0.113612
-0.113650
-0.113647
-0.113931
-0.113766
-0.113404
-0.113901
-0.113849
-0.113831
-0.113800
-0.113770
-0.113744
-0.113727
-0.083244
1.497562
-0.031937
-0.060383
-0.086707
-0.094350
-0.099838
-0.104815
-0.108767
-0.110356
-0.108581
-0.106034
-0.104312
-0.102908
-0.103478
-0.104989
-0.102944
-0.069341
-0.078759
-0.052226
-0.104482
-0.105152
-0.107569
-0.110710
-0.113387
-0.113376
-0.111814
-0.110743
-0.110130
-0.109966
-0.110258
-0.110850
-0.111947
-0.112951
-0.112532
-0.105935
-0.104659
-0.104699
-0.106831
-0.110146
-0.110250
-0.110696
-0.111046
-0.111412
-0.111920
-0.112496
-0.113037
-0.113277
-0.112956
-0.112395
-0.111721
-0.111094
-0.110816
-0.109327
-0.111267
-0.114047
-0.107524
-0.110771
-0.111454
-0.112281
-0.112854
-0.113079
-0.112995
-0.112695
-0.112376
-0.112128
-0.111994
-0.111990
-0.112114
-0.112367
-0.112708
-0.112883
-0.111259
-0.113270
-0.111730
-0.113020
-0.112958
-0.112738
-0.112547
-0.112445
-0.112417
-0.112464
-0.112564
-0.112690
-0.112812
-0.112888
-0.112912
-0.112851
-0.112708
-0.112609
-0.111953
-0.112663
-0.113271
-0.112529
-0.112553
-0.112554
-0.112610
-0.112677
-0.112732
-0.112772
