-2.418598
2.471652
1.526736
-9.112083
-0.120794
-0.120792
-0.086289
1.530216
5.129125
-5.505147
-0.120792
-0.120789
1.851271
2.198272
7.412691
-5.407958
-0.120794
-0.120789
-0.683586
1.849099
4.564706
-3.698852
-0.120791
-0.120793
0.142358
6.228073
10.468228
-9.730098
-0.120792
-0.120794
-0.251672
2.597167
5.240033
-6.310534
-0.120792
-0.120793
7.005923
-0.120158
7.006928
7.004610
-0.120793
-0.120793
8.983382
2.695292
14.415372
4.375579
-0.120791
-0.120793
2.174293
0.748088
1.090556
0.499970
0.090326
0.226670
-0.048845
0.140329
0.127750
0.075567
-0.072082
0.067246
0.094150
0.036725
0.023191
0.137853
0.070563
0.007267
0.070212
0.025090
-0.035749
0.045713
0.005830
-0.072887
-0.010131
-0.054617
-0.103319
-0.077497
-0.070933
-0.085413
-0.102501
-0.092494
-0.094068
-0.103545
-0.097761
-0.094523
-0.110116
-0.112375
-0.107108
-0.097730
-0.109044
-0.112436
-0.109665
-0.107522
-0.097644
-0.107026
-0.114415
-0.113405
-0.097612
-0.103330
-0.110171
-0.096894
-0.094288
-0.105574
-0.097823
-0.097757
-0.108785
-0.102648
-0.096815
-0.108874
-0.104975
-0.101130
-0.115160
-0.113463
-0.109756
-0.113908
-0.118524
-0.117750
-0.111682
-0.115811
-0.117220
-0.117422
-0.115848
-0.118009
-0.117738
-0.116800
-0.117650
-0.116627
-0.119969
-0.119646
-0.117429
-0.115855
-0.120465
-0.118420
-0.118018
-0.117886
-0.118986
-0.118724
-0.116311
-0.117285
-0.118961
-0.116369
-0.118234
-0.119033
-0.117128
-0.119714
-0.118278
-0.118047
-0.120369
-0.118953
-0.084294
0.376856
0.285937
0.066062
0.291122
0.168925
0.032347
0.073245
0.122777
0.101525
0.097264
0.068640
0.072534
0.088385
0.093313
0.084923
0.079697
0.043024
0.058672
0.047082
0.021504
0.033223
-0.011373
-0.028304
-0.027284
-0.054061
-0.053843
-0.060466
-0.078425
-0.085739
-0.091095
-0.097187
-0.091943
-0.096466
-0.113789
-0.118645
-0.107528
-0.113427
-0.116277
-0.105019
-0.107842
-0.100336
-0.109374
-0.108278
-0.111044
-0.097362
-0.100724
-0.107426
-0.100366
-0.101150
-0.101235
-0.090626
-0.102074
-0.101359
-0.094577
-0.100813
-0.093338
-0.097243
-0.102673
-0.102267
-0.107103
-0.105183
-0.104244
-0.111793
-0.111148
-0.110136
-0.118313
-0.110573
-0.116389
-0.118625
-0.114726
-0.115075
-0.116981
-0.118544
-0.119103
-0.118921
-0.119818
-0.119592
-0.117782
-0.115931
-0.120509
-0.117004
-0.116770
-0.120143
-0.115678
-0.118242
-0.117863
-0.115491
-0.117953
-0.117441
-0.116275
-0.118941
-0.116199
-0.116945
-0.119761
-0.117263
-0.118868
-0.119367
-0.118044
-0.119047
1.858259
0.621856
0.308103
0.491884
0.451532
0.505925
0.319200
0.078857
0.146553
0.248141
0.040142
0.100407
0.197325
0.108676
0.002946
0.076149
0.031321
-0.027108
-0.005944
-0.027074
-0.045652
-0.008090
-0.029205
-0.060632
-0.007416
-0.045068
-0.096509
-0.050125
-0.060592
-0.102924
-0.095946
-0.080286
-0.083898
-0.098303
-0.096996
-0.114306
-0.116395
-0.118262
-0.113643
-0.113234
-0.111511
-0.104554
-0.102068
-0.107656
-0.099781
-0.101041
-0.108414
-0.111446
-0.094683
-0.102167
-0.106202
-0.104902
-0.099381
-0.105925
-0.108503
-0.102546
-0.111811
-0.107503
-0.102611
-0.113889
-0.104107
-0.103948
-0.115999
-0.109368
-0.109659
-0.114028
-0.118463
-0.116859
-0.110451
-0.115328
-0.116521
-0.114897
-0.117664
-0.117358
-0.117698
-0.117643
-0.117429
-0.117718
-0.115528
-0.117793
-0.116703
-0.114320
-0.119751
-0.117875
-0.117041
-0.118592
-0.116934
-0.119347
-0.116379
-0.115923
-0.119740
-0.115948
-0.118230
-0.117924
-0.116577
-0.119345
-0.116926
-0.117590
-0.119269
-0.117291
0.437364
0.592969
0.391410
0.671389
0.098068
0.485061
-0.085795
0.039796
0.039508
-0.005885
0.027131
-0.058943
-0.080472
-0.075242
-0.081856
-0.071557
-0.078553
-0.076008
-0.083144
-0.085646
-0.081568
-0.099007
-0.101433
-0.097194
-0.109676
-0.101023
-0.097684
-0.110337
-0.088635
-0.103768
-0.104592
-0.103950
-0.092794
-0.093470
-0.089985
-0.118215
-0.108045
-0.112731
-0.109593
-0.107432
-0.105156
-0.115450
-0.111133
-0.111439
-0.109048
-0.115462
-0.110984
-0.112529
-0.117087
-0.111122
-0.115214
-0.112809
-0.111599
-0.117006
-0.110368
-0.115845
-0.110168
-0.113264
-0.113848
-0.112706
-0.116991
-0.112184
-0.115067
-0.116861
-0.114756
-0.117725
-0.116144
-0.112697
-0.117636
-0.117809
-0.113832
-0.115911
-0.114094
-0.117547
-0.116334
-0.116359
-0.117711
-0.115044
-0.116407
-0.114244
-0.117687
-0.117791
-0.115191
-0.116353
-0.117058
-0.116415
-0.117532
-0.116773
-0.116183
-0.117132
-0.116344
-0.116884
-0.116663
-0.116602
-0.116609
-0.116121
-0.117084
-0.116331
-0.116640
-0.116786
0.171723
3.814316
1.078134
0.906099
1.039848
0.409208
0.062259
0.101059
0.157825
0.218934
0.064089
0.129172
0.069977
0.047773
0.032615
0.002586
-0.027199
-0.054080
-0.049217
-0.052103
-0.078804
-0.071194
-0.052065
-0.077707
-0.073474
-0.060123
-0.089857
-0.078201
-0.076109
-0.117732
-0.094256
-0.105183
-0.091724
-0.072917
-0.109526
-0.091250
-0.099915
-0.113218
-0.100089
-0.088425
-0.107943
-0.104164
-0.108835
-0.111271
-0.101746
-0.110116
-0.117266
-0.105728
-0.114256
-0.108324
-0.105840
-0.117653
-0.106576
-0.112681
-0.114663
-0.107915
-0.113502
-0.114055
-0.108207
-0.114542
-0.112934
-0.108457
-0.119582
-0.110797
-0.112643
-0.118288
-0.113625
-0.116577
-0.115243
-0.110300
-0.116872
-0.112929
-0.114184
-0.112959
-0.116407
-0.116914
-0.113778
-0.115924
-0.114051
-0.116745
-0.113040
-0.115743
-0.116575
-0.115057
-0.117193
-0.115595
-0.115046
-0.117944
-0.114718
-0.115909
-0.116080
-0.115426
-0.116445
-0.115940
-0.115398
-0.115942
-0.116218
-0.115712
-0.116252
-0.116068
-0.001824
1.085333
0.911636
-0.084416
0.788517
0.357451
0.067749
-0.034657
-0.022914
-0.049586
-0.066594
-0.041007
-0.055323
-0.022772
-0.041630
-0.095441
-0.056618
-0.070195
-0.117770
-0.076391
-0.081900
-0.113300
-0.086793
-0.096252
-0.101123
-0.094345
-0.108864
-0.094073
-0.110808
-0.108563
-0.107286
-0.106896
-0.116959
-0.077570
-0.109268
-0.094749
-0.115150
-0.110278
-0.107399
-0.099421
-0.112961
-0.111252
-0.100497
-0.114589
-0.107877
-0.111812
-0.112627
-0.111719
-0.111812
-0.112088
-0.108118
-0.115336
-0.109719
-0.111728
-0.115329
-0.111254
-0.113882
-0.115730
-0.112024
-0.115190
-0.114320
-0.112204
-0.116316
-0.111078
-0.114462
-0.113257
-0.114609
-0.114697
-0.115228
-0.113175
-0.120200
-0.112840
-0.114336
-0.112364
-0.114729
-0.115057
-0.112682
-0.114282
-0.112375
-0.117961
-0.114601
-0.115480
-0.115322
-0.115412
-0.114707
-0.115374
-0.114140
-0.115766
-0.114694
-0.115174
-0.115465
-0.114993
-0.115726
-0.115271
-0.115065
-0.115336
-0.115284
-0.115016
-0.115430
-0.114926
-0.708394
1.148500
1.589450
-1.972044
-0.120791
-0.120794
1.569593
1.300949
3.714927
-0.945941
-0.120792
-0.120794
0.232311
0.313184
0.950460
-0.491473
-0.120792
-0.120794
0.024335
0.655435
1.133255
-1.167294
-0.120792
-0.120794
0.088784
1.661407
2.109119
-2.758267
-0.120793
-0.120794
-0.006547
2.633405
4.081284
-3.883287
-0.120792
-0.120794
5.032116
1.003668
6.851214
2.865015
-0.120792
-0.120793
0.470433
0.689452
0.254464
-0.108049
-0.093970
-0.104998
-0.110289
-0.117161
-0.112397
-0.115656
-0.116768
-0.113514
-0.117830
-0.118193
-0.117702
-0.112726
-0.108813
-0.078477
-0.100648
-0.108236
-0.089705
-0.109102
-0.118113
-0.119034
-0.118382
-0.118274
-0.119328
-0.119152
-0.119061
-0.119338
-0.118692
-0.119199
-0.119896
-0.119868
-0.119765
-0.115631
-0.111131
-0.119108
-0.115972
-0.113178
-0.120602
-0.120334
-0.119765
-0.119574
-0.119400
-0.119643
-0.119758
-0.119629
-0.119702
-0.119567
-0.119614
-0.119885
-0.119709
-0.119584
-0.118239
-0.117115
-0.118844
-0.118600
-0.117946
-0.119679
-0.120048
-0.119876
-0.119848
-0.119789
-0.119837
-0.119934
-0.119862
-0.119860
-0.119864
-0.119865
-0.119985
-0.119826
-0.119243
-0.119956
-0.119300
-0.118980
-0.120203
-0.119715
-0.119917
-0.120033
-0.119982
-0.119976
-0.119986
-0.119987
-0.120024
-0.120003
-0.119989
-0.119949
-0.120036
-0.120122
-0.119957
-0.119670
-0.120428
-0.120011
-0.119674
-0.120179
-0.120052
-0.120049
-0.120048
-0.120034
1.557773
0.464524
0.690018
-0.036066
-0.079896
-0.097847
-0.109808
-0.111277
-0.116448
-0.114311
-0.109019
-0.110990
-0.109501
-0.114075
-0.116002
-0.114527
-0.078311
-0.070687
-0.083971
-0.096372
-0.109022
-0.075600
-0.111713
-0.113992
-0.115817
-0.118557
-0.119279
-0.119106
-0.118535
-0.117401
-0.118224
-0.118121
-0.118882
-0.118412
-0.117129
-0.109442
-0.115892
-0.113937
-0.112668
-0.111202
-0.114317
-0.117407
-0.117630
-0.117865
-0.118836
-0.119921
-0.120099
-0.119270
-0.118560
-0.118727
-0.119270
-0.120258
-0.119682
-0.116597
-0.117494
-0.120074
-0.119467
-0.118144
-0.115067
-0.120415
-0.119773
-0.119122
-0.118850
-0.119110
-0.119764
-0.120143
-0.119774
-0.119224
-0.119084
-0.119406
-0.120037
-0.120515
-0.117685
-0.119628
-0.120127
-0.120385
-0.120388
-0.118536
-0.120168
-0.120318
-0.119893
-0.119670
-0.119684
-0.119955
-0.120102
-0.120028
-0.119835
-0.119644
-0.119778
-0.120052
-0.120384
-0.119537
-0.119704
-0.119750
-0.119836
-0.120231
-0.119988
-0.120138
-0.120110
-0.119974
0.228780
0.036075
0.140153
-0.087668
-0.110126
-0.114204
-0.118208
-0.116155
-0.119088
-0.119268
-0.118659
-0.118877
-0.118105
-0.118406
-0.118870
-0.120347
-0.108288
-0.104099
-0.109472
-0.114533
-0.116861
-0.106179
-0.117458
-0.118699
-0.119279
-0.119994
-0.119782
-0.120263
-0.119940
-0.119646
-0.120214
-0.119996
-0.120063
-0.119777
-0.119428
-0.117488
-0.119207
-0.118397
-0.118807
-0.117831
-0.118462
-0.119634
-0.119845
-0.120002
-0.120226
-0.120480
-0.120646
-0.120385
-0.120114
-0.120258
-0.120313
-0.120533
-0.120317
-0.119466
-0.119795
-0.120567
-0.120174
-0.120221
-0.119065
-0.120378
-0.120423
-0.120303
-0.120290
-0.120331
-0.120575
-0.120771
-0.120579
-0.120373
-0.120361
-0.120413
-0.120583
-0.120653
-0.119892
-0.120519
-0.120465
-0.120654
-0.120670
-0.120113
-0.120641
-0.120712
-0.120561
-0.120520
-0.120508
-0.120616
-0.120683
-0.120645
-0.120572
-0.120515
-0.120542
-0.120640
-0.120774
-0.120485
-0.120556
-0.120512
-0.120564
-0.120676
-0.120589
-0.120667
-0.120655
-0.120602
0.021345
0.420890
-0.074551
-0.065439
-0.101339
-0.108704
-0.111535
-0.112598
-0.113100
-0.113859
-0.115347
-0.116776
-0.116264
-0.114466
-0.113987
-0.112170
-0.112455
-0.106427
-0.105491
-0.114041
-0.103250
-0.115315
-0.119520
-0.119949
-0.120098
-0.120517
-0.119936
-0.119627
-0.119621
-0.119934
-0.120437
-0.120233
-0.119690
-0.119301
-0.118258
-0.118755
-0.116338
-0.119481
-0.117869
-0.117663
-0.118051
-0.119672
-0.120013
-0.120397
-0.120181
-0.119949
-0.119892
-0.120022
-0.120283
-0.120424
-0.120169
-0.120022
-0.119957
-0.120163
-0.119780
-0.118964
-0.120249
-0.119458
-0.120069
-0.119417
-0.119795
-0.120001
-0.120253
-0.120226
-0.120083
-0.120014
-0.120069
-0.120211
-0.120299
-0.120173
-0.120029
-0.119847
-0.120283
-0.120480
-0.120076
-0.119983
-0.120604
-0.120533
-0.120167
-0.120193
-0.120251
-0.120336
-0.120329
-0.120271
-0.120235
-0.120250
-0.120292
-0.120305
-0.120329
-0.120260
-0.120102
-0.120159
-0.120473
-0.120391
-0.120176
-0.120392
-0.120371
-0.120313
-0.120317
-0.120341
0.098311
1.116920
0.103668
-0.081382
-0.110482
-0.115906
-0.118693
-0.115618
-0.114241
-0.115047
-0.117528
-0.120411
-0.117519
-0.115387
-0.114408
-0.115316
-0.118658
-0.088618
-0.081076
-0.100713
-0.082648
-0.111332
-0.115656
-0.118008
-0.119117
-0.119413
-0.118975
-0.118763
-0.118960
-0.119530
-0.120042
-0.119534
-0.118855
-0.118288
-0.118286
-0.117771
-0.112132
-0.116071
-0.113104
-0.113626
-0.117720
-0.118827
-0.119617
-0.120260
-0.120197
-0.119821
-0.119693
-0.119854
-0.120223
-0.120453
-0.120048
-0.119648
-0.119321
-0.119314
-0.118373
-0.117443
-0.119690
-0.117265
-0.118705
-0.119282
-0.119675
-0.120071
-0.120543
-0.120525
-0.120201
-0.120066
-0.120157
-0.120432
-0.120722
-0.120362
-0.120039
-0.119798
-0.119687
-0.119410
-0.119738
-0.119590
-0.119673
-0.120171
-0.120123
-0.120228
-0.120408
-0.120641
-0.120621
-0.120451
-0.120371
-0.120413
-0.120555
-0.120581
-0.120624
-0.120458
-0.120233
-0.120132
-0.120550
-0.120604
-0.120202
-0.120764
-0.120512
-0.120438
-0.120468
-0.120546
0.001689
1.814177
-0.094242
-0.010325
-0.057909
-0.082165
-0.091829
-0.090918
-0.090691
-0.093956
-0.099699
-0.103619
-0.101592
-0.097428
-0.094779
-0.094074
-0.091287
-0.085903
-0.061495
-0.110316
-0.059340
-0.096996
-0.113936
-0.117522
-0.119901
-0.117802
-0.116086
-0.115515
-0.116187
-0.117797
-0.118912
-0.117380
-0.115464
-0.114322
-0.113831
-0.113074
-0.107168
-0.112961
-0.114154
-0.109865
-0.111406
-0.114901
-0.117049
-0.118355
-0.117855
-0.117003
-0.116851
-0.117503
-0.118537
-0.118812
-0.117950
-0.117190
-0.117206
-0.118777
-0.118471
-0.114774
-0.118330
-0.117428
-0.117900
-0.116229
-0.116749
-0.117645
-0.118443
-0.118394
-0.117848
-0.117591
-0.117858
-0.118413
-0.118626
-0.118174
-0.117562
-0.117358
-0.118410
-0.120111
-0.118452
-0.118593
-0.120553
-0.119434
-0.118437
-0.118356
-0.118621
-0.118897
-0.118882
-0.118663
-0.118528
-0.118610
-0.118784
-0.118803
-0.118857
-0.118489
-0.118327
-0.118445
-0.119014
-0.119237
-0.118682
-0.119216
-0.119058
-0.118850
-0.118845
-0.118938
