-2.287896
2.722322
2.915857
-14.626781
-0.113361
-0.113351
0.056076
1.115370
2.717818
-2.763867
-0.113358
-0.113358
1.846078
2.042487
8.865990
-3.447642
-0.113359
-0.113356
-0.481496
1.807907
6.093052
-3.446979
-0.113357
-0.113357
-0.005209
5.963906
9.898232
-9.703992
-0.113359
-0.113360
-0.249235
2.021383
3.362385
-5.157887
-0.113359
-0.113359
6.589024
-0.112830
6.589761
6.587889
-0.113359
-0.113358
8.659617
2.732899
14.180935
3.696032
-0.113358
-0.113360
2.073590
0.674103
1.024424
0.213036
0.103529
0.033543
0.139742
0.286741
0.310802
0.270659
0.119684
0.299324
0.380597
0.155422
0.246271
0.304098
0.160783
0.099759
0.175944
0.136942
0.045749
0.095718
0.127016
0.016586
0.020582
0.049909
-0.011524
-0.064388
-0.019213
-0.045190
-0.074621
-0.092699
-0.105921
-0.088413
-0.070501
-0.101342
-0.104511
-0.086006
-0.097242
-0.090357
-0.092164
-0.087080
-0.108889
-0.081511
-0.088156
-0.093531
-0.074733
-0.097791
-0.074600
-0.058756
-0.095374
-0.063974
-0.056748
-0.099947
-0.071572
-0.064656
-0.097240
-0.079517
-0.072338
-0.097900
-0.082061
-0.090213
-0.096714
-0.088925
-0.105913
-0.093417
-0.089602
-0.102400
-0.100208
-0.099995
-0.104264
-0.099340
-0.097951
-0.100660
-0.099323
-0.100099
-0.099461
-0.103238
-0.099983
-0.101636
-0.102608
-0.095463
-0.101320
-0.103126
-0.097633
-0.107621
-0.100891
-0.099371
-0.108144
-0.098323
-0.100821
-0.105127
-0.098124
-0.100908
-0.103490
-0.098358
-0.101465
-0.102347
-0.100618
-0.102767
0.046174
0.466298
0.184100
0.043569
0.256402
0.069169
-0.016516
-0.050542
-0.007389
0.057691
-0.057918
-0.004635
0.024884
-0.019371
-0.069012
-0.050051
-0.022304
-0.070571
-0.052426
-0.085359
-0.082326
-0.075152
-0.078904
-0.106422
-0.056714
-0.053995
-0.079149
-0.090293
-0.086443
-0.083986
-0.100080
-0.089388
-0.101838
-0.095197
-0.096743
-0.095661
-0.099496
-0.105276
-0.095773
-0.102727
-0.099452
-0.107416
-0.103894
-0.096888
-0.107172
-0.100505
-0.096421
-0.100595
-0.089485
-0.088028
-0.097926
-0.100151
-0.099915
-0.109278
-0.106826
-0.103226
-0.100582
-0.098671
-0.094225
-0.101558
-0.096792
-0.099613
-0.108423
-0.106249
-0.107425
-0.108524
-0.102631
-0.105936
-0.102304
-0.107015
-0.107529
-0.104297
-0.104518
-0.103983
-0.104768
-0.104321
-0.103615
-0.105562
-0.106997
-0.105390
-0.105762
-0.104243
-0.107923
-0.106984
-0.107158
-0.107757
-0.105219
-0.104819
-0.105333
-0.104492
-0.105438
-0.105758
-0.106309
-0.106526
-0.106689
-0.105866
-0.105987
-0.105892
-0.105310
-0.104970
1.851824
0.611724
0.264101
0.505912
0.367399
0.401578
0.193423
0.084355
0.082663
0.136196
0.001740
0.129008
0.191458
0.039015
0.106207
0.175303
0.051092
0.020694
0.102192
0.044221
-0.034190
0.019523
0.042739
-0.028527
-0.029774
-0.011146
-0.054124
-0.092125
-0.068946
-0.060300
-0.084673
-0.073644
-0.089034
-0.095525
-0.102502
-0.108654
-0.111089
-0.108325
-0.109373
-0.102957
-0.099841
-0.100644
-0.100097
-0.102841
-0.099277
-0.090395
-0.098179
-0.102035
-0.090966
-0.087734
-0.097638
-0.086178
-0.080913
-0.098503
-0.091724
-0.085953
-0.096494
-0.099501
-0.088486
-0.094659
-0.100078
-0.098130
-0.099989
-0.106197
-0.109375
-0.103766
-0.102620
-0.111016
-0.106755
-0.109345
-0.112431
-0.108110
-0.110718
-0.110604
-0.110811
-0.111190
-0.108351
-0.111821
-0.109641
-0.108580
-0.112827
-0.106622
-0.109488
-0.112080
-0.108743
-0.109661
-0.110164
-0.108851
-0.110710
-0.108591
-0.110276
-0.111464
-0.108462
-0.110310
-0.111383
-0.108817
-0.111215
-0.110837
-0.110682
-0.111980
0.249761
0.637811
0.452776
0.563400
0.124566
0.286231
-0.054994
0.128493
0.107990
0.061779
0.000376
0.076938
0.038760
-0.062579
-0.068011
-0.026295
-0.025107
-0.033186
-0.009044
-0.051764
-0.040027
-0.063110
-0.084885
-0.091468
-0.095781
-0.075010
-0.062983
-0.100661
-0.086265
-0.064203
-0.102423
-0.102657
-0.094139
-0.096100
-0.084149
-0.093889
-0.103708
-0.096063
-0.104280
-0.088129
-0.098998
-0.096069
-0.104380
-0.108074
-0.095425
-0.091602
-0.108032
-0.097917
-0.097408
-0.111699
-0.106094
-0.105128
-0.110417
-0.099080
-0.104384
-0.103262
-0.098722
-0.112993
-0.101803
-0.104225
-0.106601
-0.103370
-0.102037
-0.111976
-0.106363
-0.108125
-0.108405
-0.105023
-0.110298
-0.109719
-0.105094
-0.108340
-0.107680
-0.107986
-0.107081
-0.109156
-0.108581
-0.105588
-0.108081
-0.108386
-0.107883
-0.109372
-0.107864
-0.107954
-0.109465
-0.106508
-0.107769
-0.108732
-0.107471
-0.108387
-0.109160
-0.107454
-0.109316
-0.108039
-0.108556
-0.109128
-0.108358
-0.108760
-0.108625
-0.108046
0.025644
3.796766
1.123302
0.589565
0.790959
0.224617
-0.083620
0.094559
0.085317
0.154401
-0.065243
-0.005949
0.023205
-0.089532
-0.034460
-0.024071
-0.086923
-0.074152
-0.057702
-0.076774
-0.104089
-0.092765
-0.079139
-0.086809
-0.094836
-0.082216
-0.093712
-0.095536
-0.085766
-0.080288
-0.101912
-0.098289
-0.092852
-0.089837
-0.077833
-0.088260
-0.108130
-0.099915
-0.093612
-0.096495
-0.087113
-0.099987
-0.110384
-0.102471
-0.106773
-0.097955
-0.101837
-0.104741
-0.101215
-0.103687
-0.106935
-0.101102
-0.110654
-0.105461
-0.109234
-0.107051
-0.103952
-0.106261
-0.104236
-0.103348
-0.108566
-0.103576
-0.108770
-0.106531
-0.108542
-0.110940
-0.106856
-0.105000
-0.107012
-0.103474
-0.108485
-0.105434
-0.106621
-0.106401
-0.108995
-0.108390
-0.106457
-0.107967
-0.105099
-0.108156
-0.106241
-0.107498
-0.108661
-0.108163
-0.107834
-0.108257
-0.107163
-0.108295
-0.107238
-0.107614
-0.107766
-0.107365
-0.108247
-0.108082
-0.107778
-0.108545
-0.107489
-0.108431
-0.107749
-0.107565
0.022891
0.782818
0.765634
0.160711
0.603741
0.129635
-0.096104
-0.094858
-0.060405
-0.013807
-0.030013
-0.045855
-0.052207
-0.066702
-0.089595
-0.090082
-0.076091
-0.083519
-0.095086
-0.086366
-0.092992
-0.095234
-0.104285
-0.102835
-0.093061
-0.085042
-0.100863
-0.090447
-0.107794
-0.101603
-0.107721
-0.100719
-0.090772
-0.106879
-0.106847
-0.100286
-0.103546
-0.099264
-0.106085
-0.101241
-0.098604
-0.099139
-0.104638
-0.108067
-0.107408
-0.103227
-0.107091
-0.106874
-0.104332
-0.112068
-0.107319
-0.108271
-0.108516
-0.106745
-0.104913
-0.110013
-0.104484
-0.110096
-0.108369
-0.108803
-0.108735
-0.108595
-0.105254
-0.110274
-0.106397
-0.108190
-0.108498
-0.108703
-0.106998
-0.108356
-0.107326
-0.109799
-0.109337
-0.107955
-0.107468
-0.109342
-0.109558
-0.108874
-0.109135
-0.108177
-0.109009
-0.109097
-0.108999
-0.108293
-0.109608
-0.108144
-0.109147
-0.109135
-0.109066
-0.109069
-0.109536
-0.108750
-0.109360
-0.108763
-0.108938
-0.109138
-0.109189
-0.109101
-0.109353
-0.109069
-0.643637
1.082078
1.587593
-1.902347
-0.113357
-0.113360
1.521711
1.149575
3.467972
-0.815018
-0.113359
-0.113360
0.206072
0.194960
0.729356
-0.236525
-0.113358
-0.113360
0.215451
0.531581
1.297427
-0.747196
-0.113358
-0.113360
0.056465
1.740959
2.289207
-2.802920
-0.113359
-0.113361
-0.264398
2.173218
3.084174
-3.386648
-0.113358
-0.113360
4.496550
1.028881
6.544127
2.571490
-0.113358
-0.113360
0.421448
0.650218
0.241973
-0.106262
-0.108786
-0.109035
-0.105179
-0.110831
-0.111223
-0.110347
-0.106738
-0.110856
-0.109681
-0.108452
-0.110569
-0.102111
-0.102703
-0.075641
-0.089802
-0.105035
-0.086510
-0.101253
-0.111850
-0.110868
-0.111662
-0.112565
-0.112642
-0.112735
-0.112284
-0.112467
-0.111983
-0.112393
-0.112255
-0.111575
-0.110528
-0.108482
-0.105000
-0.110050
-0.109648
-0.107755
-0.112019
-0.112757
-0.112534
-0.112771
-0.112984
-0.113024
-0.113158
-0.112739
-0.113060
-0.112678
-0.112771
-0.112735
-0.111474
-0.112972
-0.110707
-0.110136
-0.112709
-0.111110
-0.111987
-0.112880
-0.112987
-0.112987
-0.113053
-0.113194
-0.113185
-0.113243
-0.113046
-0.113139
-0.113056
-0.113047
-0.112868
-0.112182
-0.112975
-0.111954
-0.112260
-0.113322
-0.112418
-0.113128
-0.113133
-0.113146
-0.113306
-0.113161
-0.113312
-0.113226
-0.113292
-0.113210
-0.113215
-0.113290
-0.113186
-0.113082
-0.113086
-0.113178
-0.112878
-0.113213
-0.113253
-0.113172
-0.113231
-0.113266
-0.113225
-0.113276
1.520651
0.295646
0.671607
-0.077337
-0.104026
-0.105564
-0.107769
-0.109390
-0.104646
-0.107798
-0.106403
-0.108747
-0.103170
-0.103176
-0.099124
-0.085361
-0.060963
-0.081123
-0.101452
-0.099571
-0.101666
-0.073191
-0.098210
-0.102084
-0.103398
-0.106855
-0.106057
-0.108744
-0.107342
-0.108567
-0.108871
-0.108674
-0.110249
-0.106970
-0.111524
-0.099471
-0.110845
-0.109393
-0.108767
-0.103269
-0.111484
-0.110510
-0.112051
-0.110601
-0.111750
-0.111280
-0.111584
-0.111643
-0.111149
-0.112146
-0.111190
-0.112706
-0.109481
-0.110498
-0.109287
-0.111534
-0.110040
-0.112507
-0.108348
-0.111324
-0.110817
-0.111275
-0.111345
-0.111209
-0.111724
-0.111253
-0.111739
-0.111294
-0.111576
-0.111512
-0.110821
-0.112722
-0.112491
-0.111957
-0.111645
-0.112660
-0.113166
-0.111856
-0.112123
-0.112099
-0.111950
-0.112135
-0.111940
-0.112138
-0.111981
-0.112039
-0.112033
-0.111943
-0.112122
-0.111429
-0.111994
-0.112179
-0.112089
-0.111718
-0.112255
-0.112292
-0.112250
-0.112196
-0.112245
-0.112165
0.205354
-0.051153
0.093298
-0.100658
-0.111464
-0.108936
-0.112786
-0.112726
-0.110330
-0.111898
-0.111191
-0.112304
-0.110499
-0.112006
-0.110396
-0.107778
-0.101532
-0.100844
-0.112135
-0.109334
-0.106802
-0.103984
-0.110704
-0.111151
-0.111440
-0.112185
-0.111935
-0.112529
-0.112144
-0.112292
-0.112549
-0.112273
-0.112847
-0.111861
-0.112899
-0.109639
-0.112432
-0.112117
-0.112781
-0.110673
-0.112743
-0.112714
-0.113245
-0.112772
-0.113126
-0.112988
-0.113034
-0.113083
-0.112856
-0.113250
-0.112865
-0.113313
-0.112459
-0.112915
-0.112042
-0.113102
-0.112364
-0.113082
-0.112207
-0.113053
-0.112811
-0.112987
-0.112956
-0.112928
-0.113079
-0.112932
-0.113076
-0.112941
-0.113016
-0.113008
-0.112788
-0.113239
-0.113020
-0.112981
-0.112886
-0.113106
-0.113234
-0.113014
-0.113119
-0.113109
-0.113076
-0.113132
-0.113073
-0.113134
-0.113086
-0.113098
-0.113110
-0.113071
-0.113138
-0.112948
-0.113145
-0.113104
-0.113137
-0.112987
-0.113133
-0.113153
-0.113141
-0.113125
-0.113148
-0.113119
0.210502
0.315488
0.041430
-0.091295
-0.107859
-0.109130
-0.109468
-0.110519
-0.112016
-0.111461
-0.112491
-0.112530
-0.112488
-0.112570
-0.112746
-0.109219
-0.110377
-0.098016
-0.094812
-0.102837
-0.104338
-0.107746
-0.111501
-0.111722
-0.111937
-0.112243
-0.112000
-0.112472
-0.112295
-0.112411
-0.112630
-0.112326
-0.112909
-0.112212
-0.112240
-0.111448
-0.109232
-0.110934
-0.110407
-0.110866
-0.112526
-0.112398
-0.112765
-0.112559
-0.112731
-0.112686
-0.112690
-0.112805
-0.112681
-0.112887
-0.112660
-0.112838
-0.112530
-0.112586
-0.111784
-0.111557
-0.113272
-0.112683
-0.112329
-0.112879
-0.112722
-0.112856
-0.112834
-0.112816
-0.112907
-0.112818
-0.112914
-0.112861
-0.112893
-0.112918
-0.112751
-0.113255
-0.113000
-0.112322
-0.112536
-0.112886
-0.113214
-0.112910
-0.112972
-0.112966
-0.112948
-0.112977
-0.112938
-0.112974
-0.112949
-0.112956
-0.112967
-0.112940
-0.112979
-0.112871
-0.112931
-0.112954
-0.113151
-0.112914
-0.112946
-0.113001
-0.112986
-0.112980
-0.112991
-0.112980
0.067794
1.186425
0.046607
-0.065808
-0.098394
-0.105804
-0.105148
-0.109138
-0.107909
-0.110197
-0.109311
-0.110636
-0.110399
-0.110875
-0.110968
-0.109103
-0.103087
-0.074730
-0.067142
-0.087112
-0.084737
-0.112185
-0.113006
-0.111496
-0.112930
-0.111724
-0.112421
-0.111974
-0.112112
-0.112207
-0.111854
-0.112428
-0.111520
-0.112675
-0.109021
-0.112021
-0.101108
-0.108158
-0.104540
-0.110889
-0.112579
-0.112969
-0.112587
-0.112802
-0.112741
-0.112668
-0.112874
-0.112575
-0.112987
-0.112508
-0.113062
-0.112417
-0.112971
-0.110653
-0.110242
-0.108315
-0.112697
-0.110334
-0.112872
-0.112650
-0.112786
-0.112845
-0.112746
-0.112954
-0.112736
-0.112996
-0.112741
-0.112983
-0.112769
-0.112922
-0.112813
-0.112298
-0.112502
-0.111039
-0.111730
-0.112203
-0.112762
-0.112840
-0.112950
-0.112838
-0.112963
-0.112850
-0.112958
-0.112869
-0.112943
-0.112889
-0.112922
-0.112903
-0.112916
-0.113072
-0.112444
-0.112722
-0.112857
-0.112838
-0.112729
-0.112943
-0.112890
-0.112932
-0.112901
-0.112931
0.021796
1.501870
-0.021553
-0.104064
-0.100460
-0.101189
-0.106970
-0.104598
-0.109929
-0.105621
-0.109411
-0.106424
-0.107602
-0.106387
-0.104169
-0.103945
-0.088616
-0.083982
-0.057375
-0.070929
-0.085068
-0.106659
-0.106020
-0.109520
-0.110314
-0.110306
-0.112102
-0.110679
-0.112902
-0.111093
-0.112560
-0.111314
-0.111911
-0.111610
-0.110763
-0.107785
-0.099608
-0.110551
-0.101244
-0.112584
-0.111812
-0.112692
-0.112198
-0.113104
-0.112390
-0.113180
-0.112470
-0.112940
-0.112565
-0.112594
-0.112635
-0.112063
-0.112669
-0.109548
-0.111967
-0.107627
-0.110325
-0.110366
-0.112886
-0.112377
-0.112829
-0.112869
-0.112863
-0.113125
-0.112866
-0.113274
-0.112887
-0.113197
-0.112883
-0.112996
-0.112918
-0.112550
-0.111452
-0.111083
-0.112284
-0.111569
-0.113113
-0.113040
-0.113177
-0.113168
-0.113243
-0.113210
-0.113283
-0.113220
-0.113293
-0.113234
-0.113256
-0.113250
-0.113208
-0.113294
-0.112576
-0.113239
-0.112512
-0.113157
-0.113127
-0.113304
-0.113288
-0.113306
-0.113328
-0.113312
