-2.388900
2.838223
1.474742
-14.775371
-0.105347
-0.105338
-0.149937
1.272088
3.229747
-3.769533
-0.105344
-0.105343
1.804957
2.398336
9.210620
-6.961393
-0.105346
-0.105340
-0.563858
1.647199
4.281352
-3.325204
-0.105344
-0.105345
0.007847
5.759751
9.227673
-9.171219
-0.105345
-0.105346
-0.160640
2.364523
3.961667
-5.194213
-0.105344
-0.105345
6.311612
-0.104827
6.312538
6.310744
-0.105344
-0.105346
8.928259
2.689384
14.502076
4.203029
-0.105344
-0.105345
2.166145
0.878339
1.077755
0.416174
0.260641
0.050572
0.161573
0.336294
0.313403
0.256301
0.126181
0.272982
0.296016
0.140443
0.180704
0.232674
0.140674
0.082452
0.113118
0.107299
0.054703
0.051568
0.071675
-0.005529
-0.022460
0.006366
-0.021487
-0.056216
-0.057145
-0.072868
-0.070130
-0.087451
-0.086395
-0.079362
-0.099270
-0.103433
-0.075154
-0.087862
-0.096706
-0.096605
-0.087771
-0.077248
-0.074121
-0.086866
-0.080015
-0.061645
-0.076858
-0.078183
-0.071263
-0.067094
-0.070682
-0.082413
-0.073696
-0.074123
-0.085279
-0.070345
-0.078090
-0.094685
-0.081516
-0.088745
-0.090785
-0.093930
-0.098939
-0.090683
-0.100246
-0.101000
-0.100126
-0.100947
-0.099031
-0.099026
-0.098822
-0.100735
-0.101221
-0.101746
-0.101615
-0.095426
-0.104507
-0.097932
-0.098744
-0.101740
-0.096889
-0.103255
-0.096958
-0.096263
-0.104615
-0.096970
-0.099886
-0.102313
-0.097872
-0.102656
-0.100842
-0.100716
-0.103024
-0.099559
-0.101405
-0.101353
-0.100460
-0.102321
-0.101195
-0.101223
-0.061497
0.604575
0.243103
0.184548
0.230542
0.034599
0.021313
0.040659
-0.031527
-0.031063
-0.100390
0.025856
0.026655
-0.069902
-0.058787
-0.063956
-0.086061
-0.061274
-0.076488
-0.075559
-0.093398
-0.090329
-0.043163
-0.071368
-0.089642
-0.089696
-0.094047
-0.084464
-0.088251
-0.101692
-0.080320
-0.081575
-0.098771
-0.096530
-0.099181
-0.095971
-0.097902
-0.102148
-0.094280
-0.090206
-0.098132
-0.092836
-0.100323
-0.099887
-0.098857
-0.093975
-0.098038
-0.097933
-0.098459
-0.101856
-0.103971
-0.101223
-0.098825
-0.102278
-0.104386
-0.102614
-0.096967
-0.100997
-0.101235
-0.102365
-0.103095
-0.100769
-0.101587
-0.102841
-0.101752
-0.099654
-0.104249
-0.103572
-0.103732
-0.103594
-0.103526
-0.104310
-0.104264
-0.101327
-0.103214
-0.102685
-0.104763
-0.103923
-0.103712
-0.104707
-0.103933
-0.103990
-0.104015
-0.104434
-0.104697
-0.104167
-0.104281
-0.104776
-0.104710
-0.104962
-0.104190
-0.104629
-0.104412
-0.104331
-0.104497
-0.104330
-0.104303
-0.104755
-0.104724
-0.104907
1.809309
0.772527
0.309587
0.578345
0.456070
0.390923
0.272489
0.110872
0.186135
0.248860
0.130948
0.156965
0.241981
0.176514
0.155127
0.176163
0.132739
0.101623
0.091500
0.076131
0.048590
0.044091
0.030224
-0.031477
-0.028200
-0.019120
-0.058684
-0.084105
-0.058993
-0.065110
-0.075738
-0.079713
-0.101122
-0.102078
-0.102975
-0.098173
-0.100155
-0.099366
-0.087250
-0.086851
-0.091012
-0.081946
-0.085475
-0.087747
-0.090815
-0.077001
-0.077130
-0.083538
-0.077761
-0.073725
-0.078035
-0.081316
-0.079929
-0.082194
-0.082815
-0.080812
-0.085859
-0.093397
-0.089198
-0.090372
-0.098464
-0.099687
-0.096715
-0.096405
-0.101331
-0.099182
-0.103348
-0.105187
-0.104326
-0.103178
-0.103787
-0.104555
-0.103345
-0.101226
-0.103490
-0.099640
-0.102557
-0.103432
-0.101800
-0.100881
-0.101103
-0.102336
-0.100771
-0.100269
-0.102234
-0.101378
-0.101999
-0.103021
-0.101790
-0.102982
-0.103197
-0.103612
-0.103913
-0.103574
-0.105014
-0.104139
-0.104076
-0.105226
-0.104398
-0.104889
0.354276
0.558186
0.364784
0.562685
0.024333
0.297543
0.087843
0.260022
0.027197
-0.083833
0.020655
-0.006487
-0.084396
-0.039292
-0.023020
-0.087939
-0.058552
-0.063506
-0.081905
-0.078915
-0.065172
-0.081452
-0.081610
-0.069615
-0.088515
-0.094049
-0.104710
-0.059763
-0.097221
-0.085796
-0.077959
-0.092985
-0.089537
-0.099364
-0.105139
-0.104563
-0.100223
-0.091284
-0.102211
-0.094396
-0.090109
-0.093302
-0.095194
-0.101338
-0.096311
-0.101054
-0.104598
-0.099197
-0.097650
-0.104094
-0.099022
-0.101467
-0.104179
-0.101032
-0.101478
-0.103228
-0.100656
-0.100659
-0.104378
-0.103552
-0.102376
-0.098798
-0.101749
-0.104032
-0.099247
-0.104967
-0.102040
-0.103500
-0.104775
-0.104644
-0.104399
-0.103400
-0.103456
-0.104006
-0.101840
-0.104452
-0.103780
-0.103187
-0.103646
-0.105043
-0.104541
-0.104393
-0.104640
-0.104781
-0.104709
-0.104828
-0.105192
-0.104783
-0.104731
-0.105268
-0.104463
-0.104756
-0.104857
-0.104828
-0.105081
-0.105170
-0.104746
-0.105079
-0.104805
-0.105092
0.028120
3.643001
0.871349
0.644750
0.978664
0.382705
0.018552
0.031152
0.033169
0.069449
-0.003774
0.046765
-0.007132
-0.043618
0.019564
-0.054050
-0.041922
-0.031391
-0.077951
-0.057914
-0.055059
-0.083156
-0.070344
-0.074651
-0.090226
-0.072275
-0.086344
-0.092500
-0.095806
-0.084265
-0.068342
-0.087915
-0.086581
-0.083426
-0.086387
-0.082599
-0.091738
-0.087000
-0.086129
-0.089678
-0.099776
-0.099543
-0.100809
-0.101913
-0.098665
-0.096806
-0.101778
-0.100195
-0.097362
-0.103553
-0.099245
-0.100107
-0.103398
-0.100207
-0.100636
-0.103372
-0.099914
-0.102111
-0.102583
-0.100037
-0.102758
-0.104490
-0.103484
-0.102702
-0.100745
-0.100659
-0.102018
-0.101891
-0.099671
-0.103080
-0.101600
-0.102069
-0.103085
-0.102120
-0.103462
-0.103744
-0.105013
-0.104602
-0.104140
-0.104119
-0.104582
-0.104618
-0.103982
-0.105239
-0.104153
-0.104632
-0.104801
-0.104440
-0.105284
-0.104723
-0.104946
-0.105049
-0.105190
-0.104867
-0.104842
-0.104950
-0.104850
-0.104971
-0.105254
-0.104402
-0.057651
1.091217
0.743439
0.198871
0.662430
0.259497
0.051509
0.006597
0.001009
-0.005290
-0.052442
-0.087485
-0.061174
-0.066229
-0.078476
-0.074299
-0.075647
-0.090814
-0.083074
-0.085558
-0.097310
-0.081673
-0.095430
-0.093089
-0.093031
-0.096185
-0.095799
-0.093292
-0.090381
-0.092689
-0.073202
-0.086747
-0.098283
-0.093971
-0.099379
-0.098292
-0.093234
-0.103490
-0.091017
-0.089875
-0.097704
-0.102963
-0.098552
-0.101280
-0.103833
-0.103717
-0.103809
-0.102420
-0.104836
-0.101490
-0.102937
-0.103502
-0.102944
-0.104830
-0.103521
-0.103447
-0.104969
-0.103959
-0.103928
-0.103922
-0.104936
-0.102202
-0.103075
-0.104813
-0.099892
-0.101220
-0.103695
-0.103997
-0.102681
-0.103339
-0.102616
-0.105073
-0.103880
-0.101872
-0.103195
-0.104343
-0.104725
-0.103795
-0.104485
-0.104376
-0.104234
-0.104853
-0.104559
-0.104985
-0.104703
-0.104764
-0.104727
-0.104605
-0.104675
-0.104415
-0.104578
-0.104392
-0.104698
-0.104571
-0.104660
-0.104735
-0.104539
-0.104765
-0.104825
-0.104328
-0.570969
1.066432
1.570641
-1.805271
-0.105343
-0.105346
1.548720
1.078545
3.301080
-0.737386
-0.105345
-0.105345
0.242412
0.211721
0.861987
-0.208962
-0.105344
-0.105346
0.033601
0.422630
0.879359
-0.650637
-0.105344
-0.105346
-0.004374
1.350955
1.952810
-2.134038
-0.105344
-0.105346
-0.226124
2.259235
3.019256
-3.548711
-0.105344
-0.105346
4.308799
0.677992
5.579429
2.810729
-0.105345
-0.105345
0.363957
0.666447
0.183781
-0.094240
-0.086221
-0.095775
-0.094995
-0.092776
-0.096681
-0.096819
-0.095462
-0.095085
-0.097895
-0.095230
-0.087705
-0.087172
-0.062620
-0.089107
-0.091178
-0.083972
-0.095602
-0.100789
-0.103913
-0.103381
-0.102801
-0.104133
-0.104593
-0.103703
-0.103946
-0.104772
-0.104176
-0.102709
-0.104052
-0.099179
-0.096701
-0.102892
-0.099329
-0.100962
-0.104265
-0.104103
-0.103767
-0.104184
-0.104568
-0.104127
-0.104214
-0.104688
-0.104490
-0.104115
-0.104402
-0.104398
-0.104507
-0.102136
-0.102124
-0.104821
-0.102713
-0.104182
-0.104755
-0.104641
-0.104399
-0.104499
-0.104738
-0.104523
-0.104421
-0.104613
-0.104686
-0.104298
-0.103780
-0.104948
-0.103727
-0.104519
-0.104348
-0.105197
-0.104322
-0.104461
-0.104685
-0.104712
-0.104617
-0.104645
-0.104739
-0.104705
-0.104651
-0.104733
-0.104782
-0.104685
-0.104447
-0.104785
-0.104392
-0.104870
-0.104757
-0.104889
-0.104808
-0.104751
-0.104769
-0.104782
-0.104743
-0.104744
-0.104669
-0.104783
-0.104695
-0.104791
1.557245
0.374151
0.577370
-0.093906
-0.097575
-0.095706
-0.100043
-0.105082
-0.096712
-0.099358
-0.097334
-0.099938
-0.100060
-0.095674
-0.092425
-0.048365
-0.074095
-0.082988
-0.076790
-0.068693
-0.089802
-0.098971
-0.102505
-0.105262
-0.103718
-0.102957
-0.103570
-0.103903
-0.104687
-0.103883
-0.103046
-0.103224
-0.098847
-0.092574
-0.099703
-0.100911
-0.098640
-0.097801
-0.102881
-0.104532
-0.105023
-0.104354
-0.104496
-0.104896
-0.105246
-0.104769
-0.104963
-0.105126
-0.104619
-0.102875
-0.099544
-0.104833
-0.104968
-0.101456
-0.102052
-0.104745
-0.104827
-0.104963
-0.105191
-0.105119
-0.104892
-0.105042
-0.105145
-0.105202
-0.105044
-0.104778
-0.104175
-0.103515
-0.104051
-0.104115
-0.103371
-0.104139
-0.104961
-0.105082
-0.105133
-0.105180
-0.105294
-0.105201
-0.105087
-0.105145
-0.105252
-0.105147
-0.105052
-0.105006
-0.104832
-0.104875
-0.105133
-0.105134
-0.104831
-0.105044
-0.105162
-0.105239
-0.105233
-0.105209
-0.105265
-0.105215
-0.105229
-0.105212
-0.105130
-0.105116
0.243242
-0.012263
0.096083
-0.091854
-0.102345
-0.103826
-0.102581
-0.103702
-0.103704
-0.102706
-0.104746
-0.104878
-0.103997
-0.103410
-0.101982
-0.090296
-0.093585
-0.102211
-0.102358
-0.093088
-0.099643
-0.103742
-0.105045
-0.104275
-0.104486
-0.105132
-0.104790
-0.104639
-0.104972
-0.105014
-0.104362
-0.104160
-0.103450
-0.101885
-0.104862
-0.104846
-0.103254
-0.102854
-0.104577
-0.104971
-0.105211
-0.104937
-0.104900
-0.105250
-0.105028
-0.104957
-0.105127
-0.105161
-0.104886
-0.104332
-0.103945
-0.104990
-0.105111
-0.104677
-0.104161
-0.105062
-0.105023
-0.105104
-0.105273
-0.105188
-0.105139
-0.105196
-0.105277
-0.105138
-0.105148
-0.105237
-0.104886
-0.104893
-0.104945
-0.105059
-0.104842
-0.104922
-0.105093
-0.105295
-0.105232
-0.105184
-0.105246
-0.105270
-0.105206
-0.105230
-0.105290
-0.105232
-0.105186
-0.105197
-0.105148
-0.105298
-0.105292
-0.105263
-0.105171
-0.105193
-0.105222
-0.105258
-0.105253
-0.105239
-0.105255
-0.105269
-0.105242
-0.105242
-0.105240
-0.105231
0.031572
0.260090
-0.043238
-0.090794
-0.092689
-0.092053
-0.097509
-0.098358
-0.098223
-0.098998
-0.100324
-0.099430
-0.099752
-0.099551
-0.095366
-0.100545
-0.085463
-0.099498
-0.096463
-0.097623
-0.102658
-0.104017
-0.103779
-0.104085
-0.104772
-0.104722
-0.104307
-0.104464
-0.104864
-0.104404
-0.104593
-0.104911
-0.103890
-0.104195
-0.101214
-0.104510
-0.101656
-0.104692
-0.103601
-0.104020
-0.104493
-0.104243
-0.104248
-0.104515
-0.104466
-0.104296
-0.104524
-0.104555
-0.104269
-0.104924
-0.104161
-0.104464
-0.103731
-0.104474
-0.104248
-0.104931
-0.104603
-0.104546
-0.104743
-0.104674
-0.104585
-0.104693
-0.104746
-0.104610
-0.104661
-0.104784
-0.104479
-0.104651
-0.104308
-0.105192
-0.104495
-0.104762
-0.104581
-0.104762
-0.104732
-0.104693
-0.104759
-0.104765
-0.104720
-0.104751
-0.104784
-0.104744
-0.104737
-0.104830
-0.104690
-0.104846
-0.104653
-0.104923
-0.104778
-0.104836
-0.104786
-0.104798
-0.104802
-0.104791
-0.104787
-0.104806
-0.104750
-0.104797
-0.104772
-0.104810
0.002042
0.917955
-0.023239
-0.083550
-0.093333
-0.093247
-0.096549
-0.098349
-0.097027
-0.097905
-0.099680
-0.097904
-0.097214
-0.098638
-0.094349
-0.090202
-0.062461
-0.081501
-0.081780
-0.084310
-0.101918
-0.102143
-0.101780
-0.103142
-0.104197
-0.103494
-0.103698
-0.104580
-0.103970
-0.103638
-0.104476
-0.103678
-0.101417
-0.102028
-0.095323
-0.104997
-0.097474
-0.104728
-0.103984
-0.103993
-0.104781
-0.104552
-0.104396
-0.104842
-0.104782
-0.104499
-0.104830
-0.104942
-0.104492
-0.104428
-0.103649
-0.101874
-0.102310
-0.102721
-0.103971
-0.105117
-0.104774
-0.104664
-0.104960
-0.104900
-0.104717
-0.104877
-0.104968
-0.104727
-0.104758
-0.104973
-0.104557
-0.103905
-0.104073
-0.104036
-0.104660
-0.104374
-0.104701
-0.104954
-0.104876
-0.104835
-0.104948
-0.104946
-0.104870
-0.104946
-0.104974
-0.104902
-0.104919
-0.105008
-0.104722
-0.104994
-0.104543
-0.105252
-0.104977
-0.105053
-0.104982
-0.104999
-0.105005
-0.104984
-0.104985
-0.104993
-0.104869
-0.105001
-0.104936
-0.105011
-0.001382
1.566227
-0.075547
-0.067560
-0.080650
-0.080771
-0.088616
-0.093351
-0.089743
-0.092096
-0.096836
-0.092709
-0.091618
-0.096845
-0.089664
-0.073123
-0.051161
-0.059447
-0.053093
-0.079587
-0.098590
-0.103926
-0.101408
-0.101836
-0.103906
-0.104028
-0.102626
-0.103383
-0.105040
-0.103021
-0.103297
-0.103973
-0.100336
-0.102110
-0.087611
-0.100429
-0.093315
-0.104210
-0.102342
-0.102532
-0.104230
-0.103202
-0.102900
-0.104031
-0.103670
-0.102990
-0.103818
-0.104125
-0.102844
-0.103134
-0.102454
-0.101580
-0.100823
-0.099262
-0.102986
-0.104664
-0.103686
-0.103494
-0.104275
-0.104031
-0.103605
-0.104070
-0.104233
-0.103646
-0.103824
-0.104380
-0.103461
-0.102126
-0.103666
-0.103797
-0.104391
-0.103194
-0.103668
-0.104285
-0.104108
-0.103950
-0.104211
-0.104242
-0.104046
-0.104184
-0.104313
-0.104119
-0.104136
-0.104390
-0.104140
-0.103871
-0.103537
-0.104514
-0.104537
-0.104346
-0.104222
-0.104289
-0.104295
-0.104249
-0.104270
-0.104238
-0.104109
-0.104281
-0.104297
-0.104289
