-2.913747
2.214494
0.750587
-11.958795
-0.112918
-0.112912
0.366022
1.358646
6.021506
-2.538489
-0.112915
-0.112912
1.559117
2.275172
7.415091
-7.652979
-0.112918
-0.112911
-0.630432
2.061512
4.687406
-4.658590
-0.112916
-0.112916
0.134531
5.629676
8.755097
-8.749468
-0.112917
-0.112918
-0.209128
2.030061
4.321716
-3.552706
-0.112916
-0.112917
5.472936
-0.112442
5.473651
5.472124
-0.112916
-0.112918
9.630496
2.910791
15.683014
4.764444
-0.112915
-0.112917
2.680265
0.631381
0.949411
0.379520
0.244367
0.029599
0.009195
0.175901
0.194450
0.094324
-0.074495
0.108667
0.100166
0.024641
0.036004
0.117035
0.062492
0.053696
0.075528
0.020743
0.014416
0.044002
0.001226
-0.059936
-0.024393
-0.032309
-0.081611
-0.081527
-0.072673
-0.070062
-0.070462
-0.103262
-0.106192
-0.098226
-0.091159
-0.090958
-0.101386
-0.107302
-0.109285
-0.086853
-0.098336
-0.104186
-0.105716
-0.104420
-0.092815
-0.091078
-0.104043
-0.101317
-0.093352
-0.097817
-0.095974
-0.088356
-0.095072
-0.089276
-0.085776
-0.091843
-0.095245
-0.089571
-0.089271
-0.101410
-0.097788
-0.098205
-0.104639
-0.105533
-0.104538
-0.108900
-0.102742
-0.106206
-0.110802
-0.111573
-0.110154
-0.106640
-0.106767
-0.111854
-0.112624
-0.111214
-0.108348
-0.108351
-0.109791
-0.111481
-0.110577
-0.110037
-0.108401
-0.111022
-0.109575
-0.109866
-0.111014
-0.108053
-0.109762
-0.109927
-0.107593
-0.110598
-0.109095
-0.110352
-0.110206
-0.109475
-0.112513
-0.109721
-0.110642
-0.111349
0.368885
0.605250
0.270781
0.159894
0.054550
-0.041858
-0.071334
-0.000057
0.077905
-0.014853
0.045931
0.050353
-0.072861
0.008075
0.049062
0.037344
0.015797
0.038749
0.039056
0.028805
-0.001286
-0.024872
-0.024092
-0.034237
-0.083203
-0.071244
-0.088283
-0.064331
-0.095310
-0.078970
-0.102440
-0.106208
-0.105682
-0.100211
-0.110245
-0.106423
-0.106852
-0.106696
-0.098488
-0.111207
-0.107044
-0.108369
-0.107529
-0.108805
-0.104905
-0.102932
-0.102473
-0.099892
-0.098573
-0.111858
-0.094754
-0.098333
-0.098513
-0.094324
-0.096095
-0.093323
-0.093229
-0.099808
-0.096974
-0.100082
-0.104342
-0.102789
-0.109998
-0.106817
-0.104382
-0.108313
-0.107417
-0.110639
-0.111378
-0.110677
-0.109876
-0.112193
-0.110938
-0.109698
-0.110097
-0.109973
-0.110570
-0.111810
-0.110295
-0.110450
-0.111617
-0.111047
-0.109674
-0.112017
-0.108712
-0.111529
-0.111538
-0.109597
-0.111741
-0.109721
-0.109292
-0.112180
-0.108830
-0.110697
-0.110639
-0.109802
-0.112323
-0.110411
-0.110659
-0.111618
1.563129
0.527836
0.342800
0.584880
0.431777
0.538726
0.344328
0.177302
0.239829
0.181112
0.106532
0.139903
0.177025
0.120851
0.096687
0.087690
0.054038
0.045826
0.029973
-0.002554
0.005615
0.016031
-0.016846
-0.031007
-0.010368
-0.031126
-0.066322
-0.063414
-0.056285
-0.077182
-0.077684
-0.069656
-0.082568
-0.081554
-0.105843
-0.108900
-0.109598
-0.112366
-0.108412
-0.108890
-0.103626
-0.096543
-0.089565
-0.101597
-0.090941
-0.095041
-0.101846
-0.095720
-0.097115
-0.094581
-0.094590
-0.092685
-0.095938
-0.096553
-0.091492
-0.097989
-0.100766
-0.093545
-0.097349
-0.101535
-0.099107
-0.098893
-0.102155
-0.105915
-0.102769
-0.107016
-0.107198
-0.103837
-0.108444
-0.106184
-0.108401
-0.111111
-0.111918
-0.112269
-0.112206
-0.112463
-0.112204
-0.111745
-0.109047
-0.109803
-0.110175
-0.108812
-0.111224
-0.110215
-0.109917
-0.111098
-0.109620
-0.109647
-0.110077
-0.110677
-0.110136
-0.109963
-0.111784
-0.110873
-0.111071
-0.111719
-0.111422
-0.111994
-0.111985
-0.112325
0.400259
0.905565
0.538289
0.653883
-0.008247
0.285401
-0.029815
0.141699
0.039858
-0.048149
-0.008439
0.002504
-0.100167
-0.067895
-0.077168
-0.090402
-0.090994
-0.083194
-0.095022
-0.083864
-0.095270
-0.101846
-0.092482
-0.097872
-0.100479
-0.093522
-0.101814
-0.088754
-0.102958
-0.085883
-0.099907
-0.102687
-0.097395
-0.106342
-0.098892
-0.102579
-0.103259
-0.109575
-0.110485
-0.097735
-0.105543
-0.103232
-0.106791
-0.106550
-0.104779
-0.109824
-0.106726
-0.108416
-0.105924
-0.110117
-0.109589
-0.110178
-0.111942
-0.108404
-0.108514
-0.109411
-0.109073
-0.110113
-0.109364
-0.111597
-0.111162
-0.111699
-0.110183
-0.108294
-0.110444
-0.111317
-0.109548
-0.111783
-0.109609
-0.111790
-0.110196
-0.110887
-0.110567
-0.111320
-0.110962
-0.110342
-0.111343
-0.111494
-0.111693
-0.111916
-0.110981
-0.112818
-0.110884
-0.112174
-0.112570
-0.111695
-0.111986
-0.112373
-0.112080
-0.112321
-0.111889
-0.111971
-0.111678
-0.111889
-0.112034
-0.111963
-0.111988
-0.112180
-0.112288
-0.112224
0.160319
3.462747
1.079505
0.551593
1.054295
0.398948
0.012100
0.086417
0.093744
0.057817
0.005408
0.036157
-0.041740
-0.045317
-0.040509
-0.043552
-0.105878
-0.074310
-0.081684
-0.073120
-0.097676
-0.080406
-0.072557
-0.104343
-0.089013
-0.086186
-0.096870
-0.094730
-0.085216
-0.083692
-0.104898
-0.105670
-0.082527
-0.086304
-0.088004
-0.091059
-0.104707
-0.101271
-0.096203
-0.103606
-0.098006
-0.099220
-0.097603
-0.107840
-0.105232
-0.108504
-0.107488
-0.100990
-0.109608
-0.106698
-0.109363
-0.108516
-0.108528
-0.107536
-0.106450
-0.108025
-0.106924
-0.106755
-0.106934
-0.112223
-0.109136
-0.111239
-0.107672
-0.109044
-0.107116
-0.108623
-0.110276
-0.109204
-0.109537
-0.107181
-0.108750
-0.110386
-0.109913
-0.111040
-0.107289
-0.110707
-0.109128
-0.110878
-0.109265
-0.110416
-0.110614
-0.110154
-0.110990
-0.110019
-0.110956
-0.110384
-0.110017
-0.111472
-0.110829
-0.111504
-0.110563
-0.110422
-0.110462
-0.110630
-0.110218
-0.111078
-0.110543
-0.110927
-0.111042
-0.110453
-0.023985
0.784515
0.834565
0.067601
0.512058
0.078622
0.115689
-0.003644
0.047787
-0.005431
-0.009216
-0.068043
-0.062574
-0.048214
-0.104069
-0.094874
-0.081903
-0.095934
-0.102331
-0.101553
-0.090924
-0.103995
-0.108764
-0.093428
-0.098545
-0.104834
-0.102103
-0.097036
-0.101571
-0.099719
-0.097498
-0.107477
-0.096168
-0.090408
-0.102850
-0.101505
-0.110746
-0.112125
-0.106944
-0.105710
-0.102548
-0.106760
-0.101670
-0.110978
-0.107032
-0.107298
-0.109391
-0.107806
-0.111359
-0.109078
-0.110769
-0.110901
-0.108576
-0.111561
-0.111433
-0.111144
-0.112483
-0.110349
-0.111602
-0.110284
-0.110451
-0.111592
-0.109584
-0.110683
-0.110398
-0.110358
-0.111854
-0.109014
-0.110774
-0.108405
-0.111156
-0.111571
-0.110842
-0.112612
-0.111930
-0.112527
-0.110896
-0.112469
-0.111237
-0.110790
-0.111708
-0.110424
-0.112621
-0.111489
-0.111709
-0.111620
-0.111278
-0.111731
-0.111544
-0.111737
-0.111779
-0.111532
-0.111861
-0.111991
-0.111711
-0.112115
-0.111666
-0.111788
-0.111898
-0.111552
-1.047951
1.251556
1.630386
-2.664949
-0.112915
-0.112917
1.287157
1.280669
3.497856
-1.359730
-0.112917
-0.112917
0.101056
0.482017
1.392477
-0.709176
-0.112915
-0.112917
0.088203
1.255569
2.161774
-1.857316
-0.112916
-0.112918
0.239809
1.703248
2.608705
-2.476705
-0.112916
-0.112919
-0.327108
2.526011
3.358032
-4.267387
-0.112916
-0.112918
5.297253
1.408162
7.500418
2.292811
-0.112917
-0.112917
0.808833
0.609116
0.529219
-0.064135
-0.090757
-0.110656
-0.107328
-0.103431
-0.106136
-0.108620
-0.103706
-0.106549
-0.107248
-0.107258
-0.101747
-0.099224
-0.078556
-0.078862
-0.070089
-0.085902
-0.107151
-0.080987
-0.103782
-0.112368
-0.110707
-0.109241
-0.110620
-0.112028
-0.111507
-0.111384
-0.111363
-0.112013
-0.111640
-0.110254
-0.108776
-0.101006
-0.110639
-0.107117
-0.104986
-0.106411
-0.108861
-0.110370
-0.112420
-0.112325
-0.111541
-0.111757
-0.112844
-0.111894
-0.111899
-0.112460
-0.112546
-0.111488
-0.111241
-0.111833
-0.108522
-0.109188
-0.112394
-0.110445
-0.109589
-0.111465
-0.112310
-0.112676
-0.112298
-0.112239
-0.112480
-0.112822
-0.112321
-0.112199
-0.112499
-0.112718
-0.111911
-0.111162
-0.111591
-0.112381
-0.111318
-0.111709
-0.112339
-0.111890
-0.112134
-0.112624
-0.112682
-0.112478
-0.112471
-0.112706
-0.112702
-0.112546
-0.112569
-0.112651
-0.112719
-0.112511
-0.112426
-0.112245
-0.112393
-0.112720
-0.112393
-0.112768
-0.112560
-0.112606
-0.112713
-0.112651
1.285456
0.516980
0.635436
-0.090831
-0.095808
-0.103010
-0.103386
-0.110525
-0.107816
-0.110479
-0.110255
-0.112442
-0.107612
-0.106980
-0.104869
-0.101486
-0.079966
-0.048028
-0.109723
-0.103508
-0.072323
-0.087883
-0.103515
-0.110232
-0.112093
-0.111850
-0.112351
-0.111542
-0.111943
-0.112257
-0.112891
-0.111578
-0.111678
-0.110759
-0.109477
-0.099376
-0.105477
-0.110429
-0.106120
-0.102777
-0.111951
-0.111154
-0.111852
-0.112697
-0.112816
-0.112754
-0.112503
-0.112676
-0.112757
-0.112679
-0.112216
-0.112019
-0.112748
-0.110017
-0.107142
-0.111687
-0.111111
-0.108740
-0.110198
-0.111843
-0.112429
-0.112516
-0.112858
-0.112803
-0.112669
-0.112632
-0.112769
-0.112840
-0.112707
-0.112533
-0.112141
-0.111878
-0.110822
-0.111418
-0.112273
-0.111139
-0.111400
-0.112594
-0.112480
-0.112619
-0.112756
-0.112843
-0.112841
-0.112775
-0.112774
-0.112810
-0.112843
-0.112725
-0.112794
-0.112769
-0.112389
-0.112392
-0.112726
-0.112711
-0.112291
-0.112769
-0.112866
-0.112795
-0.112781
-0.112837
0.096656
0.181940
0.177308
-0.048764
-0.097065
-0.101387
-0.100797
-0.101718
-0.106532
-0.104030
-0.104490
-0.106365
-0.106844
-0.107153
-0.104472
-0.105377
-0.094674
-0.090945
-0.099420
-0.112097
-0.104458
-0.096952
-0.106900
-0.110961
-0.110681
-0.109791
-0.110397
-0.111678
-0.110522
-0.110763
-0.111153
-0.111471
-0.111032
-0.110268
-0.111102
-0.107130
-0.109008
-0.110505
-0.111762
-0.110451
-0.109405
-0.110782
-0.111667
-0.111475
-0.111150
-0.111386
-0.111818
-0.111352
-0.111384
-0.111685
-0.111798
-0.111293
-0.111048
-0.112093
-0.110464
-0.111506
-0.111879
-0.111739
-0.111294
-0.111274
-0.111862
-0.112070
-0.111879
-0.111770
-0.111940
-0.112051
-0.111829
-0.111830
-0.112013
-0.112044
-0.111645
-0.111490
-0.111837
-0.111711
-0.112740
-0.112052
-0.112114
-0.111787
-0.111797
-0.112025
-0.112066
-0.111992
-0.111975
-0.112074
-0.112064
-0.112003
-0.112035
-0.112075
-0.112131
-0.111962
-0.112039
-0.112019
-0.112025
-0.112300
-0.112034
-0.112132
-0.112031
-0.112049
-0.112092
-0.112070
0.098943
0.854633
-0.099564
-0.055693
-0.109314
-0.102112
-0.101400
-0.103629
-0.107389
-0.106789
-0.104724
-0.105714
-0.109682
-0.108477
-0.105998
-0.106888
-0.101883
-0.094260
-0.083167
-0.090486
-0.089568
-0.104900
-0.107041
-0.112206
-0.109591
-0.109157
-0.110033
-0.111502
-0.110666
-0.109726
-0.110136
-0.111832
-0.111133
-0.109736
-0.109751
-0.109466
-0.105341
-0.111281
-0.106260
-0.109314
-0.109801
-0.111285
-0.112294
-0.111140
-0.110967
-0.111523
-0.112047
-0.111468
-0.111098
-0.111449
-0.112289
-0.111577
-0.110995
-0.110731
-0.111880
-0.110280
-0.110680
-0.110237
-0.111070
-0.111080
-0.111996
-0.112092
-0.111556
-0.111527
-0.111911
-0.112064
-0.111706
-0.111568
-0.111874
-0.112191
-0.111689
-0.111456
-0.111068
-0.111875
-0.112684
-0.112059
-0.111619
-0.111658
-0.111765
-0.112098
-0.112037
-0.111856
-0.111885
-0.112044
-0.112046
-0.111911
-0.111892
-0.112052
-0.112055
-0.111957
-0.111943
-0.111901
-0.111876
-0.111905
-0.112258
-0.111958
-0.111935
-0.112007
-0.112069
-0.112009
0.231659
1.163167
-0.035350
-0.050076
-0.077302
-0.088731
-0.096820
-0.097794
-0.096301
-0.098052
-0.102423
-0.104246
-0.101579
-0.099411
-0.100596
-0.104491
-0.095613
-0.082513
-0.074323
-0.076944
-0.089438
-0.096666
-0.103721
-0.107238
-0.110127
-0.110103
-0.108481
-0.108328
-0.109675
-0.111027
-0.109958
-0.108974
-0.109445
-0.111470
-0.111261
-0.111227
-0.103735
-0.111706
-0.101951
-0.112453
-0.109188
-0.108636
-0.109284
-0.110516
-0.110782
-0.109983
-0.109767
-0.110412
-0.111031
-0.110459
-0.109791
-0.109971
-0.111119
-0.110784
-0.108298
-0.110785
-0.109536
-0.110662
-0.112588
-0.111416
-0.110793
-0.110984
-0.111553
-0.111564
-0.111094
-0.111000
-0.111383
-0.111653
-0.111290
-0.110967
-0.111174
-0.112019
-0.112071
-0.110035
-0.111350
-0.110091
-0.111563
-0.111923
-0.111423
-0.111229
-0.111382
-0.111594
-0.111535
-0.111370
-0.111388
-0.111560
-0.111599
-0.111451
-0.111432
-0.111439
-0.111659
-0.111575
-0.111738
-0.111961
-0.111374
-0.111566
-0.111632
-0.111512
-0.111466
-0.111535
0.109371
1.740048
0.043766
-0.074770
-0.097173
-0.101031
-0.105026
-0.105935
-0.104178
-0.103690
-0.105116
-0.106457
-0.105047
-0.102190
-0.099990
-0.101149
-0.097848
-0.054917
-0.067869
-0.077840
-0.065186
-0.094524
-0.103464
-0.107899
-0.109151
-0.108745
-0.109120
-0.110374
-0.111564
-0.111255
-0.110840
-0.111273
-0.112427
-0.111685
-0.110653
-0.110535
-0.095124
-0.107569
-0.102075
-0.108550
-0.109379
-0.110329
-0.111320
-0.112038
-0.111808
-0.111498
-0.111610
-0.112063
-0.112319
-0.111923
-0.111568
-0.111510
-0.111953
-0.112810
-0.108507
-0.107924
-0.107346
-0.109424
-0.111155
-0.111821
-0.112419
-0.112841
-0.112709
-0.112581
-0.112586
-0.112670
-0.112754
-0.112800
-0.112772
-0.112573
-0.112311
-0.112078
-0.111803
-0.110062
-0.111703
-0.110612
-0.112343
-0.112182
-0.112271
-0.112488
-0.112690
-0.112716
-0.112640
-0.112639
-0.112723
-0.112828
-0.112781
-0.112717
-0.112833
-0.112716
-0.112685
-0.112146
-0.112454
-0.112195
-0.112602
-0.112897
-0.112828
-0.112780
-0.112785
-0.112824
