-2.288610
2.596357
1.151821
-11.962876
-0.112825
-0.112820
-0.072098
1.509605
3.237391
-7.025009
-0.112825
-0.112815
1.878531
2.126119
8.685694
-4.022974
-0.112823
-0.112819
-0.531520
1.691267
5.279977
-3.900258
-0.112822
-0.112821
0.004419
5.925645
8.331310
-9.695678
-0.112823
-0.112824
-0.206133
2.394324
4.651662
-5.268870
-0.112822
-0.112823
6.963336
-0.112384
6.964230
6.962584
-0.112822
-0.112823
8.600624
3.074262
14.188352
3.403749
-0.112822
-0.112824
2.061301
0.769475
1.183115
0.303519
-0.101190
0.100881
0.096255
0.176412
0.200386
0.026752
0.086948
0.148119
0.072479
0.138883
0.181743
0.115601
0.128795
0.181399
0.094111
0.077941
0.118880
0.045759
0.014137
0.034282
-0.020244
-0.046589
-0.034300
-0.070096
-0.081390
-0.066790
-0.063750
-0.101364
-0.110888
-0.098882
-0.086358
-0.087225
-0.103117
-0.111730
-0.099719
-0.089705
-0.099626
-0.108258
-0.104893
-0.096678
-0.096270
-0.090031
-0.101778
-0.098098
-0.086514
-0.094444
-0.088789
-0.077174
-0.092614
-0.081337
-0.076922
-0.090924
-0.083325
-0.083192
-0.091912
-0.091416
-0.092888
-0.097513
-0.100719
-0.102078
-0.102179
-0.109312
-0.102612
-0.101895
-0.110542
-0.106485
-0.108916
-0.110978
-0.106239
-0.108245
-0.108744
-0.107521
-0.106855
-0.111717
-0.110164
-0.108408
-0.110839
-0.105804
-0.108161
-0.110346
-0.106885
-0.109590
-0.108602
-0.106990
-0.110667
-0.107004
-0.108776
-0.108517
-0.106595
-0.111657
-0.107901
-0.107792
-0.111827
-0.107449
-0.109451
-0.109985
-0.076107
0.311485
0.284866
0.019295
0.301903
0.248647
0.105978
0.171216
0.139745
0.104738
0.142751
0.093607
0.050194
0.093456
0.071125
0.047025
0.042492
0.052488
0.045540
0.027811
0.019202
-0.007697
-0.027863
-0.013517
-0.038400
-0.048142
-0.057045
-0.049592
-0.063015
-0.074583
-0.071956
-0.094699
-0.072017
-0.107875
-0.094592
-0.106855
-0.109487
-0.106511
-0.109027
-0.105240
-0.102631
-0.091257
-0.107564
-0.092865
-0.097628
-0.094515
-0.092941
-0.091945
-0.093865
-0.096875
-0.090899
-0.093319
-0.093673
-0.094785
-0.091308
-0.091582
-0.094367
-0.092831
-0.097727
-0.099894
-0.096357
-0.099747
-0.102910
-0.100787
-0.103122
-0.102764
-0.104419
-0.107796
-0.104528
-0.109388
-0.108611
-0.110034
-0.111080
-0.110978
-0.112271
-0.111527
-0.110738
-0.109537
-0.111699
-0.109901
-0.109094
-0.110233
-0.109062
-0.109001
-0.109614
-0.109235
-0.110231
-0.109625
-0.108786
-0.110991
-0.109825
-0.109344
-0.110934
-0.109576
-0.110589
-0.111061
-0.110105
-0.111063
-0.110584
-0.110513
1.889472
0.660623
0.339371
0.437210
0.483072
0.435756
0.224918
0.231986
0.113130
-0.015660
0.031023
0.172992
0.080248
0.080170
0.123447
0.048485
0.058447
0.080885
0.014986
0.028993
0.027108
-0.002888
-0.012412
-0.015482
-0.030465
-0.057104
-0.040967
-0.069871
-0.100199
-0.071705
-0.063869
-0.093494
-0.070434
-0.095851
-0.101942
-0.102673
-0.099596
-0.101770
-0.106350
-0.106409
-0.095921
-0.101194
-0.084380
-0.104893
-0.087023
-0.094868
-0.107908
-0.091720
-0.096986
-0.095208
-0.091340
-0.096145
-0.089016
-0.095800
-0.090778
-0.088885
-0.101873
-0.087849
-0.094196
-0.101703
-0.089224
-0.104163
-0.098488
-0.096730
-0.110859
-0.103034
-0.102817
-0.109466
-0.101745
-0.111361
-0.104224
-0.106103
-0.105597
-0.106451
-0.107255
-0.107055
-0.105908
-0.106322
-0.104420
-0.110147
-0.104486
-0.109286
-0.106642
-0.106019
-0.109142
-0.104806
-0.105853
-0.107975
-0.103379
-0.108308
-0.105518
-0.104792
-0.109141
-0.104941
-0.106827
-0.108066
-0.105221
-0.108672
-0.106838
-0.106773
0.292665
0.549023
0.409581
0.553937
0.078702
0.392541
-0.072215
0.167000
-0.033601
0.030488
0.052015
-0.023799
-0.033999
-0.041306
-0.032546
-0.083414
-0.044117
-0.056817
-0.082630
-0.075125
-0.077988
-0.077000
-0.082645
-0.094029
-0.075709
-0.094086
-0.097375
-0.075783
-0.100290
-0.097150
-0.093134
-0.098470
-0.082875
-0.090471
-0.094504
-0.095778
-0.104456
-0.100704
-0.106859
-0.092586
-0.106316
-0.102375
-0.102990
-0.106083
-0.095897
-0.100466
-0.104114
-0.094963
-0.104801
-0.100223
-0.098068
-0.107267
-0.100087
-0.105497
-0.105923
-0.101078
-0.106772
-0.100848
-0.101570
-0.107074
-0.101473
-0.105027
-0.105135
-0.102175
-0.108636
-0.103314
-0.104678
-0.106208
-0.099826
-0.104020
-0.103983
-0.104853
-0.106810
-0.104346
-0.105588
-0.104346
-0.106537
-0.105448
-0.105544
-0.105537
-0.102722
-0.105391
-0.105271
-0.104606
-0.106543
-0.104859
-0.105588
-0.105929
-0.104973
-0.106094
-0.105323
-0.104953
-0.106015
-0.105309
-0.105802
-0.106051
-0.105028
-0.105905
-0.105459
-0.105036
0.028812
3.669666
1.309401
0.748806
0.772293
0.235824
0.110651
0.032482
0.103356
0.058085
-0.039337
0.062197
-0.016948
-0.023843
-0.033838
-0.081700
-0.077830
-0.078941
-0.103424
-0.104806
-0.089653
-0.088966
-0.102188
-0.080813
-0.088724
-0.088559
-0.083644
-0.101849
-0.093301
-0.089948
-0.097376
-0.098594
-0.094305
-0.090429
-0.075549
-0.096940
-0.106681
-0.095334
-0.087894
-0.099901
-0.092473
-0.097972
-0.102614
-0.108799
-0.105918
-0.102595
-0.105174
-0.108648
-0.101631
-0.109775
-0.104184
-0.105831
-0.108640
-0.105888
-0.108063
-0.108136
-0.107817
-0.107622
-0.110072
-0.106939
-0.108031
-0.108694
-0.105760
-0.111272
-0.106664
-0.108914
-0.109967
-0.106015
-0.108212
-0.106768
-0.104401
-0.110589
-0.109753
-0.110353
-0.103494
-0.108717
-0.108515
-0.112020
-0.106845
-0.108390
-0.108609
-0.107749
-0.109404
-0.109235
-0.108344
-0.109905
-0.108126
-0.109424
-0.109182
-0.108929
-0.109034
-0.109084
-0.108908
-0.109446
-0.109097
-0.108919
-0.109312
-0.108767
-0.108791
-0.109389
-0.027317
0.915216
0.867897
0.166333
0.749657
0.324940
0.078963
0.037675
0.012139
-0.056915
-0.088553
-0.084492
-0.044849
-0.043518
-0.064886
-0.068989
-0.075419
-0.093887
-0.103940
-0.102570
-0.099136
-0.091953
-0.088153
-0.093931
-0.093012
-0.094958
-0.105633
-0.109609
-0.101152
-0.100019
-0.103799
-0.100655
-0.080065
-0.097264
-0.097827
-0.097751
-0.108497
-0.106009
-0.106219
-0.108201
-0.095758
-0.097325
-0.105901
-0.103608
-0.108333
-0.110313
-0.108425
-0.111206
-0.112138
-0.107260
-0.108333
-0.110573
-0.108191
-0.110572
-0.111043
-0.110457
-0.112310
-0.111149
-0.109019
-0.110947
-0.110069
-0.109846
-0.110856
-0.110970
-0.111628
-0.110544
-0.110217
-0.111809
-0.108652
-0.109236
-0.111645
-0.107546
-0.111281
-0.110846
-0.112510
-0.111210
-0.111023
-0.108859
-0.111777
-0.110308
-0.110883
-0.112119
-0.111067
-0.111661
-0.111790
-0.111505
-0.112045
-0.111640
-0.111413
-0.112282
-0.111531
-0.111629
-0.111895
-0.111451
-0.111721
-0.112216
-0.111488
-0.111982
-0.111692
-0.111580
-0.767848
1.251625
1.778088
-2.285390
-0.112821
-0.112824
1.693729
1.392731
3.808584
-1.077007
-0.112823
-0.112824
-0.268475
0.114140
0.189676
-0.541473
-0.112821
-0.112823
0.142539
0.738138
1.535488
-1.118284
-0.112822
-0.112825
0.134801
2.028290
2.799657
-3.240502
-0.112823
-0.112825
-0.185653
2.360854
3.451346
-3.786247
-0.112822
-0.112825
4.767831
1.268578
7.398498
2.723177
-0.112822
-0.112824
0.542194
0.754909
0.295752
-0.070196
-0.105760
-0.107425
-0.106189
-0.109490
-0.107121
-0.105533
-0.111080
-0.105082
-0.102265
-0.108917
-0.101759
-0.094668
-0.088484
-0.096910
-0.089415
-0.104280
-0.091620
-0.079949
-0.105556
-0.105058
-0.104775
-0.108965
-0.108609
-0.107893
-0.110758
-0.109762
-0.108804
-0.111298
-0.110609
-0.109014
-0.109483
-0.107464
-0.108563
-0.111421
-0.108255
-0.109894
-0.106374
-0.109602
-0.111100
-0.109596
-0.110529
-0.111238
-0.110145
-0.110927
-0.111358
-0.110138
-0.110935
-0.111376
-0.109243
-0.111410
-0.111376
-0.111070
-0.112294
-0.110373
-0.110114
-0.111794
-0.111020
-0.112082
-0.111803
-0.111393
-0.112069
-0.111722
-0.111470
-0.112161
-0.111638
-0.111333
-0.112388
-0.110814
-0.111306
-0.111883
-0.111642
-0.111968
-0.111585
-0.111277
-0.112254
-0.111671
-0.111789
-0.112086
-0.111799
-0.111879
-0.112048
-0.111815
-0.111934
-0.112099
-0.111814
-0.111863
-0.112219
-0.111911
-0.111957
-0.112005
-0.112005
-0.111956
-0.111843
-0.112039
-0.111925
-0.111911
1.701290
0.376997
0.822910
-0.045179
-0.086828
-0.102470
-0.099985
-0.106072
-0.106355
-0.103392
-0.108767
-0.104983
-0.101242
-0.110015
-0.098369
-0.092309
-0.071391
-0.042213
-0.097564
-0.087737
-0.081130
-0.069217
-0.103431
-0.109275
-0.107762
-0.111821
-0.110989
-0.110596
-0.111720
-0.111068
-0.110667
-0.110850
-0.110691
-0.109881
-0.107028
-0.098099
-0.104616
-0.112525
-0.104774
-0.101373
-0.106987
-0.110155
-0.111771
-0.110961
-0.112188
-0.111952
-0.111592
-0.112369
-0.111809
-0.111354
-0.112364
-0.110857
-0.110206
-0.110711
-0.106448
-0.111974
-0.110006
-0.110057
-0.107959
-0.111158
-0.112069
-0.111946
-0.112143
-0.112498
-0.112317
-0.112268
-0.112549
-0.112288
-0.112059
-0.112456
-0.111734
-0.110538
-0.111369
-0.110865
-0.112730
-0.110650
-0.111811
-0.111539
-0.112084
-0.112683
-0.112424
-0.112529
-0.112756
-0.112587
-0.112608
-0.112765
-0.112554
-0.112635
-0.112594
-0.112446
-0.111861
-0.112031
-0.112572
-0.112503
-0.112231
-0.112473
-0.112724
-0.112650
-0.112721
-0.112758
0.040721
0.035108
-0.058346
-0.082250
-0.109862
-0.107925
-0.108349
-0.110016
-0.108524
-0.111154
-0.111160
-0.109787
-0.111562
-0.111746
-0.111399
-0.110027
-0.109350
-0.110841
-0.106454
-0.110942
-0.109786
-0.108823
-0.109282
-0.110608
-0.111030
-0.111056
-0.111210
-0.111253
-0.111525
-0.111659
-0.111501
-0.111641
-0.111801
-0.111837
-0.111743
-0.111400
-0.111410
-0.111888
-0.112676
-0.112351
-0.111672
-0.111771
-0.111794
-0.111905
-0.111956
-0.111877
-0.111937
-0.112026
-0.112014
-0.112025
-0.112012
-0.112031
-0.112121
-0.112113
-0.111947
-0.111604
-0.112201
-0.112394
-0.112468
-0.112152
-0.112233
-0.112193
-0.112192
-0.112258
-0.112174
-0.112185
-0.112262
-0.112219
-0.112240
-0.112250
-0.112210
-0.112344
-0.112313
-0.112263
-0.111981
-0.112184
-0.112259
-0.112339
-0.112259
-0.112279
-0.112283
-0.112274
-0.112301
-0.112279
-0.112271
-0.112302
-0.112292
-0.112286
-0.112300
-0.112288
-0.112354
-0.112352
-0.112333
-0.112257
-0.112278
-0.112297
-0.112309
-0.112298
-0.112301
-0.112305
0.148585
0.478509
-0.039471
-0.030742
-0.090748
-0.102840
-0.106852
-0.105978
-0.109007
-0.110040
-0.108415
-0.110137
-0.110822
-0.108767
-0.108828
-0.108827
-0.106480
-0.099383
-0.090924
-0.095049
-0.100865
-0.108907
-0.108876
-0.109952
-0.111007
-0.112611
-0.111360
-0.111454
-0.112610
-0.111677
-0.111590
-0.112756
-0.111603
-0.111162
-0.111401
-0.110045
-0.109912
-0.110677
-0.106979
-0.111865
-0.110293
-0.111779
-0.112623
-0.111807
-0.112032
-0.112511
-0.111966
-0.112093
-0.112560
-0.112003
-0.112059
-0.112726
-0.111926
-0.112599
-0.111073
-0.111882
-0.112219
-0.110790
-0.112342
-0.111668
-0.111818
-0.112372
-0.112219
-0.112063
-0.112388
-0.112283
-0.112110
-0.112389
-0.112292
-0.112035
-0.112217
-0.112264
-0.111887
-0.112319
-0.112644
-0.112305
-0.112270
-0.112395
-0.112448
-0.112271
-0.112388
-0.112471
-0.112341
-0.112403
-0.112468
-0.112357
-0.112407
-0.112467
-0.112376
-0.112261
-0.112391
-0.112134
-0.112409
-0.112553
-0.112527
-0.112489
-0.112440
-0.112503
-0.112442
-0.112438
0.121350
1.392915
0.038693
-0.097606
-0.089263
-0.098211
-0.108269
-0.103637
-0.105352
-0.111535
-0.106632
-0.108250
-0.110844
-0.107494
-0.110512
-0.105034
-0.100775
-0.104660
-0.054541
-0.074930
-0.083135
-0.095664
-0.110219
-0.106600
-0.105853
-0.109659
-0.108819
-0.107709
-0.110298
-0.109648
-0.108546
-0.111001
-0.110174
-0.108900
-0.112469
-0.107760
-0.107384
-0.104711
-0.099170
-0.112348
-0.108241
-0.109805
-0.111411
-0.109664
-0.110230
-0.111230
-0.109982
-0.110427
-0.111267
-0.110013
-0.110460
-0.111461
-0.109436
-0.110234
-0.110896
-0.110050
-0.112038
-0.107123
-0.110533
-0.111158
-0.110384
-0.111469
-0.111237
-0.110774
-0.111512
-0.111246
-0.110875
-0.111553
-0.111199
-0.110781
-0.111641
-0.110692
-0.109750
-0.111831
-0.112285
-0.112563
-0.110662
-0.110961
-0.111681
-0.111182
-0.111357
-0.111606
-0.111316
-0.111444
-0.111604
-0.111363
-0.111501
-0.111654
-0.111392
-0.111391
-0.111531
-0.110889
-0.111290
-0.111902
-0.111898
-0.111560
-0.111437
-0.111610
-0.111504
-0.111486
-0.022481
1.624959
0.098103
-0.095875
-0.109610
-0.105703
-0.103479
-0.107708
-0.109075
-0.105980
-0.108596
-0.111089
-0.106891
-0.107457
-0.112098
-0.104469
-0.092899
-0.080268
-0.050010
-0.079786
-0.068466
-0.104923
-0.103227
-0.106570
-0.110188
-0.107687
-0.108626
-0.110787
-0.108829
-0.109448
-0.111344
-0.109267
-0.109658
-0.112257
-0.109172
-0.105000
-0.100353
-0.105314
-0.102038
-0.105654
-0.111089
-0.110090
-0.109655
-0.111292
-0.110757
-0.110264
-0.111408
-0.110943
-0.110487
-0.111596
-0.110985
-0.110427
-0.112091
-0.110049
-0.109338
-0.105605
-0.111109
-0.109095
-0.110789
-0.111219
-0.112083
-0.111123
-0.111403
-0.111891
-0.111249
-0.111472
-0.111873
-0.111296
-0.111527
-0.111964
-0.111224
-0.111629
-0.111274
-0.111595
-0.109048
-0.110637
-0.111866
-0.111803
-0.111430
-0.111859
-0.111704
-0.111544
-0.111805
-0.111698
-0.111584
-0.111803
-0.111700
-0.111598
-0.111738
-0.111790
-0.111564
-0.112367
-0.112064
-0.111182
-0.111506
-0.111739
-0.111799
-0.111657
-0.111747
-0.111761
