-2.352654
2.343381
1.255016
-8.278163
-0.122979
-0.122977
0.167256
1.697612
8.161293
-3.559316
-0.122975
-0.122969
1.884969
2.158573
6.547161
-4.753669
-0.122979
-0.122974
-0.573236
1.780723
4.285902
-4.413149
-0.122977
-0.122977
0.067533
6.042305
8.560385
-9.759436
-0.122978
-0.122979
-0.251186
2.415380
4.082660
-6.014028
-0.122978
-0.122978
7.018370
-0.122368
7.019413
7.017253
-0.122978
-0.122978
9.130609
3.176548
15.296488
3.546953
-0.122977
-0.122979
2.109998
0.700697
1.129390
0.149503
0.087106
0.237305
0.090831
0.091060
0.158749
0.121637
0.033511
0.089438
0.148033
0.023289
0.015719
0.029585
-0.010293
-0.071408
-0.045796
-0.021847
-0.050426
-0.023508
-0.000835
-0.054694
-0.044148
-0.043959
-0.089399
-0.100884
-0.085633
-0.084935
-0.093972
-0.116094
-0.107757
-0.109939
-0.085321
-0.096064
-0.115516
-0.119980
-0.113951
-0.107863
-0.105288
-0.100539
-0.105442
-0.105188
-0.109159
-0.103085
-0.101728
-0.112715
-0.105271
-0.103164
-0.117490
-0.114247
-0.105681
-0.108841
-0.112815
-0.104233
-0.107353
-0.108844
-0.105522
-0.109116
-0.114313
-0.114352
-0.117036
-0.117546
-0.119939
-0.115860
-0.112310
-0.117981
-0.120418
-0.116020
-0.117975
-0.114836
-0.119897
-0.119883
-0.120561
-0.120356
-0.118126
-0.118519
-0.119161
-0.119624
-0.120981
-0.118958
-0.118428
-0.121878
-0.120911
-0.121227
-0.122261
-0.120383
-0.121000
-0.120479
-0.119176
-0.121576
-0.120492
-0.119781
-0.122446
-0.120272
-0.120490
-0.122304
-0.121267
-0.120231
0.163996
0.607530
0.203344
0.097904
0.095907
0.135713
0.027709
0.144670
0.096325
0.079618
0.168754
0.110681
0.090121
0.146030
0.131890
0.097955
0.121544
0.133848
0.084430
0.059628
0.044799
-0.012493
-0.042845
-0.027611
-0.053163
-0.057698
-0.084550
-0.082197
-0.087441
-0.099950
-0.092847
-0.093726
-0.114753
-0.080930
-0.105428
-0.100942
-0.101873
-0.116858
-0.115988
-0.104168
-0.116236
-0.095370
-0.101762
-0.098674
-0.098983
-0.099745
-0.095591
-0.095577
-0.099973
-0.100441
-0.090815
-0.097185
-0.097790
-0.097380
-0.098985
-0.105358
-0.109840
-0.107525
-0.108738
-0.112654
-0.107629
-0.105231
-0.113732
-0.112211
-0.112359
-0.112701
-0.112197
-0.114798
-0.113935
-0.114472
-0.113344
-0.118440
-0.116733
-0.119507
-0.120073
-0.119707
-0.117575
-0.119893
-0.116098
-0.118979
-0.118559
-0.118689
-0.118933
-0.119140
-0.119304
-0.120320
-0.120117
-0.118734
-0.120194
-0.121143
-0.120202
-0.120961
-0.121280
-0.120390
-0.119981
-0.120247
-0.119855
-0.120645
-0.119941
-0.120110
1.885659
0.644286
0.385206
0.492860
0.535388
0.557227
0.222598
0.215015
0.087150
0.024246
-0.048202
0.116885
0.059055
-0.072136
-0.017340
-0.048924
-0.118393
-0.089693
-0.083769
-0.054131
-0.058278
-0.043297
-0.034018
-0.063566
-0.061006
-0.051535
-0.073728
-0.113045
-0.089332
-0.081283
-0.094232
-0.087692
-0.096292
-0.109582
-0.105226
-0.117373
-0.107658
-0.118388
-0.120098
-0.110750
-0.105188
-0.100040
-0.102157
-0.113461
-0.108913
-0.106170
-0.115207
-0.112512
-0.112895
-0.120983
-0.121331
-0.118211
-0.118167
-0.111365
-0.108828
-0.112781
-0.105242
-0.110509
-0.110664
-0.106926
-0.118721
-0.111423
-0.112429
-0.119497
-0.118290
-0.116287
-0.119558
-0.118552
-0.121195
-0.118814
-0.120669
-0.115797
-0.120825
-0.119490
-0.119577
-0.120693
-0.120645
-0.116600
-0.122181
-0.119134
-0.122122
-0.120156
-0.120476
-0.119175
-0.119590
-0.120216
-0.117882
-0.119921
-0.119828
-0.118039
-0.122089
-0.118699
-0.119436
-0.121365
-0.118901
-0.121289
-0.120261
-0.120166
-0.120603
-0.120719
0.328456
0.586416
0.576649
0.540716
-0.007972
0.353901
-0.102559
0.111668
-0.022557
-0.021669
0.047722
-0.045311
-0.060558
-0.097109
-0.098655
-0.107820
-0.114531
-0.104464
-0.108576
-0.117855
-0.110089
-0.102522
-0.108978
-0.101209
-0.100448
-0.106645
-0.086894
-0.090518
-0.116658
-0.101389
-0.107991
-0.115159
-0.099040
-0.101543
-0.105722
-0.116878
-0.102749
-0.113389
-0.111629
-0.097721
-0.119590
-0.115765
-0.107668
-0.116321
-0.107568
-0.113098
-0.112730
-0.108790
-0.113389
-0.109160
-0.114332
-0.110286
-0.116010
-0.113080
-0.112491
-0.116119
-0.113516
-0.114000
-0.118114
-0.113391
-0.115590
-0.116832
-0.112347
-0.119447
-0.115060
-0.117810
-0.116603
-0.116337
-0.114574
-0.113930
-0.116388
-0.116770
-0.116675
-0.117179
-0.114441
-0.118632
-0.115756
-0.117811
-0.118510
-0.116196
-0.116162
-0.116467
-0.117058
-0.117524
-0.116837
-0.118099
-0.116277
-0.117445
-0.116809
-0.116931
-0.117766
-0.116802
-0.117277
-0.117353
-0.116614
-0.117296
-0.117265
-0.117059
-0.117448
-0.116620
0.100229
3.705081
1.355783
0.723729
0.871053
0.316951
0.151417
0.103590
0.086843
0.057820
-0.051509
0.030911
-0.030668
-0.020870
-0.049973
-0.076572
-0.085135
-0.079572
-0.092286
-0.096149
-0.084762
-0.087080
-0.098229
-0.087001
-0.099089
-0.106669
-0.101626
-0.118604
-0.106954
-0.093761
-0.106899
-0.106588
-0.106471
-0.103264
-0.107801
-0.101439
-0.093033
-0.118537
-0.096819
-0.094418
-0.100131
-0.108412
-0.113435
-0.119124
-0.119638
-0.113042
-0.114487
-0.118613
-0.112936
-0.119878
-0.115755
-0.116437
-0.119897
-0.117152
-0.116119
-0.121668
-0.115861
-0.118009
-0.120006
-0.116867
-0.121046
-0.118855
-0.118672
-0.120016
-0.119522
-0.119262
-0.120382
-0.117834
-0.118674
-0.118645
-0.117271
-0.120569
-0.117840
-0.115638
-0.120732
-0.114122
-0.121655
-0.119582
-0.119942
-0.119182
-0.120122
-0.119345
-0.121315
-0.120047
-0.120360
-0.120402
-0.120014
-0.120139
-0.120241
-0.119750
-0.120497
-0.120423
-0.119756
-0.120494
-0.119901
-0.120257
-0.120453
-0.120078
-0.119913
-0.120353
-0.003429
1.044852
0.836588
0.241031
0.623627
0.289142
0.005216
-0.093752
-0.071676
-0.031859
-0.049550
-0.050079
-0.025148
-0.044429
-0.067006
-0.071048
-0.087850
-0.103073
-0.101547
-0.100711
-0.108121
-0.098501
-0.099870
-0.107372
-0.098102
-0.111347
-0.109959
-0.113165
-0.120681
-0.120695
-0.117058
-0.113626
-0.104002
-0.105040
-0.115244
-0.117004
-0.103541
-0.119158
-0.111101
-0.104937
-0.113439
-0.103190
-0.119433
-0.121068
-0.118500
-0.119724
-0.118158
-0.116915
-0.120150
-0.115898
-0.120946
-0.118269
-0.119470
-0.121092
-0.120105
-0.120473
-0.121695
-0.120109
-0.121926
-0.120617
-0.121177
-0.120874
-0.121110
-0.120816
-0.120754
-0.121117
-0.120102
-0.122411
-0.120129
-0.121265
-0.119350
-0.119590
-0.118977
-0.119796
-0.120173
-0.120508
-0.119905
-0.120259
-0.119719
-0.122159
-0.120893
-0.121872
-0.120994
-0.122053
-0.121321
-0.122017
-0.121412
-0.121854
-0.121540
-0.121662
-0.121866
-0.121284
-0.121755
-0.121500
-0.121650
-0.121779
-0.121546
-0.121647
-0.121834
-0.121359
-0.834719
1.301190
1.771720
-2.300312
-0.122976
-0.122979
1.824274
1.456213
4.126669
-1.256118
-0.122978
-0.122979
-0.196779
0.301628
0.663396
-0.619778
-0.122976
-0.122979
0.300602
1.019746
1.985048
-1.456974
-0.122977
-0.122979
0.360587
2.191366
3.360721
-2.959231
-0.122977
-0.122980
-0.224248
2.801493
4.029856
-4.377639
-0.122977
-0.122980
5.074408
1.123847
7.335100
2.869376
-0.122977
-0.122978
0.589936
0.792286
0.281933
-0.078353
-0.112235
-0.114578
-0.114517
-0.113313
-0.116654
-0.115712
-0.115624
-0.116556
-0.114255
-0.113752
-0.112344
-0.109330
-0.085603
-0.091678
-0.106455
-0.109052
-0.099260
-0.099352
-0.113318
-0.115965
-0.117382
-0.118287
-0.119304
-0.119569
-0.120029
-0.120435
-0.120254
-0.120718
-0.120806
-0.120816
-0.119555
-0.116443
-0.115287
-0.121997
-0.116255
-0.116198
-0.122428
-0.122141
-0.122164
-0.122058
-0.122169
-0.122129
-0.122078
-0.122144
-0.122244
-0.122021
-0.122062
-0.121934
-0.121754
-0.119251
-0.120335
-0.121625
-0.121157
-0.120969
-0.120198
-0.121660
-0.121889
-0.122027
-0.122055
-0.122209
-0.122202
-0.122213
-0.122256
-0.122244
-0.122254
-0.122255
-0.122221
-0.122016
-0.121623
-0.121963
-0.122478
-0.121881
-0.121976
-0.122652
-0.122641
-0.122616
-0.122596
-0.122572
-0.122581
-0.122568
-0.122563
-0.122577
-0.122541
-0.122601
-0.122494
-0.122494
-0.122137
-0.122299
-0.122750
-0.122384
-0.122775
-0.122626
-0.122704
-0.122683
-0.122681
-0.122675
1.832256
0.483717
0.806755
-0.085384
-0.106500
-0.115419
-0.117241
-0.116324
-0.118772
-0.117266
-0.118989
-0.120076
-0.117022
-0.118443
-0.115582
-0.107944
-0.065407
-0.061648
-0.100899
-0.101958
-0.073719
-0.092112
-0.115586
-0.119877
-0.121493
-0.121218
-0.122264
-0.122319
-0.121899
-0.122351
-0.122149
-0.122277
-0.122146
-0.121649
-0.120618
-0.104605
-0.117838
-0.122231
-0.117557
-0.108660
-0.122543
-0.122785
-0.122917
-0.122721
-0.122771
-0.122788
-0.122797
-0.122679
-0.122773
-0.122676
-0.122644
-0.122453
-0.121779
-0.117534
-0.117922
-0.121093
-0.120807
-0.117381
-0.119827
-0.122035
-0.122483
-0.122683
-0.122628
-0.122757
-0.122773
-0.122777
-0.122777
-0.122728
-0.122829
-0.122720
-0.122635
-0.122261
-0.119602
-0.121934
-0.122654
-0.121718
-0.120387
-0.122793
-0.122932
-0.122892
-0.122943
-0.122870
-0.122871
-0.122904
-0.122883
-0.122887
-0.122866
-0.122881
-0.122788
-0.122725
-0.122041
-0.122608
-0.122736
-0.122751
-0.122255
-0.122649
-0.122845
-0.122891
-0.122903
-0.122902
-0.053257
0.154674
-0.009057
-0.095197
-0.120445
-0.119629
-0.121905
-0.120744
-0.118313
-0.121213
-0.121679
-0.120575
-0.122606
-0.122294
-0.121745
-0.117981
-0.117327
-0.121949
-0.110859
-0.111807
-0.120698
-0.118930
-0.119074
-0.120822
-0.121051
-0.121477
-0.121786
-0.121355
-0.121486
-0.121862
-0.121601
-0.121758
-0.121746
-0.121685
-0.122286
-0.121783
-0.121120
-0.122413
-0.120250
-0.120566
-0.121719
-0.122191
-0.122246
-0.122221
-0.122307
-0.122253
-0.122336
-0.122320
-0.122289
-0.122281
-0.122333
-0.122286
-0.122132
-0.121921
-0.122289
-0.122204
-0.122332
-0.122569
-0.122039
-0.122016
-0.122219
-0.122275
-0.122311
-0.122401
-0.122317
-0.122353
-0.122442
-0.122377
-0.122372
-0.122386
-0.122347
-0.122480
-0.122503
-0.122363
-0.122400
-0.122513
-0.122556
-0.122576
-0.122488
-0.122493
-0.122481
-0.122479
-0.122517
-0.122494
-0.122477
-0.122510
-0.122500
-0.122505
-0.122497
-0.122418
-0.122370
-0.122448
-0.122604
-0.122570
-0.122538
-0.122517
-0.122528
-0.122523
-0.122530
-0.122525
0.303083
0.649442
0.098695
-0.078978
-0.121514
-0.120597
-0.121243
-0.121599
-0.121467
-0.121441
-0.121406
-0.121237
-0.121045
-0.120529
-0.119926
-0.118978
-0.110416
-0.089668
-0.109329
-0.109961
-0.098088
-0.115558
-0.119995
-0.120506
-0.121001
-0.121347
-0.121564
-0.121728
-0.121841
-0.121933
-0.122034
-0.122056
-0.122239
-0.122330
-0.120922
-0.118391
-0.116156
-0.122162
-0.116929
-0.119319
-0.122499
-0.122565
-0.122495
-0.122570
-0.122570
-0.122592
-0.122606
-0.122608
-0.122607
-0.122626
-0.122591
-0.122664
-0.122832
-0.121513
-0.120126
-0.121606
-0.121254
-0.120514
-0.121872
-0.122548
-0.122523
-0.122526
-0.122564
-0.122577
-0.122592
-0.122603
-0.122608
-0.122613
-0.122614
-0.122613
-0.122632
-0.122549
-0.121776
-0.122011
-0.122653
-0.121899
-0.122301
-0.122703
-0.122754
-0.122738
-0.122730
-0.122729
-0.122728
-0.122727
-0.122728
-0.122724
-0.122717
-0.122745
-0.122675
-0.122749
-0.122624
-0.122373
-0.122736
-0.122514
-0.122919
-0.122701
-0.122777
-0.122773
-0.122765
-0.122765
0.346367
1.509470
-0.037513
-0.063264
-0.111936
-0.114004
-0.114870
-0.116081
-0.116281
-0.116706
-0.116837
-0.116547
-0.116504
-0.115695
-0.114432
-0.112222
-0.099518
-0.082532
-0.075005
-0.076206
-0.096601
-0.107916
-0.116529
-0.118160
-0.119206
-0.119916
-0.120313
-0.120683
-0.120926
-0.121094
-0.121280
-0.121343
-0.121435
-0.121477
-0.120049
-0.122186
-0.107841
-0.121143
-0.110499
-0.121404
-0.121642
-0.122491
-0.122457
-0.122431
-0.122438
-0.122413
-0.122410
-0.122401
-0.122370
-0.122360
-0.122304
-0.122223
-0.122116
-0.120849
-0.118783
-0.118755
-0.117579
-0.120863
-0.121511
-0.122416
-0.122511
-0.122570
-0.122613
-0.122630
-0.122648
-0.122656
-0.122657
-0.122667
-0.122657
-0.122641
-0.122616
-0.122376
-0.122688
-0.120242
-0.122428
-0.120598
-0.122500
-0.122675
-0.122843
-0.122857
-0.122854
-0.122856
-0.122853
-0.122851
-0.122850
-0.122844
-0.122835
-0.122840
-0.122770
-0.122820
-0.122789
-0.122282
-0.122539
-0.122228
-0.122832
-0.122875
-0.122971
-0.122962
-0.122950
-0.122945
-0.002688
1.941806
-0.012291
-0.094890
-0.100513
-0.110454
-0.112679
-0.114877
-0.115967
-0.116657
-0.117113
-0.117418
-0.117605
-0.117052
-0.116595
-0.111947
-0.105828
-0.068001
-0.060917
-0.062094
-0.086961
-0.114530
-0.117696
-0.120059
-0.120621
-0.120958
-0.121156
-0.121313
-0.121442
-0.121547
-0.121647
-0.121798
-0.121924
-0.122283
-0.121954
-0.120348
-0.102195
-0.119430
-0.108097
-0.120632
-0.122018
-0.121595
-0.121764
-0.121793
-0.121847
-0.121879
-0.121911
-0.121946
-0.121985
-0.122019
-0.122060
-0.122131
-0.122179
-0.121530
-0.118323
-0.116808
-0.115472
-0.120157
-0.122870
-0.122499
-0.122270
-0.122237
-0.122200
-0.122193
-0.122190
-0.122189
-0.122191
-0.122199
-0.122211
-0.122210
-0.122257
-0.122325
-0.121596
-0.119270
-0.121793
-0.119967
-0.121860
-0.122236
-0.122259
-0.122246
-0.122253
-0.122253
-0.122256
-0.122259
-0.122263
-0.122266
-0.122264
-0.122268
-0.122111
-0.122416
-0.122683
-0.122249
-0.121758
-0.121457
-0.122540
-0.122285
-0.122298
-0.122288
-0.122284
-0.122283
