-2.257077
2.663624
1.290186
-13.240956
-0.116496
-0.116488
0.089485
1.312199
5.897438
-2.857393
-0.116491
-0.116487
1.886945
2.048041
8.550613
-3.831701
-0.116494
-0.116491
-0.555069
1.747513
4.894685
-4.029666
-0.116493
-0.116493
-0.053175
5.889070
8.208946
-9.471715
-0.116494
-0.116495
-0.366493
2.356454
4.411659
-5.765727
-0.116493
-0.116494
6.803964
-0.115867
6.805135
6.802720
-0.116492
-0.116494
8.701678
2.753195
14.309004
3.385571
-0.116493
-0.116494
2.020475
0.712224
1.089869
0.159029
-0.022842
0.220216
0.140113
0.205480
0.298317
0.174134
0.132509
0.215684
0.262232
0.217378
0.197752
0.174348
0.181061
0.157041
0.109619
0.092650
0.096773
0.078193
0.047555
0.022213
0.023309
0.000773
-0.026041
-0.059687
-0.060918
-0.051175
-0.065556
-0.087314
-0.097872
-0.110030
-0.092219
-0.094692
-0.106837
-0.112333
-0.095362
-0.102397
-0.109867
-0.108462
-0.098325
-0.108488
-0.085915
-0.086316
-0.101428
-0.092549
-0.080991
-0.086031
-0.079903
-0.086381
-0.087344
-0.077147
-0.085928
-0.092224
-0.084019
-0.089100
-0.090243
-0.090278
-0.098152
-0.093183
-0.093941
-0.107882
-0.103581
-0.104527
-0.107787
-0.105694
-0.115342
-0.108035
-0.111018
-0.110604
-0.114943
-0.112002
-0.111750
-0.114457
-0.110401
-0.113117
-0.110561
-0.114148
-0.108420
-0.114685
-0.110238
-0.109888
-0.115226
-0.107404
-0.110067
-0.113060
-0.108197
-0.112438
-0.111667
-0.109224
-0.114313
-0.111178
-0.109887
-0.115680
-0.111583
-0.112448
-0.113791
-0.111818
0.089899
0.457635
0.146823
0.168094
0.191761
0.046604
-0.079862
0.045573
0.009845
0.013216
0.049097
-0.005385
0.073350
0.084478
0.037482
0.043602
0.047030
0.062250
0.071484
0.045007
0.018766
-0.009637
-0.034008
-0.032976
-0.045017
-0.054296
-0.081569
-0.083816
-0.082998
-0.102328
-0.092989
-0.100371
-0.094185
-0.094568
-0.103331
-0.111884
-0.107700
-0.108068
-0.111163
-0.112558
-0.097575
-0.100479
-0.108378
-0.104444
-0.104727
-0.109941
-0.098826
-0.106589
-0.102588
-0.093359
-0.099844
-0.099063
-0.095601
-0.098905
-0.091024
-0.090917
-0.098543
-0.094978
-0.100565
-0.106978
-0.100837
-0.103033
-0.110370
-0.106855
-0.113206
-0.110019
-0.109714
-0.115029
-0.111354
-0.109622
-0.109711
-0.111376
-0.112962
-0.112917
-0.113027
-0.112580
-0.113624
-0.111850
-0.110755
-0.111096
-0.113604
-0.110808
-0.112079
-0.113629
-0.110498
-0.114359
-0.110885
-0.110551
-0.115324
-0.110629
-0.110896
-0.115284
-0.110039
-0.112285
-0.113754
-0.111476
-0.113488
-0.112881
-0.112191
-0.113408
1.877969
0.623420
0.285481
0.467222
0.473631
0.497238
0.153358
0.196697
0.123826
-0.001370
0.009054
0.101626
0.088629
0.058331
0.038835
0.018146
0.036193
0.024434
-0.007492
-0.027169
0.001616
-0.007748
-0.042649
-0.036423
-0.037152
-0.053007
-0.049720
-0.089947
-0.087162
-0.068419
-0.070872
-0.089108
-0.070719
-0.109598
-0.105215
-0.103313
-0.099768
-0.103882
-0.103463
-0.110716
-0.094788
-0.109437
-0.084909
-0.110915
-0.091235
-0.087860
-0.105300
-0.094793
-0.084992
-0.109232
-0.086735
-0.095402
-0.105724
-0.083894
-0.096810
-0.104815
-0.088869
-0.101781
-0.101346
-0.093008
-0.110356
-0.097194
-0.094810
-0.112970
-0.100842
-0.104451
-0.113971
-0.101043
-0.108232
-0.104033
-0.104105
-0.108359
-0.106687
-0.106303
-0.106299
-0.105815
-0.108853
-0.105306
-0.107301
-0.107572
-0.104789
-0.110711
-0.106828
-0.105641
-0.110123
-0.103836
-0.106889
-0.108759
-0.104640
-0.108806
-0.107738
-0.105397
-0.108753
-0.106578
-0.106013
-0.108478
-0.106918
-0.107059
-0.107919
-0.106490
0.320636
0.612109
0.470894
0.510947
0.097019
0.376368
0.000419
0.095547
0.028585
0.029901
0.073500
-0.032216
-0.042776
-0.059278
-0.101730
-0.111889
-0.076788
-0.063852
-0.092849
-0.085850
-0.078062
-0.096852
-0.108528
-0.107131
-0.095065
-0.094828
-0.090295
-0.080843
-0.102035
-0.097285
-0.096551
-0.102123
-0.095139
-0.095001
-0.099669
-0.103633
-0.109581
-0.105621
-0.115178
-0.099257
-0.104821
-0.103574
-0.109274
-0.108502
-0.110685
-0.103397
-0.113328
-0.103840
-0.108576
-0.110058
-0.106567
-0.109100
-0.109939
-0.105876
-0.107125
-0.111608
-0.106328
-0.111641
-0.110904
-0.110517
-0.110446
-0.114127
-0.108257
-0.114152
-0.109803
-0.109168
-0.113373
-0.109657
-0.112378
-0.113563
-0.107844
-0.111903
-0.111610
-0.111091
-0.110660
-0.111996
-0.112372
-0.108809
-0.111874
-0.111437
-0.110995
-0.113304
-0.110837
-0.111708
-0.112869
-0.111128
-0.112811
-0.112124
-0.111946
-0.112109
-0.112274
-0.111497
-0.112119
-0.111618
-0.111966
-0.111822
-0.111908
-0.111669
-0.111805
-0.112150
-0.020265
3.686538
1.256262
0.652460
0.768272
0.280859
0.083672
0.027552
0.054035
0.042638
-0.069684
0.020756
-0.049486
-0.047314
-0.037031
-0.085753
-0.075741
-0.058877
-0.092296
-0.088113
-0.074410
-0.096375
-0.095682
-0.083477
-0.103718
-0.095008
-0.094732
-0.108621
-0.098574
-0.094971
-0.101004
-0.101041
-0.095923
-0.095883
-0.081064
-0.098092
-0.112774
-0.095447
-0.097172
-0.107499
-0.090129
-0.104620
-0.108394
-0.111239
-0.110766
-0.107839
-0.109595
-0.114000
-0.106697
-0.112699
-0.109284
-0.107815
-0.113142
-0.107764
-0.110112
-0.112565
-0.108885
-0.113097
-0.111580
-0.110986
-0.115093
-0.111109
-0.114034
-0.112399
-0.112422
-0.115196
-0.112525
-0.110689
-0.113628
-0.108892
-0.111550
-0.110538
-0.111895
-0.110201
-0.113507
-0.113203
-0.111517
-0.111924
-0.110709
-0.113425
-0.111490
-0.113053
-0.113771
-0.112675
-0.113555
-0.113366
-0.113052
-0.113673
-0.113038
-0.113222
-0.113388
-0.112477
-0.113422
-0.112768
-0.112785
-0.113414
-0.112745
-0.113398
-0.113076
-0.112771
0.130008
0.954462
0.806861
0.259929
0.745465
0.149833
0.049999
-0.043786
-0.025204
-0.040730
-0.036924
-0.037273
-0.010359
-0.039774
-0.076286
-0.067504
-0.091189
-0.100885
-0.101385
-0.109887
-0.108188
-0.100762
-0.092418
-0.096006
-0.090324
-0.091382
-0.105855
-0.096809
-0.103424
-0.111700
-0.108946
-0.101897
-0.086739
-0.104527
-0.100717
-0.103702
-0.112362
-0.109037
-0.109662
-0.113480
-0.097112
-0.107635
-0.105431
-0.112578
-0.110583
-0.112692
-0.112798
-0.110019
-0.111481
-0.111378
-0.110950
-0.115971
-0.111267
-0.114128
-0.113207
-0.113908
-0.114016
-0.113920
-0.113508
-0.114043
-0.112656
-0.115058
-0.112365
-0.114142
-0.113276
-0.113196
-0.114126
-0.114852
-0.110612
-0.114410
-0.111879
-0.114851
-0.115382
-0.114272
-0.114066
-0.114863
-0.114594
-0.114045
-0.114968
-0.112958
-0.115222
-0.114836
-0.114213
-0.114620
-0.115039
-0.114435
-0.115676
-0.114728
-0.114999
-0.115004
-0.114977
-0.115051
-0.114900
-0.114650
-0.114900
-0.114593
-0.115387
-0.114596
-0.115079
-0.115235
-0.662275
1.250398
1.794941
-2.288490
-0.116492
-0.116495
1.713467
1.348188
3.860642
-0.934791
-0.116493
-0.116495
-0.113499
0.128099
0.412473
-0.412162
-0.116492
-0.116494
0.385886
0.389363
1.181280
-0.378677
-0.116493
-0.116495
0.152851
2.032813
3.113815
-2.934661
-0.116493
-0.116495
-0.044552
2.475943
3.680267
-3.887146
-0.116493
-0.116495
4.669652
1.312597
7.369150
2.457523
-0.116492
-0.116494
0.433753
0.761510
0.277783
-0.089527
-0.108321
-0.110477
-0.105746
-0.110850
-0.111128
-0.109285
-0.108639
-0.110645
-0.112183
-0.111083
-0.110972
-0.108122
-0.085680
-0.089253
-0.099508
-0.101295
-0.095096
-0.097198
-0.104431
-0.106871
-0.108609
-0.109301
-0.110773
-0.112049
-0.112192
-0.113414
-0.114463
-0.114680
-0.115636
-0.116363
-0.113327
-0.110605
-0.109363
-0.115290
-0.109947
-0.110105
-0.114500
-0.115483
-0.116096
-0.116472
-0.115912
-0.115545
-0.115530
-0.115133
-0.114940
-0.114981
-0.114819
-0.114783
-0.114761
-0.114186
-0.115035
-0.114381
-0.115452
-0.114210
-0.114539
-0.114590
-0.114650
-0.114765
-0.114784
-0.114928
-0.115139
-0.115175
-0.115372
-0.115629
-0.115720
-0.115921
-0.116091
-0.115668
-0.115169
-0.115607
-0.115498
-0.115226
-0.115996
-0.116142
-0.116123
-0.116037
-0.116016
-0.115908
-0.115814
-0.115797
-0.115726
-0.115671
-0.115661
-0.115630
-0.115524
-0.115438
-0.115752
-0.115991
-0.115696
-0.116089
-0.115821
-0.115876
-0.115866
-0.115861
-0.115857
-0.115867
1.722289
0.351738
0.800620
-0.066068
-0.104927
-0.113354
-0.110555
-0.111543
-0.113313
-0.114541
-0.114855
-0.116086
-0.113481
-0.113813
-0.111568
-0.100542
-0.053229
-0.067482
-0.095692
-0.093910
-0.062494
-0.096686
-0.109557
-0.113005
-0.114374
-0.114683
-0.115224
-0.115031
-0.115442
-0.115398
-0.115723
-0.114830
-0.114669
-0.113066
-0.109715
-0.100282
-0.111836
-0.113189
-0.108648
-0.104935
-0.113289
-0.114999
-0.115253
-0.115665
-0.115542
-0.115639
-0.115706
-0.115848
-0.115916
-0.115808
-0.115932
-0.115916
-0.115796
-0.109555
-0.114318
-0.116017
-0.114563
-0.110118
-0.115774
-0.116275
-0.116241
-0.116288
-0.116284
-0.116293
-0.116209
-0.116200
-0.116153
-0.116205
-0.116045
-0.115983
-0.115513
-0.113764
-0.114598
-0.115926
-0.115735
-0.114238
-0.115184
-0.115835
-0.116073
-0.116140
-0.116223
-0.116237
-0.116253
-0.116288
-0.116313
-0.116356
-0.116327
-0.116344
-0.116207
-0.116167
-0.115491
-0.116252
-0.116005
-0.116084
-0.115913
-0.116403
-0.116392
-0.116389
-0.116369
-0.116383
-0.111283
0.028555
-0.023440
-0.099159
-0.113652
-0.112882
-0.114415
-0.113642
-0.114044
-0.114552
-0.114283
-0.114646
-0.114929
-0.115178
-0.115631
-0.113309
-0.110874
-0.114434
-0.109936
-0.108762
-0.111667
-0.115257
-0.115104
-0.115780
-0.116178
-0.116166
-0.116325
-0.116250
-0.116465
-0.116289
-0.116135
-0.116102
-0.115824
-0.115485
-0.115688
-0.115518
-0.115066
-0.115694
-0.116017
-0.114995
-0.115501
-0.115946
-0.116021
-0.116044
-0.116047
-0.116059
-0.116082
-0.116100
-0.116119
-0.116133
-0.116142
-0.116159
-0.116335
-0.115914
-0.116034
-0.116260
-0.115788
-0.115746
-0.116253
-0.116385
-0.116395
-0.116362
-0.116366
-0.116343
-0.116302
-0.116311
-0.116290
-0.116268
-0.116256
-0.116211
-0.116087
-0.115994
-0.116262
-0.116455
-0.116415
-0.116419
-0.116170
-0.116163
-0.116221
-0.116253
-0.116263
-0.116278
-0.116293
-0.116288
-0.116303
-0.116313
-0.116315
-0.116329
-0.116339
-0.116346
-0.116285
-0.116238
-0.116268
-0.116293
-0.116317
-0.116317
-0.116309
-0.116308
-0.116306
-0.116306
0.386335
0.220531
-0.009630
-0.074598
-0.114204
-0.115371
-0.114712
-0.116150
-0.115998
-0.115881
-0.115906
-0.116144
-0.115852
-0.115823
-0.114968
-0.112377
-0.107332
-0.102356
-0.111889
-0.109935
-0.106485
-0.111378
-0.114281
-0.114644
-0.114856
-0.115355
-0.115406
-0.115570
-0.115728
-0.115874
-0.115907
-0.116148
-0.116089
-0.116049
-0.114966
-0.113819
-0.114225
-0.116088
-0.113456
-0.115212
-0.115654
-0.116096
-0.116251
-0.116261
-0.116264
-0.116224
-0.116197
-0.116177
-0.116167
-0.116093
-0.116119
-0.116139
-0.115974
-0.115387
-0.115545
-0.116059
-0.115667
-0.115494
-0.115967
-0.116100
-0.116096
-0.116087
-0.116141
-0.116151
-0.116172
-0.116197
-0.116227
-0.116235
-0.116277
-0.116263
-0.116188
-0.116294
-0.115810
-0.116331
-0.116221
-0.115934
-0.116407
-0.116298
-0.116317
-0.116328
-0.116314
-0.116311
-0.116301
-0.116292
-0.116287
-0.116285
-0.116270
-0.116273
-0.116264
-0.116249
-0.116186
-0.116316
-0.116288
-0.116435
-0.116244
-0.116334
-0.116317
-0.116311
-0.116309
-0.116311
0.141835
1.396558
-0.005299
-0.083309
-0.113854
-0.112925
-0.111780
-0.111866
-0.111416
-0.111222
-0.111135
-0.111092
-0.111093
-0.110380
-0.109114
-0.105699
-0.098852
-0.070069
-0.083074
-0.070756
-0.095027
-0.103647
-0.108242
-0.109780
-0.110937
-0.111854
-0.112510
-0.113106
-0.113628
-0.114091
-0.114479
-0.114760
-0.114914
-0.114730
-0.114196
-0.112416
-0.103664
-0.110458
-0.106411
-0.112869
-0.114534
-0.115234
-0.115568
-0.115709
-0.115699
-0.115633
-0.115547
-0.115460
-0.115387
-0.115308
-0.115259
-0.115233
-0.114974
-0.114991
-0.111468
-0.115079
-0.111826
-0.114890
-0.114917
-0.115148
-0.115189
-0.115246
-0.115319
-0.115386
-0.115462
-0.115541
-0.115621
-0.115695
-0.115749
-0.115768
-0.115670
-0.115452
-0.114373
-0.115361
-0.114732
-0.115406
-0.115803
-0.115919
-0.115983
-0.115992
-0.115981
-0.115957
-0.115931
-0.115906
-0.115884
-0.115866
-0.115849
-0.115842
-0.115837
-0.115734
-0.115684
-0.115555
-0.115637
-0.116391
-0.116094
-0.116019
-0.116004
-0.115996
-0.115993
-0.115993
-0.062435
1.717238
-0.089260
-0.078478
-0.107144
-0.108946
-0.109559
-0.110858
-0.111662
-0.112321
-0.112983
-0.113702
-0.114287
-0.115208
-0.116349
-0.111082
-0.109872
-0.063767
-0.068638
-0.050917
-0.099736
-0.114023
-0.114751
-0.116309
-0.116337
-0.116044
-0.115938
-0.115793
-0.115638
-0.115484
-0.115353
-0.115116
-0.114865
-0.114185
-0.114280
-0.110086
-0.100775
-0.108295
-0.104696
-0.114093
-0.114083
-0.114817
-0.114977
-0.115068
-0.115149
-0.115230
-0.115306
-0.115383
-0.115465
-0.115548
-0.115617
-0.115682
-0.116084
-0.115542
-0.109897
-0.115591
-0.109552
-0.115797
-0.115963
-0.116053
-0.116018
-0.116005
-0.115961
-0.115927
-0.115889
-0.115848
-0.115806
-0.115770
-0.115723
-0.115663
-0.115466
-0.115429
-0.113559
-0.115092
-0.114335
-0.114807
-0.115634
-0.115635
-0.115744
-0.115787
-0.115822
-0.115845
-0.115869
-0.115890
-0.115909
-0.115923
-0.115942
-0.115955
-0.115970
-0.116095
-0.115959
-0.115045
-0.115640
-0.115874
-0.115942
-0.115975
-0.115952
-0.115947
-0.115944
-0.115942
