-2.492166
2.436175
1.375587
-8.835130
-0.117018
-0.117016
0.025460
1.571943
5.776439
-3.758887
-0.117016
-0.117014
1.867936
2.226446
6.334490
-4.578912
-0.117018
-0.117014
-0.637830
1.723364
3.478321
-4.395936
-0.117017
-0.117017
-0.001139
6.171346
8.718930
-10.113667
-0.117017
-0.117018
-0.306982
2.950742
5.131714
-7.189217
-0.117017
-0.117017
7.100478
-0.116436
7.101597
7.099750
-0.117015
-0.117017
9.382168
3.266695
15.655984
3.657139
-0.117016
-0.117018
2.261333
0.860589
1.220416
0.249742
-0.035190
0.220181
0.043296
0.075325
0.061539
-0.005789
-0.023552
0.029295
0.073928
-0.054104
0.006251
-0.006164
-0.069355
-0.083778
-0.066205
-0.059935
-0.101642
-0.074726
-0.034091
-0.073954
-0.076898
-0.062337
-0.086949
-0.102791
-0.066234
-0.078443
-0.092961
-0.097937
-0.102090
-0.111197
-0.077380
-0.112499
-0.111826
-0.097658
-0.098290
-0.098173
-0.101025
-0.101770
-0.112644
-0.102056
-0.111729
-0.109824
-0.095810
-0.107397
-0.098036
-0.099104
-0.116016
-0.098924
-0.099672
-0.111407
-0.105657
-0.103822
-0.111502
-0.109781
-0.104588
-0.112971
-0.108814
-0.111072
-0.111935
-0.106105
-0.112244
-0.105300
-0.107513
-0.109575
-0.114462
-0.110578
-0.114022
-0.109931
-0.109105
-0.111410
-0.109916
-0.111328
-0.110339
-0.112957
-0.110769
-0.112539
-0.112339
-0.109459
-0.111196
-0.112665
-0.110654
-0.114557
-0.112422
-0.112348
-0.114340
-0.111702
-0.112457
-0.112816
-0.111654
-0.112058
-0.112388
-0.111539
-0.111574
-0.112771
-0.111903
-0.112985
0.023280
0.604123
0.266021
0.216637
0.255716
0.095695
-0.069423
0.088309
0.030205
0.026858
0.084965
0.037680
-0.012088
0.070615
0.072355
0.045378
0.071182
0.079216
0.055324
0.030167
0.025760
-0.014905
-0.028785
-0.018071
-0.049092
-0.067131
-0.068124
-0.071318
-0.089692
-0.091266
-0.105635
-0.106899
-0.102131
-0.089486
-0.105643
-0.110498
-0.110321
-0.105736
-0.104692
-0.115341
-0.102610
-0.098360
-0.113293
-0.103869
-0.108012
-0.107130
-0.101749
-0.103785
-0.106602
-0.103628
-0.095156
-0.093652
-0.097150
-0.092388
-0.092906
-0.100002
-0.096761
-0.097939
-0.101932
-0.100081
-0.101928
-0.105401
-0.110218
-0.108604
-0.110537
-0.112433
-0.113840
-0.113008
-0.116310
-0.112326
-0.112306
-0.115116
-0.114753
-0.114242
-0.114159
-0.115985
-0.115010
-0.113396
-0.114844
-0.115949
-0.115253
-0.115211
-0.115098
-0.114600
-0.114276
-0.115193
-0.113525
-0.113453
-0.113899
-0.114111
-0.114029
-0.114449
-0.114554
-0.114449
-0.114247
-0.115378
-0.115103
-0.115647
-0.116341
-0.116115
1.872565
0.749333
0.370545
0.609634
0.501488
0.496088
0.264493
0.145512
0.089667
0.071300
-0.008400
0.105320
0.075134
-0.038237
0.021062
-0.018159
-0.099404
-0.050073
-0.090857
-0.073815
-0.083480
-0.093796
-0.053044
-0.068486
-0.080923
-0.063207
-0.076276
-0.106134
-0.078060
-0.064779
-0.083418
-0.080584
-0.096866
-0.106346
-0.103437
-0.108375
-0.110775
-0.104291
-0.109196
-0.104563
-0.094713
-0.102394
-0.100600
-0.114005
-0.109988
-0.097686
-0.103900
-0.103940
-0.099727
-0.107278
-0.109208
-0.105595
-0.109899
-0.114590
-0.112391
-0.113578
-0.111235
-0.114132
-0.111447
-0.107471
-0.112163
-0.111114
-0.107283
-0.111812
-0.110492
-0.107404
-0.110400
-0.113439
-0.115813
-0.114967
-0.112271
-0.112772
-0.115010
-0.114575
-0.114500
-0.115599
-0.112992
-0.114899
-0.115436
-0.116142
-0.115054
-0.113484
-0.113222
-0.115347
-0.114806
-0.114224
-0.115938
-0.115477
-0.115024
-0.116551
-0.116294
-0.116115
-0.116688
-0.116444
-0.116613
-0.116521
-0.116170
-0.116376
-0.116844
-0.116697
0.406648
0.567007
0.422568
0.558419
0.160429
0.353942
-0.013749
0.179046
-0.027446
-0.028723
0.059965
-0.031124
-0.066611
-0.063435
-0.095678
-0.108715
-0.106878
-0.112027
-0.101415
-0.103341
-0.102741
-0.111578
-0.109744
-0.103011
-0.101796
-0.105907
-0.095250
-0.084023
-0.106455
-0.092169
-0.099274
-0.103118
-0.089559
-0.090268
-0.096673
-0.105686
-0.105999
-0.105032
-0.112517
-0.098290
-0.100817
-0.105443
-0.107945
-0.108363
-0.105879
-0.102908
-0.110564
-0.101084
-0.106795
-0.107551
-0.104061
-0.107786
-0.107776
-0.107925
-0.110000
-0.108599
-0.108895
-0.106849
-0.108546
-0.107195
-0.107548
-0.111215
-0.108141
-0.111475
-0.111137
-0.107514
-0.111967
-0.108200
-0.111350
-0.111641
-0.105761
-0.109387
-0.110249
-0.109329
-0.109118
-0.110506
-0.110417
-0.106728
-0.110006
-0.109907
-0.109899
-0.111570
-0.109354
-0.110825
-0.111008
-0.109924
-0.110878
-0.110313
-0.110088
-0.110306
-0.110058
-0.110440
-0.110255
-0.110611
-0.110755
-0.110383
-0.110469
-0.110083
-0.110158
-0.110550
0.026772
3.816877
1.376680
0.629061
0.899387
0.253987
0.083007
0.065706
0.082226
0.124997
0.015068
0.072210
0.039245
-0.003227
-0.010694
-0.036890
-0.057764
-0.044117
-0.058866
-0.063846
-0.057279
-0.067405
-0.070731
-0.073297
-0.091782
-0.089565
-0.097097
-0.107562
-0.095225
-0.079612
-0.094445
-0.090195
-0.084796
-0.092403
-0.091837
-0.088023
-0.109666
-0.102315
-0.101685
-0.098595
-0.097919
-0.112502
-0.110335
-0.110497
-0.109120
-0.100669
-0.109304
-0.106676
-0.107983
-0.112815
-0.110971
-0.112872
-0.114206
-0.109137
-0.111765
-0.111137
-0.109231
-0.113212
-0.110465
-0.112492
-0.115583
-0.113539
-0.113487
-0.114713
-0.111931
-0.111889
-0.110924
-0.113097
-0.112735
-0.111875
-0.113943
-0.114122
-0.112253
-0.113890
-0.116555
-0.113898
-0.114827
-0.114470
-0.112581
-0.115786
-0.113624
-0.114690
-0.114488
-0.114627
-0.116265
-0.114925
-0.115616
-0.116054
-0.114995
-0.115433
-0.115843
-0.114568
-0.116402
-0.115090
-0.115381
-0.116187
-0.115370
-0.115724
-0.115716
-0.114986
0.063216
1.339020
0.964142
0.296106
0.853663
0.323272
0.008837
-0.059706
-0.035184
-0.010749
-0.027222
-0.038587
-0.015397
-0.020629
-0.060816
-0.062955
-0.066422
-0.083674
-0.081979
-0.073234
-0.075178
-0.071111
-0.082303
-0.090854
-0.086811
-0.108576
-0.108541
-0.106973
-0.102834
-0.103509
-0.097134
-0.098156
-0.077351
-0.101133
-0.102890
-0.110423
-0.111996
-0.103241
-0.106529
-0.110136
-0.102881
-0.103652
-0.108128
-0.113391
-0.108405
-0.111518
-0.108285
-0.110080
-0.113460
-0.109911
-0.113980
-0.114980
-0.111970
-0.113498
-0.111952
-0.110187
-0.113765
-0.109559
-0.114111
-0.113210
-0.113572
-0.115978
-0.115889
-0.114139
-0.115831
-0.111406
-0.114721
-0.112331
-0.111748
-0.112418
-0.113431
-0.116615
-0.116330
-0.114544
-0.113842
-0.115980
-0.114985
-0.116075
-0.114590
-0.113213
-0.114910
-0.114962
-0.114252
-0.116115
-0.115104
-0.115763
-0.115801
-0.115084
-0.115389
-0.115272
-0.114762
-0.116251
-0.114673
-0.115610
-0.115136
-0.115317
-0.115657
-0.115332
-0.115127
-0.115919
-0.823167
1.201798
1.845289
-2.205663
-0.117015
-0.117018
1.689265
1.339678
3.591594
-1.164055
-0.117017
-0.117018
-0.119287
0.079910
0.239674
-0.343311
-0.117015
-0.117018
0.363309
1.102994
2.321053
-1.330139
-0.117016
-0.117019
-0.107787
1.956167
2.541251
-3.379393
-0.117017
-0.117019
-0.055509
2.366817
3.782445
-3.465414
-0.117016
-0.117019
4.841404
1.357002
7.192192
2.069886
-0.117017
-0.117018
0.576502
0.683611
0.367645
-0.110319
-0.106591
-0.107061
-0.108779
-0.112999
-0.112705
-0.113676
-0.113999
-0.113313
-0.112629
-0.113345
-0.112253
-0.107700
-0.077790
-0.113333
-0.087160
-0.079629
-0.098378
-0.103631
-0.111964
-0.113908
-0.114442
-0.114329
-0.114798
-0.115199
-0.115735
-0.116053
-0.116020
-0.115973
-0.116045
-0.115522
-0.112750
-0.111020
-0.107448
-0.111129
-0.115566
-0.110017
-0.115196
-0.115770
-0.115938
-0.116070
-0.116271
-0.116319
-0.116379
-0.116470
-0.116522
-0.116689
-0.116812
-0.116832
-0.116897
-0.113238
-0.114165
-0.116698
-0.114074
-0.113795
-0.116710
-0.116656
-0.116709
-0.116750
-0.116687
-0.116688
-0.116708
-0.116776
-0.116829
-0.116806
-0.116759
-0.116713
-0.116564
-0.115406
-0.116892
-0.115747
-0.115422
-0.116299
-0.116217
-0.116691
-0.116791
-0.116819
-0.116834
-0.116865
-0.116871
-0.116870
-0.116874
-0.116870
-0.116888
-0.116889
-0.116922
-0.116801
-0.116660
-0.116544
-0.116763
-0.116945
-0.116694
-0.116991
-0.116985
-0.116967
-0.116956
-0.116941
1.686821
0.476918
0.712033
-0.054817
-0.092763
-0.093303
-0.096928
-0.104863
-0.101070
-0.105291
-0.109156
-0.109035
-0.109978
-0.112015
-0.108547
-0.100826
-0.060570
-0.064669
-0.114763
-0.111128
-0.066460
-0.099093
-0.108626
-0.111234
-0.113046
-0.113029
-0.114023
-0.114432
-0.114603
-0.115060
-0.115992
-0.116263
-0.116556
-0.115296
-0.112183
-0.100922
-0.115196
-0.116697
-0.107913
-0.106960
-0.113718
-0.114914
-0.115183
-0.115290
-0.115745
-0.115699
-0.115959
-0.116329
-0.116445
-0.116674
-0.116879
-0.116762
-0.116167
-0.110282
-0.114634
-0.116533
-0.114575
-0.111574
-0.115927
-0.116149
-0.116147
-0.116342
-0.116451
-0.116529
-0.116731
-0.116867
-0.116875
-0.116828
-0.116750
-0.116518
-0.116144
-0.114541
-0.115123
-0.116688
-0.116412
-0.115004
-0.115734
-0.116278
-0.116474
-0.116614
-0.116661
-0.116763
-0.116819
-0.116846
-0.116832
-0.116848
-0.116801
-0.116739
-0.116828
-0.116511
-0.116095
-0.116710
-0.116557
-0.116523
-0.116325
-0.116647
-0.116716
-0.116753
-0.116764
-0.116790
-0.114151
0.008914
-0.067215
-0.091911
-0.108767
-0.110061
-0.112262
-0.114752
-0.112456
-0.115100
-0.114173
-0.114952
-0.115392
-0.115296
-0.115095
-0.115130
-0.112352
-0.111299
-0.114879
-0.114632
-0.112255
-0.113033
-0.115526
-0.115186
-0.115502
-0.115769
-0.115680
-0.115905
-0.116087
-0.115974
-0.116259
-0.116166
-0.116060
-0.116227
-0.115338
-0.115593
-0.115988
-0.116009
-0.116204
-0.115659
-0.116088
-0.116096
-0.116168
-0.116244
-0.116354
-0.116312
-0.116470
-0.116385
-0.116503
-0.116448
-0.116404
-0.116384
-0.116218
-0.116157
-0.116943
-0.116418
-0.116672
-0.116251
-0.116170
-0.116372
-0.116377
-0.116429
-0.116499
-0.116469
-0.116536
-0.116527
-0.116533
-0.116539
-0.116520
-0.116490
-0.116521
-0.116350
-0.116529
-0.116459
-0.116441
-0.116553
-0.116400
-0.116511
-0.116502
-0.116522
-0.116541
-0.116547
-0.116550
-0.116565
-0.116547
-0.116560
-0.116550
-0.116533
-0.116544
-0.116500
-0.116501
-0.116588
-0.116526
-0.116612
-0.116541
-0.116543
-0.116552
-0.116558
-0.116559
-0.116569
0.367645
0.732860
-0.023569
-0.025201
-0.101249
-0.109695
-0.113049
-0.115477
-0.115832
-0.114930
-0.114265
-0.113972
-0.113946
-0.114172
-0.115085
-0.113157
-0.105613
-0.083313
-0.103023
-0.097356
-0.099010
-0.105454
-0.112636
-0.113472
-0.114729
-0.115457
-0.116086
-0.116614
-0.116763
-0.116436
-0.116136
-0.115915
-0.115845
-0.115472
-0.115461
-0.114265
-0.109122
-0.112798
-0.111801
-0.115341
-0.114662
-0.115735
-0.116128
-0.116432
-0.116707
-0.116954
-0.116864
-0.116680
-0.116532
-0.116416
-0.116305
-0.116308
-0.116103
-0.116574
-0.113673
-0.115960
-0.114655
-0.116079
-0.115747
-0.116388
-0.116480
-0.116641
-0.116768
-0.116885
-0.116984
-0.116917
-0.116820
-0.116731
-0.116649
-0.116601
-0.116377
-0.116909
-0.116195
-0.115867
-0.115661
-0.116468
-0.116664
-0.116600
-0.116702
-0.116778
-0.116837
-0.116883
-0.116901
-0.116885
-0.116850
-0.116813
-0.116777
-0.116753
-0.116726
-0.116686
-0.116678
-0.116606
-0.116601
-0.116858
-0.116843
-0.116757
-0.116810
-0.116828
-0.116849
-0.116863
-0.116693
1.331054
0.090522
-0.111640
-0.102041
-0.107164
-0.109696
-0.109968
-0.109636
-0.109098
-0.108474
-0.108151
-0.107941
-0.107905
-0.108088
-0.107781
-0.097319
-0.066740
-0.090818
-0.080396
-0.093954
-0.101493
-0.109091
-0.111293
-0.112959
-0.114310
-0.115261
-0.115883
-0.116063
-0.115872
-0.115636
-0.115507
-0.115457
-0.115610
-0.114746
-0.113849
-0.103266
-0.109866
-0.108483
-0.112319
-0.115259
-0.115692
-0.116170
-0.116522
-0.116616
-0.116466
-0.116253
-0.116053
-0.115899
-0.115780
-0.115718
-0.115724
-0.115589
-0.116474
-0.111274
-0.115725
-0.112889
-0.115948
-0.116035
-0.116445
-0.116605
-0.116737
-0.116822
-0.116808
-0.116752
-0.116691
-0.116648
-0.116623
-0.116640
-0.116687
-0.116742
-0.116521
-0.115563
-0.115292
-0.114935
-0.116194
-0.116298
-0.116697
-0.116803
-0.116894
-0.116961
-0.116959
-0.116918
-0.116878
-0.116844
-0.116818
-0.116794
-0.116776
-0.116789
-0.116593
-0.116772
-0.116314
-0.116551
-0.116634
-0.116929
-0.116946
-0.116957
-0.116968
-0.116981
-0.116998
-0.055446
1.621102
0.047532
-0.040025
-0.083774
-0.090874
-0.095222
-0.098547
-0.101607
-0.104327
-0.106880
-0.109220
-0.111262
-0.112527
-0.113298
-0.115495
-0.106481
-0.049250
-0.090504
-0.084492
-0.069650
-0.093529
-0.101349
-0.103261
-0.105219
-0.107012
-0.108493
-0.109772
-0.110803
-0.111509
-0.111820
-0.111662
-0.111289
-0.111022
-0.108985
-0.103097
-0.104302
-0.108089
-0.103450
-0.112258
-0.111934
-0.111960
-0.112384
-0.112887
-0.113341
-0.113796
-0.114158
-0.114365
-0.114368
-0.114199
-0.113892
-0.113539
-0.112819
-0.112403
-0.114036
-0.112955
-0.114511
-0.111684
-0.112296
-0.112920
-0.113217
-0.113542
-0.113870
-0.114166
-0.114396
-0.114533
-0.114563
-0.114505
-0.114353
-0.114185
-0.114119
-0.114020
-0.112756
-0.113146
-0.112990
-0.112914
-0.113685
-0.113898
-0.113996
-0.114135
-0.114267
-0.114357
-0.114410
-0.114423
-0.114398
-0.114344
-0.114272
-0.114183
-0.114094
-0.114066
-0.113633
-0.114782
-0.114058
-0.114924
-0.114396
-0.114353
-0.114391
-0.114424
-0.114457
-0.114476
