-2.203043
2.816278
3.967203
-14.480850
-0.114533
-0.114525
-0.011806
1.098156
3.020213
-3.325257
-0.114531
-0.114530
1.793861
2.145376
9.910407
-4.233563
-0.114531
-0.114527
-0.609413
1.670100
5.177654
-4.009857
-0.114530
-0.114529
0.000786
5.458091
7.633384
-9.084866
-0.114532
-0.114533
-0.200326
2.385372
4.365530
-4.982800
-0.114531
-0.114532
6.542314
-0.114005
6.543673
6.541506
-0.114530
-0.114530
8.468855
2.907274
14.391951
3.323564
-0.114530
-0.114532
1.978033
0.686984
1.093353
0.257371
-0.001331
0.085692
0.158765
0.251941
0.249192
0.106832
0.156887
0.254781
0.280536
0.282051
0.279231
0.274374
0.268572
0.229116
0.195628
0.194048
0.162767
0.120231
0.100502
0.060087
0.050648
0.014235
-0.038797
-0.048583
-0.044941
-0.067830
-0.078289
-0.082124
-0.102462
-0.105825
-0.086046
-0.097082
-0.105947
-0.108614
-0.094841
-0.098981
-0.106319
-0.112202
-0.109712
-0.084947
-0.093760
-0.101902
-0.091255
-0.083973
-0.085029
-0.075253
-0.077039
-0.071223
-0.070271
-0.076270
-0.073201
-0.071221
-0.077142
-0.077673
-0.081520
-0.085312
-0.084280
-0.090256
-0.098968
-0.097202
-0.103087
-0.105037
-0.108039
-0.107007
-0.107085
-0.110317
-0.110235
-0.111431
-0.110198
-0.114208
-0.113337
-0.110034
-0.112758
-0.112404
-0.111809
-0.109065
-0.111699
-0.110782
-0.110746
-0.110203
-0.108329
-0.110335
-0.107618
-0.107211
-0.109680
-0.107765
-0.108176
-0.110295
-0.108413
-0.109707
-0.111365
-0.109412
-0.112233
-0.112655
-0.111592
-0.113846
-0.020993
0.451172
0.295591
0.008261
0.168369
0.083412
-0.027035
0.044859
-0.057018
-0.041142
-0.073298
-0.106918
-0.010176
-0.075502
-0.041841
-0.005084
-0.047793
-0.046044
-0.006986
-0.050664
-0.073031
-0.053331
-0.061690
-0.076704
-0.074349
-0.103553
-0.093162
-0.098533
-0.095522
-0.096060
-0.101429
-0.102417
-0.097157
-0.093898
-0.100257
-0.102896
-0.108790
-0.105592
-0.106498
-0.109547
-0.107467
-0.094553
-0.106357
-0.099975
-0.109357
-0.107883
-0.102421
-0.107267
-0.099329
-0.111328
-0.103912
-0.099741
-0.108190
-0.097867
-0.102641
-0.108494
-0.100786
-0.105592
-0.110190
-0.099757
-0.110901
-0.109585
-0.109428
-0.109223
-0.106053
-0.109961
-0.106373
-0.110997
-0.110313
-0.106782
-0.106839
-0.107275
-0.110638
-0.109090
-0.108696
-0.110755
-0.109304
-0.108371
-0.107328
-0.109513
-0.109958
-0.108911
-0.110222
-0.108531
-0.109627
-0.109415
-0.110157
-0.110609
-0.108027
-0.110470
-0.109723
-0.108581
-0.110753
-0.109432
-0.108504
-0.110413
-0.109176
-0.109533
-0.109938
-0.109011
1.803744
0.584088
0.275893
0.437993
0.490696
0.489323
0.202969
0.274365
0.111846
0.016231
0.040016
0.184613
0.135027
0.102494
0.122624
0.070978
0.090814
0.074165
0.036315
0.055707
0.038870
-0.000936
0.012806
-0.011367
-0.019129
-0.015841
-0.069703
-0.069803
-0.059165
-0.082117
-0.086918
-0.067006
-0.091482
-0.083501
-0.113029
-0.108646
-0.106566
-0.102720
-0.103602
-0.106907
-0.105972
-0.089486
-0.108918
-0.082706
-0.098535
-0.112793
-0.094537
-0.091730
-0.098228
-0.085366
-0.094355
-0.088734
-0.084349
-0.096862
-0.089285
-0.085723
-0.098926
-0.089706
-0.093338
-0.101631
-0.091050
-0.098486
-0.105273
-0.098225
-0.108148
-0.109237
-0.105342
-0.110746
-0.104045
-0.106260
-0.107584
-0.108534
-0.108968
-0.108516
-0.108459
-0.108559
-0.108348
-0.109797
-0.106805
-0.106748
-0.111011
-0.107884
-0.110341
-0.110616
-0.105950
-0.110999
-0.107408
-0.106014
-0.113012
-0.107081
-0.107638
-0.112320
-0.106857
-0.109143
-0.110397
-0.107612
-0.110123
-0.109858
-0.108587
-0.110363
0.379197
0.528820
0.516270
0.557006
-0.052667
0.289681
-0.053329
0.137244
-0.026792
0.051853
0.003128
-0.018190
-0.043139
-0.071630
-0.081516
-0.086963
-0.051578
-0.061388
-0.070186
-0.063478
-0.066946
-0.095556
-0.102737
-0.086132
-0.105933
-0.092403
-0.087882
-0.098122
-0.090023
-0.101029
-0.091246
-0.102155
-0.097454
-0.111311
-0.094440
-0.108786
-0.110610
-0.112086
-0.105833
-0.106961
-0.103001
-0.104942
-0.105876
-0.107388
-0.105954
-0.110871
-0.105686
-0.110662
-0.107613
-0.110483
-0.112304
-0.110396
-0.109350
-0.110476
-0.110628
-0.108099
-0.109715
-0.111560
-0.111383
-0.112434
-0.111562
-0.112161
-0.111607
-0.110752
-0.111443
-0.111989
-0.110091
-0.112822
-0.111641
-0.111757
-0.112437
-0.111051
-0.113521
-0.112934
-0.112885
-0.113375
-0.111419
-0.113235
-0.111820
-0.113375
-0.113776
-0.112347
-0.112802
-0.113248
-0.112430
-0.114217
-0.113336
-0.112903
-0.114082
-0.113510
-0.113385
-0.114161
-0.113068
-0.113794
-0.113524
-0.113633
-0.113757
-0.113450
-0.113556
-0.113814
0.021971
3.329005
1.246083
0.736926
0.750705
0.198499
0.041795
0.034815
0.073061
0.100103
0.008123
0.043877
0.006684
-0.039475
-0.046393
-0.059312
-0.092836
-0.103598
-0.088065
-0.090396
-0.111666
-0.090744
-0.075097
-0.103548
-0.077057
-0.076213
-0.104036
-0.077631
-0.093052
-0.108196
-0.100189
-0.101290
-0.086580
-0.088337
-0.104457
-0.079194
-0.105192
-0.105615
-0.103731
-0.085932
-0.100008
-0.103351
-0.104290
-0.110014
-0.104622
-0.102085
-0.113085
-0.102365
-0.104600
-0.110474
-0.103447
-0.109010
-0.108921
-0.107341
-0.109536
-0.110223
-0.108259
-0.108290
-0.111073
-0.108002
-0.107739
-0.112092
-0.106341
-0.110370
-0.109408
-0.107998
-0.110227
-0.108589
-0.105281
-0.111726
-0.107846
-0.108603
-0.106233
-0.110025
-0.110558
-0.107269
-0.109431
-0.108213
-0.111178
-0.107667
-0.109335
-0.110050
-0.109045
-0.109854
-0.110468
-0.109072
-0.110393
-0.109754
-0.109484
-0.110491
-0.109960
-0.109801
-0.109740
-0.110096
-0.110033
-0.109998
-0.110362
-0.109510
-0.110007
-0.110041
-0.040106
1.067823
0.840519
0.227377
0.610338
0.176814
0.033656
-0.017509
-0.029357
-0.026550
-0.050025
-0.048866
-0.007805
-0.050347
-0.060769
-0.071125
-0.082395
-0.084576
-0.091358
-0.091767
-0.085883
-0.095511
-0.101631
-0.087832
-0.088984
-0.099144
-0.095353
-0.100756
-0.107304
-0.107268
-0.109252
-0.102417
-0.091427
-0.088729
-0.106185
-0.106938
-0.104313
-0.106368
-0.101100
-0.110786
-0.106496
-0.098507
-0.110795
-0.108180
-0.111099
-0.112272
-0.111861
-0.111328
-0.109166
-0.109143
-0.111534
-0.110379
-0.110006
-0.112608
-0.111876
-0.109834
-0.113091
-0.111967
-0.111754
-0.113136
-0.110775
-0.111454
-0.112508
-0.110745
-0.112568
-0.113309
-0.111959
-0.111706
-0.114119
-0.108254
-0.113433
-0.112864
-0.112153
-0.112176
-0.111929
-0.112408
-0.112986
-0.113390
-0.110581
-0.113164
-0.112845
-0.112554
-0.113065
-0.112988
-0.112199
-0.113664
-0.112760
-0.112827
-0.113712
-0.112890
-0.113077
-0.113520
-0.112987
-0.113215
-0.113059
-0.113053
-0.112993
-0.113437
-0.113035
-0.113400
-0.677274
1.140932
1.678223
-2.039282
-0.114530
-0.114533
1.562363
1.186826
3.422670
-0.887152
-0.114532
-0.114532
-0.053866
0.297655
0.736723
-0.457911
-0.114530
-0.114532
0.235146
1.041656
2.561774
-1.107637
-0.114530
-0.114533
0.264137
1.905786
2.762051
-2.893879
-0.114531
-0.114533
-0.247058
2.291327
3.041876
-3.747566
-0.114531
-0.114533
4.742011
1.203572
7.085032
2.467616
-0.114531
-0.114532
0.437639
0.699492
0.243947
-0.100638
-0.109830
-0.107905
-0.108254
-0.111127
-0.111370
-0.113030
-0.112709
-0.111946
-0.110413
-0.109783
-0.109389
-0.106007
-0.081283
-0.103454
-0.087994
-0.079992
-0.103357
-0.102829
-0.110519
-0.112410
-0.112857
-0.113262
-0.113679
-0.114042
-0.114338
-0.114041
-0.113865
-0.113697
-0.113597
-0.113040
-0.110666
-0.110809
-0.105400
-0.109040
-0.112144
-0.109098
-0.113381
-0.113949
-0.114043
-0.114143
-0.114304
-0.114355
-0.114488
-0.114446
-0.114452
-0.114358
-0.114356
-0.114458
-0.114451
-0.111498
-0.111397
-0.114395
-0.111581
-0.112150
-0.114247
-0.114359
-0.114337
-0.114322
-0.114368
-0.114370
-0.114434
-0.114405
-0.114355
-0.114301
-0.114263
-0.114240
-0.114092
-0.113140
-0.114046
-0.113376
-0.112995
-0.114108
-0.113879
-0.114292
-0.114370
-0.114401
-0.114438
-0.114446
-0.114462
-0.114433
-0.114422
-0.114416
-0.114418
-0.114425
-0.114334
-0.114210
-0.114332
-0.113992
-0.114211
-0.114367
-0.114226
-0.114462
-0.114479
-0.114487
-0.114493
-0.114493
1.559851
0.352617
0.669461
-0.086218
-0.099054
-0.109433
-0.109357
-0.109751
-0.111372
-0.110142
-0.109529
-0.110380
-0.109090
-0.109263
-0.108415
-0.100187
-0.056451
-0.069054
-0.111134
-0.109875
-0.068544
-0.094274
-0.106423
-0.110073
-0.111249
-0.111210
-0.112074
-0.111931
-0.112375
-0.112460
-0.112725
-0.112505
-0.112548
-0.111407
-0.108391
-0.099925
-0.113577
-0.113382
-0.107462
-0.103699
-0.111557
-0.112720
-0.112966
-0.112971
-0.113263
-0.113222
-0.113410
-0.113425
-0.113543
-0.113451
-0.113585
-0.113512
-0.113914
-0.108410
-0.112164
-0.113677
-0.113788
-0.108267
-0.113974
-0.114018
-0.113893
-0.113848
-0.113920
-0.113878
-0.113945
-0.113935
-0.113961
-0.113928
-0.114000
-0.114005
-0.114083
-0.112596
-0.112110
-0.113774
-0.113910
-0.111748
-0.113948
-0.114260
-0.114096
-0.114068
-0.114048
-0.114040
-0.114045
-0.114045
-0.114033
-0.114042
-0.114046
-0.114068
-0.114097
-0.114249
-0.113172
-0.114092
-0.113760
-0.113672
-0.114029
-0.114063
-0.114015
-0.114019
-0.114007
-0.114017
-0.054209
0.155698
-0.014383
-0.082694
-0.113759
-0.111319
-0.110837
-0.110934
-0.113004
-0.114278
-0.113748
-0.113460
-0.113965
-0.113158
-0.112401
-0.111127
-0.104427
-0.103786
-0.111307
-0.109257
-0.107636
-0.108338
-0.112602
-0.112512
-0.112879
-0.113038
-0.113536
-0.113677
-0.113633
-0.113660
-0.113832
-0.113640
-0.113713
-0.113574
-0.113125
-0.113085
-0.112136
-0.114081
-0.111960
-0.112143
-0.113634
-0.113605
-0.113754
-0.113835
-0.113963
-0.113960
-0.113929
-0.113935
-0.113975
-0.113924
-0.113996
-0.114001
-0.114247
-0.113770
-0.113031
-0.114054
-0.113338
-0.113393
-0.114082
-0.114107
-0.114152
-0.114173
-0.114175
-0.114149
-0.114126
-0.114125
-0.114139
-0.114132
-0.114176
-0.114188
-0.114270
-0.114070
-0.113747
-0.114183
-0.114075
-0.113892
-0.114194
-0.114246
-0.114231
-0.114227
-0.114208
-0.114202
-0.114197
-0.114200
-0.114208
-0.114216
-0.114227
-0.114237
-0.114236
-0.114212
-0.114112
-0.114174
-0.114191
-0.114113
-0.114223
-0.114234
-0.114218
-0.114218
-0.114211
-0.114212
0.241532
0.686502
0.013885
-0.059976
-0.080841
-0.086938
-0.091178
-0.094869
-0.097724
-0.100012
-0.101758
-0.103352
-0.104881
-0.106354
-0.107837
-0.108640
-0.104454
-0.099997
-0.087677
-0.080744
-0.103970
-0.103112
-0.105995
-0.106647
-0.107216
-0.107773
-0.108202
-0.108561
-0.108861
-0.109153
-0.109432
-0.109678
-0.109957
-0.110242
-0.112093
-0.110332
-0.102403
-0.105955
-0.109204
-0.109928
-0.110184
-0.110346
-0.110481
-0.110617
-0.110707
-0.110786
-0.110856
-0.110924
-0.110984
-0.111028
-0.111083
-0.111127
-0.111412
-0.110133
-0.108171
-0.111329
-0.112243
-0.112051
-0.111440
-0.111630
-0.111668
-0.111704
-0.111720
-0.111741
-0.111763
-0.111784
-0.111803
-0.111818
-0.111838
-0.111847
-0.111866
-0.111374
-0.111250
-0.113038
-0.113357
-0.111972
-0.111779
-0.112048
-0.112080
-0.112105
-0.112121
-0.112138
-0.112154
-0.112168
-0.112182
-0.112194
-0.112209
-0.112223
-0.112202
-0.112090
-0.112249
-0.112650
-0.112468
-0.112009
-0.112113
-0.112243
-0.112248
-0.112255
-0.112259
-0.112262
0.250529
1.302515
0.067627
-0.081457
-0.109054
-0.110255
-0.110553
-0.111112
-0.111242
-0.111296
-0.111170
-0.110927
-0.110591
-0.110245
-0.109355
-0.109009
-0.089183
-0.073130
-0.080768
-0.066690
-0.103319
-0.102349
-0.110630
-0.111787
-0.112539
-0.112966
-0.113309
-0.113579
-0.113812
-0.114017
-0.114207
-0.114393
-0.114371
-0.114002
-0.111278
-0.111596
-0.101314
-0.107411
-0.106485
-0.110080
-0.113234
-0.113394
-0.113570
-0.113674
-0.113766
-0.113832
-0.113887
-0.113930
-0.113960
-0.113986
-0.114024
-0.114059
-0.114377
-0.112590
-0.108741
-0.114270
-0.109549
-0.113149
-0.113967
-0.114131
-0.114143
-0.114146
-0.114152
-0.114148
-0.114146
-0.114138
-0.114124
-0.114108
-0.114089
-0.114050
-0.114015
-0.113238
-0.112616
-0.113217
-0.112530
-0.113694
-0.113861
-0.114232
-0.114262
-0.114275
-0.114281
-0.114282
-0.114284
-0.114284
-0.114284
-0.114285
-0.114286
-0.114288
-0.114240
-0.114080
-0.114164
-0.114038
-0.114399
-0.113871
-0.114148
-0.114313
-0.114315
-0.114322
-0.114325
-0.114327
0.026246
1.580568
-0.060791
-0.086712
-0.108675
-0.110365
-0.111163
-0.111673
-0.112158
-0.112046
-0.111799
-0.111414
-0.110921
-0.109374
-0.107543
-0.106997
-0.094229
-0.054469
-0.085846
-0.071080
-0.086566
-0.098553
-0.105559
-0.106973
-0.108245
-0.109312
-0.109961
-0.110490
-0.110933
-0.111331
-0.111638
-0.112064
-0.112336
-0.112407
-0.112518
-0.110457
-0.099245
-0.108293
-0.100858
-0.108527
-0.110588
-0.110939
-0.111326
-0.111610
-0.111777
-0.111918
-0.112038
-0.112140
-0.112215
-0.112315
-0.112345
-0.112351
-0.112774
-0.112419
-0.106085
-0.112801
-0.108165
-0.112437
-0.112822
-0.112884
-0.112915
-0.112933
-0.112941
-0.112950
-0.112963
-0.112972
-0.112973
-0.112981
-0.112959
-0.112936
-0.112985
-0.112540
-0.110881
-0.114159
-0.112759
-0.112471
-0.113102
-0.113279
-0.113271
-0.113276
-0.113285
-0.113290
-0.113299
-0.113306
-0.113313
-0.113323
-0.113330
-0.113350
-0.113361
-0.113153
-0.113198
-0.113489
-0.113578
-0.112791
-0.113258
-0.113335
-0.113330
-0.113338
-0.113345
-0.113347
