-3.835751
2.743583
0.555445
-8.755158
-0.131706
-0.131708
0.871923
1.202070
3.940087
-0.547030
-0.131704
-0.131707
1.110085
2.360864
5.864275
-4.252226
-0.131707
-0.131706
0.221630
2.559467
7.089421
-4.973062
-0.131706
-0.131705
2.139606
5.550785
9.586870
-10.271611
-0.131707
-0.131706
-0.250372
2.175178
6.276282
-4.449294
-0.131705
-0.131704
6.528344
-0.131460
6.529226
6.528133
-0.131702
-0.131696
10.006186
2.225635
13.672918
4.924627
-0.131706
-0.131708
3.572939
1.627172
0.174176
0.289720
0.401741
0.301607
0.082209
0.101803
0.086421
-0.019097
-0.001571
0.069056
-0.049439
-0.000214
-0.041013
-0.089872
-0.046194
-0.088983
-0.109274
-0.071020
-0.109025
-0.119721
-0.118179
-0.096498
-0.108893
-0.098915
-0.093320
-0.121243
-0.104062
-0.105383
-0.114236
-0.118710
-0.110922
-0.120076
-0.122116
-0.128177
-0.117870
-0.124923
-0.115160
-0.125345
-0.121412
-0.122960
-0.126563
-0.128575
-0.125632
-0.123090
-0.124739
-0.126126
-0.127253
-0.130652
-0.130031
-0.128776
-0.130720
-0.127046
-0.128286
-0.127751
-0.129633
-0.129259
-0.128799
-0.130833
-0.129489
-0.128829
-0.129744
-0.129705
-0.129794
-0.129328
-0.129786
-0.129841
-0.129680
-0.129750
-0.129682
-0.129742
-0.129772
-0.129751
-0.129855
-0.129824
-0.129740
-0.129838
-0.129766
-0.129823
-0.129937
-0.129859
-0.129939
-0.129886
-0.129780
-0.129831
-0.129798
-0.129917
-0.129863
-0.129863
-0.130029
-0.129858
-0.129849
-0.129958
-0.129949
-0.129962
-0.129872
-0.129969
-0.129958
-0.129911
0.862712
0.647129
0.209878
0.025369
-0.071448
0.001808
0.007165
-0.098799
-0.036150
0.018128
0.055782
0.009906
-0.054064
-0.090427
-0.108503
-0.091166
-0.109766
-0.123136
-0.118531
-0.119458
-0.124618
-0.111227
-0.108155
-0.120364
-0.128282
-0.119637
-0.117450
-0.126064
-0.122950
-0.112645
-0.118109
-0.110215
-0.114482
-0.121267
-0.116742
-0.127152
-0.126695
-0.123689
-0.124111
-0.127640
-0.126705
-0.124165
-0.124563
-0.130349
-0.127590
-0.126688
-0.127945
-0.128479
-0.125678
-0.128252
-0.129841
-0.127083
-0.127078
-0.128812
-0.125746
-0.128311
-0.128058
-0.128077
-0.128084
-0.128512
-0.128237
-0.128211
-0.128459
-0.128684
-0.128478
-0.128499
-0.128612
-0.128598
-0.128541
-0.128713
-0.128664
-0.128655
-0.128693
-0.128794
-0.128745
-0.128817
-0.128794
-0.128834
-0.128845
-0.128810
-0.128893
-0.128940
-0.128856
-0.128915
-0.128938
-0.128828
-0.128989
-0.128944
-0.128956
-0.128976
-0.128999
-0.128976
-0.128985
-0.129018
-0.129052
-0.128984
-0.129021
-0.129024
-0.129002
-0.129002
1.112937
0.787952
0.592980
0.919948
0.361516
0.178391
0.186387
0.086287
0.115992
-0.076780
-0.030231
-0.027658
-0.104091
-0.029642
-0.077888
-0.058360
-0.078968
-0.057664
-0.076899
-0.122903
-0.109380
-0.114014
-0.114098
-0.104072
-0.093989
-0.117548
-0.098248
-0.104443
-0.117256
-0.110477
-0.126897
-0.128972
-0.119094
-0.126891
-0.113923
-0.129716
-0.112890
-0.116943
-0.125041
-0.123702
-0.124430
-0.128869
-0.124981
-0.122650
-0.124436
-0.130638
-0.125635
-0.125242
-0.131177
-0.124811
-0.126705
-0.127342
-0.127023
-0.128767
-0.128988
-0.129870
-0.127811
-0.128302
-0.129320
-0.127738
-0.128648
-0.129069
-0.128421
-0.128490
-0.128746
-0.128844
-0.128654
-0.128949
-0.129027
-0.128949
-0.129075
-0.129086
-0.129028
-0.129023
-0.128971
-0.129063
-0.129118
-0.129067
-0.129202
-0.129175
-0.129040
-0.129155
-0.129135
-0.129148
-0.129228
-0.129244
-0.129278
-0.129173
-0.129272
-0.129277
-0.129162
-0.129281
-0.129285
-0.129204
-0.129239
-0.129275
-0.129293
-0.129247
-0.129328
-0.129335
0.243900
0.855922
1.208048
0.283689
0.347917
0.290232
0.029700
0.052000
0.047720
-0.083199
0.010059
-0.077844
-0.029260
-0.046724
-0.077076
-0.020066
-0.084895
-0.084961
-0.049512
-0.091318
-0.088421
-0.088049
-0.079375
-0.099541
-0.090290
-0.080447
-0.106961
-0.088838
-0.094241
-0.107063
-0.097298
-0.102336
-0.100967
-0.104607
-0.107275
-0.098750
-0.106569
-0.104421
-0.099155
-0.111654
-0.108553
-0.107115
-0.108422
-0.109102
-0.108004
-0.108813
-0.114054
-0.109461
-0.110095
-0.112187
-0.110142
-0.111780
-0.112352
-0.112285
-0.112853
-0.112454
-0.113673
-0.113562
-0.113261
-0.114325
-0.113958
-0.114112
-0.114641
-0.114558
-0.114768
-0.114948
-0.115277
-0.115174
-0.115440
-0.115631
-0.115685
-0.115856
-0.115947
-0.116043
-0.116187
-0.116242
-0.116375
-0.116535
-0.116512
-0.116629
-0.116738
-0.116744
-0.116866
-0.116936
-0.116982
-0.117052
-0.117075
-0.117181
-0.117195
-0.117207
-0.117315
-0.117285
-0.117322
-0.117386
-0.117366
-0.117405
-0.117413
-0.117461
-0.117424
-0.117438
2.211828
2.117431
2.657417
0.867174
0.276727
0.638444
0.409275
0.144885
0.243733
0.160525
0.049319
0.150782
0.078338
-0.006964
0.071848
0.053275
-0.011581
0.044988
0.039985
-0.032495
-0.020740
-0.020604
-0.012950
0.007924
-0.025811
-0.031233
-0.034483
-0.039709
-0.032921
-0.040472
-0.047445
-0.036619
-0.048679
-0.056867
-0.045115
-0.053396
-0.061788
-0.056818
-0.060825
-0.063230
-0.060704
-0.069805
-0.063953
-0.062516
-0.070665
-0.068106
-0.070657
-0.072155
-0.071496
-0.074829
-0.075618
-0.073945
-0.076598
-0.077853
-0.076967
-0.078507
-0.079303
-0.079445
-0.080405
-0.081082
-0.081766
-0.082591
-0.082402
-0.082987
-0.083602
-0.084089
-0.084908
-0.085103
-0.085301
-0.085902
-0.086224
-0.086461
-0.086979
-0.087204
-0.087436
-0.087863
-0.088063
-0.088346
-0.088609
-0.088804
-0.089085
-0.089281
-0.089401
-0.089663
-0.089841
-0.089931
-0.090132
-0.090269
-0.090369
-0.090512
-0.090625
-0.090734
-0.090832
-0.090835
-0.090925
-0.090981
-0.091054
-0.091148
-0.091084
-0.091092
-0.027978
0.653320
1.034346
0.494297
0.022269
0.194891
0.037915
-0.012721
0.060009
-0.005043
-0.104619
-0.032107
-0.036815
-0.114586
-0.054802
-0.068671
-0.121389
-0.083903
-0.073912
-0.101793
-0.107626
-0.109556
-0.098748
-0.108971
-0.117083
-0.106453
-0.116419
-0.112281
-0.104073
-0.117046
-0.118209
-0.109046
-0.114695
-0.122654
-0.111916
-0.113098
-0.122061
-0.113642
-0.113744
-0.120432
-0.119315
-0.119549
-0.119164
-0.118968
-0.119838
-0.119856
-0.122511
-0.120345
-0.118853
-0.121637
-0.121122
-0.119823
-0.121662
-0.121971
-0.120910
-0.121644
-0.122497
-0.121691
-0.121914
-0.122418
-0.122210
-0.122523
-0.122716
-0.122593
-0.122768
-0.122817
-0.123048
-0.122960
-0.122947
-0.123223
-0.123255
-0.123237
-0.123405
-0.123419
-0.123441
-0.123543
-0.123598
-0.123661
-0.123674
-0.123689
-0.123796
-0.123808
-0.123803
-0.123905
-0.123932
-0.123911
-0.123979
-0.124035
-0.123998
-0.124036
-0.124085
-0.124074
-0.124105
-0.124136
-0.124122
-0.124128
-0.124145
-0.124186
-0.124124
-0.124139
-0.655873
1.496585
1.947178
-2.449711
-0.131705
-0.131708
1.357174
1.280614
3.277890
-1.407682
-0.131707
-0.131707
0.271529
0.455895
1.099168
-0.681777
-0.131706
-0.131708
0.039847
1.503648
1.610932
-3.162400
-0.131707
-0.131708
-0.965465
1.570678
2.488204
-2.865902
-0.131705
-0.131707
-2.410714
1.490930
1.092751
-4.309200
-0.131705
-0.131707
5.985372
2.157351
9.057933
2.826748
-0.131706
-0.131709
0.373739
0.961854
0.102212
0.017239
-0.031461
-0.049687
-0.057636
-0.067006
-0.074679
-0.076744
-0.048219
-0.120888
-0.065725
-0.092548
-0.099552
-0.105232
-0.106930
-0.106025
-0.106421
-0.108006
-0.107309
-0.104674
-0.120354
-0.108062
-0.111400
-0.113819
-0.115883
-0.116662
-0.116150
-0.116067
-0.117509
-0.115749
-0.114937
-0.121042
-0.117681
-0.118118
-0.119140
-0.120077
-0.120458
-0.120161
-0.119882
-0.121705
-0.120284
-0.119784
-0.121743
-0.121237
-0.121364
-0.121790
-0.122162
-0.122339
-0.122298
-0.122051
-0.123060
-0.122665
-0.122641
-0.122964
-0.123019
-0.123121
-0.123283
-0.123429
-0.123532
-0.123601
-0.123522
-0.123836
-0.123825
-0.123893
-0.123973
-0.124043
-0.124112
-0.124184
-0.124249
-0.124306
-0.124381
-0.124380
-0.124458
-0.124515
-0.124551
-0.124595
-0.124643
-0.124686
-0.124722
-0.124751
-0.124774
-0.124836
-0.124839
-0.124862
-0.124898
-0.124917
-0.124938
-0.124962
-0.124983
-0.124998
-0.125008
-0.125006
-0.125043
-0.125042
-0.125039
-0.125056
-0.125059
-0.125061
1.368812
0.750438
0.160640
0.046687
0.010086
-0.021037
-0.045916
-0.061393
-0.073550
-0.057786
-0.044709
-0.074519
-0.109024
-0.100052
-0.096130
-0.095154
-0.097824
-0.102367
-0.105202
-0.106567
-0.111907
-0.102542
-0.099616
-0.115687
-0.113249
-0.111653
-0.110897
-0.111557
-0.113311
-0.114350
-0.112660
-0.120645
-0.117683
-0.112051
-0.117420
-0.117802
-0.117278
-0.116925
-0.117246
-0.118201
-0.118979
-0.116500
-0.120063
-0.121700
-0.118952
-0.120045
-0.120352
-0.120260
-0.120212
-0.120411
-0.120843
-0.121483
-0.120477
-0.120931
-0.121881
-0.121608
-0.121778
-0.121905
-0.121960
-0.122020
-0.122127
-0.122268
-0.122575
-0.122482
-0.122465
-0.122697
-0.122768
-0.122846
-0.122920
-0.122985
-0.123052
-0.123119
-0.123157
-0.123286
-0.123352
-0.123351
-0.123424
-0.123474
-0.123515
-0.123555
-0.123599
-0.123647
-0.123696
-0.123689
-0.123743
-0.123807
-0.123810
-0.123841
-0.123864
-0.123882
-0.123899
-0.123918
-0.123940
-0.123972
-0.123958
-0.123966
-0.123997
-0.123990
-0.123995
-0.123997
0.265247
0.282920
-0.112941
-0.109909
-0.119557
-0.118191
-0.118057
-0.121543
-0.125667
-0.119017
-0.108202
-0.119465
-0.112702
-0.123109
-0.124995
-0.127130
-0.126903
-0.126078
-0.126117
-0.127059
-0.125193
-0.129486
-0.129203
-0.127569
-0.128077
-0.128479
-0.129220
-0.129204
-0.128769
-0.128539
-0.128819
-0.127820
-0.128645
-0.130698
-0.129573
-0.129501
-0.129676
-0.129988
-0.129960
-0.129772
-0.129652
-0.130310
-0.129663
-0.129280
-0.130214
-0.129955
-0.129946
-0.130054
-0.130172
-0.130164
-0.130111
-0.130010
-0.130517
-0.130370
-0.130194
-0.130305
-0.130279
-0.130284
-0.130320
-0.130355
-0.130362
-0.130364
-0.130310
-0.130436
-0.130456
-0.130448
-0.130456
-0.130461
-0.130469
-0.130480
-0.130492
-0.130499
-0.130517
-0.130500
-0.130517
-0.130537
-0.130540
-0.130546
-0.130554
-0.130562
-0.130567
-0.130570
-0.130573
-0.130596
-0.130591
-0.130587
-0.130597
-0.130597
-0.130600
-0.130605
-0.130609
-0.130611
-0.130612
-0.130608
-0.130623
-0.130624
-0.130618
-0.130622
-0.130622
-0.130622
0.062689
0.845875
0.237923
0.121011
0.058552
0.019777
-0.006644
-0.024558
-0.036076
-0.047656
-0.011508
-0.077821
-0.075605
-0.080065
-0.081023
-0.083036
-0.085953
-0.089085
-0.091737
-0.094000
-0.099384
-0.086085
-0.095051
-0.098956
-0.101054
-0.101850
-0.102567
-0.103592
-0.104746
-0.105641
-0.106338
-0.110568
-0.107177
-0.107037
-0.108480
-0.109530
-0.110049
-0.110439
-0.110955
-0.111519
-0.111811
-0.111593
-0.113220
-0.114269
-0.113598
-0.113929
-0.114306
-0.114575
-0.114817
-0.115114
-0.115444
-0.115673
-0.115627
-0.115704
-0.116475
-0.116559
-0.116745
-0.116935
-0.117105
-0.117268
-0.117440
-0.117624
-0.117799
-0.117944
-0.117921
-0.118152
-0.118283
-0.118408
-0.118525
-0.118636
-0.118741
-0.118841
-0.118936
-0.119042
-0.119155
-0.119199
-0.119283
-0.119360
-0.119431
-0.119498
-0.119562
-0.119624
-0.119679
-0.119722
-0.119769
-0.119840
-0.119874
-0.119914
-0.119950
-0.119983
-0.120013
-0.120041
-0.120068
-0.120091
-0.120106
-0.120112
-0.120135
-0.120144
-0.120151
-0.120155
0.711368
0.978292
0.145196
0.038277
-0.003863
-0.029960
-0.050886
-0.062970
-0.065503
-0.072305
-0.012345
-0.080098
-0.083701
-0.098052
-0.100204
-0.100114
-0.102232
-0.105833
-0.107705
-0.106828
-0.111997
-0.093629
-0.101341
-0.108332
-0.111696
-0.112328
-0.112279
-0.113278
-0.114982
-0.115719
-0.114504
-0.118960
-0.113920
-0.112742
-0.115492
-0.117065
-0.117364
-0.117312
-0.117829
-0.118728
-0.119040
-0.117653
-0.119173
-0.120210
-0.118941
-0.119700
-0.120239
-0.120368
-0.120409
-0.120665
-0.121048
-0.121260
-0.120776
-0.120714
-0.121531
-0.121470
-0.121694
-0.121880
-0.121988
-0.122080
-0.122212
-0.122365
-0.122502
-0.122527
-0.122419
-0.122639
-0.122727
-0.122824
-0.122910
-0.122986
-0.123059
-0.123130
-0.123186
-0.123264
-0.123340
-0.123346
-0.123417
-0.123474
-0.123520
-0.123562
-0.123608
-0.123653
-0.123690
-0.123702
-0.123732
-0.123793
-0.123810
-0.123843
-0.123870
-0.123891
-0.123910
-0.123930
-0.123950
-0.123965
-0.123964
-0.123963
-0.123989
-0.123995
-0.124001
-0.124005
2.143063
0.969990
0.078495
-0.028992
-0.055831
-0.070971
-0.088110
-0.097834
-0.092309
-0.082869
-0.028827
-0.075124
-0.103267
-0.118747
-0.120780
-0.117387
-0.117741
-0.121568
-0.124185
-0.121836
-0.119740
-0.106184
-0.105871
-0.119728
-0.123473
-0.122968
-0.121875
-0.122640
-0.124813
-0.125508
-0.123251
-0.128551
-0.122979
-0.118547
-0.122627
-0.124743
-0.124650
-0.124046
-0.124412
-0.125569
-0.125874
-0.123516
-0.125719
-0.127151
-0.124922
-0.125763
-0.126374
-0.126296
-0.126087
-0.126245
-0.126681
-0.126898
-0.125847
-0.125953
-0.126764
-0.126643
-0.126840
-0.126984
-0.127006
-0.127012
-0.127090
-0.127224
-0.127371
-0.127196
-0.127070
-0.127237
-0.127297
-0.127361
-0.127410
-0.127447
-0.127484
-0.127520
-0.127541
-0.127614
-0.127642
-0.127616
-0.127661
-0.127693
-0.127712
-0.127729
-0.127754
-0.127783
-0.127800
-0.127777
-0.127803
-0.127851
-0.127852
-0.127874
-0.127890
-0.127897
-0.127903
-0.127915
-0.127930
-0.127942
-0.127918
-0.127916
-0.127943
-0.127943
-0.127948
-0.127950
