-3.060494
2.103237
0.490842
-8.796727
-0.117570
-0.117570
0.215430
1.103714
3.571307
-2.520997
-0.117569
-0.117568
1.679315
1.845570
4.724490
-3.720859
-0.117571
-0.117567
-0.538013
2.310013
6.101156
-5.359914
-0.117569
-0.117569
-0.122923
6.197101
9.135909
-10.182841
-0.117570
-0.117571
-0.127660
2.186041
5.395886
-4.502393
-0.117569
-0.117570
6.324244
-0.117052
6.325460
6.323348
-0.117569
-0.117570
9.943507
2.696377
15.224184
4.888260
-0.117569
-0.117571
2.829075
0.622320
1.027046
0.109147
0.136848
0.110953
0.089931
0.174728
0.204775
0.037618
-0.036420
0.086388
0.088562
-0.045678
0.033833
-0.016134
-0.094819
-0.052854
-0.061875
-0.086389
-0.094543
-0.058450
-0.049355
-0.087739
-0.058456
-0.046499
-0.083485
-0.091416
-0.063791
-0.086678
-0.073946
-0.102645
-0.114094
-0.096219
-0.091545
-0.101369
-0.107662
-0.111206
-0.109040
-0.091547
-0.098961
-0.102651
-0.114218
-0.100741
-0.096874
-0.103126
-0.105478
-0.105817
-0.095473
-0.110030
-0.101888
-0.101371
-0.116109
-0.103768
-0.106040
-0.110700
-0.109652
-0.105688
-0.112731
-0.110245
-0.107164
-0.111597
-0.104328
-0.115957
-0.108481
-0.109255
-0.113271
-0.106642
-0.111640
-0.109786
-0.111062
-0.109765
-0.116522
-0.113500
-0.113092
-0.115795
-0.111483
-0.112306
-0.112465
-0.112572
-0.109884
-0.115649
-0.111831
-0.113317
-0.115414
-0.111063
-0.115064
-0.113162
-0.113543
-0.115003
-0.113137
-0.113482
-0.113255
-0.112783
-0.112855
-0.114202
-0.112501
-0.114250
-0.113701
-0.112689
0.214365
0.521463
0.234219
0.028412
0.191106
-0.001412
-0.041581
-0.050337
-0.052233
0.002114
-0.028294
-0.084498
0.014913
-0.102853
-0.052952
-0.084267
-0.082623
-0.058544
-0.067616
-0.061779
-0.082374
-0.097109
-0.086408
-0.103394
-0.087726
-0.090617
-0.099532
-0.093201
-0.087450
-0.105485
-0.107199
-0.112817
-0.100092
-0.103211
-0.109338
-0.111965
-0.109769
-0.111424
-0.107643
-0.114608
-0.110387
-0.109392
-0.116138
-0.110647
-0.110976
-0.113466
-0.106772
-0.110345
-0.107231
-0.111558
-0.112042
-0.111569
-0.114551
-0.111679
-0.111410
-0.111392
-0.110045
-0.114773
-0.112647
-0.116520
-0.111841
-0.115253
-0.111951
-0.116395
-0.110324
-0.117256
-0.114779
-0.116889
-0.114915
-0.115776
-0.115850
-0.116686
-0.117318
-0.115324
-0.114816
-0.116757
-0.116049
-0.117061
-0.115650
-0.116974
-0.116920
-0.116537
-0.117364
-0.114422
-0.116235
-0.116934
-0.116357
-0.116548
-0.117088
-0.116377
-0.116652
-0.116233
-0.117330
-0.116285
-0.117324
-0.116759
-0.117512
-0.116614
-0.116924
-0.116467
1.675170
0.562016
0.342672
0.472776
0.417272
0.435718
0.164137
0.194330
0.037101
-0.078246
0.021359
0.054345
-0.006630
-0.039686
-0.033050
-0.070277
-0.082687
-0.077441
-0.107593
-0.093605
-0.111493
-0.077521
-0.071651
-0.095599
-0.083612
-0.068467
-0.078216
-0.109105
-0.090516
-0.087728
-0.090844
-0.081874
-0.082024
-0.093650
-0.104365
-0.112208
-0.107363
-0.107697
-0.111141
-0.108673
-0.112513
-0.095898
-0.102462
-0.099507
-0.094281
-0.110534
-0.105170
-0.101276
-0.115314
-0.099116
-0.108039
-0.109785
-0.106915
-0.114762
-0.110927
-0.111172
-0.110031
-0.111320
-0.104572
-0.107622
-0.108731
-0.102785
-0.113354
-0.107240
-0.108101
-0.112222
-0.106769
-0.111204
-0.111199
-0.108227
-0.112481
-0.110213
-0.110505
-0.110304
-0.110371
-0.110663
-0.110000
-0.112471
-0.108876
-0.112273
-0.111541
-0.110540
-0.112155
-0.110491
-0.110459
-0.112187
-0.109706
-0.111349
-0.110591
-0.110268
-0.111637
-0.111370
-0.111569
-0.111536
-0.111886
-0.110909
-0.111846
-0.110921
-0.110869
-0.111912
0.295911
0.909906
0.742662
0.648525
0.214750
0.378672
0.015324
0.164319
-0.067650
0.103832
0.006541
-0.002145
-0.108182
-0.051217
-0.082056
-0.085693
-0.076241
-0.074479
-0.113629
-0.088174
-0.083536
-0.103074
-0.097572
-0.082092
-0.115000
-0.106374
-0.094661
-0.087786
-0.100157
-0.092939
-0.097078
-0.095217
-0.104064
-0.109556
-0.102664
-0.109176
-0.107034
-0.108072
-0.104712
-0.103714
-0.115274
-0.103781
-0.115006
-0.104619
-0.113687
-0.109715
-0.109694
-0.111981
-0.111194
-0.110906
-0.116640
-0.112204
-0.113742
-0.116627
-0.114715
-0.115316
-0.116136
-0.114459
-0.116860
-0.114345
-0.114779
-0.117073
-0.115035
-0.111260
-0.114595
-0.113633
-0.114914
-0.115868
-0.113764
-0.116760
-0.114781
-0.113957
-0.114205
-0.116889
-0.116773
-0.113687
-0.115931
-0.115073
-0.116502
-0.115890
-0.116011
-0.116646
-0.116094
-0.115574
-0.115853
-0.116216
-0.116568
-0.116471
-0.116178
-0.116624
-0.116270
-0.116314
-0.117146
-0.116603
-0.116502
-0.116895
-0.116217
-0.116852
-0.116415
-0.116434
-0.093433
3.884121
1.245880
0.706776
0.917256
0.241679
-0.000198
0.074986
0.059782
0.021284
-0.011910
0.001646
-0.045505
-0.004722
-0.041863
-0.088446
-0.063931
-0.063949
-0.103993
-0.076111
-0.075742
-0.115726
-0.079807
-0.080918
-0.104614
-0.085145
-0.102687
-0.106314
-0.093391
-0.096825
-0.105480
-0.113340
-0.088897
-0.095306
-0.087501
-0.093499
-0.111842
-0.098638
-0.107748
-0.105501
-0.097431
-0.111168
-0.103331
-0.112786
-0.107769
-0.110166
-0.115509
-0.107030
-0.113024
-0.108178
-0.109926
-0.115152
-0.107483
-0.110926
-0.112546
-0.109715
-0.112804
-0.112399
-0.111493
-0.117337
-0.112379
-0.114038
-0.112594
-0.112069
-0.114078
-0.112589
-0.112097
-0.113596
-0.110879
-0.115723
-0.111982
-0.113175
-0.113181
-0.114154
-0.113588
-0.113474
-0.111450
-0.114307
-0.116539
-0.113773
-0.114508
-0.113002
-0.113768
-0.115740
-0.114245
-0.114756
-0.114367
-0.114202
-0.115450
-0.114441
-0.114770
-0.114315
-0.114002
-0.114492
-0.114596
-0.114054
-0.114870
-0.114263
-0.114648
-0.114714
-0.111303
0.817594
0.898074
0.256137
0.542755
0.052907
-0.030758
0.009616
0.025659
0.035575
-0.020290
-0.027943
0.005996
-0.037780
-0.051987
-0.043808
-0.088185
-0.073496
-0.079803
-0.096680
-0.084085
-0.094303
-0.087225
-0.095984
-0.087579
-0.088060
-0.109805
-0.090775
-0.106530
-0.103795
-0.100973
-0.108003
-0.095010
-0.105291
-0.105930
-0.107191
-0.113067
-0.109709
-0.109964
-0.109132
-0.109969
-0.106814
-0.113487
-0.113197
-0.106897
-0.115786
-0.111029
-0.112611
-0.113622
-0.108537
-0.117124
-0.110261
-0.113159
-0.113974
-0.109844
-0.115154
-0.112176
-0.112907
-0.116140
-0.111282
-0.116523
-0.112455
-0.114109
-0.116006
-0.112032
-0.116123
-0.112696
-0.115327
-0.115118
-0.111519
-0.114812
-0.112720
-0.114398
-0.114843
-0.114988
-0.114862
-0.113183
-0.115308
-0.112627
-0.114690
-0.114881
-0.114052
-0.115345
-0.113721
-0.115126
-0.114773
-0.114476
-0.115546
-0.114219
-0.115060
-0.114788
-0.114668
-0.114952
-0.114512
-0.114569
-0.114871
-0.114470
-0.114881
-0.114662
-0.114740
-1.182510
1.301723
1.670732
-2.800174
-0.117568
-0.117570
1.582613
1.514692
4.112300
-1.469309
-0.117570
-0.117571
-0.401686
0.689616
0.732003
-1.900417
-0.117570
-0.117571
0.106240
1.683713
2.165508
-2.939085
-0.117570
-0.117572
0.573714
2.629064
4.485831
-3.184917
-0.117569
-0.117572
-0.667740
2.380532
3.099010
-4.118675
-0.117569
-0.117572
5.318429
1.743819
8.633551
2.346223
-0.117569
-0.117571
0.950179
0.668159
0.493952
-0.068203
-0.103407
-0.100023
-0.103363
-0.102954
-0.108553
-0.107591
-0.109014
-0.106525
-0.106797
-0.101213
-0.100921
-0.093586
-0.066134
-0.085840
-0.104888
-0.099881
-0.097257
-0.086888
-0.108997
-0.108121
-0.112131
-0.112538
-0.114304
-0.113795
-0.114555
-0.113932
-0.114542
-0.113583
-0.114969
-0.113446
-0.114797
-0.107213
-0.112436
-0.114568
-0.111812
-0.111089
-0.114432
-0.116005
-0.114816
-0.115273
-0.114830
-0.115177
-0.114863
-0.115166
-0.114899
-0.114989
-0.114527
-0.114778
-0.113636
-0.112363
-0.112657
-0.116466
-0.112737
-0.113858
-0.114564
-0.115063
-0.115027
-0.115083
-0.115037
-0.115151
-0.114963
-0.115049
-0.114881
-0.115043
-0.114734
-0.115156
-0.114425
-0.115565
-0.116958
-0.115443
-0.115376
-0.116967
-0.116170
-0.115306
-0.115596
-0.115332
-0.115447
-0.115367
-0.115435
-0.115401
-0.115471
-0.115461
-0.115477
-0.115511
-0.115599
-0.115569
-0.115348
-0.115365
-0.115737
-0.115139
-0.115426
-0.115497
-0.115490
-0.115488
-0.115500
-0.115496
1.592109
0.528795
0.828927
-0.042881
-0.083443
-0.095935
-0.104322
-0.098077
-0.104113
-0.104030
-0.103259
-0.110613
-0.104559
-0.106022
-0.096362
-0.091577
-0.068426
-0.056832
-0.100818
-0.087672
-0.079282
-0.085265
-0.105143
-0.111520
-0.110360
-0.116278
-0.113320
-0.115559
-0.115074
-0.114584
-0.117201
-0.115680
-0.115672
-0.114984
-0.112770
-0.099623
-0.113272
-0.114314
-0.109913
-0.104786
-0.114128
-0.116229
-0.115705
-0.117234
-0.115950
-0.116318
-0.116742
-0.115782
-0.117102
-0.115769
-0.116305
-0.115433
-0.113477
-0.114197
-0.112507
-0.116475
-0.112250
-0.114407
-0.114763
-0.116602
-0.116770
-0.117072
-0.116700
-0.116820
-0.117140
-0.116670
-0.117462
-0.116560
-0.117165
-0.116595
-0.116231
-0.116252
-0.115192
-0.116521
-0.115993
-0.115773
-0.116347
-0.116695
-0.117228
-0.117212
-0.117022
-0.117332
-0.117019
-0.117246
-0.117076
-0.117079
-0.117217
-0.117089
-0.117525
-0.116617
-0.117481
-0.116738
-0.117253
-0.116430
-0.117297
-0.117074
-0.117255
-0.117169
-0.117165
-0.117171
0.168771
0.431721
-0.037808
-0.020315
-0.078741
-0.086588
-0.094602
-0.096452
-0.102860
-0.103865
-0.103859
-0.104651
-0.105928
-0.105696
-0.105831
-0.104920
-0.103352
-0.097586
-0.104338
-0.111599
-0.102666
-0.108979
-0.109543
-0.110930
-0.111562
-0.111980
-0.112290
-0.112511
-0.113144
-0.113085
-0.113085
-0.113131
-0.113452
-0.112863
-0.112264
-0.113216
-0.110818
-0.114407
-0.112492
-0.113815
-0.113032
-0.114215
-0.114085
-0.114365
-0.114335
-0.114641
-0.114585
-0.114637
-0.114636
-0.114732
-0.114668
-0.114666
-0.114645
-0.114153
-0.114088
-0.117276
-0.115485
-0.114389
-0.114913
-0.114981
-0.115059
-0.115164
-0.115182
-0.115243
-0.115260
-0.115374
-0.115324
-0.115368
-0.115330
-0.115447
-0.115198
-0.115254
-0.115264
-0.115287
-0.115484
-0.115386
-0.115383
-0.115321
-0.115498
-0.115475
-0.115517
-0.115520
-0.115568
-0.115551
-0.115563
-0.115562
-0.115570
-0.115558
-0.115564
-0.115566
-0.115449
-0.115548
-0.115911
-0.115585
-0.115568
-0.115594
-0.115608
-0.115607
-0.115624
-0.115616
0.109864
1.097010
0.213120
0.008299
-0.076048
-0.080314
-0.093164
-0.090382
-0.099737
-0.096637
-0.102460
-0.101438
-0.102029
-0.104848
-0.098879
-0.106887
-0.084812
-0.067454
-0.100400
-0.098521
-0.073316
-0.107447
-0.105822
-0.110781
-0.108910
-0.110759
-0.111268
-0.110481
-0.112631
-0.110478
-0.113069
-0.111141
-0.112411
-0.112053
-0.107451
-0.109160
-0.111570
-0.115459
-0.109747
-0.108714
-0.112593
-0.113403
-0.112802
-0.114172
-0.112814
-0.114226
-0.113172
-0.113913
-0.113715
-0.113428
-0.114252
-0.112828
-0.114555
-0.110590
-0.113444
-0.115770
-0.116580
-0.111156
-0.114596
-0.113361
-0.114536
-0.113920
-0.114305
-0.114391
-0.114102
-0.114684
-0.114037
-0.114753
-0.114183
-0.114550
-0.114455
-0.113096
-0.114662
-0.115476
-0.115741
-0.115359
-0.113972
-0.114632
-0.114795
-0.114587
-0.114917
-0.114613
-0.114891
-0.114721
-0.114817
-0.114843
-0.114738
-0.114896
-0.114692
-0.115032
-0.114396
-0.115136
-0.114965
-0.115090
-0.114662
-0.114920
-0.114820
-0.114881
-0.114884
-0.114862
0.575583
1.814694
-0.047590
-0.069920
-0.096389
-0.100681
-0.098619
-0.107667
-0.102171
-0.106743
-0.106478
-0.103944
-0.109835
-0.101596
-0.106272
-0.100143
-0.089565
-0.057471
-0.085644
-0.089603
-0.068269
-0.104487
-0.107726
-0.108007
-0.113898
-0.110948
-0.114124
-0.113535
-0.113486
-0.115798
-0.113526
-0.116361
-0.114304
-0.114602
-0.115724
-0.111303
-0.101004
-0.111995
-0.101440
-0.116316
-0.113917
-0.114992
-0.116087
-0.114910
-0.116719
-0.115297
-0.116105
-0.115983
-0.115490
-0.116795
-0.115094
-0.116277
-0.115115
-0.112759
-0.112678
-0.115213
-0.114296
-0.113222
-0.115531
-0.116859
-0.115963
-0.117129
-0.116497
-0.116708
-0.117020
-0.116557
-0.117395
-0.116621
-0.117045
-0.116874
-0.116554
-0.116864
-0.115199
-0.115198
-0.115273
-0.114853
-0.116979
-0.116580
-0.116682
-0.116994
-0.116669
-0.117050
-0.116752
-0.116936
-0.116880
-0.116812
-0.116998
-0.116727
-0.116981
-0.116583
-0.116433
-0.116437
-0.117220
-0.116648
-0.116910
-0.116807
-0.116966
-0.116879
-0.116906
-0.116929
0.426004
1.633789
0.037738
-0.041113
-0.094028
-0.097402
-0.098313
-0.103590
-0.102096
-0.105152
-0.105791
-0.104613
-0.108120
-0.103771
-0.105342
-0.102049
-0.092594
-0.061588
-0.078350
-0.093878
-0.076196
-0.107040
-0.107900
-0.110209
-0.113268
-0.112127
-0.113886
-0.113862
-0.113770
-0.115187
-0.113996
-0.115542
-0.114829
-0.114577
-0.116307
-0.110844
-0.100813
-0.111264
-0.103797
-0.115999
-0.113805
-0.115223
-0.115696
-0.115106
-0.116035
-0.115389
-0.115838
-0.115858
-0.115548
-0.116277
-0.115392
-0.115949
-0.115671
-0.113289
-0.112546
-0.113591
-0.114882
-0.113895
-0.116011
-0.116732
-0.116239
-0.116873
-0.116550
-0.116657
-0.116854
-0.116574
-0.117000
-0.116650
-0.116901
-0.116922
-0.116548
-0.117217
-0.115357
-0.114818
-0.115153
-0.115097
-0.116812
-0.116445
-0.116643
-0.116769
-0.116620
-0.116814
-0.116672
-0.116769
-0.116750
-0.116707
-0.116810
-0.116666
-0.116801
-0.116640
-0.116299
-0.116355
-0.117351
-0.116537
-0.116707
-0.116736
-0.116825
-0.116766
-0.116785
-0.116791
