-3.142399
2.165805
0.518227
-9.344119
-0.119742
-0.119741
0.211672
1.132687
3.380357
-2.660994
-0.119740
-0.119739
1.610389
1.885916
4.437669
-4.918759
-0.119743
-0.119736
-0.448317
2.259561
6.074880
-4.505136
-0.119740
-0.119741
-0.026156
6.210723
9.147814
-9.749242
-0.119741
-0.119743
-0.343119
2.330733
5.843273
-3.701273
-0.119740
-0.119742
6.271147
-0.118916
6.272435
6.269991
-0.119740
-0.119743
9.671804
2.775124
15.090435
4.487092
-0.119740
-0.119742
2.886257
0.607701
1.038218
0.341966
0.251251
0.068436
0.108965
0.156053
0.206987
0.082660
-0.044430
0.032507
0.021454
-0.080901
-0.051271
-0.054625
-0.100350
-0.093371
-0.103454
-0.110717
-0.099634
-0.095336
-0.100756
-0.076460
-0.101861
-0.079706
-0.055527
-0.104796
-0.072500
-0.062776
-0.087835
-0.082641
-0.102901
-0.084864
-0.086222
-0.098491
-0.106526
-0.107039
-0.102926
-0.099715
-0.094583
-0.107180
-0.109416
-0.096706
-0.111611
-0.091991
-0.092031
-0.116108
-0.096212
-0.102708
-0.111778
-0.103096
-0.113956
-0.107454
-0.106850
-0.111355
-0.108087
-0.107979
-0.111542
-0.104917
-0.107837
-0.111395
-0.104610
-0.112603
-0.111004
-0.106581
-0.115540
-0.101655
-0.110396
-0.111918
-0.110232
-0.110440
-0.111769
-0.107523
-0.111298
-0.111987
-0.107971
-0.111693
-0.110839
-0.109945
-0.112267
-0.111197
-0.107641
-0.114505
-0.110056
-0.112114
-0.112918
-0.110490
-0.112285
-0.111261
-0.111174
-0.111770
-0.111469
-0.111557
-0.111680
-0.111741
-0.111889
-0.111503
-0.111791
-0.111568
0.229557
0.404655
0.265232
0.050712
0.194373
-0.086108
0.087355
0.000233
-0.056101
0.059075
0.061347
0.034634
-0.010106
-0.061443
-0.054425
0.000102
-0.022736
-0.046437
-0.020740
-0.071355
-0.036946
-0.070647
-0.059588
-0.062669
-0.096675
-0.082734
-0.053280
-0.101336
-0.065022
-0.098535
-0.103464
-0.085358
-0.103023
-0.083227
-0.094274
-0.098324
-0.104001
-0.102573
-0.102125
-0.104123
-0.109153
-0.096768
-0.102499
-0.091735
-0.103536
-0.107133
-0.096209
-0.114339
-0.093508
-0.096394
-0.108204
-0.096916
-0.102822
-0.111902
-0.096396
-0.113559
-0.099875
-0.103064
-0.106264
-0.097488
-0.109282
-0.106308
-0.103811
-0.114568
-0.103073
-0.104213
-0.110005
-0.103795
-0.109249
-0.107251
-0.109666
-0.110083
-0.106998
-0.108063
-0.107640
-0.107780
-0.108219
-0.106752
-0.109147
-0.109072
-0.109259
-0.109973
-0.107201
-0.109945
-0.107367
-0.108060
-0.111051
-0.108478
-0.109504
-0.110075
-0.107530
-0.109786
-0.108565
-0.108596
-0.109914
-0.108359
-0.110414
-0.109023
-0.109343
-0.109217
1.614544
0.580373
0.244176
0.599983
0.339062
0.458171
0.175134
0.148955
0.155228
-0.057244
-0.022211
0.027282
-0.024876
-0.045781
-0.033791
-0.076066
-0.049745
-0.072184
-0.105186
-0.110142
-0.089005
-0.077324
-0.093686
-0.084632
-0.091013
-0.093836
-0.079505
-0.097237
-0.109704
-0.079950
-0.083323
-0.096904
-0.089064
-0.089649
-0.108432
-0.110448
-0.113948
-0.117295
-0.117140
-0.116219
-0.106228
-0.112175
-0.097931
-0.107316
-0.105733
-0.102172
-0.111412
-0.113611
-0.110416
-0.109716
-0.114343
-0.113075
-0.113928
-0.114749
-0.114767
-0.116878
-0.119240
-0.116557
-0.114109
-0.116141
-0.114940
-0.114575
-0.116871
-0.112237
-0.114991
-0.117824
-0.112733
-0.113104
-0.115422
-0.114278
-0.113913
-0.118675
-0.117638
-0.119327
-0.118955
-0.118606
-0.118535
-0.118545
-0.118711
-0.115797
-0.117026
-0.117405
-0.116744
-0.116909
-0.119394
-0.117665
-0.117585
-0.119347
-0.118197
-0.118837
-0.118781
-0.118356
-0.119413
-0.118910
-0.119116
-0.119195
-0.119487
-0.119367
-0.119508
-0.119496
0.202080
1.071256
0.448884
0.619776
0.159888
0.354300
0.023200
0.196034
-0.030982
0.070933
-0.005757
0.020387
-0.026829
-0.043267
-0.061080
-0.090691
-0.086403
-0.076542
-0.100361
-0.109438
-0.087278
-0.092714
-0.110339
-0.093616
-0.098563
-0.092436
-0.092600
-0.098168
-0.094043
-0.099994
-0.095435
-0.102961
-0.098932
-0.111024
-0.096544
-0.115502
-0.113167
-0.116628
-0.110231
-0.115951
-0.108927
-0.104790
-0.110355
-0.105354
-0.111854
-0.115428
-0.109348
-0.117299
-0.108450
-0.116503
-0.112154
-0.113540
-0.118245
-0.113720
-0.114000
-0.117021
-0.115714
-0.116660
-0.119372
-0.116293
-0.115626
-0.118006
-0.112571
-0.118283
-0.113594
-0.115503
-0.118827
-0.114747
-0.115696
-0.114152
-0.116111
-0.118221
-0.116367
-0.116851
-0.116932
-0.117708
-0.116522
-0.116734
-0.119173
-0.117881
-0.116497
-0.117129
-0.116182
-0.118734
-0.116760
-0.117189
-0.118072
-0.116647
-0.118115
-0.117226
-0.117758
-0.117911
-0.117521
-0.117790
-0.117730
-0.117608
-0.117466
-0.117609
-0.117672
-0.117676
0.000790
3.863131
1.149649
0.589075
1.095775
0.377619
0.122933
0.154562
0.120395
0.039883
-0.027362
0.015166
-0.062822
-0.022382
-0.005985
-0.053011
-0.064337
-0.028328
-0.066647
-0.079323
-0.053259
-0.081226
-0.094302
-0.077073
-0.089783
-0.103834
-0.094232
-0.102347
-0.101293
-0.098940
-0.097123
-0.102762
-0.104581
-0.084504
-0.094562
-0.100705
-0.104713
-0.104680
-0.097977
-0.112381
-0.115376
-0.093744
-0.107884
-0.112660
-0.110236
-0.113425
-0.111724
-0.116255
-0.112786
-0.114296
-0.115697
-0.111831
-0.114722
-0.115799
-0.112090
-0.116048
-0.115011
-0.114220
-0.116378
-0.116046
-0.116615
-0.115432
-0.116142
-0.117443
-0.115308
-0.118680
-0.115675
-0.115501
-0.118181
-0.116063
-0.116413
-0.112878
-0.119027
-0.118752
-0.115416
-0.115550
-0.117337
-0.117105
-0.116073
-0.117823
-0.117901
-0.118986
-0.117445
-0.118403
-0.118860
-0.118159
-0.119529
-0.118362
-0.118605
-0.119540
-0.118374
-0.119623
-0.118073
-0.118549
-0.119065
-0.118256
-0.119364
-0.118453
-0.118589
-0.119248
0.100660
0.876514
0.998178
0.033277
0.555261
-0.005012
0.137167
0.074942
0.050993
0.049457
0.002059
-0.031679
0.020939
-0.010822
-0.040665
-0.030001
-0.053534
-0.067236
-0.074653
-0.068981
-0.087786
-0.079848
-0.074311
-0.095991
-0.083320
-0.086999
-0.102271
-0.099752
-0.104165
-0.097449
-0.106088
-0.104766
-0.104313
-0.102387
-0.109814
-0.104955
-0.115289
-0.113449
-0.111082
-0.114524
-0.112632
-0.106531
-0.117216
-0.109235
-0.114827
-0.112975
-0.111699
-0.116481
-0.113703
-0.115182
-0.112630
-0.114220
-0.115669
-0.112735
-0.117129
-0.114650
-0.115236
-0.117223
-0.114809
-0.116932
-0.115115
-0.116785
-0.115585
-0.115623
-0.118882
-0.115601
-0.117203
-0.117215
-0.116839
-0.118284
-0.116694
-0.116754
-0.116065
-0.117481
-0.118432
-0.118288
-0.118153
-0.116055
-0.118467
-0.117168
-0.119379
-0.118026
-0.117954
-0.118974
-0.117625
-0.118957
-0.117962
-0.117830
-0.119000
-0.117742
-0.119092
-0.118285
-0.118298
-0.118658
-0.117887
-0.119007
-0.117861
-0.118484
-0.118523
-0.117990
-1.250709
1.448216
1.855749
-3.003160
-0.119739
-0.119742
1.575036
1.533585
3.990183
-1.630251
-0.119741
-0.119742
-0.331810
0.492675
0.723590
-1.263729
-0.119740
-0.119743
0.126772
1.439886
1.998459
-2.309660
-0.119741
-0.119743
0.479948
2.639684
4.220008
-3.497362
-0.119741
-0.119743
-0.327931
2.500098
3.531983
-3.990320
-0.119741
-0.119743
5.735345
1.859779
9.301021
2.480704
-0.119740
-0.119742
1.008926
0.708487
0.605703
-0.070208
-0.114421
-0.115754
-0.112039
-0.106440
-0.112586
-0.119464
-0.111362
-0.112550
-0.114964
-0.109941
-0.101387
-0.105374
-0.092958
-0.077304
-0.086712
-0.113140
-0.099683
-0.068640
-0.107964
-0.114329
-0.111463
-0.113101
-0.117372
-0.116327
-0.114875
-0.116589
-0.119280
-0.117095
-0.116699
-0.115939
-0.114446
-0.113173
-0.114769
-0.113764
-0.117476
-0.116309
-0.107483
-0.113483
-0.117044
-0.115707
-0.115419
-0.117114
-0.117698
-0.116382
-0.116747
-0.118236
-0.117530
-0.116538
-0.117520
-0.117457
-0.117641
-0.118815
-0.117994
-0.118548
-0.117951
-0.115533
-0.116314
-0.117991
-0.117687
-0.117023
-0.117576
-0.118299
-0.117557
-0.117335
-0.118040
-0.118101
-0.117083
-0.117122
-0.119360
-0.118497
-0.118938
-0.119193
-0.118614
-0.119277
-0.118258
-0.117964
-0.118451
-0.118546
-0.118179
-0.118214
-0.118552
-0.118408
-0.118170
-0.118301
-0.118403
-0.118096
-0.117767
-0.118567
-0.118437
-0.118452
-0.118666
-0.118560
-0.118873
-0.118698
-0.118460
-0.118543
1.582617
0.525174
0.847105
-0.082595
-0.110819
-0.114452
-0.115345
-0.111727
-0.117885
-0.116088
-0.113625
-0.116784
-0.117838
-0.110784
-0.107588
-0.112002
-0.094900
-0.038377
-0.097102
-0.098540
-0.094219
-0.068419
-0.105524
-0.114938
-0.112936
-0.113499
-0.117213
-0.116859
-0.115518
-0.116263
-0.118619
-0.117542
-0.116272
-0.116275
-0.116782
-0.109610
-0.105505
-0.115073
-0.110783
-0.112934
-0.109436
-0.113953
-0.117230
-0.116483
-0.115996
-0.117428
-0.117823
-0.116942
-0.117012
-0.118220
-0.117796
-0.116922
-0.117631
-0.118089
-0.114335
-0.115586
-0.117446
-0.114913
-0.117137
-0.116334
-0.116759
-0.118093
-0.117955
-0.117350
-0.117853
-0.118306
-0.117841
-0.117600
-0.118173
-0.118206
-0.117402
-0.117561
-0.119038
-0.117109
-0.117967
-0.117622
-0.117492
-0.119409
-0.118364
-0.118076
-0.118465
-0.118537
-0.118241
-0.118300
-0.118524
-0.118438
-0.118241
-0.118257
-0.118492
-0.118164
-0.118007
-0.118760
-0.118429
-0.118481
-0.118086
-0.118492
-0.118792
-0.118654
-0.118464
-0.118523
0.095756
0.304697
-0.064840
-0.060242
-0.105467
-0.116337
-0.115448
-0.113456
-0.117483
-0.116936
-0.115039
-0.116437
-0.117999
-0.118331
-0.116997
-0.117050
-0.111706
-0.113449
-0.103380
-0.113096
-0.107821
-0.115485
-0.115370
-0.116258
-0.118162
-0.118910
-0.117717
-0.118255
-0.119094
-0.118301
-0.118118
-0.118688
-0.119330
-0.118478
-0.117916
-0.118695
-0.117254
-0.116778
-0.117414
-0.117002
-0.118810
-0.118642
-0.118242
-0.118728
-0.119261
-0.118732
-0.118732
-0.119162
-0.119028
-0.118719
-0.118897
-0.119424
-0.118997
-0.118499
-0.119612
-0.118358
-0.118590
-0.118877
-0.118371
-0.119274
-0.119266
-0.118867
-0.118967
-0.119290
-0.119116
-0.118987
-0.119174
-0.119265
-0.119023
-0.119018
-0.119329
-0.119252
-0.118855
-0.119432
-0.118939
-0.118970
-0.119457
-0.118959
-0.119241
-0.119344
-0.119171
-0.119140
-0.119256
-0.119258
-0.119171
-0.119206
-0.119280
-0.119202
-0.119162
-0.119257
-0.119302
-0.119143
-0.119311
-0.119198
-0.119178
-0.119300
-0.119208
-0.119229
-0.119282
-0.119249
0.135668
0.970397
0.019192
-0.087730
-0.077685
-0.092385
-0.099325
-0.103423
-0.105004
-0.106638
-0.109073
-0.110477
-0.110367
-0.111028
-0.112880
-0.111015
-0.116872
-0.095769
-0.082473
-0.101497
-0.084481
-0.111542
-0.113994
-0.111948
-0.112165
-0.113035
-0.114024
-0.114100
-0.114098
-0.114677
-0.115297
-0.115147
-0.115051
-0.115749
-0.115405
-0.115304
-0.114578
-0.112828
-0.112305
-0.111345
-0.114649
-0.115800
-0.115800
-0.115601
-0.115666
-0.116065
-0.116188
-0.116077
-0.116189
-0.116535
-0.116559
-0.116364
-0.116539
-0.116539
-0.115904
-0.118152
-0.117082
-0.115814
-0.116015
-0.116394
-0.116754
-0.116954
-0.116868
-0.116774
-0.116916
-0.117031
-0.116963
-0.116927
-0.117087
-0.117159
-0.117055
-0.116973
-0.116932
-0.116717
-0.117895
-0.117935
-0.117304
-0.117288
-0.117272
-0.117304
-0.117400
-0.117403
-0.117343
-0.117361
-0.117415
-0.117406
-0.117378
-0.117452
-0.117381
-0.117429
-0.117298
-0.117247
-0.117384
-0.117428
-0.117765
-0.117537
-0.117520
-0.117512
-0.117490
-0.117509
0.478393
1.822247
-0.066310
-0.083331
-0.106183
-0.108532
-0.111502
-0.113221
-0.113796
-0.114964
-0.116540
-0.117954
-0.118684
-0.119206
-0.116417
-0.111733
-0.114821
-0.090150
-0.051860
-0.107048
-0.057547
-0.099946
-0.106807
-0.109034
-0.110280
-0.111873
-0.112982
-0.113491
-0.113928
-0.114580
-0.115347
-0.115831
-0.115974
-0.116920
-0.119286
-0.118030
-0.109886
-0.106749
-0.114848
-0.106553
-0.111227
-0.113429
-0.114053
-0.114249
-0.114677
-0.115106
-0.115327
-0.115422
-0.115584
-0.115884
-0.116139
-0.116059
-0.116146
-0.117430
-0.117509
-0.115363
-0.114844
-0.117349
-0.115222
-0.115318
-0.115952
-0.116188
-0.116151
-0.116209
-0.116349
-0.116443
-0.116444
-0.116433
-0.116508
-0.116601
-0.116528
-0.116246
-0.116606
-0.117274
-0.117215
-0.117591
-0.118033
-0.117466
-0.117061
-0.117119
-0.117182
-0.117146
-0.117121
-0.117137
-0.117169
-0.117180
-0.117151
-0.117188
-0.117024
-0.117114
-0.116793
-0.116778
-0.117300
-0.117158
-0.117765
-0.117572
-0.117529
-0.117411
-0.117385
-0.117394
0.083715
1.718467
0.034064
-0.067434
-0.101450
-0.114441
-0.112445
-0.113502
-0.117259
-0.118036
-0.116669
-0.118024
-0.116995
-0.116849
-0.118250
-0.110916
-0.110971
-0.087448
-0.054396
-0.117348
-0.059565
-0.109815
-0.107292
-0.109047
-0.112917
-0.114310
-0.113416
-0.114590
-0.116298
-0.115650
-0.115618
-0.117422
-0.117681
-0.117005
-0.118046
-0.116299
-0.110034
-0.106893
-0.118163
-0.106456
-0.114450
-0.114897
-0.114389
-0.115370
-0.116320
-0.115834
-0.115916
-0.116760
-0.116710
-0.116295
-0.116956
-0.117532
-0.116809
-0.117090
-0.118462
-0.115157
-0.114904
-0.118748
-0.115011
-0.116646
-0.117204
-0.116656
-0.116761
-0.117301
-0.117125
-0.116917
-0.117268
-0.117409
-0.117043
-0.117139
-0.117575
-0.117166
-0.116655
-0.118873
-0.117173
-0.117562
-0.119430
-0.117597
-0.117722
-0.117968
-0.117758
-0.117652
-0.117829
-0.117828
-0.117692
-0.117766
-0.117882
-0.117744
-0.117583
-0.117807
-0.117566
-0.117264
-0.118111
-0.117718
-0.118074
-0.118315
-0.118007
-0.117954
-0.118029
-0.117989
