-2.863509
2.280386
0.572656
-12.992651
-0.111162
-0.111153
0.323627
1.342749
5.740315
-2.785942
-0.111158
-0.111156
1.449386
2.137579
8.171946
-5.395138
-0.111160
-0.111156
-0.640942
2.111212
5.655067
-5.083224
-0.111159
-0.111159
-0.029210
5.596966
8.355570
-9.236103
-0.111160
-0.111161
-0.124299
2.126957
4.289420
-4.456238
-0.111159
-0.111160
5.694475
-0.110476
5.695692
5.693788
-0.111158
-0.111161
9.380637
2.894565
15.216782
4.133651
-0.111158
-0.111160
2.634407
0.681134
0.886819
0.135206
0.117515
0.052526
0.157893
0.251566
0.144554
0.047687
0.004062
0.202427
0.153770
0.141124
0.189302
0.108235
0.112500
0.199260
0.086756
0.091912
0.130754
0.038062
0.033054
0.044525
-0.015365
-0.000594
-0.030159
-0.054758
-0.077669
-0.060794
-0.068404
-0.083874
-0.077782
-0.094189
-0.102033
-0.092467
-0.096220
-0.106424
-0.108558
-0.095902
-0.096042
-0.101756
-0.104475
-0.101360
-0.089347
-0.091780
-0.101503
-0.095899
-0.084007
-0.092758
-0.087452
-0.077334
-0.091798
-0.080377
-0.075102
-0.088677
-0.079358
-0.080339
-0.087879
-0.085541
-0.089079
-0.090512
-0.094938
-0.094375
-0.097259
-0.104146
-0.100050
-0.101755
-0.110456
-0.100068
-0.107267
-0.109726
-0.109874
-0.106286
-0.108120
-0.107076
-0.107243
-0.110209
-0.106725
-0.109109
-0.110397
-0.106975
-0.106249
-0.109361
-0.105799
-0.108085
-0.108761
-0.106187
-0.107770
-0.106211
-0.106411
-0.107850
-0.105568
-0.107634
-0.106121
-0.105926
-0.109643
-0.105488
-0.106822
-0.108952
0.326029
0.498711
0.309139
0.059168
0.096223
0.098975
0.023176
0.014661
0.065976
0.110793
0.050391
0.050852
-0.037002
0.023182
0.091596
0.026556
0.046319
0.044344
-0.003026
-0.007078
0.024578
-0.024709
-0.003770
-0.022598
-0.053438
-0.065689
-0.070802
-0.072794
-0.052081
-0.092163
-0.087289
-0.094012
-0.102898
-0.088849
-0.103853
-0.105623
-0.101876
-0.105492
-0.108113
-0.104551
-0.102881
-0.103424
-0.102170
-0.102748
-0.101809
-0.098315
-0.105772
-0.093490
-0.100942
-0.098297
-0.097861
-0.092781
-0.097155
-0.092800
-0.093979
-0.095725
-0.093521
-0.095793
-0.095157
-0.095621
-0.098588
-0.098964
-0.101847
-0.104517
-0.100043
-0.105186
-0.102820
-0.107180
-0.108405
-0.107332
-0.106956
-0.108355
-0.109695
-0.110486
-0.109122
-0.110255
-0.110816
-0.109078
-0.109950
-0.109813
-0.108719
-0.109581
-0.109729
-0.109168
-0.109733
-0.108095
-0.108933
-0.108656
-0.109120
-0.108788
-0.108891
-0.108245
-0.108744
-0.108745
-0.108882
-0.109130
-0.109318
-0.109434
-0.109836
-0.110042
1.457122
0.501915
0.382647
0.490249
0.424942
0.542506
0.255042
0.180731
0.144213
0.096764
0.097082
0.222646
0.120381
0.068329
0.118917
0.050725
0.042345
0.077280
0.005593
0.018596
0.023602
-0.006833
-0.016641
-0.007170
-0.039342
-0.038826
-0.030783
-0.054725
-0.069061
-0.058516
-0.081341
-0.090535
-0.059065
-0.090582
-0.080468
-0.104553
-0.107158
-0.105032
-0.102424
-0.103298
-0.104533
-0.102539
-0.086841
-0.100389
-0.085952
-0.096045
-0.107490
-0.095909
-0.089541
-0.094513
-0.091881
-0.093673
-0.091946
-0.095671
-0.090434
-0.092668
-0.098072
-0.089243
-0.095532
-0.098188
-0.091467
-0.100981
-0.099174
-0.093977
-0.106607
-0.097255
-0.101415
-0.109930
-0.104388
-0.104055
-0.104359
-0.104316
-0.107281
-0.107377
-0.108176
-0.107625
-0.107298
-0.108014
-0.107118
-0.108275
-0.106085
-0.106145
-0.107905
-0.106728
-0.109423
-0.106701
-0.104899
-0.109907
-0.104365
-0.107140
-0.107786
-0.104428
-0.109410
-0.105692
-0.106079
-0.109567
-0.105856
-0.108557
-0.107877
-0.106529
0.409692
0.879051
0.548005
0.730174
0.000501
0.304304
0.003209
0.111888
0.005510
0.030603
0.052518
-0.044769
-0.065779
-0.071066
-0.049828
-0.086512
-0.038458
-0.058812
-0.059076
-0.074734
-0.062871
-0.068611
-0.097675
-0.078370
-0.094773
-0.095562
-0.095146
-0.100321
-0.088207
-0.101816
-0.097339
-0.089331
-0.102544
-0.092621
-0.103323
-0.095204
-0.102076
-0.110538
-0.108177
-0.107510
-0.098712
-0.104125
-0.107405
-0.101838
-0.106008
-0.102937
-0.109197
-0.101976
-0.109360
-0.108327
-0.110494
-0.108024
-0.108605
-0.107099
-0.106933
-0.106641
-0.108107
-0.105335
-0.108124
-0.107700
-0.107297
-0.109898
-0.108363
-0.110223
-0.109615
-0.108309
-0.109067
-0.108637
-0.107253
-0.108756
-0.107728
-0.109995
-0.109331
-0.108363
-0.109733
-0.109975
-0.110399
-0.109235
-0.109543
-0.109728
-0.109311
-0.110039
-0.109350
-0.110153
-0.110170
-0.110202
-0.110310
-0.110208
-0.110477
-0.110515
-0.110361
-0.110844
-0.110201
-0.110602
-0.110279
-0.110415
-0.110777
-0.110251
-0.110836
-0.110732
-0.005527
3.450282
1.164998
0.703989
0.832625
0.333469
0.046327
0.102999
0.044532
0.086872
-0.014574
0.047479
-0.010482
-0.039091
-0.038587
-0.072584
-0.087933
-0.082547
-0.105684
-0.099365
-0.092627
-0.104087
-0.090088
-0.083843
-0.099160
-0.081503
-0.092198
-0.091408
-0.093601
-0.093591
-0.104018
-0.106487
-0.095132
-0.079321
-0.097272
-0.105582
-0.086244
-0.096788
-0.099219
-0.097762
-0.091994
-0.098906
-0.102132
-0.103650
-0.102272
-0.104983
-0.105690
-0.107938
-0.104354
-0.107131
-0.106835
-0.106455
-0.109512
-0.108238
-0.110061
-0.108911
-0.109482
-0.109787
-0.110201
-0.108048
-0.109107
-0.109503
-0.107784
-0.109137
-0.108054
-0.109027
-0.108378
-0.109704
-0.110476
-0.107483
-0.106807
-0.108563
-0.109535
-0.108434
-0.106196
-0.109368
-0.109714
-0.107168
-0.109503
-0.110062
-0.108646
-0.109072
-0.110081
-0.111128
-0.110442
-0.110505
-0.110161
-0.110622
-0.110475
-0.110268
-0.110750
-0.110590
-0.110645
-0.110979
-0.110742
-0.110730
-0.111025
-0.110868
-0.110854
-0.111048
-0.103404
0.741799
1.020084
-0.046507
0.467701
0.166137
-0.079831
0.026631
-0.011509
0.031376
-0.037617
-0.042378
-0.052602
-0.069879
-0.090454
-0.101733
-0.091916
-0.091008
-0.099959
-0.094032
-0.094613
-0.109391
-0.097488
-0.102888
-0.103973
-0.091496
-0.105414
-0.089376
-0.095347
-0.099165
-0.095539
-0.103454
-0.103140
-0.090574
-0.094334
-0.099109
-0.104237
-0.103533
-0.105252
-0.099841
-0.105843
-0.108932
-0.099202
-0.104721
-0.108176
-0.104491
-0.108604
-0.104618
-0.110933
-0.104898
-0.107994
-0.109084
-0.108269
-0.109925
-0.109513
-0.108451
-0.110136
-0.109337
-0.108703
-0.110087
-0.108823
-0.108288
-0.109711
-0.108410
-0.108486
-0.108841
-0.107321
-0.109764
-0.106726
-0.109538
-0.107907
-0.105371
-0.109959
-0.109218
-0.108965
-0.108536
-0.108292
-0.108843
-0.109660
-0.110474
-0.107333
-0.108354
-0.109326
-0.108124
-0.109246
-0.108569
-0.108832
-0.109206
-0.108891
-0.109484
-0.109083
-0.108951
-0.109226
-0.109151
-0.109102
-0.109496
-0.108986
-0.109407
-0.109197
-0.109206
-1.053052
1.182355
1.484833
-2.741661
-0.111158
-0.111160
1.453622
1.378847
3.593406
-1.420671
-0.111160
-0.111160
-0.181318
0.438320
0.715588
-1.059031
-0.111159
-0.111161
-0.040693
1.287970
1.580454
-2.501001
-0.111160
-0.111161
0.482196
2.023579
3.610104
-2.609787
-0.111159
-0.111161
-0.274929
2.019655
2.685796
-3.459534
-0.111159
-0.111161
4.967765
1.461134
7.396170
1.905345
-0.111160
-0.111160
0.830503
0.625470
0.421846
-0.104268
-0.105520
-0.106095
-0.105935
-0.107828
-0.109942
-0.110958
-0.110859
-0.110334
-0.108637
-0.107262
-0.106397
-0.106424
-0.100585
-0.069163
-0.079842
-0.109237
-0.086249
-0.074150
-0.102368
-0.104508
-0.106511
-0.107452
-0.107899
-0.107997
-0.108089
-0.108360
-0.108404
-0.108419
-0.108240
-0.107966
-0.107518
-0.105136
-0.105717
-0.104722
-0.109522
-0.107036
-0.101388
-0.107171
-0.108094
-0.108701
-0.109043
-0.109197
-0.109284
-0.109302
-0.109375
-0.109376
-0.109289
-0.109119
-0.108868
-0.108552
-0.106732
-0.109677
-0.110194
-0.109183
-0.110019
-0.108366
-0.110150
-0.110485
-0.110623
-0.110660
-0.110637
-0.110639
-0.110627
-0.110628
-0.110621
-0.110579
-0.110525
-0.110384
-0.110269
-0.109140
-0.109929
-0.110702
-0.110182
-0.109979
-0.110278
-0.110758
-0.110808
-0.110856
-0.110877
-0.110893
-0.110902
-0.110874
-0.110847
-0.110914
-0.110882
-0.110822
-0.110984
-0.110999
-0.110709
-0.111065
-0.110849
-0.111030
-0.111031
-0.110728
-0.110805
-0.110814
1.462932
0.514818
0.730536
-0.074773
-0.102965
-0.103379
-0.102321
-0.107587
-0.105565
-0.104460
-0.104161
-0.104312
-0.107692
-0.110477
-0.109514
-0.107982
-0.099339
-0.033945
-0.081857
-0.098227
-0.094898
-0.059968
-0.103060
-0.105450
-0.106473
-0.106437
-0.106978
-0.107468
-0.108047
-0.108499
-0.108876
-0.108598
-0.107871
-0.107772
-0.107366
-0.104620
-0.096557
-0.106593
-0.108423
-0.105824
-0.098202
-0.106432
-0.107600
-0.108213
-0.108638
-0.108715
-0.108625
-0.108694
-0.108765
-0.108915
-0.108923
-0.108773
-0.108554
-0.108114
-0.105580
-0.107911
-0.108695
-0.109062
-0.106379
-0.107963
-0.109971
-0.110174
-0.110210
-0.110325
-0.110330
-0.110293
-0.110234
-0.110183
-0.110126
-0.110140
-0.110271
-0.110287
-0.110276
-0.108795
-0.109316
-0.109306
-0.109127
-0.108640
-0.110023
-0.110434
-0.110418
-0.110401
-0.110333
-0.110319
-0.110357
-0.110317
-0.110457
-0.110419
-0.110420
-0.110216
-0.110410
-0.110430
-0.110508
-0.110024
-0.110422
-0.110352
-0.111014
-0.110189
-0.110295
-0.110313
-0.039489
0.267846
-0.073795
-0.051660
-0.093186
-0.097576
-0.099176
-0.099391
-0.101779
-0.104758
-0.104219
-0.104806
-0.105586
-0.105311
-0.105790
-0.105622
-0.106310
-0.101684
-0.100673
-0.107528
-0.097700
-0.108070
-0.107076
-0.108424
-0.108455
-0.108706
-0.108763
-0.108874
-0.108721
-0.108627
-0.108906
-0.109090
-0.109136
-0.109076
-0.109017
-0.109713
-0.109139
-0.107143
-0.107897
-0.110081
-0.109040
-0.110139
-0.109748
-0.109708
-0.109678
-0.109764
-0.109766
-0.109740
-0.109843
-0.109843
-0.109805
-0.109869
-0.109941
-0.110129
-0.109521
-0.110215
-0.109006
-0.109552
-0.109635
-0.110103
-0.109707
-0.109847
-0.109901
-0.109922
-0.109903
-0.109899
-0.109961
-0.109988
-0.109981
-0.109994
-0.109988
-0.109994
-0.109948
-0.110058
-0.109576
-0.110377
-0.110495
-0.109783
-0.110069
-0.110031
-0.110059
-0.110064
-0.110079
-0.110083
-0.110099
-0.110100
-0.110067
-0.110078
-0.110133
-0.110091
-0.110110
-0.110063
-0.110137
-0.110111
-0.110127
-0.110013
-0.110165
-0.110088
-0.110136
-0.110128
-0.037180
0.813342
0.206507
-0.008268
-0.079822
-0.085583
-0.091281
-0.092811
-0.094920
-0.096941
-0.098339
-0.099563
-0.100437
-0.100524
-0.100879
-0.102827
-0.098307
-0.084897
-0.075061
-0.105094
-0.070576
-0.097085
-0.105735
-0.104436
-0.105505
-0.105721
-0.105998
-0.106239
-0.106431
-0.106617
-0.106810
-0.106988
-0.107110
-0.107390
-0.106919
-0.109274
-0.104830
-0.100526
-0.105138
-0.100327
-0.109309
-0.108264
-0.107940
-0.107827
-0.107814
-0.107897
-0.107973
-0.108012
-0.108070
-0.108107
-0.108143
-0.108260
-0.108350
-0.108634
-0.108302
-0.104854
-0.107974
-0.107011
-0.109892
-0.108928
-0.108461
-0.108782
-0.108782
-0.108822
-0.108829
-0.108833
-0.108856
-0.108867
-0.108878
-0.108883
-0.108894
-0.108849
-0.108926
-0.108558
-0.108029
-0.109677
-0.109703
-0.108673
-0.108826
-0.109059
-0.109036
-0.109078
-0.109103
-0.109115
-0.109143
-0.109164
-0.109056
-0.109148
-0.109131
-0.109232
-0.109205
-0.109109
-0.109129
-0.109750
-0.109163
-0.109339
-0.108895
-0.109153
-0.109206
-0.109201
0.484016
1.379788
0.073238
-0.074331
-0.089554
-0.095999
-0.099757
-0.102649
-0.104254
-0.105533
-0.106464
-0.107278
-0.108047
-0.109092
-0.109873
-0.109929
-0.108393
-0.087383
-0.053808
-0.105710
-0.055138
-0.104396
-0.103494
-0.104746
-0.105561
-0.106154
-0.106587
-0.106930
-0.107188
-0.107419
-0.107626
-0.107805
-0.107896
-0.107954
-0.107925
-0.107573
-0.102144
-0.100472
-0.109463
-0.096417
-0.107503
-0.107563
-0.107916
-0.108150
-0.108323
-0.108400
-0.108490
-0.108528
-0.108573
-0.108596
-0.108601
-0.108560
-0.108481
-0.108340
-0.108171
-0.104337
-0.110262
-0.107761
-0.107424
-0.110075
-0.110071
-0.109981
-0.109920
-0.109876
-0.109851
-0.109834
-0.109829
-0.109816
-0.109821
-0.109815
-0.109811
-0.109808
-0.109794
-0.109828
-0.108386
-0.109743
-0.109102
-0.109518
-0.110096
-0.110068
-0.110069
-0.110072
-0.110077
-0.110088
-0.110097
-0.110124
-0.110033
-0.110133
-0.109989
-0.110190
-0.110187
-0.110209
-0.110180
-0.110601
-0.110096
-0.110647
-0.109803
-0.110051
-0.110075
-0.110087
0.043990
1.382495
0.044364
-0.102834
-0.088394
-0.091019
-0.093979
-0.096685
-0.098477
-0.100017
-0.101176
-0.102146
-0.102826
-0.103873
-0.103824
-0.105233
-0.106368
-0.093748
-0.048263
-0.097432
-0.057537
-0.101738
-0.101499
-0.103994
-0.105186
-0.105721
-0.106133
-0.106457
-0.106735
-0.106975
-0.107203
-0.107436
-0.107572
-0.107882
-0.107856
-0.107793
-0.102603
-0.100282
-0.110000
-0.096001
-0.106668
-0.106332
-0.106999
-0.107248
-0.107493
-0.107603
-0.107727
-0.107786
-0.107847
-0.107877
-0.107894
-0.107846
-0.107776
-0.107558
-0.107708
-0.104166
-0.109707
-0.107344
-0.107662
-0.109705
-0.109735
-0.109569
-0.109452
-0.109395
-0.109369
-0.109352
-0.109348
-0.109330
-0.109348
-0.109352
-0.109351
-0.109319
-0.109302
-0.109294
-0.108753
-0.108602
-0.108074
-0.109549
-0.109503
-0.109505
-0.109511
-0.109543
-0.109555
-0.109572
-0.109581
-0.109599
-0.109574
-0.109627
-0.109465
-0.109677
-0.109678
-0.109734
-0.109704
-0.109976
-0.109652
-0.110177
-0.109348
-0.109579
-0.109571
-0.109584
