-1.079547
1.792373
2.070001
-6.385357
-0.115978
-0.115973
0.092707
0.899203
2.907937
-2.959588
-0.115974
-0.115972
2.533516
1.458270
6.347988
-2.844453
-0.115977
-0.115967
-0.728419
1.702712
4.504080
-4.154826
-0.115974
-0.115974
-0.161458
5.211860
10.707248
-9.309231
-0.115975
-0.115976
0.057423
1.084210
3.512701
-2.532049
-0.115974
-0.115973
10.152451
-0.114844
10.155331
10.151023
-0.115973
-0.115975
7.799974
3.666721
14.134360
2.360666
-0.115975
-0.115978
0.842502
0.593473
0.425830
0.503270
0.285603
-0.043631
0.293068
0.140001
0.002475
0.047965
0.053416
0.029259
0.019940
0.118364
-0.052216
0.026616
-0.006365
-0.078092
-0.037296
-0.092360
-0.075387
-0.082878
-0.070125
-0.075922
-0.077768
-0.070049
-0.081214
-0.077746
-0.087777
-0.076776
-0.094630
-0.087819
-0.100597
-0.089484
-0.106803
-0.098194
-0.097326
-0.102856
-0.079881
-0.104852
-0.082287
-0.083264
-0.107813
-0.092880
-0.103739
-0.103365
-0.102100
-0.092208
-0.105635
-0.105348
-0.100727
-0.106362
-0.114129
-0.113053
-0.108181
-0.106701
-0.106861
-0.104972
-0.109281
-0.108905
-0.104454
-0.114846
-0.107640
-0.108426
-0.107122
-0.111384
-0.103685
-0.106649
-0.109780
-0.104988
-0.114658
-0.107684
-0.111490
-0.113265
-0.111208
-0.113367
-0.110533
-0.111824
-0.111001
-0.112011
-0.110762
-0.113716
-0.110619
-0.112844
-0.112240
-0.112285
-0.111766
-0.112068
-0.113546
-0.112803
-0.114516
-0.110236
-0.110167
-0.112837
-0.108494
-0.114075
-0.109847
-0.111002
-0.114377
-0.111035
0.091281
0.228813
0.226726
0.013952
-0.111954
-0.051929
-0.038225
-0.069208
-0.045367
-0.064406
0.020513
0.038224
0.040035
0.078920
0.022384
0.006684
-0.005818
-0.059649
-0.026115
-0.022165
-0.043178
0.000613
-0.030789
-0.018905
-0.039974
-0.066103
-0.084589
-0.108357
-0.088830
-0.082079
-0.057645
-0.068280
-0.056623
-0.067666
-0.082023
-0.077406
-0.100346
-0.088641
-0.089479
-0.090207
-0.083885
-0.086493
-0.092541
-0.093823
-0.103012
-0.106631
-0.109896
-0.112854
-0.112207
-0.115366
-0.113580
-0.111378
-0.112030
-0.114746
-0.113761
-0.111477
-0.112395
-0.114986
-0.113768
-0.113215
-0.113454
-0.114877
-0.114993
-0.112536
-0.109159
-0.108069
-0.104850
-0.104731
-0.105760
-0.106312
-0.108278
-0.109413
-0.107669
-0.110642
-0.107080
-0.106713
-0.106464
-0.104699
-0.108096
-0.107955
-0.111750
-0.114286
-0.114889
-0.112005
-0.109077
-0.109708
-0.107716
-0.110095
-0.109806
-0.111732
-0.112241
-0.111017
-0.111751
-0.111505
-0.111255
-0.110932
-0.110866
-0.112270
-0.113363
-0.113457
2.531778
0.295936
0.339435
-0.025741
0.403469
0.407538
0.092545
0.111147
0.131834
0.064736
-0.088188
-0.016787
-0.007202
-0.072689
-0.032714
-0.016509
-0.078897
-0.024307
-0.018618
-0.048433
-0.043732
-0.021295
-0.077324
-0.046946
-0.053577
-0.074062
-0.055457
-0.064212
-0.066580
-0.078850
-0.064505
-0.093805
-0.078497
-0.078584
-0.095768
-0.080807
-0.082766
-0.098998
-0.096413
-0.094971
-0.107400
-0.098703
-0.103723
-0.111472
-0.102101
-0.098930
-0.102540
-0.107674
-0.098743
-0.095325
-0.111032
-0.106191
-0.107795
-0.114467
-0.112846
-0.113434
-0.115617
-0.107048
-0.100783
-0.109330
-0.107814
-0.104856
-0.109085
-0.113520
-0.111270
-0.109155
-0.111745
-0.111875
-0.108745
-0.112479
-0.110792
-0.108628
-0.111434
-0.109497
-0.107091
-0.111155
-0.110464
-0.108559
-0.114419
-0.109014
-0.110767
-0.110355
-0.110165
-0.109551
-0.110442
-0.111737
-0.108138
-0.113096
-0.109683
-0.109659
-0.113068
-0.113642
-0.112287
-0.114817
-0.112107
-0.110435
-0.113091
-0.112411
-0.109470
-0.111856
0.493879
0.685745
0.537423
0.307557
0.279667
0.165369
0.004096
0.012839
0.075544
0.035571
0.047937
0.021986
-0.018335
-0.045969
-0.062186
-0.101790
-0.095619
-0.107302
-0.087299
-0.086322
-0.102832
-0.087718
-0.095493
-0.101974
-0.095387
-0.103851
-0.100223
-0.099999
-0.104662
-0.102472
-0.104379
-0.110029
-0.104128
-0.109681
-0.107013
-0.106403
-0.111866
-0.109867
-0.114631
-0.111009
-0.109521
-0.105793
-0.102569
-0.102419
-0.102709
-0.105592
-0.107275
-0.108659
-0.108592
-0.108691
-0.109289
-0.111261
-0.110794
-0.113490
-0.112397
-0.111592
-0.111154
-0.110150
-0.111709
-0.113901
-0.113708
-0.111190
-0.110879
-0.110130
-0.110671
-0.111467
-0.111692
-0.112460
-0.113655
-0.114856
-0.114957
-0.115342
-0.114608
-0.114788
-0.114711
-0.114017
-0.115273
-0.114905
-0.114538
-0.115308
-0.114989
-0.114714
-0.115339
-0.114861
-0.114996
-0.115728
-0.115418
-0.115360
-0.114952
-0.115379
-0.115301
-0.115803
-0.115207
-0.114549
-0.114386
-0.114416
-0.113483
-0.113688
-0.114233
-0.114690
-0.072458
1.898316
2.619792
0.869089
0.672953
0.718443
0.052356
0.150403
0.137891
0.086072
-0.021741
-0.027484
0.015957
-0.010984
-0.033417
-0.011352
-0.078428
-0.042252
-0.050635
-0.098616
-0.065990
-0.075147
-0.105334
-0.090392
-0.082328
-0.104442
-0.092283
-0.086582
-0.111885
-0.095482
-0.099383
-0.115326
-0.101902
-0.100092
-0.107317
-0.103711
-0.099049
-0.111263
-0.103917
-0.104333
-0.106655
-0.102743
-0.108520
-0.111232
-0.105595
-0.105811
-0.108479
-0.109294
-0.101742
-0.098420
-0.114009
-0.095444
-0.103306
-0.110563
-0.108567
-0.102940
-0.102279
-0.111758
-0.101152
-0.109574
-0.110476
-0.108688
-0.110330
-0.113123
-0.114185
-0.112221
-0.112691
-0.114259
-0.112275
-0.113097
-0.114072
-0.112622
-0.114870
-0.113596
-0.113362
-0.114481
-0.114432
-0.114091
-0.114972
-0.114978
-0.114085
-0.115342
-0.114382
-0.114334
-0.115691
-0.113950
-0.113588
-0.115508
-0.113224
-0.114182
-0.114335
-0.114624
-0.115793
-0.113585
-0.113979
-0.114101
-0.113664
-0.115262
-0.114460
-0.114820
0.056816
0.068463
0.373822
0.312175
0.133509
0.180375
0.089792
-0.054283
-0.024914
0.008391
-0.010852
-0.010087
-0.036104
-0.059116
-0.065111
-0.080112
-0.109400
-0.087872
-0.105393
-0.102142
-0.099577
-0.110694
-0.096191
-0.111291
-0.102790
-0.106342
-0.106645
-0.103431
-0.111521
-0.104182
-0.111947
-0.109483
-0.110610
-0.110916
-0.107654
-0.113997
-0.112294
-0.112831
-0.110822
-0.109356
-0.109303
-0.107487
-0.105564
-0.107343
-0.107349
-0.109426
-0.113520
-0.108461
-0.107788
-0.110688
-0.110277
-0.108867
-0.113733
-0.115603
-0.115684
-0.115289
-0.113228
-0.112786
-0.110566
-0.110777
-0.113412
-0.113733
-0.111574
-0.112197
-0.112932
-0.112711
-0.113346
-0.113452
-0.113784
-0.114506
-0.114605
-0.114393
-0.115727
-0.115233
-0.115721
-0.114445
-0.114823
-0.115389
-0.114553
-0.115784
-0.115252
-0.115137
-0.115509
-0.115300
-0.115318
-0.114634
-0.115518
-0.115367
-0.114556
-0.115307
-0.115782
-0.115589
-0.114998
-0.115284
-0.115029
-0.113771
-0.113507
-0.115566
-0.114272
-0.113884
-2.595605
0.179545
-2.034693
-3.064616
-0.115975
-0.115978
0.544982
0.236338
1.438553
0.251904
-0.115972
-0.115974
-0.118994
0.073913
0.235149
-0.323848
-0.115974
-0.115978
-1.356955
1.682151
1.512959
-4.037094
-0.115975
-0.115978
0.301927
0.566815
1.417964
-0.706017
-0.115975
-0.115978
0.700921
1.961274
3.343498
-2.528394
-0.115976
-0.115978
7.567947
0.816827
8.702519
5.988989
-0.115976
-0.115978
2.363577
-0.060678
0.066749
-0.066850
-0.080008
-0.088259
-0.092549
-0.098585
-0.100156
-0.102178
-0.103765
-0.104826
-0.106439
-0.106202
-0.106929
-0.107101
-0.106416
-0.098888
-0.114288
-0.112660
-0.110918
-0.106829
-0.113820
-0.113297
-0.113351
-0.113340
-0.113720
-0.113802
-0.113908
-0.114039
-0.114094
-0.114253
-0.114218
-0.114223
-0.114145
-0.113730
-0.112404
-0.114993
-0.114659
-0.114205
-0.114168
-0.115788
-0.115457
-0.115388
-0.115337
-0.115366
-0.115384
-0.115386
-0.115406
-0.115406
-0.115428
-0.115428
-0.115403
-0.115352
-0.115121
-0.114645
-0.115480
-0.115332
-0.115110
-0.115337
-0.115919
-0.115828
-0.115782
-0.115752
-0.115739
-0.115747
-0.115742
-0.115745
-0.115742
-0.115747
-0.115754
-0.115737
-0.115712
-0.115587
-0.115406
-0.115718
-0.115647
-0.115539
-0.115764
-0.115898
-0.115894
-0.115877
-0.115870
-0.115853
-0.115868
-0.115856
-0.115858
-0.115860
-0.115899
-0.115881
-0.115877
-0.115873
-0.115832
-0.115840
-0.115852
-0.115831
-0.115803
-0.115964
-0.115891
-0.115903
0.547261
0.092178
-0.009032
-0.053422
-0.081955
-0.090162
-0.096566
-0.099045
-0.102191
-0.104024
-0.105669
-0.106623
-0.107208
-0.108813
-0.109059
-0.109683
-0.107908
-0.107965
-0.108916
-0.114757
-0.108794
-0.109451
-0.111100
-0.112798
-0.113314
-0.113828
-0.114074
-0.114361
-0.114477
-0.114690
-0.114728
-0.114756
-0.115019
-0.115035
-0.115125
-0.114709
-0.114611
-0.114589
-0.115409
-0.114381
-0.114494
-0.114904
-0.115280
-0.115396
-0.115507
-0.115580
-0.115639
-0.115640
-0.115699
-0.115683
-0.115676
-0.115759
-0.115762
-0.115790
-0.115607
-0.115495
-0.115381
-0.115640
-0.115375
-0.115402
-0.115573
-0.115721
-0.115766
-0.115808
-0.115843
-0.115864
-0.115856
-0.115880
-0.115864
-0.115858
-0.115895
-0.115899
-0.115912
-0.115825
-0.115762
-0.115692
-0.115814
-0.115731
-0.115734
-0.115805
-0.115867
-0.115886
-0.115904
-0.115917
-0.115931
-0.115934
-0.115931
-0.115909
-0.115914
-0.115935
-0.115942
-0.115947
-0.115921
-0.115900
-0.115879
-0.115935
-0.115918
-0.115910
-0.115922
-0.115943
-0.113621
0.003299
-0.065458
-0.093238
-0.102426
-0.105155
-0.106215
-0.108834
-0.108814
-0.110883
-0.111852
-0.111158
-0.112500
-0.112132
-0.112910
-0.113212
-0.112356
-0.112298
-0.111244
-0.115011
-0.112808
-0.113329
-0.114652
-0.115335
-0.115464
-0.115442
-0.115669
-0.115623
-0.115653
-0.115934
-0.115735
-0.115860
-0.115647
-0.115670
-0.115594
-0.115196
-0.115634
-0.115173
-0.115230
-0.115447
-0.115591
-0.115499
-0.115650
-0.115668
-0.115684
-0.115655
-0.115703
-0.115615
-0.115607
-0.115676
-0.115630
-0.115647
-0.115626
-0.115604
-0.115490
-0.115734
-0.115633
-0.115417
-0.115653
-0.115734
-0.115581
-0.115624
-0.115633
-0.115647
-0.115635
-0.115662
-0.115627
-0.115621
-0.115659
-0.115638
-0.115651
-0.115643
-0.115635
-0.115594
-0.115706
-0.115699
-0.115555
-0.115687
-0.115713
-0.115644
-0.115655
-0.115658
-0.115664
-0.115658
-0.115673
-0.115658
-0.115648
-0.115673
-0.115664
-0.115663
-0.115662
-0.115660
-0.115651
-0.115682
-0.115689
-0.115636
-0.115677
-0.115686
-0.115664
-0.115668
1.119355
1.127689
0.076806
-0.051201
-0.044973
-0.058567
-0.067747
-0.074703
-0.080245
-0.084471
-0.087900
-0.090849
-0.093161
-0.095039
-0.096894
-0.097526
-0.096863
-0.088764
-0.064216
-0.104329
-0.082850
-0.110996
-0.113361
-0.111594
-0.110977
-0.111008
-0.111017
-0.111115
-0.111230
-0.111343
-0.111433
-0.111517
-0.111527
-0.111567
-0.111358
-0.109654
-0.107782
-0.105592
-0.110189
-0.111107
-0.112781
-0.112552
-0.113366
-0.113302
-0.113307
-0.113288
-0.113293
-0.113296
-0.113320
-0.113324
-0.113338
-0.113336
-0.113333
-0.113276
-0.112412
-0.111666
-0.112205
-0.112332
-0.114953
-0.113401
-0.113292
-0.113766
-0.113793
-0.113817
-0.113824
-0.113836
-0.113855
-0.113858
-0.113883
-0.113873
-0.113881
-0.113887
-0.113878
-0.113468
-0.113145
-0.114161
-0.113395
-0.115223
-0.113890
-0.113817
-0.114021
-0.114040
-0.114051
-0.114045
-0.114057
-0.114142
-0.114044
-0.114167
-0.114038
-0.114059
-0.114088
-0.114089
-0.113966
-0.113881
-0.114401
-0.113948
-0.114460
-0.114081
-0.114054
-0.114107
0.302466
0.334548
0.044268
-0.076350
-0.097846
-0.105031
-0.108331
-0.110132
-0.111060
-0.111454
-0.111590
-0.111616
-0.111458
-0.111153
-0.110786
-0.110107
-0.108004
-0.098682
-0.099981
-0.113879
-0.100675
-0.107802
-0.114004
-0.115527
-0.115859
-0.115534
-0.115287
-0.115151
-0.115039
-0.114956
-0.114891
-0.114822
-0.114728
-0.114621
-0.114465
-0.113960
-0.111598
-0.113203
-0.114871
-0.112536
-0.113855
-0.115245
-0.115448
-0.115440
-0.115424
-0.115397
-0.115383
-0.115365
-0.115355
-0.115340
-0.115328
-0.115305
-0.115272
-0.115225
-0.115040
-0.113986
-0.115129
-0.115253
-0.114637
-0.114899
-0.115419
-0.115495
-0.115501
-0.115503
-0.115500
-0.115499
-0.115503
-0.115496
-0.115498
-0.115490
-0.115487
-0.115477
-0.115464
-0.115398
-0.114905
-0.115777
-0.115446
-0.115465
-0.115359
-0.115535
-0.115559
-0.115560
-0.115561
-0.115560
-0.115554
-0.115599
-0.115555
-0.115594
-0.115538
-0.115559
-0.115559
-0.115558
-0.115546
-0.115417
-0.115726
-0.115545
-0.115701
-0.115539
-0.115574
-0.115578
0.698416
1.317653
0.044334
0.035191
-0.008146
-0.032841
-0.047977
-0.059032
-0.067141
-0.073786
-0.079042
-0.083503
-0.087279
-0.090248
-0.092727
-0.094161
-0.095448
-0.106100
-0.059121
-0.100915
-0.081779
-0.107781
-0.111036
-0.111172
-0.110806
-0.110555
-0.110318
-0.110131
-0.109961
-0.109820
-0.109674
-0.109547
-0.109426
-0.109291
-0.109158
-0.109101
-0.108461
-0.105780
-0.106039
-0.112682
-0.109329
-0.110311
-0.110163
-0.110045
-0.110004
-0.109970
-0.109978
-0.109970
-0.109993
-0.110006
-0.110020
-0.110044
-0.110057
-0.110085
-0.110128
-0.109600
-0.111201
-0.108736
-0.112846
-0.110323
-0.110699
-0.110676
-0.110663
-0.110677
-0.110690
-0.110718
-0.110745
-0.110758
-0.110803
-0.110803
-0.110834
-0.110852
-0.110879
-0.110910
-0.110614
-0.111937
-0.110299
-0.112224
-0.111049
-0.111190
-0.111183
-0.111180
-0.111190
-0.111198
-0.111206
-0.111285
-0.111179
-0.111324
-0.111210
-0.111249
-0.111254
-0.111263
-0.111274
-0.111169
-0.111662
-0.111099
-0.111647
-0.111317
-0.111346
-0.111342
