-2.202786
1.767954
0.297977
-8.740803
-0.105870
-0.105860
-0.081432
1.170097
4.426650
-3.539646
-0.105864
-0.105859
2.208353
1.526494
6.505817
-4.712800
-0.105871
-0.105851
-0.475393
2.053564
5.093117
-5.265557
-0.105867
-0.105866
-0.072861
5.289188
10.415191
-9.582462
-0.105866
-0.105868
-0.060978
1.335868
3.079306
-3.305969
-0.105866
-0.105865
8.967517
-0.105245
8.968332
8.966341
-0.105867
-0.105869
8.597104
3.192149
14.762626
3.900050
-0.105865
-0.105869
1.986348
0.568546
0.388006
0.479719
0.261423
0.097521
0.318502
0.152906
0.105436
-0.000518
0.122327
0.043367
-0.023681
0.093854
-0.026106
-0.005589
0.041242
-0.024184
-0.074993
0.016255
-0.020881
-0.064580
-0.022279
-0.044929
-0.079436
-0.062670
-0.044289
-0.075834
-0.076462
-0.051324
-0.074261
-0.090304
-0.069293
-0.067615
-0.087214
-0.070875
-0.061821
-0.095267
-0.083963
-0.072152
-0.083987
-0.097232
-0.079067
-0.093353
-0.086767
-0.077021
-0.097521
-0.083591
-0.088703
-0.086321
-0.096842
-0.097985
-0.096779
-0.101760
-0.102352
-0.100115
-0.095046
-0.096551
-0.094110
-0.094921
-0.103292
-0.095003
-0.097243
-0.103453
-0.102236
-0.094828
-0.097310
-0.100367
-0.091435
-0.099127
-0.099799
-0.095943
-0.099950
-0.101798
-0.096296
-0.098729
-0.101986
-0.095894
-0.098979
-0.102818
-0.099524
-0.099622
-0.101850
-0.102927
-0.099447
-0.101008
-0.103754
-0.101239
-0.103139
-0.101364
-0.101348
-0.101553
-0.104630
-0.103175
-0.102285
-0.101924
-0.104074
-0.100931
-0.100435
-0.102976
-0.082471
0.199526
0.249240
0.079603
-0.067206
0.009786
-0.015675
0.008398
0.106544
0.057190
0.178794
0.086110
0.177059
0.198012
0.084848
0.083575
0.055577
-0.035204
-0.041699
-0.078736
-0.092671
-0.093039
-0.057018
-0.073044
-0.038902
-0.040277
-0.039098
-0.034531
-0.038908
-0.048409
-0.053165
-0.058988
-0.081363
-0.074154
-0.089919
-0.094752
-0.094555
-0.087518
-0.089284
-0.078380
-0.069231
-0.076303
-0.062445
-0.062486
-0.080187
-0.070502
-0.085082
-0.088903
-0.095339
-0.101891
-0.101146
-0.103730
-0.100315
-0.101397
-0.102422
-0.105132
-0.104444
-0.103378
-0.103545
-0.104214
-0.103332
-0.103451
-0.105231
-0.100646
-0.100422
-0.095202
-0.097959
-0.091682
-0.087653
-0.093998
-0.092177
-0.092109
-0.097829
-0.098023
-0.100318
-0.100985
-0.102400
-0.100711
-0.100950
-0.099729
-0.099112
-0.098621
-0.098831
-0.098714
-0.098631
-0.099212
-0.100386
-0.100373
-0.100983
-0.102482
-0.104682
-0.102890
-0.103089
-0.102668
-0.102642
-0.100585
-0.102166
-0.100344
-0.099480
-0.102179
2.207571
0.204055
0.212743
0.019794
0.368522
0.346253
0.166554
0.192089
0.226976
0.138129
-0.030889
0.039519
0.050558
-0.072222
-0.004771
0.024782
-0.022944
0.027099
0.074908
-0.005209
0.039542
0.053858
-0.028268
0.038640
0.016676
-0.019454
0.034779
-0.007188
-0.009668
0.018284
-0.024782
-0.019950
-0.007028
-0.059317
-0.033739
-0.041798
-0.079200
-0.054165
-0.071469
-0.085227
-0.069879
-0.079539
-0.087370
-0.072769
-0.081123
-0.093425
-0.078131
-0.077533
-0.086122
-0.092849
-0.091272
-0.091946
-0.102798
-0.099668
-0.103734
-0.103868
-0.105321
-0.101080
-0.103223
-0.096430
-0.091734
-0.098796
-0.097995
-0.094911
-0.097605
-0.105087
-0.097299
-0.094337
-0.103275
-0.095347
-0.092779
-0.097365
-0.092093
-0.088514
-0.096504
-0.092893
-0.090674
-0.099948
-0.091700
-0.092862
-0.098523
-0.089635
-0.092873
-0.094073
-0.088816
-0.092308
-0.095185
-0.091114
-0.098844
-0.096489
-0.096618
-0.101977
-0.099889
-0.100375
-0.101774
-0.098874
-0.099436
-0.100598
-0.097851
-0.099446
0.260594
0.662805
0.623438
0.085752
0.400727
0.459518
0.098019
0.224198
0.309746
0.094484
0.199144
0.110250
0.009500
0.091785
0.000840
-0.101395
-0.061219
-0.052307
-0.084258
-0.068591
-0.059375
-0.083593
-0.082545
-0.080066
-0.089484
-0.083313
-0.085961
-0.085358
-0.082688
-0.085506
-0.089102
-0.093607
-0.090034
-0.095996
-0.100242
-0.090276
-0.097066
-0.102659
-0.093776
-0.098326
-0.103707
-0.093015
-0.087648
-0.093908
-0.089593
-0.082058
-0.092699
-0.085939
-0.087737
-0.096797
-0.092441
-0.097406
-0.103330
-0.103114
-0.104873
-0.104148
-0.102203
-0.101621
-0.102945
-0.102438
-0.100445
-0.102579
-0.100635
-0.097093
-0.099776
-0.095049
-0.098599
-0.100677
-0.095894
-0.101023
-0.104874
-0.102405
-0.103660
-0.105641
-0.102777
-0.103502
-0.105670
-0.103304
-0.104522
-0.104842
-0.104509
-0.105693
-0.105725
-0.104030
-0.104487
-0.104641
-0.104631
-0.104739
-0.105038
-0.105229
-0.104149
-0.104997
-0.104834
-0.104210
-0.105646
-0.103643
-0.104671
-0.103026
-0.103114
-0.104845
-0.071568
2.021297
2.659903
0.731358
0.752045
0.670939
-0.002233
0.175873
0.192125
0.072986
0.002785
-0.014695
0.008589
-0.043164
-0.064321
-0.041343
-0.057481
-0.059446
-0.079064
-0.088925
-0.083681
-0.084529
-0.093103
-0.083123
-0.085045
-0.096273
-0.085801
-0.095526
-0.095291
-0.087800
-0.099929
-0.090958
-0.092972
-0.103426
-0.098158
-0.095417
-0.100212
-0.102319
-0.100157
-0.098203
-0.095643
-0.100711
-0.098643
-0.095201
-0.101719
-0.099728
-0.094306
-0.095005
-0.099492
-0.102824
-0.092454
-0.089350
-0.099670
-0.084282
-0.097970
-0.101072
-0.097431
-0.090842
-0.097422
-0.097865
-0.092409
-0.103249
-0.098817
-0.100067
-0.102863
-0.102972
-0.102826
-0.101834
-0.103577
-0.105071
-0.103246
-0.104371
-0.104204
-0.103989
-0.104950
-0.105501
-0.105242
-0.104693
-0.105017
-0.105664
-0.105164
-0.104702
-0.105498
-0.103442
-0.104106
-0.103117
-0.103906
-0.103813
-0.103677
-0.103532
-0.104136
-0.103414
-0.102121
-0.104845
-0.102616
-0.102668
-0.104265
-0.104516
-0.102998
-0.103545
-0.060515
0.320816
0.606108
0.403187
0.097936
0.008379
-0.043674
-0.059001
-0.072425
-0.051513
-0.044415
-0.074828
-0.062148
-0.080407
-0.056370
-0.056168
-0.055392
-0.059592
-0.071854
-0.075178
-0.089616
-0.087083
-0.099767
-0.094168
-0.103565
-0.097325
-0.104304
-0.098512
-0.099710
-0.103562
-0.097325
-0.100463
-0.100285
-0.102730
-0.101391
-0.102353
-0.096667
-0.093603
-0.094270
-0.093382
-0.096284
-0.096943
-0.102807
-0.101435
-0.103625
-0.105107
-0.103756
-0.103152
-0.101725
-0.103251
-0.102861
-0.102267
-0.098807
-0.097677
-0.100854
-0.104433
-0.104974
-0.102730
-0.100247
-0.099761
-0.101278
-0.103436
-0.105141
-0.105444
-0.104014
-0.102637
-0.104261
-0.103840
-0.103688
-0.104093
-0.103635
-0.103679
-0.103434
-0.103823
-0.103505
-0.104026
-0.103686
-0.104563
-0.105007
-0.104871
-0.104915
-0.105336
-0.104750
-0.104847
-0.105258
-0.103909
-0.103806
-0.105545
-0.105083
-0.105105
-0.105587
-0.103495
-0.102959
-0.104862
-0.104217
-0.104332
-0.104293
-0.104859
-0.105545
-0.105557
-2.747243
0.197688
-2.185131
-3.290057
-0.105867
-0.105868
0.264877
0.293043
0.947839
-0.202950
-0.105865
-0.105870
0.138946
0.077515
0.444942
-0.154534
-0.105866
-0.105869
-0.153391
1.695930
2.579272
-3.471119
-0.105867
-0.105868
-0.133773
0.738587
1.202905
-1.549274
-0.105867
-0.105869
0.059206
2.469071
3.548800
-3.275941
-0.105866
-0.105870
5.839394
0.498535
6.897676
4.892883
-0.105865
-0.105869
2.534588
0.059713
0.007411
-0.065022
-0.046441
-0.099134
-0.097445
-0.100831
-0.100221
-0.102275
-0.103964
-0.103316
-0.103232
-0.103449
-0.103657
-0.102971
-0.104623
-0.104785
-0.104640
-0.103729
-0.103973
-0.104857
-0.103578
-0.103563
-0.098242
-0.101788
-0.099922
-0.101519
-0.105549
-0.101717
-0.100874
-0.103572
-0.100917
-0.105059
-0.104831
-0.104754
-0.104715
-0.105141
-0.105336
-0.105052
-0.105026
-0.105273
-0.105162
-0.104910
-0.105401
-0.105415
-0.105243
-0.105042
-0.105186
-0.105454
-0.105008
-0.104856
-0.104096
-0.105137
-0.104482
-0.104862
-0.105482
-0.104523
-0.104814
-0.105014
-0.104347
-0.105357
-0.105405
-0.105337
-0.105236
-0.105354
-0.105501
-0.105382
-0.105314
-0.105449
-0.105424
-0.105299
-0.105477
-0.105496
-0.105422
-0.105326
-0.105374
-0.105539
-0.105331
-0.105165
-0.105034
-0.105734
-0.105123
-0.105380
-0.105375
-0.104986
-0.105474
-0.105101
-0.105070
-0.105443
-0.105352
-0.105651
-0.105279
-0.105300
-0.105473
-0.105507
-0.105388
-0.105432
-0.105477
-0.105447
0.262649
0.156146
-0.009301
-0.073598
-0.103380
-0.088535
-0.100207
-0.100241
-0.103289
-0.101323
-0.102810
-0.103705
-0.104172
-0.103339
-0.103187
-0.103655
-0.104721
-0.104480
-0.104124
-0.103725
-0.104807
-0.104191
-0.103930
-0.103283
-0.105533
-0.101923
-0.101733
-0.097862
-0.103569
-0.100658
-0.101189
-0.104062
-0.105300
-0.103944
-0.105145
-0.104895
-0.105131
-0.104965
-0.105134
-0.105211
-0.105220
-0.105130
-0.105099
-0.105153
-0.105332
-0.105291
-0.105214
-0.105131
-0.105321
-0.105296
-0.105077
-0.105288
-0.105454
-0.104609
-0.105470
-0.103723
-0.104728
-0.104695
-0.104658
-0.105274
-0.105435
-0.105084
-0.105446
-0.105336
-0.105380
-0.105373
-0.105397
-0.105438
-0.105412
-0.105394
-0.105388
-0.105405
-0.105465
-0.105448
-0.105414
-0.105385
-0.105445
-0.105480
-0.105335
-0.105488
-0.105483
-0.105164
-0.105647
-0.104798
-0.105121
-0.105368
-0.105343
-0.105491
-0.105351
-0.105133
-0.105529
-0.105362
-0.105462
-0.105485
-0.105419
-0.105509
-0.105465
-0.105443
-0.105453
-0.105473
0.138865
0.010972
-0.052061
-0.102402
-0.095150
-0.102833
-0.103931
-0.104393
-0.104888
-0.105459
-0.105181
-0.105280
-0.105529
-0.105103
-0.105833
-0.105226
-0.105552
-0.105559
-0.105418
-0.105706
-0.105483
-0.105343
-0.105590
-0.105218
-0.104506
-0.105576
-0.103079
-0.102262
-0.104890
-0.103584
-0.103538
-0.105416
-0.105125
-0.105656
-0.105568
-0.105662
-0.105706
-0.105724
-0.105732
-0.105690
-0.105837
-0.105719
-0.105781
-0.105777
-0.105728
-0.105746
-0.105716
-0.105772
-0.105746
-0.105683
-0.105787
-0.105752
-0.105643
-0.105658
-0.105387
-0.104928
-0.105408
-0.105407
-0.105353
-0.105725
-0.105767
-0.105737
-0.105743
-0.105756
-0.105788
-0.105781
-0.105778
-0.105756
-0.105821
-0.105778
-0.105785
-0.105813
-0.105763
-0.105787
-0.105769
-0.105789
-0.105790
-0.105749
-0.105794
-0.105846
-0.105818
-0.105705
-0.105753
-0.105438
-0.105594
-0.105713
-0.105725
-0.105771
-0.105746
-0.105646
-0.105822
-0.105741
-0.105841
-0.105833
-0.105792
-0.105766
-0.105811
-0.105790
-0.105784
-0.105807
-0.058241
1.023643
0.442189
0.063464
-0.075442
-0.055463
-0.079792
-0.087318
-0.090463
-0.090251
-0.092271
-0.095284
-0.095716
-0.095108
-0.096640
-0.098468
-0.097873
-0.097313
-0.098957
-0.100063
-0.098680
-0.098481
-0.100606
-0.096422
-0.103007
-0.084491
-0.080481
-0.073570
-0.098933
-0.082240
-0.078805
-0.096801
-0.103098
-0.100187
-0.100981
-0.102319
-0.102775
-0.101866
-0.101996
-0.102941
-0.102843
-0.102245
-0.102563
-0.103244
-0.102918
-0.102465
-0.102945
-0.103491
-0.102891
-0.102573
-0.103322
-0.103338
-0.103525
-0.098815
-0.102326
-0.097285
-0.101921
-0.100982
-0.097977
-0.103068
-0.104570
-0.103002
-0.103386
-0.103402
-0.103862
-0.103562
-0.103433
-0.103838
-0.103855
-0.103571
-0.103629
-0.103936
-0.103861
-0.103597
-0.103743
-0.104043
-0.103821
-0.103578
-0.103828
-0.104283
-0.103885
-0.101746
-0.105599
-0.101547
-0.103121
-0.104161
-0.101243
-0.104526
-0.104000
-0.102970
-0.104597
-0.102938
-0.104048
-0.104222
-0.103826
-0.103920
-0.104076
-0.104021
-0.103890
-0.103976
-0.083439
0.457435
0.090467
-0.081274
-0.084217
-0.102043
-0.100844
-0.101612
-0.102121
-0.102126
-0.102783
-0.103341
-0.103371
-0.103341
-0.103708
-0.104014
-0.103952
-0.103953
-0.104255
-0.104383
-0.104272
-0.104262
-0.104696
-0.105233
-0.102432
-0.104076
-0.093163
-0.092640
-0.104867
-0.091378
-0.098958
-0.103533
-0.104296
-0.104997
-0.104811
-0.105038
-0.105029
-0.104886
-0.104967
-0.105118
-0.105074
-0.104987
-0.105073
-0.105175
-0.105110
-0.105063
-0.105162
-0.105218
-0.105137
-0.105116
-0.105261
-0.105393
-0.104698
-0.105265
-0.102711
-0.102955
-0.104990
-0.102061
-0.104663
-0.104865
-0.105294
-0.105278
-0.105129
-0.105352
-0.105306
-0.105277
-0.105277
-0.105338
-0.105339
-0.105290
-0.105309
-0.105358
-0.105341
-0.105305
-0.105337
-0.105373
-0.105342
-0.105316
-0.105371
-0.105445
-0.105125
-0.105442
-0.104333
-0.104596
-0.105121
-0.104125
-0.105583
-0.104907
-0.105255
-0.105144
-0.104927
-0.105458
-0.105284
-0.105410
-0.105370
-0.105376
-0.105397
-0.105384
-0.105370
-0.105382
0.043935
1.709561
-0.090358
0.032719
-0.066014
-0.091880
-0.100568
-0.102915
-0.100796
-0.100252
-0.101958
-0.104304
-0.102568
-0.101744
-0.103217
-0.105037
-0.103172
-0.102472
-0.103758
-0.105514
-0.103363
-0.102617
-0.103464
-0.103677
-0.102038
-0.092962
-0.098448
-0.060462
-0.100747
-0.063568
-0.100721
-0.097779
-0.102072
-0.102961
-0.103893
-0.105553
-0.104573
-0.103931
-0.104404
-0.105571
-0.104725
-0.104239
-0.104727
-0.105584
-0.104735
-0.104375
-0.104919
-0.105638
-0.104662
-0.104362
-0.104962
-0.105296
-0.104911
-0.102657
-0.102735
-0.096063
-0.103020
-0.096103
-0.103293
-0.103998
-0.105309
-0.104563
-0.104647
-0.105276
-0.105471
-0.104923
-0.104928
-0.105416
-0.105304
-0.104950
-0.105055
-0.105465
-0.105249
-0.104950
-0.105131
-0.105562
-0.105184
-0.104899
-0.105179
-0.105800
-0.105380
-0.104183
-0.103878
-0.101927
-0.103941
-0.101911
-0.104033
-0.103958
-0.104932
-0.104050
-0.104522
-0.104866
-0.105757
-0.105470
-0.105141
-0.105207
-0.105426
-0.105313
-0.105153
-0.105258
