-2.190299
1.793388
0.518638
-8.676647
-0.103960
-0.103950
-0.106298
1.096588
3.590586
-3.709240
-0.103954
-0.103950
2.212443
1.542500
5.931646
-4.751329
-0.103960
-0.103941
-0.391249
1.964150
4.873337
-6.091195
-0.103957
-0.103954
-0.023050
5.286964
10.703592
-9.776456
-0.103956
-0.103957
0.006397
1.325353
2.995842
-3.161856
-0.103956
-0.103955
8.805834
-0.103284
8.806801
8.804606
-0.103956
-0.103958
8.438185
3.306914
14.714919
3.795177
-0.103955
-0.103958
1.977427
0.567362
0.368156
0.499881
0.316897
0.000977
0.285536
0.204027
0.126939
0.063237
0.061520
0.120183
-0.083796
0.084437
0.032827
-0.042536
0.065035
0.022219
-0.039064
-0.017701
-0.015946
-0.067894
-0.061509
-0.062810
-0.035607
-0.068253
-0.052718
-0.027209
-0.095244
-0.035457
-0.055031
-0.078786
-0.064732
-0.098953
-0.091604
-0.092813
-0.085676
-0.070125
-0.081520
-0.083307
-0.066001
-0.080507
-0.088562
-0.076823
-0.090861
-0.088877
-0.090014
-0.087850
-0.101153
-0.078643
-0.078030
-0.101477
-0.088650
-0.088886
-0.097244
-0.097350
-0.102314
-0.100938
-0.098742
-0.094661
-0.095433
-0.098262
-0.094436
-0.098122
-0.089293
-0.091295
-0.096302
-0.089378
-0.098993
-0.094391
-0.094156
-0.103255
-0.095845
-0.094896
-0.097699
-0.102319
-0.095575
-0.096208
-0.100430
-0.096612
-0.096922
-0.100319
-0.100086
-0.095727
-0.100453
-0.094513
-0.097857
-0.098733
-0.101295
-0.100755
-0.102410
-0.101944
-0.101124
-0.100416
-0.100455
-0.098683
-0.097964
-0.099347
-0.102552
-0.099477
-0.100937
0.168446
0.234858
0.107797
0.021539
-0.046582
-0.064022
-0.011874
0.079804
0.071707
0.159911
0.153316
0.089565
0.182120
0.124787
0.012840
0.037703
-0.016648
-0.071323
-0.070148
-0.070626
-0.088106
-0.077309
-0.061962
-0.083901
-0.047536
-0.050459
-0.062818
-0.045050
-0.039028
-0.059289
-0.044351
-0.071202
-0.080792
-0.080388
-0.100455
-0.084127
-0.093361
-0.085368
-0.092162
-0.071962
-0.071868
-0.071677
-0.060114
-0.073260
-0.081842
-0.077447
-0.086610
-0.093275
-0.095374
-0.100107
-0.101157
-0.103129
-0.102529
-0.098039
-0.099090
-0.100763
-0.103081
-0.100461
-0.100609
-0.099066
-0.103281
-0.100965
-0.102729
-0.097381
-0.096780
-0.093429
-0.090810
-0.093349
-0.090876
-0.089410
-0.093973
-0.095603
-0.093095
-0.098828
-0.099687
-0.099343
-0.100661
-0.101723
-0.099693
-0.101260
-0.101256
-0.098048
-0.097547
-0.098386
-0.094100
-0.098138
-0.096637
-0.097714
-0.102033
-0.101812
-0.102379
-0.102473
-0.102510
-0.102639
-0.102809
-0.101779
-0.100121
-0.100586
-0.099363
2.211299
0.222440
0.249005
-0.047498
0.340449
0.376267
0.187707
0.179860
0.210513
0.211893
0.051082
-0.023709
0.065324
0.017379
-0.059218
0.026644
-0.008226
-0.016777
0.004636
0.029970
0.009078
0.012911
0.037727
-0.001662
0.022389
0.018742
-0.002190
0.013714
-0.006779
0.004275
-0.023264
-0.017769
-0.020092
-0.043981
-0.037832
-0.047860
-0.055286
-0.065290
-0.065102
-0.073358
-0.087021
-0.070585
-0.089440
-0.085965
-0.078385
-0.090333
-0.092614
-0.083751
-0.077785
-0.079757
-0.093693
-0.082627
-0.084070
-0.098402
-0.100027
-0.101567
-0.100750
-0.100144
-0.100132
-0.101501
-0.097744
-0.094292
-0.092988
-0.093296
-0.095057
-0.087015
-0.090090
-0.100874
-0.093712
-0.092456
-0.098508
-0.095288
-0.095371
-0.095979
-0.097420
-0.091460
-0.094003
-0.094815
-0.089008
-0.094285
-0.092803
-0.091313
-0.094272
-0.091761
-0.093338
-0.089807
-0.093859
-0.091822
-0.092602
-0.094794
-0.094289
-0.095452
-0.094962
-0.100073
-0.098277
-0.096829
-0.101160
-0.099997
-0.102539
-0.100959
0.181214
0.591029
0.637879
0.124742
0.309869
0.449901
0.167987
0.149108
0.288997
0.131378
0.160392
0.158562
0.010810
0.031397
0.039912
-0.040604
-0.080458
-0.053707
-0.048648
-0.064304
-0.071069
-0.061929
-0.067988
-0.087781
-0.076757
-0.072588
-0.082773
-0.076121
-0.081716
-0.078068
-0.085489
-0.084361
-0.086499
-0.092025
-0.094591
-0.092520
-0.088763
-0.094821
-0.093618
-0.088695
-0.094998
-0.100556
-0.087894
-0.082720
-0.093235
-0.087379
-0.080427
-0.088539
-0.088825
-0.090990
-0.094567
-0.093920
-0.095507
-0.098653
-0.100796
-0.100299
-0.101414
-0.102924
-0.099393
-0.101043
-0.101350
-0.097072
-0.097948
-0.099325
-0.094825
-0.097244
-0.096975
-0.094387
-0.097178
-0.099163
-0.097271
-0.098953
-0.101139
-0.101327
-0.100316
-0.100804
-0.101375
-0.100288
-0.101084
-0.102811
-0.102081
-0.102379
-0.103148
-0.101695
-0.101704
-0.101661
-0.101194
-0.102152
-0.102221
-0.101581
-0.103008
-0.101930
-0.100523
-0.101815
-0.101239
-0.100491
-0.102742
-0.101133
-0.101620
-0.102613
-0.021600
1.906801
2.666134
1.002793
0.593677
0.752884
0.124838
0.096518
0.206569
0.113119
0.029552
-0.049507
-0.002439
-0.000060
-0.063288
-0.053632
-0.047382
-0.050555
-0.069276
-0.098789
-0.071121
-0.068854
-0.093801
-0.090114
-0.082414
-0.093540
-0.097489
-0.089944
-0.100806
-0.094778
-0.095870
-0.101989
-0.094252
-0.095195
-0.102304
-0.096640
-0.095244
-0.098904
-0.101946
-0.095725
-0.095991
-0.097359
-0.101989
-0.098083
-0.093078
-0.099143
-0.098969
-0.094198
-0.090762
-0.090108
-0.099661
-0.086068
-0.088255
-0.098066
-0.089070
-0.095116
-0.095000
-0.097167
-0.086344
-0.092293
-0.100514
-0.095703
-0.097265
-0.101411
-0.099739
-0.097353
-0.098448
-0.100198
-0.102246
-0.099604
-0.100674
-0.103388
-0.101526
-0.102016
-0.102486
-0.103246
-0.103026
-0.102442
-0.102462
-0.102738
-0.103247
-0.101765
-0.102142
-0.102423
-0.102342
-0.102014
-0.102091
-0.101959
-0.101598
-0.102501
-0.103358
-0.103252
-0.102110
-0.102863
-0.102384
-0.102114
-0.102554
-0.102804
-0.102924
-0.102411
0.006457
0.252182
0.588454
0.465042
0.121410
-0.093119
-0.077297
-0.058696
-0.022575
-0.055119
-0.081310
-0.100630
-0.087030
-0.060217
-0.060374
-0.037465
-0.043876
-0.038046
-0.055811
-0.067484
-0.076344
-0.086803
-0.094225
-0.098951
-0.096846
-0.098535
-0.095382
-0.098627
-0.095968
-0.097461
-0.096071
-0.097761
-0.097435
-0.099853
-0.097963
-0.098007
-0.095313
-0.094244
-0.092749
-0.090776
-0.092805
-0.093100
-0.096449
-0.095704
-0.099176
-0.100836
-0.102783
-0.100537
-0.100534
-0.100838
-0.101636
-0.101263
-0.097851
-0.096050
-0.098977
-0.101000
-0.101280
-0.101035
-0.098443
-0.097549
-0.099932
-0.101718
-0.102355
-0.102333
-0.101405
-0.102590
-0.103457
-0.102696
-0.103443
-0.101409
-0.101115
-0.100037
-0.100316
-0.100130
-0.101089
-0.101603
-0.102215
-0.102529
-0.103144
-0.103295
-0.103300
-0.103476
-0.102682
-0.103372
-0.103478
-0.102979
-0.102149
-0.103649
-0.102575
-0.102553
-0.103142
-0.103342
-0.102460
-0.102878
-0.103067
-0.102147
-0.102344
-0.102218
-0.102714
-0.103164
-2.725241
0.251232
-2.024591
-3.388984
-0.103956
-0.103957
0.271583
0.287617
1.000240
-0.222559
-0.103954
-0.103959
0.124478
0.114652
0.483143
-0.198237
-0.103956
-0.103959
-0.159922
1.491396
2.205026
-3.289149
-0.103957
-0.103958
-0.073007
0.955350
1.367881
-1.936260
-0.103957
-0.103959
-0.171559
2.689374
3.888169
-3.529735
-0.103956
-0.103960
5.950594
0.724129
7.470473
4.625434
-0.103955
-0.103958
2.520065
0.059109
0.078133
-0.067036
-0.059968
-0.100339
-0.093450
-0.102008
-0.100671
-0.101326
-0.101659
-0.101746
-0.103637
-0.100866
-0.102480
-0.102515
-0.102208
-0.102666
-0.102525
-0.102780
-0.102775
-0.102873
-0.102121
-0.103627
-0.101112
-0.096871
-0.095898
-0.099424
-0.099593
-0.098942
-0.099189
-0.098284
-0.100849
-0.103015
-0.103673
-0.102971
-0.103316
-0.103340
-0.103330
-0.103332
-0.103385
-0.103564
-0.103426
-0.103453
-0.103337
-0.103617
-0.103510
-0.103544
-0.103548
-0.103561
-0.103609
-0.103315
-0.103753
-0.102396
-0.102903
-0.101738
-0.102621
-0.103197
-0.103529
-0.102269
-0.103279
-0.103224
-0.103524
-0.103488
-0.103663
-0.103601
-0.103664
-0.103604
-0.103661
-0.103687
-0.103604
-0.103698
-0.103705
-0.103621
-0.103738
-0.103657
-0.103725
-0.103693
-0.103715
-0.103796
-0.103746
-0.103747
-0.103089
-0.103153
-0.103811
-0.103689
-0.103330
-0.103512
-0.103287
-0.103621
-0.103766
-0.103749
-0.103647
-0.103704
-0.103705
-0.103734
-0.103680
-0.103734
-0.103737
-0.103699
0.272184
0.141952
0.018529
-0.083893
-0.102564
-0.088743
-0.103162
-0.102807
-0.102526
-0.101904
-0.101824
-0.103296
-0.103126
-0.103520
-0.102419
-0.101987
-0.102232
-0.103515
-0.103434
-0.102580
-0.102440
-0.102254
-0.102659
-0.103606
-0.099763
-0.100050
-0.096026
-0.100771
-0.101365
-0.099825
-0.101774
-0.099996
-0.101472
-0.101922
-0.103544
-0.103399
-0.103222
-0.103403
-0.103485
-0.103778
-0.103789
-0.103594
-0.103502
-0.103634
-0.103759
-0.103833
-0.103764
-0.103672
-0.103614
-0.103712
-0.103804
-0.103719
-0.103048
-0.103443
-0.103365
-0.102688
-0.102813
-0.103794
-0.102578
-0.102701
-0.103433
-0.103729
-0.103889
-0.103819
-0.103773
-0.103891
-0.103882
-0.103810
-0.103885
-0.103894
-0.103871
-0.103803
-0.103794
-0.103788
-0.103855
-0.103845
-0.103795
-0.103765
-0.103769
-0.103772
-0.103906
-0.103548
-0.103510
-0.103092
-0.103417
-0.103835
-0.103204
-0.103561
-0.103886
-0.103834
-0.103739
-0.103751
-0.103801
-0.103892
-0.103854
-0.103825
-0.103830
-0.103835
-0.103821
-0.103862
0.124009
0.043922
-0.065970
-0.088693
-0.093266
-0.097519
-0.101067
-0.100753
-0.101880
-0.102580
-0.101864
-0.102536
-0.102776
-0.102814
-0.103172
-0.102728
-0.103221
-0.103029
-0.103101
-0.102807
-0.102965
-0.102924
-0.102323
-0.102931
-0.102047
-0.101989
-0.100127
-0.101312
-0.103085
-0.101481
-0.102823
-0.101762
-0.103300
-0.102734
-0.103224
-0.103288
-0.103492
-0.103624
-0.103524
-0.103546
-0.103814
-0.103555
-0.103785
-0.103595
-0.103590
-0.103731
-0.103609
-0.103710
-0.103763
-0.103503
-0.103738
-0.103611
-0.103656
-0.103335
-0.103506
-0.103745
-0.103397
-0.103831
-0.103153
-0.103496
-0.103487
-0.103797
-0.103705
-0.103607
-0.103764
-0.103644
-0.103727
-0.103683
-0.103626
-0.103775
-0.103625
-0.103760
-0.103666
-0.103666
-0.103738
-0.103626
-0.103702
-0.103688
-0.103618
-0.103712
-0.103571
-0.103735
-0.103576
-0.103332
-0.103458
-0.103621
-0.103432
-0.103697
-0.103830
-0.103616
-0.103770
-0.103606
-0.103768
-0.103747
-0.103635
-0.103791
-0.103666
-0.103716
-0.103733
-0.103643
-0.037131
0.836414
0.502935
0.022134
-0.043561
-0.058784
-0.102651
-0.099600
-0.100015
-0.100209
-0.100686
-0.100807
-0.100798
-0.100889
-0.100659
-0.100731
-0.100556
-0.100381
-0.100354
-0.100057
-0.099701
-0.099356
-0.098645
-0.101240
-0.085675
-0.091298
-0.068784
-0.097182
-0.085886
-0.080607
-0.096616
-0.084479
-0.097230
-0.096178
-0.101931
-0.101689
-0.102121
-0.102471
-0.102830
-0.102909
-0.103085
-0.103214
-0.103191
-0.103315
-0.103295
-0.103256
-0.103313
-0.103212
-0.103156
-0.103140
-0.103061
-0.102871
-0.100917
-0.100723
-0.101065
-0.097652
-0.099602
-0.103139
-0.098362
-0.097996
-0.102082
-0.103065
-0.103602
-0.103363
-0.103374
-0.103390
-0.103344
-0.103347
-0.103368
-0.103300
-0.103345
-0.103287
-0.103281
-0.103290
-0.103224
-0.103259
-0.103213
-0.103175
-0.103173
-0.103160
-0.103355
-0.101837
-0.102295
-0.100581
-0.102169
-0.101458
-0.101046
-0.103337
-0.102722
-0.103268
-0.102843
-0.103217
-0.103292
-0.103434
-0.103366
-0.103321
-0.103363
-0.103321
-0.103321
-0.103352
-0.074828
0.606957
0.122023
-0.070672
-0.094811
-0.099592
-0.100388
-0.103140
-0.101640
-0.102163
-0.102950
-0.102016
-0.103839
-0.102180
-0.102927
-0.102731
-0.102210
-0.103615
-0.101956
-0.103196
-0.102162
-0.102133
-0.102773
-0.101521
-0.102991
-0.096461
-0.096723
-0.086774
-0.098517
-0.095798
-0.088192
-0.097378
-0.102650
-0.101406
-0.103457
-0.102484
-0.102875
-0.103343
-0.102794
-0.103839
-0.103077
-0.103391
-0.103505
-0.103203
-0.103871
-0.103269
-0.103495
-0.103559
-0.103269
-0.103728
-0.103228
-0.103336
-0.103463
-0.102296
-0.102087
-0.102496
-0.101093
-0.103613
-0.099904
-0.101085
-0.103619
-0.102990
-0.103572
-0.103399
-0.103451
-0.103744
-0.103457
-0.103800
-0.103593
-0.103651
-0.103773
-0.103599
-0.103818
-0.103641
-0.103699
-0.103721
-0.103627
-0.103720
-0.103594
-0.103609
-0.103568
-0.103458
-0.102716
-0.103028
-0.103226
-0.102991
-0.103007
-0.102409
-0.103318
-0.103150
-0.103181
-0.103707
-0.103532
-0.103637
-0.103709
-0.103624
-0.103779
-0.103684
-0.103717
-0.103777
-0.052618
1.857372
0.022076
0.087044
-0.045791
-0.095627
-0.092930
-0.100689
-0.096596
-0.097962
-0.100328
-0.097144
-0.102114
-0.097908
-0.099671
-0.100072
-0.097680
-0.102173
-0.097204
-0.099674
-0.098530
-0.095976
-0.100873
-0.091965
-0.095241
-0.088710
-0.086305
-0.073937
-0.075811
-0.068169
-0.083170
-0.089491
-0.094237
-0.094701
-0.102698
-0.098913
-0.101346
-0.101709
-0.100931
-0.103743
-0.101542
-0.102757
-0.102621
-0.102221
-0.103538
-0.102364
-0.102946
-0.102891
-0.102499
-0.102836
-0.102585
-0.101799
-0.102383
-0.102243
-0.102892
-0.100864
-0.094547
-0.101606
-0.093857
-0.100894
-0.100140
-0.100567
-0.103492
-0.101949
-0.102899
-0.102970
-0.102619
-0.103775
-0.102744
-0.103412
-0.103128
-0.103019
-0.103630
-0.102886
-0.103599
-0.103000
-0.103099
-0.103307
-0.102646
-0.103440
-0.102116
-0.102520
-0.102825
-0.100488
-0.101859
-0.100866
-0.100538
-0.102027
-0.102055
-0.101693
-0.102629
-0.102760
-0.102645
-0.103405
-0.102959
-0.103423
-0.103227
-0.103292
-0.103467
-0.103211
