-1.166005
1.836086
1.910372
-7.475952
-0.112614
-0.112606
-0.143769
0.812672
3.168766
-2.289917
-0.112608
-0.112605
2.625153
1.574597
6.782701
-4.032189
-0.112613
-0.112599
-0.445847
1.545687
4.103732
-4.588689
-0.112610
-0.112607
-0.080404
5.635323
11.361687
-10.013179
-0.112610
-0.112612
-0.096585
1.429086
3.989435
-3.485365
-0.112610
-0.112608
10.585880
-0.111471
10.588116
10.584127
-0.112609
-0.112613
7.712755
3.277990
13.112398
2.691318
-0.112610
-0.112614
0.935480
0.684392
0.420934
0.467183
0.270126
0.005267
0.338060
0.100461
0.061690
0.024728
0.056069
0.030969
0.007957
0.129114
-0.047268
0.024064
-0.030524
-0.064717
-0.100973
-0.074172
-0.070488
-0.094176
-0.060645
-0.087656
-0.056377
-0.098585
-0.074052
-0.093298
-0.088675
-0.079688
-0.082693
-0.089328
-0.093013
-0.095344
-0.096091
-0.106196
-0.096612
-0.099854
-0.083623
-0.111681
-0.075392
-0.093108
-0.093544
-0.088503
-0.103787
-0.097834
-0.098946
-0.087863
-0.105875
-0.098688
-0.098986
-0.105589
-0.111822
-0.110056
-0.104021
-0.104483
-0.104156
-0.102735
-0.109138
-0.101707
-0.103838
-0.107285
-0.104551
-0.104949
-0.104071
-0.107903
-0.097839
-0.106182
-0.104772
-0.105358
-0.107242
-0.108584
-0.110180
-0.108981
-0.111716
-0.108013
-0.110777
-0.106589
-0.111447
-0.107310
-0.111145
-0.107417
-0.109940
-0.106269
-0.111200
-0.107949
-0.110217
-0.111088
-0.109914
-0.110807
-0.111824
-0.109222
-0.108915
-0.108846
-0.109981
-0.107942
-0.106557
-0.110763
-0.107367
-0.111809
-0.081453
0.158846
0.166791
-0.007787
-0.105443
0.013847
-0.007762
0.020551
0.044217
-0.057003
0.094928
0.024742
0.043639
0.099158
-0.040047
0.025431
-0.035406
-0.053769
-0.037155
-0.088693
-0.077712
-0.085542
-0.054411
-0.097593
-0.074517
-0.077267
-0.092115
-0.094966
-0.088637
-0.079026
-0.109284
-0.085965
-0.099177
-0.095088
-0.093931
-0.098278
-0.093839
-0.099782
-0.080763
-0.098881
-0.074501
-0.083453
-0.094788
-0.085585
-0.103781
-0.097887
-0.101334
-0.107309
-0.102705
-0.110388
-0.110722
-0.109854
-0.110618
-0.110739
-0.111093
-0.109087
-0.110863
-0.112458
-0.110150
-0.109325
-0.108560
-0.104999
-0.111162
-0.103544
-0.104470
-0.105721
-0.099943
-0.106994
-0.102728
-0.103622
-0.108614
-0.104144
-0.110816
-0.109106
-0.111741
-0.106488
-0.108216
-0.109690
-0.107444
-0.111870
-0.108604
-0.111365
-0.109058
-0.109605
-0.111135
-0.110558
-0.111465
-0.109177
-0.112348
-0.110395
-0.111157
-0.107702
-0.110830
-0.107548
-0.107412
-0.109907
-0.107953
-0.110870
-0.109059
-0.108995
2.623536
0.332788
0.396447
0.001724
0.450963
0.429342
0.105534
0.130553
0.148055
0.063989
-0.085739
0.042503
-0.007614
-0.066913
0.011995
-0.005527
-0.055692
0.007559
-0.010949
-0.051312
-0.047450
-0.041217
-0.098993
-0.059245
-0.071342
-0.079620
-0.068451
-0.076697
-0.076862
-0.084392
-0.073854
-0.104859
-0.079956
-0.084004
-0.096825
-0.082454
-0.083191
-0.099047
-0.088670
-0.089838
-0.106173
-0.091401
-0.090799
-0.108637
-0.092513
-0.089787
-0.094808
-0.102548
-0.096297
-0.094244
-0.107071
-0.104840
-0.111335
-0.107935
-0.110540
-0.106794
-0.109210
-0.102205
-0.098451
-0.109323
-0.106525
-0.107299
-0.110854
-0.109021
-0.103799
-0.107219
-0.108513
-0.103624
-0.104120
-0.110312
-0.102570
-0.104422
-0.107567
-0.107000
-0.106287
-0.111055
-0.107324
-0.106972
-0.110151
-0.105924
-0.110242
-0.108010
-0.110897
-0.109122
-0.111898
-0.108685
-0.110038
-0.110650
-0.108531
-0.111053
-0.110149
-0.109108
-0.108305
-0.111691
-0.107918
-0.108891
-0.110371
-0.108364
-0.106869
-0.109449
0.219475
0.378315
0.375512
0.227498
0.380261
0.311237
0.044275
0.186027
0.238147
0.028525
0.121939
0.019833
-0.062911
-0.023867
-0.080353
-0.072380
-0.097244
-0.068610
-0.088125
-0.100392
-0.089339
-0.085193
-0.101781
-0.085833
-0.101399
-0.098807
-0.108530
-0.111424
-0.104079
-0.106790
-0.102256
-0.106193
-0.100538
-0.101617
-0.111118
-0.103976
-0.103385
-0.108352
-0.106721
-0.105650
-0.105649
-0.107926
-0.102123
-0.093176
-0.100707
-0.094113
-0.096495
-0.105717
-0.101108
-0.105580
-0.109838
-0.110389
-0.107374
-0.108411
-0.108751
-0.107743
-0.105990
-0.104855
-0.106420
-0.109060
-0.106871
-0.103477
-0.108231
-0.104384
-0.107152
-0.109326
-0.107368
-0.111105
-0.111353
-0.111595
-0.110526
-0.111614
-0.111696
-0.111087
-0.110981
-0.112108
-0.110325
-0.111830
-0.111325
-0.111923
-0.111853
-0.111758
-0.112275
-0.111322
-0.110890
-0.110880
-0.110423
-0.111535
-0.111170
-0.111668
-0.111825
-0.110993
-0.110683
-0.112171
-0.111838
-0.110513
-0.109544
-0.110597
-0.109749
-0.108121
-0.078548
2.008849
2.892683
0.887652
0.828454
0.755817
0.028460
0.174182
0.109759
0.027824
-0.008940
0.029132
-0.025727
-0.020938
0.001413
-0.020547
-0.078262
-0.019776
-0.056382
-0.105912
-0.071194
-0.076493
-0.100490
-0.084470
-0.084764
-0.105654
-0.086131
-0.092356
-0.107436
-0.091165
-0.089648
-0.102283
-0.095263
-0.095692
-0.105954
-0.104437
-0.097492
-0.103498
-0.100832
-0.102882
-0.101330
-0.099056
-0.104672
-0.108854
-0.101963
-0.098997
-0.103830
-0.109123
-0.094200
-0.090786
-0.108396
-0.088814
-0.103824
-0.108303
-0.105197
-0.098265
-0.102092
-0.103565
-0.098241
-0.109206
-0.103322
-0.106576
-0.110810
-0.109327
-0.107063
-0.110540
-0.110847
-0.108620
-0.108348
-0.111627
-0.109432
-0.109488
-0.112118
-0.111510
-0.111250
-0.111786
-0.111709
-0.110843
-0.111429
-0.111163
-0.110841
-0.111866
-0.111285
-0.110886
-0.111497
-0.110809
-0.111529
-0.110995
-0.112207
-0.110177
-0.111891
-0.109988
-0.110307
-0.111541
-0.110463
-0.111139
-0.109004
-0.111685
-0.108745
-0.109996
-0.096419
0.261093
0.566003
0.404217
0.234352
0.196436
0.078210
-0.019814
-0.054410
0.015092
-0.004075
-0.041695
-0.024581
-0.061451
-0.072629
-0.067557
-0.092670
-0.086747
-0.098954
-0.097154
-0.102376
-0.100859
-0.102263
-0.101450
-0.098410
-0.101596
-0.102962
-0.104013
-0.107507
-0.106684
-0.107477
-0.105645
-0.104145
-0.108482
-0.107115
-0.111361
-0.107700
-0.107629
-0.103184
-0.105744
-0.105934
-0.103018
-0.105915
-0.105142
-0.104875
-0.110842
-0.106762
-0.105843
-0.105996
-0.105588
-0.104577
-0.104822
-0.109734
-0.111665
-0.112107
-0.110561
-0.108841
-0.107454
-0.105784
-0.107450
-0.109955
-0.110815
-0.108268
-0.108519
-0.110891
-0.109718
-0.110805
-0.111470
-0.111001
-0.111785
-0.111184
-0.111188
-0.111830
-0.111651
-0.112277
-0.112117
-0.111937
-0.111502
-0.111827
-0.112031
-0.112004
-0.112226
-0.111777
-0.111842
-0.111104
-0.110831
-0.111747
-0.111752
-0.111298
-0.111164
-0.111235
-0.111680
-0.111679
-0.111899
-0.111122
-0.111220
-0.111773
-0.110909
-0.111325
-0.111911
-2.590183
0.246587
-1.902179
-3.135272
-0.112610
-0.112613
0.900890
0.434957
1.614712
0.168253
-0.112610
-0.112614
0.002716
0.093742
0.343634
-0.232862
-0.112609
-0.112613
-1.207092
1.636074
1.913262
-3.424286
-0.112609
-0.112613
0.078868
0.431954
0.916671
-0.721416
-0.112610
-0.112614
0.965739
1.709105
3.284298
-1.935835
-0.112611
-0.112614
6.026943
0.572550
6.951637
4.824375
-0.112611
-0.112613
2.363866
0.071006
0.025077
-0.045191
-0.069922
-0.079892
-0.085451
-0.088604
-0.092035
-0.095191
-0.096309
-0.096851
-0.099046
-0.100650
-0.100853
-0.102836
-0.088846
-0.106429
-0.106135
-0.103326
-0.109709
-0.107678
-0.108364
-0.108603
-0.108725
-0.109038
-0.109353
-0.109731
-0.109922
-0.109804
-0.109972
-0.110284
-0.109986
-0.111718
-0.107771
-0.109401
-0.108524
-0.110635
-0.111284
-0.111021
-0.111096
-0.111171
-0.111206
-0.111247
-0.111294
-0.111409
-0.111549
-0.111548
-0.111561
-0.111687
-0.111442
-0.111926
-0.111532
-0.111530
-0.110760
-0.111380
-0.111646
-0.111665
-0.111693
-0.111720
-0.111752
-0.111774
-0.111765
-0.111774
-0.111832
-0.111850
-0.111836
-0.111844
-0.111525
-0.112400
-0.112191
-0.112156
-0.111932
-0.111937
-0.111987
-0.112000
-0.112005
-0.112013
-0.112020
-0.112038
-0.112032
-0.112025
-0.112036
-0.112046
-0.112048
-0.112067
-0.111862
-0.112037
-0.112026
-0.112188
-0.112116
-0.112102
-0.112101
-0.112105
-0.112069
-0.112092
-0.112083
-0.112136
-0.112117
-0.112112
0.900970
0.255547
-0.039708
-0.055135
-0.076790
-0.083108
-0.088766
-0.092078
-0.094772
-0.097931
-0.099786
-0.101341
-0.102755
-0.103112
-0.105364
-0.105384
-0.105245
-0.097380
-0.104022
-0.102309
-0.106724
-0.106830
-0.107474
-0.108142
-0.108591
-0.108869
-0.109008
-0.109277
-0.109585
-0.109892
-0.110236
-0.110248
-0.110645
-0.110978
-0.110476
-0.110068
-0.110080
-0.110420
-0.110806
-0.110987
-0.111007
-0.111147
-0.111275
-0.111383
-0.111428
-0.111446
-0.111479
-0.111526
-0.111642
-0.111618
-0.111642
-0.111635
-0.111720
-0.111768
-0.111939
-0.111940
-0.111937
-0.112012
-0.111992
-0.112008
-0.112036
-0.112076
-0.112115
-0.112128
-0.112129
-0.112122
-0.112155
-0.112163
-0.112066
-0.112035
-0.112066
-0.112234
-0.112370
-0.112352
-0.112333
-0.112358
-0.112356
-0.112359
-0.112360
-0.112370
-0.112386
-0.112399
-0.112406
-0.112408
-0.112411
-0.112434
-0.112356
-0.112449
-0.112348
-0.112458
-0.112464
-0.112479
-0.112476
-0.112487
-0.112473
-0.112508
-0.112470
-0.112504
-0.112500
-0.112506
0.003240
0.021687
-0.071314
-0.088181
-0.098018
-0.098526
-0.102986
-0.104259
-0.106639
-0.106506
-0.107873
-0.107938
-0.108388
-0.108472
-0.109397
-0.110621
-0.110385
-0.107137
-0.111480
-0.109558
-0.109842
-0.109953
-0.110511
-0.110317
-0.110623
-0.110688
-0.111033
-0.111039
-0.111247
-0.111294
-0.111377
-0.111315
-0.111321
-0.111618
-0.111507
-0.111127
-0.112376
-0.112007
-0.111955
-0.111865
-0.111979
-0.111909
-0.111935
-0.111888
-0.111956
-0.111932
-0.111976
-0.111976
-0.112038
-0.111994
-0.111940
-0.111954
-0.112143
-0.111742
-0.112144
-0.112157
-0.112196
-0.112155
-0.112209
-0.112200
-0.112222
-0.112194
-0.112219
-0.112203
-0.112214
-0.112203
-0.112238
-0.112236
-0.112205
-0.112105
-0.112345
-0.112125
-0.112189
-0.112211
-0.112239
-0.112226
-0.112244
-0.112246
-0.112264
-0.112256
-0.112269
-0.112268
-0.112275
-0.112268
-0.112279
-0.112290
-0.112296
-0.112242
-0.112313
-0.112277
-0.112274
-0.112274
-0.112282
-0.112281
-0.112285
-0.112272
-0.112291
-0.112282
-0.112282
-0.112281
0.968620
1.096444
0.037035
0.030882
-0.018466
-0.038759
-0.051741
-0.060937
-0.067757
-0.073282
-0.077667
-0.081287
-0.084476
-0.087171
-0.088649
-0.093241
-0.084630
-0.078437
-0.092288
-0.085158
-0.099210
-0.098070
-0.099791
-0.100893
-0.101792
-0.102571
-0.103222
-0.103833
-0.104354
-0.104766
-0.105117
-0.105398
-0.104892
-0.105770
-0.098272
-0.105362
-0.108066
-0.109267
-0.109981
-0.109551
-0.109583
-0.109660
-0.109763
-0.109877
-0.109989
-0.110115
-0.110251
-0.110384
-0.110533
-0.110803
-0.110569
-0.111089
-0.107439
-0.107086
-0.110450
-0.110520
-0.110866
-0.110927
-0.111010
-0.111086
-0.111153
-0.111219
-0.111281
-0.111338
-0.111398
-0.111457
-0.111515
-0.111725
-0.111408
-0.111742
-0.111398
-0.110628
-0.111459
-0.111473
-0.111589
-0.111642
-0.111682
-0.111737
-0.111755
-0.111778
-0.111805
-0.111826
-0.111845
-0.111857
-0.111849
-0.111917
-0.111601
-0.112291
-0.111840
-0.112107
-0.112057
-0.112055
-0.112056
-0.112066
-0.112008
-0.112130
-0.112032
-0.112117
-0.112096
-0.112099
0.073645
0.268230
-0.052747
-0.095328
-0.103979
-0.106820
-0.108013
-0.108434
-0.108677
-0.108964
-0.109001
-0.109001
-0.109107
-0.109168
-0.109062
-0.108689
-0.095956
-0.103005
-0.103401
-0.101365
-0.108375
-0.108530
-0.109034
-0.109240
-0.109401
-0.109509
-0.109588
-0.109698
-0.109784
-0.109851
-0.109933
-0.110016
-0.110272
-0.110487
-0.107651
-0.109812
-0.109038
-0.110317
-0.110418
-0.110343
-0.110387
-0.110426
-0.110471
-0.110511
-0.110538
-0.110574
-0.110608
-0.110631
-0.110649
-0.110634
-0.110673
-0.110591
-0.110589
-0.110290
-0.110621
-0.110920
-0.110974
-0.110966
-0.110976
-0.110987
-0.111002
-0.111020
-0.111032
-0.111046
-0.111062
-0.111075
-0.111088
-0.111064
-0.110973
-0.111008
-0.111183
-0.110992
-0.111102
-0.111131
-0.111165
-0.111178
-0.111189
-0.111198
-0.111206
-0.111215
-0.111221
-0.111228
-0.111236
-0.111244
-0.111258
-0.111263
-0.111220
-0.111242
-0.111262
-0.111274
-0.111267
-0.111265
-0.111272
-0.111276
-0.111273
-0.111274
-0.111280
-0.111285
-0.111282
-0.111280
0.952950
1.154679
0.060522
-0.014947
-0.039903
-0.055652
-0.065696
-0.073047
-0.078380
-0.082699
-0.086113
-0.088893
-0.091419
-0.093504
-0.095124
-0.097730
-0.086071
-0.077947
-0.088211
-0.086587
-0.097152
-0.100292
-0.101708
-0.102759
-0.103555
-0.104252
-0.104814
-0.105331
-0.105760
-0.106068
-0.106329
-0.106466
-0.106250
-0.106443
-0.098649
-0.106628
-0.106235
-0.110718
-0.110575
-0.110383
-0.110354
-0.110393
-0.110449
-0.110526
-0.110604
-0.110699
-0.110809
-0.110908
-0.111027
-0.111176
-0.111171
-0.110591
-0.107795
-0.107372
-0.110355
-0.110707
-0.111035
-0.111144
-0.111230
-0.111304
-0.111364
-0.111420
-0.111472
-0.111519
-0.111569
-0.111612
-0.111655
-0.111660
-0.111667
-0.111445
-0.111568
-0.110755
-0.111615
-0.111637
-0.111717
-0.111763
-0.111796
-0.111844
-0.111854
-0.111874
-0.111891
-0.111903
-0.111916
-0.111923
-0.111924
-0.111879
-0.111604
-0.112300
-0.111809
-0.112188
-0.112150
-0.112116
-0.112110
-0.112099
-0.112037
-0.112163
-0.112051
-0.112154
-0.112149
-0.112141
