-2.241065
1.809478
0.455894
-8.672248
-0.104827
-0.104816
-0.109227
1.146706
5.099280
-3.218604
-0.104819
-0.104811
2.201953
1.525532
5.928487
-5.794720
-0.104828
-0.104801
-0.349601
2.142594
5.390041
-6.561359
-0.104824
-0.104819
-0.038246
5.287802
10.529934
-9.154598
-0.104823
-0.104824
0.046220
1.228912
3.135898
-2.566198
-0.104822
-0.104822
8.872453
-0.104160
8.873619
8.871162
-0.104822
-0.104825
8.483749
3.269214
14.744015
3.639201
-0.104822
-0.104825
2.026206
0.583027
0.398451
0.466303
0.215859
0.065851
0.324670
0.203964
0.153212
0.061965
0.130357
0.132190
-0.038268
0.121264
-0.025854
0.025247
0.052545
-0.055947
-0.060079
-0.000451
-0.021844
-0.092546
-0.032796
-0.047673
-0.086626
-0.069124
-0.061024
-0.085685
-0.094856
-0.077730
-0.086161
-0.077321
-0.094447
-0.077663
-0.062787
-0.096093
-0.075592
-0.063778
-0.080709
-0.082444
-0.056953
-0.083088
-0.080161
-0.071825
-0.098557
-0.073890
-0.091627
-0.093068
-0.094638
-0.094462
-0.090824
-0.094581
-0.095551
-0.087747
-0.093661
-0.097614
-0.103541
-0.101230
-0.100304
-0.092383
-0.092251
-0.095171
-0.087888
-0.093959
-0.095744
-0.100172
-0.094279
-0.098506
-0.096052
-0.095386
-0.100875
-0.097904
-0.096300
-0.097990
-0.102758
-0.095341
-0.097283
-0.104161
-0.097921
-0.097087
-0.103840
-0.098970
-0.099033
-0.102328
-0.099600
-0.099601
-0.102605
-0.100085
-0.102785
-0.099044
-0.097108
-0.099698
-0.098556
-0.095417
-0.097572
-0.099605
-0.098103
-0.103983
-0.099458
-0.101304
-0.099899
0.181142
0.222091
0.107642
-0.038995
-0.010123
-0.055226
0.011754
0.072431
0.052164
0.175062
0.146855
0.128541
0.183173
0.096057
0.094118
0.107568
-0.010251
0.008889
-0.037511
-0.078487
-0.067527
-0.098876
-0.085423
-0.078949
-0.064872
-0.059921
-0.041918
-0.062438
-0.055692
-0.088844
-0.082922
-0.102440
-0.094602
-0.091962
-0.083881
-0.089006
-0.067048
-0.073512
-0.071011
-0.061154
-0.079136
-0.074578
-0.076912
-0.094625
-0.085167
-0.094995
-0.090687
-0.092304
-0.091611
-0.087604
-0.093888
-0.093164
-0.094439
-0.095331
-0.099277
-0.100211
-0.101861
-0.100331
-0.100234
-0.098970
-0.099281
-0.097673
-0.092454
-0.092757
-0.090546
-0.087389
-0.091809
-0.088303
-0.091001
-0.095672
-0.092421
-0.098205
-0.100365
-0.100815
-0.103892
-0.102466
-0.103984
-0.101326
-0.102554
-0.098678
-0.099883
-0.098552
-0.100148
-0.101986
-0.102893
-0.102698
-0.103248
-0.101882
-0.103435
-0.101821
-0.101258
-0.102839
-0.101142
-0.101330
-0.103591
-0.102617
-0.100447
-0.103069
-0.101353
2.200991
0.192760
0.236888
-0.038351
0.326930
0.331321
0.190189
0.209111
0.207845
0.166991
-0.005479
0.052508
0.073347
-0.025652
-0.007540
0.050743
0.001818
0.017049
0.084400
0.026981
0.036346
0.082913
0.006047
0.039535
0.045537
-0.023097
0.019724
0.006196
-0.042962
-0.001856
-0.028801
-0.057147
-0.024551
-0.063767
-0.066166
-0.054784
-0.086903
-0.084134
-0.079653
-0.092021
-0.100914
-0.088742
-0.082501
-0.098970
-0.076618
-0.073504
-0.090439
-0.074897
-0.075983
-0.078478
-0.085657
-0.084523
-0.086591
-0.099294
-0.095913
-0.098607
-0.098539
-0.101131
-0.096263
-0.101194
-0.092969
-0.090677
-0.095163
-0.092596
-0.090179
-0.088932
-0.095425
-0.092641
-0.085047
-0.093282
-0.089599
-0.086461
-0.092876
-0.088296
-0.086331
-0.093568
-0.088262
-0.088154
-0.096357
-0.089788
-0.092503
-0.099509
-0.094492
-0.097009
-0.103672
-0.098537
-0.099761
-0.103469
-0.100237
-0.100494
-0.104660
-0.100472
-0.099716
-0.100743
-0.096935
-0.095006
-0.096344
-0.092145
-0.093860
-0.094429
0.138128
0.571171
0.633227
0.193726
0.509575
0.548462
0.152258
0.266342
0.318449
0.113455
0.189415
0.121937
-0.043078
0.046972
-0.012936
-0.066465
-0.039149
-0.079760
-0.082656
-0.085216
-0.078514
-0.083041
-0.090131
-0.080641
-0.092721
-0.095722
-0.093547
-0.100546
-0.100741
-0.100880
-0.098405
-0.101356
-0.099682
-0.100144
-0.097187
-0.099345
-0.096022
-0.090733
-0.099240
-0.091423
-0.085768
-0.095908
-0.083889
-0.086120
-0.094839
-0.082726
-0.088845
-0.095002
-0.092404
-0.097855
-0.102699
-0.098274
-0.094994
-0.094449
-0.096731
-0.098428
-0.099985
-0.100097
-0.098140
-0.096628
-0.092383
-0.092623
-0.097852
-0.094885
-0.095512
-0.099540
-0.097683
-0.102834
-0.101397
-0.101896
-0.102860
-0.102143
-0.104309
-0.101847
-0.103590
-0.103309
-0.101884
-0.103620
-0.102742
-0.102521
-0.104036
-0.102449
-0.103264
-0.102369
-0.102002
-0.101996
-0.102587
-0.102778
-0.102774
-0.102746
-0.101342
-0.101502
-0.100696
-0.101278
-0.102851
-0.100966
-0.102387
-0.102837
-0.102473
-0.103886
-0.036585
2.018385
2.659438
0.814866
0.664284
0.663651
-0.065809
0.264522
0.178340
-0.000908
-0.011060
0.011155
-0.011651
-0.072480
-0.027876
-0.030599
-0.081483
-0.033721
-0.076821
-0.070465
-0.064067
-0.067156
-0.085804
-0.064124
-0.089611
-0.076542
-0.081569
-0.091806
-0.081542
-0.100123
-0.086581
-0.095051
-0.094906
-0.092039
-0.103172
-0.096260
-0.098971
-0.103899
-0.100236
-0.101595
-0.099051
-0.098912
-0.099038
-0.096634
-0.099584
-0.092377
-0.098590
-0.101428
-0.091766
-0.090568
-0.100759
-0.085667
-0.096069
-0.092546
-0.090919
-0.095589
-0.099313
-0.092644
-0.087893
-0.101462
-0.098031
-0.097294
-0.100953
-0.100064
-0.098640
-0.100794
-0.104533
-0.101796
-0.100131
-0.104032
-0.100563
-0.102553
-0.102275
-0.102199
-0.102814
-0.103217
-0.102012
-0.102627
-0.103240
-0.102692
-0.103102
-0.102583
-0.104127
-0.102375
-0.104167
-0.103775
-0.102643
-0.101899
-0.103657
-0.101440
-0.102111
-0.103991
-0.103129
-0.101490
-0.103516
-0.102365
-0.101241
-0.103625
-0.102609
-0.101835
0.046437
0.246603
0.560003
0.365581
0.067496
0.037883
0.011344
-0.016144
-0.047925
-0.067189
-0.063880
-0.069904
-0.079457
-0.068825
-0.064891
-0.053232
-0.062117
-0.047036
-0.070376
-0.057110
-0.075615
-0.077399
-0.082954
-0.087895
-0.089452
-0.098631
-0.098121
-0.101742
-0.099154
-0.097066
-0.092989
-0.094419
-0.090533
-0.097118
-0.090846
-0.095824
-0.092523
-0.095596
-0.095781
-0.097884
-0.101261
-0.101512
-0.103970
-0.102496
-0.101421
-0.102798
-0.102759
-0.103777
-0.103927
-0.101758
-0.101832
-0.098853
-0.098441
-0.099135
-0.098489
-0.101383
-0.103218
-0.104603
-0.098624
-0.098723
-0.103194
-0.100048
-0.100132
-0.102177
-0.101875
-0.102612
-0.102630
-0.103635
-0.102533
-0.102908
-0.101829
-0.102608
-0.102589
-0.102301
-0.103104
-0.103420
-0.104025
-0.103666
-0.104529
-0.104217
-0.104500
-0.103598
-0.103620
-0.102597
-0.103901
-0.102261
-0.102535
-0.103792
-0.103031
-0.103211
-0.103094
-0.104174
-0.103043
-0.103581
-0.104065
-0.104162
-0.103945
-0.103744
-0.103827
-0.104010
-2.741801
0.135612
-2.323555
-3.130753
-0.104823
-0.104826
0.193576
0.312203
0.865169
-0.318646
-0.104822
-0.104826
0.029962
0.068110
0.297634
-0.247346
-0.104823
-0.104826
-0.056532
1.476415
2.432053
-2.857851
-0.104823
-0.104825
-0.064085
0.657322
0.964719
-1.387393
-0.104824
-0.104825
-0.097782
2.576071
3.982743
-3.176106
-0.104822
-0.104826
5.737277
0.420372
6.829950
4.785241
-0.104823
-0.104824
2.533755
0.004767
0.004747
-0.063291
-0.050008
-0.097724
-0.100438
-0.104562
-0.102401
-0.104375
-0.103289
-0.104081
-0.102516
-0.103816
-0.104442
-0.104473
-0.103253
-0.103724
-0.103960
-0.104289
-0.104219
-0.104376
-0.103785
-0.104295
-0.097837
-0.101363
-0.098307
-0.103423
-0.102939
-0.101235
-0.100593
-0.101226
-0.101517
-0.103337
-0.104548
-0.104491
-0.104713
-0.104495
-0.104342
-0.104714
-0.104744
-0.104545
-0.104622
-0.104673
-0.104797
-0.104458
-0.104528
-0.104728
-0.104609
-0.104692
-0.104425
-0.104656
-0.103782
-0.103417
-0.103373
-0.104693
-0.104264
-0.103981
-0.104218
-0.103553
-0.104091
-0.104433
-0.104608
-0.104535
-0.104627
-0.104649
-0.104606
-0.104648
-0.104686
-0.104708
-0.104657
-0.104658
-0.104682
-0.104718
-0.104664
-0.104637
-0.104628
-0.104687
-0.104576
-0.104578
-0.104427
-0.104149
-0.104480
-0.104569
-0.104560
-0.104321
-0.104556
-0.103976
-0.104496
-0.104601
-0.104626
-0.104522
-0.104737
-0.104643
-0.104778
-0.104669
-0.104718
-0.104712
-0.104737
-0.104723
0.194984
0.180268
-0.045820
-0.066049
-0.091488
-0.096413
-0.102517
-0.100923
-0.101189
-0.101671
-0.103852
-0.102355
-0.103679
-0.103546
-0.102731
-0.103409
-0.103966
-0.104023
-0.103357
-0.103281
-0.103780
-0.104210
-0.103900
-0.102875
-0.103624
-0.101248
-0.101124
-0.097860
-0.103056
-0.099655
-0.102551
-0.103704
-0.102395
-0.103868
-0.103927
-0.104458
-0.104283
-0.104440
-0.104116
-0.104366
-0.104249
-0.104435
-0.104489
-0.104313
-0.104372
-0.104385
-0.104520
-0.104506
-0.104385
-0.104366
-0.104574
-0.104312
-0.104163
-0.104466
-0.103686
-0.103926
-0.103516
-0.103964
-0.104031
-0.104190
-0.103869
-0.104135
-0.104400
-0.104449
-0.104410
-0.104362
-0.104389
-0.104504
-0.104376
-0.104469
-0.104419
-0.104503
-0.104392
-0.104496
-0.104448
-0.104461
-0.104374
-0.104511
-0.104421
-0.104528
-0.104184
-0.104363
-0.104052
-0.104388
-0.104042
-0.104343
-0.104490
-0.104445
-0.104491
-0.104381
-0.104606
-0.104538
-0.104577
-0.104621
-0.104597
-0.104565
-0.104634
-0.104568
-0.104580
-0.104581
0.030070
0.003240
-0.051391
-0.092475
-0.095500
-0.103624
-0.100675
-0.100502
-0.101551
-0.103911
-0.102694
-0.104156
-0.102686
-0.103736
-0.102921
-0.103518
-0.103666
-0.103666
-0.103516
-0.103926
-0.103651
-0.104154
-0.104259
-0.103923
-0.104228
-0.104136
-0.101491
-0.103533
-0.103579
-0.102615
-0.103994
-0.102951
-0.104439
-0.103955
-0.104200
-0.104402
-0.104342
-0.104186
-0.104330
-0.104117
-0.104450
-0.104359
-0.104441
-0.104353
-0.104361
-0.104255
-0.104502
-0.104370
-0.104530
-0.104395
-0.104379
-0.104471
-0.104391
-0.104325
-0.104242
-0.104339
-0.104455
-0.104427
-0.104402
-0.104199
-0.104410
-0.104276
-0.104517
-0.104424
-0.104418
-0.104400
-0.104457
-0.104416
-0.104493
-0.104424
-0.104516
-0.104457
-0.104495
-0.104476
-0.104468
-0.104463
-0.104450
-0.104437
-0.104516
-0.104453
-0.104446
-0.104435
-0.104236
-0.104538
-0.104604
-0.104352
-0.104611
-0.104713
-0.104466
-0.104598
-0.104480
-0.104550
-0.104603
-0.104579
-0.104560
-0.104594
-0.104520
-0.104576
-0.104524
-0.104581
-0.064732
0.922205
0.283972
0.096813
-0.073729
-0.089264
-0.095991
-0.098284
-0.100961
-0.100104
-0.102237
-0.100871
-0.102720
-0.101614
-0.102839
-0.102147
-0.103119
-0.102500
-0.103144
-0.102876
-0.102675
-0.103677
-0.101706
-0.101504
-0.097511
-0.089551
-0.078993
-0.087556
-0.096616
-0.078219
-0.093896
-0.094954
-0.098171
-0.102083
-0.101926
-0.103293
-0.102433
-0.103354
-0.102783
-0.103457
-0.103048
-0.103506
-0.103273
-0.103541
-0.103410
-0.103606
-0.103518
-0.103638
-0.103605
-0.103553
-0.103669
-0.103481
-0.102067
-0.102761
-0.097789
-0.102910
-0.102794
-0.099856
-0.102720
-0.101562
-0.102041
-0.102913
-0.103289
-0.103508
-0.103502
-0.103735
-0.103537
-0.103830
-0.103584
-0.103872
-0.103612
-0.103896
-0.103624
-0.103905
-0.103612
-0.103901
-0.103557
-0.103854
-0.103478
-0.103869
-0.102607
-0.103360
-0.101766
-0.103562
-0.104135
-0.102807
-0.103175
-0.102940
-0.104403
-0.103196
-0.104332
-0.104535
-0.104162
-0.104375
-0.104343
-0.104269
-0.104374
-0.104232
-0.104367
-0.104229
-0.064008
0.388075
0.104964
-0.078132
-0.094331
-0.093931
-0.094405
-0.095740
-0.097640
-0.097853
-0.099250
-0.099118
-0.100113
-0.100034
-0.100860
-0.100694
-0.101356
-0.101197
-0.101788
-0.101466
-0.102161
-0.101691
-0.102458
-0.101388
-0.102152
-0.101398
-0.092725
-0.094656
-0.098776
-0.096184
-0.098386
-0.100543
-0.102200
-0.102324
-0.102740
-0.102712
-0.102874
-0.102912
-0.102998
-0.103046
-0.103132
-0.103153
-0.103220
-0.103253
-0.103313
-0.103333
-0.103386
-0.103438
-0.103460
-0.103546
-0.103538
-0.103657
-0.103636
-0.104311
-0.103882
-0.101311
-0.103511
-0.103371
-0.101629
-0.103447
-0.103027
-0.103584
-0.103384
-0.103703
-0.103474
-0.103673
-0.103525
-0.103684
-0.103559
-0.103698
-0.103584
-0.103711
-0.103602
-0.103726
-0.103614
-0.103735
-0.103609
-0.103747
-0.103591
-0.103796
-0.103496
-0.103595
-0.103104
-0.103062
-0.104010
-0.102991
-0.103647
-0.104386
-0.103648
-0.104270
-0.104080
-0.103691
-0.104003
-0.103806
-0.103954
-0.103837
-0.103942
-0.103849
-0.103936
-0.103853
-0.084824
1.770188
0.143412
-0.013390
-0.064369
-0.097958
-0.099957
-0.101138
-0.101643
-0.101952
-0.102515
-0.102256
-0.102849
-0.102634
-0.103140
-0.102900
-0.103340
-0.103157
-0.103518
-0.103334
-0.103355
-0.103224
-0.102977
-0.103549
-0.098050
-0.098969
-0.080216
-0.062820
-0.085862
-0.064665
-0.100214
-0.096056
-0.103048
-0.101441
-0.102484
-0.102973
-0.102873
-0.103302
-0.103181
-0.103553
-0.103359
-0.103692
-0.103486
-0.103795
-0.103559
-0.103863
-0.103566
-0.103923
-0.103540
-0.103935
-0.103279
-0.103675
-0.102471
-0.103055
-0.097585
-0.097521
-0.097891
-0.098327
-0.100002
-0.102178
-0.102898
-0.103215
-0.103406
-0.103818
-0.103497
-0.103916
-0.103689
-0.103950
-0.103770
-0.103986
-0.103814
-0.104003
-0.103833
-0.104001
-0.103825
-0.103984
-0.103782
-0.103918
-0.103673
-0.103716
-0.103307
-0.103737
-0.101099
-0.103017
-0.101052
-0.103039
-0.101170
-0.104292
-0.102529
-0.104201
-0.103918
-0.104523
-0.104755
-0.104463
-0.104702
-0.104483
-0.104632
-0.104469
-0.104607
-0.104469
