-1.150863
1.825557
3.281459
-8.075352
-0.114439
-0.114431
-0.069155
0.964903
3.728447
-2.267031
-0.114432
-0.114428
2.534821
1.442006
7.491799
-3.289063
-0.114438
-0.114424
-0.310198
1.709290
5.331281
-4.637228
-0.114435
-0.114432
-0.014558
5.539853
10.552036
-9.534439
-0.114436
-0.114437
-0.093943
1.319366
3.198038
-2.663652
-0.114435
-0.114436
10.025622
-0.113705
10.026605
10.024477
-0.114435
-0.114439
7.549005
3.192555
12.902532
2.664785
-0.114435
-0.114439
0.916680
0.642199
0.395262
0.472052
0.263559
0.083381
0.292524
0.038386
0.048561
-0.015138
0.066432
0.064386
-0.002811
0.095827
-0.034006
-0.029692
-0.003014
-0.057877
-0.040186
-0.028803
-0.059014
0.042471
-0.066422
0.034881
0.008565
-0.044780
-0.006884
-0.011253
-0.056759
-0.022069
-0.035342
-0.096072
-0.053720
-0.079616
-0.091855
-0.082741
-0.101333
-0.093560
-0.093501
-0.103327
-0.082306
-0.101128
-0.099744
-0.091523
-0.103870
-0.098564
-0.100487
-0.091113
-0.108266
-0.098367
-0.098226
-0.108926
-0.111816
-0.109323
-0.108727
-0.110239
-0.104886
-0.103257
-0.111477
-0.102857
-0.106590
-0.107106
-0.107233
-0.102125
-0.102114
-0.107184
-0.101461
-0.109014
-0.109268
-0.105203
-0.111769
-0.106662
-0.105800
-0.106403
-0.098395
-0.112379
-0.100539
-0.103448
-0.109154
-0.103886
-0.102165
-0.108530
-0.106104
-0.103425
-0.111526
-0.105196
-0.105138
-0.110992
-0.106700
-0.113097
-0.112696
-0.112717
-0.112701
-0.109147
-0.109444
-0.111129
-0.109482
-0.110142
-0.108356
-0.110263
-0.069191
0.271426
0.219573
0.015139
-0.027341
0.003466
-0.077907
0.074188
0.058987
0.041450
0.113735
0.006228
0.097573
0.062965
-0.039940
-0.004127
-0.104694
-0.040508
-0.081573
-0.063346
-0.066429
-0.100684
-0.077386
-0.092874
-0.096101
-0.100967
-0.090356
-0.092162
-0.069583
-0.082007
-0.079299
-0.084488
-0.093648
-0.081881
-0.098970
-0.089688
-0.096743
-0.094021
-0.082220
-0.096976
-0.080422
-0.093318
-0.103086
-0.098403
-0.113043
-0.107515
-0.106921
-0.103088
-0.107141
-0.109127
-0.107952
-0.112116
-0.109158
-0.108114
-0.106150
-0.108684
-0.110079
-0.108952
-0.108973
-0.107930
-0.101949
-0.105423
-0.104554
-0.103982
-0.109271
-0.103939
-0.110879
-0.110034
-0.114019
-0.108717
-0.110239
-0.111285
-0.111176
-0.113442
-0.110799
-0.114024
-0.110724
-0.111823
-0.108273
-0.107995
-0.107743
-0.106737
-0.110662
-0.109753
-0.111710
-0.112433
-0.111299
-0.113469
-0.112635
-0.113737
-0.110917
-0.112332
-0.112946
-0.112432
-0.111116
-0.111586
-0.112416
-0.110406
-0.111195
-0.109621
2.532938
0.252831
0.331783
-0.028260
0.392159
0.370872
0.115049
0.132166
0.145596
0.075991
-0.102548
0.000865
-0.009056
-0.088370
-0.029562
-0.000189
-0.041304
-0.055437
0.014134
-0.025742
-0.057515
0.024168
-0.070019
-0.024202
-0.017533
-0.109555
-0.044637
-0.043480
-0.105982
-0.038368
-0.055882
-0.087679
-0.047450
-0.087499
-0.082587
-0.069208
-0.099774
-0.096710
-0.093633
-0.100607
-0.108938
-0.097661
-0.098153
-0.109861
-0.097364
-0.099671
-0.101862
-0.107212
-0.097624
-0.097327
-0.110157
-0.108491
-0.109869
-0.111158
-0.112842
-0.107678
-0.111672
-0.100799
-0.102001
-0.107821
-0.105774
-0.106329
-0.109065
-0.111354
-0.110915
-0.107912
-0.111625
-0.109813
-0.108320
-0.110591
-0.112744
-0.104984
-0.105821
-0.109321
-0.101374
-0.110279
-0.105753
-0.104658
-0.113352
-0.106656
-0.105973
-0.113042
-0.105749
-0.107190
-0.112009
-0.105884
-0.110341
-0.108426
-0.106808
-0.111017
-0.110064
-0.110920
-0.111029
-0.113689
-0.110465
-0.113269
-0.111586
-0.113284
-0.112638
-0.113547
0.081636
0.345939
0.566206
0.248654
0.339607
0.330640
0.076020
0.286938
0.221297
0.043837
0.122003
-0.036305
-0.023883
0.005076
-0.045269
-0.094931
-0.036664
-0.070704
-0.091691
-0.070934
-0.097906
-0.083913
-0.085260
-0.090132
-0.084918
-0.105290
-0.108821
-0.104011
-0.105014
-0.098516
-0.109706
-0.108655
-0.103776
-0.108258
-0.104763
-0.101612
-0.108951
-0.097088
-0.104075
-0.102468
-0.091015
-0.100799
-0.099560
-0.090866
-0.104545
-0.096518
-0.102386
-0.111550
-0.105990
-0.104774
-0.107766
-0.109819
-0.112313
-0.111918
-0.111510
-0.109926
-0.109246
-0.107292
-0.105255
-0.108898
-0.105418
-0.108878
-0.111616
-0.110835
-0.110660
-0.113165
-0.108974
-0.109889
-0.112194
-0.109222
-0.111882
-0.112335
-0.110550
-0.113752
-0.110913
-0.112084
-0.112232
-0.112440
-0.113309
-0.113527
-0.113835
-0.113695
-0.114123
-0.111803
-0.113368
-0.112291
-0.112354
-0.112807
-0.113201
-0.113666
-0.112469
-0.113637
-0.111192
-0.111009
-0.113063
-0.111173
-0.111817
-0.112876
-0.110603
-0.111576
-0.012536
2.066290
2.888412
0.747214
0.771830
0.533232
-0.041365
0.088328
0.113249
0.029163
-0.023355
-0.008197
-0.022532
-0.056785
-0.022895
-0.047792
-0.086291
-0.041574
-0.065951
-0.095383
-0.055458
-0.077521
-0.090978
-0.073263
-0.102254
-0.086682
-0.093073
-0.093558
-0.090908
-0.103578
-0.086961
-0.108276
-0.096807
-0.100373
-0.110890
-0.107342
-0.102267
-0.106566
-0.104587
-0.101856
-0.105949
-0.107088
-0.106092
-0.112009
-0.108582
-0.103702
-0.102922
-0.109082
-0.095043
-0.104778
-0.103252
-0.102047
-0.102392
-0.106305
-0.099050
-0.094544
-0.113077
-0.106104
-0.108296
-0.110950
-0.109984
-0.108421
-0.110504
-0.112064
-0.112496
-0.111659
-0.113327
-0.111253
-0.111259
-0.113005
-0.110424
-0.112478
-0.112660
-0.111802
-0.113035
-0.113691
-0.112348
-0.112442
-0.112212
-0.112149
-0.112220
-0.112402
-0.112644
-0.112436
-0.114133
-0.113904
-0.113551
-0.112933
-0.113838
-0.111907
-0.112836
-0.112634
-0.111413
-0.111401
-0.113409
-0.110008
-0.112347
-0.113455
-0.111799
-0.110792
-0.094190
0.321598
0.611191
0.314555
0.079407
0.038594
0.038321
0.010645
-0.075688
-0.059851
-0.070951
-0.070411
-0.063865
-0.070702
-0.062156
-0.063058
-0.089544
-0.082531
-0.104279
-0.089347
-0.103317
-0.095666
-0.107389
-0.103172
-0.111299
-0.106320
-0.110669
-0.107798
-0.110101
-0.108697
-0.108416
-0.108668
-0.107086
-0.110196
-0.108874
-0.111793
-0.108373
-0.110236
-0.108847
-0.109692
-0.112028
-0.108870
-0.110491
-0.109166
-0.110530
-0.112451
-0.111098
-0.108994
-0.106982
-0.111903
-0.106871
-0.109612
-0.113825
-0.113584
-0.111922
-0.110876
-0.110226
-0.111301
-0.112298
-0.109217
-0.111236
-0.113677
-0.112869
-0.112270
-0.112891
-0.111789
-0.112246
-0.111971
-0.112676
-0.113217
-0.113799
-0.113295
-0.113664
-0.113776
-0.113717
-0.114246
-0.114053
-0.114334
-0.114110
-0.114404
-0.114365
-0.114305
-0.114192
-0.114201
-0.114270
-0.114205
-0.114346
-0.114312
-0.113112
-0.113243
-0.113764
-0.113550
-0.113677
-0.113595
-0.113147
-0.114071
-0.112980
-0.112666
-0.113910
-0.112783
-2.488147
0.284215
-1.750149
-3.211065
-0.114435
-0.114438
0.848825
0.505138
1.888763
0.112604
-0.114435
-0.114439
-0.026470
0.004693
0.155396
-0.229206
-0.114436
-0.114439
-0.134317
2.245038
2.783679
-4.228898
-0.114436
-0.114438
-0.076235
0.683813
1.562941
-1.159541
-0.114434
-0.114437
-0.142527
2.392421
3.824597
-3.256479
-0.114435
-0.114439
6.116371
1.240463
8.507818
4.045236
-0.114435
-0.114438
2.256883
-0.009822
0.142154
-0.091558
-0.073199
-0.110546
-0.107841
-0.112048
-0.109490
-0.112571
-0.112541
-0.111716
-0.113843
-0.113016
-0.112863
-0.111952
-0.113601
-0.111951
-0.112436
-0.111927
-0.112097
-0.111684
-0.109262
-0.112481
-0.106048
-0.102832
-0.106892
-0.111385
-0.110924
-0.105658
-0.112546
-0.110666
-0.112757
-0.113586
-0.113315
-0.113592
-0.113772
-0.113829
-0.113567
-0.113700
-0.113550
-0.113783
-0.113609
-0.113447
-0.113711
-0.113601
-0.113711
-0.113850
-0.113937
-0.113705
-0.113972
-0.112098
-0.112621
-0.111749
-0.112615
-0.111750
-0.114157
-0.112877
-0.114019
-0.113859
-0.113615
-0.113752
-0.113651
-0.113616
-0.113570
-0.113606
-0.113512
-0.113582
-0.113609
-0.113625
-0.113837
-0.113632
-0.113738
-0.113743
-0.113654
-0.113548
-0.113445
-0.113230
-0.112600
-0.112874
-0.113958
-0.113462
-0.114147
-0.113489
-0.113940
-0.113630
-0.113561
-0.113643
-0.113555
-0.113505
-0.113599
-0.113488
-0.113683
-0.113667
-0.114102
-0.113715
-0.113728
-0.113417
-0.113565
-0.113495
0.849623
0.308671
-0.010297
-0.089922
-0.103158
-0.105737
-0.112397
-0.113562
-0.112820
-0.112471
-0.113213
-0.113333
-0.112981
-0.113764
-0.113962
-0.113328
-0.113813
-0.113381
-0.113649
-0.113725
-0.112534
-0.114170
-0.111796
-0.111986
-0.111430
-0.106864
-0.106910
-0.111408
-0.104196
-0.108011
-0.113534
-0.111905
-0.112509
-0.113809
-0.113166
-0.113138
-0.113881
-0.113366
-0.113449
-0.114035
-0.113491
-0.113500
-0.114068
-0.113622
-0.113466
-0.114001
-0.113594
-0.113313
-0.114106
-0.113044
-0.113063
-0.113460
-0.111868
-0.114169
-0.112387
-0.113177
-0.113332
-0.113512
-0.114354
-0.113837
-0.113779
-0.114134
-0.114017
-0.113768
-0.114097
-0.114083
-0.113791
-0.114122
-0.114033
-0.113941
-0.114043
-0.114042
-0.113876
-0.114001
-0.114117
-0.113754
-0.114100
-0.114161
-0.113891
-0.113539
-0.113614
-0.113996
-0.113443
-0.113630
-0.114251
-0.113816
-0.113893
-0.114175
-0.113930
-0.113869
-0.114259
-0.113855
-0.113718
-0.114159
-0.113905
-0.113976
-0.113826
-0.113883
-0.114118
-0.113993
-0.025880
-0.037093
-0.090265
-0.097598
-0.102092
-0.109124
-0.110817
-0.112769
-0.114135
-0.113521
-0.112417
-0.112874
-0.114211
-0.113182
-0.113083
-0.112991
-0.113250
-0.114167
-0.114068
-0.113121
-0.113600
-0.114153
-0.113460
-0.112518
-0.112943
-0.112890
-0.112276
-0.113528
-0.112302
-0.112458
-0.114300
-0.113000
-0.114007
-0.114094
-0.113955
-0.113830
-0.113861
-0.114104
-0.113919
-0.113820
-0.113982
-0.113929
-0.114101
-0.114089
-0.114035
-0.113962
-0.114172
-0.114225
-0.114038
-0.113989
-0.113994
-0.113623
-0.114042
-0.113910
-0.113792
-0.114201
-0.114062
-0.114046
-0.114394
-0.114252
-0.114161
-0.114225
-0.114244
-0.114244
-0.114187
-0.114241
-0.114311
-0.114297
-0.114274
-0.114250
-0.114256
-0.114277
-0.114299
-0.114285
-0.114220
-0.114313
-0.114128
-0.114244
-0.114267
-0.114159
-0.114373
-0.114312
-0.114168
-0.114318
-0.114381
-0.114288
-0.114282
-0.114351
-0.114312
-0.114297
-0.114312
-0.114415
-0.114246
-0.114313
-0.114369
-0.114320
-0.114269
-0.114400
-0.114294
-0.114300
-0.107901
1.495066
0.313080
-0.042197
-0.052835
-0.104127
-0.107972
-0.110475
-0.109154
-0.111738
-0.111763
-0.110119
-0.112155
-0.112162
-0.110445
-0.112088
-0.112282
-0.110255
-0.111683
-0.112002
-0.109404
-0.109664
-0.108288
-0.112049
-0.108305
-0.086561
-0.072436
-0.098552
-0.081799
-0.096534
-0.108175
-0.106734
-0.111422
-0.112919
-0.111687
-0.112470
-0.113562
-0.112376
-0.112914
-0.113778
-0.112717
-0.113080
-0.113782
-0.112701
-0.113121
-0.113677
-0.112513
-0.112817
-0.112685
-0.112387
-0.112169
-0.113520
-0.107310
-0.106439
-0.107858
-0.108605
-0.110940
-0.111157
-0.113318
-0.113114
-0.112858
-0.113930
-0.113465
-0.113031
-0.113986
-0.113508
-0.113219
-0.113657
-0.113751
-0.113456
-0.114259
-0.113543
-0.113307
-0.114054
-0.113534
-0.112599
-0.113948
-0.112818
-0.113678
-0.109750
-0.113503
-0.112548
-0.111788
-0.112544
-0.113712
-0.113106
-0.113101
-0.114335
-0.113264
-0.113027
-0.114290
-0.112968
-0.112788
-0.113827
-0.113323
-0.113370
-0.113291
-0.113135
-0.113956
-0.113560
-0.079149
0.243771
0.317515
-0.079688
-0.097337
-0.111387
-0.110358
-0.112548
-0.112899
-0.112195
-0.113507
-0.113096
-0.112780
-0.113958
-0.113088
-0.113025
-0.114134
-0.113065
-0.113357
-0.113648
-0.112369
-0.113342
-0.111761
-0.108309
-0.103417
-0.091898
-0.102185
-0.113466
-0.106985
-0.096042
-0.110446
-0.112017
-0.111358
-0.112823
-0.112564
-0.112362
-0.113185
-0.112832
-0.112763
-0.113324
-0.113061
-0.112968
-0.113501
-0.113039
-0.113113
-0.113620
-0.113041
-0.113102
-0.113874
-0.112701
-0.111925
-0.109651
-0.111651
-0.110696
-0.112576
-0.110493
-0.112589
-0.113096
-0.113769
-0.113989
-0.113514
-0.113796
-0.113861
-0.113537
-0.113812
-0.113773
-0.113706
-0.113615
-0.113899
-0.113614
-0.114048
-0.113709
-0.113593
-0.113932
-0.113709
-0.113405
-0.113950
-0.113133
-0.112736
-0.112150
-0.113884
-0.113607
-0.112910
-0.113259
-0.113988
-0.113738
-0.113588
-0.113945
-0.113678
-0.113621
-0.114002
-0.113321
-0.113850
-0.113429
-0.114342
-0.113390
-0.114009
-0.113219
-0.113811
-0.113774
-0.070893
1.638182
0.153591
-0.099283
-0.085750
-0.100817
-0.101431
-0.105365
-0.108828
-0.106030
-0.108138
-0.110659
-0.107947
-0.109404
-0.111662
-0.108839
-0.110018
-0.112332
-0.109234
-0.110185
-0.112786
-0.108744
-0.108659
-0.111516
-0.103505
-0.089778
-0.069971
-0.094300
-0.079769
-0.105889
-0.110812
-0.113578
-0.112088
-0.112604
-0.113877
-0.112285
-0.112863
-0.113916
-0.112465
-0.112931
-0.113838
-0.112642
-0.113032
-0.113857
-0.112631
-0.112874
-0.114079
-0.112533
-0.112547
-0.113876
-0.111224
-0.111126
-0.105741
-0.108132
-0.108278
-0.106964
-0.112907
-0.113563
-0.112545
-0.113402
-0.113572
-0.112795
-0.113421
-0.113644
-0.112886
-0.113327
-0.113559
-0.113481
-0.113272
-0.113179
-0.113240
-0.113524
-0.113642
-0.113035
-0.113467
-0.113764
-0.112585
-0.112257
-0.112517
-0.111439
-0.112019
-0.110034
-0.113159
-0.113386
-0.112753
-0.113558
-0.113540
-0.112961
-0.113553
-0.113596
-0.112889
-0.113345
-0.113329
-0.113309
-0.111668
-0.113370
-0.113363
-0.113515
-0.113187
-0.113382
