-1.244920
1.957053
3.464395
-7.871293
-0.112012
-0.112005
-0.108735
1.080479
4.618055
-3.113938
-0.112006
-0.112000
2.631707
1.501799
6.785564
-3.018653
-0.112012
-0.112000
-0.149885
1.588074
3.975379
-4.584781
-0.112010
-0.112007
0.008851
5.714531
11.293772
-10.268338
-0.112009
-0.112010
-0.114384
1.363749
3.542532
-3.059987
-0.112008
-0.112008
10.779989
-0.111324
10.781179
10.778387
-0.112009
-0.112009
7.697816
3.251050
13.104481
2.658276
-0.112009
-0.112012
1.014728
0.675212
0.432884
0.534068
0.309927
0.063381
0.381379
0.102432
0.128938
0.020171
0.103201
0.024036
0.045759
0.094495
-0.049147
0.008525
-0.033735
-0.088155
-0.054658
-0.041048
-0.071958
-0.012242
-0.058196
-0.020956
-0.037059
-0.047217
-0.047007
-0.049046
-0.054377
-0.072206
-0.056508
-0.090394
-0.086907
-0.091222
-0.103155
-0.104459
-0.091598
-0.102896
-0.078646
-0.087884
-0.084050
-0.076726
-0.098416
-0.087322
-0.097291
-0.091505
-0.106362
-0.088494
-0.097511
-0.104689
-0.097565
-0.099716
-0.102213
-0.110098
-0.106766
-0.108689
-0.102447
-0.097985
-0.105320
-0.101607
-0.101995
-0.103458
-0.108405
-0.104458
-0.102882
-0.107289
-0.102427
-0.103517
-0.105930
-0.106157
-0.103133
-0.111621
-0.102396
-0.109964
-0.103954
-0.105775
-0.106807
-0.106256
-0.106424
-0.106871
-0.107734
-0.105377
-0.109182
-0.107001
-0.109273
-0.107942
-0.109995
-0.108018
-0.108001
-0.110097
-0.109428
-0.108910
-0.106025
-0.109676
-0.107561
-0.107275
-0.106888
-0.107387
-0.106822
-0.108490
-0.109058
0.276392
0.213001
-0.028194
-0.068414
-0.010257
-0.048952
0.005925
0.011290
0.015370
0.108585
0.033420
0.112122
0.108690
-0.012125
0.087978
-0.005394
0.014452
0.054168
-0.020043
0.047098
-0.016784
-0.021430
-0.049867
-0.073934
-0.078451
-0.066441
-0.060255
-0.049241
-0.035758
-0.043216
-0.024594
-0.049069
-0.035960
-0.057097
-0.073975
-0.065920
-0.097165
-0.078537
-0.085055
-0.096993
-0.084016
-0.103163
-0.103471
-0.105033
-0.101959
-0.107158
-0.098930
-0.100744
-0.104459
-0.102577
-0.103655
-0.106974
-0.105410
-0.102424
-0.102656
-0.105211
-0.106540
-0.102693
-0.105017
-0.103799
-0.099573
-0.103079
-0.098881
-0.099605
-0.102719
-0.097989
-0.105029
-0.103985
-0.101785
-0.109926
-0.101321
-0.105832
-0.106311
-0.106210
-0.109415
-0.110570
-0.104354
-0.103877
-0.102412
-0.100315
-0.102617
-0.100244
-0.103773
-0.102803
-0.104673
-0.107807
-0.106733
-0.110071
-0.111170
-0.107527
-0.109957
-0.108489
-0.107048
-0.111104
-0.107616
-0.106398
-0.107513
-0.105454
-0.105262
2.630086
0.317781
0.375645
0.028609
0.470824
0.394897
0.099611
0.142947
0.121202
0.060070
-0.102617
0.004731
-0.031869
-0.063939
-0.007534
-0.050046
-0.076494
-0.038712
-0.059674
-0.092861
-0.060909
-0.069541
-0.081143
-0.067879
-0.110993
-0.081988
-0.086188
-0.104434
-0.081206
-0.098983
-0.085753
-0.092879
-0.095970
-0.098611
-0.098804
-0.110088
-0.095204
-0.091204
-0.105625
-0.095649
-0.091249
-0.105396
-0.099404
-0.104212
-0.107107
-0.100801
-0.091071
-0.098139
-0.098791
-0.090320
-0.101561
-0.109271
-0.109145
-0.109218
-0.108661
-0.105586
-0.109609
-0.102635
-0.099546
-0.103863
-0.105627
-0.106411
-0.101923
-0.105554
-0.109592
-0.106871
-0.110425
-0.108962
-0.106426
-0.108206
-0.108666
-0.105970
-0.108381
-0.109047
-0.107662
-0.110482
-0.110355
-0.110582
-0.110466
-0.109181
-0.110140
-0.108039
-0.110742
-0.108698
-0.110694
-0.110968
-0.110789
-0.108755
-0.109202
-0.110763
-0.108090
-0.109519
-0.111027
-0.109544
-0.110052
-0.111232
-0.111179
-0.110761
-0.108717
-0.108152
-0.073809
0.268442
0.622404
0.208836
0.305749
0.297888
0.034478
0.156323
0.189688
0.017158
0.116317
0.030184
-0.079018
0.002914
-0.028274
-0.046182
-0.080614
-0.067859
-0.080397
-0.105671
-0.098558
-0.106244
-0.097328
-0.093076
-0.104619
-0.088493
-0.100974
-0.101858
-0.099012
-0.107652
-0.104240
-0.108823
-0.102700
-0.097618
-0.107021
-0.099551
-0.101323
-0.106889
-0.099010
-0.110308
-0.094641
-0.094120
-0.104806
-0.089253
-0.096369
-0.101491
-0.098990
-0.108388
-0.107280
-0.102123
-0.104317
-0.105532
-0.109173
-0.109226
-0.110640
-0.107793
-0.107543
-0.108369
-0.104671
-0.104943
-0.106956
-0.104728
-0.106744
-0.109147
-0.107325
-0.107912
-0.109837
-0.106943
-0.106804
-0.111345
-0.108919
-0.110131
-0.111182
-0.110103
-0.110882
-0.110245
-0.108918
-0.110916
-0.109426
-0.109586
-0.111103
-0.109693
-0.110547
-0.110857
-0.110049
-0.111507
-0.110532
-0.110614
-0.111488
-0.111618
-0.111639
-0.109523
-0.110591
-0.110214
-0.107876
-0.110278
-0.108500
-0.107479
-0.110075
-0.109889
0.011196
2.084765
2.959407
0.799316
0.893815
0.662839
-0.073068
0.118360
0.052102
0.042548
0.024697
-0.022606
-0.011005
-0.001751
-0.034893
-0.050496
-0.059583
-0.028052
-0.076347
-0.071146
-0.061038
-0.086034
-0.091121
-0.076551
-0.100059
-0.085784
-0.090212
-0.103255
-0.090576
-0.103027
-0.099318
-0.098947
-0.103809
-0.100504
-0.096760
-0.106332
-0.100106
-0.099365
-0.103178
-0.105944
-0.100702
-0.103276
-0.107835
-0.104624
-0.106520
-0.105307
-0.098006
-0.103211
-0.100190
-0.093606
-0.107463
-0.100833
-0.102474
-0.096253
-0.106351
-0.090119
-0.095179
-0.106160
-0.099987
-0.108412
-0.110483
-0.107652
-0.107069
-0.107638
-0.107985
-0.108650
-0.108726
-0.110035
-0.108353
-0.111188
-0.110027
-0.108355
-0.111367
-0.110063
-0.109588
-0.110662
-0.109670
-0.110873
-0.111580
-0.109605
-0.111730
-0.111685
-0.110002
-0.111116
-0.111748
-0.109375
-0.110550
-0.109791
-0.109935
-0.110917
-0.109316
-0.108108
-0.108137
-0.107588
-0.107620
-0.111228
-0.109622
-0.109540
-0.110780
-0.109907
-0.110110
0.381360
0.594501
0.312065
0.202047
0.034022
-0.071844
-0.060186
-0.092236
-0.066014
-0.045588
-0.023389
-0.043808
-0.039427
-0.034234
-0.067262
-0.071895
-0.080799
-0.104340
-0.099884
-0.105423
-0.105825
-0.101453
-0.110150
-0.100374
-0.107586
-0.104680
-0.104240
-0.111030
-0.106158
-0.109683
-0.109296
-0.107957
-0.111150
-0.105954
-0.109135
-0.106015
-0.104084
-0.106381
-0.104183
-0.103818
-0.104778
-0.106741
-0.105974
-0.107079
-0.109634
-0.110084
-0.110460
-0.107335
-0.104698
-0.107417
-0.105152
-0.109207
-0.111603
-0.109762
-0.108625
-0.108896
-0.107138
-0.108816
-0.110696
-0.108122
-0.111354
-0.109341
-0.109735
-0.108572
-0.108866
-0.109587
-0.108804
-0.109867
-0.110707
-0.111198
-0.111518
-0.111432
-0.111572
-0.111545
-0.110940
-0.111782
-0.111384
-0.111359
-0.111811
-0.111604
-0.111629
-0.111528
-0.111793
-0.111666
-0.111219
-0.111663
-0.110452
-0.111429
-0.110978
-0.110848
-0.111333
-0.111620
-0.111713
-0.110693
-0.110078
-0.110616
-0.111193
-0.110066
-0.110818
-2.612107
0.217945
-2.111291
-3.067323
-0.112008
-0.112012
0.422086
0.015225
0.899635
0.302198
-0.112005
-0.112002
0.013324
0.038602
0.254564
-0.161575
-0.112007
-0.112012
-0.927167
1.381043
1.345173
-3.300767
-0.112009
-0.112012
-0.282709
0.280227
0.664555
-0.661660
-0.112006
-0.112008
0.875373
2.212297
3.584100
-2.779358
-0.112009
-0.112013
4.521755
0.479314
6.192023
3.988200
-0.112005
-0.112006
2.390137
0.119015
-0.093968
-0.102265
-0.106305
-0.103956
-0.108957
-0.105995
-0.108366
-0.107672
-0.108739
-0.097649
-0.111074
-0.101036
-0.110421
-0.110529
-0.110635
-0.110037
-0.110646
-0.110040
-0.110317
-0.110060
-0.110402
-0.109801
-0.111032
-0.109281
-0.110604
-0.110832
-0.110855
-0.110824
-0.110877
-0.110858
-0.110898
-0.110903
-0.111174
-0.110184
-0.111081
-0.109727
-0.110565
-0.110853
-0.110886
-0.111012
-0.110950
-0.111075
-0.111068
-0.111165
-0.111185
-0.110445
-0.110972
-0.110532
-0.110912
-0.110984
-0.111006
-0.111042
-0.111044
-0.111070
-0.111069
-0.111091
-0.111054
-0.111053
-0.111067
-0.111182
-0.111168
-0.111150
-0.111155
-0.111151
-0.111164
-0.111160
-0.111165
-0.111164
-0.111164
-0.111222
-0.111194
-0.111232
-0.111218
-0.111217
-0.111219
-0.111221
-0.111224
-0.111226
-0.111235
-0.111233
-0.111242
-0.111244
-0.111246
-0.111245
-0.111247
-0.111250
-0.111251
-0.111253
-0.111254
-0.111256
-0.111258
-0.111259
-0.111259
-0.111260
-0.111261
-0.111261
-0.111262
-0.111262
0.427295
-0.028894
-0.083042
-0.089896
-0.095072
-0.099946
-0.099295
-0.099911
-0.099868
-0.100792
-0.099512
-0.098317
-0.101838
-0.102055
-0.103250
-0.104783
-0.105081
-0.105443
-0.105916
-0.106452
-0.106506
-0.106585
-0.107015
-0.106812
-0.107677
-0.108826
-0.108728
-0.108693
-0.108820
-0.108807
-0.108956
-0.109003
-0.109220
-0.109344
-0.109550
-0.109955
-0.109730
-0.109449
-0.109590
-0.109598
-0.109680
-0.109807
-0.109848
-0.109888
-0.109948
-0.110037
-0.110024
-0.110052
-0.110097
-0.110019
-0.110065
-0.110138
-0.110165
-0.110209
-0.110235
-0.110276
-0.110282
-0.110295
-0.110306
-0.110272
-0.110323
-0.110395
-0.110408
-0.110430
-0.110445
-0.110452
-0.110467
-0.110480
-0.110491
-0.110501
-0.110519
-0.110532
-0.110541
-0.110556
-0.110566
-0.110573
-0.110581
-0.110589
-0.110597
-0.110604
-0.110612
-0.110618
-0.110625
-0.110633
-0.110638
-0.110641
-0.110646
-0.110650
-0.110654
-0.110658
-0.110661
-0.110664
-0.110668
-0.110670
-0.110671
-0.110673
-0.110674
-0.110675
-0.110676
-0.110677
0.014865
-0.010144
-0.091321
-0.097253
-0.101003
-0.104830
-0.105618
-0.105860
-0.106165
-0.107992
-0.109047
-0.104039
-0.108280
-0.109190
-0.109394
-0.109665
-0.110260
-0.110373
-0.110325
-0.110287
-0.110496
-0.110685
-0.110682
-0.110799
-0.110264
-0.111369
-0.111023
-0.111085
-0.111136
-0.111089
-0.111133
-0.111199
-0.111284
-0.111228
-0.111162
-0.111607
-0.111337
-0.111070
-0.111367
-0.111397
-0.111356
-0.111372
-0.111410
-0.111453
-0.111450
-0.111452
-0.111484
-0.111323
-0.111592
-0.111378
-0.111480
-0.111488
-0.111496
-0.111520
-0.111527
-0.111528
-0.111523
-0.111544
-0.111566
-0.111503
-0.111533
-0.111587
-0.111567
-0.111568
-0.111578
-0.111582
-0.111585
-0.111586
-0.111588
-0.111593
-0.111596
-0.111610
-0.111597
-0.111612
-0.111611
-0.111614
-0.111616
-0.111617
-0.111620
-0.111622
-0.111626
-0.111625
-0.111627
-0.111631
-0.111632
-0.111632
-0.111634
-0.111635
-0.111636
-0.111638
-0.111638
-0.111639
-0.111641
-0.111641
-0.111641
-0.111642
-0.111642
-0.111643
-0.111643
-0.111643
0.691011
0.767564
0.296456
0.139742
0.072710
0.033348
0.007078
-0.012070
-0.026464
-0.037445
-0.048624
-0.057948
-0.055470
-0.068392
-0.075464
-0.081114
-0.084128
-0.086683
-0.088918
-0.090862
-0.092595
-0.094196
-0.096797
-0.100028
-0.087974
-0.098810
-0.099733
-0.100036
-0.100561
-0.101091
-0.101607
-0.102094
-0.102581
-0.103101
-0.103411
-0.103437
-0.102065
-0.104247
-0.104338
-0.104366
-0.104580
-0.104794
-0.104992
-0.105176
-0.105340
-0.105478
-0.105361
-0.104862
-0.107629
-0.106129
-0.106129
-0.106288
-0.106404
-0.106507
-0.106599
-0.106682
-0.106749
-0.106836
-0.106892
-0.106981
-0.107116
-0.107119
-0.107194
-0.107273
-0.107331
-0.107383
-0.107433
-0.107480
-0.107526
-0.107572
-0.107629
-0.107729
-0.107588
-0.107710
-0.107754
-0.107785
-0.107815
-0.107844
-0.107871
-0.107899
-0.107931
-0.107932
-0.107966
-0.107986
-0.108004
-0.108024
-0.108040
-0.108056
-0.108070
-0.108084
-0.108096
-0.108107
-0.108117
-0.108125
-0.108133
-0.108139
-0.108144
-0.108148
-0.108151
-0.108152
0.057821
0.127954
-0.016066
-0.051531
-0.067568
-0.077641
-0.084342
-0.089280
-0.093330
-0.096886
-0.100885
-0.108506
-0.099392
-0.093140
-0.101844
-0.104149
-0.105438
-0.106379
-0.107098
-0.107707
-0.108269
-0.108755
-0.109356
-0.107799
-0.107094
-0.107548
-0.109336
-0.109689
-0.109912
-0.110063
-0.110193
-0.110313
-0.110416
-0.110495
-0.110510
-0.109261
-0.109758
-0.111001
-0.111022
-0.110979
-0.110988
-0.111005
-0.111030
-0.111054
-0.111063
-0.111070
-0.111022
-0.110757
-0.111287
-0.111553
-0.111379
-0.111360
-0.111361
-0.111372
-0.111385
-0.111397
-0.111407
-0.111423
-0.111428
-0.111623
-0.111616
-0.111441
-0.111486
-0.111507
-0.111522
-0.111534
-0.111545
-0.111556
-0.111574
-0.111582
-0.111589
-0.111605
-0.111581
-0.111583
-0.111601
-0.111610
-0.111617
-0.111623
-0.111629
-0.111635
-0.111640
-0.111641
-0.111646
-0.111644
-0.111649
-0.111658
-0.111660
-0.111663
-0.111666
-0.111669
-0.111671
-0.111673
-0.111673
-0.111675
-0.111678
-0.111679
-0.111680
-0.111681
-0.111681
-0.111682
0.857132
1.363786
0.376171
0.206910
0.123715
0.073749
0.039940
0.015384
-0.003429
-0.017855
-0.029142
-0.018879
-0.032336
-0.063943
-0.069500
-0.073262
-0.076694
-0.079806
-0.082518
-0.084903
-0.086998
-0.088841
-0.090362
-0.099485
-0.080580
-0.099369
-0.095847
-0.096415
-0.097081
-0.097737
-0.098359
-0.098951
-0.099511
-0.100060
-0.100593
-0.101866
-0.100057
-0.100431
-0.101339
-0.101726
-0.102055
-0.102346
-0.102613
-0.102858
-0.103087
-0.103299
-0.103578
-0.101727
-0.106081
-0.103170
-0.103953
-0.104156
-0.104313
-0.104450
-0.104574
-0.104687
-0.104772
-0.104915
-0.104969
-0.104825
-0.105036
-0.105326
-0.105371
-0.105438
-0.105506
-0.105570
-0.105633
-0.105691
-0.105740
-0.105798
-0.105845
-0.106052
-0.105824
-0.106041
-0.106058
-0.106096
-0.106134
-0.106170
-0.106205
-0.106238
-0.106288
-0.106283
-0.106335
-0.106366
-0.106388
-0.106405
-0.106428
-0.106449
-0.106468
-0.106486
-0.106501
-0.106516
-0.106532
-0.106543
-0.106550
-0.106558
-0.106565
-0.106570
-0.106574
-0.106576
