-2.319882
2.009587
4.689349
-9.081889
-0.109653
-0.109647
0.002366
1.171627
4.784202
-2.792185
-0.109648
-0.109645
2.234957
1.557687
6.261421
-3.699891
-0.109654
-0.109642
-0.506169
1.954292
4.609605
-4.678149
-0.109651
-0.109653
0.067758
5.437993
10.619450
-9.746776
-0.109652
-0.109653
-0.216219
1.456802
3.135527
-3.183962
-0.109651
-0.109652
8.305086
-0.108821
8.306683
8.303226
-0.109653
-0.109653
8.996896
3.484221
15.058689
3.843685
-0.109651
-0.109654
2.095639
0.605382
0.342084
0.483509
0.323322
0.062317
0.366516
0.161465
0.133937
0.075594
0.159152
0.121248
0.055838
0.227834
0.049033
0.109114
0.099705
-0.022255
0.056807
0.010188
-0.031648
0.016812
-0.033379
-0.011017
0.007015
-0.051069
0.018998
-0.061613
-0.014312
-0.054122
-0.058288
-0.056397
-0.080045
-0.049344
-0.078371
-0.059367
-0.051064
-0.075020
-0.055087
-0.047359
-0.081890
-0.048696
-0.074930
-0.085914
-0.077477
-0.099380
-0.093659
-0.093215
-0.085869
-0.103187
-0.095105
-0.097044
-0.102810
-0.106456
-0.106907
-0.099739
-0.101401
-0.099285
-0.097402
-0.107471
-0.097705
-0.100468
-0.103382
-0.100791
-0.098569
-0.098240
-0.105953
-0.093287
-0.100909
-0.098547
-0.097004
-0.105592
-0.095905
-0.100709
-0.103435
-0.097432
-0.101716
-0.101115
-0.096081
-0.106507
-0.097518
-0.103748
-0.103173
-0.104689
-0.103320
-0.103514
-0.103853
-0.100438
-0.104265
-0.100184
-0.098454
-0.101617
-0.100830
-0.099930
-0.106567
-0.099944
-0.103263
-0.106640
-0.102579
-0.105633
0.002082
0.233780
0.185387
0.020273
-0.070917
-0.011344
-0.008581
0.078548
0.032550
0.085570
0.195247
0.090215
0.189486
0.177435
0.043463
0.115044
0.005492
0.013799
0.023571
-0.066903
-0.003764
-0.008005
-0.084819
-0.046684
-0.091734
-0.068373
-0.102254
-0.069624
-0.091124
-0.086855
-0.097553
-0.068889
-0.085760
-0.070735
-0.067891
-0.101042
-0.077402
-0.082447
-0.088158
-0.061978
-0.078093
-0.059904
-0.060124
-0.083456
-0.074713
-0.087237
-0.098383
-0.094743
-0.107983
-0.101849
-0.106087
-0.107887
-0.107753
-0.108765
-0.106556
-0.104162
-0.103902
-0.105105
-0.107244
-0.108720
-0.106075
-0.103719
-0.102340
-0.104292
-0.096847
-0.099976
-0.096719
-0.094318
-0.100712
-0.093836
-0.098382
-0.100440
-0.097890
-0.105863
-0.104010
-0.103222
-0.107160
-0.105914
-0.109077
-0.104454
-0.107287
-0.106011
-0.107182
-0.107006
-0.107693
-0.106139
-0.105851
-0.106775
-0.105015
-0.108438
-0.103994
-0.104528
-0.105902
-0.102266
-0.103625
-0.102000
-0.102636
-0.106081
-0.104175
-0.108141
2.232595
0.341925
0.392001
-0.025002
0.413057
0.436730
0.138826
0.164843
0.178875
0.092517
-0.073196
0.006518
-0.021089
-0.071603
-0.017591
-0.021150
-0.055561
-0.009677
-0.025848
-0.054618
-0.061116
-0.043501
-0.087125
-0.055922
-0.063208
-0.089219
-0.074856
-0.095527
-0.086225
-0.093089
-0.082803
-0.076199
-0.097843
-0.075677
-0.086339
-0.090083
-0.082778
-0.085137
-0.097954
-0.094588
-0.094135
-0.102331
-0.094624
-0.093319
-0.108175
-0.091914
-0.091599
-0.096025
-0.104665
-0.100019
-0.097845
-0.100007
-0.100523
-0.106067
-0.100602
-0.103364
-0.099074
-0.102083
-0.098088
-0.092057
-0.100599
-0.103311
-0.101967
-0.103729
-0.107298
-0.104785
-0.104412
-0.107067
-0.103512
-0.103233
-0.108346
-0.103340
-0.103996
-0.106609
-0.105406
-0.103634
-0.107088
-0.103942
-0.103560
-0.108129
-0.104345
-0.107041
-0.107343
-0.107136
-0.106542
-0.105512
-0.106558
-0.103357
-0.105067
-0.106215
-0.105053
-0.105679
-0.107325
-0.107982
-0.106101
-0.106555
-0.106649
-0.106305
-0.108820
-0.106117
0.285304
0.631460
0.759260
0.014823
0.377041
0.320119
-0.045873
0.229628
0.209803
-0.006152
0.164138
-0.031448
0.042492
0.017476
-0.052184
-0.006722
-0.101499
-0.049148
-0.075721
-0.097354
-0.090341
-0.072993
-0.084091
-0.094056
-0.088200
-0.100845
-0.106117
-0.108275
-0.105636
-0.106264
-0.099627
-0.099866
-0.106519
-0.101587
-0.102333
-0.099101
-0.107530
-0.099664
-0.101390
-0.101914
-0.104041
-0.093187
-0.090046
-0.103620
-0.082887
-0.091898
-0.096354
-0.091435
-0.106523
-0.101025
-0.100878
-0.104906
-0.107497
-0.106807
-0.108554
-0.108945
-0.105803
-0.107945
-0.105904
-0.103272
-0.105559
-0.105010
-0.101460
-0.109577
-0.102674
-0.108121
-0.102125
-0.102679
-0.107073
-0.102956
-0.106897
-0.107206
-0.106954
-0.107797
-0.109000
-0.106781
-0.107729
-0.109050
-0.108381
-0.108108
-0.107878
-0.109250
-0.108003
-0.109005
-0.109108
-0.108771
-0.108737
-0.109108
-0.109079
-0.107712
-0.108227
-0.109244
-0.108412
-0.107779
-0.108358
-0.107939
-0.105210
-0.107760
-0.105413
-0.103573
0.069118
1.888220
2.839484
0.845250
0.818508
0.646481
0.063715
0.174724
0.051926
0.126236
0.024507
-0.056275
-0.033668
0.036896
-0.070159
-0.010720
-0.063839
-0.040424
-0.038957
-0.089878
-0.065648
-0.071812
-0.096326
-0.075935
-0.085741
-0.094992
-0.079739
-0.102238
-0.078210
-0.090563
-0.089201
-0.085556
-0.098269
-0.095385
-0.093817
-0.102479
-0.096269
-0.097142
-0.103186
-0.095926
-0.108126
-0.097023
-0.099413
-0.102889
-0.102400
-0.099757
-0.102506
-0.098725
-0.101231
-0.095031
-0.084544
-0.108036
-0.092325
-0.099984
-0.103856
-0.106534
-0.096022
-0.098157
-0.106467
-0.102679
-0.103153
-0.099224
-0.108977
-0.101990
-0.103873
-0.106707
-0.108769
-0.104805
-0.106481
-0.106604
-0.107186
-0.108008
-0.106539
-0.108085
-0.108231
-0.107571
-0.108845
-0.108494
-0.107860
-0.108892
-0.107029
-0.107837
-0.107765
-0.108460
-0.108097
-0.108357
-0.108575
-0.108470
-0.108334
-0.107414
-0.108270
-0.107645
-0.107977
-0.109035
-0.108304
-0.108696
-0.106598
-0.108357
-0.107001
-0.108247
-0.003294
0.347098
0.702385
0.355529
0.127729
0.089421
-0.000680
-0.040862
-0.083766
-0.035947
-0.022817
-0.084237
-0.057908
-0.070260
-0.093937
-0.064772
-0.087257
-0.082368
-0.100042
-0.095853
-0.098091
-0.095221
-0.095051
-0.100851
-0.103256
-0.108820
-0.107624
-0.106399
-0.106497
-0.105773
-0.106958
-0.106548
-0.107686
-0.108466
-0.107896
-0.102410
-0.103290
-0.100543
-0.102794
-0.100794
-0.104885
-0.105697
-0.103850
-0.105483
-0.105671
-0.103863
-0.109022
-0.106716
-0.107167
-0.106464
-0.103828
-0.104843
-0.103132
-0.106192
-0.108540
-0.109094
-0.106447
-0.106008
-0.106057
-0.105296
-0.107126
-0.107035
-0.109118
-0.108589
-0.106639
-0.108973
-0.109285
-0.108429
-0.108423
-0.108763
-0.109328
-0.109369
-0.108610
-0.108295
-0.108502
-0.108278
-0.108030
-0.109326
-0.108871
-0.109450
-0.109282
-0.108931
-0.109124
-0.108874
-0.109090
-0.109236
-0.108656
-0.108543
-0.109367
-0.108271
-0.108432
-0.108031
-0.109429
-0.108143
-0.107787
-0.108717
-0.109013
-0.109428
-0.109117
-0.108955
-2.676398
0.315480
-1.967863
-3.369848
-0.109651
-0.109654
0.167865
0.374029
0.977668
-0.420932
-0.109650
-0.109655
0.009535
0.105449
0.378544
-0.354713
-0.109651
-0.109654
-0.160421
1.692994
1.890160
-3.833643
-0.109653
-0.109653
-0.114174
0.888502
1.228040
-1.846974
-0.109652
-0.109654
-0.107145
2.741399
4.282183
-3.434302
-0.109651
-0.109655
5.531175
0.681736
6.915815
4.197903
-0.109651
-0.109654
2.457973
0.006663
0.155957
-0.059727
-0.056296
-0.109078
-0.104097
-0.108197
-0.109272
-0.109136
-0.108767
-0.109040
-0.107731
-0.108650
-0.108348
-0.108326
-0.107644
-0.108270
-0.109372
-0.108379
-0.109210
-0.108921
-0.108794
-0.108393
-0.097190
-0.105217
-0.097992
-0.109154
-0.107429
-0.100935
-0.101725
-0.104169
-0.108867
-0.108553
-0.109533
-0.109094
-0.109403
-0.109236
-0.109308
-0.109013
-0.109359
-0.109262
-0.109351
-0.109321
-0.109493
-0.109474
-0.109347
-0.109508
-0.109238
-0.109544
-0.109277
-0.108136
-0.107244
-0.107312
-0.108621
-0.109236
-0.109613
-0.106609
-0.109271
-0.108719
-0.109573
-0.109322
-0.109521
-0.109493
-0.109579
-0.109441
-0.109502
-0.109539
-0.109556
-0.109529
-0.109505
-0.109501
-0.109528
-0.109564
-0.109497
-0.109551
-0.109478
-0.109598
-0.109477
-0.108418
-0.109287
-0.108749
-0.109639
-0.109123
-0.109037
-0.108530
-0.109271
-0.109383
-0.109206
-0.109433
-0.109477
-0.109489
-0.109555
-0.109049
-0.109364
-0.109459
-0.109597
-0.109489
-0.109607
-0.109541
0.165250
0.220762
-0.032359
-0.070948
-0.100613
-0.100364
-0.106570
-0.107144
-0.108077
-0.107566
-0.107118
-0.108697
-0.107906
-0.108284
-0.108556
-0.108457
-0.108075
-0.108653
-0.109424
-0.109184
-0.108862
-0.109107
-0.109044
-0.106818
-0.108225
-0.107079
-0.102140
-0.101574
-0.106209
-0.103608
-0.107611
-0.107877
-0.108339
-0.109371
-0.109157
-0.109212
-0.109295
-0.109299
-0.108999
-0.109303
-0.109063
-0.109572
-0.109309
-0.109494
-0.109166
-0.109358
-0.109372
-0.109449
-0.109276
-0.109366
-0.109514
-0.108850
-0.108887
-0.109477
-0.107154
-0.108696
-0.108637
-0.108523
-0.109207
-0.109383
-0.109265
-0.109496
-0.109465
-0.109348
-0.109423
-0.109604
-0.109387
-0.109463
-0.109360
-0.109501
-0.109481
-0.109527
-0.109455
-0.109460
-0.109454
-0.109524
-0.109410
-0.109454
-0.109537
-0.109308
-0.109210
-0.109280
-0.108465
-0.109555
-0.109337
-0.109192
-0.109451
-0.109404
-0.109494
-0.109410
-0.109213
-0.109237
-0.109353
-0.109492
-0.109456
-0.109455
-0.109421
-0.109496
-0.109466
-0.109479
0.008938
0.030504
-0.067749
-0.074538
-0.093161
-0.103196
-0.104876
-0.108486
-0.108690
-0.106878
-0.107814
-0.108151
-0.108784
-0.108625
-0.108967
-0.109259
-0.108540
-0.109273
-0.109336
-0.108502
-0.108535
-0.108096
-0.108658
-0.108261
-0.107751
-0.107729
-0.106248
-0.106642
-0.108992
-0.107058
-0.108746
-0.107264
-0.108470
-0.108526
-0.108540
-0.108751
-0.109054
-0.108996
-0.109007
-0.108981
-0.109109
-0.109065
-0.109130
-0.109208
-0.109068
-0.109167
-0.109407
-0.109224
-0.109212
-0.109074
-0.108954
-0.108895
-0.109275
-0.108743
-0.109025
-0.108796
-0.109069
-0.109538
-0.109047
-0.109461
-0.109443
-0.109386
-0.109296
-0.109298
-0.109288
-0.109387
-0.109372
-0.109297
-0.109391
-0.109354
-0.109377
-0.109402
-0.109352
-0.109325
-0.109421
-0.109429
-0.109470
-0.109400
-0.109367
-0.109265
-0.109401
-0.109074
-0.109389
-0.109184
-0.109223
-0.109400
-0.109089
-0.109457
-0.109354
-0.109393
-0.109389
-0.109354
-0.109386
-0.109391
-0.109476
-0.109313
-0.109396
-0.109359
-0.109364
-0.109360
-0.062668
1.002988
0.484336
0.041108
-0.094964
-0.101705
-0.100679
-0.104395
-0.105716
-0.104851
-0.106448
-0.105882
-0.107162
-0.106623
-0.107311
-0.107358
-0.107138
-0.108124
-0.107195
-0.108108
-0.107426
-0.107549
-0.107321
-0.108706
-0.100654
-0.085535
-0.070196
-0.099389
-0.094890
-0.078138
-0.095148
-0.106369
-0.108851
-0.108400
-0.108724
-0.109482
-0.108872
-0.109068
-0.108941
-0.108842
-0.109180
-0.108767
-0.109203
-0.108783
-0.109048
-0.108881
-0.108893
-0.109136
-0.108678
-0.109228
-0.109236
-0.108426
-0.105096
-0.102940
-0.102914
-0.107533
-0.103457
-0.103163
-0.108543
-0.109335
-0.108916
-0.109230
-0.108909
-0.109317
-0.109050
-0.109372
-0.109056
-0.109144
-0.109264
-0.109107
-0.109336
-0.109067
-0.109302
-0.109071
-0.109183
-0.109178
-0.108975
-0.109219
-0.109211
-0.108427
-0.106580
-0.106585
-0.108548
-0.107674
-0.107012
-0.107783
-0.109203
-0.109160
-0.108922
-0.108384
-0.108480
-0.108448
-0.108035
-0.108828
-0.109254
-0.109309
-0.109260
-0.109262
-0.109408
-0.109200
-0.101670
0.543128
0.153058
-0.092468
-0.093906
-0.105547
-0.105844
-0.104986
-0.106193
-0.105774
-0.106626
-0.106260
-0.106810
-0.106615
-0.106623
-0.106748
-0.106452
-0.106706
-0.106012
-0.106307
-0.105331
-0.105245
-0.103884
-0.102954
-0.100299
-0.094585
-0.108923
-0.098792
-0.101361
-0.102081
-0.097740
-0.103298
-0.104632
-0.106203
-0.106556
-0.107448
-0.107399
-0.108025
-0.107941
-0.108318
-0.108272
-0.108480
-0.108560
-0.108601
-0.108784
-0.108681
-0.108958
-0.108767
-0.109096
-0.108865
-0.109307
-0.109323
-0.109017
-0.105764
-0.107244
-0.108636
-0.105717
-0.108034
-0.109198
-0.108919
-0.109058
-0.109071
-0.109107
-0.109321
-0.109109
-0.109245
-0.109138
-0.109312
-0.109156
-0.109292
-0.109213
-0.109253
-0.109265
-0.109210
-0.109294
-0.109139
-0.109277
-0.108986
-0.109091
-0.108705
-0.108420
-0.109018
-0.108912
-0.109290
-0.108272
-0.108283
-0.108918
-0.108843
-0.109317
-0.109429
-0.109398
-0.109294
-0.109104
-0.109509
-0.109315
-0.109301
-0.109243
-0.109325
-0.109226
-0.109351
-0.106835
1.870958
0.213663
-0.014309
-0.073013
-0.103402
-0.106488
-0.103358
-0.107265
-0.104597
-0.106543
-0.105732
-0.105926
-0.106638
-0.105083
-0.107124
-0.104418
-0.106729
-0.103812
-0.105295
-0.103281
-0.102591
-0.101944
-0.096321
-0.096556
-0.089973
-0.072315
-0.084673
-0.092713
-0.069649
-0.100229
-0.093840
-0.101951
-0.101835
-0.103516
-0.104966
-0.104432
-0.106369
-0.105279
-0.106934
-0.106016
-0.107038
-0.106726
-0.106976
-0.107382
-0.106885
-0.107944
-0.106893
-0.108278
-0.107012
-0.108136
-0.106196
-0.108405
-0.102257
-0.100467
-0.104929
-0.100178
-0.106968
-0.108372
-0.107625
-0.108836
-0.108032
-0.108126
-0.108418
-0.107956
-0.108245
-0.108116
-0.108690
-0.108116
-0.108801
-0.108219
-0.108680
-0.108437
-0.108482
-0.108745
-0.108286
-0.109097
-0.108248
-0.108691
-0.108128
-0.107332
-0.105951
-0.107787
-0.106663
-0.105043
-0.108112
-0.107177
-0.108228
-0.107822
-0.108724
-0.108831
-0.108270
-0.108730
-0.107988
-0.108771
-0.108202
-0.108336
-0.108496
-0.108127
-0.108705
