-2.452939
1.896904
0.590907
-9.197262
-0.106380
-0.106375
0.019136
1.152859
4.842044
-2.981301
-0.106374
-0.106370
2.159604
1.570682
6.033937
-4.084295
-0.106380
-0.106369
-0.305010
2.210836
5.213929
-5.989009
-0.106378
-0.106377
0.048606
5.701900
10.768900
-9.815779
-0.106378
-0.106379
-0.197330
1.490863
3.379127
-3.007178
-0.106377
-0.106378
8.174733
-0.105811
8.175698
8.173206
-0.106379
-0.106377
8.839424
3.429077
14.582453
3.594805
-0.106378
-0.106380
2.234603
0.646259
0.361623
0.521537
0.325035
0.025593
0.295007
0.174490
0.099895
0.045574
0.177007
0.024168
0.072911
0.161268
-0.008926
0.081209
0.007952
-0.050332
-0.046698
-0.093367
-0.042811
-0.051343
-0.058251
-0.037911
-0.079301
-0.032379
-0.098376
-0.045151
-0.093633
-0.055909
-0.085302
-0.066938
-0.077592
-0.084122
-0.067507
-0.074815
-0.073055
-0.055218
-0.084930
-0.069112
-0.072643
-0.098935
-0.080375
-0.089647
-0.101971
-0.098874
-0.095288
-0.094462
-0.101884
-0.087646
-0.087083
-0.097556
-0.099294
-0.102500
-0.101740
-0.095693
-0.085285
-0.098110
-0.091733
-0.092299
-0.099550
-0.100882
-0.093605
-0.095711
-0.100379
-0.090037
-0.100992
-0.098823
-0.101875
-0.101072
-0.101978
-0.102149
-0.097406
-0.098320
-0.101238
-0.096788
-0.104373
-0.097598
-0.104404
-0.100215
-0.105697
-0.099862
-0.105287
-0.098458
-0.102655
-0.100135
-0.099318
-0.101655
-0.101600
-0.097832
-0.101956
-0.101376
-0.098145
-0.102228
-0.103249
-0.102413
-0.105645
-0.104830
-0.101186
-0.100530
0.018396
0.302230
0.250103
0.019428
-0.018792
0.046216
-0.009060
0.083643
-0.011891
0.131785
0.195972
0.035717
0.145813
0.086253
0.048249
0.112674
-0.016948
-0.071084
-0.065993
-0.036491
-0.091154
-0.048913
-0.029934
-0.061846
-0.070300
-0.055006
-0.092831
-0.054678
-0.078870
-0.088636
-0.084686
-0.076389
-0.077230
-0.105146
-0.076032
-0.065400
-0.071980
-0.042827
-0.066807
-0.075584
-0.070459
-0.093767
-0.082488
-0.088934
-0.096132
-0.103583
-0.094352
-0.094208
-0.102004
-0.101638
-0.101247
-0.105347
-0.102949
-0.101415
-0.099879
-0.103908
-0.104283
-0.101582
-0.104664
-0.095661
-0.097420
-0.095225
-0.090763
-0.099258
-0.094377
-0.098115
-0.101479
-0.098193
-0.101281
-0.099731
-0.102055
-0.095560
-0.101140
-0.100882
-0.097268
-0.100241
-0.102712
-0.101430
-0.105287
-0.100904
-0.104020
-0.104313
-0.104600
-0.101074
-0.099746
-0.103514
-0.098790
-0.097762
-0.099840
-0.095876
-0.101065
-0.102866
-0.102056
-0.105514
-0.102590
-0.106269
-0.102034
-0.104410
-0.102780
-0.101963
2.157408
0.331455
0.373004
-0.032477
0.446439
0.421273
0.103068
0.182844
0.165781
0.084217
-0.080311
0.026298
-0.000411
-0.087863
-0.013353
-0.040886
-0.011669
0.015793
0.016644
-0.001686
-0.008069
-0.010914
-0.053467
-0.015658
-0.050378
-0.037807
-0.052957
-0.050789
-0.071595
-0.059958
-0.077795
-0.078375
-0.070425
-0.087273
-0.082172
-0.087662
-0.087094
-0.093929
-0.091529
-0.084001
-0.102672
-0.080068
-0.093176
-0.090796
-0.080735
-0.083150
-0.092170
-0.089037
-0.086871
-0.098463
-0.100703
-0.103010
-0.103477
-0.103450
-0.100077
-0.104975
-0.095522
-0.092428
-0.101381
-0.102835
-0.098937
-0.096139
-0.097209
-0.104459
-0.095757
-0.099948
-0.100731
-0.096988
-0.099576
-0.096062
-0.096294
-0.097673
-0.099976
-0.097375
-0.104234
-0.099498
-0.102141
-0.101732
-0.102159
-0.102185
-0.104530
-0.103384
-0.103632
-0.104508
-0.102273
-0.104206
-0.104868
-0.102285
-0.101869
-0.101807
-0.102520
-0.099140
-0.104193
-0.101606
-0.101602
-0.104793
-0.102911
-0.102122
-0.103550
-0.104386
0.090518
0.599706
0.807269
0.221912
0.559729
0.372342
-0.023175
0.359249
0.207056
0.055358
0.196554
-0.037818
0.091447
0.030626
-0.007643
0.064051
-0.055619
-0.069982
-0.076186
-0.057666
-0.096067
-0.072713
-0.090403
-0.094286
-0.096955
-0.102671
-0.099072
-0.092987
-0.093488
-0.089641
-0.099485
-0.090274
-0.093994
-0.099863
-0.093168
-0.087995
-0.096193
-0.072243
-0.086616
-0.089381
-0.085123
-0.099755
-0.077837
-0.091789
-0.093537
-0.086100
-0.097529
-0.102718
-0.095511
-0.095849
-0.102196
-0.100448
-0.101047
-0.101699
-0.098987
-0.099858
-0.096954
-0.094830
-0.103701
-0.095181
-0.097290
-0.101620
-0.097408
-0.103376
-0.097342
-0.101086
-0.101807
-0.100649
-0.102679
-0.102399
-0.104755
-0.102281
-0.104920
-0.103802
-0.104531
-0.105491
-0.105117
-0.105378
-0.104728
-0.104824
-0.104691
-0.104379
-0.106045
-0.104939
-0.103855
-0.104970
-0.103917
-0.103320
-0.105104
-0.101045
-0.105103
-0.102975
-0.102099
-0.105919
-0.102677
-0.102675
-0.105420
-0.103754
-0.102830
-0.103909
0.051219
2.071448
2.956006
0.844830
0.852204
0.654254
-0.003658
0.232899
0.100584
0.072134
0.021737
0.005302
-0.062485
-0.005635
-0.048903
-0.061933
-0.061564
-0.079540
-0.072144
-0.104373
-0.064594
-0.064834
-0.103841
-0.073642
-0.081761
-0.098870
-0.080213
-0.089133
-0.098781
-0.083397
-0.093283
-0.095529
-0.086624
-0.100817
-0.098981
-0.102071
-0.098621
-0.101143
-0.102551
-0.097511
-0.097800
-0.099460
-0.094942
-0.094299
-0.102522
-0.094476
-0.098213
-0.091083
-0.088364
-0.100273
-0.091803
-0.094841
-0.095120
-0.103433
-0.085375
-0.095729
-0.101232
-0.097679
-0.101225
-0.099667
-0.101509
-0.100822
-0.103835
-0.102375
-0.103645
-0.103742
-0.103277
-0.104775
-0.104735
-0.105087
-0.104549
-0.105989
-0.104597
-0.104168
-0.105089
-0.104901
-0.104392
-0.105149
-0.104530
-0.104052
-0.105083
-0.104693
-0.104348
-0.105466
-0.104758
-0.104716
-0.105129
-0.104871
-0.104808
-0.104748
-0.103990
-0.104951
-0.105118
-0.103656
-0.101821
-0.104920
-0.102985
-0.102229
-0.104427
-0.103067
-0.016946
0.464877
0.676494
0.263526
0.183549
0.162772
0.024410
-0.052225
-0.021923
-0.046108
-0.053136
-0.092929
-0.085922
-0.088446
-0.098872
-0.093139
-0.104277
-0.100017
-0.105353
-0.099286
-0.092085
-0.088491
-0.088402
-0.090969
-0.096621
-0.098164
-0.101570
-0.096127
-0.097463
-0.096623
-0.097667
-0.101152
-0.104299
-0.105957
-0.102996
-0.103808
-0.104879
-0.104578
-0.105468
-0.105618
-0.103092
-0.104097
-0.101818
-0.102153
-0.103852
-0.104643
-0.105441
-0.100898
-0.099057
-0.103777
-0.100724
-0.102206
-0.105731
-0.106092
-0.102896
-0.102026
-0.103403
-0.102371
-0.102423
-0.104575
-0.104481
-0.105495
-0.104652
-0.105646
-0.105642
-0.105779
-0.105326
-0.105722
-0.105981
-0.106087
-0.106057
-0.105420
-0.105202
-0.105569
-0.105220
-0.105636
-0.106137
-0.105646
-0.105391
-0.105389
-0.105602
-0.105330
-0.105978
-0.106274
-0.106167
-0.105534
-0.105747
-0.105883
-0.105803
-0.106152
-0.105273
-0.105869
-0.105511
-0.105108
-0.106219
-0.105508
-0.105764
-0.105260
-0.105570
-0.105794
-2.669596
0.324244
-1.955112
-3.420046
-0.106378
-0.106380
0.221029
0.388214
1.071632
-0.346752
-0.106376
-0.106380
0.004147
0.149276
0.417250
-0.368808
-0.106377
-0.106380
-0.252273
1.618654
2.297815
-3.329107
-0.106378
-0.106380
-0.020652
0.889070
1.388114
-1.720237
-0.106378
-0.106380
-0.132385
3.030894
4.644202
-3.960220
-0.106377
-0.106381
5.651383
0.776496
7.202383
4.160140
-0.106377
-0.106379
2.454820
0.042186
0.152613
-0.073836
-0.064151
-0.100842
-0.103775
-0.102360
-0.101849
-0.101866
-0.101396
-0.103155
-0.104525
-0.103264
-0.104276
-0.103610
-0.102846
-0.104040
-0.104037
-0.104172
-0.103254
-0.102903
-0.099182
-0.101613
-0.096893
-0.097057
-0.099826
-0.102879
-0.096017
-0.102617
-0.105858
-0.104304
-0.105210
-0.106238
-0.106276
-0.106087
-0.106230
-0.106202
-0.106254
-0.105996
-0.106205
-0.106184
-0.106017
-0.106269
-0.106244
-0.105934
-0.105856
-0.106060
-0.105573
-0.105926
-0.104846
-0.103624
-0.104198
-0.105683
-0.105399
-0.104217
-0.106001
-0.105747
-0.106043
-0.106138
-0.106269
-0.106269
-0.106135
-0.106238
-0.106124
-0.106082
-0.106153
-0.106133
-0.106061
-0.106274
-0.106093
-0.106123
-0.106186
-0.106114
-0.105897
-0.105956
-0.105299
-0.105667
-0.105438
-0.105849
-0.105952
-0.105549
-0.105948
-0.106311
-0.106007
-0.106036
-0.106143
-0.106096
-0.106081
-0.106095
-0.105990
-0.106080
-0.105906
-0.106303
-0.105968
-0.106179
-0.105887
-0.106287
-0.105874
-0.106124
0.221310
0.232797
-0.030116
-0.085343
-0.098878
-0.099495
-0.102193
-0.105274
-0.102774
-0.103299
-0.103725
-0.104592
-0.104403
-0.105540
-0.105087
-0.104685
-0.105613
-0.105757
-0.105335
-0.106021
-0.105538
-0.105387
-0.104418
-0.104545
-0.103425
-0.097392
-0.102383
-0.103118
-0.099606
-0.101521
-0.105177
-0.104816
-0.104752
-0.105427
-0.104934
-0.105162
-0.105539
-0.105392
-0.105334
-0.105743
-0.105547
-0.105470
-0.105861
-0.105812
-0.105567
-0.105957
-0.105778
-0.105720
-0.105932
-0.105717
-0.105769
-0.105669
-0.103918
-0.105387
-0.104073
-0.104943
-0.106118
-0.105590
-0.105652
-0.105865
-0.105636
-0.105813
-0.105924
-0.105732
-0.105794
-0.105945
-0.105768
-0.105823
-0.105908
-0.105887
-0.105748
-0.106024
-0.105873
-0.105831
-0.106022
-0.105776
-0.105541
-0.105892
-0.105116
-0.105876
-0.105544
-0.106151
-0.105896
-0.105803
-0.105981
-0.105973
-0.105877
-0.106046
-0.105964
-0.105896
-0.106001
-0.105930
-0.105815
-0.106060
-0.105862
-0.106157
-0.105811
-0.106153
-0.105803
-0.105852
0.005010
0.070912
-0.084923
-0.084888
-0.094839
-0.101339
-0.104020
-0.105724
-0.104546
-0.105207
-0.105799
-0.105823
-0.105855
-0.105640
-0.105523
-0.105509
-0.105725
-0.105625
-0.105177
-0.105702
-0.105871
-0.104788
-0.105085
-0.105591
-0.103775
-0.102624
-0.104724
-0.103573
-0.103753
-0.103810
-0.105134
-0.105191
-0.105580
-0.106256
-0.106120
-0.105838
-0.106072
-0.105879
-0.105943
-0.106050
-0.106091
-0.105941
-0.106255
-0.106068
-0.105926
-0.106087
-0.106080
-0.105924
-0.106095
-0.106214
-0.105957
-0.106327
-0.105477
-0.106012
-0.105221
-0.105741
-0.106148
-0.105787
-0.106110
-0.106313
-0.106109
-0.106087
-0.106206
-0.106106
-0.106170
-0.106219
-0.106190
-0.106142
-0.106244
-0.106157
-0.106109
-0.106270
-0.106188
-0.106129
-0.106252
-0.106124
-0.106127
-0.106094
-0.105965
-0.106158
-0.105925
-0.106310
-0.106271
-0.106040
-0.106316
-0.106291
-0.106193
-0.106265
-0.106270
-0.106224
-0.106325
-0.106204
-0.106233
-0.106244
-0.106225
-0.106212
-0.106203
-0.106281
-0.106185
-0.106160
0.031792
1.001533
0.393105
-0.053806
-0.075042
-0.081444
-0.086716
-0.093193
-0.096019
-0.093512
-0.098258
-0.099662
-0.097173
-0.100536
-0.101542
-0.099213
-0.102116
-0.102902
-0.100470
-0.103518
-0.102900
-0.100679
-0.101802
-0.092652
-0.092964
-0.075267
-0.093642
-0.090334
-0.078145
-0.086776
-0.099645
-0.099672
-0.099069
-0.102413
-0.101553
-0.100838
-0.103167
-0.102472
-0.101789
-0.103591
-0.102991
-0.102324
-0.103926
-0.103403
-0.102623
-0.104292
-0.103779
-0.102901
-0.105115
-0.103393
-0.101245
-0.100795
-0.100474
-0.102869
-0.098583
-0.098373
-0.104682
-0.102758
-0.103224
-0.104446
-0.103385
-0.103620
-0.104508
-0.103678
-0.103842
-0.104530
-0.103714
-0.103909
-0.104643
-0.103874
-0.103776
-0.104779
-0.104103
-0.103800
-0.105107
-0.103845
-0.102021
-0.104556
-0.103714
-0.103479
-0.103216
-0.103519
-0.104299
-0.103792
-0.104746
-0.104631
-0.104173
-0.104767
-0.104619
-0.104258
-0.104805
-0.104412
-0.103860
-0.105170
-0.104744
-0.103901
-0.104608
-0.105329
-0.103730
-0.104081
-0.013583
0.555277
0.134733
-0.079536
-0.092654
-0.103392
-0.102936
-0.103624
-0.103863
-0.103860
-0.104314
-0.104476
-0.104376
-0.104849
-0.104820
-0.104822
-0.105049
-0.105153
-0.105027
-0.105135
-0.105108
-0.104841
-0.105724
-0.103574
-0.091115
-0.093096
-0.095294
-0.089801
-0.095538
-0.101103
-0.104728
-0.105307
-0.105282
-0.105508
-0.105466
-0.105489
-0.105659
-0.105616
-0.105586
-0.105738
-0.105667
-0.105705
-0.105785
-0.105767
-0.105640
-0.105774
-0.105757
-0.105714
-0.105718
-0.105231
-0.104111
-0.102933
-0.103248
-0.104499
-0.102069
-0.104903
-0.105881
-0.105765
-0.105838
-0.105905
-0.105860
-0.105905
-0.105957
-0.105909
-0.105913
-0.105969
-0.105920
-0.106146
-0.105949
-0.105896
-0.105686
-0.106069
-0.105996
-0.105972
-0.105979
-0.105903
-0.105937
-0.104878
-0.105209
-0.105460
-0.104077
-0.105982
-0.106063
-0.106010
-0.106046
-0.106039
-0.106014
-0.106074
-0.106051
-0.106025
-0.106049
-0.106065
-0.106094
-0.106138
-0.105459
-0.105580
-0.105356
-0.106082
-0.106133
-0.106068
-0.061174
2.087882
0.205206
0.004672
-0.086137
-0.095973
-0.090535
-0.098447
-0.099162
-0.095750
-0.100698
-0.101328
-0.098033
-0.101768
-0.102553
-0.099262
-0.102532
-0.103162
-0.099636
-0.102737
-0.102924
-0.098830
-0.102235
-0.104632
-0.091997
-0.059733
-0.072499
-0.062001
-0.069387
-0.096084
-0.102129
-0.101220
-0.101215
-0.105404
-0.103140
-0.102532
-0.105300
-0.103770
-0.103083
-0.105288
-0.104050
-0.103394
-0.105306
-0.104270
-0.103259
-0.105374
-0.104154
-0.102958
-0.105114
-0.103935
-0.100960
-0.101333
-0.095816
-0.102355
-0.093307
-0.103254
-0.104989
-0.103372
-0.104098
-0.105981
-0.104259
-0.104580
-0.105767
-0.104533
-0.104759
-0.105663
-0.104569
-0.105103
-0.105766
-0.104476
-0.104273
-0.106040
-0.104756
-0.104385
-0.106135
-0.104286
-0.103839
-0.104144
-0.103172
-0.102883
-0.100989
-0.104514
-0.105364
-0.104274
-0.105391
-0.105431
-0.104790
-0.105580
-0.105348
-0.104931
-0.105718
-0.105077
-0.104928
-0.105862
-0.104797
-0.103430
-0.104479
-0.105407
-0.104800
-0.104635
