-2.297968
1.844606
1.493401
-8.795246
-0.106600
-0.106591
-0.027155
1.022175
4.541082
-3.424696
-0.106592
-0.106586
2.277727
1.484915
5.881173
-4.256065
-0.106601
-0.106580
-0.362329
2.024010
5.507838
-5.422941
-0.106596
-0.106595
-0.076646
5.253190
10.202727
-9.667549
-0.106596
-0.106597
-0.126436
1.384203
3.380560
-3.099126
-0.106595
-0.106596
9.161121
-0.105517
9.162827
9.159543
-0.106595
-0.106599
8.682466
3.272356
14.716583
4.054918
-0.106595
-0.106599
2.080015
0.599614
0.400425
0.491487
0.303479
0.023612
0.280455
0.174816
0.085532
0.000131
0.095481
0.120241
-0.075444
0.151549
0.069004
-0.025567
0.070683
-0.037640
-0.066755
-0.016402
-0.035094
-0.094096
-0.035342
-0.075719
-0.013137
-0.049265
-0.021924
-0.000315
-0.068254
0.002062
-0.069479
-0.040211
-0.056597
-0.081042
-0.075397
-0.092945
-0.074849
-0.086204
-0.102438
-0.079126
-0.072664
-0.104391
-0.064920
-0.075748
-0.093366
-0.073211
-0.092826
-0.095583
-0.091227
-0.089177
-0.094516
-0.095772
-0.088263
-0.095510
-0.101944
-0.100284
-0.105428
-0.102920
-0.098758
-0.098333
-0.103361
-0.100261
-0.093970
-0.099324
-0.100235
-0.102060
-0.095684
-0.099535
-0.098348
-0.090242
-0.100937
-0.096625
-0.094390
-0.104281
-0.100727
-0.097987
-0.101776
-0.102649
-0.099114
-0.104147
-0.097768
-0.104557
-0.096645
-0.100159
-0.097755
-0.095249
-0.102840
-0.095628
-0.102731
-0.101103
-0.102778
-0.102704
-0.099533
-0.101958
-0.104877
-0.100303
-0.100779
-0.103841
-0.099341
-0.099446
-0.027908
0.237326
0.201922
0.024583
-0.035161
-0.001986
0.012270
-0.039087
0.061843
0.035982
0.132926
0.142630
0.052834
0.138082
0.062819
-0.030307
0.031306
-0.058896
-0.045962
-0.046909
-0.061985
-0.005465
-0.054173
-0.030355
-0.046604
-0.060578
-0.048826
-0.073260
-0.044310
-0.083467
-0.054990
-0.084965
-0.064131
-0.076934
-0.072561
-0.068594
-0.095838
-0.080209
-0.095219
-0.086943
-0.081980
-0.095561
-0.074152
-0.076332
-0.084567
-0.075287
-0.087223
-0.090834
-0.091723
-0.103345
-0.100963
-0.104500
-0.103518
-0.103884
-0.103188
-0.104820
-0.105165
-0.104631
-0.103834
-0.104967
-0.104147
-0.102985
-0.103200
-0.104946
-0.103226
-0.100310
-0.095149
-0.096851
-0.096241
-0.093648
-0.098157
-0.098702
-0.097570
-0.104436
-0.100311
-0.102824
-0.101173
-0.098635
-0.102022
-0.099524
-0.103263
-0.100890
-0.102376
-0.101422
-0.100592
-0.103340
-0.101062
-0.104630
-0.101526
-0.104500
-0.102101
-0.103422
-0.103943
-0.102730
-0.105224
-0.103598
-0.103206
-0.105039
-0.103959
-0.103181
2.276412
0.263395
0.289299
0.027811
0.348458
0.387294
0.185269
0.163188
0.186491
0.150324
-0.010099
-0.018537
0.028282
-0.027971
-0.073028
0.007802
-0.021464
-0.044979
0.001895
-0.006399
-0.045234
-0.004268
0.005531
-0.048223
0.008181
-0.021894
-0.034737
-0.021828
-0.049356
-0.030031
-0.058833
-0.033807
-0.046988
-0.069428
-0.045342
-0.076273
-0.076847
-0.069646
-0.081221
-0.090532
-0.079563
-0.087349
-0.100328
-0.086327
-0.091806
-0.102627
-0.088764
-0.086114
-0.091893
-0.092343
-0.087898
-0.084331
-0.094695
-0.100512
-0.098469
-0.103877
-0.105666
-0.105511
-0.103656
-0.102853
-0.094937
-0.096490
-0.097798
-0.093656
-0.093297
-0.096647
-0.104471
-0.097846
-0.097543
-0.102924
-0.100494
-0.097808
-0.103427
-0.100177
-0.097276
-0.101181
-0.101434
-0.095543
-0.099038
-0.098546
-0.093030
-0.097963
-0.096276
-0.096943
-0.098227
-0.097979
-0.100005
-0.096441
-0.100819
-0.099718
-0.097435
-0.102097
-0.099644
-0.098033
-0.100441
-0.102007
-0.101508
-0.102600
-0.105628
-0.105426
0.148051
0.508404
0.745190
0.172188
0.409008
0.390612
0.068687
0.162970
0.314985
0.131374
0.185018
0.178726
0.008461
0.027210
0.010097
-0.063240
-0.075976
-0.053406
-0.058295
-0.100850
-0.091003
-0.090926
-0.082338
-0.088996
-0.092956
-0.081919
-0.096862
-0.095716
-0.093989
-0.099015
-0.093976
-0.091891
-0.101768
-0.094541
-0.097496
-0.102594
-0.104525
-0.101982
-0.095575
-0.099925
-0.100960
-0.097099
-0.092149
-0.097778
-0.091375
-0.083700
-0.089232
-0.087289
-0.085739
-0.098219
-0.096323
-0.095582
-0.101945
-0.100218
-0.100112
-0.104955
-0.105920
-0.104903
-0.103758
-0.103400
-0.099146
-0.101556
-0.104178
-0.098837
-0.098445
-0.099882
-0.095719
-0.098548
-0.101542
-0.099647
-0.102992
-0.105450
-0.103731
-0.103257
-0.105673
-0.104447
-0.104774
-0.106172
-0.104988
-0.105477
-0.105508
-0.104788
-0.105818
-0.105715
-0.105348
-0.105029
-0.105421
-0.105892
-0.105617
-0.105259
-0.105747
-0.104664
-0.105779
-0.105732
-0.105534
-0.104923
-0.104455
-0.103781
-0.102938
-0.103339
-0.075454
1.844448
2.690315
0.944331
0.640801
0.737949
0.058801
0.143054
0.148277
0.114489
0.034454
-0.006837
0.004931
0.001250
-0.025447
-0.034793
-0.057517
-0.065222
-0.049930
-0.089987
-0.067086
-0.062532
-0.102539
-0.073769
-0.080533
-0.104108
-0.088328
-0.093521
-0.101293
-0.094577
-0.097704
-0.100829
-0.091109
-0.099758
-0.096684
-0.089076
-0.101229
-0.097787
-0.096037
-0.104873
-0.098787
-0.100376
-0.097563
-0.096552
-0.099078
-0.098098
-0.095296
-0.096880
-0.099020
-0.101584
-0.098436
-0.091560
-0.104164
-0.088172
-0.088324
-0.103511
-0.102063
-0.098671
-0.093639
-0.105746
-0.092492
-0.096183
-0.104052
-0.100356
-0.102039
-0.102893
-0.104844
-0.103728
-0.102473
-0.103405
-0.104542
-0.103491
-0.105201
-0.105193
-0.104801
-0.105716
-0.104626
-0.105192
-0.104881
-0.104161
-0.105494
-0.104327
-0.104422
-0.105618
-0.102701
-0.105047
-0.104751
-0.104745
-0.104736
-0.105507
-0.103924
-0.103034
-0.105760
-0.105040
-0.105066
-0.105384
-0.105155
-0.105328
-0.104132
-0.104219
-0.086723
0.308215
0.634212
0.391780
0.077951
0.082272
0.026925
0.005801
-0.030462
-0.055858
-0.064897
-0.040170
-0.060325
-0.057777
-0.048010
-0.043297
-0.074003
-0.049639
-0.071549
-0.079102
-0.084927
-0.086701
-0.089329
-0.089646
-0.095901
-0.092752
-0.096327
-0.100696
-0.096070
-0.102273
-0.098107
-0.100661
-0.098487
-0.096911
-0.100507
-0.099410
-0.098496
-0.100083
-0.098345
-0.096213
-0.098804
-0.095827
-0.100842
-0.100237
-0.099740
-0.099108
-0.102487
-0.103808
-0.101484
-0.099635
-0.102154
-0.103711
-0.102655
-0.099300
-0.102022
-0.104491
-0.104275
-0.103794
-0.101488
-0.102368
-0.102530
-0.103244
-0.104250
-0.104726
-0.104477
-0.103857
-0.104665
-0.104917
-0.104093
-0.103460
-0.103614
-0.104275
-0.104166
-0.103519
-0.104364
-0.104358
-0.105244
-0.104948
-0.105156
-0.105159
-0.105566
-0.105375
-0.105809
-0.106246
-0.105877
-0.105622
-0.105943
-0.106066
-0.105089
-0.104723
-0.106534
-0.104675
-0.105206
-0.105984
-0.105473
-0.105508
-0.106050
-0.105385
-0.105616
-0.104745
-2.761837
0.252021
-2.217489
-3.388328
-0.106596
-0.106599
0.227870
0.288643
0.890636
-0.228854
-0.106595
-0.106599
0.140360
0.158510
0.574380
-0.252788
-0.106596
-0.106599
-0.257584
1.134443
1.720416
-2.721028
-0.106597
-0.106598
-0.061596
0.588568
0.961713
-1.265035
-0.106597
-0.106599
-0.120304
2.451959
3.444019
-3.095161
-0.106595
-0.106600
6.057151
0.565753
7.100536
4.803556
-0.106596
-0.106598
2.549833
0.015324
0.105896
-0.060901
-0.069877
-0.093052
-0.100729
-0.101704
-0.104243
-0.101372
-0.100440
-0.104858
-0.103735
-0.104095
-0.103771
-0.105597
-0.103871
-0.104337
-0.105854
-0.105065
-0.105821
-0.104858
-0.105659
-0.105170
-0.104101
-0.102612
-0.100801
-0.097532
-0.104840
-0.104981
-0.097149
-0.104848
-0.101619
-0.105885
-0.104593
-0.105968
-0.105232
-0.105633
-0.105936
-0.105116
-0.105955
-0.105391
-0.105845
-0.105453
-0.105632
-0.105818
-0.105352
-0.105877
-0.105393
-0.105767
-0.105365
-0.105351
-0.105675
-0.105307
-0.105846
-0.104893
-0.105830
-0.106197
-0.105537
-0.104737
-0.105700
-0.105197
-0.105774
-0.105860
-0.105705
-0.106122
-0.105701
-0.106119
-0.105895
-0.106031
-0.106026
-0.105906
-0.106199
-0.105839
-0.106210
-0.106005
-0.106087
-0.106096
-0.105836
-0.106353
-0.105687
-0.106073
-0.105758
-0.105828
-0.106050
-0.105528
-0.105857
-0.106248
-0.106299
-0.105954
-0.105908
-0.105955
-0.106344
-0.105850
-0.106354
-0.105997
-0.106118
-0.106107
-0.106004
-0.106278
0.226484
0.159359
-0.031208
-0.071931
-0.096664
-0.105871
-0.104710
-0.105130
-0.103915
-0.104538
-0.104271
-0.105441
-0.104823
-0.106073
-0.104756
-0.105430
-0.105650
-0.105179
-0.105664
-0.105919
-0.106081
-0.105083
-0.105607
-0.105141
-0.104766
-0.103305
-0.103316
-0.099015
-0.105714
-0.101073
-0.102428
-0.105328
-0.104823
-0.106509
-0.106054
-0.106169
-0.106261
-0.106360
-0.106380
-0.106327
-0.106449
-0.106329
-0.106335
-0.106396
-0.106324
-0.106520
-0.106258
-0.106324
-0.106301
-0.106286
-0.106550
-0.106218
-0.106268
-0.106268
-0.106047
-0.104953
-0.105867
-0.105366
-0.105264
-0.106313
-0.106088
-0.106227
-0.106520
-0.106266
-0.106410
-0.106335
-0.106275
-0.106477
-0.106346
-0.106436
-0.106358
-0.106400
-0.106448
-0.106347
-0.106502
-0.106401
-0.106417
-0.106355
-0.106316
-0.106500
-0.106190
-0.106588
-0.106441
-0.106111
-0.106086
-0.106239
-0.105930
-0.106489
-0.106168
-0.106307
-0.106299
-0.106260
-0.106428
-0.106335
-0.106475
-0.106304
-0.106400
-0.106384
-0.106328
-0.106439
0.140462
0.070050
-0.048191
-0.091956
-0.100290
-0.103080
-0.104830
-0.104993
-0.105167
-0.105773
-0.104997
-0.105134
-0.106494
-0.105268
-0.105919
-0.105560
-0.106016
-0.105932
-0.105853
-0.106432
-0.105962
-0.106012
-0.106468
-0.106206
-0.105934
-0.104590
-0.105181
-0.101167
-0.105251
-0.104347
-0.102481
-0.106243
-0.106149
-0.106470
-0.106462
-0.106280
-0.106284
-0.106339
-0.106325
-0.106511
-0.106375
-0.106531
-0.106317
-0.106551
-0.106285
-0.106393
-0.106459
-0.106546
-0.106539
-0.106352
-0.106497
-0.106503
-0.106376
-0.106249
-0.106035
-0.105563
-0.105863
-0.106350
-0.105580
-0.106343
-0.106387
-0.106541
-0.106475
-0.106473
-0.106492
-0.106567
-0.106536
-0.106479
-0.106443
-0.106510
-0.106503
-0.106522
-0.106520
-0.106545
-0.106509
-0.106486
-0.106513
-0.106471
-0.106541
-0.106510
-0.106572
-0.106457
-0.106214
-0.106250
-0.106272
-0.106336
-0.106385
-0.106288
-0.106346
-0.106444
-0.106484
-0.106531
-0.106512
-0.106516
-0.106517
-0.106560
-0.106577
-0.106524
-0.106541
-0.106501
0.040914
0.681273
0.200946
0.105322
-0.039349
-0.101236
-0.095579
-0.098430
-0.099800
-0.100508
-0.101700
-0.101807
-0.102430
-0.102735
-0.102806
-0.103169
-0.103233
-0.103243
-0.103675
-0.103064
-0.103625
-0.103229
-0.102308
-0.102991
-0.099131
-0.084399
-0.099136
-0.079156
-0.095128
-0.097185
-0.090667
-0.098412
-0.097377
-0.104338
-0.103757
-0.105341
-0.104975
-0.105505
-0.105545
-0.105523
-0.105690
-0.105606
-0.105703
-0.105736
-0.105677
-0.105835
-0.105737
-0.105766
-0.105980
-0.105731
-0.106331
-0.105851
-0.105311
-0.104299
-0.104167
-0.099954
-0.102793
-0.104045
-0.102299
-0.105846
-0.103728
-0.105845
-0.105802
-0.105359
-0.105869
-0.105547
-0.105688
-0.105685
-0.105634
-0.105701
-0.105652
-0.105657
-0.105691
-0.105628
-0.105679
-0.105671
-0.105566
-0.105734
-0.105388
-0.105756
-0.105131
-0.106093
-0.105445
-0.105555
-0.103273
-0.105693
-0.105683
-0.105076
-0.104313
-0.106148
-0.105553
-0.105751
-0.105449
-0.105710
-0.105731
-0.105627
-0.105759
-0.105659
-0.105704
-0.105708
-0.057859
0.357223
0.047666
-0.060659
-0.100411
-0.096681
-0.099069
-0.101850
-0.101297
-0.103068
-0.102995
-0.103392
-0.104249
-0.103646
-0.104865
-0.104091
-0.104781
-0.104821
-0.104602
-0.105617
-0.104510
-0.105717
-0.104818
-0.105029
-0.104892
-0.104384
-0.096542
-0.097364
-0.099501
-0.099008
-0.100066
-0.100090
-0.105397
-0.104145
-0.105698
-0.104876
-0.105387
-0.105398
-0.105241
-0.105760
-0.105279
-0.105782
-0.105472
-0.105646
-0.105751
-0.105522
-0.105961
-0.105529
-0.105975
-0.105699
-0.105769
-0.106071
-0.105579
-0.106279
-0.106060
-0.105024
-0.102962
-0.104953
-0.105126
-0.105364
-0.105523
-0.106330
-0.105702
-0.105937
-0.106007
-0.105813
-0.106123
-0.105815
-0.106066
-0.105919
-0.105941
-0.106047
-0.105859
-0.106122
-0.105866
-0.106051
-0.105955
-0.105905
-0.106120
-0.105756
-0.106243
-0.105506
-0.105900
-0.106018
-0.105622
-0.105921
-0.105472
-0.105127
-0.105858
-0.105904
-0.106021
-0.106078
-0.105924
-0.106254
-0.105926
-0.106189
-0.106019
-0.106059
-0.106146
-0.105978
-0.077796
1.683040
0.086591
0.076176
-0.088227
-0.095379
-0.096553
-0.098570
-0.099732
-0.100290
-0.101181
-0.101532
-0.101826
-0.102399
-0.102444
-0.102862
-0.102940
-0.103120
-0.103394
-0.103417
-0.103667
-0.103690
-0.103788
-0.103970
-0.104600
-0.094227
-0.095230
-0.063407
-0.077784
-0.073329
-0.085721
-0.100376
-0.103009
-0.105663
-0.105808
-0.105667
-0.105531
-0.105503
-0.105486
-0.105412
-0.105470
-0.105355
-0.105416
-0.105393
-0.105368
-0.105413
-0.105316
-0.105386
-0.105336
-0.105289
-0.105328
-0.105129
-0.104788
-0.103639
-0.101336
-0.100456
-0.096978
-0.105304
-0.098240
-0.104680
-0.104372
-0.105160
-0.105470
-0.105493
-0.105471
-0.105480
-0.105469
-0.105531
-0.105502
-0.105552
-0.105541
-0.105540
-0.105580
-0.105550
-0.105602
-0.105576
-0.105596
-0.105632
-0.105608
-0.105685
-0.105715
-0.105610
-0.104689
-0.105378
-0.100776
-0.104593
-0.102993
-0.105565
-0.105137
-0.105952
-0.104678
-0.105418
-0.105556
-0.105538
-0.105564
-0.105523
-0.105555
-0.105543
-0.105536
-0.105564
