-1.069303
1.760836
3.359983
-7.479922
-0.115219
-0.115212
-0.193994
0.888970
4.249018
-2.122223
-0.115212
-0.115206
2.523107
1.397731
7.261986
-3.251103
-0.115219
-0.115203
-0.351386
1.556303
3.851221
-5.521800
-0.115217
-0.115213
-0.127956
5.390972
10.381015
-9.517355
-0.115216
-0.115217
-0.115428
1.412367
3.367751
-3.337041
-0.115216
-0.115216
10.292251
-0.114758
10.293193
10.291253
-0.115216
-0.115216
7.149501
3.059035
12.516859
2.666573
-0.115216
-0.115219
0.833981
0.597589
0.375206
0.425070
0.249047
0.036634
0.302597
0.082537
0.113870
0.059651
0.112814
0.105509
0.021369
0.133570
-0.039075
-0.004832
-0.027082
-0.078990
-0.055408
-0.066996
-0.066161
-0.036056
-0.073530
-0.068825
-0.040636
-0.084204
-0.062538
-0.044719
-0.064279
-0.082607
-0.062153
-0.085069
-0.094347
-0.076157
-0.091326
-0.098133
-0.088432
-0.099555
-0.100029
-0.096278
-0.110008
-0.075540
-0.091026
-0.089754
-0.086032
-0.104608
-0.098207
-0.103716
-0.094475
-0.107805
-0.100340
-0.100465
-0.109407
-0.113199
-0.114212
-0.109011
-0.109140
-0.108474
-0.108314
-0.114320
-0.103541
-0.106485
-0.107396
-0.105931
-0.106005
-0.104242
-0.109293
-0.100842
-0.108183
-0.106300
-0.106790
-0.113137
-0.110681
-0.111885
-0.110689
-0.107785
-0.110864
-0.111247
-0.107080
-0.111661
-0.109931
-0.106804
-0.108904
-0.108643
-0.107625
-0.110929
-0.113100
-0.110274
-0.111803
-0.112849
-0.109251
-0.111283
-0.113543
-0.112249
-0.114771
-0.111079
-0.111964
-0.113550
-0.112669
-0.114187
-0.036311
0.143419
0.112948
-0.025127
-0.082279
-0.043835
-0.022342
0.072623
0.075922
0.035062
0.144306
0.052578
0.068686
0.083656
-0.035037
0.041470
-0.009471
-0.033190
0.015241
-0.063507
-0.030241
-0.079495
-0.074228
-0.084777
-0.077515
-0.085493
-0.099903
-0.103276
-0.105550
-0.099341
-0.089183
-0.096285
-0.089625
-0.107832
-0.084139
-0.100140
-0.074867
-0.086949
-0.089076
-0.080031
-0.099274
-0.083717
-0.085960
-0.094521
-0.084040
-0.095904
-0.096022
-0.098180
-0.113851
-0.108736
-0.112691
-0.112007
-0.111264
-0.111822
-0.114711
-0.115053
-0.113385
-0.114129
-0.113643
-0.112746
-0.111262
-0.109806
-0.107615
-0.110945
-0.102821
-0.105454
-0.104941
-0.102119
-0.109230
-0.103586
-0.106630
-0.108601
-0.103571
-0.109237
-0.105804
-0.108705
-0.110304
-0.110305
-0.111311
-0.110183
-0.113086
-0.112104
-0.112892
-0.113799
-0.111272
-0.113253
-0.111447
-0.112744
-0.111898
-0.112914
-0.110466
-0.110001
-0.111423
-0.108838
-0.111593
-0.111037
-0.110844
-0.110462
-0.109737
-0.110128
2.521377
0.237160
0.312565
-0.003754
0.369068
0.364094
0.104278
0.114146
0.129843
0.073726
-0.082138
-0.006371
0.044454
-0.063215
0.013954
0.050032
-0.056292
0.002480
0.006475
-0.078450
-0.019782
-0.037015
-0.087119
-0.043167
-0.105292
-0.069241
-0.080112
-0.109924
-0.087976
-0.083265
-0.114508
-0.076253
-0.092233
-0.086058
-0.074526
-0.108635
-0.076469
-0.081958
-0.100569
-0.079358
-0.089169
-0.105896
-0.090358
-0.104670
-0.105647
-0.099457
-0.100520
-0.104260
-0.105814
-0.098356
-0.099633
-0.113759
-0.105588
-0.109418
-0.113894
-0.111126
-0.112906
-0.113325
-0.104851
-0.103074
-0.111002
-0.106710
-0.106694
-0.108829
-0.114244
-0.109971
-0.107905
-0.110016
-0.110465
-0.105414
-0.111821
-0.108437
-0.106495
-0.112498
-0.108622
-0.108106
-0.114559
-0.109525
-0.112821
-0.111576
-0.111354
-0.114565
-0.112420
-0.111539
-0.113555
-0.112052
-0.111119
-0.114451
-0.111148
-0.115117
-0.109117
-0.109279
-0.112745
-0.109332
-0.111059
-0.114236
-0.112302
-0.112491
-0.112207
-0.113239
0.120393
0.366671
0.453689
0.141626
0.359281
0.283973
-0.003173
0.240535
0.261634
0.037471
0.080826
-0.004610
-0.078383
-0.055655
-0.053745
-0.042769
-0.064561
-0.086057
-0.048081
-0.092620
-0.087457
-0.097868
-0.093877
-0.100154
-0.092631
-0.095956
-0.105657
-0.110084
-0.111414
-0.104584
-0.101093
-0.105547
-0.102864
-0.108807
-0.108704
-0.110075
-0.098116
-0.107694
-0.104890
-0.102926
-0.106693
-0.108788
-0.108693
-0.107821
-0.103417
-0.106519
-0.096666
-0.096736
-0.106852
-0.101076
-0.104900
-0.110836
-0.111049
-0.111732
-0.114078
-0.113944
-0.112695
-0.111681
-0.109946
-0.110708
-0.114374
-0.107480
-0.104399
-0.109137
-0.106851
-0.109971
-0.114591
-0.112841
-0.112957
-0.112343
-0.113027
-0.113983
-0.111892
-0.112908
-0.114028
-0.113252
-0.114197
-0.114171
-0.114080
-0.113751
-0.114329
-0.114326
-0.113500
-0.113510
-0.112330
-0.113733
-0.113995
-0.114054
-0.114451
-0.114713
-0.113087
-0.113763
-0.113883
-0.112421
-0.113958
-0.114028
-0.111977
-0.111769
-0.114578
-0.112956
-0.104248
1.933686
2.798042
0.825808
0.735715
0.633373
0.007293
0.151243
0.088499
0.020557
0.015774
-0.016974
-0.001002
-0.024933
-0.016852
-0.023785
-0.093414
-0.042708
-0.072249
-0.089970
-0.074213
-0.082337
-0.106512
-0.091995
-0.095920
-0.107573
-0.098874
-0.104492
-0.102570
-0.107194
-0.105138
-0.103731
-0.113412
-0.103541
-0.103185
-0.107920
-0.106450
-0.101715
-0.111836
-0.104112
-0.103581
-0.106334
-0.103493
-0.109209
-0.106212
-0.107929
-0.106264
-0.106733
-0.110364
-0.100477
-0.098658
-0.110381
-0.093280
-0.106423
-0.108561
-0.107723
-0.100438
-0.105131
-0.105604
-0.101892
-0.113592
-0.107561
-0.109055
-0.112075
-0.111702
-0.112011
-0.111905
-0.111782
-0.112625
-0.111266
-0.113964
-0.112107
-0.112775
-0.114274
-0.112608
-0.113000
-0.114806
-0.113121
-0.113646
-0.114259
-0.113575
-0.113757
-0.113993
-0.114042
-0.113872
-0.114237
-0.114616
-0.113163
-0.113484
-0.113811
-0.113463
-0.112531
-0.113102
-0.112793
-0.110955
-0.114237
-0.111014
-0.112824
-0.113662
-0.113272
-0.114990
0.320217
0.613003
0.379691
0.184813
0.035021
0.007482
0.050592
-0.058908
-0.037786
-0.029872
-0.060754
-0.037225
-0.051604
-0.049376
-0.063921
-0.086640
-0.094541
-0.104404
-0.094391
-0.097762
-0.092428
-0.101487
-0.098918
-0.106580
-0.104695
-0.111168
-0.111919
-0.114232
-0.109023
-0.110462
-0.107616
-0.109136
-0.107364
-0.107753
-0.108483
-0.109185
-0.112555
-0.111995
-0.109019
-0.107465
-0.107406
-0.107113
-0.109319
-0.108717
-0.109279
-0.113275
-0.107592
-0.110425
-0.111980
-0.108494
-0.108753
-0.108928
-0.112845
-0.113404
-0.113565
-0.111557
-0.110991
-0.111281
-0.111245
-0.112015
-0.111148
-0.113392
-0.112558
-0.111746
-0.113699
-0.112507
-0.112745
-0.112702
-0.112958
-0.113611
-0.113955
-0.114765
-0.114209
-0.114481
-0.113721
-0.114418
-0.113986
-0.114336
-0.114084
-0.114264
-0.114606
-0.114371
-0.114764
-0.114481
-0.114870
-0.114591
-0.113808
-0.114699
-0.113973
-0.113813
-0.114602
-0.114909
-0.114220
-0.114993
-0.113345
-0.113007
-0.113900
-0.114140
-0.113686
-2.513417
0.271580
-1.908977
-3.198067
-0.115216
-0.115219
0.679969
0.311788
1.608739
0.187262
-0.115214
-0.115218
-0.004306
0.084431
0.288778
-0.302491
-0.115216
-0.115220
-0.403203
2.354023
2.887596
-4.464292
-0.115217
-0.115219
-0.153436
0.629234
1.099017
-1.304170
-0.115216
-0.115219
-0.030552
2.632268
3.671120
-3.175395
-0.115216
-0.115220
6.938087
0.581022
8.143780
5.309482
-0.115216
-0.115218
2.282077
-0.077658
0.131323
-0.027947
-0.084964
-0.085076
-0.093279
-0.097597
-0.097427
-0.101124
-0.103198
-0.102813
-0.105250
-0.104703
-0.106229
-0.106810
-0.106750
-0.107442
-0.107819
-0.106812
-0.110042
-0.101167
-0.110840
-0.106377
-0.105688
-0.111103
-0.112695
-0.111717
-0.112319
-0.112502
-0.112311
-0.112789
-0.112612
-0.112737
-0.112820
-0.112980
-0.112869
-0.112995
-0.113104
-0.112999
-0.113205
-0.113028
-0.111699
-0.111836
-0.114355
-0.113535
-0.113480
-0.112120
-0.113862
-0.113710
-0.113830
-0.113988
-0.113885
-0.113907
-0.113967
-0.113941
-0.113946
-0.114016
-0.113897
-0.114040
-0.114015
-0.113941
-0.114079
-0.113955
-0.114017
-0.114622
-0.114287
-0.113865
-0.113491
-0.114270
-0.115050
-0.114509
-0.114200
-0.114353
-0.114259
-0.114253
-0.114326
-0.114243
-0.114276
-0.114294
-0.114280
-0.114282
-0.114311
-0.114283
-0.114316
-0.114392
-0.114285
-0.114179
-0.114193
-0.114501
-0.114379
-0.114542
-0.114306
-0.114292
-0.114290
-0.114352
-0.114367
-0.114328
-0.114353
-0.114349
0.680452
0.168329
-0.026380
-0.091205
-0.109836
-0.110791
-0.109767
-0.109657
-0.108480
-0.108362
-0.108563
-0.108178
-0.108452
-0.108127
-0.107882
-0.107782
-0.107600
-0.107988
-0.107665
-0.109603
-0.109544
-0.107773
-0.101018
-0.105717
-0.106780
-0.108127
-0.109156
-0.109623
-0.109875
-0.109951
-0.109953
-0.110256
-0.110235
-0.110447
-0.110713
-0.110685
-0.110957
-0.111014
-0.110977
-0.111276
-0.111138
-0.111123
-0.111081
-0.110414
-0.111700
-0.113735
-0.114584
-0.112893
-0.112638
-0.112468
-0.112497
-0.112593
-0.112613
-0.112623
-0.112728
-0.112726
-0.112800
-0.112854
-0.112841
-0.112917
-0.112920
-0.112946
-0.113048
-0.113010
-0.113242
-0.113168
-0.112910
-0.112871
-0.113171
-0.112914
-0.113170
-0.113338
-0.113279
-0.113339
-0.113319
-0.113322
-0.113369
-0.113353
-0.113391
-0.113419
-0.113401
-0.113444
-0.113437
-0.113432
-0.113488
-0.113439
-0.113405
-0.113421
-0.113398
-0.113838
-0.114024
-0.113928
-0.113531
-0.113566
-0.113532
-0.113540
-0.113570
-0.113549
-0.113563
-0.113577
-0.004381
0.018228
-0.089359
-0.084873
-0.106217
-0.107080
-0.109258
-0.109000
-0.109322
-0.112257
-0.110997
-0.111768
-0.112383
-0.112133
-0.112725
-0.113045
-0.113456
-0.113908
-0.113329
-0.114913
-0.111954
-0.112757
-0.111747
-0.113372
-0.111541
-0.115019
-0.112911
-0.113940
-0.113954
-0.114063
-0.113975
-0.113850
-0.114229
-0.114063
-0.114063
-0.114186
-0.114079
-0.114084
-0.114115
-0.114220
-0.114295
-0.113987
-0.114508
-0.113736
-0.114638
-0.114236
-0.115041
-0.114236
-0.114719
-0.114394
-0.114480
-0.114502
-0.114504
-0.114501
-0.114399
-0.114497
-0.114461
-0.114457
-0.114478
-0.114521
-0.114448
-0.114465
-0.114523
-0.114524
-0.114441
-0.114486
-0.114446
-0.114377
-0.114444
-0.114403
-0.114610
-0.114452
-0.114554
-0.114564
-0.114552
-0.114538
-0.114560
-0.114574
-0.114559
-0.114559
-0.114581
-0.114548
-0.114577
-0.114580
-0.114588
-0.114601
-0.114545
-0.114655
-0.114510
-0.114762
-0.114598
-0.114766
-0.114559
-0.114670
-0.114588
-0.114615
-0.114619
-0.114611
-0.114608
-0.114593
0.181237
1.455599
0.570867
0.081624
-0.019850
-0.015560
-0.031908
-0.043261
-0.053051
-0.060522
-0.067094
-0.072641
-0.077041
-0.081456
-0.085022
-0.088373
-0.091426
-0.094219
-0.097407
-0.101580
-0.097781
-0.087891
-0.073061
-0.107031
-0.079927
-0.078263
-0.090035
-0.097288
-0.097644
-0.098816
-0.099374
-0.100061
-0.100433
-0.100825
-0.101234
-0.101380
-0.101713
-0.101878
-0.102062
-0.102193
-0.102257
-0.102279
-0.102357
-0.098984
-0.108102
-0.101494
-0.106157
-0.106469
-0.102912
-0.103552
-0.104058
-0.104117
-0.104294
-0.104386
-0.104555
-0.104602
-0.104768
-0.104868
-0.104955
-0.105108
-0.105173
-0.105342
-0.105442
-0.105819
-0.106342
-0.105626
-0.101924
-0.104500
-0.105971
-0.102261
-0.104233
-0.105424
-0.105860
-0.105749
-0.105859
-0.105886
-0.105977
-0.106015
-0.106064
-0.106135
-0.106140
-0.106212
-0.106230
-0.106283
-0.106320
-0.106251
-0.105864
-0.106020
-0.106250
-0.107087
-0.106058
-0.107375
-0.106629
-0.106457
-0.106543
-0.106540
-0.106557
-0.106562
-0.106564
-0.106581
-0.077603
0.098083
0.337030
-0.015743
-0.050391
-0.062221
-0.074358
-0.080681
-0.084300
-0.089856
-0.091915
-0.094263
-0.097475
-0.097844
-0.100125
-0.102003
-0.101639
-0.104517
-0.105057
-0.105769
-0.106471
-0.088879
-0.106625
-0.103076
-0.103721
-0.100190
-0.109216
-0.108996
-0.108771
-0.110479
-0.110080
-0.110471
-0.111283
-0.110847
-0.111536
-0.111726
-0.111447
-0.112231
-0.111929
-0.111884
-0.112730
-0.111561
-0.111579
-0.109428
-0.112810
-0.114147
-0.111734
-0.109484
-0.113662
-0.113908
-0.113329
-0.113960
-0.113822
-0.113680
-0.114103
-0.113834
-0.113940
-0.114157
-0.113879
-0.114175
-0.114153
-0.113956
-0.114439
-0.114034
-0.114124
-0.114983
-0.113442
-0.113560
-0.113070
-0.114669
-0.113610
-0.114842
-0.114152
-0.114351
-0.114515
-0.114280
-0.114498
-0.114440
-0.114358
-0.114558
-0.114396
-0.114447
-0.114576
-0.114368
-0.114555
-0.114612
-0.114318
-0.114611
-0.113842
-0.114351
-0.114429
-0.114319
-0.114028
-0.114786
-0.114450
-0.114504
-0.114664
-0.114496
-0.114570
-0.114615
-0.021542
1.762219
0.153193
0.143162
0.053228
0.009729
-0.011894
-0.028396
-0.043226
-0.050491
-0.059356
-0.067026
-0.070395
-0.077410
-0.081344
-0.083742
-0.089930
-0.091093
-0.093798
-0.101454
-0.095886
-0.104207
-0.067219
-0.105527
-0.070864
-0.097720
-0.094946
-0.095250
-0.098803
-0.098864
-0.099007
-0.100897
-0.100257
-0.100800
-0.101798
-0.100960
-0.101917
-0.102135
-0.101443
-0.102739
-0.102045
-0.101613
-0.103849
-0.099769
-0.108346
-0.099256
-0.108037
-0.102133
-0.105312
-0.103849
-0.103523
-0.104436
-0.103770
-0.104088
-0.104476
-0.103995
-0.104573
-0.104534
-0.104330
-0.104967
-0.104572
-0.104741
-0.105252
-0.104521
-0.105140
-0.105318
-0.103562
-0.103475
-0.104731
-0.102712
-0.105044
-0.105298
-0.104811
-0.105457
-0.105455
-0.105272
-0.105740
-0.105518
-0.105594
-0.105870
-0.105583
-0.105854
-0.105902
-0.105652
-0.106055
-0.105829
-0.105581
-0.106225
-0.105372
-0.107171
-0.105244
-0.107391
-0.105687
-0.106488
-0.106059
-0.106048
-0.106308
-0.106047
-0.106174
-0.106252
