-2.335782
1.989234
3.992662
-9.753757
-0.107101
-0.107093
-0.048170
1.067989
3.208582
-3.495967
-0.107097
-0.107095
2.291192
1.538764
6.877254
-3.655278
-0.107100
-0.107089
-0.490906
1.902901
4.163924
-4.755585
-0.107098
-0.107100
-0.000915
5.528745
10.402311
-9.420134
-0.107098
-0.107100
-0.157499
1.672400
3.323094
-3.490267
-0.107098
-0.107099
8.274374
-0.106344
8.276229
8.273016
-0.107097
-0.107098
8.925046
3.529894
15.093034
3.695926
-0.107098
-0.107101
2.115918
0.607994
0.364337
0.460024
0.226667
0.064810
0.325422
0.147959
0.115478
0.046264
0.144249
0.146803
0.057117
0.230485
0.098735
0.137534
0.153415
0.027794
0.053511
0.054325
-0.056393
0.038556
-0.027028
0.006136
0.020865
-0.022530
0.024515
-0.027107
0.009928
-0.049012
-0.001668
-0.060770
-0.039394
-0.048369
-0.073093
-0.046391
-0.071246
-0.059256
-0.043710
-0.067113
-0.051779
-0.050633
-0.086841
-0.065251
-0.083160
-0.095145
-0.093024
-0.089858
-0.089191
-0.100895
-0.091230
-0.099201
-0.104950
-0.097581
-0.103143
-0.104144
-0.097468
-0.095375
-0.099371
-0.100523
-0.092417
-0.099211
-0.098270
-0.099532
-0.094564
-0.097347
-0.091554
-0.086799
-0.096079
-0.084568
-0.090768
-0.096955
-0.090951
-0.097369
-0.098740
-0.091715
-0.103718
-0.089679
-0.095530
-0.093204
-0.091036
-0.094790
-0.093006
-0.096321
-0.091661
-0.101689
-0.093373
-0.100332
-0.098977
-0.098646
-0.104534
-0.098072
-0.097813
-0.101955
-0.097810
-0.098776
-0.102771
-0.099249
-0.105828
-0.103627
-0.049463
0.224678
0.206878
0.051164
-0.030423
-0.005888
0.068460
0.018107
-0.090369
0.067616
0.115858
0.031645
0.163522
0.111592
0.043908
0.081526
-0.006248
0.046271
0.016837
-0.033663
0.019112
-0.010757
-0.053844
-0.033925
-0.097386
-0.079749
-0.099215
-0.071360
-0.105122
-0.086290
-0.094295
-0.071446
-0.084330
-0.053722
-0.067062
-0.078051
-0.058281
-0.075561
-0.075603
-0.062485
-0.088021
-0.063980
-0.074762
-0.082911
-0.079835
-0.096207
-0.096951
-0.097531
-0.099382
-0.106702
-0.103557
-0.104809
-0.104359
-0.103132
-0.104401
-0.103954
-0.102072
-0.103851
-0.105371
-0.102749
-0.102532
-0.104707
-0.103840
-0.098343
-0.099993
-0.099254
-0.091293
-0.097311
-0.094453
-0.096417
-0.097094
-0.094439
-0.098994
-0.097339
-0.095846
-0.098887
-0.098279
-0.099674
-0.103167
-0.102676
-0.106206
-0.104074
-0.106424
-0.105852
-0.103806
-0.104930
-0.102768
-0.100214
-0.103920
-0.100899
-0.100382
-0.105092
-0.099646
-0.100541
-0.104944
-0.099649
-0.103580
-0.102218
-0.102456
-0.105208
2.288300
0.338016
0.355517
-0.024492
0.407795
0.425512
0.128735
0.175185
0.196471
0.117884
-0.069798
0.006339
-0.035849
-0.056187
-0.062674
-0.031401
-0.069876
-0.031967
-0.004835
-0.039320
-0.047873
-0.001085
-0.068305
-0.032750
-0.029377
-0.078918
-0.052191
-0.058757
-0.065818
-0.077881
-0.049598
-0.079609
-0.067908
-0.063023
-0.095432
-0.073168
-0.081527
-0.095832
-0.091617
-0.094352
-0.099770
-0.094200
-0.094712
-0.094474
-0.097604
-0.086791
-0.089954
-0.094808
-0.092412
-0.084565
-0.095446
-0.101172
-0.098891
-0.103390
-0.106616
-0.104584
-0.104321
-0.101656
-0.093828
-0.098214
-0.100070
-0.095678
-0.097996
-0.100799
-0.104583
-0.101631
-0.102845
-0.101991
-0.103640
-0.100741
-0.106030
-0.101666
-0.100529
-0.104877
-0.100282
-0.098211
-0.105874
-0.097345
-0.100169
-0.102184
-0.099439
-0.101982
-0.103410
-0.102732
-0.101542
-0.105644
-0.099728
-0.103825
-0.102547
-0.100310
-0.105194
-0.104601
-0.104112
-0.105838
-0.104658
-0.104425
-0.104231
-0.101736
-0.104626
-0.106259
0.275429
0.647274
0.741554
-0.017956
0.390172
0.250078
-0.069735
0.202606
0.139408
0.026789
0.180294
-0.019417
0.019218
0.004446
-0.017831
-0.007281
-0.079960
-0.015463
-0.051499
-0.087427
-0.060073
-0.057616
-0.076154
-0.075800
-0.077277
-0.093514
-0.103571
-0.104486
-0.104547
-0.096796
-0.090021
-0.092035
-0.089269
-0.086015
-0.095726
-0.097441
-0.088360
-0.092121
-0.097210
-0.084530
-0.094957
-0.093110
-0.098033
-0.095379
-0.089046
-0.101955
-0.088375
-0.096736
-0.100230
-0.097016
-0.099912
-0.105794
-0.101706
-0.105384
-0.106175
-0.103898
-0.105582
-0.103677
-0.101370
-0.104779
-0.102994
-0.099603
-0.104575
-0.098032
-0.097745
-0.106854
-0.101044
-0.104389
-0.103389
-0.105081
-0.103341
-0.101969
-0.105616
-0.104913
-0.103622
-0.104394
-0.105587
-0.104117
-0.104577
-0.105826
-0.105653
-0.106396
-0.105757
-0.104489
-0.106105
-0.104333
-0.103996
-0.105219
-0.104903
-0.104849
-0.104422
-0.106305
-0.104722
-0.103609
-0.106281
-0.105659
-0.105992
-0.105945
-0.105647
-0.105801
0.000121
1.941398
2.892642
0.799635
0.835720
0.659847
0.045284
0.206657
0.127535
0.125501
0.017430
-0.034963
-0.032621
0.030977
-0.069626
-0.023196
-0.047964
-0.045487
-0.061361
-0.084482
-0.052675
-0.072268
-0.087473
-0.064564
-0.084763
-0.088359
-0.081061
-0.101217
-0.083874
-0.102746
-0.086003
-0.087438
-0.099269
-0.088935
-0.091260
-0.102211
-0.093560
-0.098491
-0.097640
-0.099819
-0.097475
-0.091523
-0.100980
-0.100132
-0.093303
-0.093457
-0.101920
-0.096849
-0.101145
-0.092547
-0.100361
-0.089042
-0.086885
-0.104155
-0.101827
-0.097922
-0.094126
-0.103731
-0.090725
-0.098620
-0.101545
-0.101303
-0.102742
-0.101196
-0.106231
-0.103939
-0.102906
-0.104594
-0.105099
-0.102876
-0.105427
-0.104414
-0.106013
-0.104538
-0.104476
-0.105396
-0.104676
-0.105163
-0.105746
-0.105097
-0.106183
-0.104953
-0.105085
-0.106090
-0.104165
-0.106742
-0.104815
-0.104949
-0.104922
-0.104196
-0.106388
-0.105807
-0.104139
-0.105050
-0.103280
-0.101921
-0.105715
-0.104143
-0.104085
-0.106050
-0.056344
0.343518
0.793495
0.516592
0.004876
0.083975
0.062797
0.049422
-0.017254
0.012676
0.024158
-0.010617
-0.014501
-0.045854
-0.061750
-0.068805
-0.087134
-0.090102
-0.095872
-0.094513
-0.087578
-0.087040
-0.083924
-0.083607
-0.091267
-0.092964
-0.094587
-0.100021
-0.097291
-0.098493
-0.095372
-0.097609
-0.096518
-0.096326
-0.101736
-0.102736
-0.102784
-0.104556
-0.103117
-0.101109
-0.104566
-0.098483
-0.097462
-0.102820
-0.096518
-0.098318
-0.104165
-0.100671
-0.099964
-0.101347
-0.104169
-0.100924
-0.102512
-0.104242
-0.104451
-0.104491
-0.101715
-0.101314
-0.106488
-0.106263
-0.103959
-0.103728
-0.104164
-0.103866
-0.104057
-0.102754
-0.104538
-0.105331
-0.103966
-0.105989
-0.106186
-0.105479
-0.106889
-0.106562
-0.105362
-0.106325
-0.105588
-0.104859
-0.106218
-0.105503
-0.105441
-0.106235
-0.105429
-0.105628
-0.106119
-0.105230
-0.105670
-0.106096
-0.105669
-0.105895
-0.105532
-0.106421
-0.106075
-0.106090
-0.106151
-0.105601
-0.105659
-0.106721
-0.105582
-0.105602
-2.737238
0.308969
-2.068165
-3.442679
-0.107098
-0.107101
0.199412
0.369876
0.998251
-0.350569
-0.107097
-0.107101
-0.024945
0.112654
0.312955
-0.395308
-0.107098
-0.107101
-0.164232
1.629420
1.716343
-3.560963
-0.107100
-0.107100
-0.184041
0.849228
1.193196
-1.873865
-0.107099
-0.107100
-0.167885
3.117730
4.697877
-3.940011
-0.107097
-0.107102
5.510206
0.603950
6.648702
4.211315
-0.107098
-0.107100
2.521648
0.008910
0.149361
-0.041604
-0.060019
-0.102264
-0.103568
-0.104722
-0.104665
-0.106573
-0.106071
-0.105119
-0.104356
-0.106508
-0.106488
-0.104254
-0.105612
-0.105667
-0.106265
-0.106131
-0.105115
-0.105480
-0.104335
-0.099637
-0.100783
-0.092746
-0.103935
-0.105759
-0.105310
-0.096550
-0.104208
-0.103478
-0.105700
-0.105873
-0.106161
-0.106144
-0.106241
-0.106458
-0.106781
-0.106697
-0.106635
-0.106775
-0.106922
-0.106930
-0.106807
-0.106838
-0.106936
-0.106869
-0.106947
-0.106694
-0.105914
-0.105944
-0.104775
-0.105465
-0.106085
-0.106552
-0.104524
-0.106391
-0.105634
-0.106322
-0.106480
-0.106510
-0.106667
-0.106509
-0.106617
-0.106753
-0.106617
-0.106791
-0.106734
-0.106922
-0.106811
-0.106821
-0.106813
-0.106825
-0.106910
-0.106889
-0.106991
-0.106955
-0.106437
-0.106587
-0.105908
-0.106398
-0.106529
-0.105831
-0.106722
-0.106256
-0.106753
-0.106859
-0.106586
-0.106978
-0.106363
-0.106619
-0.106656
-0.106311
-0.106919
-0.106587
-0.106940
-0.106844
-0.106830
-0.106838
0.196839
0.218642
-0.029209
-0.076381
-0.095046
-0.091095
-0.103975
-0.101971
-0.103115
-0.103904
-0.105797
-0.104929
-0.105745
-0.104887
-0.105244
-0.106113
-0.105248
-0.106173
-0.105658
-0.105625
-0.105585
-0.106343
-0.104217
-0.105614
-0.104495
-0.104009
-0.098223
-0.105074
-0.099807
-0.101969
-0.104565
-0.105944
-0.105163
-0.106309
-0.106038
-0.106170
-0.106292
-0.106545
-0.106532
-0.106393
-0.106306
-0.106419
-0.106499
-0.106362
-0.106549
-0.106554
-0.106504
-0.106494
-0.106601
-0.106259
-0.107031
-0.106462
-0.106684
-0.105297
-0.105909
-0.105379
-0.105288
-0.106192
-0.106536
-0.106372
-0.106610
-0.106533
-0.106580
-0.106637
-0.106644
-0.106644
-0.106546
-0.106575
-0.106633
-0.106647
-0.106600
-0.106679
-0.106700
-0.106664
-0.106669
-0.106690
-0.106602
-0.106855
-0.106697
-0.106784
-0.106297
-0.106245
-0.106227
-0.106123
-0.106598
-0.106688
-0.106666
-0.106724
-0.106686
-0.106705
-0.106563
-0.106535
-0.106493
-0.106517
-0.106681
-0.106704
-0.106748
-0.106666
-0.106718
-0.106724
-0.025901
0.042860
-0.093834
-0.074874
-0.089282
-0.102044
-0.106715
-0.105916
-0.106755
-0.106206
-0.106590
-0.105832
-0.105159
-0.105590
-0.105810
-0.105936
-0.106224
-0.106891
-0.106663
-0.106771
-0.106678
-0.107019
-0.106315
-0.104855
-0.105002
-0.105265
-0.102792
-0.106543
-0.103929
-0.106069
-0.104624
-0.105800
-0.106373
-0.106753
-0.106716
-0.106850
-0.106817
-0.106913
-0.106921
-0.106718
-0.106886
-0.106941
-0.106885
-0.106951
-0.107030
-0.106989
-0.107043
-0.107008
-0.107018
-0.106851
-0.106639
-0.106801
-0.106526
-0.106257
-0.106707
-0.106359
-0.106679
-0.106498
-0.106871
-0.106779
-0.106873
-0.106896
-0.106992
-0.107001
-0.106999
-0.107003
-0.106984
-0.107020
-0.107061
-0.107048
-0.107021
-0.107094
-0.107080
-0.107064
-0.107044
-0.107006
-0.106939
-0.106893
-0.106993
-0.106855
-0.106861
-0.106813
-0.106763
-0.106894
-0.106889
-0.107000
-0.106873
-0.106899
-0.106963
-0.107055
-0.107008
-0.106943
-0.106926
-0.107058
-0.106974
-0.107058
-0.107026
-0.106988
-0.107037
-0.107061
-0.034203
1.009648
0.412128
-0.043999
-0.090284
-0.082309
-0.105320
-0.105415
-0.105812
-0.105989
-0.105552
-0.104910
-0.104584
-0.104151
-0.103885
-0.103644
-0.103414
-0.103342
-0.103244
-0.103188
-0.103363
-0.103457
-0.100566
-0.105541
-0.099724
-0.079466
-0.086730
-0.094143
-0.074605
-0.087114
-0.103897
-0.101676
-0.105234
-0.104301
-0.104856
-0.105113
-0.105445
-0.105757
-0.106024
-0.106160
-0.106278
-0.106396
-0.106432
-0.106452
-0.106452
-0.106430
-0.106384
-0.106442
-0.106465
-0.106489
-0.106018
-0.105406
-0.101856
-0.103595
-0.102202
-0.099572
-0.104319
-0.104479
-0.104451
-0.105549
-0.105569
-0.105803
-0.105838
-0.106125
-0.106667
-0.106823
-0.106668
-0.106741
-0.106877
-0.106967
-0.107047
-0.106963
-0.106887
-0.106812
-0.106754
-0.106712
-0.106763
-0.106206
-0.105893
-0.104905
-0.105671
-0.104766
-0.104451
-0.106686
-0.105140
-0.105505
-0.105989
-0.106059
-0.105968
-0.105703
-0.106458
-0.106328
-0.106028
-0.106503
-0.106143
-0.106394
-0.106592
-0.106752
-0.106797
-0.106810
-0.024854
0.481834
0.222074
-0.078137
-0.083753
-0.102859
-0.103251
-0.104474
-0.104946
-0.104912
-0.105106
-0.105161
-0.105115
-0.105135
-0.105058
-0.104934
-0.104903
-0.104850
-0.104818
-0.104877
-0.104827
-0.104686
-0.104637
-0.104356
-0.103874
-0.087648
-0.091548
-0.103860
-0.093363
-0.094809
-0.102602
-0.103109
-0.105900
-0.106248
-0.106351
-0.106537
-0.106709
-0.106772
-0.106839
-0.106908
-0.106960
-0.106906
-0.106824
-0.106780
-0.106736
-0.106705
-0.106676
-0.106667
-0.106652
-0.106601
-0.106485
-0.106316
-0.103370
-0.104075
-0.105170
-0.103703
-0.104836
-0.105119
-0.105594
-0.106508
-0.106633
-0.106703
-0.106823
-0.106944
-0.106789
-0.106763
-0.106934
-0.106981
-0.107014
-0.107061
-0.107027
-0.107013
-0.107007
-0.106979
-0.106982
-0.106996
-0.106987
-0.106918
-0.106660
-0.105800
-0.106043
-0.105798
-0.105581
-0.106316
-0.105985
-0.106388
-0.106823
-0.106860
-0.106768
-0.106558
-0.106810
-0.106433
-0.106357
-0.106649
-0.106562
-0.106799
-0.107025
-0.107042
-0.107036
-0.107039
-0.070339
2.157341
0.177440
0.011443
-0.082282
-0.105374
-0.103821
-0.104912
-0.105113
-0.105180
-0.105172
-0.105431
-0.105465
-0.105499
-0.105550
-0.105619
-0.105769
-0.105907
-0.105926
-0.106132
-0.106198
-0.106531
-0.106073
-0.104761
-0.100431
-0.084386
-0.052476
-0.090575
-0.049539
-0.101198
-0.096182
-0.104462
-0.106248
-0.106027
-0.106170
-0.106187
-0.106148
-0.106273
-0.106322
-0.106295
-0.106313
-0.106340
-0.106374
-0.106428
-0.106474
-0.106531
-0.106620
-0.106670
-0.106770
-0.106903
-0.106622
-0.106311
-0.101567
-0.097199
-0.099573
-0.093285
-0.106455
-0.103609
-0.106340
-0.106621
-0.106663
-0.106698
-0.106634
-0.106540
-0.106385
-0.106051
-0.106734
-0.106785
-0.106702
-0.106689
-0.106727
-0.106727
-0.106762
-0.106818
-0.106815
-0.106843
-0.106967
-0.106827
-0.106877
-0.104912
-0.104218
-0.102483
-0.101427
-0.105927
-0.105385
-0.106835
-0.106861
-0.106944
-0.106979
-0.106369
-0.106212
-0.104762
-0.104409
-0.106505
-0.106340
-0.106894
-0.106818
-0.106885
-0.106828
-0.106836
