-2.200236
1.876315
0.412839
-10.130803
-0.104039
-0.104025
-0.014298
1.206630
5.219398
-2.769248
-0.104030
-0.104025
2.172343
1.513572
5.682236
-4.588194
-0.104039
-0.104018
-0.357127
2.130442
5.280179
-6.301480
-0.104035
-0.104033
-0.021796
4.972410
9.723244
-9.394540
-0.104035
-0.104035
-0.103425
1.390893
3.304757
-3.398263
-0.104034
-0.104034
8.867205
-0.102756
8.869191
8.865505
-0.104033
-0.104037
8.448695
3.281450
14.795481
3.891783
-0.104033
-0.104037
1.987840
0.575839
0.391403
0.494583
0.301439
0.027773
0.323134
0.220299
0.110513
0.069134
0.098110
0.117116
-0.042969
0.100167
0.052758
-0.030422
0.029018
0.038837
0.009842
0.002445
0.063269
0.023711
-0.033486
0.028629
-0.033680
-0.053961
-0.017867
-0.071909
-0.055096
-0.048617
-0.080710
-0.044900
-0.069986
-0.064762
-0.040664
-0.077875
-0.057992
-0.051468
-0.088188
-0.083589
-0.084161
-0.092806
-0.093954
-0.090717
-0.089988
-0.093716
-0.078337
-0.088417
-0.082570
-0.081436
-0.082086
-0.085645
-0.097345
-0.089957
-0.097614
-0.101379
-0.096171
-0.095518
-0.090988
-0.091570
-0.089980
-0.093805
-0.099519
-0.089788
-0.094302
-0.096502
-0.094090
-0.090790
-0.089654
-0.096553
-0.088723
-0.092476
-0.098367
-0.095359
-0.093018
-0.093264
-0.095160
-0.091941
-0.093396
-0.098880
-0.092959
-0.097916
-0.099382
-0.095805
-0.098391
-0.100726
-0.097764
-0.102466
-0.100691
-0.100439
-0.101779
-0.098383
-0.100247
-0.098281
-0.095723
-0.100948
-0.099790
-0.099321
-0.100799
-0.100499
-0.014965
0.240155
0.309525
0.149828
-0.002980
-0.032221
0.000274
-0.070668
0.051081
-0.000074
0.119026
0.091690
0.059325
0.179424
0.130375
0.061664
0.114781
0.020875
0.038699
0.035207
-0.037237
-0.006415
-0.028304
-0.060017
-0.038588
-0.069322
-0.065818
-0.050684
-0.065620
-0.067965
-0.061196
-0.072791
-0.076389
-0.075187
-0.090296
-0.074466
-0.071737
-0.088899
-0.060570
-0.066718
-0.062767
-0.052581
-0.071434
-0.062592
-0.060007
-0.083817
-0.080644
-0.084727
-0.094931
-0.091125
-0.100669
-0.096445
-0.100909
-0.102438
-0.101103
-0.101553
-0.100843
-0.099703
-0.099079
-0.096888
-0.098786
-0.101421
-0.102329
-0.100746
-0.103181
-0.097720
-0.100476
-0.094241
-0.096010
-0.095773
-0.090293
-0.094983
-0.094283
-0.090331
-0.096926
-0.091581
-0.092101
-0.096280
-0.092801
-0.097553
-0.098587
-0.097590
-0.101440
-0.100904
-0.100126
-0.100346
-0.098255
-0.098667
-0.100912
-0.100220
-0.100814
-0.102810
-0.101608
-0.098983
-0.100432
-0.096591
-0.095987
-0.095329
-0.093296
-0.092925
2.171390
0.232341
0.261585
0.039539
0.354776
0.397879
0.214810
0.210080
0.208931
0.180528
0.023274
0.008001
0.057965
-0.049523
-0.033957
-0.003794
-0.028088
-0.032247
0.007878
0.002836
-0.045038
0.022596
-0.021212
-0.046061
0.001660
-0.063181
-0.038072
-0.038328
-0.064784
-0.057228
-0.042596
-0.059246
-0.066017
-0.033457
-0.073413
-0.055413
-0.048579
-0.081891
-0.063533
-0.070671
-0.088276
-0.080627
-0.078892
-0.092174
-0.088017
-0.077964
-0.091021
-0.091253
-0.080059
-0.085458
-0.092630
-0.098058
-0.095858
-0.099395
-0.092765
-0.094627
-0.095508
-0.092779
-0.093635
-0.092206
-0.093877
-0.087561
-0.086614
-0.093643
-0.093307
-0.095494
-0.096880
-0.100614
-0.100201
-0.098881
-0.101542
-0.099876
-0.098297
-0.100001
-0.098015
-0.094798
-0.095928
-0.098498
-0.093305
-0.099623
-0.096998
-0.096525
-0.101534
-0.094752
-0.097336
-0.097595
-0.094820
-0.094228
-0.095998
-0.094289
-0.093049
-0.099315
-0.095700
-0.096236
-0.102909
-0.095586
-0.097417
-0.100413
-0.095769
-0.096349
0.147307
0.631635
0.735604
0.130977
0.340652
0.533217
0.187906
0.135337
0.318258
0.127867
0.154501
0.136008
-0.013948
0.045728
0.064416
-0.056198
-0.072964
-0.041901
-0.051246
-0.083288
-0.066957
-0.077265
-0.099634
-0.091324
-0.095482
-0.088794
-0.079217
-0.091401
-0.091151
-0.082807
-0.093633
-0.100970
-0.092582
-0.087813
-0.089159
-0.089774
-0.083130
-0.082670
-0.094215
-0.085680
-0.083898
-0.095694
-0.091464
-0.077664
-0.085853
-0.092559
-0.079772
-0.085334
-0.090746
-0.084421
-0.093719
-0.096966
-0.092487
-0.099674
-0.101689
-0.102110
-0.102893
-0.102193
-0.100826
-0.099493
-0.100268
-0.099713
-0.096782
-0.098046
-0.099645
-0.096372
-0.099900
-0.096611
-0.098437
-0.102858
-0.098387
-0.099518
-0.102386
-0.100311
-0.102948
-0.102324
-0.101797
-0.102891
-0.102650
-0.101217
-0.100632
-0.101613
-0.100834
-0.100414
-0.101939
-0.103081
-0.102345
-0.102024
-0.103496
-0.103138
-0.101102
-0.101551
-0.102482
-0.100522
-0.099898
-0.101382
-0.099710
-0.098109
-0.101105
-0.100219
-0.020175
1.818264
2.516851
0.909953
0.539200
0.659757
0.068470
0.111474
0.150352
0.058321
0.026338
-0.042842
-0.020354
-0.007950
-0.050516
-0.067453
-0.059662
-0.056575
-0.068926
-0.094968
-0.074351
-0.052291
-0.078483
-0.076558
-0.055458
-0.072235
-0.072806
-0.063977
-0.073659
-0.078349
-0.072260
-0.087329
-0.084633
-0.083987
-0.097009
-0.093266
-0.092371
-0.102456
-0.093899
-0.096199
-0.100779
-0.093936
-0.096254
-0.101259
-0.096249
-0.092516
-0.098305
-0.099860
-0.094228
-0.092073
-0.093449
-0.100349
-0.085647
-0.090417
-0.094420
-0.088784
-0.097291
-0.100280
-0.097830
-0.089495
-0.096725
-0.100774
-0.096929
-0.100418
-0.097590
-0.100946
-0.099671
-0.098645
-0.100892
-0.103695
-0.100223
-0.100402
-0.102783
-0.102325
-0.101343
-0.102301
-0.102431
-0.102838
-0.100757
-0.100784
-0.102439
-0.100349
-0.102126
-0.101736
-0.100125
-0.101375
-0.101976
-0.101206
-0.101833
-0.102930
-0.100694
-0.101328
-0.102270
-0.101082
-0.102096
-0.103012
-0.103067
-0.102716
-0.103792
-0.103351
-0.102980
0.393589
0.615383
0.393796
0.116296
0.004895
-0.022993
-0.058519
-0.074180
-0.090405
-0.027418
-0.076798
-0.069189
-0.070985
-0.058588
-0.051142
-0.062466
-0.034639
-0.058550
-0.066757
-0.068050
-0.077913
-0.083295
-0.088707
-0.090725
-0.092955
-0.092462
-0.096882
-0.097356
-0.098055
-0.097990
-0.097747
-0.098664
-0.096612
-0.095772
-0.093036
-0.093379
-0.090335
-0.091238
-0.092471
-0.090684
-0.097909
-0.098159
-0.101078
-0.101939
-0.100755
-0.103662
-0.101926
-0.102854
-0.100958
-0.101533
-0.103179
-0.102990
-0.098292
-0.094522
-0.097700
-0.102223
-0.101809
-0.101142
-0.099576
-0.100060
-0.099352
-0.099155
-0.100641
-0.102791
-0.102580
-0.103525
-0.100549
-0.102400
-0.101916
-0.101795
-0.101100
-0.101319
-0.102041
-0.101083
-0.101952
-0.102541
-0.102810
-0.102898
-0.102088
-0.103051
-0.102654
-0.102291
-0.102581
-0.103466
-0.103034
-0.102969
-0.103401
-0.103337
-0.101599
-0.102313
-0.102839
-0.102110
-0.102015
-0.101841
-0.102297
-0.102774
-0.103035
-0.103510
-0.103450
-2.734157
0.131408
-2.347087
-3.176981
-0.104035
-0.104037
0.217664
0.326060
0.960735
-0.224005
-0.104033
-0.104038
0.037118
0.103745
0.440203
-0.222549
-0.104033
-0.104036
-0.191243
1.657519
2.559352
-3.450763
-0.104035
-0.104036
-0.086785
0.593220
0.978591
-1.251262
-0.104034
-0.104037
-0.035530
2.493449
3.838198
-3.157167
-0.104034
-0.104038
5.755054
0.513455
6.761609
4.671465
-0.104034
-0.104036
2.524250
0.012135
-0.010854
-0.042669
-0.062843
-0.098265
-0.098513
-0.100592
-0.101807
-0.102164
-0.100266
-0.101313
-0.100846
-0.102223
-0.101931
-0.103336
-0.102773
-0.103390
-0.102780
-0.102643
-0.102528
-0.102854
-0.103327
-0.102987
-0.102042
-0.098272
-0.101267
-0.103460
-0.099181
-0.101112
-0.101374
-0.099194
-0.102125
-0.103438
-0.100803
-0.102279
-0.103030
-0.103461
-0.103263
-0.103322
-0.103778
-0.103774
-0.103581
-0.103673
-0.103541
-0.103670
-0.103647
-0.103687
-0.103706
-0.103863
-0.103747
-0.103762
-0.103851
-0.103568
-0.103506
-0.103214
-0.103074
-0.102715
-0.103279
-0.103785
-0.103317
-0.103426
-0.103190
-0.103080
-0.103836
-0.103953
-0.103877
-0.103914
-0.103879
-0.103769
-0.103801
-0.103799
-0.103810
-0.103807
-0.103823
-0.103806
-0.103838
-0.103748
-0.103607
-0.103704
-0.103835
-0.103907
-0.103859
-0.103863
-0.103535
-0.103690
-0.103812
-0.103502
-0.103592
-0.103760
-0.103409
-0.103555
-0.103836
-0.103690
-0.103782
-0.103810
-0.103890
-0.103875
-0.103908
-0.103974
0.215845
0.186525
-0.019412
-0.085651
-0.097751
-0.089294
-0.102515
-0.103833
-0.102246
-0.101566
-0.102563
-0.103666
-0.102275
-0.102314
-0.103150
-0.103365
-0.103248
-0.102395
-0.103586
-0.103258
-0.103505
-0.103629
-0.103662
-0.103972
-0.102286
-0.103101
-0.102394
-0.102499
-0.096007
-0.100801
-0.099326
-0.098422
-0.103331
-0.102946
-0.103226
-0.103250
-0.103806
-0.104001
-0.103883
-0.103850
-0.103731
-0.103819
-0.103584
-0.103924
-0.104008
-0.103897
-0.103694
-0.103875
-0.103889
-0.104014
-0.103917
-0.104008
-0.103995
-0.103795
-0.103726
-0.103765
-0.103830
-0.102740
-0.102518
-0.103573
-0.102377
-0.103581
-0.103834
-0.103931
-0.103692
-0.103961
-0.103950
-0.103941
-0.104004
-0.103980
-0.103948
-0.103987
-0.103930
-0.103942
-0.103979
-0.104008
-0.103928
-0.104018
-0.103922
-0.103942
-0.103932
-0.103725
-0.103911
-0.103912
-0.103703
-0.103887
-0.103728
-0.103323
-0.103889
-0.103407
-0.103552
-0.103962
-0.103996
-0.103920
-0.103948
-0.103959
-0.103966
-0.103953
-0.103993
-0.103992
0.036487
0.026156
-0.049546
-0.070311
-0.088534
-0.097610
-0.099714
-0.100951
-0.101221
-0.100225
-0.099958
-0.101123
-0.101776
-0.102198
-0.101598
-0.102171
-0.102394
-0.102701
-0.103015
-0.103211
-0.102594
-0.102119
-0.102959
-0.103119
-0.102952
-0.102685
-0.103165
-0.099340
-0.101368
-0.101802
-0.101360
-0.101448
-0.101861
-0.103143
-0.103285
-0.103270
-0.103343
-0.103434
-0.103449
-0.103439
-0.103371
-0.103331
-0.103306
-0.103468
-0.103350
-0.103272
-0.103412
-0.103389
-0.103426
-0.103605
-0.103592
-0.103435
-0.103473
-0.103572
-0.103618
-0.103292
-0.103578
-0.102877
-0.103474
-0.103611
-0.103065
-0.102976
-0.103660
-0.103794
-0.103728
-0.103675
-0.103652
-0.103653
-0.103667
-0.103670
-0.103669
-0.103665
-0.103608
-0.103681
-0.103666
-0.103598
-0.103626
-0.103598
-0.103547
-0.103649
-0.103652
-0.103719
-0.103533
-0.103534
-0.103776
-0.103528
-0.103698
-0.103317
-0.103729
-0.103851
-0.103572
-0.103484
-0.103549
-0.103683
-0.103703
-0.103697
-0.103715
-0.103700
-0.103681
-0.103718
-0.008617
0.975526
0.496646
0.022374
-0.053834
-0.081522
-0.084023
-0.089075
-0.090501
-0.091036
-0.091692
-0.092292
-0.093054
-0.093755
-0.094697
-0.095417
-0.096452
-0.097293
-0.098214
-0.099000
-0.099703
-0.100206
-0.100518
-0.100590
-0.097167
-0.098309
-0.086438
-0.083286
-0.078190
-0.086851
-0.084160
-0.085429
-0.090177
-0.089237
-0.096115
-0.096832
-0.099270
-0.100460
-0.101410
-0.102255
-0.102969
-0.103491
-0.103569
-0.103239
-0.102944
-0.102659
-0.102514
-0.102388
-0.102403
-0.102479
-0.102647
-0.103110
-0.102897
-0.103653
-0.103621
-0.101711
-0.103146
-0.096795
-0.098230
-0.102316
-0.098562
-0.098833
-0.101453
-0.103699
-0.103582
-0.103020
-0.102914
-0.102795
-0.102724
-0.102703
-0.102728
-0.102790
-0.102884
-0.103010
-0.103147
-0.103325
-0.103476
-0.103556
-0.103575
-0.103451
-0.102888
-0.103725
-0.102630
-0.102609
-0.102647
-0.102558
-0.101846
-0.101070
-0.102738
-0.101897
-0.102301
-0.102724
-0.102051
-0.102577
-0.102665
-0.102927
-0.103122
-0.103337
-0.103545
-0.103738
-0.092055
0.351280
0.087376
-0.094258
-0.093046
-0.098761
-0.102556
-0.102640
-0.102903
-0.103057
-0.103102
-0.103160
-0.103352
-0.103388
-0.103401
-0.103494
-0.103481
-0.103584
-0.103630
-0.103725
-0.103794
-0.103875
-0.103957
-0.103853
-0.103643
-0.102710
-0.101010
-0.096123
-0.096619
-0.094791
-0.092952
-0.099063
-0.099178
-0.101204
-0.102674
-0.103244
-0.103253
-0.103418
-0.103535
-0.103628
-0.103729
-0.103817
-0.103871
-0.103902
-0.103938
-0.103934
-0.103918
-0.103893
-0.103861
-0.103830
-0.103806
-0.103758
-0.103621
-0.103739
-0.103672
-0.103319
-0.103261
-0.102232
-0.101378
-0.103062
-0.101943
-0.102197
-0.103488
-0.103610
-0.103746
-0.103766
-0.103758
-0.103758
-0.103763
-0.103766
-0.103776
-0.103793
-0.103814
-0.103829
-0.103855
-0.103880
-0.103916
-0.103939
-0.103979
-0.103980
-0.103774
-0.103814
-0.103572
-0.103491
-0.103580
-0.103844
-0.103158
-0.103088
-0.103646
-0.102975
-0.103423
-0.103670
-0.103682
-0.103757
-0.103812
-0.103809
-0.103822
-0.103828
-0.103835
-0.103836
-0.017325
1.723611
0.077820
-0.002778
-0.068621
-0.086505
-0.097530
-0.099042
-0.100307
-0.101213
-0.101682
-0.102176
-0.102420
-0.102573
-0.102726
-0.102815
-0.102778
-0.102665
-0.102546
-0.102464
-0.102311
-0.102318
-0.102233
-0.101959
-0.101892
-0.101006
-0.096690
-0.086816
-0.076860
-0.073391
-0.067356
-0.089212
-0.087794
-0.099455
-0.100861
-0.100164
-0.100706
-0.101089
-0.101435
-0.101737
-0.101994
-0.102228
-0.102430
-0.102597
-0.102744
-0.102869
-0.102965
-0.103080
-0.103161
-0.103158
-0.103190
-0.103280
-0.103449
-0.103183
-0.102494
-0.103246
-0.100561
-0.103031
-0.093256
-0.099509
-0.096969
-0.102078
-0.101970
-0.102610
-0.103089
-0.102885
-0.102817
-0.102775
-0.102758
-0.102752
-0.102757
-0.102773
-0.102797
-0.102827
-0.102864
-0.102898
-0.102901
-0.102935
-0.103082
-0.102944
-0.102524
-0.102096
-0.103576
-0.102991
-0.102387
-0.102985
-0.103045
-0.101077
-0.101654
-0.098984
-0.103310
-0.102984
-0.103565
-0.103148
-0.103282
-0.103316
-0.103312
-0.103313
-0.103326
-0.103332
