-2.673954
2.221210
3.834165
-9.369927
-0.116302
-0.116298
0.080325
1.143005
4.476784
-2.388053
-0.116298
-0.116297
2.189974
1.805525
6.422430
-3.992672
-0.116302
-0.116295
-0.677673
2.167359
4.853408
-4.969639
-0.116299
-0.116302
-0.776923
5.568363
10.238486
-9.211175
-0.116300
-0.116302
-0.217135
1.666190
3.000397
-3.057740
-0.116300
-0.116302
8.066226
-0.115490
8.068080
8.065169
-0.116298
-0.116300
9.549050
3.227100
15.320561
3.720834
-0.116300
-0.116302
2.433027
0.651938
0.634483
0.456352
0.066505
0.408143
0.169750
0.128585
0.255822
0.107081
0.261836
0.140339
0.199599
0.105154
0.032261
0.041373
-0.027776
0.043948
-0.050970
0.066190
-0.044253
0.053340
-0.007021
0.009224
0.003255
-0.044939
-0.025391
-0.084693
-0.057870
-0.068575
-0.075779
-0.031897
-0.093407
-0.042307
-0.105596
-0.059011
-0.103664
-0.082036
-0.087010
-0.099573
-0.096295
-0.096318
-0.108220
-0.111574
-0.099928
-0.109995
-0.101369
-0.104387
-0.100597
-0.106971
-0.100610
-0.103960
-0.094873
-0.100149
-0.090036
-0.099725
-0.094926
-0.100301
-0.101414
-0.103079
-0.106006
-0.103867
-0.099744
-0.109252
-0.091348
-0.111770
-0.090702
-0.105248
-0.097948
-0.102483
-0.109400
-0.104219
-0.111060
-0.108202
-0.103759
-0.109005
-0.102004
-0.112101
-0.101613
-0.114027
-0.105135
-0.114573
-0.108272
-0.111220
-0.109115
-0.110712
-0.110608
-0.110274
-0.110391
-0.109717
-0.111390
-0.107717
-0.111088
-0.108852
-0.112640
-0.110736
-0.112807
-0.108837
-0.112346
-0.107973
0.079388
0.356458
0.206380
-0.040289
0.012758
-0.002463
0.056751
-0.038897
0.200981
0.021644
0.199054
-0.006475
0.099608
0.012479
0.065528
-0.002464
0.000390
-0.031190
-0.076605
-0.075113
-0.088652
-0.084652
-0.084638
-0.092450
-0.078207
-0.092794
-0.082409
-0.057187
-0.087178
-0.061298
-0.089715
-0.074408
-0.090340
-0.064206
-0.087623
-0.079091
-0.100579
-0.098954
-0.111316
-0.110249
-0.114360
-0.112197
-0.110902
-0.111582
-0.113939
-0.107903
-0.114972
-0.112221
-0.113873
-0.110935
-0.112298
-0.102991
-0.111081
-0.098524
-0.110583
-0.100658
-0.104252
-0.105666
-0.104275
-0.110362
-0.105790
-0.110956
-0.108696
-0.113587
-0.111596
-0.113017
-0.113103
-0.112002
-0.111476
-0.115295
-0.106973
-0.115374
-0.107427
-0.113788
-0.109722
-0.110311
-0.110149
-0.108660
-0.111931
-0.110606
-0.111967
-0.114152
-0.113429
-0.114493
-0.115423
-0.113542
-0.113910
-0.113653
-0.114215
-0.114137
-0.114800
-0.114828
-0.115311
-0.113377
-0.114364
-0.112204
-0.113028
-0.113105
-0.112951
-0.114731
2.186811
0.496208
0.309950
0.442074
0.602947
0.136426
0.240230
0.131501
-0.050451
-0.030460
0.006833
-0.071833
0.022729
-0.054836
0.034575
0.001717
-0.010730
0.018632
-0.046100
0.009167
-0.051127
-0.007087
-0.036041
-0.031661
-0.032083
-0.053682
-0.047933
-0.075703
-0.075095
-0.088756
-0.097086
-0.081857
-0.095542
-0.083712
-0.090500
-0.104631
-0.087221
-0.097099
-0.096547
-0.101397
-0.093584
-0.104240
-0.108273
-0.105453
-0.115572
-0.103386
-0.113843
-0.093225
-0.109686
-0.104577
-0.113414
-0.115696
-0.107447
-0.107667
-0.109357
-0.101720
-0.115575
-0.099902
-0.111044
-0.104860
-0.108089
-0.108281
-0.103043
-0.112013
-0.098974
-0.111222
-0.099142
-0.108362
-0.102491
-0.107684
-0.108557
-0.108158
-0.114817
-0.108875
-0.111822
-0.107151
-0.111533
-0.107303
-0.112082
-0.108835
-0.112111
-0.111999
-0.113329
-0.111452
-0.110363
-0.110718
-0.111698
-0.111688
-0.112753
-0.110661
-0.111739
-0.109340
-0.111904
-0.111814
-0.111848
-0.114181
-0.110299
-0.113715
-0.109646
-0.113608
0.443483
0.931175
0.567599
0.281042
0.414732
-0.069349
0.431621
-0.032455
0.321946
-0.044486
0.066157
-0.057640
-0.014805
-0.086156
-0.018431
-0.066209
-0.048136
-0.054139
-0.068532
-0.094303
-0.101319
-0.096933
-0.099325
-0.098729
-0.112878
-0.090942
-0.099478
-0.077671
-0.106705
-0.081234
-0.107986
-0.095043
-0.108804
-0.104479
-0.110772
-0.085728
-0.098756
-0.084812
-0.103818
-0.095416
-0.104119
-0.107013
-0.111282
-0.108358
-0.111931
-0.108767
-0.114567
-0.105272
-0.109783
-0.100053
-0.109627
-0.096735
-0.111910
-0.104568
-0.115921
-0.114840
-0.110076
-0.110814
-0.109743
-0.109351
-0.108099
-0.109966
-0.110095
-0.110917
-0.110552
-0.112954
-0.109502
-0.113017
-0.110360
-0.113124
-0.108425
-0.113170
-0.108407
-0.111406
-0.110272
-0.112267
-0.111711
-0.113184
-0.114770
-0.109440
-0.110864
-0.109177
-0.109782
-0.110516
-0.111430
-0.111490
-0.111909
-0.112199
-0.112240
-0.111998
-0.112192
-0.111659
-0.111529
-0.110762
-0.110710
-0.111429
-0.110811
-0.112472
-0.112473
-0.112001
0.542163
2.365231
2.514369
0.328198
1.253884
0.360606
0.408346
0.213442
-0.068283
-0.001187
0.002212
0.069050
0.034412
0.068125
0.045976
-0.014124
-0.016107
-0.056040
-0.045058
-0.034945
-0.044966
-0.026745
-0.039745
-0.047181
-0.040256
-0.070266
-0.053693
-0.074428
-0.059512
-0.065771
-0.053082
-0.056335
-0.066271
-0.063442
-0.078267
-0.075560
-0.084193
-0.078824
-0.067564
-0.062354
-0.071789
-0.064682
-0.085494
-0.083651
-0.094079
-0.082897
-0.085891
-0.072338
-0.081517
-0.074896
-0.081491
-0.089983
-0.086554
-0.090807
-0.084721
-0.088088
-0.084178
-0.085818
-0.085508
-0.088262
-0.089319
-0.089395
-0.090186
-0.089179
-0.089409
-0.088578
-0.090306
-0.088330
-0.092476
-0.089372
-0.093579
-0.090798
-0.091951
-0.091472
-0.089303
-0.092109
-0.090396
-0.093538
-0.091880
-0.095144
-0.093676
-0.092692
-0.092362
-0.090004
-0.091832
-0.092700
-0.093239
-0.095365
-0.095537
-0.093842
-0.093403
-0.093025
-0.091448
-0.093476
-0.093269
-0.094518
-0.094882
-0.093769
-0.094297
-0.092636
-0.014351
0.608289
0.804834
0.129742
0.121030
-0.005865
0.000015
-0.052705
0.040224
-0.037564
-0.001939
-0.080994
-0.043923
-0.104846
-0.087062
-0.093702
-0.107491
-0.086213
-0.083430
-0.098426
-0.081191
-0.103194
-0.089598
-0.096369
-0.102168
-0.092722
-0.111281
-0.101352
-0.109399
-0.112364
-0.105342
-0.109314
-0.104519
-0.109053
-0.103526
-0.107636
-0.105759
-0.104872
-0.109926
-0.110327
-0.110682
-0.103374
-0.105874
-0.110065
-0.112443
-0.108618
-0.107495
-0.106637
-0.111687
-0.111239
-0.114054
-0.106584
-0.114353
-0.107790
-0.113240
-0.109766
-0.112694
-0.111274
-0.112116
-0.112482
-0.111132
-0.112803
-0.111773
-0.111078
-0.113419
-0.110598
-0.113238
-0.111416
-0.111859
-0.112905
-0.111417
-0.113089
-0.112452
-0.112102
-0.113393
-0.112051
-0.112975
-0.111828
-0.112909
-0.111500
-0.112622
-0.111801
-0.113100
-0.112932
-0.112768
-0.111382
-0.112267
-0.112853
-0.112873
-0.112574
-0.111478
-0.112786
-0.112727
-0.113025
-0.112557
-0.112667
-0.112389
-0.112906
-0.112311
-0.113148
-2.637498
0.293266
-2.029947
-3.262882
-0.116300
-0.116303
0.260855
0.373710
0.961565
-0.505619
-0.116300
-0.116303
0.046227
0.134238
0.401578
-0.375360
-0.116300
-0.116303
-0.193899
1.670553
1.864861
-3.498291
-0.116301
-0.116302
-0.068912
0.903385
1.076640
-1.970933
-0.116302
-0.116302
-0.280368
2.978110
4.409046
-3.536231
-0.116299
-0.116303
5.691818
0.537569
6.847595
4.360769
-0.116299
-0.116302
2.402686
0.113690
0.005906
-0.007415
-0.086547
-0.091962
-0.096416
-0.098483
-0.098889
-0.104586
-0.105126
-0.105114
-0.107118
-0.106713
-0.108554
-0.108839
-0.108728
-0.110662
-0.108668
-0.103156
-0.108677
-0.107222
-0.110908
-0.104525
-0.112237
-0.110253
-0.112400
-0.113069
-0.112215
-0.113154
-0.112851
-0.112952
-0.113636
-0.113105
-0.113283
-0.113668
-0.113472
-0.113995
-0.113668
-0.113521
-0.114450
-0.114624
-0.114463
-0.111871
-0.112957
-0.112338
-0.114814
-0.115452
-0.113944
-0.114393
-0.114400
-0.114258
-0.114637
-0.114286
-0.114400
-0.114625
-0.114374
-0.114635
-0.114562
-0.114456
-0.114779
-0.114448
-0.114770
-0.115107
-0.114402
-0.114307
-0.114549
-0.115131
-0.114242
-0.114526
-0.114820
-0.114654
-0.114919
-0.114757
-0.114775
-0.114897
-0.114736
-0.114887
-0.114898
-0.114775
-0.114933
-0.114808
-0.114868
-0.115000
-0.114643
-0.114623
-0.114938
-0.115239
-0.115298
-0.115013
-0.114712
-0.114737
-0.115063
-0.114841
-0.114875
-0.114986
-0.114872
-0.114988
-0.114949
-0.114901
0.258882
0.224287
-0.082392
-0.089113
-0.087641
-0.101267
-0.106054
-0.108329
-0.109012
-0.110730
-0.110648
-0.111650
-0.111697
-0.112186
-0.112770
-0.112092
-0.113730
-0.113085
-0.111684
-0.114196
-0.111614
-0.101824
-0.114412
-0.108453
-0.111447
-0.114285
-0.114314
-0.113600
-0.114643
-0.114327
-0.114383
-0.114700
-0.114382
-0.114723
-0.114691
-0.114524
-0.114972
-0.114654
-0.114848
-0.115257
-0.115177
-0.115114
-0.113818
-0.113182
-0.114324
-0.113134
-0.114689
-0.115021
-0.115408
-0.115080
-0.115024
-0.115180
-0.115028
-0.115104
-0.115158
-0.115052
-0.115205
-0.115124
-0.115102
-0.115285
-0.115018
-0.115219
-0.115288
-0.114887
-0.115447
-0.116123
-0.114722
-0.114460
-0.115547
-0.115188
-0.115129
-0.115398
-0.115204
-0.115315
-0.115310
-0.115250
-0.115347
-0.115279
-0.115299
-0.115357
-0.115263
-0.115344
-0.115316
-0.115207
-0.115304
-0.115252
-0.115529
-0.115353
-0.115367
-0.115568
-0.115442
-0.115265
-0.115190
-0.115413
-0.115367
-0.115325
-0.115415
-0.115349
-0.115370
-0.115392
0.044202
0.056247
-0.082511
-0.103427
-0.105658
-0.105271
-0.109832
-0.111586
-0.111352
-0.112998
-0.111638
-0.112434
-0.112989
-0.113261
-0.112980
-0.114053
-0.114048
-0.114095
-0.114567
-0.114767
-0.113118
-0.112601
-0.113425
-0.110447
-0.115914
-0.113882
-0.114624
-0.114935
-0.114637
-0.115031
-0.115219
-0.114898
-0.115293
-0.115085
-0.115272
-0.115139
-0.115133
-0.115261
-0.115316
-0.115396
-0.115485
-0.115027
-0.115803
-0.114918
-0.115066
-0.115374
-0.115292
-0.115484
-0.115460
-0.115617
-0.115511
-0.115470
-0.115564
-0.115512
-0.115579
-0.115646
-0.115537
-0.115643
-0.115643
-0.115561
-0.115664
-0.115600
-0.115571
-0.115651
-0.115559
-0.115196
-0.115913
-0.115895
-0.115579
-0.115782
-0.115738
-0.115669
-0.115762
-0.115696
-0.115686
-0.115760
-0.115682
-0.115734
-0.115729
-0.115733
-0.115768
-0.115737
-0.115726
-0.115751
-0.115708
-0.115825
-0.115633
-0.115735
-0.115771
-0.115640
-0.115760
-0.115783
-0.115797
-0.115729
-0.115776
-0.115780
-0.115756
-0.115776
-0.115761
-0.115741
-0.043236
1.084353
0.246171
-0.016645
-0.078214
-0.095525
-0.104662
-0.107339
-0.108964
-0.110442
-0.111071
-0.111592
-0.112172
-0.112581
-0.112925
-0.112860
-0.113235
-0.112955
-0.111061
-0.104877
-0.087271
-0.073865
-0.108386
-0.079900
-0.098313
-0.110117
-0.114235
-0.112586
-0.113085
-0.113335
-0.113258
-0.113387
-0.113403
-0.113406
-0.113467
-0.113450
-0.113533
-0.113420
-0.113410
-0.113543
-0.113597
-0.112097
-0.107162
-0.107303
-0.110402
-0.106793
-0.114280
-0.115501
-0.114474
-0.114426
-0.114112
-0.114138
-0.114087
-0.114032
-0.114030
-0.113990
-0.113991
-0.113941
-0.113937
-0.113921
-0.113758
-0.113873
-0.113371
-0.112544
-0.111912
-0.115005
-0.112311
-0.113913
-0.114755
-0.114310
-0.114098
-0.114443
-0.114349
-0.114291
-0.114309
-0.114277
-0.114288
-0.114281
-0.114281
-0.114283
-0.114261
-0.114303
-0.114247
-0.114197
-0.113982
-0.113715
-0.115214
-0.114496
-0.114771
-0.115185
-0.114415
-0.113967
-0.114550
-0.114563
-0.114479
-0.114417
-0.114479
-0.114460
-0.114458
-0.114469
-0.077285
0.502295
0.199148
0.003113
-0.033603
-0.053016
-0.064718
-0.072280
-0.079085
-0.082588
-0.086441
-0.089714
-0.091291
-0.094062
-0.095503
-0.096600
-0.099000
-0.099299
-0.101262
-0.099947
-0.100827
-0.108014
-0.097989
-0.094310
-0.097442
-0.104272
-0.103490
-0.104028
-0.105207
-0.105222
-0.105770
-0.106354
-0.106326
-0.106971
-0.107182
-0.107289
-0.107891
-0.107834
-0.108177
-0.108721
-0.108338
-0.109865
-0.111579
-0.109680
-0.107368
-0.111284
-0.111217
-0.109685
-0.110195
-0.109922
-0.110079
-0.110291
-0.110164
-0.110431
-0.110474
-0.110457
-0.110718
-0.110643
-0.110751
-0.110938
-0.110772
-0.111009
-0.111029
-0.111010
-0.110631
-0.110260
-0.111918
-0.111937
-0.111806
-0.111506
-0.111675
-0.111800
-0.111631
-0.111774
-0.111790
-0.111745
-0.111884
-0.111828
-0.111861
-0.111953
-0.111870
-0.111971
-0.111980
-0.111889
-0.112100
-0.111692
-0.111472
-0.112094
-0.112161
-0.111556
-0.111676
-0.112220
-0.112092
-0.112136
-0.112099
-0.112088
-0.112162
-0.112098
-0.112126
-0.112153
0.030611
1.949355
0.362335
0.194685
0.103111
0.053053
0.022674
0.001545
-0.014585
-0.025287
-0.035006
-0.042879
-0.048262
-0.054234
-0.058410
-0.061726
-0.065912
-0.067911
-0.068891
-0.076803
-0.061357
-0.080595
-0.064045
-0.056412
-0.087440
-0.084000
-0.085896
-0.086808
-0.088188
-0.088586
-0.089783
-0.090720
-0.091147
-0.092251
-0.092872
-0.093339
-0.094353
-0.094709
-0.095311
-0.096356
-0.096689
-0.097125
-0.100027
-0.101485
-0.092997
-0.106207
-0.098755
-0.100152
-0.100167
-0.100022
-0.100407
-0.100697
-0.100741
-0.101192
-0.101371
-0.101509
-0.101928
-0.102011
-0.102229
-0.102597
-0.102605
-0.102904
-0.103350
-0.102846
-0.104608
-0.099663
-0.106454
-0.103540
-0.104064
-0.103848
-0.104291
-0.104325
-0.104335
-0.104570
-0.104625
-0.104663
-0.104864
-0.104862
-0.104941
-0.105093
-0.105051
-0.105166
-0.105250
-0.105160
-0.105230
-0.105499
-0.104121
-0.105216
-0.105356
-0.104436
-0.105055
-0.105833
-0.105375
-0.105550
-0.105521
-0.105554
-0.105626
-0.105576
-0.105619
-0.105642
