-2.178414
1.728746
0.002725
-9.684617
-0.105138
-0.105124
0.026873
1.343535
5.470090
-3.750897
-0.105129
-0.105123
2.174441
1.568273
6.506462
-5.054055
-0.105138
-0.105115
-0.266019
2.215019
5.711198
-6.217365
-0.105134
-0.105131
0.018608
5.077003
9.802780
-9.059137
-0.105133
-0.105134
-0.014878
1.250657
3.357278
-3.136559
-0.105133
-0.105131
8.800612
-0.103542
8.803035
8.798648
-0.105132
-0.105137
8.402824
3.215756
14.636266
3.918172
-0.105132
-0.105135
1.962897
0.513558
0.334566
0.476285
0.260988
0.027645
0.316213
0.199237
0.139636
0.033043
0.095984
0.127239
-0.088129
0.061184
-0.022005
-0.088878
-0.023919
0.000299
-0.025709
-0.038247
0.051675
-0.009649
-0.050823
0.018207
-0.044387
-0.047893
-0.014612
-0.063227
-0.030047
-0.051034
-0.065421
-0.039676
-0.076205
-0.058808
-0.048612
-0.078222
-0.070214
-0.060496
-0.084368
-0.099919
-0.074749
-0.071387
-0.103164
-0.072837
-0.080965
-0.088626
-0.079269
-0.094472
-0.093926
-0.094435
-0.088509
-0.093626
-0.102026
-0.093250
-0.093331
-0.091276
-0.098185
-0.100231
-0.100313
-0.098556
-0.090024
-0.095719
-0.093052
-0.092158
-0.095347
-0.095668
-0.102677
-0.096694
-0.100304
-0.098526
-0.102801
-0.100523
-0.099021
-0.101875
-0.092901
-0.095394
-0.098887
-0.092344
-0.097360
-0.101631
-0.095091
-0.098479
-0.099013
-0.095362
-0.099717
-0.098097
-0.099054
-0.099000
-0.095248
-0.096995
-0.097686
-0.095780
-0.098302
-0.101134
-0.099529
-0.101151
-0.103679
-0.096869
-0.098840
-0.102363
0.025352
0.280646
0.290018
0.125707
-0.029915
-0.005364
-0.032184
0.002013
0.072148
0.052837
0.194260
0.176376
0.150158
0.219044
0.151633
0.090503
0.145699
0.016146
0.011152
-0.007019
-0.093692
-0.056519
-0.073151
-0.098123
-0.057796
-0.048133
-0.046476
-0.041683
-0.050896
-0.060917
-0.053825
-0.073375
-0.077017
-0.064713
-0.074849
-0.066810
-0.055134
-0.075337
-0.047315
-0.058488
-0.055977
-0.048212
-0.070414
-0.068592
-0.068258
-0.093496
-0.090055
-0.097359
-0.096104
-0.097896
-0.091524
-0.092814
-0.097711
-0.095427
-0.096068
-0.100669
-0.098860
-0.096853
-0.094869
-0.098391
-0.097464
-0.099947
-0.097107
-0.100872
-0.093802
-0.094590
-0.091403
-0.087310
-0.092407
-0.091438
-0.090025
-0.096538
-0.097693
-0.097752
-0.103679
-0.103828
-0.099266
-0.100389
-0.101742
-0.097630
-0.101281
-0.096560
-0.097366
-0.097719
-0.097452
-0.096993
-0.098828
-0.097508
-0.097660
-0.097763
-0.094862
-0.096815
-0.094999
-0.094542
-0.096023
-0.092704
-0.096029
-0.097673
-0.096939
-0.100803
2.173321
0.221354
0.232638
0.000962
0.349361
0.354494
0.190522
0.210118
0.194641
0.197971
0.031063
0.033283
0.085590
0.005444
-0.007736
0.038495
0.022698
-0.000308
0.068239
0.052441
0.002653
0.076476
0.019043
0.004694
0.040139
-0.025753
-0.010227
-0.006996
-0.023562
-0.040032
-0.015987
-0.041600
-0.049573
-0.023610
-0.063971
-0.053763
-0.046577
-0.072406
-0.071208
-0.064332
-0.082580
-0.087939
-0.072490
-0.087083
-0.084572
-0.069772
-0.081358
-0.081045
-0.075015
-0.073557
-0.084951
-0.088101
-0.087149
-0.099658
-0.104764
-0.102132
-0.102267
-0.100636
-0.096633
-0.102668
-0.096213
-0.093607
-0.097500
-0.097322
-0.100998
-0.096602
-0.090460
-0.097106
-0.098002
-0.090130
-0.093728
-0.096677
-0.092387
-0.094164
-0.098284
-0.090076
-0.095770
-0.097359
-0.090712
-0.097954
-0.095056
-0.092766
-0.096624
-0.095416
-0.094618
-0.096150
-0.098873
-0.095501
-0.097684
-0.099902
-0.097261
-0.100897
-0.098347
-0.096304
-0.098857
-0.095414
-0.094091
-0.098923
-0.094673
-0.093472
0.054569
0.591298
0.756492
0.154101
0.411151
0.545472
0.182984
0.225349
0.321026
0.128192
0.210712
0.182575
-0.033112
0.033268
0.055223
-0.053358
-0.086491
-0.035949
-0.035935
-0.067919
-0.036295
-0.050466
-0.065595
-0.065389
-0.072051
-0.090630
-0.090119
-0.090868
-0.102127
-0.098913
-0.093980
-0.097180
-0.098140
-0.091975
-0.091849
-0.098028
-0.094854
-0.090113
-0.097363
-0.096960
-0.087840
-0.089197
-0.088987
-0.075981
-0.082056
-0.091971
-0.075635
-0.087061
-0.094498
-0.090916
-0.097878
-0.100669
-0.096375
-0.098351
-0.098221
-0.099461
-0.100437
-0.101783
-0.101153
-0.099059
-0.100698
-0.095406
-0.095346
-0.098813
-0.097350
-0.096459
-0.100912
-0.098622
-0.100113
-0.101394
-0.103315
-0.097144
-0.098387
-0.101461
-0.097516
-0.099388
-0.101448
-0.100419
-0.101450
-0.103709
-0.102628
-0.103093
-0.103558
-0.104633
-0.103920
-0.103978
-0.104704
-0.103793
-0.103688
-0.103607
-0.102461
-0.102229
-0.103525
-0.102157
-0.101509
-0.103229
-0.101851
-0.100470
-0.102246
-0.100310
0.020451
1.845954
2.577861
0.922294
0.568439
0.659104
0.060474
0.126685
0.174682
0.095305
0.016380
-0.011094
0.001338
-0.024188
-0.077125
-0.049678
-0.065130
-0.071071
-0.061125
-0.083122
-0.089376
-0.065402
-0.076762
-0.086945
-0.066633
-0.078596
-0.080504
-0.071791
-0.085257
-0.083546
-0.081094
-0.089834
-0.091628
-0.089227
-0.095821
-0.097237
-0.094017
-0.097875
-0.098423
-0.095601
-0.100820
-0.096822
-0.099196
-0.102744
-0.096238
-0.099622
-0.100013
-0.099097
-0.096732
-0.091800
-0.097049
-0.096274
-0.089492
-0.099807
-0.094873
-0.095068
-0.093587
-0.097405
-0.092600
-0.085622
-0.102677
-0.097603
-0.098150
-0.102464
-0.103185
-0.099984
-0.098823
-0.102254
-0.102645
-0.101823
-0.103970
-0.103657
-0.103998
-0.103966
-0.103859
-0.103201
-0.104078
-0.104305
-0.101358
-0.104206
-0.103458
-0.101419
-0.104176
-0.103293
-0.100953
-0.101757
-0.103248
-0.099954
-0.102510
-0.103588
-0.102737
-0.102547
-0.104256
-0.103098
-0.101724
-0.103356
-0.103495
-0.103437
-0.103946
-0.103669
-0.014795
0.320866
0.540075
0.353033
0.153958
-0.006317
-0.080851
-0.079069
-0.055984
-0.048346
-0.094182
-0.081781
-0.094474
-0.068479
-0.051519
-0.038424
-0.058623
-0.036719
-0.062606
-0.059102
-0.078781
-0.083774
-0.095358
-0.097207
-0.102509
-0.103067
-0.103189
-0.102686
-0.101642
-0.102058
-0.100672
-0.100312
-0.099310
-0.097231
-0.098215
-0.094134
-0.096340
-0.091486
-0.095116
-0.093391
-0.096793
-0.099366
-0.099057
-0.102685
-0.098768
-0.101838
-0.100287
-0.102622
-0.103489
-0.101268
-0.102483
-0.101976
-0.100101
-0.098591
-0.097845
-0.101285
-0.104514
-0.103318
-0.101285
-0.102149
-0.099727
-0.100747
-0.102834
-0.103664
-0.103057
-0.102804
-0.102706
-0.104255
-0.103416
-0.102963
-0.102842
-0.100992
-0.102882
-0.102283
-0.102862
-0.103364
-0.104147
-0.104553
-0.104225
-0.104495
-0.104095
-0.105000
-0.103634
-0.103412
-0.104971
-0.103934
-0.104286
-0.104361
-0.104132
-0.103174
-0.104213
-0.103622
-0.103538
-0.103974
-0.103502
-0.104860
-0.103842
-0.103824
-0.103483
-0.102710
-2.723283
0.164485
-2.235639
-3.200463
-0.105134
-0.105135
0.201416
0.296774
0.880883
-0.247526
-0.105132
-0.105137
0.034090
0.084079
0.364428
-0.222924
-0.105132
-0.105136
-0.124171
1.258526
2.047224
-2.587610
-0.105133
-0.105135
0.001246
0.684692
1.121776
-1.339062
-0.105134
-0.105136
-0.132421
2.558501
3.737041
-3.629953
-0.105133
-0.105137
5.783247
0.556895
6.874706
4.679565
-0.105133
-0.105136
2.515358
0.013198
0.037316
-0.081572
-0.064481
-0.102999
-0.102530
-0.103776
-0.102656
-0.102744
-0.101700
-0.103257
-0.104291
-0.103946
-0.104490
-0.104564
-0.103834
-0.104357
-0.104172
-0.104750
-0.104794
-0.104760
-0.104619
-0.104105
-0.102270
-0.100561
-0.100924
-0.100782
-0.100482
-0.101600
-0.102798
-0.100393
-0.101096
-0.103610
-0.104354
-0.104355
-0.104658
-0.104951
-0.104952
-0.104525
-0.104624
-0.104856
-0.104697
-0.104704
-0.104781
-0.104653
-0.104826
-0.105086
-0.105055
-0.105011
-0.105002
-0.104961
-0.104982
-0.104023
-0.105006
-0.103827
-0.104921
-0.104642
-0.104456
-0.103855
-0.104617
-0.103980
-0.104788
-0.104902
-0.104874
-0.104908
-0.104965
-0.104984
-0.105062
-0.105014
-0.105039
-0.104984
-0.104933
-0.104912
-0.104867
-0.104884
-0.104920
-0.104939
-0.104992
-0.105045
-0.105030
-0.104909
-0.104883
-0.104752
-0.105039
-0.104933
-0.104936
-0.104924
-0.104915
-0.104813
-0.104874
-0.104857
-0.104878
-0.104898
-0.104926
-0.104953
-0.104969
-0.105003
-0.105056
-0.105098
0.201993
0.164750
-0.028308
-0.071657
-0.092523
-0.090474
-0.102510
-0.103290
-0.103752
-0.104795
-0.104358
-0.103827
-0.104590
-0.104376
-0.104594
-0.104725
-0.104805
-0.104019
-0.104556
-0.104406
-0.104002
-0.104188
-0.104580
-0.103822
-0.102599
-0.102946
-0.100768
-0.101726
-0.100413
-0.103724
-0.099875
-0.101112
-0.101836
-0.104408
-0.103225
-0.104267
-0.104537
-0.104694
-0.104799
-0.104693
-0.104530
-0.104745
-0.104590
-0.104633
-0.104758
-0.104662
-0.104917
-0.104940
-0.104988
-0.104992
-0.104896
-0.104782
-0.104986
-0.104374
-0.104943
-0.103977
-0.104180
-0.104469
-0.104242
-0.104551
-0.104466
-0.104314
-0.104730
-0.104600
-0.104697
-0.104763
-0.104840
-0.104925
-0.104932
-0.104901
-0.104944
-0.104894
-0.104861
-0.104881
-0.104816
-0.104851
-0.104867
-0.104868
-0.104904
-0.104965
-0.104994
-0.104985
-0.104933
-0.104839
-0.104738
-0.104973
-0.104851
-0.104773
-0.105046
-0.104909
-0.104931
-0.104885
-0.104882
-0.104895
-0.104907
-0.104914
-0.104936
-0.104969
-0.104981
-0.104995
0.033458
0.023451
-0.070826
-0.103353
-0.096476
-0.102201
-0.103430
-0.104265
-0.102375
-0.104193
-0.103803
-0.104333
-0.102807
-0.104744
-0.104408
-0.104888
-0.103892
-0.104255
-0.104453
-0.104899
-0.104708
-0.104634
-0.104780
-0.104892
-0.104712
-0.104239
-0.103736
-0.103471
-0.102558
-0.103477
-0.102723
-0.103603
-0.104766
-0.104232
-0.104409
-0.104572
-0.104716
-0.104615
-0.104703
-0.104652
-0.104971
-0.104582
-0.104793
-0.104803
-0.104812
-0.104978
-0.104803
-0.104945
-0.104970
-0.104993
-0.104945
-0.104954
-0.105002
-0.105099
-0.104834
-0.104624
-0.104599
-0.104843
-0.104731
-0.104748
-0.104811
-0.105021
-0.104926
-0.104915
-0.104912
-0.104969
-0.104951
-0.104954
-0.104915
-0.105006
-0.104942
-0.104945
-0.104950
-0.104902
-0.105012
-0.104941
-0.104964
-0.104960
-0.105013
-0.104988
-0.104990
-0.104976
-0.105041
-0.104949
-0.104872
-0.104985
-0.104872
-0.104999
-0.105092
-0.105015
-0.105029
-0.105021
-0.105019
-0.104996
-0.105007
-0.105014
-0.105025
-0.105007
-0.105019
-0.105035
-0.075074
0.729527
0.349415
0.056301
-0.067387
-0.074800
-0.082956
-0.086047
-0.088508
-0.089736
-0.091307
-0.092480
-0.093305
-0.094064
-0.094613
-0.095028
-0.095348
-0.095573
-0.095824
-0.095958
-0.096058
-0.096207
-0.095767
-0.095187
-0.092373
-0.090036
-0.082565
-0.092436
-0.084102
-0.085490
-0.095105
-0.090075
-0.096716
-0.101402
-0.102090
-0.104361
-0.104332
-0.104085
-0.103835
-0.103662
-0.103565
-0.103481
-0.103419
-0.103352
-0.103276
-0.103195
-0.103102
-0.103031
-0.102968
-0.102913
-0.102926
-0.102800
-0.102976
-0.102251
-0.100663
-0.098355
-0.098786
-0.103587
-0.099996
-0.100560
-0.101798
-0.103863
-0.104084
-0.104061
-0.104029
-0.103915
-0.103841
-0.103786
-0.103748
-0.103734
-0.103730
-0.103734
-0.103737
-0.103734
-0.103723
-0.103699
-0.103669
-0.103651
-0.103628
-0.103651
-0.103744
-0.103771
-0.104195
-0.103092
-0.103975
-0.102570
-0.102792
-0.102710
-0.103463
-0.103064
-0.103221
-0.103342
-0.103475
-0.103581
-0.103639
-0.103671
-0.103682
-0.103680
-0.103673
-0.103666
-0.000261
0.422101
0.070512
-0.072216
-0.097578
-0.099043
-0.101791
-0.102454
-0.102455
-0.102495
-0.102703
-0.102827
-0.103034
-0.103327
-0.103703
-0.104092
-0.104460
-0.104812
-0.104990
-0.104697
-0.104573
-0.104407
-0.104424
-0.104831
-0.104292
-0.104103
-0.102669
-0.092506
-0.096256
-0.099822
-0.093794
-0.099164
-0.101331
-0.102656
-0.103054
-0.103721
-0.104091
-0.104238
-0.104253
-0.104182
-0.104096
-0.104031
-0.104009
-0.104038
-0.104115
-0.104225
-0.104363
-0.104519
-0.104675
-0.104782
-0.104762
-0.104649
-0.104634
-0.104434
-0.104406
-0.103887
-0.102241
-0.103829
-0.103349
-0.103248
-0.103807
-0.103974
-0.104162
-0.104215
-0.104327
-0.104445
-0.104539
-0.104614
-0.104647
-0.104640
-0.104601
-0.104550
-0.104502
-0.104469
-0.104453
-0.104456
-0.104479
-0.104526
-0.104591
-0.104665
-0.104748
-0.104827
-0.104765
-0.104553
-0.104247
-0.104732
-0.104242
-0.104766
-0.104856
-0.104631
-0.104546
-0.104520
-0.104518
-0.104524
-0.104546
-0.104578
-0.104619
-0.104662
-0.104702
-0.104731
-0.094240
1.757559
0.129843
0.052921
-0.064188
-0.098118
-0.104073
-0.104583
-0.104801
-0.104882
-0.104602
-0.104270
-0.104237
-0.104007
-0.103932
-0.103805
-0.103694
-0.103524
-0.103475
-0.103253
-0.102979
-0.102787
-0.102295
-0.101846
-0.098137
-0.098551
-0.085264
-0.082403
-0.066268
-0.071588
-0.082683
-0.086660
-0.102046
-0.099212
-0.102044
-0.102423
-0.102856
-0.103184
-0.103448
-0.103657
-0.103803
-0.103917
-0.104043
-0.104130
-0.104198
-0.104277
-0.104318
-0.104333
-0.104337
-0.104319
-0.104289
-0.104232
-0.103942
-0.103979
-0.101225
-0.103352
-0.094969
-0.103987
-0.096172
-0.103984
-0.101824
-0.104362
-0.103867
-0.104105
-0.104159
-0.104214
-0.104266
-0.104315
-0.104362
-0.104402
-0.104430
-0.104463
-0.104491
-0.104513
-0.104540
-0.104569
-0.104590
-0.104606
-0.104621
-0.104619
-0.104624
-0.104358
-0.104677
-0.103412
-0.103047
-0.103035
-0.101934
-0.104952
-0.104237
-0.104964
-0.105026
-0.104910
-0.104830
-0.104787
-0.104758
-0.104738
-0.104724
-0.104716
-0.104714
-0.104712
