-2.204973
1.823386
0.752011
-9.478878
-0.103460
-0.103449
-0.033268
1.147725
4.486880
-2.334892
-0.103452
-0.103449
2.166686
1.489072
5.494232
-5.306077
-0.103461
-0.103436
-0.355482
2.064932
5.571987
-6.384048
-0.103457
-0.103453
-0.056566
5.106147
10.199574
-9.278793
-0.103456
-0.103457
0.022070
1.254853
3.135353
-3.119191
-0.103456
-0.103454
8.847686
-0.102937
8.849073
8.846621
-0.103453
-0.103453
8.337837
3.280128
14.659246
3.789691
-0.103455
-0.103458
1.993240
0.582553
0.366351
0.467639
0.274781
-0.032078
0.297123
0.228348
0.074958
0.061884
0.067835
0.149133
-0.047671
0.080691
0.074906
-0.057143
0.073449
0.069314
-0.001200
0.035528
0.041237
0.012245
-0.029580
0.016523
-0.031699
-0.050520
-0.025558
-0.087159
-0.058928
-0.062889
-0.086542
-0.056758
-0.053207
-0.085949
-0.039425
-0.058776
-0.065477
-0.051939
-0.063957
-0.074799
-0.073635
-0.073226
-0.093192
-0.087629
-0.083132
-0.099259
-0.076998
-0.080874
-0.089734
-0.081305
-0.084227
-0.080997
-0.096100
-0.091370
-0.092186
-0.100148
-0.097529
-0.096251
-0.092363
-0.090425
-0.090864
-0.090153
-0.098929
-0.093815
-0.089788
-0.098523
-0.094697
-0.095184
-0.089937
-0.092795
-0.094649
-0.087742
-0.094040
-0.094887
-0.090057
-0.095591
-0.095934
-0.092648
-0.095671
-0.097437
-0.095528
-0.095397
-0.098511
-0.093233
-0.096906
-0.098479
-0.095517
-0.099794
-0.100288
-0.094568
-0.100041
-0.096296
-0.094953
-0.096734
-0.092405
-0.097535
-0.094949
-0.095109
-0.098435
-0.098125
-0.034175
0.249921
0.283873
0.169407
0.042055
-0.067050
-0.007750
-0.035891
0.012463
-0.014408
0.092505
0.118545
0.030407
0.147955
0.124806
0.035726
0.114214
0.018337
0.003011
0.027344
-0.052140
-0.002932
-0.039507
-0.073779
-0.041788
-0.063511
-0.089524
-0.086185
-0.087369
-0.095778
-0.081074
-0.088322
-0.096343
-0.070251
-0.082845
-0.093330
-0.075784
-0.085276
-0.071357
-0.063764
-0.081270
-0.057606
-0.065721
-0.072077
-0.061509
-0.079299
-0.083485
-0.080365
-0.092626
-0.093336
-0.098652
-0.097870
-0.098217
-0.102642
-0.100866
-0.101107
-0.102726
-0.099434
-0.099152
-0.097464
-0.096969
-0.098509
-0.101123
-0.101505
-0.099735
-0.098940
-0.100441
-0.097157
-0.093092
-0.097729
-0.091820
-0.092155
-0.096098
-0.091087
-0.093243
-0.096019
-0.092193
-0.097178
-0.094593
-0.094313
-0.100371
-0.098722
-0.098122
-0.102751
-0.102398
-0.102177
-0.101657
-0.101691
-0.101335
-0.102547
-0.102241
-0.100168
-0.102663
-0.098826
-0.100277
-0.099357
-0.096544
-0.099582
-0.098295
-0.097703
2.165951
0.250673
0.283029
0.004425
0.362796
0.409372
0.205959
0.212676
0.209719
0.182042
0.040976
-0.001138
0.066107
-0.026632
-0.038876
-0.000816
-0.059580
-0.045767
-0.017841
-0.027783
-0.065476
-0.050218
-0.042684
-0.090308
-0.073157
-0.067165
-0.086227
-0.093810
-0.085708
-0.092226
-0.090849
-0.096520
-0.088022
-0.077597
-0.091761
-0.085820
-0.072018
-0.090424
-0.085424
-0.080267
-0.088776
-0.096601
-0.085048
-0.087439
-0.097740
-0.081164
-0.084915
-0.100515
-0.082565
-0.083667
-0.090679
-0.095624
-0.098157
-0.096386
-0.095084
-0.090257
-0.096344
-0.092202
-0.093189
-0.091452
-0.091466
-0.091299
-0.083632
-0.086660
-0.092308
-0.090433
-0.092863
-0.095346
-0.102596
-0.096122
-0.095850
-0.102228
-0.096566
-0.097702
-0.100607
-0.096958
-0.097672
-0.100310
-0.099835
-0.097891
-0.100484
-0.099196
-0.098302
-0.101864
-0.100613
-0.099461
-0.101402
-0.099659
-0.100010
-0.101700
-0.101215
-0.101652
-0.102404
-0.099789
-0.098650
-0.100988
-0.099831
-0.101127
-0.100446
-0.100858
0.146282
0.563944
0.661613
0.162909
0.391013
0.535080
0.190006
0.145170
0.302108
0.150143
0.142228
0.180158
0.005397
0.011545
0.058654
-0.053422
-0.061574
-0.055038
-0.067588
-0.092618
-0.078722
-0.077922
-0.100950
-0.079386
-0.090313
-0.089731
-0.082141
-0.092054
-0.088774
-0.091675
-0.094991
-0.096663
-0.100232
-0.090006
-0.088024
-0.094390
-0.086033
-0.086111
-0.094571
-0.091039
-0.085757
-0.091164
-0.095358
-0.081784
-0.081828
-0.093206
-0.080923
-0.078071
-0.089811
-0.084725
-0.089558
-0.098582
-0.093393
-0.095040
-0.102530
-0.102909
-0.102714
-0.101603
-0.100692
-0.099653
-0.097784
-0.099959
-0.096571
-0.096679
-0.101263
-0.096840
-0.096677
-0.099476
-0.094694
-0.098092
-0.099050
-0.095656
-0.098650
-0.100270
-0.098420
-0.100381
-0.101153
-0.099772
-0.100298
-0.102078
-0.100505
-0.100116
-0.101011
-0.099864
-0.100157
-0.101250
-0.101436
-0.101637
-0.101721
-0.101742
-0.100724
-0.100031
-0.100862
-0.099287
-0.099247
-0.101491
-0.099412
-0.099944
-0.102245
-0.101182
-0.055058
1.808772
2.571061
1.072947
0.466050
0.729172
0.098396
0.147226
0.186930
0.070798
0.019489
-0.014330
-0.025775
-0.017854
-0.055267
-0.051379
-0.064367
-0.047810
-0.040856
-0.081226
-0.064467
-0.049260
-0.066348
-0.068815
-0.055919
-0.059762
-0.076127
-0.057835
-0.071462
-0.076840
-0.069367
-0.077503
-0.083282
-0.076897
-0.087416
-0.089804
-0.087894
-0.093513
-0.099162
-0.093507
-0.094633
-0.096891
-0.091309
-0.097129
-0.099379
-0.094313
-0.094886
-0.099630
-0.096029
-0.089815
-0.091124
-0.097330
-0.090464
-0.083697
-0.101508
-0.085715
-0.091310
-0.099228
-0.100058
-0.093365
-0.090319
-0.099618
-0.096551
-0.097444
-0.097204
-0.097749
-0.101037
-0.097939
-0.097620
-0.100764
-0.101042
-0.099335
-0.100787
-0.102949
-0.100378
-0.099125
-0.100153
-0.102121
-0.098685
-0.100386
-0.101748
-0.099753
-0.100219
-0.103017
-0.099654
-0.099442
-0.102585
-0.100137
-0.099466
-0.102154
-0.098432
-0.101247
-0.100961
-0.099813
-0.100224
-0.102525
-0.100908
-0.100153
-0.102735
-0.101085
0.022400
0.232105
0.540817
0.435917
0.144752
-0.036623
-0.070337
-0.051112
-0.044742
-0.068406
-0.075416
-0.063527
-0.086800
-0.066885
-0.061693
-0.047350
-0.050421
-0.045650
-0.045859
-0.066921
-0.063169
-0.078618
-0.080932
-0.085578
-0.089666
-0.093125
-0.095914
-0.100170
-0.099560
-0.102212
-0.099893
-0.102322
-0.098556
-0.098505
-0.096965
-0.094577
-0.093162
-0.090902
-0.090974
-0.091197
-0.089183
-0.094819
-0.094897
-0.098879
-0.100540
-0.103193
-0.101468
-0.102698
-0.101386
-0.097843
-0.100476
-0.103001
-0.102194
-0.100042
-0.095652
-0.096064
-0.098899
-0.101859
-0.102076
-0.101679
-0.098267
-0.098297
-0.099382
-0.099570
-0.101310
-0.101620
-0.102511
-0.101927
-0.100485
-0.101222
-0.101822
-0.101041
-0.101083
-0.101418
-0.101467
-0.100776
-0.102007
-0.101607
-0.101139
-0.101001
-0.100945
-0.102125
-0.101607
-0.102182
-0.102706
-0.102889
-0.102633
-0.102057
-0.102293
-0.102279
-0.103159
-0.102590
-0.102255
-0.101889
-0.101502
-0.101160
-0.101546
-0.101252
-0.101340
-0.101865
-2.749099
0.130586
-2.341160
-3.217244
-0.103457
-0.103458
0.245810
0.272670
0.887837
-0.198966
-0.103455
-0.103459
0.029944
0.086073
0.345271
-0.292824
-0.103456
-0.103458
-0.339414
1.644795
2.324781
-3.664651
-0.103457
-0.103458
0.044657
0.557843
1.047323
-1.187670
-0.103457
-0.103458
-0.020873
2.832793
4.206755
-3.763859
-0.103456
-0.103460
6.006498
0.529663
6.840287
4.757825
-0.103457
-0.103458
2.543958
0.024728
-0.017805
-0.063818
-0.058248
-0.098967
-0.100352
-0.101269
-0.101579
-0.101752
-0.102855
-0.101121
-0.101537
-0.102788
-0.102714
-0.102751
-0.102977
-0.102035
-0.102832
-0.102428
-0.102955
-0.103172
-0.103331
-0.102622
-0.102606
-0.097574
-0.099754
-0.099143
-0.100778
-0.102763
-0.100090
-0.099853
-0.101487
-0.100009
-0.103163
-0.103289
-0.103023
-0.103082
-0.103124
-0.103240
-0.102935
-0.103235
-0.103272
-0.103328
-0.103386
-0.103268
-0.103224
-0.103292
-0.103127
-0.103316
-0.103362
-0.103365
-0.103242
-0.103272
-0.102132
-0.102661
-0.102616
-0.102933
-0.103209
-0.102595
-0.102649
-0.103015
-0.102507
-0.103399
-0.103434
-0.103311
-0.103323
-0.103353
-0.103316
-0.103279
-0.103437
-0.103371
-0.103446
-0.103451
-0.103357
-0.103402
-0.103320
-0.103293
-0.103377
-0.103384
-0.103270
-0.103354
-0.103407
-0.102840
-0.103201
-0.103211
-0.103287
-0.103363
-0.102959
-0.103156
-0.103276
-0.103044
-0.103398
-0.103411
-0.103339
-0.103342
-0.103411
-0.103359
-0.103402
-0.103428
0.247331
0.143498
-0.015863
-0.065864
-0.099009
-0.086022
-0.100705
-0.102527
-0.101765
-0.101087
-0.099849
-0.102273
-0.102057
-0.100689
-0.101614
-0.102878
-0.102067
-0.102477
-0.101806
-0.102950
-0.102767
-0.102774
-0.102471
-0.102761
-0.101838
-0.101701
-0.100601
-0.097794
-0.096696
-0.103272
-0.098200
-0.100479
-0.100372
-0.102978
-0.101476
-0.102529
-0.102824
-0.102788
-0.102794
-0.102604
-0.102963
-0.102800
-0.102805
-0.102803
-0.103012
-0.103102
-0.102867
-0.102811
-0.103031
-0.102963
-0.102909
-0.102875
-0.102807
-0.103190
-0.102610
-0.102431
-0.101935
-0.101642
-0.103266
-0.102127
-0.102599
-0.102731
-0.103168
-0.103142
-0.103084
-0.103125
-0.103148
-0.103196
-0.103205
-0.103128
-0.103117
-0.103189
-0.103155
-0.103128
-0.103141
-0.103113
-0.103136
-0.103086
-0.103124
-0.103043
-0.103124
-0.102926
-0.103110
-0.103007
-0.102629
-0.103109
-0.102774
-0.102934
-0.103185
-0.103127
-0.103149
-0.103295
-0.103243
-0.103270
-0.103207
-0.103262
-0.103257
-0.103241
-0.103211
-0.103253
0.029726
0.016328
-0.050063
-0.079013
-0.101067
-0.102131
-0.102629
-0.101788
-0.100410
-0.102886
-0.102578
-0.101953
-0.102119
-0.101684
-0.102870
-0.102895
-0.102809
-0.102947
-0.102935
-0.102956
-0.102983
-0.103003
-0.103263
-0.102780
-0.102674
-0.102416
-0.102276
-0.099682
-0.100207
-0.102852
-0.101211
-0.101858
-0.101503
-0.102634
-0.102801
-0.102997
-0.102971
-0.102891
-0.103098
-0.103048
-0.103019
-0.103045
-0.102982
-0.103274
-0.103303
-0.103280
-0.103221
-0.103182
-0.103108
-0.103133
-0.103281
-0.103184
-0.103095
-0.102975
-0.102902
-0.103326
-0.102383
-0.102678
-0.103152
-0.102953
-0.103037
-0.103037
-0.103134
-0.103184
-0.103227
-0.103265
-0.103331
-0.103290
-0.103281
-0.103277
-0.103264
-0.103266
-0.103302
-0.103331
-0.103286
-0.103312
-0.103267
-0.103257
-0.103275
-0.103287
-0.103296
-0.103201
-0.103198
-0.103172
-0.103088
-0.103045
-0.103297
-0.103070
-0.103339
-0.103383
-0.103220
-0.103414
-0.103375
-0.103354
-0.103364
-0.103362
-0.103372
-0.103364
-0.103337
-0.103309
0.138092
0.918001
0.539880
0.141993
-0.072067
-0.075923
-0.090860
-0.100099
-0.101472
-0.101693
-0.100946
-0.100266
-0.100136
-0.100684
-0.101532
-0.102515
-0.102334
-0.101311
-0.100583
-0.100379
-0.100750
-0.101563
-0.102589
-0.100498
-0.103014
-0.093852
-0.078616
-0.068598
-0.080676
-0.095175
-0.082485
-0.080735
-0.085689
-0.099915
-0.098834
-0.101201
-0.102782
-0.102559
-0.102050
-0.101825
-0.101864
-0.102147
-0.102609
-0.103065
-0.103001
-0.102606
-0.102306
-0.102190
-0.102296
-0.102607
-0.102989
-0.102974
-0.101929
-0.102629
-0.100346
-0.096580
-0.096532
-0.099521
-0.099718
-0.099822
-0.099642
-0.097437
-0.101553
-0.101942
-0.102582
-0.103173
-0.102957
-0.102716
-0.102623
-0.102670
-0.102841
-0.103094
-0.103279
-0.103113
-0.102893
-0.102752
-0.102730
-0.102855
-0.103108
-0.103162
-0.102802
-0.101431
-0.103052
-0.102133
-0.099437
-0.101088
-0.102100
-0.100163
-0.102904
-0.102721
-0.100079
-0.102305
-0.102833
-0.103160
-0.103149
-0.102925
-0.102828
-0.102855
-0.102980
-0.103180
0.044327
0.293618
0.134680
-0.062458
-0.078623
-0.093057
-0.096897
-0.097462
-0.098090
-0.098610
-0.099079
-0.099555
-0.099969
-0.100212
-0.100440
-0.100667
-0.100715
-0.100894
-0.101090
-0.101281
-0.101468
-0.101470
-0.101424
-0.101545
-0.101600
-0.100784
-0.100484
-0.091905
-0.092068
-0.102517
-0.094919
-0.092307
-0.101504
-0.101904
-0.102270
-0.102408
-0.102515
-0.102489
-0.102423
-0.102389
-0.102377
-0.102413
-0.102476
-0.102514
-0.102546
-0.102524
-0.102491
-0.102492
-0.102527
-0.102581
-0.102622
-0.102637
-0.102611
-0.102511
-0.102898
-0.102972
-0.100680
-0.100505
-0.102706
-0.100801
-0.101045
-0.103170
-0.103075
-0.102814
-0.102766
-0.102804
-0.102835
-0.102841
-0.102821
-0.102795
-0.102780
-0.102792
-0.102813
-0.102826
-0.102830
-0.102809
-0.102787
-0.102779
-0.102792
-0.102821
-0.102792
-0.102746
-0.102479
-0.103072
-0.102760
-0.102015
-0.102961
-0.102726
-0.102254
-0.102782
-0.102740
-0.102828
-0.102862
-0.102843
-0.102843
-0.102870
-0.102896
-0.102899
-0.102885
-0.102869
-0.010342
1.961394
0.025070
-0.003753
-0.036678
-0.099585
-0.092970
-0.097038
-0.099959
-0.101646
-0.100469
-0.099397
-0.099031
-0.099403
-0.100526
-0.101987
-0.102397
-0.101050
-0.099976
-0.099411
-0.099754
-0.100763
-0.102234
-0.101216
-0.098071
-0.090245
-0.093283
-0.086679
-0.056575
-0.092314
-0.059404
-0.095943
-0.096910
-0.095699
-0.100553
-0.101311
-0.102880
-0.102658
-0.101968
-0.101646
-0.101714
-0.102079
-0.102611
-0.103232
-0.103081
-0.102590
-0.102247
-0.102124
-0.102204
-0.102539
-0.103078
-0.103030
-0.102237
-0.101099
-0.099618
-0.100778
-0.098398
-0.095260
-0.098731
-0.095021
-0.099146
-0.101120
-0.100056
-0.101974
-0.102575
-0.103133
-0.102784
-0.102476
-0.102374
-0.102493
-0.102773
-0.103134
-0.103276
-0.102957
-0.102705
-0.102588
-0.102635
-0.102841
-0.103180
-0.103172
-0.102374
-0.102217
-0.101137
-0.102409
-0.101391
-0.101633
-0.101646
-0.100571
-0.101562
-0.100344
-0.101847
-0.101392
-0.102611
-0.103060
-0.103044
-0.102730
-0.102565
-0.102572
-0.102748
-0.103032
