-1.181370
1.857503
2.598261
-7.998270
-0.109815
-0.109807
-0.124107
0.860810
2.886396
-3.103505
-0.109809
-0.109806
2.511018
1.517743
7.596921
-4.266961
-0.109814
-0.109797
-0.384684
1.574104
4.110171
-5.414215
-0.109811
-0.109809
-0.023801
5.551562
10.431250
-9.360445
-0.109811
-0.109813
-0.065608
1.468929
3.497670
-3.105782
-0.109811
-0.109811
10.452635
-0.109020
10.454435
10.451476
-0.109809
-0.109813
7.579291
3.217164
12.912984
2.606197
-0.109811
-0.109814
0.956597
0.626480
0.419171
0.470605
0.273584
0.044729
0.297566
0.138034
0.121127
-0.020364
0.097679
0.100862
-0.048441
0.129825
0.046750
-0.012142
0.043673
-0.058265
-0.035135
-0.050176
-0.004715
-0.058356
-0.030226
-0.084884
0.004044
-0.023554
-0.031360
0.019700
-0.072492
-0.033875
-0.047450
-0.077878
-0.075097
-0.069798
-0.075421
-0.080061
-0.092434
-0.081011
-0.074318
-0.107271
-0.074665
-0.078842
-0.097447
-0.080339
-0.091575
-0.096271
-0.094251
-0.088154
-0.102124
-0.101782
-0.095637
-0.098279
-0.100831
-0.106598
-0.105501
-0.104915
-0.101882
-0.095616
-0.103125
-0.098622
-0.101951
-0.101504
-0.102464
-0.108230
-0.097780
-0.099744
-0.100606
-0.095347
-0.101120
-0.103607
-0.101254
-0.104255
-0.103959
-0.103181
-0.101373
-0.104502
-0.102157
-0.106280
-0.096280
-0.102334
-0.100018
-0.095824
-0.107218
-0.099824
-0.102087
-0.108342
-0.104714
-0.104430
-0.104895
-0.106661
-0.103585
-0.104434
-0.104400
-0.107667
-0.103063
-0.108212
-0.105669
-0.104904
-0.106649
-0.106084
-0.095312
0.221690
0.177638
0.022909
-0.043194
-0.001099
0.056688
-0.024648
-0.053458
-0.065480
0.030782
0.010849
-0.029402
0.060862
-0.026499
-0.009158
0.008815
-0.031615
0.036186
-0.002348
0.008442
0.007813
-0.042059
-0.041774
-0.073585
-0.078667
-0.079927
-0.086741
-0.079170
-0.089120
-0.075653
-0.067643
-0.069143
-0.048997
-0.065694
-0.063881
-0.067528
-0.088613
-0.079358
-0.091340
-0.086989
-0.083283
-0.099529
-0.091617
-0.094988
-0.108781
-0.103019
-0.103150
-0.102256
-0.105943
-0.108468
-0.105403
-0.106852
-0.108691
-0.107624
-0.106584
-0.108125
-0.107193
-0.109572
-0.105083
-0.105696
-0.106643
-0.107303
-0.106940
-0.101911
-0.104380
-0.103329
-0.100115
-0.105875
-0.101956
-0.102302
-0.102709
-0.099166
-0.102081
-0.099361
-0.101190
-0.103383
-0.104227
-0.106425
-0.107236
-0.107253
-0.108023
-0.107228
-0.107072
-0.105101
-0.104415
-0.103617
-0.102812
-0.103827
-0.103688
-0.104524
-0.106818
-0.104265
-0.107831
-0.105819
-0.106582
-0.108087
-0.106987
-0.109302
-0.107985
2.509527
0.271058
0.343463
0.007883
0.430481
0.436565
0.141074
0.125960
0.184391
0.132867
-0.071212
0.024420
0.004472
-0.092895
-0.041042
-0.023925
-0.071277
-0.045697
0.001571
-0.081759
-0.030118
-0.028666
-0.086130
-0.054505
-0.056779
-0.078839
-0.073843
-0.066584
-0.087453
-0.082038
-0.074856
-0.083646
-0.096586
-0.071241
-0.087481
-0.094991
-0.079667
-0.093931
-0.099612
-0.088193
-0.095382
-0.097755
-0.092280
-0.099965
-0.103263
-0.090591
-0.086236
-0.097657
-0.092737
-0.088734
-0.100324
-0.105729
-0.107493
-0.105419
-0.105990
-0.102626
-0.106762
-0.100097
-0.096639
-0.100961
-0.102464
-0.102961
-0.097164
-0.101344
-0.107633
-0.103843
-0.106673
-0.105930
-0.106072
-0.102610
-0.107588
-0.101404
-0.101558
-0.107551
-0.101346
-0.104584
-0.107307
-0.104663
-0.104584
-0.107822
-0.105720
-0.105314
-0.108847
-0.106157
-0.107097
-0.109068
-0.106816
-0.105912
-0.108579
-0.105473
-0.103607
-0.108115
-0.105229
-0.106335
-0.106894
-0.108394
-0.106636
-0.105809
-0.107342
-0.106993
0.164517
0.373885
0.497258
0.125740
0.354378
0.209658
-0.075728
0.161319
0.196372
0.095535
0.188510
0.170248
-0.020884
0.039116
0.006894
-0.068453
-0.081563
-0.045206
-0.082108
-0.089734
-0.086764
-0.098767
-0.102286
-0.097823
-0.099840
-0.103321
-0.100152
-0.106677
-0.100779
-0.107761
-0.101894
-0.104184
-0.103700
-0.101986
-0.094952
-0.107696
-0.094254
-0.100021
-0.106247
-0.101774
-0.089228
-0.092852
-0.093711
-0.084551
-0.087817
-0.099596
-0.093666
-0.099294
-0.104554
-0.100347
-0.102568
-0.107914
-0.108836
-0.105665
-0.107612
-0.104260
-0.105708
-0.105356
-0.104478
-0.105170
-0.107017
-0.100924
-0.101511
-0.102403
-0.098569
-0.102263
-0.106530
-0.103552
-0.105464
-0.108620
-0.107888
-0.108029
-0.108599
-0.108999
-0.108157
-0.107875
-0.109505
-0.108574
-0.109002
-0.108208
-0.109301
-0.107691
-0.108129
-0.108605
-0.108243
-0.108863
-0.108508
-0.107997
-0.108646
-0.108248
-0.108532
-0.108601
-0.108879
-0.108407
-0.107456
-0.107769
-0.107969
-0.104596
-0.106235
-0.106912
-0.022633
2.046269
2.823486
0.781691
0.851136
0.728224
-0.043495
0.178252
0.171175
0.060258
-0.005818
0.001342
-0.014542
-0.035848
-0.046922
-0.046135
-0.102447
-0.052063
-0.045809
-0.080607
-0.052319
-0.046375
-0.083865
-0.055559
-0.071187
-0.072234
-0.076592
-0.080877
-0.080773
-0.094950
-0.080058
-0.092661
-0.089507
-0.086242
-0.094313
-0.098069
-0.097186
-0.101209
-0.104799
-0.102716
-0.101728
-0.105112
-0.102152
-0.104631
-0.102972
-0.101155
-0.093976
-0.096747
-0.099228
-0.086644
-0.103728
-0.094671
-0.098780
-0.099905
-0.103520
-0.093590
-0.095165
-0.107295
-0.099187
-0.101598
-0.108001
-0.102704
-0.102631
-0.105613
-0.105266
-0.107154
-0.106430
-0.107938
-0.107379
-0.108478
-0.109344
-0.107454
-0.107897
-0.109446
-0.105952
-0.107686
-0.107055
-0.106555
-0.107789
-0.107411
-0.107801
-0.108005
-0.108531
-0.107000
-0.108785
-0.106696
-0.107283
-0.108293
-0.106884
-0.108187
-0.108534
-0.107543
-0.108423
-0.108722
-0.106769
-0.108793
-0.107279
-0.107936
-0.108202
-0.108011
-0.065916
0.329856
0.687038
0.428657
0.038984
0.059570
0.032695
0.005992
-0.076722
-0.037150
-0.057865
-0.039557
-0.025284
-0.046105
-0.057759
-0.052665
-0.067148
-0.072253
-0.081503
-0.089486
-0.098622
-0.096871
-0.106934
-0.104446
-0.101215
-0.105157
-0.103168
-0.103408
-0.107191
-0.106527
-0.106450
-0.108593
-0.105031
-0.106048
-0.104270
-0.105909
-0.102735
-0.103870
-0.101967
-0.100579
-0.101107
-0.100397
-0.100522
-0.105238
-0.104153
-0.106423
-0.108411
-0.104869
-0.102530
-0.105063
-0.103654
-0.104163
-0.107160
-0.106930
-0.108365
-0.105090
-0.104072
-0.107290
-0.108008
-0.107841
-0.105704
-0.106485
-0.108728
-0.106899
-0.107693
-0.107452
-0.106712
-0.107363
-0.107420
-0.107101
-0.107779
-0.108411
-0.108506
-0.109544
-0.109125
-0.109495
-0.109316
-0.109228
-0.109605
-0.109080
-0.109354
-0.109194
-0.109531
-0.109488
-0.109566
-0.109108
-0.109028
-0.109015
-0.109025
-0.109740
-0.109415
-0.108599
-0.107995
-0.108914
-0.108867
-0.108131
-0.108096
-0.108759
-0.109189
-0.108443
-2.532508
0.297188
-1.815411
-3.100569
-0.109810
-0.109814
0.820471
0.396923
1.622625
0.173827
-0.109810
-0.109815
0.027161
0.070651
0.294162
-0.252868
-0.109811
-0.109815
-0.152257
1.795329
2.271232
-3.510369
-0.109812
-0.109814
-0.088526
0.440447
0.972214
-0.915080
-0.109810
-0.109813
-0.157510
2.155451
3.478749
-2.644040
-0.109810
-0.109815
6.160475
0.986168
8.185474
4.467552
-0.109810
-0.109813
2.315050
-0.016331
0.159317
-0.088509
-0.082908
-0.103715
-0.107767
-0.108553
-0.108569
-0.108890
-0.108004
-0.109607
-0.108917
-0.109279
-0.109314
-0.109118
-0.109431
-0.108979
-0.109500
-0.109136
-0.109637
-0.109760
-0.109092
-0.105390
-0.108519
-0.093855
-0.107016
-0.108602
-0.106454
-0.098118
-0.107178
-0.108340
-0.108998
-0.109256
-0.109370
-0.109693
-0.109465
-0.109403
-0.109604
-0.109505
-0.109605
-0.109714
-0.109683
-0.109763
-0.109555
-0.109654
-0.109737
-0.109729
-0.109761
-0.109632
-0.108787
-0.109239
-0.106300
-0.108900
-0.109189
-0.108508
-0.107178
-0.108850
-0.109649
-0.109548
-0.109563
-0.109581
-0.109672
-0.109661
-0.109501
-0.109599
-0.109569
-0.109515
-0.109677
-0.109652
-0.109715
-0.109640
-0.109672
-0.109712
-0.109700
-0.109725
-0.109690
-0.109340
-0.109421
-0.108381
-0.109302
-0.109384
-0.108976
-0.108874
-0.109322
-0.109773
-0.109701
-0.109690
-0.109679
-0.109591
-0.109575
-0.109274
-0.109515
-0.109489
-0.109147
-0.109559
-0.109542
-0.109711
-0.109688
-0.109685
0.818583
0.240196
-0.038172
-0.099200
-0.107520
-0.099597
-0.108266
-0.107297
-0.108957
-0.107674
-0.108283
-0.108123
-0.109265
-0.109378
-0.109415
-0.109412
-0.108560
-0.108937
-0.109100
-0.109608
-0.109226
-0.109620
-0.107875
-0.109514
-0.108773
-0.104407
-0.100698
-0.108733
-0.100978
-0.107555
-0.108991
-0.109401
-0.108901
-0.109507
-0.109370
-0.109570
-0.109393
-0.109476
-0.109694
-0.109765
-0.109634
-0.109681
-0.109672
-0.109641
-0.109696
-0.109638
-0.109725
-0.109650
-0.109743
-0.109352
-0.109736
-0.109502
-0.108404
-0.107860
-0.109252
-0.107660
-0.109444
-0.109545
-0.109573
-0.109601
-0.109678
-0.109633
-0.109686
-0.109645
-0.109676
-0.109653
-0.109694
-0.109636
-0.109709
-0.109689
-0.109696
-0.109798
-0.109704
-0.109728
-0.109708
-0.109757
-0.109575
-0.109714
-0.109631
-0.109136
-0.109056
-0.109409
-0.108939
-0.109648
-0.109675
-0.109640
-0.109738
-0.109740
-0.109675
-0.109720
-0.109684
-0.109504
-0.109528
-0.109493
-0.109451
-0.109685
-0.109700
-0.109653
-0.109775
-0.109718
0.027661
0.013587
-0.096817
-0.084005
-0.100745
-0.104471
-0.107274
-0.109684
-0.108346
-0.109013
-0.109488
-0.108490
-0.108981
-0.108687
-0.108617
-0.109156
-0.109022
-0.109757
-0.109564
-0.109324
-0.109659
-0.109283
-0.108749
-0.108518
-0.107240
-0.108340
-0.106641
-0.109458
-0.106670
-0.109742
-0.108232
-0.109075
-0.109360
-0.109501
-0.109781
-0.109598
-0.109655
-0.109703
-0.109588
-0.109679
-0.109670
-0.109579
-0.109671
-0.109691
-0.109769
-0.109792
-0.109724
-0.109740
-0.109719
-0.109594
-0.109532
-0.109240
-0.109327
-0.109163
-0.109621
-0.109052
-0.109700
-0.109442
-0.109607
-0.109701
-0.109710
-0.109785
-0.109748
-0.109735
-0.109741
-0.109706
-0.109765
-0.109803
-0.109732
-0.109760
-0.109779
-0.109771
-0.109786
-0.109778
-0.109763
-0.109768
-0.109732
-0.109708
-0.109594
-0.109555
-0.109579
-0.109670
-0.109492
-0.109707
-0.109680
-0.109717
-0.109754
-0.109753
-0.109768
-0.109792
-0.109729
-0.109671
-0.109696
-0.109729
-0.109685
-0.109734
-0.109782
-0.109786
-0.109771
-0.109774
-0.073192
1.202447
0.154873
-0.002283
-0.071501
-0.086771
-0.100685
-0.103579
-0.104776
-0.105737
-0.106181
-0.106640
-0.106954
-0.107234
-0.107464
-0.107592
-0.107745
-0.107822
-0.107951
-0.107942
-0.107931
-0.107732
-0.105258
-0.103958
-0.098564
-0.089849
-0.076122
-0.106294
-0.076473
-0.101497
-0.103179
-0.108037
-0.107667
-0.108479
-0.108529
-0.108602
-0.108683
-0.108759
-0.108764
-0.108843
-0.108753
-0.108902
-0.108908
-0.108948
-0.108972
-0.108991
-0.109007
-0.109016
-0.108992
-0.108414
-0.108578
-0.106822
-0.104413
-0.103046
-0.108532
-0.101324
-0.108266
-0.108076
-0.109498
-0.109170
-0.109198
-0.109103
-0.109149
-0.109042
-0.109058
-0.109199
-0.109352
-0.108747
-0.109126
-0.109163
-0.109185
-0.109225
-0.109224
-0.109234
-0.109250
-0.109238
-0.108971
-0.109103
-0.108295
-0.106950
-0.107608
-0.109190
-0.106043
-0.108783
-0.108995
-0.109288
-0.109371
-0.109351
-0.109224
-0.109273
-0.108958
-0.108113
-0.109400
-0.109298
-0.108032
-0.108884
-0.109201
-0.109171
-0.109298
-0.109298
-0.087874
0.107779
0.206909
-0.064545
-0.094041
-0.107944
-0.107568
-0.108615
-0.108835
-0.108726
-0.108897
-0.108945
-0.109083
-0.109099
-0.109130
-0.109212
-0.109266
-0.109267
-0.109324
-0.109281
-0.109310
-0.109334
-0.109060
-0.108890
-0.105667
-0.090496
-0.105754
-0.109470
-0.102770
-0.096349
-0.106708
-0.107878
-0.109021
-0.109074
-0.109231
-0.109305
-0.109319
-0.109375
-0.109367
-0.109403
-0.109447
-0.109384
-0.109424
-0.109441
-0.109442
-0.109456
-0.109442
-0.109435
-0.109418
-0.109312
-0.109559
-0.108820
-0.105626
-0.109104
-0.109684
-0.107810
-0.106654
-0.108832
-0.109046
-0.109341
-0.109377
-0.109423
-0.109456
-0.109462
-0.109591
-0.109501
-0.109525
-0.109704
-0.109396
-0.109477
-0.109489
-0.109498
-0.109508
-0.109500
-0.109492
-0.109473
-0.109407
-0.109456
-0.109154
-0.108261
-0.109500
-0.109667
-0.108877
-0.108518
-0.109254
-0.109319
-0.109438
-0.109452
-0.109431
-0.109431
-0.109240
-0.109439
-0.109582
-0.109570
-0.109307
-0.109266
-0.109449
-0.109453
-0.109490
-0.109506
-0.049762
1.456358
0.214682
-0.039868
-0.094225
-0.097041
-0.101909
-0.103340
-0.104354
-0.105041
-0.105495
-0.105896
-0.106250
-0.106466
-0.106667
-0.106899
-0.107036
-0.107187
-0.107307
-0.107391
-0.107413
-0.107427
-0.106822
-0.106727
-0.103282
-0.085808
-0.067619
-0.102168
-0.072877
-0.098484
-0.105419
-0.108775
-0.108654
-0.108863
-0.108879
-0.108894
-0.108898
-0.108848
-0.108889
-0.108881
-0.109033
-0.108937
-0.108948
-0.108957
-0.108965
-0.108975
-0.108990
-0.108994
-0.109009
-0.108878
-0.109044
-0.108281
-0.103281
-0.100622
-0.106042
-0.101598
-0.107789
-0.108833
-0.109349
-0.109317
-0.109316
-0.109300
-0.109323
-0.109302
-0.109098
-0.108965
-0.108951
-0.109411
-0.109342
-0.109334
-0.109310
-0.109297
-0.109299
-0.109307
-0.109316
-0.109337
-0.109304
-0.109551
-0.109231
-0.106724
-0.106050
-0.107319
-0.106564
-0.109358
-0.109535
-0.109445
-0.109433
-0.109424
-0.109417
-0.109561
-0.109580
-0.108439
-0.108227
-0.108038
-0.108355
-0.109540
-0.109584
-0.109420
-0.109408
-0.109395
