-1.194806
1.782789
3.633563
-6.891819
-0.114055
-0.114050
-0.011722
0.974601
3.910289
-3.276189
-0.114051
-0.114047
2.541941
1.383414
6.481304
-3.095150
-0.114055
-0.114043
-0.503784
1.736757
4.313822
-4.218037
-0.114052
-0.114053
-0.052740
5.558357
10.804703
-9.514643
-0.114052
-0.114054
-0.113203
1.422674
3.421090
-3.374685
-0.114052
-0.114053
10.507722
-0.113577
10.508365
10.506877
-0.114054
-0.114054
7.680411
3.281064
13.297238
2.646218
-0.114052
-0.114056
0.962192
0.576071
0.355668
0.451477
0.261415
-0.001798
0.313617
0.141165
0.108679
0.044483
0.125199
0.041835
0.033551
0.129268
-0.027651
0.051530
-0.001114
-0.070845
-0.043422
-0.071970
-0.106685
-0.051787
-0.046712
-0.057098
-0.011133
-0.056954
0.008397
-0.051593
-0.005252
-0.064609
-0.035135
-0.078504
-0.070340
-0.082875
-0.109575
-0.094471
-0.095312
-0.106534
-0.086097
-0.083290
-0.096427
-0.071006
-0.096661
-0.089585
-0.086609
-0.104917
-0.097209
-0.096336
-0.096030
-0.108990
-0.094428
-0.101943
-0.110230
-0.107643
-0.110809
-0.111456
-0.108434
-0.105643
-0.107955
-0.110418
-0.098645
-0.104767
-0.105680
-0.105430
-0.101254
-0.108261
-0.102379
-0.099708
-0.110588
-0.100437
-0.107137
-0.108894
-0.106707
-0.111446
-0.111188
-0.107320
-0.110552
-0.107144
-0.103910
-0.107241
-0.099557
-0.106457
-0.099560
-0.106357
-0.102008
-0.108189
-0.106249
-0.109657
-0.112073
-0.112087
-0.112145
-0.113033
-0.109610
-0.109492
-0.110594
-0.108799
-0.111956
-0.107156
-0.112224
-0.111879
-0.013021
0.232775
0.176110
-0.039336
-0.081546
0.013452
0.046111
0.001415
-0.072020
-0.007662
0.057238
0.000360
0.062646
0.112585
-0.028478
0.062401
-0.014805
0.034266
0.059573
0.005067
0.048536
-0.023469
-0.043451
-0.055670
-0.102414
-0.072691
-0.104032
-0.096157
-0.104588
-0.087352
-0.109880
-0.080439
-0.086336
-0.074035
-0.049637
-0.070019
-0.051993
-0.069847
-0.082696
-0.074705
-0.098481
-0.072243
-0.088385
-0.092772
-0.091959
-0.106087
-0.105397
-0.103858
-0.104816
-0.108738
-0.113440
-0.111720
-0.110296
-0.110593
-0.113509
-0.113040
-0.110974
-0.113405
-0.112561
-0.111003
-0.109556
-0.111092
-0.111165
-0.109054
-0.105729
-0.109366
-0.104009
-0.100167
-0.107086
-0.100825
-0.106462
-0.100932
-0.099419
-0.102610
-0.097046
-0.103550
-0.104893
-0.106009
-0.110413
-0.107949
-0.111547
-0.110939
-0.112858
-0.112135
-0.113153
-0.110125
-0.110928
-0.109687
-0.106283
-0.107648
-0.104752
-0.107134
-0.107783
-0.107484
-0.112188
-0.107544
-0.110400
-0.109503
-0.110904
-0.110662
2.540020
0.251498
0.322496
0.020437
0.420497
0.388570
0.075285
0.130293
0.127144
0.042488
-0.087308
-0.007707
-0.029099
-0.048224
-0.064751
-0.049654
-0.087966
-0.070491
-0.046418
-0.063854
-0.092193
-0.056138
-0.076149
-0.091493
-0.067658
-0.104434
-0.083425
-0.094528
-0.088727
-0.101958
-0.081320
-0.105595
-0.088308
-0.089539
-0.108338
-0.093254
-0.093242
-0.104961
-0.102697
-0.098151
-0.108876
-0.098960
-0.102207
-0.102875
-0.103913
-0.100181
-0.101739
-0.104888
-0.104135
-0.091440
-0.096701
-0.111082
-0.105121
-0.110757
-0.113071
-0.112804
-0.111672
-0.111012
-0.101947
-0.104366
-0.107377
-0.101729
-0.105894
-0.110245
-0.111655
-0.109152
-0.107576
-0.108385
-0.111096
-0.108418
-0.112952
-0.109941
-0.109417
-0.110990
-0.111463
-0.108683
-0.110786
-0.110462
-0.108374
-0.113490
-0.108103
-0.112159
-0.110228
-0.111926
-0.110018
-0.111848
-0.108090
-0.111876
-0.111607
-0.110265
-0.111766
-0.112823
-0.111329
-0.111675
-0.111366
-0.110159
-0.112169
-0.107955
-0.109703
-0.112389
0.274563
0.524317
0.650745
0.111469
0.333993
0.170506
-0.015418
0.192983
0.120380
0.055940
0.184504
0.074950
0.000877
0.056088
-0.029112
-0.067234
-0.081629
-0.044867
-0.079092
-0.096976
-0.078837
-0.096289
-0.087953
-0.103726
-0.092706
-0.110384
-0.095782
-0.109960
-0.095869
-0.110028
-0.101418
-0.109900
-0.101100
-0.106822
-0.101103
-0.110928
-0.104106
-0.099847
-0.111142
-0.103234
-0.100589
-0.095990
-0.104823
-0.094285
-0.090015
-0.102587
-0.097159
-0.098293
-0.112460
-0.106304
-0.106584
-0.111354
-0.106714
-0.110114
-0.113821
-0.111896
-0.111104
-0.110686
-0.107063
-0.110826
-0.111322
-0.107257
-0.110308
-0.106868
-0.103724
-0.108331
-0.107008
-0.106061
-0.110805
-0.111799
-0.111492
-0.110218
-0.112618
-0.112195
-0.111919
-0.113339
-0.111665
-0.112673
-0.112155
-0.112036
-0.112413
-0.112761
-0.112763
-0.112615
-0.113014
-0.112604
-0.112161
-0.112618
-0.111473
-0.113030
-0.112169
-0.112553
-0.113752
-0.111306
-0.111448
-0.112719
-0.113871
-0.109882
-0.110662
-0.112161
-0.050875
2.010837
2.848015
0.851715
0.850623
0.669422
-0.068446
0.208056
0.068184
0.060081
0.028091
-0.037411
-0.001767
-0.016261
-0.062180
-0.044183
-0.098301
-0.057554
-0.065200
-0.105854
-0.061071
-0.079682
-0.099343
-0.079400
-0.101200
-0.097770
-0.093312
-0.110518
-0.095813
-0.101765
-0.103232
-0.098427
-0.110012
-0.100261
-0.101718
-0.111625
-0.099998
-0.103997
-0.111193
-0.103908
-0.109407
-0.106127
-0.106747
-0.107218
-0.104344
-0.104620
-0.104558
-0.104156
-0.111781
-0.098662
-0.102238
-0.100643
-0.090674
-0.107947
-0.107947
-0.106898
-0.098935
-0.110038
-0.099805
-0.101672
-0.111309
-0.107254
-0.110601
-0.110312
-0.111144
-0.111301
-0.109796
-0.111219
-0.112558
-0.111301
-0.113656
-0.112337
-0.112036
-0.112670
-0.111597
-0.112093
-0.112776
-0.112553
-0.113099
-0.112982
-0.113216
-0.113180
-0.112861
-0.113732
-0.113637
-0.113166
-0.113277
-0.113174
-0.111625
-0.113687
-0.112522
-0.112657
-0.112183
-0.113197
-0.109966
-0.112381
-0.112138
-0.113000
-0.113141
-0.112309
-0.113319
0.349145
0.636855
0.304337
0.164344
0.181840
0.051336
-0.029022
-0.113414
-0.048485
-0.075965
-0.054742
-0.050151
-0.078042
-0.065296
-0.078304
-0.091153
-0.087909
-0.098377
-0.103840
-0.100323
-0.108712
-0.101757
-0.108027
-0.100556
-0.102930
-0.107478
-0.099742
-0.109875
-0.104366
-0.106358
-0.110193
-0.106813
-0.111818
-0.109853
-0.111338
-0.110701
-0.110042
-0.109871
-0.107920
-0.108364
-0.109560
-0.106681
-0.108336
-0.108114
-0.108784
-0.112506
-0.108038
-0.108371
-0.108353
-0.111162
-0.108996
-0.108210
-0.111947
-0.111339
-0.110921
-0.109325
-0.109577
-0.109313
-0.109148
-0.111464
-0.113299
-0.113148
-0.110966
-0.112786
-0.111970
-0.110977
-0.112106
-0.111783
-0.112735
-0.113117
-0.112598
-0.113310
-0.113656
-0.113459
-0.113616
-0.113389
-0.113847
-0.112740
-0.113138
-0.113084
-0.112390
-0.113806
-0.112823
-0.112914
-0.113504
-0.113368
-0.113124
-0.113851
-0.113164
-0.113200
-0.113596
-0.112568
-0.112878
-0.113789
-0.112735
-0.112950
-0.113351
-0.112956
-0.112711
-2.583032
0.379455
-1.733702
-3.337614
-0.114052
-0.114056
0.797402
0.439734
1.699568
0.051830
-0.114052
-0.114056
-0.016316
0.058848
0.196751
-0.281772
-0.114053
-0.114056
-0.263667
1.717530
2.131008
-3.244744
-0.114053
-0.114056
-0.084094
0.400715
0.922388
-0.759754
-0.114051
-0.114055
-0.182478
2.148288
3.535601
-2.673894
-0.114051
-0.114056
6.341667
1.005646
8.437291
4.583861
-0.114051
-0.114054
2.356996
0.000403
0.209431
-0.075130
-0.075435
-0.109744
-0.110728
-0.108919
-0.107875
-0.113020
-0.111742
-0.111137
-0.110408
-0.111683
-0.112660
-0.113006
-0.112486
-0.111538
-0.111745
-0.113895
-0.113604
-0.112398
-0.111301
-0.109241
-0.110156
-0.097520
-0.105282
-0.109844
-0.109207
-0.102892
-0.106700
-0.108658
-0.113766
-0.113910
-0.113293
-0.113266
-0.113482
-0.113484
-0.113675
-0.113715
-0.113554
-0.113554
-0.113709
-0.113984
-0.113489
-0.113680
-0.113503
-0.113814
-0.113703
-0.113312
-0.112701
-0.113696
-0.112207
-0.110538
-0.113342
-0.113776
-0.112160
-0.111089
-0.112443
-0.113744
-0.113807
-0.113595
-0.113672
-0.113783
-0.113983
-0.113706
-0.113839
-0.113887
-0.113947
-0.113929
-0.113812
-0.113778
-0.113959
-0.113949
-0.113828
-0.113741
-0.113857
-0.113927
-0.113320
-0.113364
-0.112505
-0.113790
-0.113858
-0.113217
-0.113040
-0.113604
-0.113249
-0.113643
-0.113937
-0.113570
-0.113469
-0.113595
-0.113489
-0.113435
-0.113979
-0.113858
-0.113859
-0.113912
-0.113951
-0.113922
0.796306
0.261567
-0.009935
-0.099133
-0.102158
-0.107080
-0.110744
-0.111250
-0.112829
-0.111050
-0.111752
-0.111732
-0.112480
-0.113535
-0.111434
-0.112505
-0.113504
-0.112395
-0.112776
-0.112404
-0.113225
-0.113268
-0.112618
-0.111995
-0.111954
-0.112439
-0.101590
-0.112084
-0.107900
-0.106635
-0.113812
-0.113670
-0.112940
-0.113975
-0.113997
-0.113785
-0.113691
-0.113788
-0.113776
-0.113688
-0.113765
-0.113951
-0.113713
-0.113765
-0.113936
-0.113732
-0.113897
-0.113748
-0.113836
-0.113903
-0.113907
-0.113679
-0.113145
-0.112270
-0.112050
-0.112756
-0.111839
-0.113669
-0.113885
-0.113837
-0.113743
-0.113794
-0.113755
-0.113886
-0.113781
-0.113877
-0.113779
-0.113818
-0.113752
-0.113879
-0.113840
-0.113795
-0.113830
-0.113852
-0.113885
-0.113826
-0.113793
-0.113887
-0.113904
-0.114006
-0.113333
-0.113099
-0.113405
-0.113504
-0.113359
-0.113760
-0.113802
-0.113840
-0.113806
-0.114027
-0.113499
-0.113944
-0.113510
-0.113982
-0.113820
-0.113841
-0.113780
-0.113852
-0.113875
-0.113821
-0.015722
0.005779
-0.104783
-0.096166
-0.105978
-0.108731
-0.112854
-0.112921
-0.112499
-0.112102
-0.112929
-0.113080
-0.112912
-0.112764
-0.113314
-0.113138
-0.112731
-0.113745
-0.113028
-0.113727
-0.113852
-0.113719
-0.113009
-0.113807
-0.111996
-0.112720
-0.111111
-0.112062
-0.112605
-0.112142
-0.113523
-0.112911
-0.113550
-0.113668
-0.113774
-0.113846
-0.113895
-0.113703
-0.113979
-0.113724
-0.113901
-0.113974
-0.113768
-0.113880
-0.113922
-0.113895
-0.114017
-0.113978
-0.113983
-0.113853
-0.114030
-0.113766
-0.113605
-0.113894
-0.113258
-0.113851
-0.113452
-0.113937
-0.113807
-0.113945
-0.113897
-0.113999
-0.114048
-0.113983
-0.113896
-0.114018
-0.113961
-0.114000
-0.114015
-0.113982
-0.114015
-0.113985
-0.113978
-0.114025
-0.114016
-0.114027
-0.113986
-0.114016
-0.114006
-0.113879
-0.113914
-0.113746
-0.113776
-0.113932
-0.113882
-0.114039
-0.113973
-0.113986
-0.114002
-0.113941
-0.113974
-0.113875
-0.113968
-0.113961
-0.113964
-0.114001
-0.113997
-0.114018
-0.114032
-0.114019
0.027887
1.147657
0.158463
-0.063153
-0.067937
-0.106074
-0.101413
-0.103282
-0.105447
-0.106809
-0.106005
-0.105277
-0.106715
-0.108673
-0.108353
-0.107135
-0.107500
-0.109182
-0.109818
-0.108077
-0.107441
-0.109219
-0.110805
-0.110118
-0.105315
-0.104861
-0.078785
-0.098642
-0.094240
-0.089596
-0.108713
-0.112485
-0.111593
-0.113788
-0.112421
-0.112019
-0.112465
-0.113418
-0.112926
-0.112262
-0.112332
-0.113017
-0.113201
-0.112533
-0.112293
-0.112750
-0.113395
-0.112777
-0.112112
-0.112450
-0.112844
-0.112463
-0.111148
-0.111049
-0.106460
-0.113399
-0.105669
-0.113435
-0.112377
-0.112446
-0.112040
-0.112925
-0.113003
-0.112905
-0.112306
-0.112973
-0.112929
-0.112935
-0.112659
-0.112780
-0.113054
-0.113062
-0.112754
-0.112735
-0.113027
-0.113249
-0.112786
-0.112639
-0.112400
-0.113585
-0.111647
-0.112722
-0.111392
-0.112045
-0.111228
-0.112743
-0.113352
-0.112923
-0.112312
-0.112505
-0.112667
-0.113989
-0.112339
-0.112824
-0.112654
-0.112999
-0.113034
-0.113045
-0.112936
-0.113003
-0.083253
0.080181
0.191363
-0.104727
-0.105004
-0.105967
-0.110840
-0.111649
-0.111365
-0.111653
-0.112225
-0.112861
-0.112645
-0.112233
-0.112593
-0.113086
-0.113170
-0.112604
-0.112384
-0.112891
-0.113316
-0.112466
-0.111676
-0.110580
-0.110550
-0.100796
-0.101570
-0.111682
-0.111648
-0.101703
-0.108616
-0.111425
-0.112060
-0.113413
-0.113865
-0.113547
-0.113504
-0.113664
-0.113933
-0.113948
-0.113773
-0.113732
-0.113828
-0.113978
-0.113876
-0.113773
-0.113788
-0.113894
-0.113786
-0.113612
-0.113668
-0.113680
-0.112730
-0.110190
-0.112945
-0.113104
-0.112158
-0.111474
-0.113252
-0.113723
-0.113860
-0.113682
-0.113761
-0.113941
-0.113912
-0.113744
-0.113762
-0.113805
-0.113940
-0.113928
-0.113836
-0.113809
-0.113901
-0.113984
-0.113856
-0.113771
-0.113821
-0.113985
-0.113840
-0.113420
-0.112871
-0.113252
-0.113479
-0.113045
-0.112967
-0.113574
-0.113610
-0.113664
-0.113786
-0.113521
-0.113713
-0.113902
-0.113693
-0.113542
-0.113767
-0.113738
-0.113778
-0.113864
-0.113930
-0.113866
-0.034239
1.442782
0.246180
-0.092496
-0.087202
-0.105869
-0.106417
-0.105736
-0.108566
-0.111608
-0.110054
-0.108581
-0.109597
-0.112105
-0.111650
-0.109575
-0.109671
-0.111700
-0.112686
-0.109910
-0.109067
-0.110825
-0.113006
-0.108886
-0.101717
-0.112691
-0.076490
-0.088152
-0.089523
-0.085291
-0.104884
-0.109091
-0.113061
-0.111956
-0.111637
-0.112426
-0.113359
-0.113225
-0.112905
-0.112878
-0.113279
-0.113571
-0.113245
-0.113034
-0.113143
-0.113430
-0.113301
-0.113021
-0.112997
-0.112998
-0.112548
-0.112021
-0.110871
-0.111247
-0.104636
-0.113759
-0.105857
-0.109980
-0.113283
-0.112492
-0.112725
-0.113307
-0.113685
-0.113466
-0.112856
-0.113696
-0.113670
-0.113630
-0.113380
-0.113431
-0.113810
-0.113767
-0.113363
-0.113348
-0.113637
-0.113869
-0.113346
-0.113031
-0.113323
-0.112534
-0.112694
-0.111405
-0.111086
-0.112024
-0.111054
-0.112872
-0.113489
-0.113249
-0.112580
-0.112714
-0.113508
-0.112689
-0.113144
-0.113302
-0.113055
-0.113430
-0.113752
-0.113669
-0.113546
-0.113644
