-2.161827
1.701723
0.571808
-8.990599
-0.105768
-0.105757
-0.043433
1.278580
5.466035
-3.589859
-0.105760
-0.105753
2.218197
1.382234
5.855539
-3.877023
-0.105768
-0.105749
-0.271347
2.358277
6.016529
-6.617365
-0.105765
-0.105761
-0.081975
4.972837
9.808229
-9.401395
-0.105764
-0.105765
-0.092452
1.436340
3.716854
-3.722765
-0.105764
-0.105762
9.074319
-0.104905
9.075594
9.072575
-0.105764
-0.105766
8.258280
3.033273
14.172326
3.992307
-0.105763
-0.105766
1.945778
0.511210
0.329809
0.433665
0.271145
0.066612
0.330627
0.187813
0.086167
0.024705
0.128226
0.060885
-0.022945
0.103485
-0.005625
-0.006896
0.044750
0.000787
-0.079839
0.016507
0.001338
-0.096736
-0.019794
-0.031930
-0.090211
-0.062310
-0.033684
-0.076462
-0.048580
-0.031638
-0.091380
-0.049238
-0.065369
-0.101965
-0.072385
-0.067191
-0.092254
-0.074241
-0.064072
-0.090473
-0.082549
-0.070690
-0.083145
-0.098732
-0.073330
-0.082743
-0.096543
-0.077678
-0.093302
-0.091703
-0.090513
-0.086420
-0.095028
-0.093201
-0.090121
-0.097623
-0.100409
-0.101287
-0.105003
-0.103773
-0.099534
-0.098385
-0.103504
-0.095596
-0.092150
-0.099867
-0.100143
-0.097558
-0.095281
-0.103487
-0.093116
-0.096939
-0.100212
-0.093802
-0.099012
-0.102777
-0.099362
-0.097485
-0.101600
-0.102465
-0.098719
-0.102914
-0.102404
-0.099313
-0.100382
-0.102578
-0.097102
-0.100799
-0.101648
-0.102459
-0.105104
-0.103342
-0.102354
-0.100382
-0.104022
-0.096310
-0.098466
-0.102740
-0.095050
-0.098234
-0.044410
0.231942
0.263378
0.082590
-0.071338
0.009968
-0.053182
0.022417
0.119014
0.096316
0.178175
0.147308
0.132400
0.229311
0.130424
0.080978
0.126022
-0.010467
0.010344
-0.013238
-0.098872
-0.069623
-0.061632
-0.075521
-0.058717
-0.036289
-0.061485
-0.034327
-0.035541
-0.059136
-0.035435
-0.067833
-0.058260
-0.061092
-0.094274
-0.081243
-0.088027
-0.101456
-0.090478
-0.074595
-0.089524
-0.067384
-0.063670
-0.077535
-0.054699
-0.065928
-0.078202
-0.071052
-0.082784
-0.087737
-0.093153
-0.102010
-0.100936
-0.104064
-0.101455
-0.101258
-0.102031
-0.105274
-0.104400
-0.102688
-0.103065
-0.102789
-0.103626
-0.102123
-0.104476
-0.101373
-0.099823
-0.098637
-0.095025
-0.097966
-0.091780
-0.091775
-0.097170
-0.092116
-0.095830
-0.099419
-0.096660
-0.102102
-0.101823
-0.101740
-0.102653
-0.102485
-0.099694
-0.101567
-0.099813
-0.097544
-0.100520
-0.098398
-0.099762
-0.099546
-0.099557
-0.103250
-0.104543
-0.103123
-0.102806
-0.100957
-0.099489
-0.098210
-0.096740
-0.094948
2.216979
0.167413
0.191524
0.005580
0.330149
0.332729
0.150675
0.192677
0.207781
0.135184
-0.022864
0.019814
0.037110
-0.066571
-0.026184
0.009571
-0.053061
-0.007772
0.029375
-0.022306
0.011827
0.018595
-0.016883
0.000548
0.003203
-0.033777
-0.007840
-0.029478
-0.032662
-0.024900
-0.046803
-0.031966
-0.048740
-0.049590
-0.039411
-0.065009
-0.054524
-0.056309
-0.073649
-0.066235
-0.068586
-0.092122
-0.079035
-0.083368
-0.103307
-0.084292
-0.088459
-0.101417
-0.086693
-0.083998
-0.088578
-0.091381
-0.086724
-0.085592
-0.097705
-0.099335
-0.101522
-0.103822
-0.104860
-0.102004
-0.104957
-0.098419
-0.093213
-0.098400
-0.094068
-0.091411
-0.094859
-0.100538
-0.100399
-0.096598
-0.099575
-0.102496
-0.097174
-0.100912
-0.100596
-0.095491
-0.099361
-0.097152
-0.092789
-0.095575
-0.096407
-0.092837
-0.097515
-0.095886
-0.095252
-0.097515
-0.096097
-0.097648
-0.095679
-0.096683
-0.095812
-0.092674
-0.096379
-0.097251
-0.093811
-0.098471
-0.100191
-0.095030
-0.100374
-0.100777
0.058426
0.635841
0.786959
0.199853
0.511991
0.609382
0.178673
0.247603
0.364426
0.132145
0.176078
0.125324
-0.033301
0.075275
0.013518
-0.056481
-0.043663
-0.058992
-0.057989
-0.099565
-0.066232
-0.082846
-0.094872
-0.086789
-0.091419
-0.089990
-0.094751
-0.093237
-0.095809
-0.100964
-0.090984
-0.101044
-0.096785
-0.099825
-0.097115
-0.098972
-0.100965
-0.095300
-0.100409
-0.096845
-0.096859
-0.098684
-0.099032
-0.096921
-0.084830
-0.096304
-0.094549
-0.084000
-0.091965
-0.086584
-0.087593
-0.095827
-0.090278
-0.091238
-0.101221
-0.097957
-0.101326
-0.104859
-0.104191
-0.102068
-0.103372
-0.102683
-0.096579
-0.099793
-0.099425
-0.094972
-0.097356
-0.097838
-0.096653
-0.102240
-0.097965
-0.099873
-0.104613
-0.100859
-0.103770
-0.102685
-0.103792
-0.103852
-0.102120
-0.104803
-0.103893
-0.104474
-0.105013
-0.104098
-0.105019
-0.104787
-0.105018
-0.105696
-0.104876
-0.104638
-0.102981
-0.102744
-0.104336
-0.102636
-0.104021
-0.103345
-0.102502
-0.104900
-0.102764
-0.103498
-0.080781
1.854162
2.531436
0.784336
0.623622
0.598612
-0.050486
0.136078
0.132479
0.078995
0.043201
-0.044626
0.009744
-0.026834
-0.061377
-0.053928
-0.066425
-0.051942
-0.083773
-0.092848
-0.067117
-0.077653
-0.097559
-0.078281
-0.079287
-0.104254
-0.087951
-0.090923
-0.097732
-0.097980
-0.097436
-0.093444
-0.101873
-0.096672
-0.092312
-0.101730
-0.097668
-0.095407
-0.101293
-0.101474
-0.098630
-0.099471
-0.100866
-0.101816
-0.100483
-0.097337
-0.101749
-0.098690
-0.095090
-0.099236
-0.099706
-0.103047
-0.096764
-0.091986
-0.104918
-0.087912
-0.092921
-0.100949
-0.100149
-0.094515
-0.093761
-0.102232
-0.093404
-0.101501
-0.101489
-0.100562
-0.101775
-0.102754
-0.104175
-0.102076
-0.102636
-0.104470
-0.103918
-0.104783
-0.104747
-0.104693
-0.105429
-0.105232
-0.105149
-0.105278
-0.104767
-0.105556
-0.104995
-0.104543
-0.105167
-0.103782
-0.104412
-0.103391
-0.104156
-0.104097
-0.104324
-0.104881
-0.104305
-0.105521
-0.105362
-0.104508
-0.105081
-0.105432
-0.105207
-0.105559
-0.092185
0.413560
0.595713
0.404734
0.208681
0.026698
0.004720
-0.038846
-0.096886
-0.039874
0.001973
-0.069418
-0.060268
-0.075036
-0.071067
-0.083590
-0.076563
-0.059717
-0.091856
-0.083835
-0.091356
-0.092139
-0.095050
-0.095801
-0.094752
-0.095856
-0.098922
-0.098973
-0.098784
-0.103409
-0.099793
-0.101130
-0.099506
-0.101465
-0.099986
-0.100150
-0.100998
-0.102407
-0.101085
-0.101510
-0.099826
-0.097001
-0.103135
-0.100102
-0.100841
-0.102586
-0.101324
-0.098900
-0.099516
-0.104815
-0.103016
-0.102211
-0.101574
-0.100804
-0.099329
-0.100249
-0.101801
-0.102083
-0.102644
-0.100292
-0.100046
-0.099091
-0.100874
-0.104992
-0.103887
-0.104459
-0.104188
-0.103269
-0.103764
-0.103459
-0.103304
-0.103593
-0.104610
-0.103944
-0.103445
-0.104472
-0.103720
-0.104133
-0.105089
-0.104725
-0.104111
-0.105475
-0.104914
-0.103704
-0.105095
-0.105075
-0.104763
-0.104304
-0.105137
-0.104516
-0.104733
-0.105544
-0.105135
-0.105254
-0.105362
-0.104432
-0.105089
-0.104350
-0.104271
-0.104305
-2.762251
0.118164
-2.377822
-3.130476
-0.105765
-0.105767
0.240685
0.290473
0.838630
-0.325007
-0.105763
-0.105768
0.069350
0.090505
0.427274
-0.203287
-0.105763
-0.105766
-0.260191
1.775981
2.781659
-3.588709
-0.105764
-0.105766
0.005794
0.548783
0.965526
-1.167272
-0.105765
-0.105767
-0.088461
2.381061
3.494587
-3.151229
-0.105764
-0.105768
6.091531
0.637839
7.130099
4.686272
-0.105765
-0.105766
2.550115
0.002762
-0.004498
-0.068124
-0.068687
-0.103466
-0.101076
-0.103762
-0.105250
-0.105325
-0.104275
-0.103882
-0.104459
-0.105403
-0.105707
-0.105597
-0.105618
-0.105056
-0.104822
-0.105006
-0.105594
-0.105559
-0.105323
-0.105147
-0.105153
-0.101566
-0.102568
-0.099452
-0.103627
-0.104904
-0.102722
-0.102012
-0.103788
-0.102990
-0.105394
-0.105023
-0.105405
-0.105666
-0.105695
-0.105595
-0.105562
-0.105603
-0.105679
-0.105677
-0.105686
-0.105715
-0.105680
-0.105681
-0.105654
-0.105687
-0.105672
-0.105696
-0.105664
-0.105563
-0.105001
-0.105185
-0.104276
-0.105149
-0.105412
-0.105010
-0.104797
-0.105428
-0.105150
-0.105543
-0.105462
-0.105581
-0.105671
-0.105690
-0.105665
-0.105717
-0.105752
-0.105704
-0.105684
-0.105690
-0.105692
-0.105670
-0.105678
-0.105705
-0.105666
-0.105633
-0.105752
-0.105730
-0.105452
-0.105537
-0.105551
-0.105067
-0.105230
-0.105590
-0.105577
-0.105221
-0.105702
-0.105601
-0.105584
-0.105581
-0.105630
-0.105652
-0.105669
-0.105674
-0.105686
-0.105702
0.237952
0.167557
-0.053412
-0.072750
-0.100257
-0.103174
-0.102336
-0.100663
-0.101579
-0.102891
-0.101387
-0.103361
-0.103443
-0.103042
-0.103800
-0.104260
-0.103619
-0.103680
-0.103968
-0.103491
-0.104339
-0.104177
-0.104392
-0.104131
-0.103679
-0.104427
-0.101937
-0.101692
-0.098941
-0.104938
-0.100467
-0.103666
-0.104926
-0.104575
-0.104749
-0.104623
-0.104645
-0.104821
-0.104847
-0.105127
-0.105012
-0.105045
-0.105008
-0.104835
-0.104892
-0.105053
-0.105012
-0.105056
-0.105213
-0.105069
-0.105111
-0.105062
-0.104949
-0.104855
-0.105018
-0.104933
-0.104512
-0.104809
-0.105051
-0.104629
-0.104688
-0.105152
-0.105182
-0.105092
-0.105124
-0.105174
-0.105187
-0.105179
-0.105273
-0.105240
-0.105253
-0.105272
-0.105219
-0.105204
-0.105244
-0.105270
-0.105275
-0.105327
-0.105308
-0.105341
-0.105294
-0.105273
-0.105379
-0.105006
-0.105458
-0.105042
-0.105260
-0.105179
-0.104749
-0.105189
-0.105198
-0.105406
-0.105337
-0.105347
-0.105297
-0.105291
-0.105293
-0.105258
-0.105314
-0.105334
0.069429
0.017165
-0.046040
-0.085629
-0.102178
-0.103525
-0.103275
-0.105446
-0.104610
-0.105403
-0.104528
-0.104673
-0.105360
-0.104032
-0.104576
-0.104630
-0.104714
-0.105043
-0.104884
-0.105222
-0.105714
-0.105145
-0.105362
-0.105294
-0.105006
-0.105481
-0.104169
-0.102774
-0.102373
-0.105715
-0.103068
-0.103025
-0.104568
-0.105446
-0.105597
-0.105511
-0.105596
-0.105669
-0.105632
-0.105620
-0.105584
-0.105701
-0.105523
-0.105636
-0.105606
-0.105705
-0.105531
-0.105520
-0.105666
-0.105717
-0.105647
-0.105654
-0.105727
-0.105549
-0.105693
-0.105524
-0.105149
-0.104942
-0.105677
-0.105093
-0.105101
-0.105515
-0.105684
-0.105605
-0.105676
-0.105621
-0.105648
-0.105674
-0.105712
-0.105682
-0.105714
-0.105747
-0.105729
-0.105714
-0.105676
-0.105648
-0.105643
-0.105651
-0.105709
-0.105714
-0.105748
-0.105678
-0.105574
-0.105737
-0.105631
-0.105518
-0.105489
-0.105627
-0.105520
-0.105456
-0.105619
-0.105733
-0.105648
-0.105696
-0.105632
-0.105659
-0.105689
-0.105661
-0.105726
-0.105726
0.047462
1.070418
0.459513
0.092098
-0.018281
-0.055384
-0.068156
-0.080163
-0.084155
-0.086564
-0.088507
-0.090156
-0.091279
-0.092444
-0.093345
-0.094317
-0.095083
-0.095814
-0.096398
-0.096900
-0.097163
-0.097514
-0.097954
-0.097736
-0.098668
-0.095445
-0.093721
-0.083085
-0.069424
-0.099527
-0.078657
-0.079142
-0.089170
-0.101003
-0.100579
-0.101163
-0.101227
-0.101355
-0.101426
-0.101450
-0.101503
-0.101534
-0.101574
-0.101612
-0.101692
-0.101764
-0.101873
-0.101959
-0.102058
-0.102136
-0.102172
-0.102323
-0.102470
-0.102565
-0.103308
-0.100096
-0.101637
-0.095145
-0.102119
-0.096182
-0.101488
-0.101425
-0.103692
-0.103293
-0.103127
-0.102928
-0.102921
-0.102949
-0.102974
-0.102988
-0.102999
-0.102990
-0.102980
-0.102964
-0.102961
-0.102966
-0.102987
-0.103001
-0.103001
-0.102983
-0.102852
-0.103076
-0.102121
-0.104117
-0.101513
-0.102561
-0.102685
-0.103192
-0.101307
-0.103726
-0.104383
-0.102857
-0.103198
-0.103163
-0.103195
-0.103198
-0.103211
-0.103240
-0.103261
-0.103282
0.009197
0.316145
0.079879
-0.069595
-0.098704
-0.099607
-0.102626
-0.103577
-0.104732
-0.105404
-0.105177
-0.104750
-0.104427
-0.104237
-0.104271
-0.104555
-0.104844
-0.105175
-0.105544
-0.105396
-0.105020
-0.104630
-0.104364
-0.104078
-0.104024
-0.103182
-0.103869
-0.096850
-0.095889
-0.103182
-0.096989
-0.098242
-0.101589
-0.103538
-0.103790
-0.104399
-0.104760
-0.105148
-0.105499
-0.105692
-0.105432
-0.105227
-0.105091
-0.105046
-0.105088
-0.105185
-0.105342
-0.105548
-0.105735
-0.105497
-0.105260
-0.105053
-0.104863
-0.104823
-0.104644
-0.104747
-0.104188
-0.103808
-0.104620
-0.104001
-0.104191
-0.104379
-0.104858
-0.104998
-0.105180
-0.105292
-0.105413
-0.105543
-0.105670
-0.105697
-0.105588
-0.105491
-0.105427
-0.105398
-0.105409
-0.105466
-0.105563
-0.105687
-0.105650
-0.105466
-0.105272
-0.105035
-0.105230
-0.105263
-0.104789
-0.105325
-0.105086
-0.104776
-0.105245
-0.105128
-0.104924
-0.105230
-0.105384
-0.105500
-0.105537
-0.105537
-0.105536
-0.105545
-0.105573
-0.105604
-0.101212
1.631423
0.113807
0.040008
-0.075692
-0.098261
-0.096346
-0.095164
-0.095394
-0.096345
-0.098163
-0.100183
-0.102373
-0.103730
-0.102957
-0.101628
-0.100685
-0.100264
-0.100645
-0.101525
-0.103135
-0.104910
-0.104370
-0.102441
-0.100768
-0.103068
-0.100994
-0.099793
-0.068295
-0.094919
-0.067136
-0.088451
-0.092288
-0.099854
-0.103531
-0.104449
-0.104558
-0.103890
-0.103327
-0.103142
-0.103239
-0.103660
-0.104277
-0.105041
-0.105506
-0.104843
-0.104227
-0.103806
-0.103617
-0.103685
-0.103973
-0.104430
-0.104889
-0.104779
-0.105281
-0.104325
-0.102947
-0.099826
-0.101041
-0.098595
-0.099512
-0.101178
-0.102589
-0.103588
-0.104304
-0.105141
-0.105419
-0.104839
-0.104365
-0.104086
-0.104018
-0.104153
-0.104465
-0.104883
-0.105262
-0.105148
-0.104690
-0.104253
-0.103917
-0.103743
-0.103854
-0.104298
-0.104399
-0.104934
-0.105069
-0.104658
-0.103430
-0.103749
-0.104175
-0.102649
-0.103371
-0.103288
-0.103521
-0.103962
-0.104548
-0.105094
-0.105238
-0.104855
-0.104456
-0.104186
