-1.064329
1.711780
2.167718
-6.915453
-0.112123
-0.112117
-0.115446
0.969181
3.948274
-3.448903
-0.112118
-0.112111
2.459777
1.396347
7.224330
-3.588200
-0.112123
-0.112107
-0.251702
1.763808
5.098213
-5.259144
-0.112120
-0.112117
-0.061258
5.255804
9.964854
-9.438181
-0.112120
-0.112122
-0.176439
1.423069
3.109838
-3.266311
-0.112120
-0.112120
10.277763
-0.111438
10.278840
10.276902
-0.112119
-0.112123
7.060129
3.019149
12.177597
2.480913
-0.112120
-0.112123
0.835559
0.624426
0.409964
0.417825
0.208135
0.004133
0.257400
0.077026
0.091586
0.006892
0.066405
0.053313
-0.047167
0.084443
-0.045955
-0.027042
-0.013494
-0.050460
-0.033621
-0.039057
-0.030736
-0.034658
-0.033329
-0.084661
-0.003762
-0.047717
-0.041354
-0.015997
-0.042661
-0.062204
-0.028839
-0.087181
-0.072396
-0.071413
-0.080228
-0.080976
-0.081144
-0.087781
-0.093902
-0.090964
-0.100047
-0.080386
-0.096193
-0.092529
-0.088776
-0.107681
-0.098372
-0.100421
-0.091957
-0.105597
-0.097593
-0.098457
-0.105164
-0.110430
-0.111008
-0.106861
-0.105939
-0.104923
-0.105590
-0.109859
-0.101836
-0.104303
-0.106027
-0.105188
-0.105504
-0.105459
-0.109696
-0.101569
-0.107789
-0.106061
-0.105564
-0.108391
-0.106414
-0.108651
-0.105553
-0.105080
-0.106300
-0.109192
-0.104000
-0.107197
-0.106468
-0.102430
-0.106042
-0.106489
-0.102021
-0.109236
-0.105110
-0.105549
-0.108231
-0.106064
-0.107651
-0.108570
-0.108712
-0.107857
-0.109093
-0.104807
-0.106226
-0.109042
-0.105462
-0.109098
-0.108226
0.223867
0.207645
0.026784
-0.027841
0.034051
0.022072
-0.032480
0.078617
0.002617
0.106592
0.068231
0.011585
0.085236
-0.043972
0.024540
-0.009694
-0.034653
0.014649
-0.044336
-0.008671
-0.026363
-0.047488
-0.060157
-0.064450
-0.092385
-0.063871
-0.087482
-0.068577
-0.087417
-0.083164
-0.087425
-0.079490
-0.076152
-0.068096
-0.082892
-0.072333
-0.080945
-0.089627
-0.079568
-0.101964
-0.078297
-0.091638
-0.088922
-0.083236
-0.097704
-0.092460
-0.100937
-0.104637
-0.104109
-0.110450
-0.106573
-0.107148
-0.108340
-0.111347
-0.110697
-0.109073
-0.109723
-0.108702
-0.107790
-0.106370
-0.109928
-0.104633
-0.107098
-0.101246
-0.102050
-0.104712
-0.099493
-0.106724
-0.103651
-0.103622
-0.107202
-0.101802
-0.107104
-0.102374
-0.104269
-0.106486
-0.105450
-0.108844
-0.109558
-0.106397
-0.108908
-0.106166
-0.107631
-0.107728
-0.109057
-0.108425
-0.106719
-0.105953
-0.107570
-0.105905
-0.106955
-0.109487
-0.106508
-0.109964
-0.106345
-0.107714
-0.106612
-0.106132
-0.108556
2.458044
0.259911
0.297583
0.021985
0.373142
0.386087
0.124366
0.117634
0.145847
0.065690
-0.096465
0.036684
-0.007978
-0.078001
0.004849
0.000045
-0.069469
-0.010382
-0.004311
-0.095309
-0.035450
-0.044139
-0.081369
-0.059004
-0.092471
-0.066612
-0.064125
-0.102014
-0.071964
-0.077488
-0.102395
-0.078674
-0.089650
-0.087297
-0.079720
-0.105952
-0.077016
-0.081486
-0.101815
-0.083606
-0.089004
-0.105600
-0.096343
-0.096176
-0.106599
-0.096620
-0.095580
-0.099474
-0.101842
-0.094071
-0.095506
-0.110191
-0.101961
-0.106190
-0.110423
-0.109055
-0.109775
-0.109469
-0.100813
-0.099398
-0.107382
-0.102365
-0.103528
-0.106195
-0.110031
-0.105465
-0.106042
-0.108726
-0.106797
-0.105810
-0.111151
-0.106014
-0.104438
-0.110458
-0.106118
-0.106202
-0.108803
-0.107761
-0.109891
-0.108428
-0.108489
-0.111123
-0.108564
-0.108635
-0.109898
-0.106730
-0.108457
-0.108780
-0.106651
-0.109959
-0.107614
-0.107903
-0.110313
-0.105483
-0.105452
-0.111577
-0.106494
-0.106584
-0.111808
-0.108459
0.027177
0.314860
0.580067
0.187827
0.390077
0.298788
0.014319
0.183473
0.287546
0.108746
0.215139
0.170697
-0.017374
0.060722
0.003018
-0.060149
-0.071856
-0.022923
-0.065059
-0.068160
-0.064317
-0.110510
-0.091251
-0.104140
-0.097588
-0.092142
-0.090133
-0.087846
-0.091477
-0.096247
-0.101772
-0.106793
-0.102511
-0.107490
-0.101258
-0.099114
-0.103961
-0.091238
-0.105683
-0.101146
-0.097456
-0.092487
-0.105296
-0.088333
-0.086418
-0.096782
-0.088791
-0.094167
-0.103552
-0.099301
-0.101551
-0.107839
-0.106719
-0.109618
-0.110332
-0.110636
-0.108634
-0.107816
-0.106678
-0.106608
-0.111215
-0.106124
-0.101697
-0.104890
-0.100555
-0.101069
-0.106727
-0.104131
-0.105944
-0.111019
-0.108878
-0.108063
-0.109722
-0.109697
-0.108946
-0.111658
-0.110663
-0.111580
-0.110536
-0.109915
-0.109818
-0.108349
-0.108601
-0.109346
-0.109181
-0.110586
-0.111049
-0.110485
-0.111421
-0.110293
-0.111922
-0.110040
-0.111316
-0.110941
-0.110833
-0.109431
-0.109720
-0.110590
-0.109044
-0.108893
-0.060202
1.866483
2.708280
0.840212
0.743890
0.678074
-0.090094
0.155373
0.092500
0.020567
-0.024741
0.012511
-0.021781
-0.056728
-0.019911
-0.031722
-0.103351
-0.042410
-0.048172
-0.088162
-0.069774
-0.073174
-0.103989
-0.084783
-0.086591
-0.096032
-0.080331
-0.095017
-0.086751
-0.096227
-0.097064
-0.096097
-0.107917
-0.098957
-0.099647
-0.106096
-0.098967
-0.098877
-0.108963
-0.101622
-0.101832
-0.106753
-0.105209
-0.102432
-0.106432
-0.105301
-0.102885
-0.104088
-0.110528
-0.097247
-0.095231
-0.106517
-0.090754
-0.104092
-0.105703
-0.105037
-0.097939
-0.101822
-0.102938
-0.098385
-0.110889
-0.104389
-0.105860
-0.109346
-0.109790
-0.108132
-0.109425
-0.109912
-0.108788
-0.109654
-0.111511
-0.109190
-0.109460
-0.110948
-0.109567
-0.109779
-0.111356
-0.110244
-0.109989
-0.111394
-0.109894
-0.110024
-0.110500
-0.110519
-0.109960
-0.110021
-0.111250
-0.108883
-0.111175
-0.109972
-0.110414
-0.111164
-0.110507
-0.110927
-0.109665
-0.111342
-0.110628
-0.110638
-0.111724
-0.111794
-0.048170
0.392714
0.648956
0.339631
0.145468
0.056753
-0.057527
-0.007257
-0.039657
-0.093508
-0.081661
-0.070670
-0.060449
-0.062186
-0.051548
-0.061690
-0.065403
-0.072595
-0.092122
-0.095645
-0.109657
-0.102405
-0.108577
-0.103506
-0.106334
-0.103995
-0.103849
-0.098447
-0.103148
-0.104983
-0.106086
-0.109615
-0.109714
-0.108101
-0.109105
-0.109190
-0.109168
-0.105749
-0.104077
-0.104679
-0.103133
-0.104979
-0.106115
-0.106585
-0.107797
-0.109055
-0.110260
-0.108091
-0.110753
-0.108206
-0.106621
-0.106787
-0.105316
-0.109506
-0.110388
-0.110271
-0.108258
-0.108029
-0.108523
-0.107987
-0.110003
-0.109150
-0.109912
-0.111404
-0.110437
-0.110899
-0.110139
-0.110073
-0.109795
-0.110388
-0.109970
-0.109803
-0.110761
-0.110549
-0.111468
-0.111486
-0.111796
-0.111707
-0.111702
-0.111306
-0.111594
-0.110996
-0.110987
-0.111437
-0.111517
-0.111515
-0.111589
-0.110867
-0.111246
-0.111425
-0.111306
-0.111860
-0.111733
-0.110526
-0.110508
-0.111758
-0.110781
-0.110652
-0.111299
-0.111814
-2.578634
0.314844
-1.951329
-3.352831
-0.112120
-0.112123
0.879783
0.421395
1.706097
0.166372
-0.112119
-0.112123
-0.007197
0.035712
0.168128
-0.252960
-0.112121
-0.112123
-0.091092
2.184631
3.277511
-4.172637
-0.112121
-0.112123
-0.213869
0.603222
1.035360
-1.242120
-0.112120
-0.112123
-0.261096
2.823776
3.955453
-3.915122
-0.112120
-0.112124
6.989623
1.083521
8.941642
5.304836
-0.112120
-0.112123
2.357289
-0.012531
0.167426
-0.069677
-0.078866
-0.109519
-0.111900
-0.111407
-0.110650
-0.110213
-0.111319
-0.111163
-0.108929
-0.110688
-0.111306
-0.111454
-0.110212
-0.110275
-0.111238
-0.110953
-0.110413
-0.110251
-0.109918
-0.106577
-0.109951
-0.098563
-0.105624
-0.106934
-0.106627
-0.102886
-0.105203
-0.110973
-0.109220
-0.110564
-0.110821
-0.110945
-0.111176
-0.111427
-0.111228
-0.111130
-0.111611
-0.111830
-0.111586
-0.111286
-0.111500
-0.111702
-0.111547
-0.111534
-0.111556
-0.111536
-0.111277
-0.111827
-0.110732
-0.108886
-0.110837
-0.111235
-0.111465
-0.109386
-0.111777
-0.111444
-0.112010
-0.112021
-0.112067
-0.111979
-0.111972
-0.111848
-0.112058
-0.111880
-0.111931
-0.111992
-0.112024
-0.111976
-0.111936
-0.112003
-0.111947
-0.111959
-0.111939
-0.111907
-0.111568
-0.111750
-0.110781
-0.111821
-0.111748
-0.111531
-0.110701
-0.111831
-0.111992
-0.111912
-0.111561
-0.111935
-0.111992
-0.111949
-0.111807
-0.111548
-0.111932
-0.111914
-0.111946
-0.111950
-0.111973
-0.112002
0.882780
0.254634
-0.026689
-0.095308
-0.105133
-0.103245
-0.109484
-0.110778
-0.110928
-0.110918
-0.110401
-0.110069
-0.111035
-0.110773
-0.110811
-0.110460
-0.110024
-0.111190
-0.110745
-0.110618
-0.110946
-0.110808
-0.110230
-0.108836
-0.108673
-0.105928
-0.105945
-0.106361
-0.104534
-0.109472
-0.108611
-0.110005
-0.109985
-0.110926
-0.111195
-0.111382
-0.111315
-0.111389
-0.111591
-0.111432
-0.111495
-0.111550
-0.111561
-0.111604
-0.111779
-0.111649
-0.111682
-0.111744
-0.111702
-0.111637
-0.111392
-0.111587
-0.111382
-0.111601
-0.110010
-0.111362
-0.110443
-0.110985
-0.111629
-0.111766
-0.111854
-0.112029
-0.111979
-0.112078
-0.112011
-0.112034
-0.111989
-0.112031
-0.112069
-0.112047
-0.112005
-0.111935
-0.112062
-0.112038
-0.112015
-0.112024
-0.112021
-0.111944
-0.111880
-0.111829
-0.111479
-0.111203
-0.111961
-0.111247
-0.111926
-0.111952
-0.111945
-0.111868
-0.111842
-0.111848
-0.111771
-0.111688
-0.111987
-0.111917
-0.112046
-0.112038
-0.112114
-0.112096
-0.112088
-0.112025
-0.007019
-0.020555
-0.067803
-0.092584
-0.102580
-0.109642
-0.111251
-0.110698
-0.109725
-0.111291
-0.111883
-0.111282
-0.111349
-0.110522
-0.111143
-0.110842
-0.111530
-0.112038
-0.111645
-0.111555
-0.111668
-0.111550
-0.111546
-0.110673
-0.110537
-0.109170
-0.110187
-0.111184
-0.110861
-0.110669
-0.110061
-0.111272
-0.111190
-0.111567
-0.111600
-0.111641
-0.111816
-0.111846
-0.111876
-0.111945
-0.111685
-0.112049
-0.111694
-0.111984
-0.111942
-0.111916
-0.111927
-0.111865
-0.111894
-0.111906
-0.111832
-0.111935
-0.111508
-0.111749
-0.111712
-0.111975
-0.111713
-0.111560
-0.111870
-0.111944
-0.112055
-0.112049
-0.112051
-0.111985
-0.112003
-0.112061
-0.111992
-0.112047
-0.112025
-0.112092
-0.112010
-0.112031
-0.112059
-0.112027
-0.112012
-0.112034
-0.112035
-0.112021
-0.111968
-0.112013
-0.111791
-0.111880
-0.112079
-0.111889
-0.111994
-0.111893
-0.112095
-0.112048
-0.112011
-0.112013
-0.112093
-0.112031
-0.111994
-0.112030
-0.112002
-0.112038
-0.112039
-0.112085
-0.112064
-0.112074
-0.099248
1.446328
0.276386
0.092037
-0.067700
-0.078928
-0.101023
-0.099814
-0.101187
-0.102320
-0.103089
-0.103974
-0.104308
-0.104691
-0.104906
-0.105065
-0.105053
-0.105124
-0.104844
-0.104495
-0.103897
-0.102712
-0.103302
-0.092737
-0.096830
-0.074905
-0.082980
-0.093640
-0.083744
-0.103555
-0.088806
-0.105452
-0.101926
-0.106996
-0.107535
-0.108437
-0.108920
-0.109436
-0.109777
-0.109914
-0.110124
-0.110231
-0.110342
-0.110407
-0.110481
-0.110469
-0.110464
-0.110439
-0.110339
-0.110428
-0.109104
-0.111158
-0.105953
-0.111264
-0.103652
-0.110080
-0.104233
-0.105673
-0.109666
-0.109985
-0.111714
-0.111583
-0.111554
-0.111794
-0.111799
-0.111924
-0.111637
-0.111888
-0.111921
-0.111969
-0.111972
-0.111953
-0.111964
-0.111968
-0.111935
-0.111921
-0.111848
-0.112041
-0.111062
-0.110768
-0.109193
-0.108326
-0.111465
-0.108580
-0.111452
-0.110080
-0.111504
-0.110975
-0.110584
-0.110904
-0.111258
-0.110669
-0.111696
-0.110919
-0.111733
-0.111566
-0.111871
-0.111916
-0.111981
-0.111978
-0.016519
0.085186
0.350088
-0.051631
-0.092532
-0.104236
-0.105713
-0.106310
-0.106931
-0.107565
-0.107972
-0.108353
-0.108617
-0.108805
-0.109052
-0.109132
-0.109223
-0.109304
-0.109279
-0.109260
-0.109100
-0.108840
-0.108435
-0.106131
-0.109657
-0.088638
-0.102256
-0.101793
-0.100683
-0.096384
-0.100867
-0.111485
-0.110326
-0.111279
-0.111561
-0.111706
-0.111785
-0.111815
-0.111741
-0.111793
-0.111770
-0.111762
-0.111744
-0.111738
-0.111749
-0.111714
-0.111723
-0.111702
-0.111680
-0.111632
-0.111438
-0.111811
-0.109399
-0.107057
-0.109947
-0.110969
-0.111909
-0.106842
-0.111752
-0.110966
-0.111476
-0.111330
-0.111550
-0.111645
-0.111734
-0.111979
-0.111596
-0.111720
-0.111698
-0.111719
-0.111714
-0.111715
-0.111730
-0.111722
-0.111739
-0.111733
-0.111726
-0.111732
-0.111542
-0.111921
-0.109454
-0.111797
-0.111923
-0.111536
-0.110331
-0.111087
-0.111938
-0.111677
-0.111563
-0.111321
-0.111316
-0.111267
-0.111097
-0.111620
-0.111790
-0.111860
-0.111828
-0.111838
-0.111832
-0.111817
0.028132
1.940643
0.126738
0.019372
-0.081685
-0.100334
-0.101733
-0.104471
-0.106026
-0.106943
-0.107793
-0.108492
-0.109021
-0.109395
-0.109899
-0.110079
-0.110379
-0.110511
-0.110464
-0.110298
-0.109885
-0.109213
-0.108153
-0.105665
-0.101530
-0.094243
-0.068435
-0.087282
-0.081003
-0.082503
-0.094881
-0.102438
-0.103211
-0.104756
-0.105531
-0.106200
-0.106613
-0.107164
-0.107354
-0.107617
-0.107835
-0.107990
-0.108161
-0.108275
-0.108389
-0.108471
-0.108556
-0.108599
-0.108630
-0.108704
-0.108551
-0.109021
-0.106075
-0.106942
-0.101763
-0.107046
-0.103497
-0.108525
-0.111329
-0.110934
-0.110713
-0.110351
-0.110457
-0.110350
-0.109773
-0.110489
-0.110205
-0.110318
-0.110317
-0.110317
-0.110302
-0.110313
-0.110322
-0.110299
-0.110306
-0.110310
-0.110272
-0.110307
-0.110229
-0.110963
-0.108941
-0.107059
-0.109689
-0.106118
-0.111653
-0.109525
-0.110520
-0.110284
-0.110673
-0.109207
-0.111252
-0.110814
-0.109427
-0.110857
-0.110261
-0.110420
-0.110448
-0.110488
-0.110469
-0.110476
