-1.040318
1.730489
1.431591
-7.100121
-0.111716
-0.111708
0.000184
0.903347
3.698754
-2.373494
-0.111709
-0.111705
2.554164
1.624959
7.322421
-5.667076
-0.111717
-0.111693
-0.232652
1.865670
5.755632
-5.580091
-0.111712
-0.111711
-0.011707
5.123658
9.881475
-8.896968
-0.111713
-0.111714
-0.078067
1.478413
3.360219
-3.090601
-0.111712
-0.111713
10.454521
-0.111178
10.455940
10.453966
-0.111710
-0.111712
7.416263
3.210234
13.341423
2.673828
-0.111712
-0.111715
0.812435
0.586195
0.443072
0.496228
0.208793
0.006949
0.228949
0.100295
0.013784
0.016663
-0.023539
0.073594
-0.064244
0.068724
0.076722
-0.079738
0.070657
-0.003189
-0.045099
-0.015490
-0.056853
-0.019780
-0.062222
-0.066200
-0.042152
-0.073969
-0.084417
-0.063240
-0.075300
-0.097381
-0.073514
-0.073577
-0.089372
-0.075324
-0.087151
-0.071246
-0.078958
-0.092585
-0.062595
-0.088019
-0.089940
-0.079239
-0.101621
-0.093654
-0.101658
-0.105373
-0.106597
-0.109414
-0.101011
-0.097636
-0.109108
-0.097341
-0.095017
-0.103404
-0.107290
-0.110803
-0.109252
-0.106048
-0.098100
-0.101553
-0.105327
-0.098227
-0.104280
-0.107079
-0.108054
-0.104389
-0.105780
-0.105849
-0.099650
-0.108275
-0.103037
-0.103915
-0.104690
-0.104971
-0.107676
-0.102033
-0.105344
-0.109193
-0.105105
-0.106273
-0.109488
-0.107756
-0.107082
-0.108582
-0.106704
-0.106157
-0.107746
-0.104245
-0.107687
-0.106382
-0.105291
-0.111268
-0.105301
-0.104078
-0.107660
-0.108756
-0.106043
-0.106310
-0.110500
-0.108585
-0.000079
0.279732
0.222075
0.008908
-0.043303
0.011022
0.030998
-0.064472
-0.063035
-0.058524
0.017838
0.015841
-0.032991
0.059730
-0.006352
-0.058423
-0.027947
-0.083369
-0.003404
-0.039324
0.008111
0.016382
-0.009421
-0.022572
-0.038611
-0.076783
-0.102892
-0.088354
-0.069461
-0.079729
-0.052225
-0.051458
-0.063609
-0.068611
-0.075789
-0.106758
-0.098472
-0.105716
-0.078557
-0.087357
-0.088653
-0.076800
-0.097737
-0.097028
-0.097461
-0.108982
-0.101466
-0.106857
-0.101319
-0.101444
-0.105826
-0.109223
-0.106265
-0.107912
-0.111229
-0.109254
-0.108586
-0.110197
-0.110594
-0.110328
-0.108970
-0.106895
-0.107004
-0.108288
-0.104921
-0.104389
-0.109219
-0.103327
-0.106290
-0.107758
-0.102939
-0.107626
-0.100165
-0.100818
-0.103360
-0.100354
-0.103236
-0.106970
-0.107812
-0.108480
-0.108202
-0.109962
-0.105342
-0.107294
-0.105854
-0.104552
-0.108273
-0.109429
-0.110437
-0.108754
-0.106925
-0.107724
-0.104925
-0.105698
-0.109065
-0.106160
-0.109859
-0.109020
-0.108257
-0.109689
2.552664
0.246338
0.284327
-0.008504
0.382716
0.457876
0.214222
0.234116
0.264159
0.197271
0.033734
0.074342
0.062478
-0.089881
0.006913
-0.000716
-0.089621
-0.035340
0.004030
-0.065554
-0.045363
-0.012657
-0.076944
-0.068231
-0.057318
-0.086069
-0.082279
-0.086182
-0.078185
-0.095253
-0.083621
-0.070858
-0.101209
-0.079667
-0.072514
-0.097474
-0.094315
-0.082101
-0.089165
-0.106372
-0.081309
-0.089655
-0.099160
-0.081895
-0.095587
-0.093027
-0.086908
-0.087930
-0.094675
-0.098732
-0.091491
-0.097520
-0.109834
-0.105504
-0.108738
-0.108783
-0.108445
-0.105500
-0.107210
-0.096043
-0.097785
-0.102951
-0.098676
-0.098522
-0.102840
-0.108209
-0.104328
-0.104373
-0.110075
-0.104857
-0.103967
-0.111573
-0.103377
-0.104328
-0.110867
-0.104798
-0.105726
-0.109397
-0.108111
-0.106534
-0.107518
-0.110883
-0.106494
-0.106045
-0.110520
-0.107004
-0.105433
-0.108402
-0.107726
-0.105653
-0.109370
-0.108376
-0.106065
-0.109145
-0.107778
-0.104844
-0.108985
-0.105535
-0.104368
-0.106611
0.009435
0.355592
0.738855
0.226006
0.291574
0.327296
-0.030030
0.163328
0.197889
0.091354
0.182971
0.191218
0.045667
0.053443
0.089763
-0.028115
-0.068081
-0.007785
-0.033907
-0.073028
-0.042100
-0.072057
-0.081598
-0.097422
-0.096206
-0.102514
-0.105163
-0.097690
-0.109489
-0.097720
-0.108239
-0.099186
-0.102440
-0.098507
-0.100057
-0.093066
-0.104373
-0.094897
-0.081228
-0.097652
-0.081480
-0.075579
-0.095477
-0.087788
-0.089032
-0.097088
-0.106412
-0.102373
-0.103029
-0.109595
-0.102145
-0.106685
-0.108398
-0.105302
-0.106007
-0.106741
-0.104415
-0.103247
-0.107365
-0.102769
-0.104950
-0.107177
-0.101818
-0.104402
-0.103848
-0.102519
-0.105248
-0.109821
-0.107703
-0.104655
-0.107390
-0.107995
-0.103693
-0.108832
-0.106386
-0.108037
-0.109487
-0.108903
-0.110852
-0.110100
-0.110176
-0.109492
-0.109926
-0.108970
-0.110234
-0.110138
-0.109724
-0.111468
-0.109788
-0.110534
-0.108927
-0.108903
-0.107409
-0.106643
-0.108738
-0.106825
-0.108077
-0.108906
-0.108979
-0.108501
-0.009891
1.850949
2.568983
0.879776
0.663391
0.704504
0.093573
0.152570
0.206070
0.095920
-0.084313
0.023190
0.036892
-0.065210
-0.042967
-0.013701
-0.061892
-0.062438
-0.021581
-0.059065
-0.051443
-0.042050
-0.073208
-0.071881
-0.079418
-0.096997
-0.091019
-0.099206
-0.096887
-0.094702
-0.099569
-0.087139
-0.101706
-0.091148
-0.096678
-0.105334
-0.102667
-0.104936
-0.105566
-0.106811
-0.100337
-0.101510
-0.107003
-0.099438
-0.101986
-0.107843
-0.099889
-0.092671
-0.103699
-0.098109
-0.092043
-0.108608
-0.099035
-0.102085
-0.101840
-0.108121
-0.096221
-0.097334
-0.109058
-0.104217
-0.104429
-0.108694
-0.107974
-0.103705
-0.106255
-0.109127
-0.106933
-0.106923
-0.110442
-0.108277
-0.106580
-0.110399
-0.107404
-0.107699
-0.109102
-0.108771
-0.108565
-0.110664
-0.109897
-0.110021
-0.110906
-0.110277
-0.109971
-0.109988
-0.111275
-0.108902
-0.110605
-0.110896
-0.111066
-0.108337
-0.109659
-0.109707
-0.107679
-0.109554
-0.110905
-0.108185
-0.109531
-0.110265
-0.109740
-0.109997
-0.078140
0.356833
0.676886
0.423908
0.004872
0.085749
0.017536
-0.011776
-0.052074
-0.059029
-0.052647
-0.024490
-0.036574
-0.037985
-0.026305
-0.052921
-0.064556
-0.057304
-0.085798
-0.079909
-0.090651
-0.093335
-0.095709
-0.102690
-0.099065
-0.108095
-0.107051
-0.101430
-0.098932
-0.095580
-0.097320
-0.095024
-0.100216
-0.097837
-0.101180
-0.099043
-0.100616
-0.101399
-0.097202
-0.103164
-0.099661
-0.100005
-0.105767
-0.104238
-0.108644
-0.108196
-0.110655
-0.109320
-0.110706
-0.108302
-0.105908
-0.107740
-0.106221
-0.106472
-0.108666
-0.110100
-0.107746
-0.104944
-0.107958
-0.110121
-0.107965
-0.108057
-0.109661
-0.109754
-0.109203
-0.108518
-0.109130
-0.108861
-0.109436
-0.108719
-0.110292
-0.109977
-0.109372
-0.111293
-0.109926
-0.110771
-0.110594
-0.110069
-0.110868
-0.109991
-0.109985
-0.109774
-0.109697
-0.109223
-0.109728
-0.109157
-0.110230
-0.110233
-0.109244
-0.110542
-0.110451
-0.110171
-0.109899
-0.109873
-0.111154
-0.109518
-0.109780
-0.111052
-0.110586
-0.111029
-2.568535
0.282614
-1.866488
-3.199846
-0.111712
-0.111715
0.806911
0.408382
1.622094
0.172402
-0.111712
-0.111716
-0.034832
0.095323
0.244751
-0.350135
-0.111713
-0.111716
-0.339466
1.761888
2.207918
-3.566733
-0.111713
-0.111715
-0.082454
0.406345
0.933328
-0.801383
-0.111711
-0.111715
-0.176474
2.223421
3.548681
-2.815889
-0.111712
-0.111716
6.230178
0.885035
8.097916
4.893070
-0.111711
-0.111715
2.345897
-0.004881
0.139996
-0.081986
-0.078147
-0.104935
-0.108581
-0.108838
-0.106765
-0.109361
-0.108843
-0.108995
-0.110331
-0.109982
-0.110242
-0.110184
-0.110300
-0.108520
-0.110949
-0.110845
-0.110235
-0.109699
-0.110161
-0.109871
-0.105621
-0.101983
-0.102269
-0.106234
-0.109900
-0.105842
-0.102725
-0.106893
-0.109328
-0.110345
-0.110136
-0.109879
-0.110407
-0.110556
-0.110219
-0.110549
-0.110393
-0.110440
-0.110482
-0.110566
-0.110447
-0.110846
-0.110675
-0.110507
-0.110658
-0.110963
-0.110786
-0.111244
-0.109242
-0.108973
-0.109251
-0.109874
-0.110951
-0.108270
-0.110941
-0.110999
-0.110939
-0.110791
-0.110631
-0.110852
-0.110901
-0.110661
-0.110931
-0.110798
-0.110807
-0.110816
-0.110843
-0.110813
-0.110905
-0.110754
-0.110752
-0.110848
-0.110872
-0.110696
-0.110673
-0.110133
-0.111129
-0.110099
-0.110605
-0.111229
-0.110344
-0.111405
-0.111081
-0.110848
-0.111175
-0.110677
-0.111117
-0.111167
-0.110660
-0.111316
-0.110820
-0.110849
-0.110839
-0.110905
-0.110914
-0.110901
0.805457
0.249703
-0.054127
-0.089451
-0.105534
-0.106320
-0.109492
-0.110157
-0.109328
-0.110204
-0.110098
-0.110834
-0.110827
-0.110571
-0.111154
-0.109604
-0.110856
-0.111271
-0.111216
-0.111302
-0.110774
-0.110312
-0.110098
-0.110400
-0.109372
-0.109284
-0.104573
-0.105860
-0.107965
-0.103310
-0.110224
-0.108973
-0.110622
-0.110352
-0.110277
-0.110242
-0.110507
-0.110637
-0.110875
-0.110875
-0.110658
-0.110693
-0.110585
-0.110972
-0.111024
-0.110913
-0.110825
-0.110753
-0.110826
-0.111044
-0.111230
-0.110839
-0.110336
-0.110132
-0.109588
-0.110671
-0.108924
-0.110748
-0.110864
-0.111249
-0.110928
-0.110851
-0.110940
-0.111004
-0.111018
-0.111147
-0.111032
-0.110947
-0.110977
-0.110987
-0.111124
-0.111063
-0.110979
-0.110949
-0.110941
-0.111003
-0.111075
-0.111029
-0.110797
-0.110785
-0.110619
-0.110996
-0.110815
-0.110742
-0.111259
-0.111217
-0.111200
-0.111033
-0.111021
-0.111369
-0.111130
-0.111134
-0.111341
-0.111067
-0.111063
-0.111022
-0.111087
-0.111157
-0.111096
-0.111043
-0.034090
0.032568
-0.110653
-0.093542
-0.099743
-0.105954
-0.111452
-0.111211
-0.110815
-0.109448
-0.110609
-0.111116
-0.110625
-0.110798
-0.111332
-0.110583
-0.111646
-0.111306
-0.110965
-0.110870
-0.111464
-0.111639
-0.111130
-0.110482
-0.109644
-0.110315
-0.108542
-0.109742
-0.109525
-0.109320
-0.109921
-0.110607
-0.111340
-0.111264
-0.111381
-0.111289
-0.111455
-0.111289
-0.111542
-0.111543
-0.111488
-0.111521
-0.111369
-0.111645
-0.111635
-0.111484
-0.111590
-0.111489
-0.111502
-0.111513
-0.111392
-0.111521
-0.111278
-0.111454
-0.110621
-0.111191
-0.110965
-0.111452
-0.111545
-0.111449
-0.111438
-0.111530
-0.111510
-0.111623
-0.111542
-0.111635
-0.111606
-0.111529
-0.111554
-0.111547
-0.111616
-0.111586
-0.111523
-0.111608
-0.111502
-0.111543
-0.111565
-0.111583
-0.111553
-0.111360
-0.111487
-0.111282
-0.111579
-0.111474
-0.111579
-0.111595
-0.111488
-0.111484
-0.111628
-0.111582
-0.111621
-0.111654
-0.111589
-0.111600
-0.111506
-0.111561
-0.111603
-0.111616
-0.111589
-0.111543
0.108824
1.188767
0.094011
0.006396
-0.084174
-0.098087
-0.106006
-0.103456
-0.104589
-0.105801
-0.106521
-0.107301
-0.107523
-0.107575
-0.107671
-0.107904
-0.108255
-0.108489
-0.108717
-0.108442
-0.108137
-0.108212
-0.107486
-0.109957
-0.100837
-0.104863
-0.078713
-0.095652
-0.090207
-0.089411
-0.109261
-0.104903
-0.109942
-0.109802
-0.110329
-0.110774
-0.110837
-0.110876
-0.110732
-0.110756
-0.110843
-0.110968
-0.111035
-0.111008
-0.110917
-0.110873
-0.110850
-0.110964
-0.111135
-0.111272
-0.111264
-0.110379
-0.109832
-0.108105
-0.103473
-0.107816
-0.106125
-0.109075
-0.109912
-0.110379
-0.111043
-0.111072
-0.110953
-0.111081
-0.111428
-0.110869
-0.111111
-0.111159
-0.111212
-0.111167
-0.111108
-0.111074
-0.111105
-0.111123
-0.111198
-0.111177
-0.111098
-0.111013
-0.110682
-0.111032
-0.110184
-0.108292
-0.110643
-0.109466
-0.109666
-0.111181
-0.111044
-0.111539
-0.111183
-0.110573
-0.110879
-0.110895
-0.110436
-0.111262
-0.111436
-0.111243
-0.111244
-0.111232
-0.111266
-0.111329
-0.080148
0.075215
0.197725
-0.066996
-0.095612
-0.100901
-0.104702
-0.105607
-0.106880
-0.107871
-0.107898
-0.107846
-0.108128
-0.108641
-0.109226
-0.109483
-0.109317
-0.109239
-0.109461
-0.109869
-0.110334
-0.110037
-0.109153
-0.108160
-0.108651
-0.102888
-0.095527
-0.108432
-0.110733
-0.098601
-0.104557
-0.108351
-0.108590
-0.109425
-0.109795
-0.110145
-0.110115
-0.109918
-0.109888
-0.110018
-0.110230
-0.110351
-0.110294
-0.110167
-0.110139
-0.110253
-0.110431
-0.110518
-0.110374
-0.110172
-0.110345
-0.110103
-0.110228
-0.106798
-0.111306
-0.110487
-0.108864
-0.108579
-0.110402
-0.110427
-0.110413
-0.110503
-0.110763
-0.110543
-0.110375
-0.110605
-0.110540
-0.110636
-0.110626
-0.110566
-0.110514
-0.110521
-0.110588
-0.110656
-0.110617
-0.110512
-0.110452
-0.110520
-0.110492
-0.110656
-0.109538
-0.111162
-0.110471
-0.110070
-0.110835
-0.110410
-0.110661
-0.110746
-0.110544
-0.111207
-0.110533
-0.110481
-0.111225
-0.110392
-0.110736
-0.110706
-0.110689
-0.110636
-0.110639
-0.110693
-0.032854
1.502130
0.225309
-0.031556
-0.072449
-0.089393
-0.096784
-0.099659
-0.101704
-0.102892
-0.103544
-0.104165
-0.104818
-0.105571
-0.106290
-0.106781
-0.106994
-0.107139
-0.107462
-0.107936
-0.108395
-0.108602
-0.107996
-0.108195
-0.103653
-0.101460
-0.075710
-0.085270
-0.080447
-0.080531
-0.102651
-0.105639
-0.106234
-0.107211
-0.107511
-0.107580
-0.107680
-0.107674
-0.107828
-0.108002
-0.108198
-0.108341
-0.108366
-0.108329
-0.108352
-0.108469
-0.108614
-0.108729
-0.108735
-0.108691
-0.108646
-0.109436
-0.109321
-0.106161
-0.099234
-0.105678
-0.102003
-0.110810
-0.109725
-0.108781
-0.109108
-0.109031
-0.108706
-0.109084
-0.109259
-0.109185
-0.109153
-0.109147
-0.109183
-0.109127
-0.109089
-0.109108
-0.109165
-0.109171
-0.109179
-0.109121
-0.109065
-0.109015
-0.109218
-0.108762
-0.108244
-0.105648
-0.110320
-0.108612
-0.109403
-0.109440
-0.109278
-0.109406
-0.109256
-0.108876
-0.110402
-0.110658
-0.108796
-0.109250
-0.109281
-0.109456
-0.109366
-0.109358
-0.109383
-0.109426
