-2.191444
1.985331
4.122549
-8.558882
-0.109302
-0.109295
-0.154094
1.536867
7.217186
-4.125429
-0.109295
-0.109282
2.267905
1.401840
6.358668
-4.640467
-0.109304
-0.109281
-0.274298
1.992745
5.146286
-5.820119
-0.109301
-0.109297
0.015720
5.496531
10.665505
-9.775631
-0.109300
-0.109301
-0.120341
1.349419
3.880750
-2.691321
-0.109298
-0.109299
8.860876
-0.108560
8.861921
8.859713
-0.109299
-0.109303
8.517168
3.037550
14.410866
3.760257
-0.109299
-0.109302
1.967707
0.543224
0.342275
0.445614
0.271772
0.125959
0.344839
0.146596
0.122615
0.044768
0.177214
0.086401
0.050810
0.230435
0.072966
0.128123
0.196521
0.065627
0.137407
0.093737
0.002346
0.062437
-0.019895
-0.023976
-0.014227
-0.081399
-0.028694
-0.080274
-0.056797
-0.049306
-0.082445
-0.042237
-0.071661
-0.056195
-0.043758
-0.079118
-0.049527
-0.055865
-0.090228
-0.060947
-0.072701
-0.086396
-0.063389
-0.083909
-0.084906
-0.074366
-0.082439
-0.093042
-0.080640
-0.084046
-0.096904
-0.093637
-0.098480
-0.100054
-0.105875
-0.101096
-0.105053
-0.100309
-0.099754
-0.101263
-0.101859
-0.098076
-0.098005
-0.095985
-0.102562
-0.090951
-0.095037
-0.092825
-0.087923
-0.094830
-0.089288
-0.089775
-0.097393
-0.092463
-0.098842
-0.101566
-0.098211
-0.106883
-0.099497
-0.105900
-0.102071
-0.101952
-0.107984
-0.102105
-0.103311
-0.106251
-0.103841
-0.105758
-0.104232
-0.102962
-0.107545
-0.101810
-0.102276
-0.106391
-0.102463
-0.103749
-0.107368
-0.105911
-0.105548
-0.108285
-0.064913
0.209198
0.215029
0.004466
-0.053593
0.046716
-0.024307
0.149830
0.206299
0.191676
0.285891
0.188259
0.304130
0.274502
0.163216
0.174395
0.067660
0.005417
0.005984
-0.061604
-0.056926
-0.022010
-0.057191
-0.037082
-0.044422
-0.067817
-0.074934
-0.090063
-0.103316
-0.078621
-0.094520
-0.075646
-0.077731
-0.080051
-0.073878
-0.071980
-0.076378
-0.051837
-0.060627
-0.053772
-0.043945
-0.063736
-0.060275
-0.077761
-0.094415
-0.094222
-0.103032
-0.105962
-0.097891
-0.094719
-0.097378
-0.098963
-0.098199
-0.100980
-0.099581
-0.099726
-0.097737
-0.100370
-0.098875
-0.100051
-0.097196
-0.097280
-0.091121
-0.092669
-0.090175
-0.091005
-0.093224
-0.091148
-0.096206
-0.100852
-0.101073
-0.104118
-0.107321
-0.103099
-0.103026
-0.103621
-0.101278
-0.104594
-0.100074
-0.103423
-0.104364
-0.105909
-0.105167
-0.105123
-0.104726
-0.105093
-0.102706
-0.102809
-0.103177
-0.102531
-0.101819
-0.102458
-0.100329
-0.102844
-0.101746
-0.104235
-0.106020
-0.104724
-0.105056
-0.104541
2.266841
0.214235
0.251803
0.004012
0.355197
0.303169
0.176562
0.199175
0.213990
0.109502
-0.046943
0.063760
-0.000643
-0.072762
-0.015343
0.004357
-0.072880
0.001830
0.016004
-0.084917
-0.007808
-0.011713
-0.091662
-0.011601
-0.032560
-0.074878
-0.017440
-0.061824
-0.064970
-0.031083
-0.085613
-0.060869
-0.054077
-0.100641
-0.067549
-0.066891
-0.101378
-0.074662
-0.077709
-0.105628
-0.086019
-0.088719
-0.106096
-0.086478
-0.087972
-0.101976
-0.091304
-0.086005
-0.091297
-0.100435
-0.091062
-0.094926
-0.103967
-0.103981
-0.105095
-0.103964
-0.104189
-0.102794
-0.103031
-0.097001
-0.098661
-0.098901
-0.100379
-0.096422
-0.100620
-0.107515
-0.101987
-0.102220
-0.107389
-0.103981
-0.103408
-0.107892
-0.102970
-0.100400
-0.107527
-0.101513
-0.100283
-0.107900
-0.100184
-0.102371
-0.105644
-0.100662
-0.104980
-0.103753
-0.102077
-0.108469
-0.103209
-0.102629
-0.107952
-0.103783
-0.102542
-0.107697
-0.104025
-0.102455
-0.106798
-0.106842
-0.105128
-0.106717
-0.108666
-0.109081
0.053513
0.593282
0.672266
0.169747
0.405976
0.456258
0.114644
0.248833
0.254086
0.016256
0.097114
-0.002536
0.010571
0.019265
-0.055748
-0.023032
-0.070170
-0.082927
-0.087371
-0.075531
-0.099155
-0.088415
-0.091707
-0.090724
-0.090462
-0.092608
-0.099939
-0.100445
-0.101116
-0.102015
-0.098219
-0.095316
-0.097733
-0.104198
-0.100779
-0.105063
-0.101889
-0.096143
-0.102273
-0.095004
-0.094487
-0.102316
-0.087019
-0.099414
-0.093742
-0.092190
-0.098953
-0.093682
-0.103858
-0.103376
-0.103310
-0.103820
-0.101580
-0.103702
-0.104989
-0.107690
-0.107553
-0.104559
-0.103701
-0.100737
-0.100417
-0.103829
-0.102194
-0.104563
-0.107083
-0.106520
-0.107383
-0.105719
-0.108279
-0.104212
-0.108744
-0.105531
-0.108165
-0.106273
-0.106401
-0.107167
-0.108127
-0.107229
-0.107946
-0.108434
-0.107489
-0.108441
-0.108219
-0.107905
-0.107586
-0.106692
-0.106472
-0.106776
-0.107199
-0.107769
-0.108166
-0.106905
-0.106660
-0.107131
-0.107193
-0.107383
-0.107925
-0.106726
-0.107632
-0.105889
0.016518
2.039344
2.862917
0.719404
0.792286
0.555925
0.008002
0.149455
0.118905
0.073031
0.024378
-0.005023
-0.004375
-0.005346
-0.063180
-0.052502
-0.073912
-0.053723
-0.070349
-0.086295
-0.057198
-0.081895
-0.074339
-0.070252
-0.097670
-0.069742
-0.099627
-0.087384
-0.091229
-0.093424
-0.089403
-0.102728
-0.093530
-0.099159
-0.103670
-0.096463
-0.104314
-0.102469
-0.098700
-0.102478
-0.103241
-0.103964
-0.102899
-0.101563
-0.103864
-0.104115
-0.100281
-0.096803
-0.098616
-0.103476
-0.092119
-0.102311
-0.099721
-0.097953
-0.097160
-0.099349
-0.092562
-0.088815
-0.108681
-0.099887
-0.104868
-0.107321
-0.106397
-0.104557
-0.103325
-0.105816
-0.107112
-0.105158
-0.107348
-0.108074
-0.107448
-0.109028
-0.106755
-0.106541
-0.108062
-0.106154
-0.108292
-0.106966
-0.107204
-0.108396
-0.107722
-0.108101
-0.107991
-0.109075
-0.107916
-0.108924
-0.109179
-0.108385
-0.108172
-0.105133
-0.107481
-0.105633
-0.106608
-0.107985
-0.108644
-0.106878
-0.107412
-0.107564
-0.106178
-0.107185
-0.099557
0.451105
0.552962
0.231714
0.231207
0.021188
-0.018026
-0.097345
-0.056747
0.004415
-0.070079
-0.049631
-0.065423
-0.044211
-0.007005
-0.051017
-0.051535
-0.069357
-0.089248
-0.090314
-0.103303
-0.101057
-0.100453
-0.104833
-0.103379
-0.100628
-0.106507
-0.102358
-0.105303
-0.100212
-0.105897
-0.105127
-0.104491
-0.102184
-0.104670
-0.102046
-0.098954
-0.100733
-0.098000
-0.097993
-0.098353
-0.101269
-0.104350
-0.107024
-0.108752
-0.098942
-0.103088
-0.108158
-0.104745
-0.107147
-0.101371
-0.103566
-0.102652
-0.106557
-0.108449
-0.106212
-0.102958
-0.107174
-0.103860
-0.104233
-0.107553
-0.107877
-0.107023
-0.107619
-0.107331
-0.107378
-0.104926
-0.106650
-0.105006
-0.105158
-0.107818
-0.107374
-0.108169
-0.108605
-0.108313
-0.108442
-0.107910
-0.107830
-0.108625
-0.107742
-0.108670
-0.108522
-0.108229
-0.108318
-0.108311
-0.108845
-0.107956
-0.108209
-0.108437
-0.107702
-0.107151
-0.108652
-0.107420
-0.107378
-0.107717
-0.108327
-0.107829
-0.107595
-0.108782
-0.107820
-2.559117
0.247755
-2.043211
-3.084045
-0.109300
-0.109303
0.163327
0.126771
0.528690
-0.228524
-0.109299
-0.109303
0.178986
0.015063
0.434316
0.029859
-0.109298
-0.109301
-0.190462
0.975172
1.488589
-2.081117
-0.109300
-0.109302
0.006034
0.108025
0.424951
-0.360147
-0.109300
-0.109303
-0.290190
1.445197
2.508317
-1.959942
-0.109298
-0.109303
5.523214
0.675947
6.938346
4.193812
-0.109299
-0.109302
2.341766
-0.026366
0.118883
-0.050368
-0.102086
-0.103826
-0.095280
-0.100852
-0.100090
-0.102538
-0.105054
-0.103555
-0.103094
-0.103848
-0.106272
-0.105110
-0.105226
-0.104594
-0.105276
-0.107412
-0.106012
-0.106347
-0.104944
-0.105561
-0.105313
-0.104628
-0.098088
-0.105194
-0.108091
-0.104022
-0.102091
-0.103883
-0.106407
-0.107336
-0.107011
-0.107213
-0.107208
-0.106989
-0.107441
-0.107704
-0.107498
-0.107458
-0.107661
-0.107549
-0.107787
-0.107673
-0.107486
-0.107884
-0.107776
-0.107768
-0.107586
-0.107314
-0.106764
-0.107214
-0.107105
-0.107630
-0.108165
-0.106446
-0.108707
-0.108103
-0.108073
-0.108110
-0.108137
-0.108095
-0.108339
-0.108007
-0.108052
-0.108213
-0.108216
-0.108246
-0.108225
-0.108122
-0.108208
-0.108313
-0.108235
-0.108279
-0.108278
-0.108206
-0.108285
-0.108418
-0.107869
-0.107691
-0.107953
-0.108156
-0.108738
-0.107473
-0.107915
-0.108266
-0.108632
-0.108178
-0.108151
-0.108074
-0.108592
-0.108331
-0.108168
-0.108227
-0.108307
-0.108339
-0.108347
-0.108274
0.163529
0.022639
-0.027097
-0.053121
-0.102534
-0.101001
-0.102644
-0.104646
-0.104519
-0.105555
-0.105758
-0.105766
-0.106861
-0.107655
-0.107274
-0.107123
-0.108813
-0.107590
-0.106857
-0.107888
-0.107797
-0.107724
-0.108325
-0.108514
-0.107105
-0.105307
-0.104022
-0.105496
-0.108667
-0.105117
-0.107599
-0.106235
-0.108057
-0.108050
-0.107938
-0.108131
-0.108135
-0.108107
-0.108361
-0.108340
-0.108313
-0.108442
-0.108432
-0.108254
-0.108532
-0.108532
-0.108320
-0.108444
-0.108488
-0.108383
-0.108398
-0.108479
-0.107886
-0.109114
-0.107837
-0.108166
-0.108770
-0.107717
-0.108632
-0.108653
-0.108758
-0.108822
-0.108664
-0.108695
-0.108769
-0.108658
-0.108684
-0.108823
-0.108757
-0.108763
-0.108787
-0.108717
-0.108734
-0.108775
-0.108724
-0.108751
-0.108802
-0.108759
-0.108706
-0.108823
-0.108299
-0.108829
-0.108432
-0.108670
-0.108802
-0.108600
-0.108572
-0.108852
-0.108671
-0.108760
-0.108608
-0.108729
-0.108676
-0.108894
-0.108720
-0.108818
-0.108815
-0.108785
-0.108785
-0.108794
0.178227
-0.055336
-0.040419
-0.105051
-0.105078
-0.106575
-0.107553
-0.107476
-0.107686
-0.108548
-0.108964
-0.107880
-0.108203
-0.108837
-0.108347
-0.109027
-0.108499
-0.108204
-0.108619
-0.108926
-0.108743
-0.108316
-0.108226
-0.107786
-0.109170
-0.107528
-0.106182
-0.107589
-0.108839
-0.107479
-0.106761
-0.108200
-0.108779
-0.109040
-0.109087
-0.109137
-0.109062
-0.109065
-0.109069
-0.109240
-0.109192
-0.109145
-0.109093
-0.109118
-0.109240
-0.109168
-0.109161
-0.109164
-0.109221
-0.109070
-0.109046
-0.108835
-0.109099
-0.108633
-0.108910
-0.108968
-0.109245
-0.108663
-0.108871
-0.108975
-0.109094
-0.109143
-0.109189
-0.109177
-0.109174
-0.109159
-0.109104
-0.109183
-0.109226
-0.109193
-0.109184
-0.109143
-0.109174
-0.109205
-0.109246
-0.109186
-0.109181
-0.109130
-0.109115
-0.109144
-0.109177
-0.109028
-0.109159
-0.109187
-0.109174
-0.109012
-0.109023
-0.109141
-0.109234
-0.109213
-0.109242
-0.109192
-0.109226
-0.109188
-0.109113
-0.109160
-0.109210
-0.109208
-0.109244
-0.109193
-0.018431
0.622854
0.095515
0.004665
-0.062986
-0.108724
-0.102585
-0.105071
-0.105094
-0.105111
-0.105470
-0.106409
-0.107158
-0.107247
-0.106599
-0.106214
-0.106193
-0.106692
-0.107316
-0.107375
-0.106642
-0.105563
-0.103449
-0.103646
-0.103816
-0.100607
-0.104036
-0.088513
-0.095894
-0.097998
-0.102004
-0.103462
-0.104172
-0.107501
-0.108262
-0.107949
-0.107832
-0.108000
-0.108390
-0.108796
-0.108941
-0.108695
-0.108503
-0.108445
-0.108565
-0.108821
-0.109104
-0.109003
-0.108683
-0.108464
-0.107956
-0.107383
-0.106353
-0.108551
-0.107371
-0.106510
-0.105452
-0.105869
-0.108879
-0.108399
-0.108171
-0.108731
-0.109009
-0.108776
-0.108720
-0.108489
-0.108712
-0.108880
-0.108996
-0.108909
-0.108796
-0.108730
-0.108777
-0.108904
-0.109039
-0.108970
-0.108792
-0.108618
-0.108918
-0.108732
-0.107803
-0.109017
-0.107965
-0.108641
-0.108327
-0.107605
-0.108564
-0.108525
-0.109009
-0.109053
-0.108756
-0.109065
-0.108944
-0.108597
-0.108732
-0.108732
-0.108942
-0.108997
-0.108958
-0.108880
0.004889
0.016028
-0.053154
-0.085203
-0.077769
-0.083527
-0.088789
-0.092160
-0.094439
-0.095930
-0.097257
-0.098563
-0.099435
-0.100315
-0.100739
-0.101366
-0.101712
-0.102265
-0.102720
-0.102971
-0.103234
-0.103386
-0.103637
-0.103637
-0.102484
-0.105256
-0.101789
-0.104975
-0.104188
-0.104444
-0.106338
-0.105181
-0.106219
-0.106041
-0.106039
-0.106077
-0.106093
-0.106134
-0.106186
-0.106290
-0.106386
-0.106440
-0.106457
-0.106506
-0.106556
-0.106633
-0.106730
-0.106766
-0.106786
-0.106805
-0.106934
-0.107334
-0.107047
-0.107769
-0.107313
-0.107352
-0.106911
-0.106660
-0.107030
-0.106673
-0.106933
-0.107028
-0.107136
-0.107142
-0.107188
-0.107152
-0.107200
-0.107206
-0.107242
-0.107251
-0.107258
-0.107264
-0.107286
-0.107308
-0.107335
-0.107341
-0.107333
-0.107312
-0.107296
-0.107420
-0.107465
-0.107437
-0.107928
-0.107722
-0.107954
-0.107517
-0.107642
-0.107444
-0.107548
-0.107389
-0.107553
-0.107386
-0.107580
-0.107481
-0.107517
-0.107519
-0.107529
-0.107527
-0.107526
-0.107516
0.060868
0.954564
0.161789
-0.072677
-0.056883
-0.085906
-0.090518
-0.093391
-0.097146
-0.099604
-0.100822
-0.100650
-0.100591
-0.101381
-0.102844
-0.104261
-0.104682
-0.104063
-0.103551
-0.103748
-0.105017
-0.106599
-0.107128
-0.106655
-0.098691
-0.104601
-0.100677
-0.077844
-0.086771
-0.099469
-0.096140
-0.107971
-0.107325
-0.106070
-0.105545
-0.105670
-0.106402
-0.107067
-0.107053
-0.106541
-0.106232
-0.106358
-0.106827
-0.107278
-0.107280
-0.106886
-0.106574
-0.106620
-0.107065
-0.107656
-0.107642
-0.107148
-0.105253
-0.106035
-0.107937
-0.104221
-0.101022
-0.106213
-0.107190
-0.107814
-0.107745
-0.107120
-0.107158
-0.107490
-0.107505
-0.107690
-0.107857
-0.107551
-0.107397
-0.107436
-0.107639
-0.107844
-0.107835
-0.107631
-0.107451
-0.107451
-0.107657
-0.107968
-0.107959
-0.107391
-0.107068
-0.106044
-0.106777
-0.108519
-0.106267
-0.106830
-0.108621
-0.107851
-0.107857
-0.107242
-0.106703
-0.107241
-0.107861
-0.107591
-0.108121
-0.107945
-0.107733
-0.107663
-0.107730
-0.107880
