-2.287688
1.875685
2.221667
-8.878849
-0.109303
-0.109294
0.016212
1.180296
5.450624
-2.814853
-0.109295
-0.109287
2.269050
1.507456
6.548176
-4.393283
-0.109304
-0.109283
-0.350157
2.235553
6.009165
-5.156727
-0.109299
-0.109299
0.040164
5.201656
9.798425
-9.501678
-0.109300
-0.109301
-0.147764
1.390977
3.267727
-3.014688
-0.109299
-0.109299
9.056422
-0.109001
9.056966
9.055967
-0.109299
-0.109303
8.774968
3.299969
14.817691
3.899342
-0.109299
-0.109302
2.064220
0.557387
0.347403
0.504666
0.367675
0.071158
0.342706
0.180286
0.133493
0.018952
0.092756
0.148668
-0.064718
0.116183
0.071490
-0.061650
0.020542
-0.003720
-0.062887
-0.033594
0.004268
-0.103059
0.002473
-0.080474
-0.004850
-0.039870
-0.049466
-0.031511
-0.079175
-0.042599
-0.103486
-0.046094
-0.088244
-0.053316
-0.072730
-0.075443
-0.062066
-0.098473
-0.091843
-0.083946
-0.084930
-0.105403
-0.078611
-0.083767
-0.101148
-0.086909
-0.094257
-0.104477
-0.102390
-0.101246
-0.096980
-0.102742
-0.099030
-0.088944
-0.095552
-0.098289
-0.103610
-0.102719
-0.102183
-0.092345
-0.090833
-0.098764
-0.091384
-0.097875
-0.100489
-0.102769
-0.097513
-0.097126
-0.105661
-0.096183
-0.102067
-0.105906
-0.102499
-0.104765
-0.108173
-0.105076
-0.105823
-0.102343
-0.101868
-0.103739
-0.097120
-0.108143
-0.099079
-0.104678
-0.102011
-0.103693
-0.103013
-0.101999
-0.104227
-0.098579
-0.106243
-0.099340
-0.102073
-0.107682
-0.104789
-0.105561
-0.106414
-0.107545
-0.102547
-0.103348
0.015215
0.277580
0.225723
0.052454
-0.024310
-0.038418
-0.035228
-0.001012
0.076580
0.053425
0.180791
0.166205
0.106176
0.191740
0.082877
0.030215
0.061039
-0.058755
0.006932
-0.033426
-0.044034
-0.018467
-0.045812
-0.048627
-0.057194
-0.078704
-0.076202
-0.084806
-0.081690
-0.099176
-0.087928
-0.083449
-0.068226
-0.077734
-0.072995
-0.079077
-0.093354
-0.080531
-0.090030
-0.077640
-0.068791
-0.082434
-0.064574
-0.074000
-0.087899
-0.083169
-0.097941
-0.099205
-0.100802
-0.099557
-0.095645
-0.101088
-0.101593
-0.102125
-0.101791
-0.105446
-0.107329
-0.107885
-0.106292
-0.105991
-0.105304
-0.106591
-0.103565
-0.098126
-0.098549
-0.096618
-0.093766
-0.099314
-0.096019
-0.096977
-0.103546
-0.096937
-0.102884
-0.099856
-0.099483
-0.104452
-0.100947
-0.103371
-0.104055
-0.102526
-0.104116
-0.102436
-0.103781
-0.105905
-0.107038
-0.107646
-0.106533
-0.104341
-0.105028
-0.105054
-0.104154
-0.105570
-0.104829
-0.103716
-0.104514
-0.101095
-0.102705
-0.102724
-0.102000
-0.104401
2.267558
0.261601
0.307566
0.020377
0.358872
0.411357
0.216828
0.160380
0.160881
0.168797
0.048727
-0.067569
0.024993
0.002035
-0.096252
-0.004560
-0.001582
-0.049303
-0.025107
0.001927
-0.060308
-0.046204
-0.002117
-0.080143
-0.036024
-0.038733
-0.092104
-0.069044
-0.068819
-0.070359
-0.092169
-0.057692
-0.072216
-0.092318
-0.065683
-0.082979
-0.096592
-0.073686
-0.088440
-0.100117
-0.091866
-0.091806
-0.101633
-0.095203
-0.082942
-0.100961
-0.087868
-0.081015
-0.088288
-0.092029
-0.094055
-0.089513
-0.096143
-0.107144
-0.105678
-0.105929
-0.108582
-0.106175
-0.103963
-0.105845
-0.097233
-0.097151
-0.102871
-0.101911
-0.101104
-0.098221
-0.098045
-0.106478
-0.099402
-0.098641
-0.106481
-0.100299
-0.101816
-0.105148
-0.103733
-0.100167
-0.104230
-0.102148
-0.098418
-0.106503
-0.100056
-0.101819
-0.106828
-0.103679
-0.105649
-0.106118
-0.108543
-0.105331
-0.104691
-0.107157
-0.103479
-0.104744
-0.105402
-0.100923
-0.104155
-0.105635
-0.103413
-0.100475
-0.103001
-0.104828
0.130525
0.565724
0.901365
0.254022
0.314289
0.424142
0.161733
0.171160
0.357238
0.124673
0.200003
0.187391
-0.032269
0.011420
0.009629
-0.034194
-0.095515
-0.055068
-0.052778
-0.090178
-0.084617
-0.083434
-0.099889
-0.102593
-0.107467
-0.090837
-0.096054
-0.097708
-0.093528
-0.100184
-0.093513
-0.102876
-0.102432
-0.104174
-0.105574
-0.101181
-0.102849
-0.107140
-0.099315
-0.095093
-0.103021
-0.096475
-0.084006
-0.093137
-0.092212
-0.082474
-0.092829
-0.098862
-0.096830
-0.105343
-0.105524
-0.101386
-0.100624
-0.105804
-0.102114
-0.102148
-0.103562
-0.102742
-0.099539
-0.102844
-0.101201
-0.098273
-0.102561
-0.098692
-0.099005
-0.104015
-0.101448
-0.104519
-0.107345
-0.107880
-0.105045
-0.104816
-0.108383
-0.106424
-0.107022
-0.108384
-0.108790
-0.108911
-0.108224
-0.108569
-0.108047
-0.107186
-0.108167
-0.106337
-0.106576
-0.106705
-0.106066
-0.107311
-0.107219
-0.106852
-0.107306
-0.107392
-0.106121
-0.106476
-0.106712
-0.104411
-0.107415
-0.106415
-0.104932
-0.106726
0.040473
1.780581
2.704404
0.942536
0.599239
0.695108
0.108108
0.063708
0.105847
0.169526
0.063432
-0.053427
-0.007480
0.000963
-0.053446
-0.026729
-0.061086
-0.067089
-0.045267
-0.085964
-0.077350
-0.059355
-0.083557
-0.079020
-0.066581
-0.095586
-0.078715
-0.084003
-0.096844
-0.084437
-0.096557
-0.096778
-0.090588
-0.104748
-0.098140
-0.098722
-0.105568
-0.102037
-0.105280
-0.102503
-0.100059
-0.106003
-0.098023
-0.099418
-0.103301
-0.101734
-0.101936
-0.100927
-0.097136
-0.101370
-0.098886
-0.087185
-0.103545
-0.095885
-0.097652
-0.101701
-0.104101
-0.097941
-0.093727
-0.107019
-0.104094
-0.102565
-0.101969
-0.105507
-0.103325
-0.101589
-0.105702
-0.108300
-0.105147
-0.106573
-0.106997
-0.105132
-0.108858
-0.106325
-0.105827
-0.108414
-0.106893
-0.106100
-0.108674
-0.106402
-0.106169
-0.108046
-0.106130
-0.107082
-0.107748
-0.107498
-0.107768
-0.107506
-0.108242
-0.107166
-0.107711
-0.108227
-0.108729
-0.105746
-0.106919
-0.107148
-0.105607
-0.108434
-0.107700
-0.108811
-0.071061
0.345363
0.670860
0.379435
0.031887
-0.029104
-0.047946
-0.044863
-0.029640
-0.066368
-0.091450
-0.065235
-0.070044
-0.063760
-0.053364
-0.042958
-0.068678
-0.054596
-0.080506
-0.085423
-0.092562
-0.091597
-0.093607
-0.090698
-0.093033
-0.094947
-0.095828
-0.098301
-0.099633
-0.099301
-0.100871
-0.101280
-0.100911
-0.102574
-0.100240
-0.100538
-0.097759
-0.098617
-0.096472
-0.097281
-0.101022
-0.101334
-0.103480
-0.106905
-0.106609
-0.107548
-0.108461
-0.106507
-0.105797
-0.108639
-0.108779
-0.104255
-0.105868
-0.102301
-0.103487
-0.106767
-0.108354
-0.107648
-0.103684
-0.104249
-0.106993
-0.108091
-0.105769
-0.107070
-0.107071
-0.108519
-0.106728
-0.107468
-0.107024
-0.107471
-0.107009
-0.107717
-0.108237
-0.108370
-0.108519
-0.108062
-0.107830
-0.107399
-0.107304
-0.107242
-0.107881
-0.107751
-0.108153
-0.107717
-0.108716
-0.108132
-0.107450
-0.108018
-0.108220
-0.107522
-0.106994
-0.108297
-0.107848
-0.107343
-0.108200
-0.108000
-0.108937
-0.108250
-0.108284
-0.108884
-2.710619
0.201968
-2.221342
-3.209596
-0.109299
-0.109302
0.181358
0.303241
0.828481
-0.278576
-0.109298
-0.109303
0.138486
0.107464
0.516105
-0.158071
-0.109299
-0.109302
-0.161231
1.428954
2.201565
-3.082606
-0.109300
-0.109301
-0.098143
0.569819
0.835415
-1.277622
-0.109300
-0.109302
-0.115083
2.321703
3.571759
-2.993170
-0.109299
-0.109303
5.701094
0.544939
6.800103
4.520717
-0.109300
-0.109301
2.491896
-0.008743
0.080293
-0.095168
-0.069651
-0.102977
-0.105107
-0.107490
-0.105384
-0.106807
-0.105748
-0.108883
-0.106932
-0.107409
-0.107991
-0.108782
-0.108198
-0.107725
-0.107762
-0.107754
-0.109039
-0.108418
-0.106455
-0.107094
-0.105907
-0.105348
-0.099391
-0.105824
-0.108591
-0.108250
-0.100952
-0.108388
-0.105821
-0.107958
-0.108435
-0.109134
-0.108741
-0.108653
-0.108608
-0.108809
-0.109148
-0.108994
-0.108799
-0.108907
-0.109049
-0.109040
-0.108957
-0.108677
-0.108847
-0.109166
-0.108605
-0.108470
-0.108939
-0.107830
-0.107569
-0.108256
-0.109116
-0.108970
-0.107520
-0.108538
-0.108240
-0.108899
-0.109014
-0.109027
-0.109002
-0.109106
-0.109210
-0.109108
-0.109060
-0.109103
-0.109263
-0.109186
-0.109046
-0.109087
-0.109185
-0.109210
-0.109106
-0.109092
-0.109036
-0.109088
-0.109127
-0.108728
-0.108972
-0.108699
-0.109135
-0.109225
-0.109055
-0.108764
-0.108719
-0.108915
-0.108900
-0.109111
-0.109097
-0.108929
-0.108944
-0.109169
-0.109145
-0.109019
-0.109021
-0.109079
0.179317
0.170656
-0.038611
-0.071576
-0.108451
-0.098494
-0.107627
-0.108437
-0.107413
-0.108197
-0.108852
-0.108784
-0.107668
-0.108157
-0.107962
-0.107460
-0.109051
-0.108384
-0.108973
-0.108354
-0.107966
-0.108376
-0.108633
-0.107526
-0.108756
-0.106956
-0.106027
-0.101907
-0.108733
-0.103084
-0.105411
-0.106731
-0.108478
-0.108199
-0.109104
-0.109008
-0.109036
-0.108892
-0.109096
-0.109111
-0.108965
-0.109040
-0.109192
-0.109168
-0.108989
-0.108889
-0.109039
-0.109239
-0.109183
-0.108956
-0.108931
-0.108808
-0.109116
-0.108762
-0.108307
-0.107985
-0.108833
-0.107745
-0.108340
-0.108888
-0.108884
-0.108761
-0.108985
-0.109200
-0.109162
-0.109037
-0.109071
-0.109169
-0.109233
-0.109126
-0.109100
-0.109114
-0.109217
-0.109215
-0.109121
-0.109073
-0.109126
-0.109285
-0.109151
-0.108892
-0.109017
-0.109208
-0.108981
-0.108760
-0.109017
-0.108895
-0.108550
-0.109022
-0.109174
-0.109198
-0.108956
-0.109103
-0.109158
-0.109211
-0.109207
-0.109114
-0.109093
-0.109193
-0.109225
-0.109148
0.137249
0.038248
-0.074284
-0.089518
-0.102600
-0.105082
-0.107466
-0.108827
-0.105940
-0.107700
-0.108585
-0.108098
-0.107940
-0.108050
-0.108482
-0.108248
-0.107923
-0.108265
-0.109134
-0.108864
-0.108412
-0.108825
-0.108710
-0.108039
-0.107969
-0.107210
-0.107344
-0.105480
-0.108950
-0.105651
-0.107632
-0.108064
-0.108812
-0.108916
-0.108962
-0.109105
-0.108744
-0.109172
-0.109202
-0.109039
-0.109160
-0.109152
-0.108959
-0.109090
-0.109054
-0.108981
-0.109203
-0.109241
-0.108961
-0.109083
-0.109009
-0.108930
-0.108900
-0.108732
-0.108968
-0.108370
-0.109243
-0.108514
-0.108736
-0.109076
-0.109278
-0.109264
-0.109238
-0.109244
-0.109201
-0.109212
-0.109209
-0.109254
-0.109169
-0.109208
-0.109239
-0.109280
-0.109270
-0.109238
-0.109199
-0.109222
-0.109228
-0.109288
-0.109243
-0.109250
-0.109255
-0.109190
-0.109034
-0.109034
-0.109190
-0.108872
-0.109058
-0.108977
-0.109158
-0.109074
-0.109112
-0.109171
-0.109151
-0.109192
-0.109210
-0.109201
-0.109196
-0.109189
-0.109177
-0.109236
-0.058375
0.824799
0.392511
0.108171
-0.072305
-0.078661
-0.101353
-0.104060
-0.105360
-0.105712
-0.106120
-0.106586
-0.107507
-0.107717
-0.107353
-0.107242
-0.107620
-0.108177
-0.108310
-0.107626
-0.107168
-0.107479
-0.108559
-0.105223
-0.104381
-0.087600
-0.087714
-0.077474
-0.099553
-0.097083
-0.085635
-0.099887
-0.102790
-0.104901
-0.108119
-0.108630
-0.108178
-0.108171
-0.108486
-0.108842
-0.108887
-0.108661
-0.108591
-0.108729
-0.108967
-0.108934
-0.108683
-0.108564
-0.108666
-0.108993
-0.108885
-0.107663
-0.106984
-0.104739
-0.106397
-0.101571
-0.105421
-0.106953
-0.104128
-0.108851
-0.106679
-0.107733
-0.108598
-0.108909
-0.108736
-0.108672
-0.108793
-0.108985
-0.109066
-0.108943
-0.108864
-0.108908
-0.109038
-0.109076
-0.108939
-0.108830
-0.108858
-0.109046
-0.109056
-0.108346
-0.107914
-0.107872
-0.108774
-0.106420
-0.107243
-0.107373
-0.107376
-0.107954
-0.107837
-0.108941
-0.108525
-0.108946
-0.108649
-0.108835
-0.109116
-0.109233
-0.109175
-0.109147
-0.109158
-0.109207
-0.102767
0.331353
0.079385
-0.098016
-0.084597
-0.097610
-0.101653
-0.103183
-0.102975
-0.103266
-0.104292
-0.105368
-0.105573
-0.105093
-0.105292
-0.106209
-0.106737
-0.106350
-0.105891
-0.106327
-0.107311
-0.107453
-0.106610
-0.106382
-0.107961
-0.106924
-0.098494
-0.098671
-0.105479
-0.095972
-0.100411
-0.109194
-0.107369
-0.107307
-0.107586
-0.108133
-0.108491
-0.108060
-0.107776
-0.107905
-0.108270
-0.108288
-0.107981
-0.107865
-0.108112
-0.108369
-0.108176
-0.107868
-0.107913
-0.108262
-0.108356
-0.107787
-0.107412
-0.107295
-0.106174
-0.106608
-0.108512
-0.106779
-0.108303
-0.107964
-0.108146
-0.108848
-0.108663
-0.108362
-0.108381
-0.108635
-0.108726
-0.108551
-0.108457
-0.108570
-0.108728
-0.108666
-0.108518
-0.108525
-0.108696
-0.108780
-0.108602
-0.108494
-0.108628
-0.108927
-0.108637
-0.108399
-0.108864
-0.108866
-0.108540
-0.108161
-0.108216
-0.107859
-0.107865
-0.107901
-0.108473
-0.108782
-0.108579
-0.108387
-0.108472
-0.108639
-0.108631
-0.108481
-0.108446
-0.108559
-0.107422
1.590379
0.102400
-0.035374
-0.104342
-0.084779
-0.093141
-0.096432
-0.097232
-0.098268
-0.100035
-0.101439
-0.101875
-0.101706
-0.102106
-0.103175
-0.103884
-0.103646
-0.103291
-0.103601
-0.104381
-0.104638
-0.103967
-0.103514
-0.099937
-0.096281
-0.094332
-0.060223
-0.106512
-0.072091
-0.101292
-0.102636
-0.106040
-0.105696
-0.106703
-0.107363
-0.107282
-0.106919
-0.106826
-0.107140
-0.107433
-0.107318
-0.107043
-0.106993
-0.107247
-0.107427
-0.107174
-0.106883
-0.106900
-0.107146
-0.107101
-0.106523
-0.105227
-0.103542
-0.105966
-0.097581
-0.106351
-0.102455
-0.106239
-0.107091
-0.108316
-0.108050
-0.108662
-0.108131
-0.108228
-0.108456
-0.108548
-0.108369
-0.108273
-0.108382
-0.108535
-0.108496
-0.108353
-0.108350
-0.108530
-0.108651
-0.108537
-0.108446
-0.108592
-0.108888
-0.108843
-0.107878
-0.108602
-0.106621
-0.107314
-0.105401
-0.107937
-0.105192
-0.107655
-0.106348
-0.107869
-0.107924
-0.107707
-0.107766
-0.107867
-0.108026
-0.107992
-0.107858
-0.107841
-0.107964
