-2.219994
1.844947
1.246398
-9.263734
-0.105582
-0.105571
-0.003219
1.120422
3.404345
-3.719061
-0.105576
-0.105574
2.231921
1.425086
6.160821
-3.795246
-0.105582
-0.105565
-0.276020
2.187745
4.721174
-6.124318
-0.105580
-0.105576
-0.111760
5.229898
10.268077
-9.861526
-0.105578
-0.105579
-0.050090
1.274789
3.272084
-3.117718
-0.105578
-0.105577
8.916986
-0.105045
8.918123
8.915654
-0.105579
-0.105576
8.397091
3.187955
14.583097
3.865088
-0.105577
-0.105580
2.003403
0.570802
0.371829
0.476525
0.321324
0.082238
0.368411
0.208918
0.107046
0.033517
0.108950
0.103394
-0.067268
0.092926
0.046843
-0.032067
0.049619
0.032504
-0.059097
0.010809
0.005639
-0.101783
-0.034264
-0.040102
-0.075128
-0.077364
-0.049005
-0.069055
-0.085034
-0.070901
-0.072116
-0.097731
-0.074728
-0.075593
-0.089111
-0.085821
-0.058225
-0.073378
-0.089145
-0.060434
-0.070683
-0.095772
-0.076450
-0.077841
-0.102090
-0.078512
-0.087222
-0.093105
-0.083633
-0.083685
-0.081774
-0.098442
-0.091647
-0.094714
-0.103069
-0.104362
-0.101574
-0.097332
-0.098966
-0.095539
-0.097877
-0.102722
-0.092176
-0.098563
-0.098049
-0.098376
-0.094975
-0.095179
-0.100507
-0.093570
-0.097931
-0.099638
-0.096390
-0.098800
-0.101287
-0.095628
-0.097009
-0.102738
-0.098690
-0.100313
-0.101926
-0.101788
-0.099594
-0.101712
-0.101953
-0.102404
-0.102259
-0.104039
-0.101405
-0.102399
-0.103292
-0.102084
-0.099441
-0.102382
-0.100952
-0.097057
-0.097394
-0.102495
-0.098124
-0.096882
-0.004100
0.224572
0.292582
0.110155
-0.024282
-0.038200
0.002626
-0.000497
0.006084
0.015684
0.123513
0.029259
0.117379
0.166128
0.052113
0.086121
0.053639
-0.060464
0.008854
-0.049105
-0.055516
-0.023502
-0.061650
-0.028910
-0.032743
-0.033119
-0.024573
-0.038282
-0.034187
-0.044881
-0.038138
-0.047852
-0.054962
-0.065374
-0.080887
-0.068329
-0.094479
-0.083351
-0.073875
-0.091871
-0.068890
-0.074472
-0.078560
-0.063766
-0.077867
-0.084532
-0.077687
-0.091053
-0.095437
-0.099154
-0.100466
-0.103055
-0.101785
-0.100514
-0.100556
-0.104521
-0.102811
-0.102714
-0.099812
-0.102452
-0.102459
-0.102245
-0.100922
-0.104415
-0.103482
-0.102193
-0.097169
-0.100786
-0.091645
-0.092026
-0.097158
-0.091527
-0.096841
-0.100652
-0.096008
-0.103147
-0.098066
-0.098842
-0.103917
-0.098001
-0.098644
-0.099545
-0.096563
-0.097452
-0.096937
-0.097757
-0.096746
-0.097840
-0.097781
-0.100447
-0.101055
-0.099608
-0.103652
-0.101651
-0.101355
-0.103307
-0.100893
-0.099984
-0.100173
-0.100484
2.230584
0.200304
0.233886
0.008024
0.337434
0.342616
0.143160
0.177248
0.180780
0.143331
-0.013390
-0.001190
0.049640
-0.041017
-0.035442
0.010621
-0.025755
-0.011576
0.036348
0.000430
-0.007954
0.045730
-0.016975
-0.003538
0.028245
-0.043897
0.000283
-0.000957
-0.051274
-0.002604
-0.027091
-0.055914
-0.018325
-0.055763
-0.054135
-0.037039
-0.073039
-0.061136
-0.058879
-0.084225
-0.081712
-0.077532
-0.096815
-0.089096
-0.082517
-0.100029
-0.087888
-0.080460
-0.086838
-0.090738
-0.092493
-0.086368
-0.091659
-0.099434
-0.093620
-0.100892
-0.103226
-0.103223
-0.102970
-0.100681
-0.092217
-0.092016
-0.096212
-0.092748
-0.094370
-0.096474
-0.102571
-0.096946
-0.094742
-0.101952
-0.099571
-0.097773
-0.101729
-0.098716
-0.095442
-0.099909
-0.096619
-0.091597
-0.098663
-0.093105
-0.091645
-0.096801
-0.091204
-0.093148
-0.095751
-0.092176
-0.096186
-0.098409
-0.093928
-0.099647
-0.093736
-0.093577
-0.099466
-0.094316
-0.096070
-0.100977
-0.098724
-0.097407
-0.101426
-0.102240
0.063696
0.662465
0.781126
0.151649
0.486545
0.518427
0.050537
0.213694
0.262872
0.002291
0.157866
0.042122
-0.039793
0.060773
-0.018775
-0.012121
-0.056159
-0.055054
-0.040136
-0.096434
-0.058309
-0.066859
-0.088680
-0.077778
-0.073360
-0.084182
-0.099473
-0.084787
-0.096531
-0.096180
-0.101685
-0.088712
-0.089745
-0.090810
-0.091706
-0.089511
-0.090147
-0.101072
-0.091855
-0.096560
-0.095300
-0.093522
-0.094906
-0.086645
-0.101867
-0.090606
-0.086627
-0.097112
-0.085833
-0.091028
-0.096678
-0.091405
-0.096703
-0.103093
-0.103224
-0.103811
-0.100975
-0.101893
-0.098166
-0.102629
-0.099130
-0.098295
-0.103831
-0.097360
-0.098251
-0.100916
-0.094972
-0.101248
-0.102017
-0.097741
-0.102581
-0.101981
-0.102265
-0.103272
-0.102394
-0.104173
-0.102832
-0.103293
-0.103643
-0.101897
-0.102503
-0.102223
-0.103825
-0.103289
-0.103647
-0.104671
-0.104378
-0.103171
-0.104162
-0.102982
-0.103486
-0.102710
-0.104961
-0.102639
-0.102782
-0.103385
-0.100599
-0.103553
-0.101680
-0.100649
-0.101300
1.962362
2.651591
0.871784
0.648625
0.629817
-0.029362
0.143153
0.127543
0.094700
0.048156
-0.047539
-0.019069
-0.021389
-0.054567
-0.079687
-0.052726
-0.053634
-0.096689
-0.079242
-0.082242
-0.081596
-0.094854
-0.090678
-0.077820
-0.097820
-0.087973
-0.084569
-0.098318
-0.087104
-0.094839
-0.098097
-0.092021
-0.099889
-0.099581
-0.095706
-0.099606
-0.101975
-0.101723
-0.096264
-0.099044
-0.103734
-0.099442
-0.097976
-0.100329
-0.100260
-0.094741
-0.095930
-0.098837
-0.099109
-0.100501
-0.092534
-0.095311
-0.093208
-0.086100
-0.101776
-0.099032
-0.096206
-0.090242
-0.098660
-0.095305
-0.094936
-0.103951
-0.099830
-0.101288
-0.100624
-0.102362
-0.103932
-0.101740
-0.102386
-0.104542
-0.103970
-0.103422
-0.103841
-0.105096
-0.103764
-0.104064
-0.104174
-0.104701
-0.103633
-0.103489
-0.104527
-0.104602
-0.102889
-0.103601
-0.103237
-0.103231
-0.104287
-0.104349
-0.104755
-0.103108
-0.104481
-0.103847
-0.103772
-0.104935
-0.104608
-0.104644
-0.104851
-0.104757
-0.105183
-0.049906
0.348936
0.535344
0.318102
0.134656
0.113106
0.012560
-0.019461
-0.049622
-0.075871
-0.034059
-0.056033
-0.065654
-0.063269
-0.058519
-0.078253
-0.073994
-0.069101
-0.095554
-0.091735
-0.098243
-0.092170
-0.090448
-0.087527
-0.088683
-0.086078
-0.092722
-0.088726
-0.090350
-0.093929
-0.093942
-0.093499
-0.097029
-0.094866
-0.097049
-0.099377
-0.100901
-0.102260
-0.103522
-0.099029
-0.098600
-0.099503
-0.099453
-0.099784
-0.101609
-0.101869
-0.099218
-0.101029
-0.100969
-0.099540
-0.100958
-0.101727
-0.101864
-0.097356
-0.099571
-0.103612
-0.103547
-0.104867
-0.101536
-0.101564
-0.101439
-0.099739
-0.103187
-0.103470
-0.104354
-0.104124
-0.101981
-0.103036
-0.103920
-0.102523
-0.104145
-0.104637
-0.103451
-0.104430
-0.105125
-0.103838
-0.104324
-0.105015
-0.104720
-0.103346
-0.104573
-0.104465
-0.103389
-0.104220
-0.105170
-0.103710
-0.104378
-0.105208
-0.104510
-0.103416
-0.104739
-0.103943
-0.103910
-0.104622
-0.105144
-0.104105
-0.103092
-0.104896
-0.103703
-0.104087
-2.763348
0.172851
-2.192201
-3.216773
-0.105578
-0.105580
0.271234
0.346778
1.083366
-0.224686
-0.105577
-0.105581
0.085482
0.112481
0.488727
-0.201370
-0.105577
-0.105580
-0.134470
1.632488
2.370287
-3.143280
-0.105578
-0.105581
0.056216
0.660003
1.170326
-1.172493
-0.105578
-0.105581
-0.131734
2.728887
4.070893
-3.460835
-0.105577
-0.105582
6.121127
0.828585
7.524828
4.475049
-0.105578
-0.105580
2.552182
0.035177
0.013640
-0.054934
-0.063934
-0.101341
-0.099960
-0.105110
-0.103718
-0.104032
-0.103167
-0.103802
-0.104900
-0.104987
-0.105414
-0.105188
-0.105164
-0.104872
-0.104023
-0.105091
-0.104901
-0.104560
-0.104486
-0.104684
-0.101501
-0.099996
-0.100019
-0.100772
-0.103876
-0.104348
-0.100996
-0.100926
-0.103180
-0.103874
-0.104764
-0.104764
-0.105056
-0.105089
-0.105525
-0.105172
-0.105372
-0.105317
-0.105273
-0.105282
-0.105256
-0.105360
-0.105159
-0.105530
-0.105406
-0.105441
-0.105436
-0.105531
-0.105187
-0.104319
-0.104309
-0.104640
-0.104733
-0.105056
-0.104933
-0.104073
-0.104928
-0.104984
-0.105227
-0.105269
-0.105418
-0.105375
-0.105477
-0.105426
-0.105531
-0.105489
-0.105477
-0.105463
-0.105469
-0.105473
-0.105487
-0.105482
-0.105556
-0.105500
-0.105540
-0.105538
-0.105518
-0.105151
-0.105022
-0.105153
-0.105106
-0.105175
-0.105236
-0.104996
-0.105001
-0.105358
-0.105313
-0.105373
-0.105486
-0.105483
-0.105455
-0.105535
-0.105482
-0.105476
-0.105514
-0.105509
0.274458
0.202351
-0.021409
-0.084402
-0.096997
-0.091167
-0.102793
-0.103477
-0.105134
-0.103416
-0.103811
-0.105121
-0.104401
-0.104894
-0.104834
-0.104672
-0.104203
-0.104369
-0.104005
-0.103849
-0.104623
-0.104155
-0.104132
-0.103327
-0.103625
-0.104713
-0.099921
-0.099900
-0.101774
-0.098550
-0.105049
-0.102696
-0.104550
-0.104871
-0.104477
-0.104771
-0.104762
-0.105125
-0.105197
-0.105101
-0.105100
-0.105218
-0.105302
-0.105424
-0.105406
-0.105372
-0.105435
-0.105510
-0.105461
-0.105472
-0.105478
-0.105286
-0.105325
-0.105253
-0.104828
-0.105363
-0.103619
-0.103949
-0.105012
-0.104626
-0.105108
-0.105473
-0.105093
-0.105274
-0.105330
-0.105407
-0.105459
-0.105405
-0.105424
-0.105496
-0.105524
-0.105499
-0.105507
-0.105469
-0.105512
-0.105523
-0.105453
-0.105451
-0.105458
-0.105408
-0.105463
-0.105367
-0.105382
-0.105263
-0.104583
-0.105259
-0.104826
-0.105205
-0.105158
-0.105368
-0.105410
-0.105473
-0.105540
-0.105493
-0.105538
-0.105519
-0.105518
-0.105539
-0.105550
-0.105516
0.087556
0.032390
-0.037084
-0.091290
-0.096281
-0.104650
-0.104860
-0.105290
-0.104025
-0.105077
-0.104675
-0.105434
-0.105249
-0.104822
-0.103879
-0.104891
-0.105122
-0.105234
-0.105505
-0.105038
-0.105275
-0.105124
-0.105232
-0.105412
-0.104753
-0.103480
-0.102241
-0.103796
-0.102964
-0.101451
-0.102962
-0.105303
-0.104473
-0.105177
-0.105405
-0.105394
-0.105281
-0.105528
-0.105430
-0.105500
-0.105512
-0.105476
-0.105206
-0.105481
-0.105472
-0.105435
-0.105445
-0.105454
-0.105464
-0.105470
-0.105513
-0.105530
-0.105411
-0.105046
-0.105102
-0.105148
-0.104692
-0.104848
-0.105243
-0.105008
-0.105080
-0.105355
-0.105440
-0.105443
-0.105438
-0.105540
-0.105495
-0.105549
-0.105532
-0.105533
-0.105545
-0.105413
-0.105497
-0.105486
-0.105461
-0.105495
-0.105457
-0.105511
-0.105500
-0.105491
-0.105542
-0.105443
-0.105486
-0.105158
-0.105139
-0.105476
-0.105308
-0.105225
-0.105458
-0.105437
-0.105506
-0.105442
-0.105476
-0.105469
-0.105486
-0.105478
-0.105497
-0.105485
-0.105497
-0.105515
-0.088155
1.066529
0.251923
-0.019526
-0.057297
-0.068153
-0.091182
-0.097390
-0.099211
-0.099966
-0.101378
-0.102449
-0.103171
-0.103404
-0.103233
-0.102824
-0.102282
-0.101887
-0.101647
-0.101581
-0.101454
-0.101892
-0.103123
-0.103520
-0.095304
-0.100278
-0.086310
-0.081660
-0.090118
-0.078254
-0.091491
-0.094183
-0.104230
-0.099412
-0.103029
-0.102928
-0.103340
-0.103677
-0.104003
-0.104344
-0.104684
-0.104987
-0.105165
-0.105080
-0.104862
-0.104626
-0.104425
-0.104271
-0.104180
-0.104145
-0.104233
-0.104113
-0.104734
-0.103659
-0.102059
-0.102470
-0.098943
-0.100496
-0.101572
-0.101885
-0.104915
-0.104360
-0.105087
-0.104879
-0.104844
-0.104728
-0.104638
-0.104617
-0.104645
-0.104709
-0.104799
-0.104912
-0.105018
-0.105094
-0.105102
-0.105039
-0.104934
-0.104797
-0.104656
-0.104659
-0.104519
-0.104303
-0.103344
-0.104734
-0.102759
-0.105035
-0.102627
-0.103046
-0.104622
-0.104012
-0.104929
-0.105391
-0.104977
-0.105066
-0.105084
-0.105039
-0.104984
-0.104943
-0.104912
-0.104890
0.059166
0.419069
0.020353
-0.078684
-0.093266
-0.103218
-0.103628
-0.103638
-0.103887
-0.103814
-0.103854
-0.103920
-0.104062
-0.104294
-0.104503
-0.104787
-0.104783
-0.104850
-0.104793
-0.104607
-0.104455
-0.104238
-0.104167
-0.103999
-0.105010
-0.101846
-0.099605
-0.093537
-0.100233
-0.095840
-0.097662
-0.104031
-0.102855
-0.103995
-0.104475
-0.104746
-0.104942
-0.105095
-0.105160
-0.105156
-0.105120
-0.105078
-0.105068
-0.105066
-0.105119
-0.105157
-0.105216
-0.105300
-0.105376
-0.105447
-0.105468
-0.105437
-0.105219
-0.105294
-0.105371
-0.102658
-0.103908
-0.104647
-0.102526
-0.105158
-0.104927
-0.104916
-0.105167
-0.105239
-0.105302
-0.105356
-0.105393
-0.105398
-0.105393
-0.105380
-0.105357
-0.105352
-0.105353
-0.105364
-0.105383
-0.105409
-0.105442
-0.105476
-0.105517
-0.105531
-0.105469
-0.105398
-0.105508
-0.104550
-0.104616
-0.105254
-0.104393
-0.105274
-0.104962
-0.105107
-0.105304
-0.105434
-0.105401
-0.105405
-0.105412
-0.105425
-0.105434
-0.105442
-0.105454
-0.105457
-0.066421
1.872603
0.170150
0.021873
-0.078058
-0.084798
-0.087376
-0.090762
-0.093329
-0.095575
-0.097728
-0.099420
-0.100741
-0.101268
-0.101010
-0.100400
-0.099657
-0.099023
-0.098491
-0.098240
-0.098170
-0.098361
-0.098812
-0.098891
-0.098802
-0.096235
-0.101758
-0.057352
-0.086320
-0.066921
-0.080147
-0.097937
-0.096393
-0.099524
-0.100773
-0.101386
-0.101940
-0.102454
-0.102997
-0.103528
-0.104045
-0.104490
-0.104709
-0.104531
-0.104172
-0.103773
-0.103414
-0.103129
-0.102960
-0.102894
-0.102967
-0.103160
-0.103728
-0.103931
-0.104627
-0.098776
-0.096480
-0.099436
-0.096655
-0.103916
-0.104133
-0.105321
-0.105054
-0.104601
-0.104263
-0.104026
-0.103872
-0.103819
-0.103846
-0.103944
-0.104094
-0.104280
-0.104449
-0.104564
-0.104577
-0.104476
-0.104294
-0.104085
-0.103876
-0.103707
-0.103476
-0.102919
-0.104013
-0.103556
-0.101466
-0.104175
-0.100882
-0.103305
-0.105438
-0.103918
-0.104352
-0.104551
-0.104587
-0.104579
-0.104543
-0.104472
-0.104395
-0.104322
-0.104265
-0.104229
