-1.197460
1.928689
2.829217
-8.593896
-0.110858
-0.110849
-0.107780
0.922205
3.842706
-3.107375
-0.110851
-0.110845
2.552843
1.557494
7.469749
-3.651873
-0.110858
-0.110842
-0.351836
1.512690
4.503659
-4.838594
-0.110854
-0.110851
-0.086511
5.538204
10.366932
-9.293354
-0.110855
-0.110857
-0.166053
1.308299
2.942517
-3.077892
-0.110855
-0.110855
10.503435
-0.110246
10.504432
10.502449
-0.110855
-0.110857
7.573036
3.308311
13.079827
2.587894
-0.110855
-0.110858
0.970245
0.677853
0.448245
0.537773
0.293594
0.031320
0.295215
0.118874
0.066293
-0.013155
0.067114
0.070441
-0.022075
0.123373
0.014843
-0.016664
-0.001692
-0.071008
-0.087882
-0.085207
-0.053382
-0.012102
-0.057965
-0.027709
0.024857
-0.037595
0.013644
-0.010532
-0.007218
-0.049235
-0.032147
-0.057366
-0.087612
-0.067821
-0.091168
-0.083874
-0.094352
-0.102553
-0.084313
-0.084746
-0.100909
-0.080699
-0.096592
-0.092691
-0.093644
-0.105623
-0.093198
-0.095757
-0.090515
-0.106056
-0.096372
-0.099147
-0.105948
-0.105460
-0.104270
-0.098650
-0.099591
-0.097567
-0.099071
-0.110295
-0.100263
-0.102692
-0.106442
-0.104913
-0.101812
-0.099496
-0.108156
-0.097150
-0.100714
-0.108936
-0.105468
-0.106937
-0.105580
-0.106753
-0.106182
-0.100145
-0.103221
-0.105456
-0.096636
-0.104773
-0.100148
-0.101027
-0.103066
-0.105017
-0.102024
-0.105061
-0.105475
-0.102503
-0.109236
-0.103515
-0.105257
-0.107537
-0.104985
-0.104306
-0.109177
-0.105971
-0.106541
-0.107465
-0.105310
-0.108466
-0.107906
0.169655
0.144778
-0.014423
-0.052158
-0.012189
-0.012035
0.035913
0.066228
0.036257
0.153156
0.072734
0.041711
0.083882
-0.063090
0.007375
-0.035393
-0.033267
0.004279
-0.057598
0.004030
-0.036658
-0.030040
-0.025900
-0.044046
-0.033732
-0.068269
-0.072069
-0.080154
-0.066445
-0.068154
-0.063062
-0.055442
-0.069977
-0.053252
-0.082209
-0.079910
-0.085687
-0.096986
-0.084381
-0.102140
-0.075362
-0.082080
-0.089607
-0.079341
-0.096483
-0.096956
-0.101542
-0.104827
-0.100455
-0.107521
-0.109785
-0.110653
-0.109459
-0.107524
-0.107341
-0.105740
-0.108020
-0.109249
-0.110606
-0.109511
-0.104069
-0.100971
-0.104846
-0.099705
-0.101556
-0.105156
-0.100699
-0.107989
-0.102017
-0.103068
-0.106712
-0.101435
-0.107219
-0.104426
-0.105640
-0.105829
-0.102240
-0.104346
-0.102791
-0.105324
-0.107012
-0.107256
-0.106996
-0.104464
-0.104514
-0.102527
-0.104994
-0.102986
-0.106758
-0.106990
-0.106841
-0.108280
-0.105705
-0.108816
-0.105608
-0.106902
-0.107828
-0.105532
-0.109916
2.551291
0.276158
0.358136
0.028635
0.416978
0.446541
0.165896
0.122486
0.162605
0.126423
-0.053664
-0.007476
0.015052
-0.040285
-0.063403
-0.000563
-0.042712
-0.050370
-0.001063
-0.027021
-0.072709
0.004465
-0.039134
-0.055838
-0.009523
-0.072257
-0.054243
-0.042392
-0.062900
-0.073161
-0.037622
-0.065829
-0.074306
-0.049767
-0.089347
-0.080145
-0.073169
-0.095048
-0.092738
-0.086261
-0.100232
-0.098334
-0.090426
-0.093988
-0.108952
-0.091713
-0.090651
-0.098430
-0.104733
-0.099942
-0.098185
-0.102021
-0.101957
-0.107118
-0.102554
-0.104916
-0.101179
-0.103622
-0.098941
-0.092726
-0.101422
-0.104899
-0.103291
-0.103834
-0.106951
-0.105676
-0.105436
-0.106083
-0.106057
-0.104194
-0.107999
-0.105803
-0.102673
-0.104769
-0.106689
-0.100612
-0.104467
-0.105199
-0.099630
-0.106526
-0.102614
-0.102015
-0.105010
-0.104813
-0.101419
-0.104103
-0.104877
-0.100074
-0.105786
-0.105841
-0.103706
-0.106785
-0.108522
-0.105844
-0.106194
-0.108775
-0.107196
-0.107179
-0.108657
-0.108226
0.129757
0.308613
0.461979
0.105680
0.271245
0.248754
-0.017311
0.210444
0.261518
0.095565
0.195660
0.133207
-0.077721
0.024051
-0.025862
-0.054260
-0.094155
-0.073946
-0.083850
-0.101062
-0.102476
-0.093496
-0.091994
-0.107307
-0.099670
-0.108452
-0.101046
-0.101883
-0.099172
-0.099936
-0.092585
-0.098098
-0.100402
-0.095970
-0.101682
-0.107290
-0.101137
-0.097692
-0.103855
-0.105313
-0.096053
-0.091731
-0.103424
-0.090003
-0.085214
-0.097039
-0.094053
-0.096256
-0.106358
-0.100070
-0.105020
-0.108674
-0.106989
-0.106903
-0.106706
-0.107354
-0.105920
-0.105540
-0.104953
-0.104751
-0.107919
-0.103864
-0.100393
-0.104730
-0.101614
-0.103315
-0.109387
-0.104629
-0.108065
-0.107929
-0.107330
-0.109550
-0.110072
-0.108882
-0.108999
-0.110002
-0.109086
-0.108951
-0.110124
-0.108860
-0.108780
-0.110225
-0.109823
-0.109547
-0.109667
-0.109681
-0.109830
-0.109858
-0.109439
-0.109279
-0.110152
-0.109328
-0.109511
-0.109721
-0.109999
-0.108424
-0.107876
-0.109608
-0.107646
-0.107155
-0.085159
2.011744
2.847130
0.862675
0.741409
0.710069
0.006657
0.150333
0.156301
0.089843
-0.013245
0.015642
-0.005457
-0.003410
-0.058278
-0.046787
-0.086643
-0.044205
-0.045496
-0.099112
-0.049096
-0.058988
-0.109088
-0.068917
-0.080295
-0.104646
-0.089440
-0.103750
-0.095293
-0.102161
-0.095467
-0.094095
-0.107750
-0.096148
-0.094721
-0.108495
-0.094620
-0.100883
-0.105622
-0.094848
-0.102181
-0.104198
-0.099118
-0.098842
-0.106039
-0.101504
-0.093373
-0.099818
-0.108704
-0.095471
-0.089866
-0.107287
-0.090125
-0.099981
-0.107918
-0.106806
-0.097245
-0.100478
-0.105505
-0.099931
-0.106457
-0.102482
-0.106798
-0.108320
-0.106059
-0.105669
-0.109574
-0.106122
-0.107908
-0.109126
-0.109590
-0.107768
-0.107820
-0.109777
-0.108227
-0.108006
-0.109787
-0.108418
-0.109449
-0.109849
-0.109374
-0.109656
-0.110161
-0.109756
-0.110116
-0.109166
-0.110097
-0.110217
-0.110364
-0.109189
-0.108781
-0.110355
-0.108240
-0.108941
-0.109772
-0.110033
-0.107990
-0.109026
-0.108932
-0.108465
-0.055630
0.309774
0.593911
0.331620
-0.003216
0.057104
0.063949
0.038308
-0.055969
-0.048477
-0.045643
-0.042178
-0.037911
-0.045014
-0.054115
-0.050746
-0.072524
-0.071204
-0.087479
-0.082541
-0.085762
-0.089675
-0.091731
-0.098861
-0.102830
-0.103122
-0.104664
-0.103989
-0.104346
-0.104282
-0.103052
-0.102719
-0.101821
-0.103903
-0.104602
-0.105180
-0.105646
-0.101025
-0.102022
-0.100815
-0.102158
-0.103364
-0.104352
-0.105177
-0.105555
-0.105494
-0.105875
-0.102897
-0.104089
-0.107894
-0.108194
-0.105587
-0.105193
-0.108537
-0.108732
-0.109605
-0.107095
-0.106623
-0.108895
-0.107601
-0.107733
-0.108055
-0.110328
-0.108279
-0.107256
-0.108262
-0.107946
-0.108222
-0.108960
-0.108792
-0.109332
-0.109014
-0.108671
-0.108706
-0.108644
-0.108958
-0.109671
-0.110086
-0.110297
-0.110330
-0.110704
-0.110157
-0.110662
-0.110789
-0.109787
-0.109909
-0.110715
-0.109754
-0.110322
-0.109874
-0.109590
-0.109090
-0.110052
-0.109331
-0.108894
-0.110492
-0.110040
-0.109887
-0.110097
-0.110380
-2.541435
0.244761
-1.824974
-2.996812
-0.110853
-0.110857
0.790336
0.356377
1.535113
0.222522
-0.110854
-0.110858
-0.002714
0.043028
0.223632
-0.254616
-0.110855
-0.110858
-0.102241
1.750446
2.326252
-3.405831
-0.110856
-0.110858
-0.126699
0.406425
0.935534
-0.833261
-0.110853
-0.110856
-0.149401
2.083228
3.421285
-2.747199
-0.110854
-0.110858
5.937519
0.927236
7.901983
4.426897
-0.110853
-0.110857
2.320580
-0.014480
0.116067
-0.103394
-0.069472
-0.109191
-0.108006
-0.109360
-0.109059
-0.110376
-0.108661
-0.109982
-0.109878
-0.109128
-0.109706
-0.109527
-0.110516
-0.110576
-0.109846
-0.109663
-0.109998
-0.109383
-0.109486
-0.106652
-0.106774
-0.101404
-0.103970
-0.107587
-0.110062
-0.104630
-0.103898
-0.105287
-0.108245
-0.108607
-0.108429
-0.108839
-0.109217
-0.109153
-0.109421
-0.109625
-0.109483
-0.109631
-0.109960
-0.109647
-0.109736
-0.109909
-0.109817
-0.109747
-0.109799
-0.109743
-0.109929
-0.108724
-0.109764
-0.107290
-0.109390
-0.109657
-0.109143
-0.108099
-0.109352
-0.110367
-0.110025
-0.109893
-0.110124
-0.110195
-0.110116
-0.110121
-0.110211
-0.110236
-0.110164
-0.110221
-0.110121
-0.110145
-0.110150
-0.110111
-0.110066
-0.110083
-0.110080
-0.110082
-0.109717
-0.110272
-0.109473
-0.110528
-0.110305
-0.110252
-0.110000
-0.110325
-0.110597
-0.110507
-0.110315
-0.110597
-0.110540
-0.110460
-0.110453
-0.110417
-0.110631
-0.110300
-0.110389
-0.110366
-0.110358
-0.110333
0.789037
0.209736
-0.037147
-0.096012
-0.106904
-0.100357
-0.109220
-0.107965
-0.110327
-0.110228
-0.109200
-0.109766
-0.110476
-0.110241
-0.110292
-0.110004
-0.110281
-0.109704
-0.110688
-0.110672
-0.110291
-0.109878
-0.109523
-0.109705
-0.110157
-0.108163
-0.102660
-0.107123
-0.106690
-0.103612
-0.110565
-0.109181
-0.109931
-0.109377
-0.109387
-0.109915
-0.109997
-0.110102
-0.110226
-0.110160
-0.110119
-0.110224
-0.110306
-0.110336
-0.110404
-0.110172
-0.110264
-0.110286
-0.110229
-0.110261
-0.109939
-0.110331
-0.110165
-0.109543
-0.108766
-0.110029
-0.108737
-0.110472
-0.110198
-0.110331
-0.110293
-0.110394
-0.110452
-0.110510
-0.110481
-0.110614
-0.110469
-0.110486
-0.110507
-0.110523
-0.110529
-0.110521
-0.110419
-0.110471
-0.110456
-0.110428
-0.110475
-0.110432
-0.110534
-0.110520
-0.110301
-0.109925
-0.110633
-0.110281
-0.110305
-0.110584
-0.110634
-0.110675
-0.110640
-0.110503
-0.110744
-0.110633
-0.110544
-0.110567
-0.110647
-0.110645
-0.110642
-0.110648
-0.110598
-0.110564
-0.002639
-0.005094
-0.098047
-0.099705
-0.097561
-0.103376
-0.106937
-0.107768
-0.109016
-0.109362
-0.110326
-0.109074
-0.109750
-0.110341
-0.109941
-0.109535
-0.109733
-0.110173
-0.110156
-0.109457
-0.109740
-0.109646
-0.109676
-0.109533
-0.110147
-0.109793
-0.107513
-0.110368
-0.109144
-0.109032
-0.109947
-0.109697
-0.110087
-0.110477
-0.110507
-0.110706
-0.110620
-0.110616
-0.110581
-0.110459
-0.110504
-0.110455
-0.110455
-0.110565
-0.110602
-0.110564
-0.110392
-0.110563
-0.110485
-0.110567
-0.110805
-0.110401
-0.110297
-0.110172
-0.110614
-0.110563
-0.110231
-0.110558
-0.110497
-0.110700
-0.110623
-0.110672
-0.110743
-0.110665
-0.110654
-0.110646
-0.110580
-0.110635
-0.110616
-0.110648
-0.110688
-0.110693
-0.110633
-0.110595
-0.110658
-0.110622
-0.110672
-0.110720
-0.110539
-0.110583
-0.110640
-0.110705
-0.110632
-0.110526
-0.110655
-0.110696
-0.110737
-0.110644
-0.110711
-0.110735
-0.110627
-0.110638
-0.110688
-0.110669
-0.110692
-0.110628
-0.110699
-0.110702
-0.110671
-0.110651
-0.096105
1.163494
0.176695
0.010007
-0.070268
-0.080641
-0.099677
-0.105065
-0.106182
-0.106635
-0.106871
-0.106964
-0.107026
-0.107045
-0.107155
-0.107374
-0.107435
-0.107548
-0.107634
-0.107628
-0.107431
-0.106626
-0.105541
-0.107910
-0.101616
-0.101832
-0.076801
-0.096266
-0.090901
-0.085340
-0.106936
-0.103650
-0.108890
-0.107620
-0.107974
-0.108258
-0.108465
-0.108496
-0.108741
-0.108807
-0.108957
-0.109003
-0.109059
-0.109058
-0.109052
-0.109010
-0.108972
-0.108908
-0.108861
-0.108740
-0.108527
-0.107356
-0.107979
-0.103353
-0.106126
-0.110022
-0.101719
-0.109286
-0.107858
-0.109324
-0.108967
-0.108904
-0.109283
-0.109043
-0.108736
-0.109376
-0.109135
-0.109255
-0.109169
-0.109147
-0.109109
-0.109064
-0.109008
-0.109010
-0.108953
-0.108928
-0.108894
-0.108859
-0.108584
-0.109201
-0.107867
-0.109164
-0.108511
-0.106782
-0.109402
-0.109248
-0.109632
-0.109616
-0.109305
-0.110102
-0.108818
-0.108613
-0.110286
-0.109242
-0.109638
-0.109311
-0.109324
-0.109292
-0.109264
-0.109243
-0.095511
0.110080
0.175702
-0.073313
-0.099409
-0.107578
-0.107952
-0.107700
-0.107877
-0.108226
-0.108505
-0.108539
-0.108743
-0.108860
-0.108918
-0.109071
-0.109139
-0.109255
-0.109375
-0.109556
-0.109783
-0.109937
-0.109999
-0.108616
-0.109065
-0.098970
-0.097662
-0.109782
-0.109416
-0.098039
-0.105550
-0.108943
-0.108389
-0.109011
-0.109210
-0.109356
-0.109490
-0.109600
-0.109645
-0.109728
-0.109791
-0.109868
-0.109941
-0.110006
-0.110086
-0.110148
-0.110220
-0.110297
-0.110358
-0.110400
-0.110475
-0.110210
-0.109256
-0.106979
-0.110067
-0.110214
-0.108751
-0.108172
-0.109757
-0.109903
-0.110190
-0.110323
-0.110328
-0.110400
-0.110457
-0.110368
-0.110472
-0.110522
-0.110574
-0.110600
-0.110610
-0.110626
-0.110632
-0.110627
-0.110632
-0.110620
-0.110601
-0.110581
-0.110452
-0.110338
-0.109604
-0.109858
-0.110569
-0.110594
-0.109292
-0.110386
-0.110606
-0.110741
-0.110611
-0.110199
-0.110715
-0.110725
-0.110056
-0.110649
-0.110699
-0.110679
-0.110669
-0.110651
-0.110651
-0.110653
-0.059377
1.397650
0.247276
-0.051128
-0.100274
-0.101973
-0.107326
-0.107811
-0.108327
-0.108567
-0.108937
-0.109132
-0.109522
-0.109867
-0.110087
-0.110379
-0.110564
-0.110650
-0.110554
-0.110399
-0.110141
-0.109881
-0.109211
-0.109960
-0.103580
-0.100566
-0.075034
-0.086767
-0.079913
-0.084857
-0.107878
-0.107596
-0.109489
-0.110194
-0.110289
-0.110506
-0.110627
-0.110628
-0.110705
-0.110671
-0.110594
-0.110521
-0.110441
-0.110382
-0.110359
-0.110325
-0.110300
-0.110284
-0.110279
-0.110265
-0.110355
-0.109617
-0.110335
-0.105157
-0.102091
-0.107716
-0.102639
-0.108315
-0.109726
-0.110844
-0.110562
-0.110486
-0.110264
-0.110621
-0.110623
-0.110386
-0.110481
-0.110443
-0.110459
-0.110471
-0.110475
-0.110531
-0.110565
-0.110586
-0.110630
-0.110673
-0.110749
-0.110805
-0.110782
-0.110282
-0.109352
-0.107020
-0.109973
-0.107448
-0.108628
-0.110362
-0.110319
-0.110261
-0.110262
-0.109270
-0.110072
-0.109780
-0.109375
-0.110325
-0.110348
-0.110573
-0.110627
-0.110674
-0.110760
-0.110803
