-1.798113
0.959765
-0.115162
-8.163590
-0.130945
-0.130906
-0.188613
1.069337
4.991752
-4.020381
-0.130932
-0.130913
2.494040
1.206435
7.300182
-5.115189
-0.130944
-0.130891
0.765564
1.254085
6.307651
-1.101314
-0.130931
-0.130925
2.638218
3.017260
11.173248
0.103895
-0.130933
-0.130935
0.267890
0.730891
3.705478
-1.383670
-0.130930
-0.130919
10.297377
-0.129978
10.298399
10.294683
-0.130939
-0.130936
8.610327
2.335649
12.985589
4.186130
-0.130937
-0.130939
1.537155
0.205571
0.094768
0.018531
0.059397
0.096153
0.128976
0.113322
0.026872
0.007300
-0.059190
-0.037429
-0.057002
-0.039516
-0.055728
-0.060469
-0.069983
-0.054170
-0.066628
-0.057254
-0.076411
-0.086644
-0.089122
-0.098655
-0.089608
-0.082533
-0.073645
-0.052292
-0.046907
-0.049795
-0.047957
-0.061458
-0.070295
-0.071995
-0.082685
-0.082579
-0.082411
-0.085971
-0.090162
-0.089801
-0.098519
-0.092859
-0.091620
-0.091406
-0.085199
-0.087340
-0.090259
-0.090796
-0.099198
-0.106421
-0.108798
-0.115037
-0.112282
-0.109579
-0.112998
-0.109144
-0.111003
-0.113234
-0.108898
-0.109734
-0.113209
-0.112427
-0.118812
-0.120370
-0.119873
-0.126830
-0.122678
-0.124222
-0.126004
-0.120870
-0.122876
-0.124302
-0.120970
-0.126037
-0.126056
-0.124487
-0.129385
-0.124163
-0.123712
-0.124659
-0.119258
-0.122499
-0.121100
-0.120473
-0.126024
-0.124362
-0.122862
-0.126769
-0.124248
-0.123638
-0.128173
-0.125899
-0.126575
-0.130122
-0.125464
-0.126491
-0.126553
-0.123663
-0.127128
-0.126368
-0.069549
-0.028535
-0.005524
0.083003
0.062554
0.018906
0.026376
-0.001809
0.024213
0.020311
0.057847
0.094035
0.076544
0.101197
0.081802
0.096277
0.051203
0.056122
0.009940
-0.023014
-0.032160
-0.054568
-0.030299
-0.022367
-0.016534
-0.014180
-0.024840
-0.036330
-0.046368
-0.069960
-0.079478
-0.100943
-0.110929
-0.115866
-0.124907
-0.109077
-0.108588
-0.103696
-0.094709
-0.090725
-0.083710
-0.087886
-0.088221
-0.092249
-0.102980
-0.105024
-0.116675
-0.122116
-0.122555
-0.126169
-0.125425
-0.120119
-0.122004
-0.122539
-0.120663
-0.125164
-0.123895
-0.123743
-0.129186
-0.125757
-0.124911
-0.127099
-0.119480
-0.115926
-0.115435
-0.112358
-0.115743
-0.114389
-0.115575
-0.119679
-0.116821
-0.125394
-0.122453
-0.125698
-0.128838
-0.123771
-0.125711
-0.122393
-0.120644
-0.121813
-0.117129
-0.119540
-0.117619
-0.118269
-0.122417
-0.119960
-0.126765
-0.124959
-0.123594
-0.127763
-0.122542
-0.123663
-0.123136
-0.120756
-0.125261
-0.123271
-0.125812
-0.127528
-0.126281
-0.129988
2.497619
-0.055543
-0.095834
-0.053471
0.013368
0.043867
0.089278
0.105525
0.085886
0.107046
0.076232
0.053073
0.036906
0.018434
0.013612
0.041867
0.028758
0.068352
0.070834
0.080962
0.096237
0.078702
0.073811
0.053522
0.018263
0.006141
-0.019396
-0.030210
-0.033425
-0.047641
-0.044463
-0.058895
-0.074080
-0.079915
-0.102310
-0.097110
-0.108591
-0.099056
-0.101898
-0.105307
-0.100803
-0.106743
-0.110617
-0.108653
-0.115274
-0.111634
-0.111470
-0.115049
-0.108319
-0.108022
-0.109534
-0.105015
-0.110812
-0.113473
-0.112083
-0.117788
-0.116437
-0.114623
-0.119989
-0.114810
-0.116846
-0.119396
-0.114202
-0.118819
-0.119653
-0.116022
-0.121537
-0.119302
-0.117993
-0.123385
-0.116722
-0.122161
-0.118901
-0.118371
-0.123546
-0.118277
-0.124603
-0.119966
-0.119788
-0.119442
-0.113236
-0.117775
-0.113250
-0.113776
-0.118764
-0.114843
-0.120403
-0.120350
-0.118984
-0.125165
-0.119511
-0.123133
-0.124366
-0.121485
-0.126265
-0.125976
-0.123404
-0.127565
-0.125895
-0.124969
0.770144
0.427498
0.245605
0.241473
-0.033788
0.050006
-0.075715
0.050806
0.007282
0.104239
0.105624
0.066772
0.049138
-0.007779
-0.007887
-0.036663
-0.092350
-0.069386
-0.075522
-0.084254
-0.060261
-0.070812
-0.082633
-0.071180
-0.094306
-0.094235
-0.084506
-0.106467
-0.100535
-0.097761
-0.119382
-0.105417
-0.109079
-0.118697
-0.103513
-0.110775
-0.113613
-0.103730
-0.118293
-0.119636
-0.109495
-0.115469
-0.112076
-0.101648
-0.111566
-0.099878
-0.104543
-0.113463
-0.106063
-0.118929
-0.117150
-0.113460
-0.121981
-0.122396
-0.117133
-0.125811
-0.123555
-0.119994
-0.127937
-0.118678
-0.117497
-0.124510
-0.113477
-0.120877
-0.118888
-0.118784
-0.129542
-0.122381
-0.123801
-0.128947
-0.123842
-0.124507
-0.128430
-0.122720
-0.125923
-0.127094
-0.123257
-0.126750
-0.126443
-0.123704
-0.128084
-0.125938
-0.125527
-0.126705
-0.127033
-0.124935
-0.128110
-0.125157
-0.126239
-0.127499
-0.124630
-0.127395
-0.127114
-0.123998
-0.128521
-0.125653
-0.124506
-0.128720
-0.124408
-0.127985
2.671220
1.197532
0.936997
0.793437
0.334310
0.030194
0.483938
0.181199
0.142373
0.252663
-0.069476
0.105520
0.078554
-0.114927
0.053106
0.012386
-0.095985
0.029958
-0.028648
-0.068464
0.000655
-0.069911
-0.061880
-0.022985
-0.091478
-0.056269
-0.035913
-0.109707
-0.052054
-0.053942
-0.111439
-0.052824
-0.073114
-0.099749
-0.059590
-0.088777
-0.091313
-0.068765
-0.100524
-0.087485
-0.076348
-0.104812
-0.084210
-0.085685
-0.101523
-0.088845
-0.091412
-0.103407
-0.086415
-0.099450
-0.098136
-0.084632
-0.113379
-0.104183
-0.096126
-0.104184
-0.099554
-0.096000
-0.110295
-0.090853
-0.101865
-0.105111
-0.095702
-0.102307
-0.104797
-0.097290
-0.104919
-0.103636
-0.098745
-0.107265
-0.102428
-0.100713
-0.107750
-0.101640
-0.102822
-0.107649
-0.101499
-0.105433
-0.106476
-0.101929
-0.107162
-0.105210
-0.102956
-0.108120
-0.104228
-0.104582
-0.107465
-0.104990
-0.104721
-0.107471
-0.105635
-0.107072
-0.107409
-0.104944
-0.107570
-0.108194
-0.104975
-0.106332
-0.107239
-0.104419
0.272181
0.121778
0.035585
0.140276
0.079545
-0.003088
0.050300
-0.037657
-0.032785
-0.006932
-0.048921
-0.016930
-0.057920
-0.085725
-0.068363
-0.062713
-0.064243
-0.047426
-0.049429
-0.059258
-0.055524
-0.082325
-0.084872
-0.090466
-0.110041
-0.102912
-0.102791
-0.115119
-0.103759
-0.108931
-0.115507
-0.108709
-0.121001
-0.120349
-0.119714
-0.125254
-0.125448
-0.114498
-0.116373
-0.118052
-0.112080
-0.121091
-0.120584
-0.117909
-0.125641
-0.113979
-0.118554
-0.123398
-0.117323
-0.122624
-0.120814
-0.116801
-0.121385
-0.124133
-0.120090
-0.126307
-0.126387
-0.124835
-0.130217
-0.123195
-0.123870
-0.129093
-0.122099
-0.126446
-0.125102
-0.122625
-0.127696
-0.125716
-0.124279
-0.130482
-0.125292
-0.127414
-0.128222
-0.126640
-0.127707
-0.128701
-0.126913
-0.126958
-0.129353
-0.125933
-0.127801
-0.128321
-0.126265
-0.127955
-0.128402
-0.126171
-0.128872
-0.127143
-0.126337
-0.129972
-0.125704
-0.128017
-0.127947
-0.125696
-0.129195
-0.128083
-0.126309
-0.128940
-0.127008
-0.127039
-3.173704
0.187270
-2.464440
-3.873182
-0.130937
-0.130936
0.332619
0.353195
1.245519
-0.308644
-0.130935
-0.130940
0.108523
0.069905
0.447281
-0.324714
-0.130938
-0.130938
0.107401
1.783732
3.221606
-3.722160
-0.130937
-0.130939
0.183484
0.554966
1.025171
-1.248594
-0.130939
-0.130938
-0.873413
3.129270
4.576735
-3.999197
-0.130935
-0.130941
6.965483
0.559118
8.003781
5.531365
-0.130939
-0.130938
2.911133
-0.017699
0.011223
-0.020861
-0.082623
-0.079915
-0.126744
-0.125930
-0.127266
-0.128608
-0.128957
-0.129115
-0.130820
-0.129686
-0.129437
-0.129363
-0.130531
-0.129986
-0.130507
-0.130091
-0.130172
-0.129979
-0.130616
-0.130282
-0.129935
-0.130391
-0.129770
-0.130203
-0.130495
-0.130155
-0.130056
-0.126983
-0.124718
-0.125924
-0.123197
-0.127108
-0.129799
-0.129635
-0.127379
-0.125274
-0.126812
-0.127654
-0.128528
-0.130173
-0.130738
-0.130780
-0.130699
-0.130595
-0.130719
-0.130832
-0.130697
-0.130669
-0.130519
-0.130761
-0.130837
-0.130867
-0.130789
-0.130656
-0.130596
-0.130733
-0.130819
-0.130750
-0.130828
-0.130728
-0.130689
-0.130621
-0.130873
-0.130674
-0.129553
-0.129830
-0.129485
-0.129493
-0.130683
-0.130786
-0.130259
-0.129755
-0.129659
-0.129983
-0.130215
-0.130706
-0.130654
-0.130881
-0.130878
-0.130827
-0.130800
-0.130660
-0.130550
-0.130437
-0.130394
-0.130446
-0.130832
-0.130900
-0.130628
-0.130263
-0.130460
-0.130299
-0.130692
-0.130782
-0.130801
-0.130905
0.334784
0.127278
0.011223
-0.006845
-0.061798
-0.088370
-0.092992
-0.097385
-0.101393
-0.107742
-0.108343
-0.114309
-0.112513
-0.113475
-0.116179
-0.116927
-0.116498
-0.118712
-0.118851
-0.119549
-0.120414
-0.122803
-0.122307
-0.121289
-0.122349
-0.122419
-0.122744
-0.122710
-0.123405
-0.123324
-0.123328
-0.127917
-0.125184
-0.126832
-0.119807
-0.126443
-0.122435
-0.124930
-0.120886
-0.120440
-0.125973
-0.124562
-0.126186
-0.124511
-0.125528
-0.126335
-0.126143
-0.126459
-0.126106
-0.126471
-0.126239
-0.126356
-0.126237
-0.126539
-0.126635
-0.126848
-0.127209
-0.126701
-0.126755
-0.126703
-0.126954
-0.126817
-0.127117
-0.127013
-0.127372
-0.127384
-0.127419
-0.127899
-0.127151
-0.127328
-0.126474
-0.128356
-0.128421
-0.127682
-0.128328
-0.125972
-0.126470
-0.126732
-0.127499
-0.127338
-0.127572
-0.127595
-0.127710
-0.127663
-0.127623
-0.127627
-0.127483
-0.127653
-0.127260
-0.127204
-0.127627
-0.127059
-0.127797
-0.127217
-0.127528
-0.127643
-0.127768
-0.127728
-0.127775
-0.127760
0.109844
-0.039427
-0.043666
-0.081203
-0.115685
-0.105060
-0.120613
-0.119718
-0.122452
-0.124034
-0.123929
-0.123918
-0.125057
-0.123874
-0.126043
-0.125088
-0.125993
-0.127421
-0.127133
-0.127303
-0.127763
-0.127938
-0.128047
-0.128438
-0.128776
-0.127935
-0.128248
-0.128558
-0.128619
-0.128716
-0.128581
-0.129581
-0.128190
-0.127732
-0.125026
-0.130191
-0.128111
-0.128056
-0.128872
-0.125890
-0.128857
-0.128745
-0.130117
-0.129327
-0.129394
-0.129482
-0.129585
-0.129590
-0.129482
-0.129567
-0.129600
-0.129399
-0.129411
-0.129752
-0.129541
-0.129561
-0.129948
-0.129577
-0.129529
-0.129680
-0.129553
-0.129601
-0.129707
-0.129792
-0.129810
-0.129762
-0.129714
-0.129992
-0.129622
-0.129920
-0.129431
-0.130279
-0.129824
-0.129967
-0.130334
-0.129407
-0.129514
-0.129855
-0.129678
-0.129807
-0.129876
-0.129930
-0.129929
-0.129860
-0.129821
-0.129996
-0.129791
-0.129910
-0.129577
-0.129839
-0.129844
-0.129853
-0.129990
-0.129752
-0.129671
-0.129923
-0.129853
-0.130002
-0.129920
-0.129919
0.113852
0.924291
0.453305
0.359114
0.135984
0.021172
-0.038951
-0.055187
-0.071965
-0.082443
-0.090084
-0.094714
-0.097039
-0.098218
-0.100459
-0.102861
-0.105403
-0.106938
-0.108208
-0.110087
-0.112513
-0.113351
-0.113402
-0.112752
-0.113018
-0.114004
-0.115356
-0.115803
-0.116351
-0.116800
-0.118936
-0.122480
-0.116466
-0.122346
-0.095883
-0.115418
-0.106071
-0.110768
-0.114126
-0.095520
-0.128155
-0.110227
-0.120069
-0.116465
-0.120054
-0.122088
-0.122238
-0.121956
-0.121750
-0.122090
-0.121289
-0.121418
-0.120646
-0.122618
-0.122605
-0.122899
-0.124134
-0.122347
-0.122699
-0.121931
-0.122919
-0.122883
-0.123032
-0.123491
-0.124304
-0.124844
-0.124657
-0.125646
-0.121284
-0.125316
-0.119443
-0.127298
-0.121859
-0.123331
-0.125078
-0.120810
-0.119177
-0.120229
-0.123792
-0.124431
-0.124653
-0.124999
-0.125250
-0.125236
-0.124713
-0.124779
-0.123500
-0.125141
-0.122649
-0.126138
-0.123951
-0.122549
-0.123814
-0.125414
-0.124243
-0.125059
-0.124988
-0.125274
-0.125196
-0.125613
0.185050
0.294441
0.048528
0.000368
-0.085234
-0.104659
-0.112929
-0.121149
-0.123890
-0.124871
-0.125755
-0.126607
-0.127333
-0.127567
-0.127508
-0.127521
-0.127839
-0.128074
-0.128537
-0.128840
-0.128737
-0.128797
-0.129030
-0.129159
-0.129090
-0.128795
-0.128645
-0.128740
-0.129128
-0.129414
-0.129605
-0.127777
-0.128688
-0.123901
-0.121911
-0.120359
-0.127999
-0.126924
-0.122939
-0.123167
-0.127243
-0.130342
-0.129277
-0.129983
-0.130139
-0.130432
-0.130569
-0.130516
-0.130312
-0.130121
-0.130180
-0.130185
-0.130240
-0.130022
-0.130409
-0.130599
-0.130143
-0.130518
-0.130291
-0.130329
-0.130103
-0.130165
-0.130268
-0.130334
-0.130265
-0.130221
-0.130248
-0.130226
-0.130419
-0.130143
-0.128805
-0.129643
-0.128909
-0.130289
-0.129126
-0.129861
-0.128848
-0.130245
-0.129996
-0.130481
-0.130587
-0.130579
-0.130481
-0.130450
-0.130497
-0.130590
-0.130491
-0.130665
-0.129595
-0.130310
-0.130100
-0.130325
-0.129824
-0.130795
-0.129685
-0.130460
-0.130287
-0.130547
-0.130504
-0.130420
0.623443
2.048876
0.589829
-0.021694
-0.027826
-0.100764
-0.114104
-0.112773
-0.115855
-0.118002
-0.119879
-0.121540
-0.122837
-0.123607
-0.123702
-0.124425
-0.125312
-0.125228
-0.125756
-0.126504
-0.125746
-0.125875
-0.126495
-0.126711
-0.126738
-0.126440
-0.126110
-0.126097
-0.126283
-0.126368
-0.125453
-0.124223
-0.120235
-0.123305
-0.123031
-0.082017
-0.111047
-0.106051
-0.091410
-0.128339
-0.124282
-0.125788
-0.127915
-0.128476
-0.129225
-0.129688
-0.129964
-0.129930
-0.129789
-0.129684
-0.129608
-0.130340
-0.130632
-0.128204
-0.130437
-0.130256
-0.128358
-0.130136
-0.130540
-0.129764
-0.129830
-0.129907
-0.130089
-0.130215
-0.130163
-0.130000
-0.129857
-0.130082
-0.130543
-0.128139
-0.130094
-0.123259
-0.121548
-0.128853
-0.121418
-0.125948
-0.128954
-0.128588
-0.130370
-0.130083
-0.129887
-0.129782
-0.129700
-0.129689
-0.129743
-0.129861
-0.130242
-0.129248
-0.129702
-0.127149
-0.127565
-0.129052
-0.126323
-0.129017
-0.129601
-0.129061
-0.129943
-0.129925
-0.129790
-0.129664
