-1.055027
1.845320
2.246899
-7.315662
-0.111285
-0.111277
-0.031097
0.855766
3.614488
-1.844722
-0.111278
-0.111273
2.625070
1.525529
6.527329
-4.123503
-0.111285
-0.111270
-0.482212
1.671143
5.054422
-5.340265
-0.111281
-0.111280
-0.072084
5.378358
10.437650
-9.795409
-0.111282
-0.111283
0.014339
1.276033
3.320406
-2.923869
-0.111281
-0.111281
10.574761
-0.110708
10.575802
10.573806
-0.111281
-0.111283
7.616965
3.426283
13.586900
2.465504
-0.111281
-0.111285
0.827557
0.586597
0.381050
0.490734
0.320782
-0.027869
0.259365
0.201296
0.105912
0.043310
0.091760
0.175009
-0.013487
0.154672
0.062152
-0.029958
0.005778
-0.059896
-0.018786
-0.098566
-0.030592
-0.042419
-0.105367
-0.059317
-0.055765
-0.109172
-0.046360
-0.061973
-0.076306
-0.037871
-0.092360
-0.064878
-0.066554
-0.098716
-0.083033
-0.066855
-0.093259
-0.082067
-0.072756
-0.098567
-0.079503
-0.106813
-0.068768
-0.084738
-0.088382
-0.083157
-0.093423
-0.095658
-0.097298
-0.086073
-0.101000
-0.101831
-0.098694
-0.102284
-0.102461
-0.107005
-0.108389
-0.111115
-0.103609
-0.099372
-0.102001
-0.107716
-0.102039
-0.101749
-0.100239
-0.108315
-0.097958
-0.099720
-0.102282
-0.096518
-0.107067
-0.101640
-0.108068
-0.104934
-0.106997
-0.104937
-0.103517
-0.108115
-0.105248
-0.104985
-0.108925
-0.105119
-0.102182
-0.110134
-0.101454
-0.103468
-0.106375
-0.102536
-0.107663
-0.108578
-0.105703
-0.106873
-0.110011
-0.105449
-0.109245
-0.103805
-0.105166
-0.106074
-0.101077
-0.105253
-0.031573
0.187700
0.176826
0.013933
-0.058963
-0.077615
-0.008717
0.011633
0.046647
-0.002617
0.121919
0.066400
0.037358
0.081106
-0.007957
-0.062701
-0.031772
-0.064610
-0.055427
-0.022246
-0.057232
-0.007217
-0.061616
-0.065447
-0.087589
-0.076202
-0.089872
-0.090571
-0.091118
-0.100866
-0.082782
-0.107214
-0.083793
-0.107677
-0.067264
-0.080197
-0.085024
-0.077939
-0.104051
-0.091261
-0.094359
-0.098502
-0.084734
-0.085227
-0.094452
-0.085771
-0.094118
-0.097245
-0.095716
-0.106365
-0.109465
-0.109632
-0.109115
-0.107204
-0.107531
-0.110330
-0.109099
-0.107752
-0.108973
-0.107704
-0.108989
-0.107166
-0.106963
-0.107405
-0.106279
-0.101972
-0.098750
-0.103634
-0.099256
-0.102102
-0.106477
-0.106705
-0.106586
-0.109054
-0.104878
-0.106226
-0.101566
-0.102841
-0.105909
-0.103894
-0.110706
-0.106808
-0.110467
-0.107119
-0.110408
-0.107751
-0.108140
-0.109017
-0.108179
-0.108433
-0.105990
-0.109314
-0.105929
-0.108205
-0.109556
-0.107589
-0.108155
-0.108087
-0.107525
-0.105826
2.623361
0.237738
0.316428
-0.017307
0.356212
0.457263
0.192217
0.110799
0.178663
0.140077
0.007775
-0.096983
0.013366
0.032088
-0.070356
0.034015
0.018232
-0.009596
0.021932
0.004898
-0.026552
-0.023069
-0.027785
-0.059617
-0.051395
-0.067740
-0.066118
-0.073627
-0.072467
-0.060812
-0.093572
-0.064001
-0.074570
-0.087863
-0.065963
-0.074652
-0.085600
-0.065318
-0.069131
-0.090507
-0.072926
-0.088728
-0.097816
-0.087638
-0.103538
-0.104994
-0.101724
-0.096983
-0.091292
-0.096205
-0.096557
-0.090576
-0.099492
-0.106492
-0.110307
-0.106999
-0.105449
-0.104406
-0.103797
-0.106611
-0.097191
-0.098066
-0.103830
-0.102827
-0.098857
-0.102251
-0.107675
-0.109156
-0.105212
-0.105203
-0.107802
-0.104826
-0.105958
-0.103202
-0.104151
-0.102772
-0.103429
-0.105496
-0.104654
-0.106076
-0.106647
-0.104387
-0.104312
-0.107312
-0.101594
-0.105066
-0.107069
-0.103063
-0.109393
-0.105591
-0.104885
-0.108140
-0.104366
-0.100907
-0.103719
-0.104298
-0.101843
-0.107917
-0.108608
-0.109776
0.258832
0.482816
0.579874
0.177037
0.298346
0.256123
-0.027307
0.128288
0.216044
0.080052
0.151669
0.093765
-0.048583
-0.035425
-0.039158
-0.048478
-0.081855
-0.077050
-0.056585
-0.059729
-0.053430
-0.061119
-0.055576
-0.072526
-0.077646
-0.084401
-0.096539
-0.101188
-0.104536
-0.104542
-0.102944
-0.092631
-0.095103
-0.089324
-0.087960
-0.090014
-0.094706
-0.094612
-0.099465
-0.107951
-0.101104
-0.100690
-0.103713
-0.104843
-0.100145
-0.092566
-0.093112
-0.094778
-0.096386
-0.105753
-0.104145
-0.103752
-0.105750
-0.103764
-0.107585
-0.110194
-0.108670
-0.106742
-0.109976
-0.106728
-0.104417
-0.106380
-0.108554
-0.103637
-0.104992
-0.103587
-0.101757
-0.104278
-0.107616
-0.106874
-0.108808
-0.110149
-0.109320
-0.108616
-0.108812
-0.108174
-0.106925
-0.107402
-0.106628
-0.107213
-0.108586
-0.109181
-0.110002
-0.110420
-0.109862
-0.110055
-0.110963
-0.109157
-0.109944
-0.109355
-0.108795
-0.109956
-0.108773
-0.109179
-0.110689
-0.109906
-0.111044
-0.108489
-0.108180
-0.108200
-0.069844
1.936466
2.714779
0.987677
0.641877
0.760355
0.073002
0.121559
0.154911
0.081442
0.043135
-0.024024
-0.034567
0.019359
-0.072458
-0.042954
-0.064851
-0.076308
-0.047083
-0.075793
-0.090474
-0.064112
-0.074949
-0.106416
-0.071390
-0.082107
-0.105209
-0.084884
-0.093498
-0.106859
-0.092433
-0.090732
-0.107053
-0.092540
-0.090891
-0.102877
-0.101607
-0.093104
-0.101156
-0.104768
-0.096059
-0.104916
-0.097301
-0.096452
-0.103701
-0.100356
-0.098457
-0.100010
-0.101688
-0.107406
-0.097320
-0.094515
-0.108863
-0.089528
-0.097173
-0.110893
-0.108453
-0.101931
-0.099218
-0.107613
-0.096516
-0.105102
-0.108134
-0.104806
-0.108283
-0.109725
-0.110160
-0.109209
-0.108310
-0.109224
-0.108075
-0.108959
-0.110783
-0.107906
-0.110134
-0.110579
-0.108220
-0.109632
-0.110779
-0.108908
-0.108425
-0.110229
-0.110547
-0.109118
-0.108799
-0.109616
-0.108517
-0.109124
-0.110072
-0.109624
-0.109656
-0.107503
-0.108882
-0.108385
-0.108587
-0.108659
-0.109016
-0.109437
-0.107238
-0.108071
0.013672
0.188317
0.555998
0.412481
0.050387
0.081120
0.078561
0.012140
-0.073374
-0.047615
-0.035547
-0.045530
-0.042712
-0.060789
-0.084150
-0.063401
-0.077843
-0.096250
-0.095074
-0.102055
-0.097110
-0.102855
-0.087375
-0.090226
-0.090636
-0.082738
-0.090294
-0.086266
-0.085912
-0.094387
-0.091669
-0.095437
-0.101298
-0.097900
-0.104276
-0.104414
-0.105759
-0.110972
-0.109475
-0.107621
-0.103921
-0.107461
-0.106395
-0.103530
-0.105203
-0.105051
-0.103647
-0.106944
-0.109905
-0.105722
-0.104517
-0.107060
-0.108111
-0.107158
-0.108488
-0.108281
-0.108214
-0.107765
-0.105426
-0.106413
-0.109300
-0.109370
-0.107868
-0.108117
-0.109737
-0.109208
-0.108548
-0.108362
-0.108699
-0.109503
-0.109255
-0.109445
-0.110769
-0.110268
-0.110401
-0.110499
-0.110354
-0.109887
-0.109323
-0.110003
-0.109217
-0.109132
-0.109736
-0.109429
-0.109574
-0.109150
-0.109504
-0.110765
-0.109131
-0.110261
-0.110146
-0.109709
-0.110815
-0.110869
-0.110369
-0.110805
-0.110719
-0.110409
-0.109364
-0.109259
-2.525270
0.258603
-1.860633
-3.015745
-0.111281
-0.111285
0.786633
0.325090
1.497546
0.224274
-0.111281
-0.111285
0.039464
0.089192
0.321363
-0.279967
-0.111282
-0.111285
-0.165784
1.500057
1.936395
-3.017528
-0.111283
-0.111285
-0.074161
0.240134
0.525580
-0.580660
-0.111281
-0.111285
-0.210780
1.998642
3.158722
-2.750087
-0.111281
-0.111285
6.188936
0.945217
8.310437
4.459867
-0.111281
-0.111284
2.300444
-0.023060
0.130479
-0.083026
-0.089877
-0.093666
-0.100358
-0.104880
-0.104589
-0.106208
-0.108577
-0.106138
-0.107056
-0.108211
-0.107820
-0.107750
-0.109121
-0.108257
-0.109561
-0.109849
-0.109102
-0.109557
-0.109337
-0.109148
-0.106722
-0.110786
-0.096916
-0.110485
-0.109312
-0.108403
-0.103065
-0.107299
-0.108579
-0.108331
-0.108991
-0.109487
-0.109553
-0.109591
-0.109923
-0.109776
-0.109726
-0.110107
-0.109958
-0.109876
-0.110244
-0.110115
-0.110174
-0.110350
-0.110249
-0.110239
-0.110275
-0.110343
-0.109746
-0.110859
-0.107950
-0.110965
-0.110667
-0.110633
-0.109758
-0.109634
-0.109655
-0.109995
-0.110063
-0.110221
-0.110214
-0.110233
-0.110303
-0.110349
-0.110294
-0.110410
-0.110371
-0.110351
-0.110456
-0.110455
-0.110410
-0.110480
-0.110479
-0.110446
-0.110442
-0.110487
-0.110160
-0.110710
-0.109591
-0.110947
-0.110919
-0.111001
-0.109863
-0.110489
-0.110336
-0.110630
-0.110094
-0.110524
-0.110280
-0.110439
-0.110435
-0.110486
-0.110479
-0.110498
-0.110469
-0.110501
0.786718
0.186792
-0.037727
-0.098069
-0.105098
-0.102113
-0.110712
-0.109418
-0.109656
-0.110367
-0.110146
-0.108920
-0.110723
-0.110370
-0.110152
-0.110939
-0.110756
-0.109974
-0.110569
-0.110474
-0.110866
-0.110872
-0.111207
-0.109447
-0.110944
-0.110355
-0.107126
-0.103244
-0.110200
-0.105398
-0.107049
-0.110100
-0.110257
-0.110747
-0.110793
-0.110682
-0.110602
-0.110783
-0.110839
-0.110705
-0.110974
-0.110829
-0.110885
-0.111077
-0.110953
-0.111009
-0.110867
-0.110832
-0.110968
-0.111038
-0.111096
-0.110682
-0.111128
-0.110986
-0.110377
-0.109554
-0.110905
-0.110111
-0.109952
-0.110860
-0.110821
-0.111127
-0.110935
-0.110928
-0.110865
-0.110929
-0.110979
-0.110968
-0.111030
-0.110955
-0.111014
-0.111047
-0.111039
-0.111073
-0.110979
-0.110950
-0.111016
-0.111069
-0.111072
-0.110911
-0.111035
-0.111057
-0.110905
-0.110514
-0.111184
-0.110642
-0.110893
-0.110837
-0.111104
-0.110850
-0.110987
-0.111023
-0.110964
-0.110970
-0.111043
-0.111055
-0.111039
-0.110984
-0.111027
-0.111063
0.039958
0.022996
-0.077016
-0.088343
-0.097209
-0.108694
-0.110059
-0.107951
-0.109051
-0.109456
-0.110245
-0.109071
-0.109749
-0.110535
-0.111191
-0.110273
-0.110346
-0.109984
-0.110511
-0.110538
-0.110287
-0.110212
-0.110667
-0.110957
-0.109749
-0.108967
-0.109214
-0.107845
-0.110940
-0.107932
-0.109899
-0.110066
-0.109933
-0.110644
-0.110937
-0.110864
-0.111026
-0.110929
-0.110948
-0.110819
-0.110908
-0.111118
-0.111159
-0.110982
-0.110994
-0.110939
-0.110969
-0.111047
-0.110960
-0.110989
-0.110955
-0.111020
-0.111023
-0.110656
-0.110693
-0.110641
-0.111046
-0.110360
-0.111047
-0.111096
-0.110865
-0.110928
-0.111047
-0.111118
-0.111175
-0.111083
-0.111044
-0.111048
-0.111075
-0.111163
-0.111152
-0.111106
-0.111074
-0.111084
-0.111076
-0.111136
-0.111095
-0.111111
-0.111036
-0.111058
-0.111221
-0.110976
-0.110951
-0.111094
-0.111111
-0.110841
-0.111142
-0.111060
-0.111086
-0.111052
-0.111042
-0.111113
-0.111211
-0.111084
-0.111055
-0.111110
-0.111117
-0.111166
-0.111127
-0.111122
-0.064387
0.986746
0.174924
-0.061078
-0.041055
-0.097323
-0.107827
-0.110682
-0.110437
-0.109354
-0.109269
-0.109718
-0.110484
-0.110640
-0.110027
-0.109598
-0.109745
-0.110350
-0.110860
-0.110130
-0.109482
-0.109047
-0.109648
-0.110179
-0.101597
-0.106735
-0.093647
-0.084205
-0.108415
-0.084797
-0.099164
-0.108813
-0.106570
-0.109446
-0.110176
-0.110384
-0.110601
-0.110835
-0.110969
-0.110991
-0.111020
-0.111009
-0.110937
-0.110862
-0.110905
-0.111070
-0.111173
-0.110900
-0.110668
-0.110525
-0.110682
-0.111203
-0.109268
-0.110405
-0.107135
-0.105527
-0.110144
-0.105121
-0.108186
-0.111106
-0.110229
-0.110582
-0.110656
-0.110833
-0.110858
-0.111087
-0.111180
-0.111128
-0.111095
-0.111098
-0.111104
-0.111090
-0.111111
-0.111175
-0.111185
-0.111061
-0.110949
-0.110892
-0.110973
-0.111198
-0.110465
-0.110951
-0.109459
-0.108933
-0.110825
-0.108858
-0.110110
-0.110414
-0.111049
-0.110158
-0.110300
-0.111001
-0.110785
-0.111218
-0.111127
-0.111046
-0.111046
-0.111101
-0.111163
-0.111161
-0.073360
-0.066173
0.129127
-0.077587
-0.098431
-0.106890
-0.108280
-0.109781
-0.110414
-0.109793
-0.109647
-0.109816
-0.110386
-0.111033
-0.110636
-0.110208
-0.110224
-0.110487
-0.110991
-0.110906
-0.110549
-0.110355
-0.110155
-0.109645
-0.108881
-0.110296
-0.098449
-0.108799
-0.110421
-0.110104
-0.101415
-0.108235
-0.110081
-0.109335
-0.109916
-0.110559
-0.110949
-0.110630
-0.110421
-0.110472
-0.110718
-0.111024
-0.110910
-0.110680
-0.110635
-0.110769
-0.111045
-0.111097
-0.110840
-0.110688
-0.110672
-0.110679
-0.110791
-0.110913
-0.108936
-0.110246
-0.110727
-0.110970
-0.108886
-0.110530
-0.110706
-0.110380
-0.110431
-0.110860
-0.111039
-0.110892
-0.110748
-0.110752
-0.110873
-0.111039
-0.111010
-0.110871
-0.110816
-0.110882
-0.111037
-0.111101
-0.110943
-0.110817
-0.110804
-0.110875
-0.111084
-0.111018
-0.110260
-0.110785
-0.110896
-0.111082
-0.109929
-0.111018
-0.110897
-0.110848
-0.110434
-0.111041
-0.111117
-0.110921
-0.110818
-0.110828
-0.110943
-0.111086
-0.111042
-0.110913
0.000281
1.340584
0.225402
-0.049042
-0.086754
-0.103252
-0.109695
-0.108414
-0.108057
-0.108929
-0.109939
-0.110051
-0.109327
-0.108920
-0.109436
-0.110247
-0.110123
-0.109511
-0.109155
-0.109287
-0.109833
-0.109753
-0.108788
-0.108944
-0.105461
-0.109946
-0.095930
-0.074688
-0.107730
-0.077848
-0.093496
-0.104864
-0.107223
-0.108913
-0.109963
-0.110073
-0.109993
-0.110124
-0.110401
-0.110618
-0.110520
-0.110363
-0.110437
-0.110657
-0.110763
-0.110593
-0.110405
-0.110403
-0.110571
-0.110643
-0.110323
-0.110136
-0.109132
-0.110425
-0.108009
-0.103676
-0.109897
-0.103929
-0.106598
-0.109003
-0.109632
-0.109953
-0.110548
-0.110626
-0.110608
-0.110640
-0.110822
-0.110953
-0.110882
-0.110773
-0.110791
-0.110915
-0.111011
-0.110901
-0.110765
-0.110748
-0.110845
-0.110922
-0.110740
-0.110542
-0.110081
-0.110488
-0.109586
-0.108199
-0.110692
-0.108521
-0.109992
-0.109632
-0.110490
-0.109490
-0.110201
-0.110598
-0.110508
-0.110662
-0.110851
-0.110986
-0.110913
-0.110820
-0.110831
-0.110948
