-2.231195
1.841835
2.061204
-8.593469
-0.107484
-0.107475
-0.014859
1.205772
5.092774
-3.008112
-0.107477
-0.107471
2.230178
1.430048
6.166639
-4.747222
-0.107485
-0.107464
-0.303480
2.312258
5.893844
-6.732565
-0.107481
-0.107479
-0.048504
5.252508
9.893242
-9.770325
-0.107481
-0.107482
-0.154310
1.345597
3.177422
-2.870030
-0.107480
-0.107480
8.934761
-0.106673
8.936141
8.933187
-0.107481
-0.107482
8.470299
3.109610
14.237206
3.932271
-0.107480
-0.107483
2.011556
0.537290
0.294231
0.454715
0.416316
0.139164
0.273430
0.164728
0.169815
0.031200
0.040538
0.195108
0.027980
0.076747
0.130487
-0.018037
0.020225
0.064556
-0.010278
-0.036325
0.025119
-0.047198
-0.074800
-0.027194
-0.041376
-0.087416
-0.064262
-0.086162
-0.087826
-0.095942
-0.081720
-0.094278
-0.071698
-0.060634
-0.079726
-0.083773
-0.056004
-0.074280
-0.091753
-0.067226
-0.072151
-0.097878
-0.068809
-0.066588
-0.102946
-0.077549
-0.081980
-0.101188
-0.091086
-0.094201
-0.085595
-0.093774
-0.096837
-0.092048
-0.097342
-0.098412
-0.104561
-0.104264
-0.106483
-0.102804
-0.096661
-0.097192
-0.097830
-0.100508
-0.097712
-0.095039
-0.105338
-0.095039
-0.094765
-0.101920
-0.094514
-0.099481
-0.100444
-0.095394
-0.098139
-0.102220
-0.096778
-0.100953
-0.103821
-0.098542
-0.099588
-0.104285
-0.099745
-0.103216
-0.105200
-0.105433
-0.103501
-0.104890
-0.101554
-0.099124
-0.103869
-0.104127
-0.099559
-0.101399
-0.105273
-0.101685
-0.102492
-0.106565
-0.101040
-0.099411
-0.015505
0.248563
0.167004
0.014872
-0.040794
-0.039858
-0.026370
0.040653
0.150122
0.103721
0.220907
0.196790
0.105450
0.172331
0.076949
0.000050
0.040038
0.007009
-0.003711
0.026939
-0.021304
-0.032709
-0.057086
-0.071000
-0.056285
-0.025623
-0.026300
-0.057471
-0.081830
-0.085695
-0.058147
-0.056770
-0.072123
-0.080193
-0.079700
-0.078195
-0.084300
-0.072043
-0.080554
-0.086992
-0.070717
-0.078859
-0.080923
-0.068871
-0.076731
-0.081874
-0.076505
-0.083690
-0.087649
-0.087143
-0.100792
-0.100540
-0.105367
-0.100235
-0.103700
-0.103778
-0.105873
-0.103879
-0.102298
-0.105821
-0.103724
-0.105020
-0.101276
-0.103965
-0.100742
-0.100341
-0.094055
-0.091232
-0.094987
-0.092642
-0.094895
-0.098942
-0.097761
-0.097206
-0.098894
-0.094701
-0.098450
-0.100014
-0.101186
-0.106024
-0.104023
-0.100563
-0.099953
-0.100717
-0.103019
-0.106774
-0.104429
-0.103412
-0.103866
-0.104215
-0.102987
-0.104104
-0.103737
-0.102043
-0.102813
-0.101827
-0.100027
-0.101964
-0.101744
-0.101403
2.228850
0.218663
0.309221
0.005530
0.283422
0.356547
0.210338
0.129966
0.143405
0.206362
0.084241
-0.063448
0.042483
0.010260
-0.054361
0.022756
0.023252
-0.023592
0.003624
0.007291
-0.059188
-0.011887
-0.019369
-0.068415
-0.024248
-0.076544
-0.069993
-0.069884
-0.102871
-0.080429
-0.076078
-0.095626
-0.054939
-0.073362
-0.079742
-0.055283
-0.088845
-0.075486
-0.063053
-0.085438
-0.081201
-0.074706
-0.091502
-0.095552
-0.082928
-0.091986
-0.098404
-0.085648
-0.090120
-0.091008
-0.093834
-0.092929
-0.089453
-0.097948
-0.103714
-0.104751
-0.105094
-0.102102
-0.102506
-0.101702
-0.104707
-0.097777
-0.096995
-0.096502
-0.100457
-0.095827
-0.091740
-0.101774
-0.102453
-0.099456
-0.102811
-0.100539
-0.100089
-0.101330
-0.100027
-0.098899
-0.101881
-0.097938
-0.096344
-0.104367
-0.096914
-0.099908
-0.106162
-0.101301
-0.103439
-0.105959
-0.101752
-0.104856
-0.101905
-0.099346
-0.105160
-0.103564
-0.103843
-0.105924
-0.103785
-0.104327
-0.104616
-0.101125
-0.104008
-0.104961
0.087757
0.545749
0.871302
0.243352
0.484942
0.556659
0.214044
0.226997
0.388264
0.092941
0.110254
0.075645
-0.082573
0.007703
-0.062885
-0.052270
-0.046464
-0.098393
-0.070766
-0.071136
-0.098484
-0.079758
-0.088622
-0.089292
-0.094733
-0.096455
-0.103448
-0.103676
-0.101773
-0.102072
-0.102642
-0.098265
-0.104127
-0.103848
-0.100092
-0.095956
-0.101113
-0.096167
-0.095925
-0.104755
-0.098845
-0.094785
-0.101213
-0.096715
-0.096407
-0.102133
-0.092473
-0.095937
-0.090425
-0.089463
-0.098025
-0.092681
-0.094804
-0.100690
-0.097429
-0.101894
-0.105733
-0.104605
-0.102156
-0.105517
-0.101804
-0.097751
-0.098298
-0.102554
-0.095455
-0.098323
-0.101991
-0.100454
-0.103049
-0.106473
-0.105092
-0.107141
-0.105570
-0.107201
-0.105759
-0.105250
-0.105812
-0.105670
-0.104347
-0.105005
-0.105228
-0.105678
-0.105775
-0.106168
-0.107039
-0.105912
-0.106563
-0.106743
-0.106014
-0.105541
-0.105587
-0.106539
-0.104453
-0.105571
-0.106772
-0.104605
-0.105653
-0.105772
-0.104619
-0.106621
-0.047563
1.795974
2.737174
1.077430
0.472452
0.649040
0.149388
0.081564
0.096654
0.137177
0.037957
-0.020553
-0.051296
-0.029364
-0.048624
-0.076231
-0.054220
-0.089292
-0.063921
-0.075792
-0.099488
-0.068350
-0.067154
-0.086465
-0.065798
-0.071248
-0.088611
-0.076845
-0.086115
-0.092547
-0.089459
-0.087017
-0.089647
-0.095058
-0.088609
-0.093488
-0.105263
-0.096545
-0.097758
-0.105051
-0.098913
-0.099291
-0.099693
-0.094496
-0.099426
-0.097278
-0.097458
-0.094224
-0.096564
-0.100021
-0.100918
-0.096155
-0.095176
-0.104343
-0.086733
-0.093964
-0.106055
-0.105394
-0.098790
-0.095783
-0.104419
-0.095164
-0.101530
-0.105048
-0.103764
-0.103759
-0.104458
-0.106606
-0.105247
-0.104622
-0.104482
-0.105310
-0.103661
-0.104643
-0.104654
-0.104285
-0.105991
-0.105077
-0.104330
-0.106458
-0.104741
-0.104202
-0.106570
-0.103781
-0.105423
-0.106473
-0.106371
-0.104327
-0.105210
-0.103922
-0.103802
-0.105260
-0.105900
-0.106230
-0.106582
-0.106666
-0.106696
-0.106938
-0.106880
-0.106832
-0.060849
0.373751
0.629752
0.302152
0.156696
0.044174
-0.065165
-0.056634
-0.080432
-0.082099
-0.085597
-0.070829
-0.091615
-0.092913
-0.091588
-0.066826
-0.087805
-0.077671
-0.093266
-0.102732
-0.101026
-0.090366
-0.091490
-0.088109
-0.092890
-0.090972
-0.093237
-0.091498
-0.090969
-0.093974
-0.096582
-0.096686
-0.101696
-0.098161
-0.099352
-0.099621
-0.100005
-0.105609
-0.105838
-0.103215
-0.103325
-0.100657
-0.103524
-0.104483
-0.104670
-0.104680
-0.105380
-0.104371
-0.106284
-0.105808
-0.104351
-0.104056
-0.100984
-0.102632
-0.103580
-0.105306
-0.104606
-0.104961
-0.103042
-0.101762
-0.105142
-0.104666
-0.106194
-0.105705
-0.105005
-0.106364
-0.105926
-0.106664
-0.106648
-0.106888
-0.106542
-0.106266
-0.106474
-0.106217
-0.105776
-0.107080
-0.106794
-0.107143
-0.106522
-0.105967
-0.106635
-0.105936
-0.105971
-0.106579
-0.106076
-0.105458
-0.106763
-0.106020
-0.106090
-0.106898
-0.106806
-0.106182
-0.105744
-0.107258
-0.106795
-0.107332
-0.107122
-0.106698
-0.106734
-0.106839
-2.720479
0.245577
-2.117042
-3.401212
-0.107481
-0.107483
0.260901
0.282857
0.935395
-0.179731
-0.107479
-0.107484
0.201767
0.118290
0.603930
-0.131639
-0.107480
-0.107483
-0.000808
1.486328
2.776389
-3.007410
-0.107481
-0.107482
-0.119045
0.814107
1.075789
-1.712743
-0.107482
-0.107483
-0.159286
2.545208
3.441465
-3.391090
-0.107480
-0.107485
5.854532
0.604926
7.117447
4.681845
-0.107480
-0.107483
2.506460
0.033458
0.085993
-0.063737
-0.057401
-0.102480
-0.104980
-0.106150
-0.104509
-0.105550
-0.103030
-0.105839
-0.106428
-0.107042
-0.106268
-0.106682
-0.107073
-0.106089
-0.106149
-0.106209
-0.106940
-0.106574
-0.106580
-0.107205
-0.104516
-0.100001
-0.099593
-0.100960
-0.104150
-0.105952
-0.105004
-0.098046
-0.107135
-0.105523
-0.107203
-0.106976
-0.107180
-0.107258
-0.106923
-0.106810
-0.107259
-0.107279
-0.107182
-0.107325
-0.107238
-0.107399
-0.107061
-0.107144
-0.107398
-0.107236
-0.107438
-0.107346
-0.107298
-0.106117
-0.106272
-0.105416
-0.106888
-0.106903
-0.106628
-0.106603
-0.105520
-0.106939
-0.107423
-0.107369
-0.107309
-0.107335
-0.107387
-0.107247
-0.107266
-0.107349
-0.107346
-0.107302
-0.107421
-0.107331
-0.107473
-0.107316
-0.107320
-0.107350
-0.107305
-0.107339
-0.107395
-0.107329
-0.106696
-0.107303
-0.106939
-0.107335
-0.107384
-0.107146
-0.106778
-0.107158
-0.107172
-0.107361
-0.107358
-0.107367
-0.107395
-0.107399
-0.107403
-0.107411
-0.107372
-0.107391
0.264092
0.152685
-0.024272
-0.070480
-0.087505
-0.092555
-0.104169
-0.103153
-0.105951
-0.106857
-0.105256
-0.107043
-0.106266
-0.106636
-0.105732
-0.105638
-0.106795
-0.106412
-0.107168
-0.106616
-0.107114
-0.107126
-0.107114
-0.106838
-0.105302
-0.104604
-0.101755
-0.105697
-0.100452
-0.103978
-0.103714
-0.103136
-0.106694
-0.106473
-0.106079
-0.106712
-0.106514
-0.106802
-0.106951
-0.106753
-0.107103
-0.106957
-0.107073
-0.107019
-0.106907
-0.107048
-0.106966
-0.107164
-0.107024
-0.107155
-0.107151
-0.107246
-0.107128
-0.107078
-0.106872
-0.105733
-0.106605
-0.106478
-0.106306
-0.107072
-0.106364
-0.107234
-0.107222
-0.107074
-0.107148
-0.107071
-0.107108
-0.107147
-0.107083
-0.107169
-0.107130
-0.107165
-0.107190
-0.107140
-0.107172
-0.107139
-0.107187
-0.107149
-0.107178
-0.107170
-0.107204
-0.107174
-0.107397
-0.107362
-0.106821
-0.106586
-0.107032
-0.107208
-0.107416
-0.107093
-0.107180
-0.107203
-0.107194
-0.107213
-0.107199
-0.107201
-0.107205
-0.107194
-0.107202
-0.107204
0.203304
0.038580
-0.044591
-0.103451
-0.096370
-0.103642
-0.101656
-0.104107
-0.105650
-0.105668
-0.105776
-0.105100
-0.105402
-0.105393
-0.106250
-0.106185
-0.106098
-0.105790
-0.105953
-0.106018
-0.106447
-0.106424
-0.106140
-0.105924
-0.106920
-0.105720
-0.105262
-0.104047
-0.103515
-0.104563
-0.105460
-0.105646
-0.107087
-0.106655
-0.107141
-0.106799
-0.107053
-0.107082
-0.107078
-0.107226
-0.107123
-0.107090
-0.107028
-0.107156
-0.107128
-0.107154
-0.107080
-0.107097
-0.106998
-0.107125
-0.107051
-0.107032
-0.106983
-0.107278
-0.107116
-0.106694
-0.106694
-0.106671
-0.106213
-0.107079
-0.107298
-0.107389
-0.107117
-0.107341
-0.107132
-0.107199
-0.107171
-0.107164
-0.107204
-0.107218
-0.107202
-0.107191
-0.107219
-0.107212
-0.107226
-0.107229
-0.107248
-0.107188
-0.107242
-0.107192
-0.107184
-0.107140
-0.107179
-0.107186
-0.107332
-0.107280
-0.107294
-0.106949
-0.107034
-0.107135
-0.107221
-0.107185
-0.107265
-0.107222
-0.107220
-0.107228
-0.107204
-0.107210
-0.107212
-0.107215
0.004521
0.824912
0.455199
0.155711
-0.026942
-0.075654
-0.101355
-0.103655
-0.105653
-0.104641
-0.105862
-0.105255
-0.106541
-0.105726
-0.107078
-0.106262
-0.107322
-0.106532
-0.107084
-0.106662
-0.106600
-0.106007
-0.105325
-0.104304
-0.100553
-0.096834
-0.070643
-0.093995
-0.090624
-0.099824
-0.089322
-0.076405
-0.102435
-0.103027
-0.102348
-0.103795
-0.104338
-0.104846
-0.104874
-0.105306
-0.105147
-0.105663
-0.105361
-0.105935
-0.105581
-0.106137
-0.105762
-0.106309
-0.105941
-0.106457
-0.106217
-0.106883
-0.106683
-0.104424
-0.105972
-0.098507
-0.106621
-0.106069
-0.103722
-0.105776
-0.099993
-0.106302
-0.105977
-0.105773
-0.105741
-0.105930
-0.105956
-0.106011
-0.106088
-0.106043
-0.106185
-0.106066
-0.106256
-0.106099
-0.106304
-0.106126
-0.106333
-0.106148
-0.106322
-0.106163
-0.106348
-0.106333
-0.105811
-0.105779
-0.105161
-0.105613
-0.106116
-0.105988
-0.106012
-0.105397
-0.106071
-0.106230
-0.106343
-0.106318
-0.106360
-0.106371
-0.106361
-0.106400
-0.106356
-0.106414
-0.097675
0.504882
0.108140
-0.090818
-0.098613
-0.097904
-0.100478
-0.101963
-0.103408
-0.102829
-0.104638
-0.103401
-0.105335
-0.103850
-0.105878
-0.104167
-0.106074
-0.104415
-0.105942
-0.104698
-0.105635
-0.104881
-0.105121
-0.104848
-0.104459
-0.105372
-0.103877
-0.092381
-0.098443
-0.103724
-0.092083
-0.100987
-0.106539
-0.105281
-0.106547
-0.106249
-0.106864
-0.106590
-0.106740
-0.106830
-0.106648
-0.107038
-0.106588
-0.107223
-0.106560
-0.107352
-0.106556
-0.107263
-0.106570
-0.107074
-0.106580
-0.106823
-0.106607
-0.106358
-0.106114
-0.106730
-0.103972
-0.106370
-0.105268
-0.104594
-0.106108
-0.107351
-0.106493
-0.107422
-0.106776
-0.107228
-0.106908
-0.107115
-0.107012
-0.107045
-0.107105
-0.106993
-0.107184
-0.106962
-0.107249
-0.106949
-0.107285
-0.106946
-0.107280
-0.106943
-0.107241
-0.107012
-0.106940
-0.106655
-0.106988
-0.106660
-0.106896
-0.106057
-0.107218
-0.106959
-0.107260
-0.106979
-0.107157
-0.107060
-0.107106
-0.107107
-0.107075
-0.107140
-0.107058
-0.107158
-0.048187
1.750673
0.032992
0.054513
-0.061240
-0.094175
-0.096191
-0.097675
-0.099854
-0.098695
-0.102184
-0.099126
-0.103829
-0.099658
-0.104382
-0.100024
-0.104121
-0.100449
-0.103029
-0.100697
-0.101537
-0.101130
-0.099139
-0.101719
-0.095110
-0.095223
-0.095983
-0.083928
-0.077324
-0.094106
-0.066733
-0.103829
-0.090467
-0.105324
-0.101524
-0.104629
-0.104266
-0.104937
-0.105667
-0.105272
-0.106528
-0.105566
-0.106969
-0.105841
-0.107023
-0.106066
-0.106862
-0.106183
-0.106686
-0.106093
-0.106595
-0.105565
-0.106656
-0.104124
-0.105947
-0.102762
-0.100065
-0.105718
-0.100869
-0.101656
-0.105362
-0.103774
-0.106408
-0.105653
-0.106309
-0.106350
-0.106321
-0.106777
-0.106362
-0.107089
-0.106417
-0.107278
-0.106481
-0.107258
-0.106558
-0.107081
-0.106644
-0.106875
-0.106758
-0.106607
-0.106918
-0.106139
-0.106916
-0.106133
-0.106688
-0.105226
-0.106544
-0.104226
-0.106763
-0.106206
-0.106928
-0.107217
-0.107012
-0.107416
-0.107138
-0.107300
-0.107257
-0.107227
-0.107369
-0.107199
