-1.338240
1.963424
2.680444
-8.506071
-0.113586
-0.113579
0.041342
0.930310
4.155275
-2.375282
-0.113581
-0.113577
2.617793
1.580240
7.187034
-2.877311
-0.113584
-0.113576
-0.354256
1.912369
5.903562
-4.205715
-0.113582
-0.113582
-0.096374
5.725812
10.627172
-9.783099
-0.113583
-0.113585
-0.151731
1.368134
3.127178
-2.926337
-0.113583
-0.113584
9.880857
-0.113214
9.881635
9.880468
-0.113581
-0.113584
8.007300
3.453536
13.322023
2.501341
-0.113583
-0.113586
1.105787
0.677717
0.443741
0.495348
0.215677
0.175751
0.369257
0.066379
0.075225
0.022350
0.066059
-0.010890
0.058247
0.122416
0.027097
0.131500
-0.012175
0.002342
-0.032106
-0.096094
-0.052732
-0.082137
-0.049398
-0.016514
-0.076605
0.033112
-0.061255
0.019023
-0.051382
-0.042749
-0.057956
-0.097516
-0.079856
-0.098624
-0.091693
-0.082489
-0.094476
-0.060396
-0.077828
-0.070922
-0.073345
-0.100708
-0.087813
-0.103610
-0.104751
-0.101345
-0.090448
-0.101394
-0.096501
-0.094459
-0.105094
-0.107266
-0.108167
-0.110562
-0.108756
-0.103811
-0.105420
-0.108886
-0.095396
-0.105370
-0.106518
-0.105849
-0.105935
-0.107942
-0.106454
-0.099674
-0.108130
-0.095094
-0.105863
-0.102451
-0.105492
-0.110297
-0.108169
-0.110843
-0.108515
-0.104634
-0.111855
-0.099545
-0.106877
-0.098245
-0.104324
-0.104020
-0.103952
-0.109938
-0.107079
-0.111140
-0.110353
-0.108585
-0.109819
-0.106108
-0.103977
-0.107720
-0.104527
-0.112147
-0.107954
-0.111504
-0.110402
-0.110845
-0.109156
-0.106843
0.040749
0.303542
0.198361
-0.060869
0.003262
0.048915
-0.001483
-0.025548
-0.057952
0.012588
0.032248
-0.027313
0.091370
0.038558
-0.004064
0.047574
-0.075799
0.016498
-0.058470
-0.012809
-0.039010
-0.085846
-0.063805
-0.078866
-0.097994
-0.077585
-0.102789
-0.083560
-0.097751
-0.091048
-0.087541
-0.098913
-0.089215
-0.070351
-0.101597
-0.071014
-0.097693
-0.080332
-0.087230
-0.089490
-0.077323
-0.099741
-0.092391
-0.096526
-0.110998
-0.103183
-0.109067
-0.105182
-0.110706
-0.111145
-0.108524
-0.108656
-0.113386
-0.112654
-0.110819
-0.113223
-0.110058
-0.109239
-0.109074
-0.111656
-0.108445
-0.110369
-0.106500
-0.110465
-0.102967
-0.103341
-0.107333
-0.101373
-0.110216
-0.103994
-0.107809
-0.106012
-0.104900
-0.110981
-0.106365
-0.110594
-0.110614
-0.109483
-0.111528
-0.109816
-0.111791
-0.109239
-0.110776
-0.110631
-0.110952
-0.108341
-0.112162
-0.107283
-0.109166
-0.109532
-0.108546
-0.111618
-0.108102
-0.110756
-0.109794
-0.109715
-0.112648
-0.110587
-0.111875
-0.112531
2.615021
0.340732
0.396998
-0.018441
0.506049
0.386846
0.023117
0.205953
0.155965
0.008179
-0.012496
0.025209
-0.073532
-0.026592
-0.074365
-0.030265
-0.081589
-0.027870
-0.037164
-0.067225
-0.029091
-0.060827
-0.065479
-0.033602
-0.086943
-0.036991
-0.075672
-0.045844
-0.081743
-0.060720
-0.076261
-0.090399
-0.072499
-0.096979
-0.086636
-0.086084
-0.100069
-0.092623
-0.098617
-0.098431
-0.098778
-0.100158
-0.099827
-0.104799
-0.096347
-0.097977
-0.107921
-0.094662
-0.089615
-0.107982
-0.103459
-0.107817
-0.111403
-0.111923
-0.110289
-0.111031
-0.101299
-0.101924
-0.109534
-0.100529
-0.103538
-0.109018
-0.109737
-0.105510
-0.110807
-0.106720
-0.111667
-0.105819
-0.111971
-0.106488
-0.108188
-0.108877
-0.106592
-0.108017
-0.109502
-0.105004
-0.110478
-0.104445
-0.108108
-0.105025
-0.107798
-0.106887
-0.106892
-0.111743
-0.107063
-0.109816
-0.110468
-0.109260
-0.110568
-0.111714
-0.110551
-0.110872
-0.108763
-0.112159
-0.110512
-0.112419
-0.111017
-0.110567
-0.110162
-0.109318
0.126642
0.491733
0.770479
0.119914
0.374560
0.257605
-0.038464
0.294275
0.125201
0.144999
0.179114
-0.031351
0.061580
0.021656
-0.066604
-0.026269
-0.060611
-0.067547
-0.070177
-0.102621
-0.068537
-0.089348
-0.083754
-0.086876
-0.101239
-0.107982
-0.109739
-0.110598
-0.108536
-0.101329
-0.099309
-0.101286
-0.094209
-0.105441
-0.102648
-0.101551
-0.105120
-0.100268
-0.103511
-0.098229
-0.094070
-0.108654
-0.091640
-0.093213
-0.101302
-0.091140
-0.106922
-0.102533
-0.103830
-0.110670
-0.105139
-0.109587
-0.112433
-0.112019
-0.109735
-0.110620
-0.107705
-0.107004
-0.112645
-0.105082
-0.106550
-0.106015
-0.102699
-0.109504
-0.106313
-0.107099
-0.112606
-0.109017
-0.110392
-0.110802
-0.111058
-0.113144
-0.110636
-0.112201
-0.111122
-0.111139
-0.112003
-0.112869
-0.112641
-0.112969
-0.113362
-0.112326
-0.112538
-0.112291
-0.110955
-0.112937
-0.110880
-0.111634
-0.111782
-0.110725
-0.112319
-0.110883
-0.110004
-0.113008
-0.110299
-0.110109
-0.112057
-0.109318
-0.111081
-0.111878
-0.094305
2.166287
2.959439
0.622525
0.965531
0.503365
0.028351
0.163479
0.108493
0.014316
0.037365
0.009697
-0.039038
-0.020035
-0.071987
-0.054426
-0.071923
-0.063287
-0.106450
-0.064965
-0.076237
-0.105674
-0.078142
-0.087166
-0.098246
-0.083702
-0.108431
-0.090103
-0.101301
-0.100277
-0.093112
-0.109798
-0.100977
-0.099064
-0.111633
-0.102328
-0.105960
-0.106228
-0.106285
-0.105917
-0.105019
-0.106428
-0.104569
-0.107369
-0.102325
-0.103748
-0.108224
-0.104126
-0.095719
-0.110059
-0.088956
-0.101988
-0.107074
-0.105805
-0.097747
-0.103705
-0.100149
-0.100989
-0.112287
-0.106798
-0.108987
-0.110286
-0.109605
-0.108834
-0.111657
-0.110634
-0.111807
-0.110816
-0.112347
-0.111391
-0.112374
-0.111350
-0.111405
-0.112981
-0.111025
-0.112139
-0.112902
-0.110597
-0.112990
-0.112282
-0.111563
-0.112252
-0.111603
-0.112353
-0.111672
-0.111259
-0.112729
-0.111927
-0.111348
-0.112194
-0.112594
-0.109300
-0.110505
-0.111588
-0.110244
-0.110879
-0.111817
-0.109719
-0.108232
-0.112019
-0.076003
0.375531
0.622184
0.231071
0.206230
0.114987
-0.049266
-0.050026
-0.073083
-0.015514
-0.046462
-0.041172
-0.068069
-0.065157
-0.088029
-0.106621
-0.090297
-0.105844
-0.094515
-0.103486
-0.097424
-0.095069
-0.096393
-0.096908
-0.098162
-0.099621
-0.100756
-0.102044
-0.102896
-0.102587
-0.103588
-0.104899
-0.105670
-0.109992
-0.107499
-0.113227
-0.108470
-0.111183
-0.111119
-0.108605
-0.109733
-0.106910
-0.106981
-0.105664
-0.110544
-0.108875
-0.109754
-0.108377
-0.107669
-0.110523
-0.106623
-0.110859
-0.111567
-0.111276
-0.109526
-0.109559
-0.109222
-0.108711
-0.112676
-0.112176
-0.111894
-0.110427
-0.111159
-0.111143
-0.111031
-0.111198
-0.112244
-0.113243
-0.112638
-0.113211
-0.112834
-0.112899
-0.112825
-0.112658
-0.112509
-0.112524
-0.112443
-0.112487
-0.112552
-0.112674
-0.112751
-0.112531
-0.112703
-0.112501
-0.112294
-0.112640
-0.112520
-0.112930
-0.112823
-0.112926
-0.113110
-0.112279
-0.113191
-0.112152
-0.111950
-0.112104
-0.113010
-0.111954
-0.111871
-0.113185
-2.520331
0.332452
-1.658379
-3.167712
-0.113582
-0.113585
0.757306
0.419767
1.637909
0.042425
-0.113582
-0.113586
-0.117006
0.148029
0.291304
-0.518775
-0.113583
-0.113586
-0.305379
1.947623
2.366504
-3.636807
-0.113584
-0.113586
-0.102466
0.369746
0.680661
-1.015323
-0.113583
-0.113585
-0.129994
2.464561
4.002236
-3.009013
-0.113582
-0.113586
5.906631
0.925611
7.699730
4.091452
-0.113583
-0.113585
2.295304
0.014505
0.166709
-0.070493
-0.069939
-0.110830
-0.111935
-0.113321
-0.111517
-0.111816
-0.112844
-0.110087
-0.112855
-0.112348
-0.111649
-0.111765
-0.112761
-0.111607
-0.111675
-0.111979
-0.111575
-0.111162
-0.107719
-0.112902
-0.102194
-0.102096
-0.108874
-0.109903
-0.105965
-0.105214
-0.111353
-0.108595
-0.110392
-0.111438
-0.111904
-0.111939
-0.111859
-0.112263
-0.111753
-0.112010
-0.112197
-0.112321
-0.112199
-0.112584
-0.112379
-0.112235
-0.112197
-0.112202
-0.112351
-0.111202
-0.112957
-0.108560
-0.112247
-0.112360
-0.111956
-0.110121
-0.112058
-0.111729
-0.112514
-0.112664
-0.112595
-0.112478
-0.112426
-0.112480
-0.112294
-0.112523
-0.112433
-0.112556
-0.112529
-0.112551
-0.112371
-0.112368
-0.112367
-0.112380
-0.112419
-0.112224
-0.112763
-0.111513
-0.113022
-0.112781
-0.112697
-0.111977
-0.112823
-0.112757
-0.113020
-0.112889
-0.112756
-0.112697
-0.112677
-0.112714
-0.112733
-0.112869
-0.112708
-0.112756
-0.112814
-0.112778
-0.112786
-0.112588
-0.112868
-0.112799
0.757437
0.257189
-0.061266
-0.083885
-0.106027
-0.105641
-0.112073
-0.111438
-0.111855
-0.113365
-0.111353
-0.112487
-0.112478
-0.112115
-0.111647
-0.112206
-0.112820
-0.112667
-0.113384
-0.112873
-0.112083
-0.110784
-0.112255
-0.110374
-0.109718
-0.106863
-0.108262
-0.110175
-0.106832
-0.107947
-0.111518
-0.111339
-0.111212
-0.111681
-0.111905
-0.112079
-0.111973
-0.112336
-0.112369
-0.112516
-0.112646
-0.112597
-0.112474
-0.112694
-0.112570
-0.112737
-0.112807
-0.112833
-0.112393
-0.112416
-0.112320
-0.111895
-0.110670
-0.112402
-0.110767
-0.112170
-0.113126
-0.112750
-0.112773
-0.112861
-0.112850
-0.112849
-0.112840
-0.112911
-0.112920
-0.112922
-0.112880
-0.112823
-0.112828
-0.112887
-0.112911
-0.112972
-0.112908
-0.112857
-0.112699
-0.112788
-0.112654
-0.112670
-0.112490
-0.113161
-0.112645
-0.113485
-0.113466
-0.113169
-0.113199
-0.113151
-0.113118
-0.113103
-0.113097
-0.113096
-0.113127
-0.113062
-0.113150
-0.113234
-0.113128
-0.113251
-0.113210
-0.113173
-0.113070
-0.113087
-0.109285
0.067369
-0.091823
-0.090107
-0.098264
-0.107834
-0.111814
-0.112190
-0.112455
-0.111408
-0.112375
-0.112252
-0.112810
-0.113266
-0.113163
-0.112382
-0.113478
-0.112336
-0.113292
-0.113183
-0.113438
-0.112592
-0.112030
-0.112541
-0.111636
-0.108276
-0.111618
-0.110692
-0.110155
-0.111984
-0.113182
-0.112467
-0.112829
-0.113173
-0.113318
-0.113366
-0.113237
-0.113328
-0.113542
-0.113378
-0.113321
-0.113394
-0.113433
-0.113402
-0.113387
-0.113326
-0.113372
-0.113250
-0.113475
-0.113123
-0.113062
-0.112947
-0.112528
-0.113166
-0.112644
-0.113394
-0.113134
-0.113178
-0.113274
-0.113492
-0.113533
-0.113520
-0.113409
-0.113506
-0.113515
-0.113461
-0.113504
-0.113541
-0.113541
-0.113486
-0.113391
-0.113434
-0.113474
-0.113449
-0.113527
-0.113434
-0.113407
-0.113451
-0.113136
-0.113394
-0.113150
-0.113300
-0.113370
-0.113513
-0.113462
-0.113548
-0.113572
-0.113526
-0.113521
-0.113556
-0.113539
-0.113566
-0.113553
-0.113441
-0.113405
-0.113358
-0.113393
-0.113556
-0.113500
-0.113492
0.091919
1.333805
0.060487
-0.059009
-0.095292
-0.098658
-0.105231
-0.109294
-0.111402
-0.112751
-0.111916
-0.111041
-0.110623
-0.110720
-0.111329
-0.112280
-0.112649
-0.111621
-0.110552
-0.109736
-0.109326
-0.108804
-0.107228
-0.105633
-0.102924
-0.092309
-0.085312
-0.079071
-0.103965
-0.103907
-0.104248
-0.108726
-0.108089
-0.109892
-0.110926
-0.111590
-0.111602
-0.111256
-0.111022
-0.111029
-0.111305
-0.111646
-0.112117
-0.112204
-0.111870
-0.111505
-0.111305
-0.111580
-0.111387
-0.112476
-0.112103
-0.112499
-0.103285
-0.109113
-0.106468
-0.109664
-0.110966
-0.111938
-0.111757
-0.112331
-0.112570
-0.112490
-0.112246
-0.112029
-0.111989
-0.112040
-0.112195
-0.112054
-0.112543
-0.112531
-0.112091
-0.111956
-0.111911
-0.112086
-0.112273
-0.112538
-0.112251
-0.111606
-0.109244
-0.112740
-0.110318
-0.112434
-0.112609
-0.112517
-0.112751
-0.112864
-0.112751
-0.112586
-0.112493
-0.112483
-0.112552
-0.112578
-0.112524
-0.112063
-0.113224
-0.113206
-0.111771
-0.112058
-0.112287
-0.112765
-0.098660
0.005879
0.202751
-0.064102
-0.100816
-0.107396
-0.110975
-0.112370
-0.113296
-0.112989
-0.112352
-0.112100
-0.112170
-0.112398
-0.112699
-0.112945
-0.113210
-0.113040
-0.112469
-0.111962
-0.111403
-0.111216
-0.110458
-0.110208
-0.102065
-0.102355
-0.105173
-0.108231
-0.104646
-0.104086
-0.108212
-0.111386
-0.112919
-0.113158
-0.112661
-0.112403
-0.112369
-0.112585
-0.112956
-0.113334
-0.113264
-0.112959
-0.112760
-0.112720
-0.112764
-0.113040
-0.113396
-0.113300
-0.112944
-0.111913
-0.112459
-0.110100
-0.112032
-0.112763
-0.113076
-0.110084
-0.112182
-0.113373
-0.113213
-0.113045
-0.112986
-0.113016
-0.113132
-0.113303
-0.113418
-0.113353
-0.113222
-0.113055
-0.113041
-0.113131
-0.113177
-0.113507
-0.113331
-0.113084
-0.112862
-0.112643
-0.113033
-0.112859
-0.112670
-0.112694
-0.113210
-0.112569
-0.113064
-0.112993
-0.113209
-0.113222
-0.113287
-0.113365
-0.113424
-0.113403
-0.113363
-0.113372
-0.113477
-0.112988
-0.113240
-0.113529
-0.113159
-0.113215
-0.113144
-0.113115
-0.113529
1.678684
0.220548
-0.058923
-0.088523
-0.105472
-0.107166
-0.108356
-0.110014
-0.111654
-0.112443
-0.111798
-0.111120
-0.110845
-0.111180
-0.111920
-0.113147
-0.112714
-0.111520
-0.110589
-0.109915
-0.110179
-0.109639
-0.109266
-0.089278
-0.087184
-0.078711
-0.070991
-0.103901
-0.093683
-0.103452
-0.106776
-0.107486
-0.108774
-0.109838
-0.110529
-0.110636
-0.110394
-0.110215
-0.110224
-0.110452
-0.110758
-0.111297
-0.111612
-0.111400
-0.111073
-0.110797
-0.110693
-0.110844
-0.111731
-0.112069
-0.110183
-0.099720
-0.107053
-0.105898
-0.107570
-0.110932
-0.111364
-0.111586
-0.112010
-0.112174
-0.112082
-0.111838
-0.111642
-0.111605
-0.111693
-0.111729
-0.111564
-0.112226
-0.112427
-0.111822
-0.111593
-0.111563
-0.111644
-0.111874
-0.112135
-0.112319
-0.110293
-0.108216
-0.113144
-0.109723
-0.112137
-0.111948
-0.112532
-0.112779
-0.112760
-0.112566
-0.112391
-0.112282
-0.112303
-0.112423
-0.112537
-0.112123
-0.111911
-0.112854
-0.112841
-0.111679
-0.111537
-0.112305
-0.112614
