-2.172512
1.738856
3.348050
-8.598111
-0.117994
-0.117987
-0.043006
1.037967
4.592307
-2.576468
-0.117988
-0.117981
2.356999
1.435227
7.714136
-4.343291
-0.117992
-0.117981
0.087361
1.949167
5.022072
-6.430883
-0.117993
-0.117990
1.281332
5.150509
11.307750
-9.655218
-0.117992
-0.117992
0.190905
1.316864
3.405264
-3.022128
-0.117992
-0.117991
8.149191
-0.117006
8.150815
8.147648
-0.117992
-0.117994
9.366787
2.848267
14.281220
3.650958
-0.117992
-0.117993
1.934142
0.232354
0.461960
0.154992
0.208954
0.233520
0.150139
0.063382
0.053050
0.031230
0.213213
0.050422
-0.018790
0.102048
-0.057609
-0.047063
0.113767
0.019610
0.059753
-0.059237
0.063195
0.092114
0.075437
-0.032249
-0.029491
0.112454
-0.060205
-0.035210
0.038451
-0.058464
0.002258
-0.007986
-0.046403
0.020979
-0.037079
0.013694
0.000696
-0.017865
0.037309
0.000283
-0.008331
0.005534
0.001515
-0.033640
0.011661
-0.055580
-0.065543
-0.008910
-0.105873
-0.050703
-0.072808
-0.112483
-0.067314
-0.094419
-0.097801
-0.083760
-0.101270
-0.083166
-0.099637
-0.101825
-0.076638
-0.074495
-0.097662
-0.107225
-0.065032
-0.105156
-0.076110
-0.087643
-0.098544
-0.078115
-0.101598
-0.084039
-0.097955
-0.101692
-0.096029
-0.103880
-0.099258
-0.109242
-0.100076
-0.105505
-0.103584
-0.095949
-0.109519
-0.098090
-0.104372
-0.100040
-0.106013
-0.099573
-0.100606
-0.106875
-0.102483
-0.101499
-0.107648
-0.091857
-0.110682
-0.099233
-0.105767
-0.096033
-0.097951
-0.107879
-0.042502
0.056252
0.163432
0.068486
0.061617
-0.035910
-0.098190
-0.034114
-0.017244
0.000262
-0.054351
-0.012624
-0.041463
-0.046278
-0.088897
0.083649
0.008298
0.055647
0.056674
-0.048740
0.154411
-0.040846
0.017492
0.097920
-0.069233
0.077151
-0.035418
-0.036224
0.029856
-0.071647
-0.000583
-0.071872
-0.020506
-0.040633
-0.047210
-0.048415
-0.073913
-0.069217
-0.067290
-0.084850
-0.077731
-0.064532
-0.093038
-0.098030
-0.074281
-0.093222
-0.094833
-0.084820
-0.074164
-0.102410
-0.064124
-0.092392
-0.066338
-0.083264
-0.098475
-0.079107
-0.116805
-0.079098
-0.105862
-0.095250
-0.086958
-0.102289
-0.087408
-0.104761
-0.092902
-0.083739
-0.107204
-0.094586
-0.101341
-0.098539
-0.102035
-0.108693
-0.101690
-0.104737
-0.114404
-0.102566
-0.109935
-0.107393
-0.114794
-0.114049
-0.113769
-0.111406
-0.113791
-0.110118
-0.115369
-0.111270
-0.113559
-0.109324
-0.113615
-0.113957
-0.105561
-0.114109
-0.105586
-0.106550
-0.116351
-0.097506
-0.107973
-0.101020
-0.099439
-0.109684
2.355275
0.105513
0.266151
0.337969
0.078209
-0.025198
0.232664
0.219974
0.248985
0.108978
-0.056370
0.087245
0.075810
0.065683
0.039314
-0.044353
-0.094020
-0.035499
-0.026103
-0.057677
-0.039852
-0.081614
-0.059790
-0.000366
-0.080612
-0.029003
-0.008304
-0.097250
0.027402
-0.068283
-0.057022
-0.012363
-0.111778
-0.011352
-0.079830
-0.061324
-0.026849
-0.089612
-0.030989
-0.053118
-0.088459
-0.028770
-0.080860
-0.085407
-0.042046
-0.106891
-0.078703
-0.070336
-0.114606
-0.072956
-0.108290
-0.105777
-0.088380
-0.095726
-0.093815
-0.109830
-0.099249
-0.098805
-0.097859
-0.110149
-0.102882
-0.108863
-0.114920
-0.103939
-0.098565
-0.109060
-0.102890
-0.096074
-0.099470
-0.101260
-0.103966
-0.103789
-0.098532
-0.102282
-0.107543
-0.105530
-0.116491
-0.102805
-0.109423
-0.101685
-0.113838
-0.109508
-0.105923
-0.115063
-0.103829
-0.110122
-0.111895
-0.102702
-0.113518
-0.110199
-0.104982
-0.114343
-0.111369
-0.107913
-0.104472
-0.108758
-0.109668
-0.110209
-0.116215
-0.102589
0.086952
0.454098
0.200606
0.579652
0.231821
-0.012332
0.246861
0.372598
0.193096
0.100658
-0.030114
0.188815
0.184496
0.078552
-0.000917
0.089832
0.021290
0.081226
0.025152
-0.088174
0.112028
-0.065337
-0.026032
0.061902
-0.090055
0.033265
-0.044831
-0.049058
0.000938
-0.057938
-0.036001
-0.049939
-0.057891
-0.059256
-0.054019
-0.080268
-0.075383
-0.077207
-0.103559
-0.078473
-0.104106
-0.097676
-0.095000
-0.107606
-0.099374
-0.100513
-0.106053
-0.095035
-0.107706
-0.095515
-0.102294
-0.110826
-0.088977
-0.114020
-0.097387
-0.107304
-0.107553
-0.094575
-0.103859
-0.107606
-0.110438
-0.100485
-0.106956
-0.108107
-0.107432
-0.107460
-0.102474
-0.115037
-0.107141
-0.097469
-0.107924
-0.105470
-0.101131
-0.113255
-0.097024
-0.111399
-0.105548
-0.107398
-0.109964
-0.103692
-0.109607
-0.105448
-0.113310
-0.107571
-0.110647
-0.108255
-0.110248
-0.113644
-0.109961
-0.111153
-0.113270
-0.110535
-0.110112
-0.106562
-0.113636
-0.108378
-0.112564
-0.112225
-0.107102
-0.113047
1.276660
1.660165
0.818371
2.498589
0.867662
0.542704
0.372155
0.634396
0.235426
0.177856
0.218391
-0.091306
0.212548
0.079764
0.016777
0.128533
-0.059929
0.080146
-0.038630
-0.018578
0.027729
-0.094006
0.004770
-0.029148
-0.068967
-0.022016
-0.041939
-0.079828
-0.024467
-0.074431
-0.060107
-0.058017
-0.093790
-0.046473
-0.100146
-0.074271
-0.075203
-0.102370
-0.074337
-0.098842
-0.092787
-0.089381
-0.104961
-0.093562
-0.105342
-0.104081
-0.099292
-0.114166
-0.100811
-0.111061
-0.107968
-0.103685
-0.110181
-0.103149
-0.111827
-0.112021
-0.105950
-0.113259
-0.111222
-0.107406
-0.114626
-0.106960
-0.110843
-0.114514
-0.104263
-0.117348
-0.109369
-0.109145
-0.116279
-0.105532
-0.110383
-0.111862
-0.111533
-0.114182
-0.104871
-0.114060
-0.109868
-0.098967
-0.112991
-0.096579
-0.105689
-0.113986
-0.100576
-0.110112
-0.110844
-0.109944
-0.111621
-0.109852
-0.104462
-0.104797
-0.113479
-0.115622
-0.110470
-0.113757
-0.114239
-0.109006
-0.117237
-0.111169
-0.109224
-0.115448
0.189812
0.297101
0.074789
0.559215
0.173379
0.251222
-0.070831
0.096382
0.018895
0.024332
-0.025952
-0.005279
-0.100126
-0.037679
-0.061373
-0.062712
-0.068503
-0.106996
-0.078030
-0.100289
-0.085963
-0.106827
-0.084912
-0.102739
-0.093511
-0.085619
-0.108238
-0.093881
-0.109821
-0.103362
-0.105856
-0.098182
-0.107724
-0.097795
-0.095985
-0.110734
-0.095013
-0.108841
-0.105807
-0.103149
-0.113907
-0.106363
-0.109422
-0.109447
-0.106780
-0.115775
-0.104554
-0.110757
-0.111535
-0.106609
-0.117640
-0.109178
-0.112577
-0.114696
-0.113815
-0.115131
-0.115795
-0.114840
-0.115109
-0.116221
-0.113531
-0.117234
-0.114589
-0.115921
-0.116155
-0.116699
-0.116535
-0.114263
-0.116301
-0.115974
-0.114111
-0.114433
-0.116598
-0.117629
-0.115126
-0.117242
-0.114658
-0.115225
-0.114232
-0.114989
-0.114550
-0.115705
-0.113582
-0.116233
-0.116431
-0.117083
-0.117350
-0.117326
-0.115107
-0.115801
-0.114296
-0.117703
-0.115448
-0.115320
-0.115002
-0.115246
-0.116724
-0.117142
-0.116314
-0.117330
-2.628613
0.294170
-1.876635
-3.273432
-0.117991
-0.117994
0.143139
0.298087
0.818937
-0.488828
-0.117991
-0.117995
0.049662
0.189674
0.666501
-0.358268
-0.117990
-0.117994
-0.108517
1.191950
1.795725
-2.616428
-0.117992
-0.117994
-0.088370
1.112653
1.604554
-1.953096
-0.117992
-0.117995
-0.136601
2.575469
4.076765
-3.750893
-0.117991
-0.117995
5.467565
0.922644
7.412735
3.881023
-0.117990
-0.117993
2.390609
-0.109348
-0.010359
-0.088596
0.145576
-0.113477
-0.084394
-0.108477
-0.085457
-0.112569
-0.113762
-0.115367
-0.114261
-0.114920
-0.116961
-0.116407
-0.114289
-0.116820
-0.117213
-0.116013
-0.115448
-0.116596
-0.116754
-0.117088
-0.115256
-0.116492
-0.117089
-0.116862
-0.117344
-0.116658
-0.116379
-0.117257
-0.117585
-0.116091
-0.116120
-0.117780
-0.117301
-0.116159
-0.116294
-0.116585
-0.116993
-0.117461
-0.116595
-0.115196
-0.114541
-0.115651
-0.114970
-0.112500
-0.112845
-0.104992
-0.115295
-0.113903
-0.116473
-0.117162
-0.117274
-0.116650
-0.114097
-0.106510
-0.115033
-0.116599
-0.117241
-0.114425
-0.116958
-0.116961
-0.116962
-0.117618
-0.117390
-0.117230
-0.117517
-0.117299
-0.117121
-0.117382
-0.117502
-0.117524
-0.117688
-0.117399
-0.117195
-0.117734
-0.117673
-0.117249
-0.117456
-0.117641
-0.117414
-0.117478
-0.117582
-0.117134
-0.117024
-0.117705
-0.117333
-0.117044
-0.116232
-0.115949
-0.117727
-0.117373
-0.117089
-0.117153
-0.116855
-0.116779
-0.115958
-0.115676
0.145061
-0.097228
0.172343
-0.105817
-0.089577
-0.104960
-0.098213
-0.111598
-0.113055
-0.115715
-0.111518
-0.117448
-0.116110
-0.116922
-0.117072
-0.116847
-0.117602
-0.116820
-0.116113
-0.117005
-0.117712
-0.117081
-0.117940
-0.117315
-0.117226
-0.117626
-0.117502
-0.117257
-0.117508
-0.117755
-0.117571
-0.117420
-0.117528
-0.117568
-0.117308
-0.117533
-0.117454
-0.117537
-0.117673
-0.117328
-0.117162
-0.117381
-0.117346
-0.116898
-0.117656
-0.117114
-0.117564
-0.116138
-0.117413
-0.116888
-0.115697
-0.111271
-0.116274
-0.116501
-0.115674
-0.111610
-0.116625
-0.115898
-0.116046
-0.117212
-0.117205
-0.117242
-0.117502
-0.117118
-0.117350
-0.117788
-0.117620
-0.117507
-0.117882
-0.117702
-0.117437
-0.117608
-0.117780
-0.117679
-0.117840
-0.117815
-0.117599
-0.117802
-0.117756
-0.117610
-0.117644
-0.117777
-0.117609
-0.117589
-0.117778
-0.117583
-0.117645
-0.117939
-0.117696
-0.117059
-0.117473
-0.117370
-0.116841
-0.117040
-0.117353
-0.117662
-0.117146
-0.117180
-0.117391
-0.117778
0.051604
-0.098036
0.088180
-0.112643
-0.058760
-0.100794
-0.099737
-0.112740
-0.103549
-0.117214
-0.114493
-0.116104
-0.117231
-0.117720
-0.116874
-0.117037
-0.116893
-0.117362
-0.117641
-0.117145
-0.117144
-0.117374
-0.115864
-0.116997
-0.117685
-0.116626
-0.117334
-0.117392
-0.116895
-0.117600
-0.117499
-0.116277
-0.117255
-0.117259
-0.117302
-0.117980
-0.117513
-0.117601
-0.117324
-0.117460
-0.116956
-0.117549
-0.116854
-0.117580
-0.117623
-0.115237
-0.116107
-0.116320
-0.116867
-0.114621
-0.117088
-0.112363
-0.116444
-0.117254
-0.115712
-0.113820
-0.117756
-0.115088
-0.116539
-0.116557
-0.117372
-0.117169
-0.117713
-0.117215
-0.117546
-0.117632
-0.117541
-0.117645
-0.117720
-0.117441
-0.117608
-0.117476
-0.117632
-0.117671
-0.117619
-0.117875
-0.117663
-0.117547
-0.117658
-0.117730
-0.117645
-0.117722
-0.117620
-0.117536
-0.117828
-0.117799
-0.117840
-0.117560
-0.117412
-0.117282
-0.117245
-0.117521
-0.117073
-0.117291
-0.117746
-0.117637
-0.117041
-0.117375
-0.116881
-0.117576
-0.099891
-0.079530
0.753517
-0.035692
0.167132
-0.074003
-0.032603
-0.100057
-0.109789
-0.107891
-0.105194
-0.111940
-0.113517
-0.114515
-0.114823
-0.115593
-0.114227
-0.115420
-0.117057
-0.116450
-0.116026
-0.116488
-0.115916
-0.115688
-0.117330
-0.117199
-0.116403
-0.116414
-0.116604
-0.115871
-0.117132
-0.117596
-0.116726
-0.116295
-0.116796
-0.116008
-0.116223
-0.117648
-0.117663
-0.115631
-0.116461
-0.114935
-0.116007
-0.114819
-0.114032
-0.113013
-0.114475
-0.114123
-0.112030
-0.104488
-0.111815
-0.092855
-0.110706
-0.117290
-0.111753
-0.102280
-0.109938
-0.105514
-0.112814
-0.112147
-0.117662
-0.115178
-0.116507
-0.117000
-0.116742
-0.117371
-0.117201
-0.117463
-0.117185
-0.117727
-0.117341
-0.117804
-0.117468
-0.117867
-0.117354
-0.117850
-0.117516
-0.117761
-0.117573
-0.117802
-0.117504
-0.117563
-0.117673
-0.117460
-0.117652
-0.117259
-0.117794
-0.117321
-0.117283
-0.115743
-0.116176
-0.115322
-0.116735
-0.115389
-0.117062
-0.114960
-0.112734
-0.114804
-0.115233
-0.117074
-0.080677
-0.097129
0.737854
-0.054999
0.023997
-0.106510
-0.095336
-0.115412
-0.102881
-0.114354
-0.114264
-0.117226
-0.115567
-0.116662
-0.116981
-0.116808
-0.116980
-0.117546
-0.116626
-0.116758
-0.117569
-0.117255
-0.117142
-0.117493
-0.117097
-0.116904
-0.117738
-0.117530
-0.117241
-0.117257
-0.117376
-0.116897
-0.117556
-0.117703
-0.117447
-0.117096
-0.117552
-0.116867
-0.116701
-0.117554
-0.117015
-0.116485
-0.117326
-0.116570
-0.116431
-0.116523
-0.116809
-0.111610
-0.114738
-0.110072
-0.109624
-0.096723
-0.111664
-0.116224
-0.111568
-0.098993
-0.114577
-0.112615
-0.116855
-0.117768
-0.116984
-0.116585
-0.117001
-0.117411
-0.117601
-0.117419
-0.117482
-0.117798
-0.117562
-0.117756
-0.117749
-0.117772
-0.117519
-0.117907
-0.117691
-0.117773
-0.117777
-0.117940
-0.117601
-0.117759
-0.117809
-0.117711
-0.117781
-0.117863
-0.117629
-0.117474
-0.117860
-0.117500
-0.117808
-0.117848
-0.117091
-0.116135
-0.114798
-0.115155
-0.117092
-0.115826
-0.114468
-0.115087
-0.116508
-0.116410
-0.081892
-0.057646
1.770513
-0.043296
0.117517
-0.105494
-0.081734
-0.096044
-0.090416
-0.110397
-0.113542
-0.116370
-0.112054
-0.113983
-0.115334
-0.115173
-0.115621
-0.115789
-0.114395
-0.114665
-0.116542
-0.116362
-0.116031
-0.116302
-0.115476
-0.115140
-0.116894
-0.116892
-0.116438
-0.116235
-0.116154
-0.115376
-0.116875
-0.117172
-0.116952
-0.116142
-0.116761
-0.115701
-0.115004
-0.117401
-0.116500
-0.115310
-0.115551
-0.113766
-0.114351
-0.112688
-0.116784
-0.107866
-0.116408
-0.107172
-0.105495
-0.066979
-0.102584
-0.116345
-0.104846
-0.079942
-0.105458
-0.107305
-0.114899
-0.114975
-0.116568
-0.116553
-0.116785
-0.117086
-0.116349
-0.117074
-0.116848
-0.117882
-0.117700
-0.117264
-0.116875
-0.117461
-0.117005
-0.117537
-0.117744
-0.117594
-0.116969
-0.117391
-0.117204
-0.117312
-0.117778
-0.117874
-0.117081
-0.117070
-0.117306
-0.116996
-0.117890
-0.117855
-0.117284
-0.116028
-0.116547
-0.112920
-0.112167
-0.112866
-0.116396
-0.112686
-0.109240
-0.111691
-0.116993
-0.116271
