-1.177595
1.749532
1.368597
-6.634174
-0.111735
-0.111729
-0.118830
0.883115
3.811098
-2.877870
-0.111730
-0.111725
2.584621
1.688565
7.406204
-4.647992
-0.111735
-0.111720
-0.377728
1.628710
4.865138
-5.070303
-0.111731
-0.111730
-0.072174
5.460634
10.654024
-9.056513
-0.111732
-0.111734
-0.153471
1.515609
3.236289
-3.172979
-0.111732
-0.111733
10.430827
-0.111070
10.431959
10.429499
-0.111734
-0.111732
7.665721
3.232122
13.015936
2.598600
-0.111732
-0.111735
0.948901
0.645076
0.471291
0.491844
0.160001
0.018300
0.217523
0.074364
0.044283
-0.001269
0.041595
0.042187
-0.025515
0.100898
-0.057180
0.019464
-0.003932
-0.076957
-0.053445
-0.077312
-0.082743
-0.071672
-0.058904
-0.072106
-0.035666
-0.067503
-0.040396
-0.065798
-0.044110
-0.066373
-0.066440
-0.076869
-0.089103
-0.088644
-0.090292
-0.090731
-0.085107
-0.077794
-0.103691
-0.074064
-0.090707
-0.094508
-0.091367
-0.102116
-0.099181
-0.099218
-0.090125
-0.106459
-0.100759
-0.099566
-0.105083
-0.102726
-0.106199
-0.109728
-0.107466
-0.100033
-0.102456
-0.110231
-0.104544
-0.104119
-0.104050
-0.103525
-0.107756
-0.101494
-0.111340
-0.099563
-0.104935
-0.104653
-0.102852
-0.109013
-0.106877
-0.107669
-0.108065
-0.108914
-0.106812
-0.107999
-0.103761
-0.104852
-0.102794
-0.103680
-0.101902
-0.103989
-0.103993
-0.104282
-0.108801
-0.106718
-0.109231
-0.110018
-0.108087
-0.107258
-0.110848
-0.106825
-0.106126
-0.110736
-0.107811
-0.110146
-0.106548
-0.109788
-0.107662
-0.108929
-0.104550
0.235600
0.170383
-0.003864
-0.035913
0.061635
0.060186
-0.072233
0.006525
-0.082582
0.041218
0.030279
-0.014722
0.096971
-0.016393
-0.005626
-0.033431
-0.025069
0.014375
-0.045241
0.024001
-0.032037
-0.062789
-0.060814
-0.098015
-0.093085
-0.101078
-0.089332
-0.095449
-0.090678
-0.092804
-0.079272
-0.050711
-0.081500
-0.063323
-0.069755
-0.100025
-0.082890
-0.101877
-0.073313
-0.089447
-0.091718
-0.089349
-0.104101
-0.099736
-0.105322
-0.104692
-0.103816
-0.107835
-0.106998
-0.109774
-0.108917
-0.109192
-0.108967
-0.107667
-0.109093
-0.110952
-0.107477
-0.104542
-0.110355
-0.106307
-0.109257
-0.106323
-0.103748
-0.107732
-0.100175
-0.103298
-0.104133
-0.103696
-0.108878
-0.102825
-0.107337
-0.099477
-0.102224
-0.104913
-0.103354
-0.109593
-0.109276
-0.111086
-0.108637
-0.107165
-0.110648
-0.109185
-0.110039
-0.104901
-0.107062
-0.106016
-0.103362
-0.110298
-0.106705
-0.110407
-0.106678
-0.107629
-0.108782
-0.107619
-0.109149
-0.109471
-0.110172
-0.111029
-0.110481
2.582545
0.343135
0.388416
-0.021776
0.447024
0.470489
0.157738
0.221229
0.229607
0.114501
-0.006609
0.103123
-0.029477
0.019438
0.038154
-0.084530
-0.032667
-0.033158
-0.070692
-0.058196
-0.060603
-0.075838
-0.071812
-0.076246
-0.088210
-0.071941
-0.107857
-0.068899
-0.087785
-0.083669
-0.074437
-0.108474
-0.080821
-0.084620
-0.105057
-0.082667
-0.083486
-0.107582
-0.084093
-0.082001
-0.109959
-0.087266
-0.095230
-0.098490
-0.090999
-0.086121
-0.095446
-0.093010
-0.089196
-0.102165
-0.106037
-0.111083
-0.108557
-0.106601
-0.104599
-0.107519
-0.103459
-0.096820
-0.101333
-0.100669
-0.099752
-0.098663
-0.106033
-0.102854
-0.104861
-0.106248
-0.103491
-0.109638
-0.105696
-0.106699
-0.109413
-0.105896
-0.108026
-0.108698
-0.107039
-0.108810
-0.108295
-0.106116
-0.109565
-0.105105
-0.106184
-0.108926
-0.104528
-0.109235
-0.107290
-0.105707
-0.108856
-0.106782
-0.105141
-0.108733
-0.107232
-0.105740
-0.110218
-0.107485
-0.108506
-0.109611
-0.107925
-0.108729
-0.106566
-0.106584
0.153899
0.369715
0.570929
0.029185
0.332191
0.255915
-0.100729
0.189313
0.167004
0.051363
0.194946
0.156744
0.003840
0.077592
0.041082
-0.082191
-0.038638
-0.034606
-0.082477
-0.068464
-0.066161
-0.094745
-0.091012
-0.103642
-0.108018
-0.109144
-0.107290
-0.108961
-0.107225
-0.106562
-0.102021
-0.108890
-0.094876
-0.094729
-0.106065
-0.092315
-0.095074
-0.108070
-0.093235
-0.086663
-0.097336
-0.090816
-0.086500
-0.093328
-0.095778
-0.097942
-0.108843
-0.103255
-0.104848
-0.108169
-0.103579
-0.108792
-0.110152
-0.108293
-0.107634
-0.111710
-0.105673
-0.104059
-0.109970
-0.105761
-0.104076
-0.108696
-0.102918
-0.101064
-0.105125
-0.104527
-0.104460
-0.108595
-0.107437
-0.108179
-0.110300
-0.108814
-0.108940
-0.110705
-0.109484
-0.110901
-0.110484
-0.110724
-0.111148
-0.110449
-0.110280
-0.111378
-0.109826
-0.109876
-0.110374
-0.108662
-0.110408
-0.109545
-0.108784
-0.110615
-0.109180
-0.107650
-0.109419
-0.108661
-0.107821
-0.108549
-0.108632
-0.108175
-0.110162
-0.110510
-0.069932
1.984548
2.753996
0.855004
0.832374
0.751745
-0.052353
0.248617
0.166706
-0.034432
-0.032960
0.007810
-0.054472
-0.036133
-0.029903
-0.073388
-0.097755
-0.072326
-0.066077
-0.087706
-0.073021
-0.065805
-0.107932
-0.077332
-0.093657
-0.096710
-0.088646
-0.099383
-0.096598
-0.090198
-0.107890
-0.090469
-0.096186
-0.104760
-0.095210
-0.102989
-0.109273
-0.102929
-0.102378
-0.103094
-0.104200
-0.100690
-0.105122
-0.104279
-0.098234
-0.098478
-0.110585
-0.094017
-0.092973
-0.105146
-0.086968
-0.100677
-0.108519
-0.107737
-0.098940
-0.102796
-0.101039
-0.096745
-0.111086
-0.103434
-0.105122
-0.111116
-0.108722
-0.108023
-0.109367
-0.109252
-0.108772
-0.109883
-0.110232
-0.110126
-0.109852
-0.111166
-0.109797
-0.109038
-0.111539
-0.109345
-0.110207
-0.110383
-0.109734
-0.110687
-0.110640
-0.109701
-0.110831
-0.110373
-0.109602
-0.111050
-0.110700
-0.110312
-0.110609
-0.110582
-0.110026
-0.107868
-0.110109
-0.108818
-0.109350
-0.110782
-0.110719
-0.107502
-0.107562
-0.109628
-0.070294
0.427975
0.717017
0.383401
0.029281
0.033131
-0.014740
-0.035994
-0.058522
-0.053976
-0.072338
-0.049516
-0.035179
-0.048397
-0.041582
-0.052876
-0.067351
-0.062697
-0.080989
-0.086495
-0.089936
-0.097179
-0.102870
-0.100370
-0.107397
-0.102390
-0.108303
-0.103376
-0.108293
-0.105610
-0.107477
-0.105619
-0.105043
-0.104156
-0.103526
-0.102108
-0.102621
-0.101058
-0.101090
-0.103093
-0.101867
-0.103629
-0.107499
-0.105434
-0.108467
-0.109030
-0.108862
-0.107223
-0.106860
-0.108075
-0.106217
-0.108487
-0.107788
-0.108732
-0.106187
-0.104895
-0.108951
-0.110747
-0.109720
-0.109230
-0.109807
-0.110762
-0.110499
-0.109398
-0.109045
-0.109156
-0.108508
-0.109007
-0.109493
-0.109124
-0.109694
-0.110097
-0.110355
-0.110466
-0.110763
-0.110914
-0.111047
-0.111053
-0.111391
-0.111548
-0.111530
-0.110898
-0.110915
-0.110961
-0.110473
-0.110878
-0.110977
-0.110578
-0.110314
-0.110500
-0.110367
-0.110410
-0.109610
-0.109536
-0.111382
-0.109738
-0.109889
-0.110839
-0.111187
-0.110741
-2.604034
0.290416
-1.883238
-3.166009
-0.111731
-0.111735
0.812383
0.455364
1.759162
0.171735
-0.111731
-0.111735
0.009555
0.088614
0.314841
-0.301725
-0.111732
-0.111735
-0.071357
2.134780
2.797303
-3.910925
-0.111733
-0.111735
-0.143723
0.443532
0.791685
-1.073167
-0.111732
-0.111735
-0.176811
2.520215
3.841742
-3.149351
-0.111731
-0.111736
6.108671
0.955571
8.096725
4.448454
-0.111731
-0.111734
2.382379
-0.012102
0.149292
-0.079751
-0.078232
-0.104158
-0.110596
-0.111298
-0.109677
-0.111038
-0.109305
-0.110977
-0.109993
-0.111232
-0.110901
-0.111043
-0.110493
-0.110993
-0.111056
-0.110878
-0.111399
-0.111479
-0.108544
-0.108193
-0.096963
-0.105705
-0.108695
-0.108931
-0.103655
-0.103476
-0.108012
-0.109525
-0.110601
-0.110661
-0.110520
-0.110784
-0.110678
-0.111044
-0.110965
-0.111041
-0.111146
-0.110954
-0.111004
-0.111224
-0.111119
-0.111279
-0.111248
-0.111266
-0.111641
-0.110401
-0.109824
-0.108864
-0.110599
-0.111364
-0.110894
-0.108331
-0.110865
-0.111054
-0.111239
-0.111188
-0.111161
-0.111232
-0.111218
-0.111311
-0.111239
-0.111292
-0.111335
-0.111203
-0.111287
-0.111319
-0.111132
-0.111407
-0.111372
-0.111330
-0.111380
-0.111012
-0.111242
-0.110384
-0.111087
-0.111273
-0.111103
-0.110185
-0.111626
-0.111663
-0.111381
-0.111408
-0.111409
-0.111423
-0.111418
-0.111431
-0.111339
-0.111495
-0.111462
-0.111097
-0.111309
-0.111293
-0.111048
-0.111448
-0.111554
-0.111325
0.816499
0.282226
-0.035911
-0.109467
-0.092352
-0.107649
-0.110986
-0.108995
-0.110055
-0.109413
-0.109729
-0.108625
-0.110027
-0.109684
-0.110351
-0.109749
-0.110671
-0.110735
-0.110922
-0.110745
-0.111142
-0.111041
-0.110379
-0.107890
-0.105076
-0.105040
-0.104729
-0.102337
-0.110318
-0.108516
-0.109303
-0.111424
-0.111544
-0.111306
-0.111455
-0.111318
-0.111408
-0.111210
-0.111407
-0.111372
-0.111446
-0.111380
-0.111468
-0.111476
-0.111420
-0.111408
-0.111410
-0.111362
-0.111197
-0.110630
-0.110740
-0.111511
-0.109418
-0.110797
-0.109911
-0.110537
-0.111233
-0.111571
-0.111495
-0.111460
-0.111513
-0.111474
-0.111510
-0.111450
-0.111496
-0.111515
-0.111557
-0.111600
-0.111495
-0.111412
-0.111457
-0.111506
-0.111515
-0.111483
-0.111431
-0.111333
-0.111613
-0.111438
-0.111048
-0.111212
-0.110519
-0.111327
-0.111522
-0.111548
-0.111500
-0.111491
-0.111520
-0.111499
-0.111518
-0.111487
-0.111501
-0.111590
-0.111581
-0.111585
-0.111160
-0.111117
-0.111573
-0.111587
-0.111609
-0.111498
0.010527
0.027651
-0.095592
-0.102246
-0.097221
-0.106620
-0.110710
-0.110380
-0.111497
-0.111518
-0.111277
-0.110726
-0.111027
-0.111012
-0.111567
-0.111458
-0.110972
-0.111556
-0.111480
-0.111639
-0.111121
-0.111468
-0.108986
-0.110811
-0.110824
-0.109163
-0.109459
-0.108908
-0.110193
-0.111196
-0.110994
-0.110103
-0.111102
-0.111115
-0.111313
-0.111329
-0.111363
-0.111259
-0.111413
-0.111418
-0.111537
-0.111542
-0.111642
-0.111504
-0.111550
-0.111549
-0.111647
-0.111604
-0.111529
-0.111290
-0.111471
-0.111499
-0.110662
-0.111314
-0.110884
-0.111395
-0.111329
-0.111197
-0.111519
-0.111514
-0.111530
-0.111529
-0.111527
-0.111530
-0.111544
-0.111542
-0.111567
-0.111537
-0.111583
-0.111525
-0.111567
-0.111552
-0.111586
-0.111544
-0.111599
-0.111354
-0.111498
-0.111471
-0.111237
-0.111656
-0.111375
-0.111659
-0.111567
-0.111608
-0.111556
-0.111605
-0.111584
-0.111595
-0.111582
-0.111596
-0.111542
-0.111603
-0.111582
-0.111551
-0.111671
-0.111627
-0.111572
-0.111576
-0.111621
-0.111513
-0.071691
1.437078
0.208267
-0.040791
-0.099069
-0.099784
-0.108686
-0.107780
-0.108264
-0.108774
-0.109041
-0.109052
-0.109043
-0.109014
-0.108914
-0.108822
-0.108644
-0.108380
-0.108091
-0.107843
-0.107716
-0.106640
-0.106020
-0.103408
-0.081995
-0.077185
-0.098427
-0.089359
-0.093928
-0.091824
-0.103778
-0.106482
-0.107415
-0.108330
-0.108757
-0.109112
-0.109426
-0.109699
-0.109933
-0.110140
-0.110273
-0.110352
-0.110585
-0.110600
-0.110778
-0.110946
-0.111081
-0.111291
-0.111584
-0.111069
-0.108461
-0.108497
-0.102916
-0.111328
-0.102228
-0.105694
-0.110130
-0.110250
-0.110138
-0.110357
-0.110411
-0.110488
-0.110555
-0.110612
-0.110669
-0.110698
-0.110517
-0.110423
-0.110818
-0.110383
-0.110854
-0.110968
-0.110904
-0.110896
-0.110939
-0.110886
-0.110814
-0.108790
-0.107303
-0.111164
-0.107760
-0.110908
-0.110809
-0.111125
-0.111063
-0.111187
-0.111164
-0.111162
-0.111149
-0.111142
-0.111072
-0.110965
-0.110413
-0.110548
-0.110895
-0.110559
-0.110834
-0.110472
-0.111013
-0.111077
-0.081722
0.037043
0.248439
-0.080624
-0.103976
-0.107909
-0.109244
-0.110484
-0.110770
-0.110792
-0.111014
-0.111112
-0.111188
-0.111174
-0.111195
-0.111150
-0.111085
-0.110995
-0.110766
-0.110615
-0.110381
-0.109815
-0.108106
-0.108833
-0.092365
-0.103461
-0.107928
-0.107962
-0.102015
-0.100353
-0.108188
-0.108274
-0.109181
-0.109644
-0.109891
-0.110068
-0.110239
-0.110366
-0.110476
-0.110573
-0.110620
-0.110717
-0.110793
-0.110855
-0.110865
-0.110965
-0.111013
-0.111120
-0.111168
-0.111329
-0.110151
-0.107099
-0.110275
-0.111149
-0.110721
-0.106966
-0.110609
-0.110428
-0.110723
-0.110801
-0.110851
-0.110889
-0.110925
-0.110955
-0.110979
-0.111003
-0.110877
-0.111071
-0.111045
-0.111006
-0.110891
-0.111127
-0.111085
-0.111116
-0.111107
-0.111065
-0.111109
-0.109374
-0.111490
-0.111072
-0.110728
-0.109765
-0.111224
-0.111189
-0.111267
-0.111252
-0.111250
-0.111245
-0.111245
-0.111245
-0.111241
-0.111209
-0.110924
-0.111205
-0.111101
-0.111068
-0.111049
-0.110968
-0.111231
-0.111274
-0.047154
1.720644
0.161013
-0.019898
-0.093749
-0.107581
-0.109773
-0.109297
-0.109226
-0.109463
-0.109383
-0.109038
-0.108945
-0.108842
-0.108605
-0.108391
-0.108191
-0.107741
-0.107135
-0.106597
-0.105705
-0.104047
-0.100845
-0.096584
-0.092594
-0.067426
-0.096031
-0.086349
-0.084504
-0.099854
-0.101376
-0.103529
-0.105423
-0.106629
-0.107401
-0.107933
-0.108406
-0.108794
-0.109083
-0.109333
-0.109558
-0.109662
-0.109926
-0.109976
-0.110267
-0.110388
-0.110557
-0.110745
-0.110971
-0.110919
-0.110702
-0.106949
-0.101198
-0.111028
-0.099791
-0.107383
-0.107730
-0.108826
-0.109372
-0.109669
-0.109826
-0.109939
-0.110045
-0.110112
-0.110165
-0.110186
-0.110122
-0.109934
-0.110372
-0.109897
-0.110588
-0.110352
-0.110447
-0.110459
-0.110437
-0.110234
-0.109930
-0.108994
-0.106283
-0.110835
-0.106922
-0.111201
-0.110351
-0.110904
-0.110911
-0.110938
-0.110915
-0.110900
-0.110885
-0.110856
-0.110799
-0.110711
-0.110366
-0.110092
-0.110632
-0.110250
-0.110423
-0.110414
-0.110847
-0.110885
