-1.048294
2.089142
6.226338
-7.430637
-0.113775
-0.113769
-0.200909
1.062815
3.793988
-4.724150
-0.113773
-0.113765
2.613781
1.457808
7.352924
-3.125695
-0.113776
-0.113763
-0.284146
1.458371
4.175638
-4.345032
-0.113773
-0.113772
-0.124466
5.691094
11.023685
-9.583782
-0.113773
-0.113775
-0.135174
1.381530
2.984530
-3.093697
-0.113773
-0.113774
10.223128
-0.113325
10.224243
10.222313
-0.113771
-0.113773
7.553828
2.999941
12.747837
2.707797
-0.113773
-0.113776
0.816036
0.600521
0.410192
0.552066
0.220691
0.325521
0.347665
0.087396
0.176836
0.120305
0.155950
0.059768
0.181938
0.049234
0.087902
0.102729
-0.018176
0.062330
0.020262
-0.008594
0.052640
-0.051888
0.027711
-0.055772
-0.023844
-0.058697
-0.040316
-0.068704
-0.024744
-0.077054
-0.025675
-0.074144
-0.055037
-0.057312
-0.089368
-0.058628
-0.076508
-0.080156
-0.064897
-0.094261
-0.077288
-0.088111
-0.092330
-0.099132
-0.087516
-0.099529
-0.095805
-0.094225
-0.108541
-0.106179
-0.110698
-0.111028
-0.107266
-0.102688
-0.107438
-0.100823
-0.098908
-0.108156
-0.101391
-0.104307
-0.102487
-0.103198
-0.097154
-0.106691
-0.099146
-0.101116
-0.106991
-0.100167
-0.106334
-0.103837
-0.100473
-0.108402
-0.099781
-0.108121
-0.103434
-0.107933
-0.106272
-0.108556
-0.105397
-0.109119
-0.103455
-0.110361
-0.105225
-0.107915
-0.109043
-0.106839
-0.109462
-0.107766
-0.107495
-0.109751
-0.107774
-0.110199
-0.109421
-0.110289
-0.110379
-0.111024
-0.109568
-0.109215
-0.111911
-0.111732
-0.026983
0.150163
0.121621
-0.049238
-0.100915
-0.026249
0.037031
0.124666
0.085012
0.218261
0.070488
0.125652
0.086828
0.003592
0.115104
0.015173
0.072921
0.023279
-0.022997
-0.025661
-0.083693
-0.055534
-0.055157
-0.070346
-0.068654
-0.092041
-0.072735
-0.084361
-0.075953
-0.078507
-0.090675
-0.079791
-0.088642
-0.066734
-0.060097
-0.077272
-0.058945
-0.090861
-0.076910
-0.083028
-0.088914
-0.076583
-0.095625
-0.088956
-0.101690
-0.109114
-0.112829
-0.112761
-0.110842
-0.111993
-0.113021
-0.111792
-0.111073
-0.113047
-0.113134
-0.111345
-0.111035
-0.107389
-0.105169
-0.098183
-0.104697
-0.098359
-0.103010
-0.105856
-0.099538
-0.105803
-0.099141
-0.102981
-0.103386
-0.105149
-0.111724
-0.108942
-0.108648
-0.108836
-0.109684
-0.111070
-0.109271
-0.111473
-0.110255
-0.109539
-0.109404
-0.110158
-0.111773
-0.108112
-0.108694
-0.108186
-0.106945
-0.110704
-0.108244
-0.110290
-0.109928
-0.109418
-0.110236
-0.109344
-0.111122
-0.112576
-0.113385
-0.113496
-0.113512
-0.113086
2.611841
0.319618
0.327296
0.093485
0.454484
0.290634
0.078185
0.136989
0.090090
-0.014339
-0.063117
0.053258
-0.040330
0.001269
0.038012
-0.044244
0.008596
0.028750
-0.084508
-0.002088
-0.029862
-0.071494
-0.020214
-0.088866
-0.069234
-0.073782
-0.087299
-0.088956
-0.054377
-0.097341
-0.062436
-0.071526
-0.100560
-0.064807
-0.087853
-0.091512
-0.080874
-0.100779
-0.095810
-0.092691
-0.109589
-0.098511
-0.101039
-0.103768
-0.105352
-0.096220
-0.094131
-0.109290
-0.104348
-0.108833
-0.112278
-0.112675
-0.111124
-0.107873
-0.100615
-0.107513
-0.105380
-0.103590
-0.107758
-0.111938
-0.110911
-0.105599
-0.109351
-0.107300
-0.105608
-0.111956
-0.105586
-0.104941
-0.111530
-0.104156
-0.107514
-0.108599
-0.104163
-0.111490
-0.106909
-0.109484
-0.111407
-0.109914
-0.107943
-0.111624
-0.106516
-0.110252
-0.109579
-0.107737
-0.112357
-0.109030
-0.110046
-0.112631
-0.110740
-0.111941
-0.111936
-0.110194
-0.112240
-0.111833
-0.110098
-0.110134
-0.110630
-0.111816
-0.111524
-0.112449
0.055675
0.409217
0.476862
0.052184
0.262599
0.187944
0.104742
0.286890
0.042851
0.123891
-0.012171
-0.063504
-0.041971
-0.051581
0.002969
-0.086852
-0.030845
-0.045588
-0.099999
-0.067697
-0.085072
-0.098591
-0.085232
-0.090951
-0.099134
-0.088193
-0.103244
-0.094575
-0.096865
-0.105398
-0.099269
-0.098580
-0.110639
-0.094618
-0.098196
-0.104219
-0.092471
-0.106432
-0.104140
-0.108550
-0.104934
-0.099547
-0.104162
-0.091301
-0.103183
-0.102415
-0.106399
-0.111581
-0.107946
-0.110460
-0.113315
-0.112906
-0.111068
-0.110302
-0.108764
-0.110034
-0.108767
-0.104438
-0.107997
-0.103862
-0.110206
-0.111531
-0.111029
-0.111454
-0.109646
-0.113236
-0.108852
-0.110519
-0.112268
-0.110359
-0.112447
-0.112257
-0.111592
-0.112589
-0.112274
-0.111784
-0.113021
-0.111916
-0.112259
-0.112697
-0.112124
-0.112304
-0.112826
-0.111740
-0.112915
-0.112100
-0.111320
-0.113465
-0.112545
-0.112688
-0.112396
-0.112644
-0.111980
-0.111075
-0.112215
-0.111679
-0.111951
-0.112607
-0.112456
-0.113056
-0.104800
2.337251
2.887935
0.310617
0.956213
0.337193
0.093693
0.065213
0.064512
0.047729
-0.040088
0.033590
-0.004445
-0.023469
-0.000111
-0.079017
-0.026221
-0.058768
-0.082375
-0.056984
-0.096773
-0.081534
-0.081434
-0.102905
-0.083506
-0.104874
-0.090574
-0.107362
-0.094328
-0.101713
-0.103540
-0.094352
-0.108056
-0.099327
-0.097364
-0.108324
-0.097921
-0.105956
-0.100646
-0.101631
-0.107169
-0.101713
-0.104900
-0.107170
-0.108548
-0.103665
-0.098721
-0.106126
-0.087625
-0.105036
-0.107913
-0.106034
-0.098358
-0.111067
-0.096658
-0.106333
-0.108298
-0.109024
-0.110772
-0.110986
-0.111591
-0.108983
-0.110525
-0.110474
-0.109551
-0.112425
-0.110225
-0.112003
-0.111568
-0.111190
-0.113629
-0.111502
-0.112253
-0.112937
-0.111799
-0.113269
-0.112375
-0.113360
-0.112128
-0.113272
-0.112554
-0.112154
-0.113582
-0.112297
-0.112539
-0.112956
-0.112502
-0.113454
-0.112236
-0.112964
-0.112539
-0.112147
-0.112970
-0.113298
-0.112808
-0.113079
-0.111861
-0.112018
-0.110211
-0.113608
-0.092788
0.393419
0.634441
0.267570
0.152001
0.066254
0.025810
-0.066431
-0.049591
-0.043649
-0.071366
-0.050628
-0.052175
-0.062021
-0.088572
-0.101690
-0.110330
-0.098855
-0.098187
-0.093224
-0.095624
-0.097100
-0.100153
-0.101043
-0.105902
-0.104538
-0.105935
-0.104755
-0.107047
-0.105070
-0.105187
-0.105601
-0.108436
-0.108238
-0.111717
-0.113135
-0.110685
-0.107959
-0.107399
-0.107628
-0.107948
-0.106533
-0.109646
-0.110562
-0.107018
-0.109502
-0.109513
-0.108213
-0.107632
-0.111919
-0.111195
-0.110912
-0.109011
-0.109842
-0.108975
-0.110070
-0.111270
-0.113309
-0.111049
-0.111536
-0.112711
-0.111091
-0.110963
-0.111823
-0.112643
-0.112817
-0.113589
-0.113217
-0.112962
-0.112434
-0.112857
-0.112601
-0.112633
-0.112864
-0.113162
-0.112835
-0.113009
-0.113001
-0.113234
-0.113003
-0.112891
-0.112907
-0.113197
-0.112924
-0.113308
-0.113537
-0.113442
-0.113188
-0.113006
-0.112605
-0.112372
-0.112938
-0.113720
-0.112871
-0.112923
-0.113508
-0.112980
-0.113340
-0.113153
-0.112703
-2.417355
0.262122
-1.618757
-2.877012
-0.113772
-0.113775
0.869858
0.357232
1.627251
0.326275
-0.113772
-0.113777
0.059200
0.072049
0.316496
-0.207274
-0.113774
-0.113777
-0.227853
1.742298
1.886838
-3.359445
-0.113774
-0.113776
-0.042873
0.569691
1.223938
-0.861608
-0.113772
-0.113776
-0.023125
1.791191
2.799909
-2.372744
-0.113773
-0.113777
5.875214
1.028853
8.231904
4.160146
-0.113772
-0.113775
2.189476
-0.020961
0.124961
-0.079728
-0.068630
-0.096843
-0.102920
-0.104948
-0.106482
-0.106176
-0.107406
-0.106882
-0.111191
-0.109994
-0.108175
-0.110913
-0.109223
-0.110297
-0.110515
-0.109979
-0.109544
-0.107306
-0.107998
-0.100948
-0.109511
-0.111927
-0.111749
-0.105083
-0.110929
-0.110399
-0.111081
-0.111433
-0.111335
-0.111597
-0.111577
-0.111089
-0.111786
-0.111485
-0.111330
-0.111684
-0.111711
-0.111339
-0.111499
-0.111625
-0.111539
-0.111682
-0.111623
-0.110880
-0.111405
-0.110513
-0.111874
-0.112431
-0.112329
-0.110381
-0.111024
-0.111055
-0.111286
-0.111346
-0.111464
-0.111497
-0.111418
-0.111670
-0.111542
-0.111599
-0.111760
-0.111692
-0.111667
-0.111738
-0.111810
-0.111815
-0.111856
-0.111903
-0.111504
-0.112124
-0.111141
-0.112025
-0.112019
-0.112132
-0.110948
-0.111671
-0.111617
-0.111808
-0.111870
-0.111922
-0.111968
-0.111933
-0.112052
-0.111999
-0.112052
-0.112112
-0.112038
-0.112091
-0.112087
-0.112112
-0.112097
-0.111996
-0.112104
-0.111530
-0.112166
-0.111698
0.868487
0.208960
-0.036456
-0.107913
-0.104393
-0.110991
-0.111463
-0.110085
-0.111033
-0.110104
-0.113196
-0.112208
-0.112534
-0.112620
-0.112796
-0.113101
-0.111981
-0.112859
-0.112811
-0.113125
-0.113139
-0.112791
-0.112591
-0.110942
-0.103613
-0.111508
-0.107379
-0.107615
-0.113121
-0.112363
-0.113440
-0.113161
-0.113047
-0.113072
-0.113009
-0.113217
-0.113121
-0.113219
-0.113376
-0.113285
-0.113172
-0.113406
-0.113158
-0.113185
-0.113123
-0.113199
-0.113379
-0.113196
-0.113569
-0.111693
-0.112180
-0.112675
-0.111410
-0.113268
-0.112975
-0.113263
-0.113138
-0.113135
-0.113140
-0.113148
-0.113182
-0.113180
-0.113214
-0.113245
-0.113216
-0.113195
-0.113276
-0.113174
-0.113208
-0.113199
-0.113248
-0.113291
-0.113276
-0.113246
-0.113029
-0.112467
-0.113287
-0.112400
-0.113403
-0.113208
-0.113328
-0.113257
-0.113267
-0.113258
-0.113274
-0.113272
-0.113297
-0.113299
-0.113303
-0.113305
-0.113286
-0.113317
-0.113272
-0.113303
-0.113299
-0.113342
-0.113315
-0.113398
-0.112947
-0.113414
0.059925
0.013419
-0.088520
-0.103875
-0.101923
-0.108198
-0.110436
-0.109732
-0.110287
-0.111665
-0.111051
-0.110652
-0.111492
-0.111935
-0.112213
-0.111484
-0.112609
-0.112264
-0.112401
-0.113119
-0.112705
-0.112385
-0.112372
-0.112688
-0.109218
-0.112965
-0.111023
-0.111754
-0.112652
-0.111774
-0.112590
-0.112798
-0.112732
-0.112828
-0.113002
-0.112959
-0.112817
-0.113049
-0.113160
-0.113197
-0.112971
-0.113243
-0.113194
-0.113224
-0.113334
-0.113255
-0.113229
-0.113206
-0.113193
-0.112586
-0.113564
-0.113404
-0.112858
-0.113201
-0.113098
-0.113350
-0.113398
-0.113412
-0.113420
-0.113453
-0.113460
-0.113381
-0.113509
-0.113519
-0.113495
-0.113413
-0.113515
-0.113508
-0.113490
-0.113497
-0.113484
-0.113470
-0.113400
-0.113517
-0.113417
-0.113561
-0.113681
-0.113232
-0.113566
-0.113590
-0.113543
-0.113558
-0.113577
-0.113546
-0.113534
-0.113558
-0.113517
-0.113549
-0.113534
-0.113526
-0.113522
-0.113525
-0.113535
-0.113528
-0.113519
-0.113512
-0.113577
-0.113570
-0.113536
-0.113649
-0.009195
1.169395
0.151560
-0.071561
-0.084114
-0.110994
-0.111498
-0.112989
-0.113043
-0.113357
-0.113246
-0.113295
-0.113385
-0.113292
-0.113343
-0.113384
-0.113425
-0.113497
-0.113610
-0.113543
-0.113582
-0.110390
-0.108871
-0.102866
-0.076933
-0.100205
-0.083749
-0.093735
-0.111034
-0.110752
-0.112173
-0.112624
-0.112538
-0.112629
-0.112701
-0.112755
-0.112806
-0.112853
-0.112893
-0.112918
-0.112957
-0.112998
-0.113021
-0.113073
-0.113130
-0.113132
-0.113404
-0.112133
-0.112149
-0.106690
-0.108101
-0.108654
-0.106772
-0.113126
-0.112489
-0.112867
-0.112986
-0.112968
-0.113020
-0.113055
-0.113086
-0.113112
-0.113135
-0.113157
-0.113173
-0.113194
-0.113215
-0.113230
-0.113254
-0.113282
-0.113256
-0.113367
-0.112852
-0.112922
-0.111677
-0.110792
-0.112602
-0.110082
-0.113269
-0.113067
-0.113216
-0.113283
-0.113279
-0.113310
-0.113327
-0.113340
-0.113352
-0.113361
-0.113370
-0.113377
-0.113384
-0.113392
-0.113395
-0.113395
-0.113407
-0.113331
-0.113369
-0.113123
-0.111956
-0.113215
-0.045110
0.321503
0.092637
-0.105012
-0.107045
-0.108740
-0.110403
-0.110719
-0.111215
-0.111534
-0.111699
-0.111864
-0.112040
-0.112141
-0.112223
-0.112365
-0.112455
-0.112505
-0.112564
-0.112653
-0.112434
-0.112223
-0.112126
-0.104092
-0.098728
-0.110390
-0.104858
-0.102053
-0.111414
-0.112618
-0.112392
-0.112573
-0.112679
-0.112783
-0.112850
-0.112902
-0.112959
-0.113009
-0.113049
-0.113091
-0.113141
-0.113177
-0.113209
-0.113244
-0.113281
-0.113274
-0.113300
-0.113317
-0.112389
-0.110403
-0.112023
-0.112097
-0.110871
-0.112360
-0.113177
-0.113181
-0.113270
-0.113332
-0.113372
-0.113399
-0.113422
-0.113445
-0.113461
-0.113476
-0.113493
-0.113508
-0.113518
-0.113527
-0.113536
-0.113540
-0.113541
-0.113527
-0.113714
-0.113331
-0.112571
-0.112850
-0.113214
-0.112625
-0.112851
-0.113512
-0.113533
-0.113555
-0.113574
-0.113578
-0.113580
-0.113582
-0.113583
-0.113583
-0.113584
-0.113585
-0.113585
-0.113585
-0.113585
-0.113586
-0.113584
-0.113605
-0.113586
-0.113297
-0.113278
-0.113266
-0.034744
1.219456
0.061179
-0.028198
-0.106838
-0.111873
-0.110547
-0.110950
-0.111300
-0.111598
-0.111819
-0.111909
-0.112119
-0.112216
-0.112302
-0.112446
-0.112595
-0.112614
-0.112588
-0.112675
-0.112779
-0.112600
-0.105437
-0.109448
-0.077839
-0.097671
-0.080214
-0.098136
-0.108716
-0.112056
-0.113355
-0.113148
-0.113170
-0.113175
-0.113203
-0.113234
-0.113240
-0.113269
-0.113282
-0.113304
-0.113330
-0.113360
-0.113361
-0.113361
-0.113388
-0.113382
-0.113356
-0.112428
-0.113168
-0.107573
-0.106964
-0.107276
-0.108188
-0.113193
-0.112850
-0.113555
-0.113531
-0.113544
-0.113541
-0.113552
-0.113561
-0.113558
-0.113562
-0.113564
-0.113570
-0.113572
-0.113579
-0.113578
-0.113578
-0.113588
-0.113586
-0.113640
-0.113651
-0.113364
-0.112097
-0.110492
-0.112170
-0.110820
-0.113344
-0.113095
-0.113596
-0.113599
-0.113598
-0.113597
-0.113599
-0.113599
-0.113596
-0.113594
-0.113593
-0.113593
-0.113592
-0.113592
-0.113592
-0.113591
-0.113598
-0.113608
-0.113388
-0.113272
-0.112507
-0.113202
