-2.152116
1.779709
0.995229
-10.063006
-0.103995
-0.103981
0.021823
1.233818
5.550672
-3.131933
-0.103986
-0.103979
2.175690
1.424670
5.050958
-5.035757
-0.103996
-0.103971
-0.314941
2.161400
5.906869
-7.067619
-0.103992
-0.103987
-0.058141
4.927477
9.965572
-9.119980
-0.103991
-0.103992
-0.061391
1.340804
3.540138
-3.447912
-0.103990
-0.103989
8.937193
-0.103330
8.938436
8.936207
-0.103990
-0.103993
8.222108
3.219533
14.507854
3.762569
-0.103990
-0.103993
1.939922
0.509826
0.324792
0.443024
0.320229
0.004517
0.263080
0.243325
0.112055
0.075269
0.038635
0.147262
-0.016616
0.039731
0.093608
-0.045983
0.003760
0.062153
0.002862
-0.005978
0.080373
0.032480
-0.019059
0.036943
0.012650
-0.059935
-0.002628
-0.014707
-0.079197
-0.011621
-0.025920
-0.081048
-0.027534
-0.043451
-0.078127
-0.037103
-0.046035
-0.071836
-0.042649
-0.044336
-0.079940
-0.064367
-0.063667
-0.090749
-0.085934
-0.071210
-0.088072
-0.086813
-0.074627
-0.094570
-0.086938
-0.086054
-0.083969
-0.089000
-0.094902
-0.085986
-0.091483
-0.099257
-0.098529
-0.101389
-0.100385
-0.098140
-0.093609
-0.096190
-0.100530
-0.089934
-0.090324
-0.097334
-0.095238
-0.094785
-0.092636
-0.101302
-0.092891
-0.091826
-0.103132
-0.093659
-0.091940
-0.097958
-0.095356
-0.088929
-0.094282
-0.095262
-0.090724
-0.093936
-0.098204
-0.092112
-0.092727
-0.098218
-0.091144
-0.094008
-0.096603
-0.090593
-0.098679
-0.095781
-0.091690
-0.099431
-0.095647
-0.090827
-0.095935
-0.094899
0.020659
0.245227
0.284100
0.119845
-0.008800
-0.024276
0.014426
-0.070688
0.033662
0.004678
0.099048
0.149204
0.069029
0.186690
0.178145
0.074542
0.131512
0.095246
-0.004281
0.047034
-0.038098
-0.036653
-0.025004
-0.073853
-0.070160
-0.051920
-0.068838
-0.084727
-0.055637
-0.077010
-0.075937
-0.064701
-0.091539
-0.074405
-0.074829
-0.092571
-0.087212
-0.073231
-0.082724
-0.081622
-0.065396
-0.082231
-0.058652
-0.060284
-0.072466
-0.058012
-0.063698
-0.079584
-0.073649
-0.084460
-0.092950
-0.092454
-0.101539
-0.098287
-0.100308
-0.099991
-0.100304
-0.098545
-0.100459
-0.101387
-0.103108
-0.100829
-0.100576
-0.100007
-0.102257
-0.099575
-0.100642
-0.103263
-0.102323
-0.097367
-0.095807
-0.097626
-0.089472
-0.090516
-0.092523
-0.088614
-0.092210
-0.095138
-0.091983
-0.099137
-0.097713
-0.097291
-0.100291
-0.099166
-0.098439
-0.101577
-0.099954
-0.098583
-0.100655
-0.101094
-0.100536
-0.100589
-0.099535
-0.099530
-0.100392
-0.099850
-0.100155
-0.100675
-0.100808
-0.101565
2.174927
0.182611
0.228071
-0.000380
0.304152
0.374377
0.201379
0.190419
0.220358
0.196676
0.058128
0.011522
0.070643
-0.007126
-0.054833
0.012320
-0.023984
-0.044942
0.006023
-0.003986
-0.036312
-0.005932
-0.016560
-0.058067
-0.022651
-0.043708
-0.074570
-0.044504
-0.084612
-0.065020
-0.069575
-0.085658
-0.059616
-0.087139
-0.065193
-0.062804
-0.083593
-0.063059
-0.067823
-0.082474
-0.069701
-0.072759
-0.088639
-0.081538
-0.082268
-0.101036
-0.083715
-0.082993
-0.099831
-0.085727
-0.079875
-0.085514
-0.086859
-0.085834
-0.081757
-0.089379
-0.099388
-0.095893
-0.100196
-0.103440
-0.103888
-0.100876
-0.102971
-0.094780
-0.092637
-0.097001
-0.090473
-0.088630
-0.091738
-0.097008
-0.095450
-0.092460
-0.096970
-0.100005
-0.093187
-0.096578
-0.100161
-0.094600
-0.097485
-0.098033
-0.094535
-0.097541
-0.098917
-0.094586
-0.096505
-0.098881
-0.094180
-0.097618
-0.098012
-0.097781
-0.102308
-0.098057
-0.101519
-0.098651
-0.098418
-0.101928
-0.098310
-0.100328
-0.102289
-0.101048
0.105170
0.559013
0.688674
0.157481
0.411813
0.512806
0.182225
0.216130
0.352078
0.173348
0.176181
0.234490
0.050821
0.033359
0.086298
-0.010802
-0.086945
-0.048480
-0.035204
-0.080148
-0.058579
-0.049595
-0.084029
-0.078592
-0.088496
-0.099275
-0.099839
-0.095339
-0.101328
-0.089569
-0.091707
-0.099862
-0.093584
-0.099889
-0.103799
-0.097840
-0.096162
-0.099495
-0.088478
-0.092588
-0.095856
-0.088262
-0.096518
-0.099337
-0.088095
-0.083541
-0.092661
-0.088256
-0.078783
-0.087425
-0.086252
-0.082154
-0.092250
-0.093430
-0.090956
-0.097155
-0.098848
-0.098018
-0.101694
-0.103374
-0.102331
-0.101250
-0.101219
-0.098813
-0.097223
-0.099831
-0.095818
-0.094175
-0.097428
-0.092494
-0.092194
-0.098647
-0.094881
-0.095350
-0.100920
-0.100231
-0.099475
-0.101282
-0.103643
-0.100364
-0.101008
-0.102872
-0.101918
-0.103642
-0.102471
-0.102390
-0.103009
-0.102281
-0.103066
-0.102106
-0.100733
-0.101707
-0.102034
-0.100785
-0.100682
-0.102671
-0.101526
-0.100155
-0.102307
-0.102119
-0.056553
1.723057
2.471608
1.029677
0.489354
0.724785
0.125692
0.111664
0.211244
0.086773
0.011063
-0.003254
-0.025974
-0.022268
-0.053872
-0.062592
-0.070670
-0.072021
-0.054566
-0.076883
-0.096118
-0.062353
-0.062127
-0.091792
-0.056912
-0.060469
-0.081813
-0.063861
-0.069851
-0.073150
-0.076170
-0.077965
-0.076847
-0.087038
-0.080824
-0.087016
-0.096381
-0.086107
-0.092060
-0.102616
-0.097965
-0.097612
-0.101815
-0.101583
-0.100157
-0.097245
-0.095579
-0.098829
-0.096197
-0.095472
-0.096811
-0.096249
-0.101625
-0.096261
-0.090142
-0.099162
-0.088628
-0.084615
-0.099415
-0.099713
-0.098740
-0.092012
-0.098255
-0.093794
-0.091178
-0.101111
-0.099165
-0.098060
-0.100837
-0.101866
-0.102551
-0.101913
-0.101141
-0.102234
-0.102733
-0.103112
-0.102226
-0.100664
-0.101548
-0.103425
-0.101585
-0.102458
-0.101770
-0.101400
-0.099761
-0.099991
-0.101396
-0.100285
-0.099972
-0.101743
-0.101721
-0.100912
-0.102524
-0.102735
-0.102175
-0.103080
-0.102912
-0.103216
-0.103412
-0.103276
-0.060591
0.355005
0.558423
0.379291
0.193593
0.079186
-0.045308
-0.039903
-0.057083
-0.077859
-0.074162
-0.069675
-0.088421
-0.071601
-0.070388
-0.043539
-0.056238
-0.055546
-0.044365
-0.066918
-0.061151
-0.080339
-0.079756
-0.086883
-0.092569
-0.093459
-0.096852
-0.093047
-0.099973
-0.097186
-0.097091
-0.099518
-0.097146
-0.101205
-0.096219
-0.097849
-0.098780
-0.096594
-0.095818
-0.091806
-0.096412
-0.090995
-0.093203
-0.094360
-0.094844
-0.099211
-0.098405
-0.100526
-0.098956
-0.100171
-0.102569
-0.101474
-0.100427
-0.099698
-0.097646
-0.097286
-0.098329
-0.098727
-0.102302
-0.102202
-0.101397
-0.099604
-0.099691
-0.099447
-0.100479
-0.103507
-0.101698
-0.101917
-0.102120
-0.102743
-0.102915
-0.102616
-0.101583
-0.101522
-0.100673
-0.101350
-0.102023
-0.100386
-0.101355
-0.101582
-0.102264
-0.101567
-0.101988
-0.103806
-0.102298
-0.103430
-0.102407
-0.102651
-0.103228
-0.103479
-0.103710
-0.103333
-0.103221
-0.103961
-0.103713
-0.102803
-0.102716
-0.101903
-0.101293
-0.101892
-2.696229
0.123062
-2.293709
-3.058901
-0.103991
-0.103993
0.201213
0.240410
0.778093
-0.200728
-0.103989
-0.103994
0.057496
0.118345
0.516390
-0.223829
-0.103989
-0.103992
-0.221653
1.477259
2.228527
-2.913607
-0.103991
-0.103993
-0.078864
0.635487
0.947291
-1.275611
-0.103991
-0.103994
-0.037488
2.340477
3.397903
-2.940774
-0.103990
-0.103995
5.972377
0.581443
6.808189
4.692418
-0.103992
-0.103993
2.486274
0.007363
-0.000965
-0.066284
-0.069000
-0.090712
-0.099251
-0.099543
-0.102041
-0.103002
-0.101771
-0.102135
-0.101866
-0.102991
-0.103058
-0.102006
-0.102848
-0.103462
-0.102634
-0.103083
-0.102847
-0.103295
-0.103260
-0.103732
-0.103461
-0.101573
-0.100629
-0.101043
-0.097256
-0.101052
-0.102451
-0.101153
-0.101332
-0.102248
-0.101249
-0.102871
-0.102962
-0.102919
-0.103150
-0.103483
-0.103525
-0.103529
-0.103526
-0.103515
-0.103497
-0.103451
-0.103474
-0.103621
-0.103667
-0.103829
-0.103755
-0.103581
-0.103483
-0.103475
-0.103422
-0.103692
-0.103357
-0.103404
-0.102340
-0.103063
-0.103221
-0.102974
-0.103903
-0.103598
-0.103325
-0.103481
-0.103407
-0.103432
-0.103504
-0.103668
-0.103680
-0.103698
-0.103689
-0.103607
-0.103548
-0.103588
-0.103557
-0.103628
-0.103740
-0.103682
-0.103778
-0.103692
-0.103716
-0.103530
-0.103527
-0.103851
-0.103656
-0.103649
-0.103437
-0.103539
-0.103572
-0.103389
-0.103743
-0.103579
-0.103527
-0.103560
-0.103500
-0.103567
-0.103642
-0.103727
0.199802
0.124265
-0.023762
-0.088575
-0.090480
-0.093736
-0.098878
-0.102950
-0.103023
-0.102355
-0.103293
-0.102262
-0.103210
-0.102523
-0.103747
-0.103938
-0.103490
-0.103133
-0.103739
-0.103039
-0.103677
-0.103414
-0.103500
-0.103277
-0.103157
-0.102274
-0.101875
-0.103664
-0.098674
-0.099280
-0.102593
-0.098689
-0.101804
-0.102620
-0.103227
-0.103283
-0.103404
-0.103874
-0.103921
-0.103868
-0.103843
-0.103779
-0.103855
-0.103712
-0.103925
-0.103932
-0.103822
-0.103909
-0.103956
-0.103849
-0.103954
-0.103878
-0.103860
-0.103760
-0.103843
-0.103596
-0.103450
-0.103807
-0.102590
-0.103242
-0.103387
-0.102736
-0.103698
-0.103557
-0.103790
-0.103884
-0.103793
-0.103876
-0.103892
-0.103951
-0.103887
-0.103923
-0.103959
-0.103875
-0.103917
-0.103950
-0.103896
-0.103869
-0.103944
-0.103831
-0.103794
-0.103928
-0.103678
-0.103840
-0.103864
-0.103759
-0.103752
-0.103823
-0.103331
-0.103845
-0.103628
-0.103517
-0.103913
-0.103762
-0.103883
-0.103959
-0.103877
-0.103893
-0.103917
-0.103927
0.056359
0.029502
-0.028354
-0.074229
-0.092168
-0.097689
-0.099409
-0.100501
-0.102341
-0.101601
-0.103214
-0.102691
-0.103686
-0.103670
-0.103154
-0.102948
-0.103347
-0.103458
-0.103348
-0.103721
-0.103590
-0.103562
-0.103896
-0.103598
-0.103372
-0.102816
-0.102412
-0.100913
-0.100154
-0.100847
-0.102867
-0.101131
-0.100784
-0.102588
-0.103150
-0.103526
-0.103443
-0.103413
-0.103609
-0.103497
-0.103745
-0.103644
-0.103794
-0.103837
-0.103703
-0.103677
-0.103754
-0.103735
-0.103719
-0.103844
-0.103791
-0.103885
-0.103828
-0.103843
-0.103903
-0.103665
-0.103662
-0.103135
-0.103253
-0.103309
-0.103426
-0.103361
-0.103240
-0.103696
-0.103720
-0.103873
-0.103843
-0.103803
-0.103853
-0.103812
-0.103891
-0.103843
-0.103866
-0.103866
-0.103818
-0.103810
-0.103844
-0.103814
-0.103928
-0.103748
-0.103809
-0.103891
-0.103836
-0.103675
-0.103966
-0.103815
-0.103903
-0.103506
-0.103764
-0.103770
-0.103660
-0.103653
-0.103782
-0.103818
-0.103831
-0.103862
-0.103878
-0.103893
-0.103921
-0.103919
0.018669
0.941916
0.232935
-0.063569
0.041108
-0.055191
-0.063027
-0.066056
-0.071946
-0.075537
-0.078227
-0.079683
-0.081192
-0.082922
-0.084895
-0.086751
-0.088408
-0.089388
-0.089815
-0.089926
-0.090021
-0.090262
-0.091013
-0.091686
-0.095015
-0.095522
-0.082518
-0.093570
-0.077293
-0.089356
-0.099772
-0.072397
-0.091446
-0.093006
-0.093924
-0.097533
-0.097159
-0.097676
-0.097707
-0.097464
-0.097204
-0.097095
-0.097237
-0.097590
-0.098051
-0.098449
-0.098660
-0.098564
-0.098441
-0.098448
-0.098120
-0.098438
-0.099067
-0.099097
-0.100116
-0.099642
-0.097815
-0.099082
-0.093409
-0.099579
-0.100080
-0.092534
-0.096737
-0.096472
-0.098706
-0.099390
-0.099286
-0.099434
-0.099310
-0.099134
-0.099024
-0.099044
-0.099223
-0.099473
-0.099692
-0.099851
-0.099795
-0.099229
-0.099372
-0.099710
-0.099680
-0.099387
-0.099893
-0.100581
-0.100390
-0.099531
-0.100225
-0.100996
-0.097756
-0.099150
-0.100307
-0.097635
-0.098300
-0.098095
-0.099514
-0.099862
-0.099804
-0.099750
-0.099554
-0.099375
-0.084471
0.413635
-0.028618
-0.093291
-0.081531
-0.089860
-0.095325
-0.096035
-0.097362
-0.098650
-0.099462
-0.100227
-0.100899
-0.100963
-0.101048
-0.101007
-0.101030
-0.101139
-0.101591
-0.102031
-0.102522
-0.102834
-0.102761
-0.102652
-0.102251
-0.102351
-0.101292
-0.101636
-0.101530
-0.089989
-0.098389
-0.095465
-0.100832
-0.103748
-0.102108
-0.101736
-0.101882
-0.101864
-0.102055
-0.102332
-0.102575
-0.102734
-0.102762
-0.102666
-0.102555
-0.102493
-0.102504
-0.102598
-0.102781
-0.102999
-0.103080
-0.103023
-0.102806
-0.102827
-0.102653
-0.102787
-0.103178
-0.103472
-0.103282
-0.100600
-0.101168
-0.103131
-0.103438
-0.103304
-0.103007
-0.102810
-0.102808
-0.102831
-0.102932
-0.103059
-0.103155
-0.103181
-0.103121
-0.103034
-0.102955
-0.102916
-0.102917
-0.102961
-0.103092
-0.103326
-0.102960
-0.103222
-0.102927
-0.103141
-0.102914
-0.102860
-0.103119
-0.103496
-0.103136
-0.102696
-0.102278
-0.103647
-0.103253
-0.103107
-0.103052
-0.103004
-0.103023
-0.103081
-0.103179
-0.103276
-0.023283
1.611114
0.019302
0.062581
-0.044289
-0.095530
-0.090926
-0.093982
-0.096947
-0.097775
-0.096895
-0.095832
-0.095704
-0.096045
-0.097169
-0.098782
-0.100274
-0.101003
-0.100419
-0.099161
-0.098143
-0.097948
-0.098182
-0.098877
-0.100437
-0.102130
-0.097946
-0.089050
-0.095523
-0.067145
-0.096759
-0.067068
-0.090063
-0.093484
-0.098626
-0.101753
-0.102652
-0.103701
-0.103063
-0.102216
-0.101669
-0.101399
-0.101482
-0.101814
-0.102386
-0.103035
-0.103372
-0.102925
-0.102281
-0.101996
-0.101595
-0.101824
-0.102520
-0.102502
-0.103211
-0.103313
-0.101968
-0.100661
-0.098735
-0.097685
-0.101496
-0.095361
-0.098295
-0.100196
-0.102013
-0.102820
-0.103357
-0.103191
-0.102694
-0.102296
-0.102106
-0.102118
-0.102357
-0.102720
-0.103154
-0.103404
-0.103180
-0.102534
-0.101864
-0.102152
-0.102352
-0.102085
-0.102977
-0.103329
-0.102955
-0.103278
-0.102505
-0.102995
-0.100983
-0.101353
-0.102517
-0.100372
-0.100539
-0.101657
-0.102738
-0.103196
-0.103323
-0.102965
-0.102543
-0.102235
