-2.135711
1.795735
0.204587
-9.981141
-0.101260
-0.101247
-0.053238
1.284190
4.719730
-4.672519
-0.101253
-0.101247
2.173895
1.519769
6.019136
-4.935894
-0.101260
-0.101240
-0.406518
2.105403
5.411049
-6.435345
-0.101257
-0.101253
-0.060377
5.201101
10.460958
-9.419494
-0.101256
-0.101257
-0.036579
1.245550
2.962252
-3.007708
-0.101256
-0.101255
8.721455
-0.100339
8.723201
8.719817
-0.101255
-0.101258
8.310068
3.227928
14.420227
3.862602
-0.101255
-0.101258
1.928513
0.546817
0.336149
0.455187
0.318294
0.063558
0.336991
0.225657
0.138110
0.047797
0.080421
0.138280
-0.084523
0.057486
0.054936
-0.087548
0.021571
0.043171
-0.016503
-0.009829
0.052673
-0.028494
-0.053269
-0.001363
-0.019035
-0.065504
-0.002996
-0.034534
-0.051478
-0.049783
-0.033370
-0.043288
-0.069383
-0.038251
-0.063831
-0.092829
-0.053943
-0.053608
-0.087575
-0.062257
-0.065539
-0.086123
-0.085727
-0.073103
-0.085243
-0.086496
-0.071409
-0.093257
-0.083777
-0.083664
-0.081357
-0.086331
-0.089170
-0.082412
-0.091175
-0.097514
-0.096759
-0.100888
-0.096966
-0.094670
-0.093071
-0.097168
-0.092843
-0.086091
-0.091758
-0.092047
-0.096133
-0.088497
-0.092524
-0.095526
-0.088764
-0.094339
-0.096323
-0.090677
-0.092278
-0.097667
-0.089920
-0.089551
-0.099522
-0.092728
-0.093221
-0.097230
-0.094250
-0.090242
-0.094866
-0.093964
-0.094243
-0.094176
-0.096775
-0.094543
-0.093202
-0.096909
-0.095109
-0.094600
-0.099886
-0.095272
-0.094050
-0.097355
-0.097665
-0.096992
-0.053888
0.198187
0.241249
0.120001
-0.012433
-0.028370
-0.062818
0.010983
0.113887
0.109540
0.212030
0.186691
0.134375
0.230718
0.157160
0.096051
0.098535
0.001883
-0.024281
-0.042815
-0.084450
-0.082357
-0.050515
-0.044835
-0.036536
-0.013155
-0.029597
-0.020960
-0.034626
-0.037227
-0.038620
-0.044500
-0.039929
-0.063866
-0.065011
-0.077486
-0.092024
-0.090461
-0.084102
-0.089026
-0.072527
-0.062553
-0.067117
-0.054697
-0.055138
-0.071808
-0.062720
-0.073516
-0.081606
-0.084153
-0.095626
-0.097446
-0.099592
-0.097379
-0.097482
-0.096455
-0.097760
-0.098301
-0.099971
-0.097643
-0.098151
-0.098656
-0.100573
-0.099507
-0.098836
-0.096624
-0.092206
-0.086997
-0.090117
-0.084507
-0.082672
-0.085532
-0.084356
-0.086884
-0.091541
-0.091446
-0.096767
-0.098316
-0.098195
-0.097852
-0.097374
-0.094328
-0.093646
-0.093669
-0.092792
-0.094476
-0.093064
-0.093410
-0.093297
-0.093499
-0.095552
-0.095619
-0.097419
-0.099017
-0.097347
-0.098037
-0.098258
-0.097484
-0.100015
-0.099073
2.173013
0.215094
0.243376
-0.014006
0.354878
0.370859
0.192324
0.185746
0.207238
0.210796
0.049413
-0.021582
0.073825
0.020318
-0.054121
0.028585
0.021130
-0.024517
0.050182
0.034543
-0.019887
0.045515
0.014005
-0.036739
0.025852
-0.027578
-0.023090
-0.002935
-0.046460
-0.030830
-0.017853
-0.058252
-0.032346
-0.032579
-0.070852
-0.033761
-0.052922
-0.070569
-0.047257
-0.064418
-0.077788
-0.067585
-0.079011
-0.088826
-0.072264
-0.083841
-0.093910
-0.075880
-0.077026
-0.086501
-0.084493
-0.082114
-0.079241
-0.088708
-0.096101
-0.093142
-0.098802
-0.099766
-0.100824
-0.098308
-0.098554
-0.089993
-0.091630
-0.092465
-0.087835
-0.085920
-0.087384
-0.096552
-0.091063
-0.087549
-0.096047
-0.093432
-0.089052
-0.094960
-0.092426
-0.086994
-0.093441
-0.090288
-0.085750
-0.092533
-0.092249
-0.088463
-0.095270
-0.090356
-0.091059
-0.094565
-0.090090
-0.092093
-0.093724
-0.089969
-0.092570
-0.094101
-0.091769
-0.097081
-0.097090
-0.094051
-0.098997
-0.095291
-0.096543
-0.098714
0.201964
0.620872
0.662950
0.120957
0.388430
0.525726
0.194566
0.212678
0.338027
0.142688
0.195984
0.139479
-0.040028
0.043089
0.017418
-0.090041
-0.078914
-0.063483
-0.059606
-0.091479
-0.065012
-0.073573
-0.097552
-0.088230
-0.077128
-0.087021
-0.088230
-0.086930
-0.092435
-0.094907
-0.093347
-0.092112
-0.088681
-0.089633
-0.099254
-0.095415
-0.089312
-0.094557
-0.096552
-0.091453
-0.097481
-0.098252
-0.094142
-0.084143
-0.090811
-0.092353
-0.079610
-0.084828
-0.083536
-0.080915
-0.090701
-0.087838
-0.088940
-0.095970
-0.094958
-0.096478
-0.099242
-0.100379
-0.099172
-0.098265
-0.099200
-0.095181
-0.094423
-0.096821
-0.093017
-0.092424
-0.094186
-0.090270
-0.095270
-0.096394
-0.093759
-0.097765
-0.099550
-0.097401
-0.098160
-0.100438
-0.099033
-0.098661
-0.100654
-0.099744
-0.100484
-0.100266
-0.100683
-0.100124
-0.099977
-0.100555
-0.100936
-0.100407
-0.099760
-0.098363
-0.099368
-0.099316
-0.097568
-0.098457
-0.098329
-0.097097
-0.099679
-0.098003
-0.098567
-0.100251
-0.058644
1.864293
2.632692
0.940200
0.658391
0.746460
0.064263
0.156892
0.177777
0.105109
0.037648
-0.044111
-0.008194
-0.017332
-0.054670
-0.059003
-0.048339
-0.057142
-0.085599
-0.088421
-0.085334
-0.080113
-0.083521
-0.094942
-0.071145
-0.078470
-0.087495
-0.075888
-0.090067
-0.081632
-0.079962
-0.095895
-0.085842
-0.091210
-0.095163
-0.091691
-0.095266
-0.098188
-0.097860
-0.094824
-0.094440
-0.094785
-0.099259
-0.094720
-0.092795
-0.096695
-0.092406
-0.090019
-0.092227
-0.094438
-0.098439
-0.092364
-0.085415
-0.098066
-0.082157
-0.082449
-0.098140
-0.096231
-0.092502
-0.087877
-0.099134
-0.086539
-0.091171
-0.098641
-0.094420
-0.096349
-0.098409
-0.099342
-0.099030
-0.097393
-0.098505
-0.100126
-0.099154
-0.099475
-0.100778
-0.099743
-0.100313
-0.099897
-0.100445
-0.100505
-0.098847
-0.100587
-0.098899
-0.098557
-0.100378
-0.099203
-0.098246
-0.098217
-0.098989
-0.096607
-0.099487
-0.099117
-0.099221
-0.100162
-0.100275
-0.100221
-0.098961
-0.099110
-0.100455
-0.100545
-0.036406
0.285453
0.569830
0.376513
0.120316
-0.039654
-0.068545
-0.092676
-0.075689
-0.068415
-0.072313
-0.088187
-0.086346
-0.062753
-0.067005
-0.035540
-0.052783
-0.046069
-0.064198
-0.073858
-0.085528
-0.095620
-0.096140
-0.088464
-0.089380
-0.086434
-0.085364
-0.093535
-0.087672
-0.089500
-0.092314
-0.090929
-0.095418
-0.091230
-0.094070
-0.099820
-0.100347
-0.096689
-0.097182
-0.091597
-0.089638
-0.090665
-0.092297
-0.095170
-0.093820
-0.098910
-0.098352
-0.098116
-0.097938
-0.098684
-0.098796
-0.097791
-0.096070
-0.094536
-0.094457
-0.097129
-0.099924
-0.100302
-0.098853
-0.096646
-0.096594
-0.098268
-0.100212
-0.099941
-0.099733
-0.100803
-0.100397
-0.100495
-0.100482
-0.099570
-0.099324
-0.098779
-0.097473
-0.098865
-0.098263
-0.099224
-0.099085
-0.100231
-0.100747
-0.100863
-0.100022
-0.100976
-0.099588
-0.099478
-0.100894
-0.099800
-0.100358
-0.099681
-0.100193
-0.099851
-0.099375
-0.100290
-0.100732
-0.100666
-0.100894
-0.100594
-0.099348
-0.099948
-0.100203
-0.100860
-2.699442
0.149664
-2.237353
-3.170827
-0.101256
-0.101257
0.218870
0.338200
0.969489
-0.241432
-0.101255
-0.101259
0.048214
0.076477
0.341166
-0.241362
-0.101256
-0.101258
-0.106056
1.684290
2.501769
-3.508244
-0.101256
-0.101258
-0.041256
0.610632
1.018139
-1.327770
-0.101256
-0.101258
-0.093855
2.516029
3.768288
-3.126157
-0.101255
-0.101259
5.615165
0.522422
6.545969
4.466742
-0.101256
-0.101258
2.495029
0.018747
0.019328
-0.066099
-0.065294
-0.097160
-0.096518
-0.098525
-0.099958
-0.100530
-0.100226
-0.100614
-0.098775
-0.099724
-0.099268
-0.098929
-0.100558
-0.099436
-0.100225
-0.099822
-0.099773
-0.100259
-0.100290
-0.099644
-0.098340
-0.099123
-0.098636
-0.094375
-0.098126
-0.099111
-0.098083
-0.097517
-0.099236
-0.097971
-0.100220
-0.100436
-0.101144
-0.100988
-0.100931
-0.100933
-0.100916
-0.101061
-0.101138
-0.101118
-0.100885
-0.101075
-0.101060
-0.101189
-0.101035
-0.100884
-0.100858
-0.100961
-0.100781
-0.100310
-0.101072
-0.100543
-0.099959
-0.100620
-0.100337
-0.100227
-0.100817
-0.100824
-0.100501
-0.100820
-0.100864
-0.101051
-0.101152
-0.101135
-0.101079
-0.101028
-0.101072
-0.101158
-0.101167
-0.101208
-0.101140
-0.101168
-0.101158
-0.101201
-0.101219
-0.101133
-0.101139
-0.100923
-0.100792
-0.100805
-0.100663
-0.100894
-0.101107
-0.100600
-0.100607
-0.101065
-0.100950
-0.101089
-0.101121
-0.101060
-0.101076
-0.101123
-0.101193
-0.101155
-0.101139
-0.101078
0.216821
0.198656
-0.027322
-0.076015
-0.093484
-0.087154
-0.098802
-0.099896
-0.100091
-0.100122
-0.099300
-0.099614
-0.099567
-0.100740
-0.100678
-0.101197
-0.100596
-0.100203
-0.100771
-0.100534
-0.100734
-0.100742
-0.100660
-0.099876
-0.099231
-0.099425
-0.100143
-0.094756
-0.095008
-0.097557
-0.094892
-0.100139
-0.099753
-0.100519
-0.100141
-0.100909
-0.101002
-0.101046
-0.101053
-0.100948
-0.100824
-0.100951
-0.100998
-0.100980
-0.101101
-0.100965
-0.101006
-0.101041
-0.101094
-0.101073
-0.101064
-0.101048
-0.100749
-0.101058
-0.100793
-0.100911
-0.099354
-0.100476
-0.099605
-0.100183
-0.101082
-0.100913
-0.100948
-0.100988
-0.101066
-0.101081
-0.101097
-0.101088
-0.101112
-0.101057
-0.101142
-0.101091
-0.101082
-0.101118
-0.101034
-0.101094
-0.101092
-0.101114
-0.101107
-0.101096
-0.101041
-0.101074
-0.101064
-0.101120
-0.100657
-0.100275
-0.100846
-0.100254
-0.101056
-0.101090
-0.101186
-0.100974
-0.101103
-0.101112
-0.101113
-0.101111
-0.101093
-0.101079
-0.101122
-0.101151
0.047234
0.014272
-0.057452
-0.083307
-0.091852
-0.095648
-0.099357
-0.099357
-0.098738
-0.098022
-0.098319
-0.099989
-0.098544
-0.099958
-0.099905
-0.100120
-0.100060
-0.098857
-0.100010
-0.100028
-0.099909
-0.100468
-0.100187
-0.100240
-0.099887
-0.100728
-0.098944
-0.099317
-0.097989
-0.099420
-0.099520
-0.099210
-0.100668
-0.100457
-0.100489
-0.100620
-0.100869
-0.100729
-0.100847
-0.100740
-0.100676
-0.100811
-0.100883
-0.100856
-0.100965
-0.100904
-0.100768
-0.100713
-0.100738
-0.100812
-0.100997
-0.101000
-0.100915
-0.100749
-0.100877
-0.100778
-0.100745
-0.100438
-0.100393
-0.101152
-0.100575
-0.100983
-0.101000
-0.100984
-0.100898
-0.100896
-0.100849
-0.100921
-0.101014
-0.100917
-0.100988
-0.100963
-0.100955
-0.100968
-0.100925
-0.101039
-0.100978
-0.100934
-0.100959
-0.100941
-0.100973
-0.100977
-0.101111
-0.100961
-0.101117
-0.100861
-0.100853
-0.100842
-0.101108
-0.100881
-0.100869
-0.100947
-0.101011
-0.101044
-0.100982
-0.100949
-0.100932
-0.100936
-0.100970
-0.101007
-0.089068
0.985292
0.505550
0.091009
-0.075097
-0.077064
-0.085720
-0.091251
-0.093800
-0.095046
-0.095903
-0.095919
-0.095882
-0.096109
-0.096441
-0.096795
-0.096998
-0.096973
-0.096788
-0.096485
-0.095950
-0.095487
-0.095123
-0.092830
-0.094233
-0.085975
-0.097481
-0.066807
-0.079406
-0.094229
-0.073940
-0.083357
-0.083662
-0.095202
-0.098565
-0.099389
-0.100157
-0.100299
-0.100389
-0.100428
-0.100576
-0.100743
-0.100862
-0.100959
-0.101007
-0.101021
-0.100967
-0.100827
-0.100634
-0.100366
-0.100081
-0.099897
-0.098850
-0.099427
-0.096778
-0.096141
-0.094980
-0.097543
-0.097287
-0.094847
-0.099341
-0.097266
-0.098616
-0.099838
-0.100122
-0.100468
-0.100631
-0.100711
-0.100721
-0.100747
-0.100804
-0.100878
-0.100973
-0.101061
-0.101132
-0.101150
-0.101138
-0.101144
-0.101133
-0.101073
-0.101086
-0.100317
-0.099812
-0.099694
-0.096702
-0.099283
-0.099732
-0.097234
-0.099158
-0.099980
-0.100556
-0.100249
-0.100640
-0.100688
-0.100808
-0.100899
-0.100965
-0.100976
-0.100954
-0.100934
-0.047366
0.349151
0.126597
-0.080082
-0.094674
-0.094574
-0.099843
-0.100925
-0.100242
-0.099678
-0.099448
-0.099727
-0.100188
-0.100792
-0.100867
-0.100468
-0.100073
-0.099945
-0.100223
-0.100580
-0.100612
-0.100276
-0.099758
-0.099462
-0.099873
-0.099491
-0.097037
-0.093437
-0.087758
-0.093936
-0.095079
-0.092200
-0.097321
-0.100144
-0.100087
-0.100453
-0.100683
-0.100882
-0.100939
-0.100780
-0.100664
-0.100641
-0.100722
-0.100888
-0.101076
-0.101062
-0.100872
-0.100755
-0.100722
-0.100781
-0.100857
-0.100843
-0.100682
-0.100458
-0.101057
-0.099543
-0.101062
-0.098651
-0.098676
-0.099240
-0.100005
-0.100216
-0.100770
-0.100891
-0.100866
-0.100849
-0.100900
-0.101016
-0.101169
-0.101169
-0.101036
-0.100948
-0.100921
-0.100955
-0.101048
-0.101185
-0.101174
-0.101036
-0.100939
-0.100886
-0.100878
-0.100994
-0.100726
-0.100590
-0.100671
-0.100418
-0.100274
-0.100509
-0.099902
-0.100846
-0.100870
-0.100893
-0.101092
-0.101229
-0.101122
-0.101023
-0.100974
-0.100981
-0.101040
-0.101133
-0.075955
1.736114
0.108314
0.016494
-0.063421
-0.090010
-0.094374
-0.095517
-0.096731
-0.098025
-0.099620
-0.100081
-0.099236
-0.098424
-0.098026
-0.098037
-0.098595
-0.099321
-0.100038
-0.099670
-0.098672
-0.097577
-0.096824
-0.096689
-0.096689
-0.099919
-0.088624
-0.092981
-0.058450
-0.082473
-0.067467
-0.082232
-0.093496
-0.097962
-0.100399
-0.099222
-0.098619
-0.098549
-0.098899
-0.099611
-0.100477
-0.101039
-0.100352
-0.099810
-0.099534
-0.099590
-0.099897
-0.100443
-0.101005
-0.100544
-0.099847
-0.099240
-0.098764
-0.098857
-0.099580
-0.098638
-0.095642
-0.094504
-0.093789
-0.096761
-0.096019
-0.098083
-0.099409
-0.100320
-0.101007
-0.100829
-0.100432
-0.100201
-0.100176
-0.100334
-0.100625
-0.101009
-0.101095
-0.100724
-0.100460
-0.100324
-0.100353
-0.100545
-0.100859
-0.101152
-0.100717
-0.100091
-0.099728
-0.099294
-0.098506
-0.097910
-0.098766
-0.096720
-0.100605
-0.100013
-0.100200
-0.100347
-0.100372
-0.100482
-0.100667
-0.100905
-0.101173
-0.101051
-0.100833
-0.100682
