-1.125673
1.835243
2.784055
-7.581604
-0.113937
-0.113930
-0.029817
1.014352
4.242043
-3.197540
-0.113931
-0.113925
2.557111
1.456032
7.747225
-3.457277
-0.113936
-0.113921
-0.363145
1.868172
5.909951
-3.985034
-0.113932
-0.113932
0.023096
5.456713
10.380855
-9.411139
-0.113934
-0.113935
-0.155316
1.512919
3.181405
-3.547777
-0.113934
-0.113934
9.982315
-0.113358
9.983027
9.981142
-0.113935
-0.113936
7.714387
3.320944
13.460202
2.724330
-0.113933
-0.113937
0.892178
0.659547
0.422089
0.442831
0.203287
0.039900
0.297175
0.105070
0.099800
0.013402
0.059576
0.075463
-0.075583
0.103268
0.010323
-0.019980
0.053677
-0.052158
-0.013250
-0.004542
-0.080663
0.001796
-0.028495
-0.044656
0.027789
-0.047927
-0.008379
-0.006866
-0.076796
-0.043278
-0.056601
-0.099410
-0.067325
-0.064722
-0.094202
-0.067206
-0.094080
-0.081030
-0.074877
-0.112745
-0.076992
-0.088478
-0.105097
-0.087652
-0.104163
-0.096775
-0.103100
-0.092877
-0.100147
-0.107572
-0.096840
-0.103727
-0.110658
-0.112513
-0.106810
-0.111219
-0.108182
-0.102362
-0.106584
-0.105582
-0.100705
-0.105961
-0.106798
-0.106692
-0.101546
-0.108275
-0.101680
-0.100626
-0.113360
-0.100556
-0.102768
-0.110146
-0.100309
-0.107562
-0.102761
-0.098903
-0.111627
-0.096595
-0.104611
-0.106854
-0.101333
-0.108451
-0.110992
-0.104179
-0.106182
-0.110272
-0.102193
-0.108749
-0.106925
-0.105601
-0.112873
-0.106431
-0.110515
-0.109437
-0.106733
-0.112049
-0.112671
-0.112623
-0.113075
-0.112784
-0.030924
0.281770
0.228935
-0.032824
-0.007778
0.085531
0.001964
0.022828
0.040392
0.004446
0.106007
0.017290
0.024172
0.072705
-0.053033
0.002400
-0.029570
-0.051025
-0.000665
-0.050326
0.013123
-0.023783
-0.031449
-0.051331
-0.083680
-0.095108
-0.091488
-0.071298
-0.062745
-0.053862
-0.045362
-0.046629
-0.062939
-0.059679
-0.090790
-0.082888
-0.097994
-0.091864
-0.085522
-0.105881
-0.085721
-0.097504
-0.108079
-0.097926
-0.110161
-0.104696
-0.112815
-0.100341
-0.105360
-0.111421
-0.106008
-0.107723
-0.110410
-0.107700
-0.105037
-0.106901
-0.108385
-0.107522
-0.105189
-0.109015
-0.104699
-0.103344
-0.106621
-0.100585
-0.105309
-0.107121
-0.102481
-0.110985
-0.107647
-0.107500
-0.109073
-0.105086
-0.109288
-0.105700
-0.109488
-0.110505
-0.111158
-0.110405
-0.107361
-0.106288
-0.104926
-0.104301
-0.104897
-0.103359
-0.105572
-0.108010
-0.107442
-0.112133
-0.110995
-0.110879
-0.110982
-0.110246
-0.112834
-0.111686
-0.111189
-0.112319
-0.113055
-0.110054
-0.111661
-0.113326
2.554762
0.268707
0.321258
-0.003299
0.388455
0.411543
0.120097
0.149917
0.167550
0.089241
-0.089183
0.000550
-0.007487
-0.052958
-0.056485
-0.017783
-0.061039
-0.060225
-0.005395
-0.057024
-0.070211
-0.015048
-0.060964
-0.074025
-0.037017
-0.082316
-0.070229
-0.056497
-0.105581
-0.068570
-0.066424
-0.108337
-0.067821
-0.073681
-0.108738
-0.078127
-0.088084
-0.106641
-0.095281
-0.097374
-0.100757
-0.099626
-0.095480
-0.108555
-0.101557
-0.097279
-0.096446
-0.103962
-0.101066
-0.094749
-0.103187
-0.111057
-0.107561
-0.111445
-0.111077
-0.108832
-0.108835
-0.105660
-0.098558
-0.104873
-0.107527
-0.104812
-0.105240
-0.110302
-0.111127
-0.108595
-0.106460
-0.110036
-0.107816
-0.106596
-0.110772
-0.107556
-0.105537
-0.111325
-0.106178
-0.103986
-0.112688
-0.104826
-0.106967
-0.111322
-0.106380
-0.109426
-0.111277
-0.107033
-0.109512
-0.109713
-0.106932
-0.111751
-0.108516
-0.108069
-0.112497
-0.110053
-0.110891
-0.111217
-0.112092
-0.111244
-0.111298
-0.111243
-0.111285
-0.110637
0.135123
0.452226
0.672255
0.160539
0.361359
0.330707
-0.019793
0.248522
0.240978
0.065978
0.215441
0.094110
-0.041666
0.056413
-0.013125
-0.076711
-0.051033
-0.029116
-0.104097
-0.065132
-0.092812
-0.092447
-0.108999
-0.105954
-0.108641
-0.106704
-0.105146
-0.103633
-0.104086
-0.104110
-0.098752
-0.106765
-0.103839
-0.104236
-0.105375
-0.102801
-0.106691
-0.097967
-0.094621
-0.103106
-0.083138
-0.092599
-0.096166
-0.086451
-0.097414
-0.103163
-0.099095
-0.108070
-0.109006
-0.102256
-0.108639
-0.109893
-0.110190
-0.111339
-0.110851
-0.109408
-0.109625
-0.109483
-0.105664
-0.107500
-0.106964
-0.103422
-0.109665
-0.106928
-0.107042
-0.111985
-0.111964
-0.107072
-0.108969
-0.111261
-0.107354
-0.111943
-0.110153
-0.111866
-0.112472
-0.111583
-0.113365
-0.112491
-0.112095
-0.112371
-0.111845
-0.111812
-0.111301
-0.111322
-0.111964
-0.112072
-0.111302
-0.112869
-0.111600
-0.111037
-0.112282
-0.110789
-0.113472
-0.109853
-0.111277
-0.113300
-0.110780
-0.113441
-0.112748
-0.112955
0.024868
1.934042
2.839942
0.825947
0.817948
0.629938
-0.087145
0.129302
0.129084
0.055188
-0.035312
0.019179
-0.010263
-0.050983
-0.047425
-0.030878
-0.103875
-0.049146
-0.061946
-0.094425
-0.077565
-0.082240
-0.107119
-0.087960
-0.090726
-0.093815
-0.088997
-0.101379
-0.092848
-0.110349
-0.096585
-0.103543
-0.105455
-0.097910
-0.108538
-0.105598
-0.103268
-0.108729
-0.106414
-0.103752
-0.104245
-0.105123
-0.103334
-0.108611
-0.108658
-0.105636
-0.100715
-0.106589
-0.097265
-0.096961
-0.110062
-0.100399
-0.103070
-0.101324
-0.110114
-0.091586
-0.103669
-0.107500
-0.104781
-0.109802
-0.110436
-0.107967
-0.107087
-0.111780
-0.112121
-0.109935
-0.111438
-0.113689
-0.109941
-0.111981
-0.111987
-0.111289
-0.113143
-0.112034
-0.112686
-0.112105
-0.112443
-0.112612
-0.112799
-0.111785
-0.113515
-0.111741
-0.112948
-0.113445
-0.110984
-0.112657
-0.112897
-0.111762
-0.112246
-0.112880
-0.112939
-0.111076
-0.109287
-0.112581
-0.109679
-0.110101
-0.113524
-0.112912
-0.109951
-0.109741
-0.072384
0.389973
0.691208
0.361379
0.116457
0.147897
0.056606
-0.002385
-0.088446
-0.035542
-0.053672
-0.058904
-0.058731
-0.074597
-0.069545
-0.079182
-0.084104
-0.081499
-0.098850
-0.092668
-0.102673
-0.096599
-0.107425
-0.102625
-0.111189
-0.110382
-0.108732
-0.111372
-0.109977
-0.112358
-0.106107
-0.108080
-0.108900
-0.107511
-0.109711
-0.110087
-0.110928
-0.108660
-0.110612
-0.107936
-0.107091
-0.107455
-0.106730
-0.109936
-0.106631
-0.112067
-0.110960
-0.109031
-0.106006
-0.107004
-0.108159
-0.107532
-0.110767
-0.112492
-0.113363
-0.109958
-0.108638
-0.110988
-0.111111
-0.108830
-0.110028
-0.112161
-0.111749
-0.111733
-0.111843
-0.111930
-0.111780
-0.111627
-0.111903
-0.112437
-0.111796
-0.113809
-0.112670
-0.113410
-0.113244
-0.113397
-0.113054
-0.113499
-0.113740
-0.113204
-0.113705
-0.112961
-0.113090
-0.113444
-0.112863
-0.113462
-0.113574
-0.112628
-0.113359
-0.113884
-0.112821
-0.113459
-0.113740
-0.112191
-0.113391
-0.113413
-0.112492
-0.112755
-0.112893
-0.112333
-2.500105
0.274280
-1.810905
-3.106759
-0.113933
-0.113937
0.768353
0.423591
1.586746
0.088828
-0.113933
-0.113937
-0.116073
0.117809
0.226339
-0.477147
-0.113933
-0.113937
-0.320822
2.231615
2.799104
-4.385291
-0.113934
-0.113937
-0.039021
0.468494
1.008039
-0.916398
-0.113933
-0.113937
-0.157822
2.336235
3.591060
-3.062747
-0.113933
-0.113937
5.878776
0.964652
7.777367
4.168911
-0.113933
-0.113936
2.271091
-0.027597
0.141986
-0.086760
-0.084410
-0.107972
-0.108957
-0.111793
-0.111018
-0.112435
-0.111708
-0.112816
-0.112441
-0.112321
-0.113217
-0.113049
-0.112931
-0.111527
-0.112447
-0.112872
-0.111768
-0.111582
-0.111847
-0.110340
-0.110656
-0.099710
-0.111746
-0.113481
-0.110528
-0.102977
-0.111291
-0.110974
-0.113581
-0.113575
-0.113204
-0.113470
-0.113571
-0.113320
-0.113107
-0.113105
-0.113532
-0.113469
-0.113324
-0.113378
-0.113716
-0.113678
-0.113254
-0.113322
-0.113453
-0.113560
-0.113096
-0.112126
-0.110857
-0.112461
-0.112842
-0.113237
-0.111016
-0.112681
-0.112816
-0.113271
-0.113001
-0.113067
-0.113261
-0.113194
-0.113285
-0.113114
-0.113315
-0.113303
-0.113083
-0.113313
-0.113309
-0.113258
-0.113092
-0.113204
-0.113394
-0.113236
-0.113187
-0.112804
-0.113524
-0.112327
-0.112943
-0.113130
-0.112756
-0.113477
-0.113635
-0.113600
-0.113334
-0.113228
-0.113275
-0.113208
-0.113204
-0.113166
-0.113571
-0.113537
-0.113461
-0.113185
-0.113255
-0.113151
-0.113044
-0.113175
0.765913
0.260583
-0.061655
-0.093518
-0.091842
-0.101567
-0.112437
-0.111463
-0.112173
-0.112358
-0.111482
-0.113386
-0.112951
-0.112311
-0.112294
-0.112747
-0.112654
-0.113476
-0.113581
-0.113481
-0.113370
-0.113567
-0.111438
-0.110518
-0.111912
-0.111732
-0.103239
-0.112649
-0.105049
-0.111018
-0.113021
-0.112766
-0.113398
-0.113466
-0.113644
-0.113669
-0.113572
-0.113485
-0.113603
-0.113651
-0.113760
-0.113875
-0.113891
-0.113594
-0.113737
-0.113744
-0.113749
-0.113790
-0.113644
-0.113648
-0.113049
-0.113103
-0.113474
-0.111296
-0.113591
-0.111977
-0.113262
-0.113782
-0.113844
-0.113769
-0.113754
-0.113792
-0.113771
-0.113732
-0.113815
-0.113714
-0.113740
-0.113782
-0.113862
-0.113745
-0.113790
-0.113800
-0.113775
-0.113774
-0.113804
-0.113766
-0.113771
-0.113382
-0.113353
-0.113638
-0.112899
-0.113789
-0.113337
-0.113646
-0.113729
-0.113861
-0.113796
-0.113841
-0.113843
-0.113772
-0.113715
-0.113760
-0.113747
-0.113579
-0.113768
-0.113641
-0.113609
-0.113784
-0.113830
-0.113812
-0.110880
0.046468
-0.101952
-0.090120
-0.097222
-0.110934
-0.112230
-0.113203
-0.111533
-0.113453
-0.111580
-0.112620
-0.113180
-0.113393
-0.113777
-0.113247
-0.113632
-0.112785
-0.113373
-0.113726
-0.113638
-0.113363
-0.113186
-0.111577
-0.111999
-0.112597
-0.109919
-0.113694
-0.109992
-0.113153
-0.112451
-0.112515
-0.113699
-0.113638
-0.113824
-0.113515
-0.113788
-0.113471
-0.113669
-0.113796
-0.113691
-0.113736
-0.113763
-0.113880
-0.113797
-0.113824
-0.113883
-0.113786
-0.113699
-0.113760
-0.113364
-0.113593
-0.113475
-0.113102
-0.113881
-0.112983
-0.113633
-0.113563
-0.113456
-0.113706
-0.113829
-0.113829
-0.113668
-0.113788
-0.113869
-0.113820
-0.113740
-0.113748
-0.113888
-0.113818
-0.113764
-0.113736
-0.113873
-0.113831
-0.113737
-0.113706
-0.113882
-0.113702
-0.113771
-0.113835
-0.113570
-0.113756
-0.113722
-0.113806
-0.113759
-0.113692
-0.113813
-0.113892
-0.113886
-0.113830
-0.113774
-0.113798
-0.113735
-0.113889
-0.113822
-0.113744
-0.113665
-0.113840
-0.113907
-0.113841
0.111940
1.527377
0.121964
-0.009412
-0.031303
-0.091990
-0.103597
-0.104320
-0.107867
-0.105882
-0.105514
-0.108207
-0.109567
-0.107369
-0.107243
-0.109677
-0.110007
-0.107695
-0.107830
-0.110302
-0.109760
-0.105957
-0.108146
-0.103718
-0.106911
-0.109647
-0.071375
-0.103659
-0.077951
-0.101720
-0.109777
-0.110342
-0.112615
-0.113166
-0.111443
-0.110708
-0.111640
-0.112431
-0.111269
-0.110744
-0.111609
-0.112241
-0.111150
-0.110859
-0.111781
-0.112240
-0.111193
-0.111075
-0.112377
-0.112417
-0.109191
-0.108297
-0.111529
-0.103502
-0.107907
-0.107482
-0.107397
-0.108854
-0.109805
-0.110813
-0.110274
-0.110237
-0.110934
-0.110978
-0.110603
-0.110493
-0.111421
-0.111365
-0.110215
-0.110516
-0.111248
-0.111143
-0.110453
-0.110564
-0.111192
-0.110797
-0.110073
-0.109608
-0.111544
-0.110727
-0.113041
-0.113127
-0.108630
-0.109965
-0.111520
-0.111701
-0.111085
-0.111036
-0.111226
-0.111336
-0.111673
-0.111473
-0.110670
-0.110060
-0.110053
-0.111327
-0.112202
-0.111168
-0.110666
-0.111142
-0.037945
0.004540
0.277306
-0.090033
-0.102419
-0.112918
-0.112161
-0.112851
-0.112821
-0.111661
-0.112120
-0.113377
-0.112282
-0.111410
-0.111905
-0.112983
-0.112021
-0.111113
-0.111721
-0.112853
-0.111642
-0.110210
-0.110644
-0.111097
-0.108502
-0.095199
-0.109549
-0.112202
-0.112672
-0.096838
-0.110274
-0.111323
-0.113303
-0.112715
-0.112002
-0.112195
-0.112945
-0.112831
-0.112190
-0.112261
-0.112823
-0.112816
-0.112236
-0.112297
-0.112863
-0.112844
-0.112305
-0.112363
-0.113188
-0.113030
-0.112555
-0.111647
-0.108958
-0.111088
-0.112062
-0.112377
-0.108053
-0.110702
-0.112021
-0.112020
-0.111610
-0.111725
-0.112093
-0.112009
-0.111858
-0.111901
-0.112193
-0.112102
-0.111868
-0.112039
-0.112312
-0.112164
-0.111823
-0.111921
-0.112276
-0.112041
-0.111457
-0.111366
-0.112833
-0.111899
-0.112173
-0.112081
-0.112484
-0.112003
-0.112617
-0.112520
-0.112208
-0.112232
-0.112302
-0.112336
-0.112384
-0.111883
-0.112514
-0.112383
-0.112339
-0.111816
-0.112537
-0.112171
-0.111914
-0.112183
-0.088773
1.606609
0.108924
-0.031563
-0.100334
-0.103566
-0.108766
-0.110933
-0.112070
-0.111081
-0.110844
-0.111799
-0.112400
-0.111620
-0.111383
-0.111950
-0.112339
-0.111675
-0.111212
-0.111582
-0.111848
-0.110944
-0.110387
-0.110249
-0.107105
-0.100515
-0.068449
-0.102670
-0.076224
-0.100116
-0.108381
-0.110392
-0.111039
-0.111969
-0.112527
-0.112609
-0.112675
-0.112819
-0.112976
-0.112878
-0.112946
-0.112997
-0.112963
-0.112993
-0.113048
-0.112953
-0.112813
-0.112809
-0.112769
-0.112389
-0.111636
-0.113327
-0.109387
-0.104768
-0.109058
-0.106558
-0.109748
-0.112250
-0.112833
-0.112948
-0.112986
-0.113184
-0.113512
-0.113606
-0.113291
-0.113368
-0.113416
-0.113248
-0.113138
-0.113064
-0.113459
-0.113449
-0.113173
-0.113140
-0.113355
-0.113283
-0.112832
-0.112274
-0.113484
-0.111244
-0.110962
-0.111460
-0.111585
-0.111994
-0.113304
-0.113552
-0.113471
-0.113569
-0.113738
-0.113830
-0.113546
-0.113612
-0.112729
-0.112660
-0.112244
-0.113305
-0.112873
-0.113242
-0.113258
-0.113328
