-1.181511
1.797329
1.380467
-7.893577
-0.110090
-0.110082
-0.123140
0.870829
2.669137
-2.425489
-0.110085
-0.110083
2.441514
1.689685
7.722386
-5.435157
-0.110090
-0.110070
-0.365857
1.438799
4.550128
-4.647921
-0.110087
-0.110082
-0.098343
5.503386
10.792605
-9.084041
-0.110086
-0.110088
-0.075563
1.507112
3.753633
-3.050278
-0.110086
-0.110087
10.424388
-0.109088
10.425772
10.422091
-0.110087
-0.110088
7.449622
3.074041
12.744319
2.488575
-0.110086
-0.110089
0.956099
0.679591
0.475369
0.449687
0.181711
-0.002230
0.245299
0.083179
0.045841
-0.039065
0.055158
0.021630
-0.033122
0.104407
0.023609
-0.026441
0.064348
-0.053998
-0.021162
-0.063204
0.010592
-0.009547
-0.056258
0.008017
-0.066879
-0.075711
-0.061513
-0.042968
-0.095818
-0.043911
-0.048715
-0.092864
-0.069317
-0.072530
-0.062651
-0.097461
-0.049482
-0.068928
-0.091167
-0.067663
-0.088163
-0.097502
-0.088086
-0.104711
-0.096445
-0.099630
-0.093556
-0.101500
-0.106065
-0.098379
-0.096503
-0.105851
-0.108839
-0.105022
-0.104998
-0.103771
-0.098836
-0.102745
-0.103363
-0.099397
-0.107757
-0.108335
-0.106451
-0.103250
-0.106085
-0.101673
-0.100857
-0.106052
-0.102074
-0.107329
-0.098215
-0.101717
-0.101004
-0.095263
-0.106901
-0.102488
-0.102623
-0.103235
-0.109260
-0.100662
-0.101516
-0.107654
-0.102402
-0.104554
-0.105710
-0.105299
-0.099843
-0.106931
-0.101200
-0.102382
-0.109073
-0.105644
-0.106320
-0.107095
-0.106302
-0.108336
-0.108330
-0.107704
-0.108160
-0.108467
-0.096515
0.262041
0.242117
0.043589
-0.004068
0.038630
0.073206
-0.028359
-0.034723
-0.075010
0.013399
-0.035164
-0.029655
0.023590
-0.074134
-0.007734
-0.050772
-0.031597
-0.017525
-0.045216
-0.009865
-0.057593
-0.047511
-0.066713
-0.074841
-0.085460
-0.095566
-0.089201
-0.084262
-0.084546
-0.075956
-0.084396
-0.068857
-0.081723
-0.082188
-0.082665
-0.092751
-0.077393
-0.097087
-0.084839
-0.091292
-0.102869
-0.095985
-0.105391
-0.102590
-0.108566
-0.098423
-0.098931
-0.107334
-0.107631
-0.107223
-0.107763
-0.107223
-0.107084
-0.104674
-0.106310
-0.108045
-0.107957
-0.106023
-0.106349
-0.103429
-0.107545
-0.103368
-0.104054
-0.108011
-0.102297
-0.108197
-0.103911
-0.105078
-0.103296
-0.100915
-0.105034
-0.101033
-0.105190
-0.103942
-0.105583
-0.105720
-0.107023
-0.106933
-0.106919
-0.106108
-0.106443
-0.106338
-0.105969
-0.105379
-0.104709
-0.106478
-0.104080
-0.106562
-0.104832
-0.106931
-0.106601
-0.106708
-0.108930
-0.107072
-0.108788
-0.108637
-0.108869
-0.108706
-0.107462
2.440316
0.297574
0.350868
0.044672
0.494567
0.454118
0.155834
0.235128
0.238211
0.085851
0.005380
0.115050
-0.022108
0.012805
0.038806
-0.064474
-0.063499
-0.024847
-0.030828
-0.099303
-0.002816
-0.034490
-0.064139
-0.025624
-0.086148
-0.069856
-0.071928
-0.069577
-0.101272
-0.056498
-0.066707
-0.086369
-0.058209
-0.092965
-0.088128
-0.086689
-0.089867
-0.105845
-0.088115
-0.087645
-0.103558
-0.083841
-0.097214
-0.096514
-0.087556
-0.093977
-0.104825
-0.099924
-0.101453
-0.099117
-0.095088
-0.101677
-0.097163
-0.099581
-0.096428
-0.098988
-0.092253
-0.087797
-0.098721
-0.096896
-0.097166
-0.102117
-0.107011
-0.099511
-0.103079
-0.104525
-0.099820
-0.105621
-0.107434
-0.105318
-0.102668
-0.106805
-0.103086
-0.101031
-0.108509
-0.102286
-0.106321
-0.104916
-0.106947
-0.105099
-0.106636
-0.106099
-0.104248
-0.108772
-0.103862
-0.107900
-0.105812
-0.107491
-0.107305
-0.106235
-0.108518
-0.108170
-0.105537
-0.104706
-0.108117
-0.104518
-0.103932
-0.107069
-0.103940
-0.104812
0.144717
0.269129
0.395652
0.188411
0.359192
0.243179
-0.048556
0.202401
0.171805
0.048153
0.142355
0.090691
-0.049632
0.043730
-0.028204
-0.066048
-0.047813
-0.080538
-0.071691
-0.098112
-0.086371
-0.090295
-0.104016
-0.095935
-0.094975
-0.096295
-0.094022
-0.095878
-0.097214
-0.100525
-0.100880
-0.099555
-0.106834
-0.094758
-0.096131
-0.103299
-0.086895
-0.092485
-0.094498
-0.080738
-0.093312
-0.088926
-0.085410
-0.094947
-0.098387
-0.096477
-0.105931
-0.104874
-0.102592
-0.104550
-0.108205
-0.109326
-0.109497
-0.109590
-0.107415
-0.105310
-0.105305
-0.104111
-0.107601
-0.106142
-0.102726
-0.107912
-0.104593
-0.105649
-0.108583
-0.105196
-0.108193
-0.105051
-0.105526
-0.107908
-0.104579
-0.107047
-0.106842
-0.106254
-0.107766
-0.106940
-0.107664
-0.107346
-0.106839
-0.107794
-0.106552
-0.107218
-0.107958
-0.106395
-0.107959
-0.108002
-0.106691
-0.108714
-0.107616
-0.106361
-0.108540
-0.106489
-0.107708
-0.108572
-0.106753
-0.108327
-0.109407
-0.108336
-0.109052
-0.108359
-0.096797
2.033455
2.774579
0.808104
0.851876
0.699338
-0.055655
0.282535
0.172440
0.023150
-0.031552
0.050188
-0.001415
-0.016471
-0.027182
-0.057076
-0.087686
-0.050144
-0.067691
-0.076559
-0.056714
-0.081072
-0.087611
-0.088260
-0.094254
-0.088632
-0.098628
-0.087112
-0.096536
-0.085252
-0.081576
-0.091408
-0.078766
-0.092221
-0.097267
-0.096791
-0.100264
-0.106199
-0.098334
-0.095857
-0.107899
-0.096259
-0.095708
-0.108620
-0.095721
-0.091966
-0.099158
-0.099946
-0.086303
-0.103659
-0.092499
-0.097296
-0.104140
-0.108520
-0.096544
-0.096660
-0.106221
-0.099127
-0.103787
-0.103234
-0.105948
-0.104989
-0.105331
-0.108424
-0.105718
-0.105055
-0.108977
-0.107463
-0.106727
-0.109217
-0.107972
-0.109118
-0.109393
-0.109651
-0.107527
-0.107766
-0.107506
-0.106477
-0.108116
-0.106756
-0.106872
-0.107593
-0.105973
-0.107076
-0.107167
-0.107099
-0.108124
-0.108658
-0.109062
-0.108168
-0.109337
-0.108283
-0.107647
-0.109327
-0.108663
-0.107584
-0.108697
-0.109242
-0.106626
-0.107694
-0.075397
0.339378
0.656185
0.430946
0.044525
0.135609
0.132716
0.036129
-0.086234
-0.001662
-0.030078
-0.019730
-0.023940
-0.039984
-0.044089
-0.056309
-0.073263
-0.081061
-0.083272
-0.085395
-0.081934
-0.084877
-0.091425
-0.089280
-0.104191
-0.098477
-0.104735
-0.107696
-0.107510
-0.101877
-0.104531
-0.101834
-0.099645
-0.100964
-0.098088
-0.097636
-0.096387
-0.096089
-0.096574
-0.098348
-0.099775
-0.100520
-0.104041
-0.102863
-0.107417
-0.103737
-0.102000
-0.104286
-0.105471
-0.103822
-0.103286
-0.105971
-0.108741
-0.109733
-0.107055
-0.104450
-0.106566
-0.106184
-0.105167
-0.106492
-0.109684
-0.106864
-0.107227
-0.108067
-0.107946
-0.108522
-0.108573
-0.108923
-0.108708
-0.108034
-0.107583
-0.107597
-0.107179
-0.107307
-0.108146
-0.107426
-0.108675
-0.108636
-0.108421
-0.109430
-0.109086
-0.108879
-0.109259
-0.108765
-0.108642
-0.108699
-0.108234
-0.108010
-0.107721
-0.108451
-0.108913
-0.107868
-0.108914
-0.109702
-0.109255
-0.109063
-0.109259
-0.108887
-0.107975
-0.108269
-2.554128
0.274835
-1.925569
-3.133060
-0.110086
-0.110090
0.861439
0.392509
1.638006
0.125351
-0.110086
-0.110090
0.025388
0.064210
0.267943
-0.276007
-0.110087
-0.110089
-0.140696
2.007108
2.671649
-3.712507
-0.110087
-0.110089
-0.044959
0.404472
0.912133
-0.901633
-0.110086
-0.110089
-0.216298
2.484349
3.732455
-3.271225
-0.110086
-0.110090
6.059849
0.904982
7.981552
4.529832
-0.110085
-0.110088
2.333185
-0.029623
0.141481
-0.055871
-0.088409
-0.104578
-0.104554
-0.105483
-0.105836
-0.106786
-0.107078
-0.107248
-0.107143
-0.107407
-0.107633
-0.108973
-0.107913
-0.108432
-0.108633
-0.107516
-0.108726
-0.108223
-0.107459
-0.101333
-0.104383
-0.098710
-0.109235
-0.107475
-0.103134
-0.103581
-0.104771
-0.108904
-0.108592
-0.108788
-0.109204
-0.109025
-0.109215
-0.109405
-0.109223
-0.109333
-0.109269
-0.109134
-0.109549
-0.109293
-0.109307
-0.109578
-0.109175
-0.109505
-0.109635
-0.109461
-0.107891
-0.106751
-0.109305
-0.109477
-0.108866
-0.107112
-0.109132
-0.109573
-0.109569
-0.109420
-0.109719
-0.109518
-0.109556
-0.109727
-0.109542
-0.109589
-0.109695
-0.109585
-0.109781
-0.109633
-0.109694
-0.109695
-0.109621
-0.109634
-0.109804
-0.109520
-0.109076
-0.109935
-0.108931
-0.110049
-0.109240
-0.109889
-0.109074
-0.109370
-0.109856
-0.109585
-0.109649
-0.109756
-0.109626
-0.109723
-0.109775
-0.109644
-0.109359
-0.109356
-0.109708
-0.109875
-0.109315
-0.109239
-0.109656
-0.109669
0.858682
0.239770
-0.055645
-0.092957
-0.093053
-0.103087
-0.104055
-0.105927
-0.105826
-0.107452
-0.105209
-0.105895
-0.107370
-0.107973
-0.106645
-0.107840
-0.108642
-0.107377
-0.109002
-0.108606
-0.108334
-0.108970
-0.106841
-0.107080
-0.108244
-0.105540
-0.099973
-0.103566
-0.105361
-0.106775
-0.108709
-0.108763
-0.109052
-0.109121
-0.109383
-0.109032
-0.109287
-0.109261
-0.109037
-0.109201
-0.109301
-0.109155
-0.109259
-0.109085
-0.109424
-0.109386
-0.109256
-0.109466
-0.109483
-0.108754
-0.109762
-0.109740
-0.107848
-0.109049
-0.108303
-0.109455
-0.108957
-0.109501
-0.109589
-0.109387
-0.109575
-0.109471
-0.109479
-0.109490
-0.109411
-0.109532
-0.109599
-0.109470
-0.109427
-0.109571
-0.109536
-0.109656
-0.109527
-0.109548
-0.109640
-0.109392
-0.109433
-0.109876
-0.109800
-0.108563
-0.109425
-0.109938
-0.109390
-0.109472
-0.109627
-0.109567
-0.109593
-0.109678
-0.109530
-0.109657
-0.109629
-0.109435
-0.109751
-0.109579
-0.109524
-0.109542
-0.109563
-0.109795
-0.109485
-0.109613
0.024143
0.002672
-0.074878
-0.086612
-0.089852
-0.098179
-0.102768
-0.105920
-0.106069
-0.106812
-0.107453
-0.107169
-0.106850
-0.107793
-0.107916
-0.108291
-0.108043
-0.108277
-0.108181
-0.108426
-0.107973
-0.108410
-0.108024
-0.109305
-0.109213
-0.107563
-0.108667
-0.109073
-0.107341
-0.109442
-0.109168
-0.108280
-0.109099
-0.108933
-0.108993
-0.109330
-0.109100
-0.109222
-0.109455
-0.109147
-0.109349
-0.109288
-0.109246
-0.109485
-0.109385
-0.109273
-0.109540
-0.109184
-0.109148
-0.109229
-0.109065
-0.109544
-0.109096
-0.109589
-0.109227
-0.109154
-0.109437
-0.109219
-0.109358
-0.109591
-0.109478
-0.109570
-0.109606
-0.109523
-0.109583
-0.109570
-0.109540
-0.109649
-0.109595
-0.109584
-0.109628
-0.109588
-0.109599
-0.109633
-0.109548
-0.109604
-0.109729
-0.109592
-0.109641
-0.109737
-0.109776
-0.109477
-0.109779
-0.109635
-0.109523
-0.109696
-0.109621
-0.109593
-0.109702
-0.109586
-0.109587
-0.109676
-0.109544
-0.109648
-0.109625
-0.109597
-0.109685
-0.109566
-0.109610
-0.109614
-0.074013
1.356404
0.128813
0.021788
-0.074969
-0.080518
-0.094508
-0.090485
-0.096650
-0.096951
-0.096539
-0.100995
-0.099202
-0.099927
-0.103029
-0.100401
-0.102391
-0.103531
-0.100982
-0.104653
-0.102652
-0.100929
-0.107529
-0.100730
-0.089516
-0.081157
-0.093286
-0.097235
-0.076574
-0.096891
-0.107466
-0.103531
-0.105218
-0.105820
-0.104733
-0.107039
-0.105744
-0.105890
-0.107321
-0.105913
-0.106706
-0.107158
-0.106108
-0.107333
-0.107006
-0.106340
-0.107986
-0.106718
-0.106252
-0.108492
-0.104940
-0.105450
-0.100564
-0.106714
-0.100652
-0.104475
-0.108304
-0.106815
-0.107351
-0.108330
-0.107119
-0.107882
-0.107954
-0.107300
-0.108192
-0.107825
-0.107328
-0.108253
-0.107640
-0.107906
-0.107903
-0.107633
-0.108172
-0.108092
-0.107508
-0.108826
-0.108209
-0.105756
-0.107863
-0.107696
-0.109094
-0.105103
-0.107964
-0.108879
-0.107519
-0.108306
-0.108104
-0.107708
-0.108505
-0.107901
-0.107820
-0.108666
-0.107612
-0.107370
-0.107583
-0.107193
-0.107439
-0.107744
-0.108263
-0.108153
-0.048642
0.073773
0.197046
-0.050187
-0.087945
-0.102568
-0.106480
-0.105701
-0.106953
-0.108014
-0.107377
-0.108259
-0.108527
-0.107965
-0.109008
-0.108772
-0.108269
-0.109363
-0.108895
-0.108359
-0.109291
-0.108997
-0.106577
-0.105389
-0.105042
-0.093858
-0.099826
-0.104012
-0.097293
-0.105142
-0.106124
-0.110014
-0.109249
-0.109025
-0.109597
-0.109608
-0.109221
-0.109610
-0.109597
-0.109284
-0.109726
-0.109513
-0.109333
-0.109804
-0.109498
-0.109396
-0.109914
-0.109300
-0.109319
-0.109372
-0.107859
-0.107132
-0.107988
-0.108916
-0.109835
-0.106698
-0.109553
-0.109140
-0.109545
-0.109848
-0.109488
-0.109729
-0.109764
-0.109556
-0.109807
-0.109769
-0.109554
-0.109792
-0.109529
-0.109567
-0.109745
-0.109750
-0.109787
-0.109962
-0.109697
-0.109682
-0.109883
-0.109158
-0.108653
-0.108547
-0.109229
-0.108793
-0.109733
-0.109569
-0.109689
-0.110001
-0.109714
-0.109692
-0.109928
-0.109671
-0.109652
-0.109908
-0.109428
-0.109963
-0.109527
-0.109473
-0.109913
-0.109539
-0.109850
-0.109732
-0.012384
1.688565
0.208397
0.000530
-0.071787
-0.105236
-0.100679
-0.100473
-0.106539
-0.101950
-0.103194
-0.106269
-0.102228
-0.104965
-0.104941
-0.102206
-0.105654
-0.103215
-0.101473
-0.105154
-0.099713
-0.098531
-0.099591
-0.089024
-0.090234
-0.086172
-0.086407
-0.087480
-0.082584
-0.086131
-0.102350
-0.098373
-0.103429
-0.106010
-0.104137
-0.106819
-0.106981
-0.106051
-0.108341
-0.107279
-0.107181
-0.108978
-0.107449
-0.108072
-0.109045
-0.107557
-0.108672
-0.108667
-0.107073
-0.109413
-0.105595
-0.104653
-0.099921
-0.106943
-0.099949
-0.104797
-0.108468
-0.107725
-0.108731
-0.109582
-0.108583
-0.109307
-0.109329
-0.108731
-0.109711
-0.108946
-0.108893
-0.109826
-0.109000
-0.109464
-0.109579
-0.109013
-0.109371
-0.109228
-0.108416
-0.109671
-0.107466
-0.108192
-0.108880
-0.108640
-0.108596
-0.106975
-0.107002
-0.109446
-0.108114
-0.109038
-0.109335
-0.108708
-0.109528
-0.109222
-0.108764
-0.109802
-0.108463
-0.108007
-0.108569
-0.108038
-0.108317
-0.108498
-0.109600
-0.109270
