-2.364458
1.743690
0.067195
-8.239432
-0.105392
-0.105383
-0.001636
1.038812
4.708674
-2.779981
-0.105384
-0.105377
2.236236
1.545006
5.948388
-4.856078
-0.105393
-0.105369
-0.465803
2.028852
5.914388
-6.159690
-0.105388
-0.105385
-0.040453
5.400487
10.221131
-9.416299
-0.105388
-0.105389
-0.097966
1.347866
3.335725
-2.890215
-0.105387
-0.105387
9.135723
-0.104825
9.137061
9.135046
-0.105387
-0.105390
8.906865
3.267537
14.914909
4.182874
-0.105387
-0.105391
2.148647
0.622226
0.400890
0.482301
0.264357
0.015469
0.259916
0.133056
0.050482
-0.044913
0.060114
0.065486
-0.057263
0.110147
0.019556
-0.011607
0.040959
-0.048155
-0.073852
-0.035069
-0.060171
-0.086859
-0.036672
-0.098318
-0.020266
-0.069896
-0.039321
-0.040458
-0.084503
-0.038248
-0.090256
-0.053656
-0.080519
-0.073348
-0.079700
-0.092106
-0.076986
-0.090675
-0.099270
-0.081318
-0.078717
-0.095390
-0.073918
-0.088152
-0.085702
-0.080497
-0.102326
-0.090701
-0.090785
-0.087788
-0.096600
-0.097267
-0.094879
-0.099132
-0.101946
-0.101911
-0.096431
-0.095612
-0.096782
-0.093964
-0.099545
-0.099569
-0.095014
-0.102024
-0.100979
-0.098956
-0.095973
-0.102707
-0.094899
-0.092760
-0.103332
-0.095191
-0.098213
-0.102233
-0.100025
-0.103348
-0.102487
-0.099804
-0.100824
-0.099530
-0.096824
-0.104643
-0.096105
-0.101654
-0.099140
-0.099141
-0.102410
-0.100061
-0.102256
-0.100122
-0.104311
-0.100081
-0.103236
-0.102727
-0.103048
-0.101394
-0.104869
-0.098274
-0.099334
-0.101266
-0.002202
0.247937
0.197118
0.064222
-0.036532
0.015613
0.026830
-0.024748
0.121354
0.073799
0.165685
0.145162
0.069463
0.096728
0.011070
-0.016161
-0.009677
-0.051580
-0.011473
-0.060852
-0.051259
-0.036660
-0.083413
-0.056657
-0.071514
-0.072713
-0.065267
-0.081533
-0.075123
-0.097418
-0.082047
-0.087111
-0.069396
-0.081639
-0.077380
-0.075041
-0.095024
-0.087410
-0.088029
-0.097559
-0.084392
-0.089850
-0.075117
-0.074425
-0.080435
-0.076058
-0.088080
-0.090144
-0.095864
-0.098724
-0.094046
-0.102610
-0.103071
-0.102793
-0.103760
-0.103313
-0.102880
-0.100768
-0.101863
-0.102376
-0.104559
-0.103188
-0.104448
-0.097190
-0.096005
-0.096734
-0.092964
-0.097926
-0.095863
-0.096772
-0.099132
-0.095360
-0.100037
-0.097973
-0.098050
-0.103934
-0.099145
-0.102849
-0.101551
-0.099839
-0.101086
-0.098538
-0.101554
-0.101662
-0.103956
-0.103268
-0.102780
-0.101442
-0.100958
-0.103871
-0.101941
-0.103169
-0.104695
-0.102891
-0.104059
-0.101501
-0.101942
-0.099738
-0.099269
-0.099075
2.234961
0.282865
0.317841
0.051194
0.385722
0.422853
0.206370
0.179568
0.213087
0.164962
-0.025540
0.040339
0.025560
-0.090429
-0.023530
0.000588
-0.043420
-0.019337
0.001546
-0.024656
-0.065143
-0.030718
-0.037672
-0.091885
-0.054485
-0.076139
-0.083082
-0.076942
-0.079274
-0.077036
-0.074509
-0.052755
-0.070260
-0.070555
-0.054418
-0.079416
-0.081329
-0.072927
-0.079007
-0.093378
-0.087139
-0.086752
-0.101078
-0.088766
-0.082198
-0.098404
-0.086641
-0.081289
-0.090788
-0.097295
-0.096978
-0.095595
-0.097420
-0.094613
-0.100418
-0.095345
-0.096965
-0.094609
-0.094505
-0.094172
-0.086327
-0.091125
-0.097027
-0.095032
-0.096507
-0.101056
-0.101318
-0.097485
-0.103000
-0.099980
-0.097863
-0.101600
-0.101299
-0.098728
-0.101762
-0.103146
-0.101846
-0.101531
-0.104487
-0.100181
-0.100910
-0.101242
-0.097805
-0.100675
-0.097613
-0.097920
-0.097320
-0.096636
-0.100468
-0.096459
-0.098983
-0.101274
-0.098231
-0.100903
-0.103547
-0.102544
-0.102290
-0.103928
-0.099663
-0.100576
0.253353
0.550969
0.675138
0.176290
0.382033
0.359173
0.086600
0.196774
0.349696
0.196233
0.228208
0.192237
0.041050
0.021807
-0.007209
-0.042963
-0.063399
-0.044609
-0.053988
-0.085256
-0.097233
-0.097431
-0.083046
-0.087665
-0.103265
-0.096066
-0.094551
-0.093714
-0.094919
-0.093243
-0.086854
-0.086268
-0.093296
-0.091062
-0.089813
-0.094331
-0.094672
-0.088924
-0.086632
-0.090121
-0.093083
-0.091982
-0.090071
-0.091861
-0.086472
-0.082209
-0.088275
-0.087351
-0.089722
-0.097510
-0.093265
-0.096875
-0.102337
-0.100490
-0.100432
-0.101157
-0.100643
-0.099802
-0.099183
-0.099241
-0.098358
-0.100637
-0.100449
-0.094547
-0.095783
-0.096163
-0.095720
-0.100038
-0.100668
-0.101925
-0.104675
-0.104821
-0.104780
-0.104550
-0.103970
-0.103079
-0.102923
-0.103257
-0.103513
-0.104527
-0.104731
-0.104154
-0.104021
-0.103279
-0.103137
-0.103329
-0.102687
-0.102861
-0.103861
-0.104005
-0.103121
-0.102837
-0.103393
-0.102504
-0.101511
-0.102151
-0.102223
-0.100982
-0.101914
-0.101755
-0.039532
1.891949
2.781658
0.989834
0.625021
0.738659
0.078030
0.158194
0.174843
0.094437
-0.018751
0.046687
0.010370
-0.017067
0.001787
-0.023345
-0.073015
-0.041442
-0.039147
-0.095176
-0.065819
-0.064183
-0.099345
-0.076365
-0.079359
-0.095405
-0.080214
-0.084355
-0.096892
-0.088164
-0.098282
-0.097868
-0.095699
-0.104646
-0.092652
-0.092543
-0.102111
-0.091793
-0.093317
-0.104792
-0.091407
-0.092590
-0.099095
-0.094929
-0.092742
-0.099252
-0.097126
-0.089838
-0.093741
-0.102804
-0.092320
-0.082977
-0.101785
-0.086583
-0.092238
-0.101727
-0.102454
-0.094481
-0.092364
-0.102960
-0.095544
-0.099132
-0.097465
-0.099389
-0.103457
-0.101392
-0.100270
-0.101790
-0.102440
-0.101201
-0.102868
-0.103663
-0.103335
-0.102050
-0.103880
-0.103985
-0.103027
-0.103232
-0.104117
-0.102762
-0.104015
-0.104092
-0.103257
-0.103129
-0.103645
-0.103410
-0.104386
-0.103050
-0.103733
-0.104615
-0.103403
-0.102801
-0.104551
-0.101290
-0.101378
-0.104503
-0.102037
-0.102437
-0.104091
-0.103635
-0.097905
0.260104
0.619190
0.393396
0.129766
0.051826
-0.010448
0.008099
-0.031135
-0.094797
-0.064031
-0.059853
-0.041527
-0.037466
-0.045753
-0.020880
-0.047612
-0.050391
-0.066815
-0.080422
-0.078628
-0.084176
-0.082336
-0.085481
-0.093049
-0.096795
-0.099202
-0.101915
-0.102239
-0.101561
-0.096701
-0.099052
-0.097800
-0.098040
-0.100052
-0.099846
-0.096334
-0.095579
-0.090818
-0.092659
-0.092232
-0.095358
-0.099455
-0.099652
-0.103607
-0.102453
-0.103333
-0.101273
-0.098053
-0.100736
-0.103427
-0.099508
-0.098782
-0.097284
-0.101615
-0.103190
-0.103639
-0.102792
-0.099935
-0.101380
-0.100384
-0.101543
-0.101806
-0.103245
-0.104541
-0.102239
-0.102254
-0.103248
-0.101762
-0.103516
-0.103064
-0.102764
-0.104224
-0.103634
-0.103735
-0.102967
-0.103748
-0.103027
-0.103763
-0.104041
-0.104148
-0.104922
-0.104645
-0.103985
-0.104864
-0.104378
-0.103869
-0.105135
-0.105289
-0.104645
-0.104131
-0.104302
-0.103107
-0.102841
-0.104094
-0.104020
-0.102821
-0.104225
-0.104561
-0.104429
-2.733335
0.237745
-2.210535
-3.353330
-0.105388
-0.105391
0.236888
0.271861
0.888990
-0.155136
-0.105387
-0.105391
0.119253
0.099493
0.452522
-0.202669
-0.105388
-0.105390
-0.088244
1.227713
2.124757
-2.428062
-0.105388
-0.105390
-0.174622
0.542716
0.656477
-1.383575
-0.105389
-0.105390
-0.101782
2.420506
3.423367
-3.077281
-0.105387
-0.105392
5.902659
0.463699
6.624828
4.655362
-0.105390
-0.105389
2.521462
0.015990
0.097023
-0.069731
-0.069721
-0.102433
-0.100209
-0.102121
-0.101320
-0.102773
-0.101906
-0.102753
-0.102501
-0.102808
-0.102945
-0.103595
-0.103910
-0.104130
-0.104391
-0.103801
-0.104431
-0.104218
-0.103135
-0.104104
-0.099223
-0.102937
-0.095259
-0.101332
-0.103401
-0.100986
-0.098481
-0.105171
-0.101005
-0.104121
-0.104021
-0.104391
-0.104547
-0.104424
-0.104372
-0.104324
-0.104539
-0.104536
-0.104544
-0.104500
-0.104491
-0.104395
-0.104356
-0.104514
-0.104409
-0.104446
-0.104728
-0.104554
-0.104692
-0.104248
-0.102709
-0.104047
-0.104716
-0.105012
-0.102897
-0.104284
-0.104097
-0.104423
-0.104282
-0.104479
-0.104544
-0.104518
-0.104610
-0.104575
-0.104466
-0.104447
-0.104406
-0.104437
-0.104471
-0.104565
-0.104576
-0.104536
-0.104528
-0.104510
-0.104432
-0.104471
-0.104480
-0.104271
-0.103689
-0.104903
-0.104460
-0.104530
-0.104246
-0.104468
-0.104824
-0.104431
-0.105011
-0.104648
-0.104330
-0.104549
-0.104508
-0.104561
-0.104590
-0.104573
-0.104577
-0.104560
0.235315
0.149329
-0.031791
-0.084021
-0.096659
-0.098204
-0.102752
-0.103944
-0.101897
-0.103481
-0.103757
-0.105110
-0.104626
-0.104059
-0.104657
-0.105156
-0.104106
-0.104272
-0.104705
-0.105121
-0.104781
-0.104867
-0.104667
-0.103565
-0.104072
-0.103902
-0.101898
-0.098070
-0.104829
-0.099670
-0.102036
-0.103864
-0.105121
-0.104224
-0.105196
-0.104940
-0.105120
-0.105050
-0.105167
-0.104963
-0.105127
-0.105036
-0.105085
-0.105048
-0.105175
-0.105064
-0.105194
-0.105125
-0.105168
-0.105108
-0.105233
-0.104900
-0.105380
-0.104793
-0.104398
-0.103933
-0.105120
-0.103786
-0.104769
-0.105256
-0.105071
-0.105077
-0.105155
-0.105236
-0.105238
-0.105269
-0.105228
-0.105232
-0.105202
-0.105282
-0.105256
-0.105253
-0.105263
-0.105293
-0.105236
-0.105255
-0.105212
-0.105279
-0.105254
-0.105356
-0.105213
-0.105216
-0.105027
-0.104645
-0.105307
-0.104873
-0.104953
-0.105028
-0.105265
-0.104990
-0.105222
-0.105273
-0.105279
-0.105212
-0.105290
-0.105294
-0.105329
-0.105281
-0.105298
-0.105279
0.118321
0.030028
-0.056752
-0.091492
-0.104311
-0.102765
-0.102796
-0.103884
-0.103338
-0.104753
-0.104785
-0.104723
-0.104084
-0.104157
-0.104899
-0.104892
-0.104519
-0.104682
-0.105188
-0.105063
-0.104695
-0.105138
-0.105042
-0.105134
-0.104786
-0.104467
-0.102331
-0.102416
-0.104639
-0.102440
-0.103513
-0.105011
-0.104621
-0.104886
-0.104933
-0.104925
-0.104767
-0.104888
-0.104942
-0.104883
-0.104957
-0.105133
-0.104964
-0.104848
-0.105007
-0.104966
-0.104958
-0.104940
-0.104924
-0.104926
-0.104928
-0.105001
-0.105145
-0.104877
-0.104803
-0.104378
-0.105206
-0.104770
-0.104534
-0.105077
-0.105009
-0.104983
-0.105040
-0.104982
-0.105050
-0.104994
-0.104951
-0.105019
-0.104927
-0.105004
-0.105031
-0.105004
-0.104955
-0.105020
-0.104962
-0.104997
-0.105019
-0.104950
-0.104964
-0.104956
-0.104938
-0.104961
-0.104747
-0.105042
-0.105027
-0.104772
-0.105109
-0.105044
-0.105073
-0.105124
-0.105030
-0.105074
-0.105011
-0.105036
-0.105049
-0.105044
-0.105045
-0.105018
-0.105049
-0.105060
-0.086679
0.740005
0.267108
0.054186
-0.056205
-0.077201
-0.097224
-0.101000
-0.101827
-0.103133
-0.103386
-0.103502
-0.103517
-0.103556
-0.103729
-0.103959
-0.104196
-0.104379
-0.104478
-0.104261
-0.104327
-0.104101
-0.104406
-0.102976
-0.100349
-0.089208
-0.083263
-0.084126
-0.104389
-0.086830
-0.088712
-0.096008
-0.100797
-0.103374
-0.103794
-0.104128
-0.104315
-0.104434
-0.104558
-0.104703
-0.104742
-0.104735
-0.104670
-0.104655
-0.104658
-0.104716
-0.104789
-0.104922
-0.104954
-0.104942
-0.104716
-0.104551
-0.103538
-0.102642
-0.101217
-0.099993
-0.104581
-0.100499
-0.101476
-0.102595
-0.104524
-0.104803
-0.105338
-0.105179
-0.104881
-0.104832
-0.104842
-0.104859
-0.104908
-0.104946
-0.104968
-0.104947
-0.104915
-0.104877
-0.104865
-0.104863
-0.104907
-0.104979
-0.105085
-0.104869
-0.105004
-0.104002
-0.103757
-0.102870
-0.104941
-0.102639
-0.104849
-0.104076
-0.104409
-0.104971
-0.104170
-0.104469
-0.104958
-0.105081
-0.104912
-0.104881
-0.104885
-0.104900
-0.104936
-0.104973
-0.033998
0.308611
0.086928
-0.084889
-0.095357
-0.102185
-0.103190
-0.103864
-0.104373
-0.104542
-0.104104
-0.104013
-0.104005
-0.104100
-0.104405
-0.104756
-0.104916
-0.104764
-0.104473
-0.104396
-0.104276
-0.104417
-0.104545
-0.104527
-0.104931
-0.102031
-0.094287
-0.096381
-0.102522
-0.097839
-0.100369
-0.101358
-0.102168
-0.102668
-0.103019
-0.103433
-0.103751
-0.103892
-0.103846
-0.103751
-0.103673
-0.103644
-0.103722
-0.103855
-0.103976
-0.104065
-0.104055
-0.103947
-0.103823
-0.103730
-0.103697
-0.103753
-0.103990
-0.104119
-0.102119
-0.102607
-0.105173
-0.103293
-0.103176
-0.103724
-0.104080
-0.103759
-0.103789
-0.103920
-0.103989
-0.104086
-0.104142
-0.104117
-0.104054
-0.103983
-0.103935
-0.103929
-0.103965
-0.104023
-0.104072
-0.104066
-0.104010
-0.103900
-0.103783
-0.103706
-0.103734
-0.103545
-0.103312
-0.103872
-0.104153
-0.103566
-0.104257
-0.104886
-0.104238
-0.104563
-0.104517
-0.104014
-0.104043
-0.104112
-0.104188
-0.104251
-0.104265
-0.104232
-0.104166
-0.104112
-0.096001
1.662419
0.045784
0.048794
-0.086353
-0.098157
-0.101486
-0.101053
-0.100514
-0.100252
-0.100338
-0.100869
-0.101658
-0.102580
-0.103267
-0.103193
-0.102645
-0.102040
-0.101793
-0.101966
-0.102664
-0.103798
-0.104993
-0.103742
-0.099741
-0.094952
-0.089920
-0.065756
-0.094357
-0.073957
-0.095154
-0.098806
-0.096451
-0.097053
-0.098254
-0.099418
-0.100167
-0.100375
-0.100184
-0.099868
-0.099689
-0.099723
-0.099987
-0.100381
-0.100747
-0.100927
-0.100824
-0.100526
-0.100194
-0.099990
-0.100024
-0.100288
-0.100732
-0.099342
-0.102239
-0.093866
-0.103720
-0.096441
-0.100011
-0.101597
-0.100014
-0.099710
-0.100155
-0.100161
-0.100585
-0.100867
-0.100971
-0.100911
-0.100722
-0.100521
-0.100396
-0.100401
-0.100516
-0.100687
-0.100811
-0.100795
-0.100607
-0.100299
-0.099997
-0.099764
-0.099538
-0.100068
-0.099414
-0.098848
-0.101373
-0.099064
-0.102495
-0.102506
-0.101369
-0.102948
-0.100895
-0.101166
-0.100867
-0.100992
-0.101214
-0.101384
-0.101414
-0.101306
-0.101130
-0.100976
