-1.145721
1.943075
4.611964
-6.446583
-0.115487
-0.115482
-0.139524
1.093028
2.710821
-5.083479
-0.115486
-0.115478
2.665458
1.494440
8.156272
-2.018985
-0.115485
-0.115478
-0.289307
1.612686
3.449619
-3.361348
-0.115485
-0.115486
0.001300
5.705433
10.581411
-9.440662
-0.115485
-0.115487
-0.052275
1.519950
3.090214
-3.307470
-0.115485
-0.115486
10.216647
-0.114940
10.217301
10.215615
-0.115485
-0.115487
7.830353
3.223150
13.267129
2.688908
-0.115485
-0.115488
0.911166
0.640244
0.430361
0.507202
0.107665
0.285999
0.242073
0.087093
0.095974
0.135623
0.120141
0.062781
0.169623
-0.025391
0.049994
0.022522
-0.069722
0.079981
-0.063228
0.027894
0.006731
-0.048347
-0.003585
-0.091911
-0.041364
-0.064199
-0.097466
-0.030708
-0.101321
-0.043603
-0.064349
-0.070053
-0.054822
-0.113022
-0.065031
-0.077642
-0.094682
-0.065038
-0.109092
-0.062657
-0.091287
-0.093352
-0.092700
-0.100676
-0.108046
-0.096074
-0.101598
-0.110264
-0.100096
-0.105536
-0.107752
-0.111794
-0.114427
-0.110548
-0.102643
-0.106717
-0.104929
-0.106074
-0.107044
-0.108060
-0.104812
-0.105842
-0.108621
-0.104703
-0.105297
-0.110177
-0.103905
-0.111230
-0.099365
-0.109022
-0.108142
-0.104134
-0.111783
-0.108497
-0.108405
-0.111172
-0.106969
-0.113793
-0.105487
-0.112334
-0.108474
-0.109366
-0.111374
-0.108729
-0.112602
-0.110546
-0.106913
-0.111937
-0.107840
-0.115044
-0.106002
-0.114453
-0.112826
-0.111280
-0.113637
-0.113277
-0.110729
-0.114096
-0.112369
-0.112397
-0.090346
0.221428
0.191696
-0.020487
-0.059728
0.034350
0.089683
0.017007
0.108176
0.159180
0.056617
0.117675
0.033558
0.014301
0.070433
-0.026977
0.075426
0.013359
0.013175
-0.002544
-0.061776
-0.059456
-0.068333
-0.071581
-0.055952
-0.058743
-0.066351
-0.071250
-0.070535
-0.074441
-0.057942
-0.061042
-0.049621
-0.055916
-0.071541
-0.063058
-0.097310
-0.082657
-0.089668
-0.100180
-0.086311
-0.103181
-0.097973
-0.100766
-0.111264
-0.102602
-0.100253
-0.110438
-0.107611
-0.110244
-0.112425
-0.112847
-0.109115
-0.114242
-0.113924
-0.111918
-0.113227
-0.103873
-0.106329
-0.103437
-0.101160
-0.107181
-0.105643
-0.107168
-0.110166
-0.105169
-0.111124
-0.104661
-0.109443
-0.111207
-0.109456
-0.111550
-0.109039
-0.107377
-0.109768
-0.107282
-0.108964
-0.110311
-0.110177
-0.108390
-0.109778
-0.107594
-0.107151
-0.108193
-0.109144
-0.111402
-0.111307
-0.113408
-0.112572
-0.111941
-0.114051
-0.111158
-0.113382
-0.114400
-0.112461
-0.112899
-0.113133
-0.110882
-0.114747
-0.114160
2.662912
0.325810
0.356289
0.020805
0.424302
0.329487
0.031863
0.130380
0.091223
-0.044691
-0.024470
0.033665
-0.098216
0.051032
0.010476
-0.013089
0.044620
-0.080564
0.028745
-0.025418
-0.007976
0.021928
-0.064979
0.015806
-0.049281
-0.022331
-0.023081
-0.078977
-0.031573
-0.095552
-0.059966
-0.074522
-0.100892
-0.078585
-0.104655
-0.090785
-0.092071
-0.106478
-0.093847
-0.096199
-0.107390
-0.095998
-0.109354
-0.100293
-0.090907
-0.103346
-0.095058
-0.096519
-0.114386
-0.111625
-0.112683
-0.113390
-0.109821
-0.111832
-0.111014
-0.107094
-0.107082
-0.110210
-0.110681
-0.103573
-0.107173
-0.110493
-0.104854
-0.110477
-0.105341
-0.104635
-0.109875
-0.103551
-0.114456
-0.104904
-0.109223
-0.108469
-0.105283
-0.113723
-0.105681
-0.109787
-0.109720
-0.107229
-0.114170
-0.109482
-0.111088
-0.113005
-0.110604
-0.113209
-0.112131
-0.111725
-0.113615
-0.111179
-0.113393
-0.112379
-0.113161
-0.113244
-0.112641
-0.112049
-0.112437
-0.110848
-0.113299
-0.112839
-0.112908
-0.114210
0.058160
0.502274
0.671085
0.007802
0.263913
0.135240
0.054820
0.190000
-0.060925
0.121184
-0.094850
0.042448
-0.044478
0.015929
-0.002057
-0.082576
-0.023104
-0.071442
-0.066715
-0.075827
-0.100801
-0.101225
-0.099319
-0.097159
-0.094599
-0.099409
-0.101412
-0.110246
-0.110901
-0.108961
-0.097524
-0.101362
-0.090894
-0.098382
-0.100465
-0.095497
-0.111276
-0.099694
-0.103945
-0.104751
-0.100530
-0.107638
-0.096137
-0.113474
-0.102291
-0.112126
-0.110523
-0.111628
-0.110627
-0.112066
-0.111609
-0.110668
-0.111473
-0.108312
-0.113032
-0.108746
-0.111688
-0.109985
-0.109182
-0.112649
-0.110255
-0.113677
-0.108915
-0.113463
-0.108908
-0.111670
-0.113997
-0.112296
-0.113494
-0.114397
-0.114564
-0.113222
-0.114538
-0.112107
-0.114165
-0.112871
-0.114535
-0.114536
-0.115319
-0.113962
-0.114607
-0.112424
-0.113998
-0.112668
-0.114104
-0.114873
-0.114489
-0.114370
-0.115049
-0.114072
-0.113576
-0.113169
-0.113580
-0.112892
-0.114620
-0.114407
-0.114225
-0.114290
-0.114177
-0.113323
0.003773
2.338147
2.932294
0.416710
0.866851
0.228534
0.045577
0.045474
0.065946
0.073602
-0.004641
0.011310
-0.016354
-0.039654
-0.060808
-0.072319
-0.065381
-0.091490
-0.098638
-0.074226
-0.102437
-0.073103
-0.095685
-0.091902
-0.100288
-0.103980
-0.102174
-0.100349
-0.100069
-0.104873
-0.099994
-0.113658
-0.109093
-0.107645
-0.115323
-0.104157
-0.106890
-0.107428
-0.108964
-0.107465
-0.107329
-0.107943
-0.108171
-0.105475
-0.106595
-0.107275
-0.103382
-0.099916
-0.108626
-0.102900
-0.104635
-0.102202
-0.102519
-0.093298
-0.113939
-0.107484
-0.112370
-0.111480
-0.111465
-0.110050
-0.109872
-0.113006
-0.110869
-0.113408
-0.113502
-0.113638
-0.114275
-0.114044
-0.113261
-0.114522
-0.113359
-0.114627
-0.113278
-0.114927
-0.114561
-0.114659
-0.114928
-0.113954
-0.114170
-0.114782
-0.114682
-0.114432
-0.115045
-0.114953
-0.114110
-0.115003
-0.114319
-0.114619
-0.114844
-0.115152
-0.115083
-0.114809
-0.113931
-0.115278
-0.113840
-0.113003
-0.113599
-0.113611
-0.111819
-0.112495
-0.052609
0.357820
0.707292
0.190030
0.226871
0.195491
0.105167
0.009291
0.049661
0.014313
-0.045828
-0.059325
-0.096777
-0.097425
-0.099549
-0.101582
-0.088274
-0.092829
-0.085656
-0.097487
-0.099316
-0.111803
-0.111394
-0.110325
-0.109663
-0.109277
-0.105267
-0.107560
-0.104057
-0.104446
-0.101859
-0.103292
-0.101855
-0.105032
-0.106115
-0.110408
-0.110431
-0.113351
-0.110859
-0.112370
-0.106516
-0.110185
-0.104780
-0.108227
-0.110518
-0.111192
-0.105594
-0.106197
-0.112205
-0.110865
-0.112446
-0.112953
-0.113385
-0.109042
-0.112918
-0.112765
-0.109567
-0.108761
-0.113081
-0.111147
-0.112988
-0.114035
-0.114722
-0.114316
-0.114335
-0.114726
-0.115235
-0.114672
-0.114957
-0.114978
-0.115285
-0.114671
-0.114831
-0.114095
-0.114487
-0.113830
-0.114824
-0.113595
-0.114827
-0.113761
-0.114362
-0.113555
-0.114473
-0.113913
-0.114793
-0.114926
-0.115210
-0.115191
-0.114851
-0.115071
-0.114434
-0.114244
-0.113752
-0.113150
-0.114876
-0.114877
-0.114158
-0.113126
-0.114312
-0.114530
-2.614289
0.213923
-1.902260
-3.130119
-0.115484
-0.115487
0.736953
0.459887
1.669611
-0.000870
-0.115484
-0.115488
-0.050073
0.054565
0.186659
-0.371725
-0.115486
-0.115488
-0.276473
2.110181
2.633972
-3.928006
-0.115485
-0.115488
-0.111133
0.588032
1.239018
-1.032235
-0.115484
-0.115487
-0.059540
2.443220
3.749161
-3.092094
-0.115484
-0.115488
6.004192
1.052943
8.121019
4.425753
-0.115484
-0.115487
2.379632
-0.017850
0.080660
-0.065063
-0.050725
-0.106478
-0.109862
-0.110369
-0.113171
-0.111052
-0.113237
-0.113389
-0.114378
-0.114609
-0.112509
-0.114165
-0.114341
-0.114237
-0.115193
-0.113882
-0.112819
-0.114586
-0.109473
-0.108622
-0.104433
-0.109348
-0.112912
-0.113569
-0.107467
-0.113238
-0.110111
-0.113755
-0.114560
-0.113954
-0.114839
-0.114401
-0.114463
-0.114964
-0.114766
-0.114872
-0.114764
-0.114617
-0.115221
-0.114717
-0.114977
-0.114947
-0.114093
-0.115272
-0.114557
-0.114058
-0.113417
-0.113529
-0.114185
-0.113948
-0.114237
-0.114227
-0.114706
-0.114921
-0.115266
-0.115148
-0.115032
-0.115422
-0.115084
-0.115248
-0.115299
-0.115081
-0.115398
-0.115164
-0.115213
-0.115358
-0.115203
-0.115310
-0.114975
-0.115191
-0.115096
-0.114793
-0.114835
-0.114526
-0.114550
-0.114513
-0.115436
-0.114661
-0.115041
-0.115329
-0.115075
-0.115290
-0.115175
-0.115127
-0.115373
-0.115140
-0.115224
-0.115259
-0.115045
-0.115283
-0.115147
-0.115143
-0.115017
-0.115059
-0.115358
-0.114896
0.738578
0.284321
-0.055768
-0.112352
-0.084757
-0.105450
-0.109166
-0.110978
-0.110509
-0.109328
-0.112307
-0.110993
-0.111730
-0.113343
-0.112084
-0.112731
-0.113364
-0.113208
-0.114352
-0.112636
-0.113476
-0.113814
-0.115127
-0.112601
-0.113877
-0.105457
-0.111400
-0.107395
-0.111982
-0.115272
-0.112219
-0.113227
-0.114209
-0.113710
-0.114285
-0.113964
-0.113817
-0.114578
-0.113965
-0.114394
-0.114280
-0.114255
-0.114458
-0.114216
-0.114497
-0.114310
-0.113919
-0.114292
-0.114255
-0.113462
-0.114130
-0.114284
-0.113692
-0.114350
-0.115382
-0.114630
-0.115306
-0.114753
-0.114988
-0.114952
-0.114811
-0.115119
-0.114760
-0.114933
-0.115012
-0.114753
-0.115089
-0.114881
-0.114913
-0.115020
-0.114717
-0.115139
-0.114817
-0.114921
-0.114827
-0.114264
-0.114674
-0.115233
-0.115020
-0.114534
-0.114869
-0.114771
-0.114683
-0.115086
-0.114780
-0.114986
-0.114921
-0.114844
-0.115074
-0.114829
-0.114975
-0.114951
-0.114806
-0.115097
-0.114867
-0.114964
-0.115062
-0.114981
-0.115194
-0.115079
-0.049130
-0.001422
-0.088770
-0.100752
-0.093907
-0.113562
-0.114781
-0.114125
-0.113618
-0.113841
-0.114245
-0.113540
-0.114931
-0.114617
-0.114968
-0.114902
-0.114349
-0.114837
-0.114601
-0.115006
-0.114993
-0.114997
-0.112224
-0.113510
-0.113456
-0.112760
-0.115138
-0.112259
-0.114417
-0.114421
-0.114146
-0.115008
-0.115182
-0.115128
-0.115245
-0.115288
-0.115393
-0.115147
-0.115283
-0.115118
-0.115234
-0.115236
-0.115225
-0.115271
-0.115352
-0.115284
-0.115160
-0.115177
-0.114798
-0.115022
-0.115104
-0.114851
-0.115177
-0.114742
-0.115045
-0.115026
-0.115412
-0.115343
-0.115309
-0.115344
-0.115341
-0.115380
-0.115307
-0.115415
-0.115371
-0.115337
-0.115363
-0.115286
-0.115373
-0.115332
-0.115387
-0.115418
-0.115316
-0.115389
-0.115080
-0.115445
-0.115405
-0.115135
-0.115223
-0.115309
-0.115224
-0.115291
-0.115330
-0.115378
-0.115367
-0.115371
-0.115400
-0.115353
-0.115353
-0.115358
-0.115360
-0.115385
-0.115356
-0.115417
-0.115397
-0.115303
-0.115343
-0.115294
-0.115373
-0.115404
0.031126
1.435043
0.153360
-0.070367
-0.069815
-0.105444
-0.114402
-0.114466
-0.114599
-0.114538
-0.115114
-0.114560
-0.114929
-0.114877
-0.114652
-0.115000
-0.114721
-0.114702
-0.114588
-0.114661
-0.112628
-0.113671
-0.111547
-0.109421
-0.095882
-0.065339
-0.108723
-0.085602
-0.105152
-0.112570
-0.110986
-0.114563
-0.114815
-0.114999
-0.115048
-0.115158
-0.115110
-0.115244
-0.115161
-0.115204
-0.115235
-0.115118
-0.115282
-0.115054
-0.115077
-0.115154
-0.114465
-0.115245
-0.114488
-0.113400
-0.109917
-0.103808
-0.112764
-0.110238
-0.113565
-0.114598
-0.114316
-0.115203
-0.115091
-0.115354
-0.115194
-0.115354
-0.115276
-0.115280
-0.115383
-0.115229
-0.115413
-0.115226
-0.115286
-0.115253
-0.115051
-0.115245
-0.115372
-0.115318
-0.114639
-0.114169
-0.112369
-0.111003
-0.114138
-0.113871
-0.114837
-0.115106
-0.114951
-0.115382
-0.115221
-0.115340
-0.115337
-0.115296
-0.115431
-0.115278
-0.115389
-0.115296
-0.115254
-0.115262
-0.115177
-0.115022
-0.114779
-0.113882
-0.113993
-0.114740
-0.113847
0.168852
0.289098
-0.086182
-0.108176
-0.106270
-0.109479
-0.109052
-0.109760
-0.111639
-0.110635
-0.111998
-0.112221
-0.111739
-0.113261
-0.112326
-0.112765
-0.113579
-0.112384
-0.113705
-0.113445
-0.111879
-0.112601
-0.111241
-0.091928
-0.102794
-0.112890
-0.106632
-0.100427
-0.111595
-0.114833
-0.113478
-0.113801
-0.114519
-0.113752
-0.114338
-0.114265
-0.113962
-0.114557
-0.114075
-0.114219
-0.114489
-0.113978
-0.114478
-0.114172
-0.114004
-0.114618
-0.113443
-0.112917
-0.113092
-0.112044
-0.112059
-0.113692
-0.112027
-0.113294
-0.114982
-0.114756
-0.115308
-0.114815
-0.114884
-0.115075
-0.114734
-0.115019
-0.114853
-0.114782
-0.115032
-0.114716
-0.114911
-0.114878
-0.114603
-0.115017
-0.114650
-0.114922
-0.114795
-0.113751
-0.114460
-0.113771
-0.114754
-0.114580
-0.114392
-0.114222
-0.114894
-0.114877
-0.114730
-0.115067
-0.114785
-0.114902
-0.114971
-0.114779
-0.115022
-0.114855
-0.114852
-0.115044
-0.114717
-0.114977
-0.114930
-0.115224
-0.114584
-0.114378
-0.115284
-0.073700
1.676825
0.102469
-0.008953
-0.113151
-0.110699
-0.108348
-0.109789
-0.111108
-0.110180
-0.112374
-0.111454
-0.112191
-0.112799
-0.111889
-0.113550
-0.112433
-0.113013
-0.113518
-0.112392
-0.114140
-0.112703
-0.110777
-0.099938
-0.096945
-0.061180
-0.106945
-0.076946
-0.108373
-0.112986
-0.114269
-0.113710
-0.115059
-0.114140
-0.114540
-0.114687
-0.114292
-0.115032
-0.114418
-0.114729
-0.114806
-0.114465
-0.115142
-0.114535
-0.114845
-0.114997
-0.114589
-0.115344
-0.112953
-0.111343
-0.109480
-0.103730
-0.112524
-0.107086
-0.114450
-0.114671
-0.114897
-0.114408
-0.114564
-0.114814
-0.114476
-0.114902
-0.114633
-0.114699
-0.114884
-0.114592
-0.114930
-0.114722
-0.114736
-0.114990
-0.114433
-0.114567
-0.115335
-0.114871
-0.114162
-0.112790
-0.111594
-0.111491
-0.114112
-0.112358
-0.115146
-0.114848
-0.114844
-0.115107
-0.114748
-0.115033
-0.114900
-0.114851
-0.115082
-0.114800
-0.115028
-0.114916
-0.114825
-0.115107
-0.114756
-0.114879
-0.114106
-0.113542
-0.113578
-0.113959
