-1.120520
1.802289
2.891811
-7.587534
-0.111882
-0.111874
-0.029110
0.875775
3.916999
-2.970117
-0.111876
-0.111870
2.499821
1.449317
7.088097
-4.182900
-0.111882
-0.111863
-0.453112
1.774914
5.117512
-5.100317
-0.111878
-0.111876
-0.091875
5.191894
9.786821
-9.520153
-0.111879
-0.111880
-0.093809
1.442008
3.689571
-3.820413
-0.111878
-0.111877
10.483927
-0.111354
10.484986
10.482762
-0.111878
-0.111877
7.512993
3.270850
13.263544
2.711972
-0.111878
-0.111881
0.891805
0.588571
0.409581
0.510458
0.249752
0.051397
0.252821
0.078297
0.060050
-0.033513
0.085504
0.102680
-0.050014
0.130771
0.019363
-0.019545
0.029252
-0.058300
-0.056430
-0.018338
-0.030952
-0.019473
-0.028966
-0.026654
0.010089
-0.081563
0.001572
-0.041193
-0.046700
-0.046814
-0.026882
-0.072274
-0.041805
-0.046492
-0.083678
-0.059141
-0.082248
-0.075238
-0.088288
-0.096813
-0.083850
-0.091443
-0.095762
-0.073307
-0.099314
-0.085200
-0.085132
-0.109561
-0.094563
-0.099408
-0.095812
-0.105230
-0.102981
-0.102241
-0.105781
-0.109420
-0.108627
-0.103104
-0.104199
-0.102233
-0.100740
-0.108447
-0.103809
-0.104878
-0.108077
-0.109070
-0.102285
-0.100126
-0.109739
-0.096410
-0.101451
-0.105128
-0.098718
-0.107635
-0.104577
-0.103106
-0.105462
-0.102163
-0.101872
-0.106648
-0.098715
-0.109098
-0.099705
-0.101993
-0.103372
-0.102882
-0.102180
-0.106167
-0.105197
-0.102524
-0.110245
-0.104400
-0.109004
-0.105832
-0.109189
-0.106532
-0.104572
-0.108580
-0.104762
-0.101892
-0.029542
0.197010
0.158003
-0.001730
-0.099764
0.045521
0.035753
-0.040800
0.049283
-0.019077
0.098085
0.061700
0.030390
0.084304
-0.024712
-0.007301
-0.014281
-0.099044
-0.045140
-0.087692
-0.050856
-0.043889
-0.051480
-0.030447
-0.039872
-0.051718
-0.050019
-0.077776
-0.064752
-0.083547
-0.065650
-0.073290
-0.071114
-0.066398
-0.077595
-0.076684
-0.081750
-0.101463
-0.092402
-0.103209
-0.094336
-0.091235
-0.100857
-0.082321
-0.088481
-0.090636
-0.084484
-0.100181
-0.097057
-0.104967
-0.104763
-0.102097
-0.110218
-0.108777
-0.107630
-0.108955
-0.111159
-0.110021
-0.108398
-0.110620
-0.110251
-0.107855
-0.107949
-0.108828
-0.104447
-0.107825
-0.103686
-0.102738
-0.104632
-0.099884
-0.104604
-0.104280
-0.104283
-0.110272
-0.106006
-0.109428
-0.107068
-0.106768
-0.106489
-0.105059
-0.103941
-0.105241
-0.105580
-0.106883
-0.106701
-0.107624
-0.106713
-0.106942
-0.107339
-0.105696
-0.106185
-0.106690
-0.106603
-0.107342
-0.108871
-0.107964
-0.108453
-0.106248
-0.105897
-0.105237
2.498512
0.212890
0.271969
0.030381
0.374955
0.375365
0.140629
0.135208
0.165937
0.123068
-0.084654
0.030558
0.018663
-0.060936
-0.033739
0.014362
-0.035903
-0.035086
0.022035
-0.030384
-0.046109
0.027370
-0.051829
-0.012879
0.009537
-0.069448
-0.012225
-0.038582
-0.055659
-0.043857
-0.032151
-0.069117
-0.037120
-0.042914
-0.091129
-0.050316
-0.080166
-0.091805
-0.074405
-0.097482
-0.093542
-0.085294
-0.102522
-0.095737
-0.087519
-0.095689
-0.107388
-0.087902
-0.088553
-0.097547
-0.100756
-0.098133
-0.098862
-0.109241
-0.105802
-0.111123
-0.108418
-0.110001
-0.106882
-0.108172
-0.102381
-0.099227
-0.106658
-0.106246
-0.105157
-0.106526
-0.108889
-0.101182
-0.104130
-0.108593
-0.104718
-0.102865
-0.106608
-0.107306
-0.101120
-0.105155
-0.106636
-0.099585
-0.105630
-0.104475
-0.099613
-0.108037
-0.101042
-0.101862
-0.103891
-0.102206
-0.101581
-0.104971
-0.102549
-0.102041
-0.107871
-0.103592
-0.108261
-0.107383
-0.105452
-0.111199
-0.104288
-0.103088
-0.109764
-0.105791
0.228304
0.427406
0.512323
0.120368
0.395539
0.370092
0.034169
0.248622
0.303840
0.095063
0.181884
0.116575
-0.071602
0.006800
-0.017861
-0.069082
-0.068188
-0.061177
-0.071487
-0.104961
-0.074251
-0.078760
-0.102668
-0.086548
-0.089440
-0.099431
-0.092979
-0.095587
-0.099738
-0.098353
-0.098538
-0.104416
-0.101381
-0.102395
-0.108763
-0.100503
-0.100709
-0.110767
-0.100674
-0.102630
-0.106754
-0.103919
-0.098251
-0.099208
-0.108467
-0.093547
-0.089169
-0.098296
-0.092133
-0.094593
-0.105851
-0.098625
-0.103177
-0.110746
-0.107945
-0.107933
-0.108744
-0.108841
-0.107635
-0.107442
-0.105384
-0.104855
-0.109113
-0.104749
-0.101002
-0.106141
-0.102271
-0.103575
-0.109302
-0.105373
-0.107244
-0.110734
-0.108420
-0.108754
-0.109477
-0.110039
-0.110142
-0.108313
-0.109987
-0.109265
-0.108365
-0.110188
-0.110126
-0.109670
-0.110266
-0.110438
-0.110884
-0.111667
-0.111172
-0.111587
-0.110832
-0.110406
-0.111166
-0.109429
-0.110575
-0.109413
-0.108612
-0.110749
-0.107171
-0.107824
-0.090302
1.932282
2.639889
0.764121
0.688479
0.651657
-0.008527
0.126336
0.161697
0.088696
-0.021278
0.018306
0.000931
-0.032796
-0.064978
-0.026869
-0.071540
-0.070795
-0.050707
-0.088492
-0.073773
-0.069169
-0.101862
-0.088036
-0.082390
-0.103485
-0.090160
-0.101841
-0.107004
-0.106953
-0.100988
-0.106286
-0.096304
-0.097865
-0.106077
-0.096633
-0.099486
-0.107545
-0.098954
-0.104099
-0.106903
-0.103500
-0.109370
-0.101983
-0.100897
-0.106170
-0.106981
-0.100621
-0.099497
-0.105229
-0.108171
-0.097956
-0.095720
-0.107115
-0.091665
-0.104424
-0.107181
-0.104066
-0.098035
-0.102990
-0.104438
-0.099372
-0.109481
-0.105016
-0.106343
-0.108106
-0.109042
-0.107718
-0.108256
-0.109793
-0.110387
-0.108231
-0.109830
-0.109899
-0.109979
-0.110330
-0.110294
-0.110329
-0.111239
-0.110358
-0.110770
-0.111012
-0.109985
-0.109924
-0.110686
-0.110272
-0.109400
-0.109702
-0.111723
-0.108692
-0.108742
-0.110390
-0.108164
-0.109800
-0.110874
-0.110007
-0.110447
-0.110166
-0.110814
-0.110878
-0.093926
0.298153
0.612161
0.404351
0.182841
0.144814
0.082151
0.018736
-0.089743
-0.029538
-0.042038
-0.060597
-0.036152
-0.050732
-0.076579
-0.054323
-0.074905
-0.079815
-0.087854
-0.090525
-0.097423
-0.092573
-0.102616
-0.093771
-0.103439
-0.098732
-0.101311
-0.105322
-0.102487
-0.105992
-0.105529
-0.103667
-0.107041
-0.102956
-0.106311
-0.105502
-0.106473
-0.108017
-0.106488
-0.105773
-0.105020
-0.103432
-0.106323
-0.105597
-0.104734
-0.108866
-0.106515
-0.106037
-0.110090
-0.105258
-0.105210
-0.106854
-0.106828
-0.104828
-0.104516
-0.108558
-0.110795
-0.111588
-0.109558
-0.107715
-0.107301
-0.106333
-0.107480
-0.108947
-0.110712
-0.108603
-0.108632
-0.109972
-0.109096
-0.109547
-0.111064
-0.109968
-0.110616
-0.110531
-0.110535
-0.110681
-0.110894
-0.110539
-0.110980
-0.110293
-0.111332
-0.110560
-0.110026
-0.110988
-0.111101
-0.110945
-0.111447
-0.111287
-0.111089
-0.110442
-0.111090
-0.110385
-0.110367
-0.111529
-0.110181
-0.110231
-0.110382
-0.109946
-0.110273
-0.110782
-2.526781
0.244986
-1.915839
-3.013417
-0.111878
-0.111882
0.738251
0.327247
1.410129
0.244175
-0.111878
-0.111882
0.033771
0.091528
0.388041
-0.279320
-0.111878
-0.111881
-0.193936
1.855066
2.675444
-3.668698
-0.111879
-0.111881
-0.053578
0.336663
0.826995
-0.709121
-0.111877
-0.111880
-0.183769
1.870087
3.126139
-2.390221
-0.111877
-0.111882
6.182737
0.981199
8.246191
4.634014
-0.111877
-0.111881
2.300928
-0.019520
0.116211
-0.071145
-0.086034
-0.099757
-0.099173
-0.105475
-0.105713
-0.107762
-0.109792
-0.107306
-0.107843
-0.109393
-0.108516
-0.109874
-0.109299
-0.110568
-0.111140
-0.110445
-0.110402
-0.110831
-0.110459
-0.111477
-0.108265
-0.108897
-0.102066
-0.105958
-0.106374
-0.106682
-0.105388
-0.103936
-0.110612
-0.107373
-0.108552
-0.109613
-0.109805
-0.110039
-0.110175
-0.110008
-0.110418
-0.110430
-0.110427
-0.110618
-0.110620
-0.110870
-0.110750
-0.110683
-0.110748
-0.110819
-0.110745
-0.110717
-0.110760
-0.110566
-0.110638
-0.108325
-0.109676
-0.110178
-0.110596
-0.109854
-0.111204
-0.110766
-0.111060
-0.111079
-0.111147
-0.111163
-0.111224
-0.111299
-0.111365
-0.111293
-0.111360
-0.111376
-0.111406
-0.111425
-0.111349
-0.111405
-0.111390
-0.111347
-0.111322
-0.111291
-0.111380
-0.111549
-0.111326
-0.110721
-0.111769
-0.111260
-0.111358
-0.111088
-0.110924
-0.111461
-0.111445
-0.111402
-0.111566
-0.111639
-0.111704
-0.111730
-0.111707
-0.111767
-0.111804
-0.111759
0.737887
0.191307
-0.054731
-0.096816
-0.093393
-0.106935
-0.111290
-0.110618
-0.111241
-0.111462
-0.110215
-0.111702
-0.110857
-0.110549
-0.110658
-0.111321
-0.110529
-0.111057
-0.111109
-0.110557
-0.110658
-0.110608
-0.110831
-0.110545
-0.110766
-0.109173
-0.109845
-0.104877
-0.108842
-0.108783
-0.106209
-0.109588
-0.109277
-0.110581
-0.111058
-0.111266
-0.111261
-0.111369
-0.111504
-0.111508
-0.111665
-0.111492
-0.111581
-0.111435
-0.111378
-0.111346
-0.111441
-0.111324
-0.111398
-0.111383
-0.111330
-0.111390
-0.111252
-0.111733
-0.111251
-0.111355
-0.110092
-0.111608
-0.109979
-0.111085
-0.111334
-0.111429
-0.111660
-0.111683
-0.111648
-0.111658
-0.111661
-0.111609
-0.111616
-0.111549
-0.111526
-0.111472
-0.111494
-0.111457
-0.111479
-0.111474
-0.111471
-0.111458
-0.111463
-0.111501
-0.111479
-0.111732
-0.111481
-0.111648
-0.111056
-0.111688
-0.111263
-0.111633
-0.111625
-0.111606
-0.111728
-0.111786
-0.111672
-0.111654
-0.111619
-0.111567
-0.111560
-0.111541
-0.111516
-0.111500
0.034028
0.025096
-0.087368
-0.085343
-0.095433
-0.105235
-0.107493
-0.106423
-0.109537
-0.108075
-0.108998
-0.108242
-0.110029
-0.108694
-0.109681
-0.110473
-0.108741
-0.109054
-0.110297
-0.110054
-0.110418
-0.110215
-0.110741
-0.110791
-0.108891
-0.111348
-0.109734
-0.107468
-0.111005
-0.110474
-0.108781
-0.109855
-0.111523
-0.110299
-0.111125
-0.111189
-0.111233
-0.111177
-0.111195
-0.111242
-0.111118
-0.110881
-0.111258
-0.111221
-0.110961
-0.111242
-0.111227
-0.111236
-0.111224
-0.111343
-0.111262
-0.111328
-0.111307
-0.111350
-0.111029
-0.111084
-0.111207
-0.111718
-0.110840
-0.111496
-0.111527
-0.111260
-0.111657
-0.111625
-0.111518
-0.111565
-0.111510
-0.111521
-0.111427
-0.111459
-0.111545
-0.111487
-0.111503
-0.111509
-0.111433
-0.111510
-0.111512
-0.111571
-0.111528
-0.111607
-0.111660
-0.111449
-0.111535
-0.111644
-0.111297
-0.111600
-0.111585
-0.111645
-0.111397
-0.111521
-0.111700
-0.111573
-0.111586
-0.111622
-0.111573
-0.111576
-0.111553
-0.111583
-0.111507
-0.111507
-0.042986
1.252411
0.116720
0.035510
-0.095658
-0.080338
-0.087181
-0.093843
-0.096691
-0.098573
-0.100121
-0.101555
-0.102538
-0.103431
-0.104226
-0.104969
-0.105568
-0.106133
-0.106596
-0.107046
-0.107551
-0.107943
-0.108705
-0.110135
-0.108505
-0.103670
-0.098417
-0.087530
-0.085835
-0.079815
-0.097822
-0.099881
-0.105528
-0.104724
-0.106647
-0.107547
-0.107625
-0.107853
-0.108053
-0.108272
-0.108433
-0.108594
-0.108748
-0.108874
-0.108974
-0.109068
-0.109148
-0.109198
-0.109261
-0.109306
-0.109433
-0.109284
-0.109036
-0.110171
-0.106682
-0.110674
-0.101590
-0.106407
-0.107582
-0.108009
-0.111374
-0.110032
-0.110009
-0.109912
-0.109906
-0.109998
-0.110064
-0.110137
-0.110204
-0.110265
-0.110318
-0.110358
-0.110392
-0.110418
-0.110437
-0.110440
-0.110448
-0.110452
-0.110456
-0.110412
-0.110478
-0.110911
-0.110635
-0.110700
-0.108828
-0.110948
-0.107544
-0.109611
-0.110905
-0.110082
-0.110573
-0.110462
-0.110637
-0.110692
-0.110709
-0.110747
-0.110782
-0.110809
-0.110828
-0.110841
-0.055105
0.051302
0.141386
-0.032403
-0.082139
-0.091153
-0.094532
-0.097800
-0.099962
-0.101466
-0.102677
-0.103666
-0.104677
-0.105472
-0.106079
-0.106769
-0.107231
-0.107679
-0.108046
-0.108399
-0.108713
-0.108912
-0.109240
-0.109648
-0.110981
-0.109131
-0.098141
-0.103227
-0.106666
-0.105970
-0.107262
-0.099452
-0.105904
-0.107492
-0.107687
-0.108140
-0.108405
-0.108660
-0.108877
-0.109079
-0.109292
-0.109456
-0.109603
-0.109724
-0.109810
-0.109877
-0.109905
-0.109932
-0.109940
-0.109922
-0.109918
-0.109875
-0.109990
-0.109757
-0.107939
-0.109340
-0.109240
-0.109638
-0.110415
-0.108278
-0.111239
-0.110327
-0.110180
-0.110267
-0.110337
-0.110429
-0.110511
-0.110592
-0.110671
-0.110737
-0.110794
-0.110828
-0.110854
-0.110863
-0.110854
-0.110843
-0.110823
-0.110799
-0.110774
-0.110748
-0.110763
-0.110738
-0.110827
-0.111135
-0.110412
-0.110859
-0.110538
-0.111660
-0.110255
-0.110128
-0.110761
-0.110805
-0.110840
-0.110903
-0.110957
-0.111011
-0.111056
-0.111099
-0.111131
-0.111150
-0.030227
1.248555
0.216565
-0.078689
-0.098715
-0.092337
-0.102515
-0.103888
-0.104584
-0.105811
-0.106245
-0.106818
-0.107354
-0.107811
-0.108298
-0.108442
-0.108834
-0.109125
-0.109336
-0.109522
-0.109618
-0.109762
-0.109780
-0.109506
-0.110093
-0.110302
-0.106028
-0.076348
-0.094943
-0.088700
-0.086436
-0.108128
-0.109391
-0.108763
-0.109756
-0.109759
-0.109869
-0.110033
-0.110119
-0.110238
-0.110347
-0.110432
-0.110495
-0.110556
-0.110620
-0.110655
-0.110670
-0.110680
-0.110695
-0.110678
-0.110680
-0.110698
-0.110537
-0.110951
-0.110446
-0.105266
-0.105731
-0.110259
-0.103561
-0.110605
-0.111420
-0.110908
-0.110866
-0.110950
-0.111017
-0.111054
-0.111098
-0.111136
-0.111170
-0.111199
-0.111221
-0.111252
-0.111259
-0.111264
-0.111266
-0.111265
-0.111264
-0.111246
-0.111244
-0.111231
-0.111140
-0.111301
-0.111281
-0.110784
-0.108352
-0.110089
-0.108660
-0.110032
-0.109808
-0.111245
-0.111217
-0.111250
-0.111273
-0.111293
-0.111327
-0.111349
-0.111372
-0.111392
-0.111408
-0.111416
