-2.616247
2.231890
1.576900
-9.673639
-0.109609
-0.109603
0.207249
1.381960
5.150329
-3.441945
-0.109603
-0.109601
2.164592
1.921073
6.037169
-4.785140
-0.109609
-0.109597
-0.858695
2.420195
6.033997
-5.772013
-0.109604
-0.109605
-1.701820
4.849971
9.146016
-9.773357
-0.109606
-0.109608
-0.507690
1.430172
3.291270
-3.011554
-0.109605
-0.109606
9.289961
-0.108845
9.291280
9.288463
-0.109607
-0.109607
8.382550
2.801369
13.341411
4.350618
-0.109604
-0.109609
2.391744
0.875704
0.590713
0.483666
0.265499
0.436711
0.084483
0.245610
0.103458
0.161654
0.137566
-0.013655
0.059671
-0.067802
0.011271
-0.067353
-0.061885
-0.001845
-0.037909
0.018710
-0.043284
0.001069
-0.069246
-0.040135
-0.089431
-0.089823
-0.057357
-0.101529
-0.066887
-0.078070
-0.075824
-0.073062
-0.078847
-0.083275
-0.078013
-0.074633
-0.087410
-0.091349
-0.104779
-0.107088
-0.094302
-0.091814
-0.095656
-0.090470
-0.106881
-0.087874
-0.106826
-0.084177
-0.101074
-0.090072
-0.098524
-0.103195
-0.103813
-0.107647
-0.106749
-0.107593
-0.103998
-0.103050
-0.099293
-0.100593
-0.098764
-0.100055
-0.101137
-0.101885
-0.106412
-0.103951
-0.106685
-0.105410
-0.106279
-0.104252
-0.105912
-0.104385
-0.102113
-0.102272
-0.102397
-0.099218
-0.105957
-0.102797
-0.105963
-0.104876
-0.107483
-0.101969
-0.107886
-0.105308
-0.106917
-0.104009
-0.107799
-0.102297
-0.106207
-0.104101
-0.105620
-0.105500
-0.106401
-0.106085
-0.106398
-0.106534
-0.106488
-0.107081
-0.105892
-0.107907
0.206179
0.349211
0.173614
-0.086419
0.017259
0.067215
0.189956
0.275394
0.273344
0.256849
0.157172
0.060713
0.014632
0.003986
0.017617
-0.003360
-0.059237
-0.064445
0.009977
-0.001288
0.045162
-0.023072
-0.013274
-0.077954
-0.105397
-0.066162
-0.079631
-0.088200
-0.067163
-0.074907
-0.052464
-0.056171
-0.059690
-0.077341
-0.084246
-0.103854
-0.100090
-0.104272
-0.109095
-0.105251
-0.103447
-0.104083
-0.104225
-0.105621
-0.105953
-0.100676
-0.097907
-0.093273
-0.095909
-0.090267
-0.099654
-0.093173
-0.101009
-0.096941
-0.100183
-0.100517
-0.106393
-0.106783
-0.101686
-0.098712
-0.097189
-0.098393
-0.098711
-0.105035
-0.104544
-0.106477
-0.106698
-0.104237
-0.102921
-0.101603
-0.102275
-0.099781
-0.102491
-0.103613
-0.103314
-0.108312
-0.104579
-0.108616
-0.107568
-0.107693
-0.108387
-0.106336
-0.108244
-0.107677
-0.107729
-0.108411
-0.106336
-0.108196
-0.106439
-0.106158
-0.107344
-0.104723
-0.108248
-0.105715
-0.108102
-0.106748
-0.108279
-0.107022
-0.108482
-0.107326
2.163284
0.394081
0.380402
0.503313
0.641080
0.153692
0.364541
0.139805
0.009535
0.089844
-0.072184
0.084834
-0.013267
0.059124
-0.006079
0.025324
0.014425
0.007190
0.006230
-0.030182
-0.014517
-0.043939
-0.015907
-0.041347
-0.029217
-0.058909
-0.058401
-0.069037
-0.076281
-0.074427
-0.086710
-0.079843
-0.090609
-0.094065
-0.078645
-0.093174
-0.095020
-0.090765
-0.092419
-0.104411
-0.090902
-0.096770
-0.092577
-0.088999
-0.089514
-0.095493
-0.101745
-0.094833
-0.102408
-0.096662
-0.103553
-0.091412
-0.109068
-0.091077
-0.107854
-0.092960
-0.104537
-0.092658
-0.102317
-0.093825
-0.101310
-0.095616
-0.100317
-0.096239
-0.099861
-0.098954
-0.101224
-0.100099
-0.103119
-0.100117
-0.103788
-0.101274
-0.107302
-0.104323
-0.106629
-0.108230
-0.106358
-0.106864
-0.105352
-0.102134
-0.108065
-0.102351
-0.108247
-0.102581
-0.105633
-0.106735
-0.106104
-0.106951
-0.107701
-0.105782
-0.107487
-0.105181
-0.106469
-0.104842
-0.106728
-0.104640
-0.106914
-0.104539
-0.107450
-0.104171
0.637237
1.098353
0.554419
0.433780
0.375784
0.191153
0.472598
0.198844
0.268806
-0.042669
0.056961
0.003368
-0.043797
-0.028014
-0.037557
-0.078600
-0.047615
-0.090495
-0.074635
-0.078922
-0.099141
-0.073900
-0.103369
-0.073678
-0.103071
-0.081056
-0.096049
-0.088297
-0.084176
-0.097184
-0.073668
-0.090431
-0.065565
-0.084048
-0.071943
-0.098510
-0.085011
-0.096821
-0.095052
-0.098346
-0.096702
-0.096004
-0.104530
-0.093745
-0.106134
-0.093900
-0.105177
-0.092151
-0.107549
-0.098810
-0.103671
-0.104984
-0.102123
-0.102433
-0.103504
-0.100412
-0.104329
-0.100635
-0.103295
-0.101624
-0.101443
-0.103597
-0.100423
-0.105486
-0.101016
-0.105463
-0.102446
-0.104189
-0.104076
-0.103299
-0.106144
-0.101236
-0.106087
-0.100186
-0.104303
-0.102269
-0.102649
-0.102819
-0.103533
-0.102512
-0.103937
-0.102530
-0.104024
-0.102694
-0.103973
-0.102963
-0.103626
-0.102913
-0.104736
-0.102261
-0.105119
-0.102921
-0.104866
-0.103828
-0.104332
-0.104200
-0.103930
-0.104457
-0.103646
-0.104636
1.477833
2.436355
1.864159
0.265905
0.729850
0.206339
0.222948
0.395173
0.184716
0.197941
0.169137
0.097116
0.072368
0.069504
0.014914
0.038090
-0.022015
0.012024
-0.043035
-0.015939
-0.046110
-0.039983
-0.049457
-0.049916
-0.057965
-0.057131
-0.060981
-0.059222
-0.064896
-0.055572
-0.068065
-0.055352
-0.058099
-0.062559
-0.050282
-0.060579
-0.055584
-0.060534
-0.062774
-0.061827
-0.072531
-0.067583
-0.085032
-0.076348
-0.082984
-0.086428
-0.080722
-0.090200
-0.082593
-0.084845
-0.084228
-0.081766
-0.084361
-0.081776
-0.083567
-0.083238
-0.082813
-0.084372
-0.083419
-0.084870
-0.084418
-0.085844
-0.084789
-0.087045
-0.085510
-0.087733
-0.086595
-0.088761
-0.087008
-0.089955
-0.087679
-0.090139
-0.089585
-0.088800
-0.091078
-0.087039
-0.090836
-0.086208
-0.089396
-0.087824
-0.087006
-0.088051
-0.087109
-0.087958
-0.089439
-0.087466
-0.090360
-0.088414
-0.090619
-0.089754
-0.090261
-0.090597
-0.089902
-0.090682
-0.089910
-0.090508
-0.089995
-0.090393
-0.089956
-0.090383
0.288509
0.603849
0.538952
0.158743
0.128591
0.086565
-0.055026
-0.051537
0.008222
-0.008006
-0.029333
0.000714
-0.055998
-0.052194
-0.052046
-0.086325
-0.058100
-0.072593
-0.075057
-0.066305
-0.087737
-0.068094
-0.096298
-0.071792
-0.101419
-0.083413
-0.091452
-0.099188
-0.080315
-0.104271
-0.083153
-0.098096
-0.091458
-0.095099
-0.090849
-0.101467
-0.095865
-0.094748
-0.091130
-0.091525
-0.094047
-0.095753
-0.101265
-0.101623
-0.098565
-0.097038
-0.098884
-0.095379
-0.102492
-0.096151
-0.101018
-0.098091
-0.101034
-0.098431
-0.100522
-0.099496
-0.099363
-0.101292
-0.098717
-0.101924
-0.098786
-0.101985
-0.099232
-0.101786
-0.100287
-0.101097
-0.101587
-0.100584
-0.102120
-0.100998
-0.101732
-0.101802
-0.101140
-0.102426
-0.101143
-0.101606
-0.101943
-0.102468
-0.103148
-0.101637
-0.102013
-0.100970
-0.101799
-0.101434
-0.102795
-0.102584
-0.102522
-0.102207
-0.102053
-0.102585
-0.102228
-0.102347
-0.102510
-0.102252
-0.102586
-0.102373
-0.102370
-0.102611
-0.102141
-0.102791
-2.902108
0.177452
-2.472152
-3.387928
-0.109606
-0.109609
0.204881
0.366901
0.925684
-0.257834
-0.109604
-0.109609
-0.021511
0.115610
0.383854
-0.258110
-0.109604
-0.109608
-0.871982
1.431072
1.835344
-3.567744
-0.109606
-0.109608
-0.409411
0.426538
0.479827
-1.288428
-0.109606
-0.109609
1.014032
2.184071
3.622628
-3.205835
-0.109607
-0.109609
5.932909
0.451018
6.705880
5.008803
-0.109606
-0.109609
2.682819
0.076302
-0.043725
-0.068845
-0.102951
-0.103319
-0.105624
-0.107799
-0.106290
-0.105438
-0.106950
-0.106972
-0.107123
-0.105999
-0.106964
-0.107664
-0.106534
-0.102375
-0.106372
-0.100394
-0.109054
-0.104249
-0.105591
-0.105954
-0.108777
-0.108985
-0.109240
-0.109024
-0.108977
-0.109156
-0.108996
-0.109105
-0.108882
-0.108923
-0.109043
-0.108953
-0.108869
-0.108403
-0.108319
-0.107790
-0.108536
-0.108495
-0.108064
-0.108547
-0.108716
-0.108953
-0.109008
-0.109072
-0.109054
-0.109029
-0.109113
-0.109085
-0.109160
-0.109123
-0.109112
-0.109159
-0.109178
-0.109223
-0.108842
-0.109080
-0.108825
-0.109227
-0.108473
-0.109318
-0.108763
-0.108983
-0.109060
-0.109046
-0.109019
-0.109069
-0.109080
-0.109088
-0.109065
-0.109085
-0.109133
-0.109114
-0.109083
-0.109096
-0.109338
-0.108922
-0.109402
-0.109164
-0.109455
-0.109011
-0.109330
-0.109177
-0.109157
-0.109167
-0.109184
-0.109164
-0.109158
-0.109164
-0.109164
-0.109167
-0.109156
-0.109166
-0.109141
-0.109184
-0.109066
-0.109212
0.202440
0.199321
-0.033268
-0.049403
-0.064510
-0.075860
-0.082610
-0.085079
-0.088644
-0.091696
-0.093019
-0.094023
-0.095505
-0.097086
-0.097571
-0.098627
-0.099504
-0.098160
-0.100869
-0.098832
-0.096749
-0.106718
-0.099233
-0.103098
-0.102084
-0.102409
-0.102681
-0.103157
-0.103388
-0.103443
-0.103701
-0.103998
-0.104197
-0.104236
-0.104418
-0.104611
-0.104786
-0.105219
-0.104486
-0.105838
-0.104423
-0.104474
-0.105977
-0.105087
-0.105735
-0.105637
-0.105678
-0.105713
-0.105756
-0.105868
-0.105919
-0.105936
-0.105968
-0.106060
-0.106112
-0.106110
-0.106149
-0.106179
-0.106445
-0.105976
-0.106961
-0.106099
-0.106380
-0.106552
-0.106423
-0.106562
-0.106586
-0.106601
-0.106645
-0.106652
-0.106669
-0.106704
-0.106738
-0.106746
-0.106756
-0.106798
-0.106798
-0.106802
-0.106805
-0.106900
-0.106657
-0.107127
-0.106723
-0.106932
-0.106899
-0.106903
-0.106925
-0.106946
-0.106943
-0.106952
-0.106965
-0.106971
-0.106971
-0.106973
-0.106984
-0.106984
-0.107007
-0.106968
-0.107047
-0.106959
-0.021098
0.042663
-0.074661
-0.099623
-0.096938
-0.100146
-0.101259
-0.101503
-0.103142
-0.104926
-0.104955
-0.104959
-0.106207
-0.106392
-0.106212
-0.106519
-0.107146
-0.106356
-0.106104
-0.103843
-0.106298
-0.106892
-0.107405
-0.106394
-0.107281
-0.107818
-0.107906
-0.107971
-0.107910
-0.107912
-0.107995
-0.108099
-0.108055
-0.108146
-0.108191
-0.108180
-0.108125
-0.108401
-0.108692
-0.108936
-0.107483
-0.107456
-0.108799
-0.108739
-0.108585
-0.108437
-0.108502
-0.108548
-0.108567
-0.108564
-0.108616
-0.108616
-0.108621
-0.108648
-0.108694
-0.108710
-0.108725
-0.108665
-0.108531
-0.108677
-0.109122
-0.108779
-0.108574
-0.108732
-0.108750
-0.108821
-0.108802
-0.108804
-0.108832
-0.108845
-0.108821
-0.108837
-0.108857
-0.108840
-0.108831
-0.108850
-0.108864
-0.108868
-0.108903
-0.108835
-0.108796
-0.108955
-0.108818
-0.108847
-0.108917
-0.108897
-0.108898
-0.108896
-0.108891
-0.108897
-0.108909
-0.108908
-0.108906
-0.108917
-0.108917
-0.108907
-0.108899
-0.108927
-0.108963
-0.108907
0.650454
0.901700
0.213708
0.015006
-0.017109
-0.040064
-0.053061
-0.061635
-0.067977
-0.072762
-0.076469
-0.079484
-0.081951
-0.084015
-0.085779
-0.087322
-0.088224
-0.081916
-0.095205
-0.053416
-0.089532
-0.083572
-0.080915
-0.100924
-0.097680
-0.097748
-0.097988
-0.098241
-0.098486
-0.098754
-0.099032
-0.099292
-0.099553
-0.099800
-0.100025
-0.100261
-0.100592
-0.101454
-0.097450
-0.105772
-0.095456
-0.095135
-0.105797
-0.099240
-0.102201
-0.101996
-0.102067
-0.102190
-0.102319
-0.102440
-0.102553
-0.102666
-0.102773
-0.102881
-0.102993
-0.103099
-0.103206
-0.103329
-0.104165
-0.101851
-0.104628
-0.103928
-0.100315
-0.104156
-0.103015
-0.103494
-0.103599
-0.103662
-0.103719
-0.103772
-0.103820
-0.103865
-0.103907
-0.103944
-0.103976
-0.104007
-0.103992
-0.104054
-0.104059
-0.103823
-0.104532
-0.104662
-0.104688
-0.104226
-0.104400
-0.104322
-0.104354
-0.104379
-0.104398
-0.104416
-0.104432
-0.104446
-0.104459
-0.104471
-0.104483
-0.104499
-0.104557
-0.104378
-0.104585
-0.104645
0.185166
0.242512
0.021491
-0.061665
-0.087782
-0.095147
-0.098467
-0.100649
-0.102004
-0.103048
-0.103858
-0.104511
-0.105014
-0.105428
-0.105858
-0.106192
-0.106758
-0.105966
-0.107692
-0.092384
-0.101789
-0.095117
-0.102274
-0.104565
-0.106832
-0.106848
-0.107003
-0.107105
-0.107198
-0.107281
-0.107344
-0.107418
-0.107470
-0.107523
-0.107555
-0.107579
-0.107576
-0.107409
-0.108101
-0.106177
-0.108651
-0.108849
-0.106367
-0.108468
-0.107862
-0.107979
-0.108011
-0.108038
-0.108061
-0.108078
-0.108097
-0.108108
-0.108125
-0.108138
-0.108152
-0.108165
-0.108173
-0.108215
-0.107915
-0.108227
-0.107050
-0.107671
-0.107401
-0.108399
-0.108441
-0.108378
-0.108355
-0.108352
-0.108351
-0.108354
-0.108358
-0.108362
-0.108366
-0.108370
-0.108374
-0.108376
-0.108386
-0.108369
-0.108396
-0.108035
-0.108800
-0.108490
-0.108843
-0.108203
-0.108400
-0.108416
-0.108434
-0.108440
-0.108447
-0.108451
-0.108455
-0.108459
-0.108462
-0.108465
-0.108467
-0.108471
-0.108453
-0.108529
-0.108354
-0.108495
0.996890
1.477283
0.227240
-0.069595
-0.071122
-0.078163
-0.083295
-0.086898
-0.089939
-0.092038
-0.093804
-0.095005
-0.096067
-0.096854
-0.097575
-0.097988
-0.098099
-0.098549
-0.077115
-0.065060
-0.084545
-0.059423
-0.104155
-0.098138
-0.103029
-0.103965
-0.104456
-0.104787
-0.104990
-0.105209
-0.105384
-0.105592
-0.105758
-0.105940
-0.106098
-0.106310
-0.106584
-0.106969
-0.107711
-0.108487
-0.094552
-0.094186
-0.106945
-0.107195
-0.106781
-0.106785
-0.106822
-0.106875
-0.106942
-0.107000
-0.107059
-0.107105
-0.107157
-0.107196
-0.107239
-0.107258
-0.107245
-0.107161
-0.106466
-0.107682
-0.104622
-0.105993
-0.106227
-0.106787
-0.107842
-0.107855
-0.107887
-0.107919
-0.107947
-0.107975
-0.108001
-0.108028
-0.108052
-0.108077
-0.108098
-0.108125
-0.108174
-0.108180
-0.108071
-0.107694
-0.106505
-0.108410
-0.106765
-0.107597
-0.108145
-0.108157
-0.108169
-0.108177
-0.108184
-0.108191
-0.108195
-0.108199
-0.108202
-0.108203
-0.108202
-0.108198
-0.108158
-0.108343
-0.108703
-0.108096
