-1.125075
1.852230
1.466174
-7.224381
-0.112683
-0.112675
-0.075290
0.993792
3.839208
-2.320687
-0.112676
-0.112673
2.596675
1.548429
7.506377
-4.145748
-0.112683
-0.112666
-0.150212
1.935470
5.285094
-4.738085
-0.112679
-0.112678
-0.181802
5.340710
10.426338
-9.142910
-0.112679
-0.112681
-0.176410
1.310358
3.091311
-2.991780
-0.112679
-0.112680
10.768324
-0.112150
10.769861
10.767327
-0.112679
-0.112680
7.308989
3.111622
12.729848
2.593781
-0.112679
-0.112683
0.894686
0.659857
0.481829
0.484273
0.235802
0.057164
0.296186
0.058514
0.081931
0.029794
0.059097
0.049973
0.001381
0.107115
-0.068318
0.030985
-0.024258
-0.031741
-0.056094
-0.045166
-0.012812
-0.089026
-0.046974
-0.036922
-0.072854
-0.064797
-0.051312
-0.081329
-0.061071
-0.087088
-0.067765
-0.066763
-0.096192
-0.077169
-0.064467
-0.101740
-0.082764
-0.090795
-0.084461
-0.087842
-0.092701
-0.076752
-0.108282
-0.089241
-0.100908
-0.099026
-0.100179
-0.093890
-0.093841
-0.109677
-0.099119
-0.102103
-0.109592
-0.110944
-0.105530
-0.103422
-0.104022
-0.102447
-0.105500
-0.107902
-0.102257
-0.111393
-0.104411
-0.106321
-0.103841
-0.108250
-0.103366
-0.102925
-0.108011
-0.101899
-0.109829
-0.102756
-0.110098
-0.103438
-0.105147
-0.108284
-0.102809
-0.106691
-0.108705
-0.105445
-0.106567
-0.108303
-0.108283
-0.107866
-0.105494
-0.108531
-0.109642
-0.105523
-0.106041
-0.111049
-0.107243
-0.112265
-0.106003
-0.108773
-0.109362
-0.107832
-0.112314
-0.109670
-0.110615
-0.112165
-0.075592
0.224334
0.166126
-0.060569
-0.051522
-0.033502
0.009962
0.046807
-0.006749
0.059063
0.129376
0.095506
0.122443
0.164684
0.025746
0.077634
-0.017273
-0.061930
-0.063652
-0.083682
-0.103135
-0.071062
-0.078031
-0.088578
-0.094065
-0.084694
-0.084588
-0.104877
-0.082557
-0.093436
-0.107431
-0.098316
-0.095068
-0.096412
-0.106231
-0.097303
-0.098609
-0.108233
-0.080545
-0.079992
-0.082481
-0.064455
-0.084014
-0.077131
-0.080664
-0.096214
-0.097772
-0.102172
-0.107519
-0.110194
-0.111950
-0.110275
-0.108526
-0.110815
-0.111362
-0.110299
-0.110215
-0.111708
-0.111002
-0.110613
-0.109317
-0.106896
-0.111323
-0.104493
-0.101813
-0.102066
-0.095766
-0.096934
-0.101769
-0.098627
-0.108646
-0.105453
-0.109263
-0.111079
-0.110195
-0.107783
-0.108966
-0.109668
-0.108364
-0.112161
-0.107973
-0.111295
-0.109061
-0.109828
-0.111878
-0.110154
-0.110407
-0.110882
-0.110565
-0.110323
-0.110832
-0.112266
-0.107481
-0.109797
-0.106063
-0.105534
-0.107669
-0.105046
-0.106302
-0.109725
2.595200
0.276431
0.328631
0.021113
0.449807
0.389316
0.106539
0.198031
0.170632
0.055011
-0.037820
0.039681
-0.011617
-0.093377
0.008054
0.016429
-0.070815
0.034304
0.002995
-0.042970
0.023011
-0.043146
-0.048534
-0.011256
-0.088171
-0.042638
-0.044961
-0.092838
-0.040145
-0.079778
-0.070148
-0.052832
-0.102853
-0.063662
-0.064677
-0.093502
-0.062906
-0.078260
-0.095628
-0.079160
-0.100303
-0.099340
-0.095684
-0.102962
-0.105197
-0.094034
-0.093728
-0.097502
-0.100474
-0.091798
-0.100608
-0.107025
-0.103272
-0.109550
-0.109523
-0.109280
-0.112065
-0.105612
-0.098186
-0.104167
-0.105144
-0.100696
-0.105116
-0.108703
-0.106046
-0.104177
-0.108882
-0.108577
-0.103473
-0.107007
-0.105769
-0.100820
-0.107551
-0.100975
-0.100746
-0.109271
-0.101764
-0.104833
-0.109324
-0.102893
-0.108236
-0.106089
-0.103576
-0.110982
-0.105494
-0.105665
-0.111661
-0.104928
-0.107343
-0.109001
-0.105020
-0.110011
-0.107053
-0.107168
-0.110869
-0.111714
-0.109665
-0.109095
-0.110380
-0.108373
-0.074999
0.347227
0.764160
0.225908
0.432715
0.344618
-0.041493
0.264894
0.208162
0.054771
0.182978
0.077112
-0.011795
0.080601
-0.055264
-0.014912
-0.050638
-0.047477
-0.067699
-0.078898
-0.069960
-0.103593
-0.082623
-0.091253
-0.087628
-0.088739
-0.087758
-0.093485
-0.092042
-0.099219
-0.097463
-0.099820
-0.099563
-0.103738
-0.095551
-0.107755
-0.098139
-0.102793
-0.097130
-0.099856
-0.098024
-0.091833
-0.108020
-0.089784
-0.092995
-0.100432
-0.089733
-0.099897
-0.103930
-0.098511
-0.105610
-0.106860
-0.107850
-0.110147
-0.108664
-0.108879
-0.105552
-0.108358
-0.105122
-0.108176
-0.109429
-0.102930
-0.107788
-0.104373
-0.102266
-0.107909
-0.105713
-0.105290
-0.111304
-0.107688
-0.110735
-0.108086
-0.110775
-0.109901
-0.110626
-0.110741
-0.110218
-0.111387
-0.110632
-0.111413
-0.112091
-0.112250
-0.111803
-0.111729
-0.111999
-0.112360
-0.111237
-0.111532
-0.111650
-0.111406
-0.111285
-0.112261
-0.109377
-0.110435
-0.110483
-0.110098
-0.110847
-0.109903
-0.111908
-0.111022
-0.045401
2.000636
2.721001
0.725900
0.814884
0.604866
-0.013105
0.195808
0.076607
0.005334
-0.054653
0.010410
-0.025460
-0.046465
-0.018186
-0.045876
-0.070285
-0.030317
-0.079946
-0.057806
-0.054441
-0.090024
-0.083641
-0.089201
-0.109289
-0.100035
-0.096685
-0.105833
-0.099028
-0.107386
-0.106511
-0.100138
-0.105792
-0.100506
-0.092992
-0.104267
-0.100217
-0.097370
-0.109853
-0.100854
-0.104012
-0.105178
-0.103318
-0.106002
-0.109329
-0.104289
-0.104175
-0.104872
-0.107865
-0.095291
-0.103299
-0.096371
-0.094004
-0.109359
-0.106418
-0.101122
-0.098378
-0.111790
-0.098137
-0.106193
-0.105673
-0.105986
-0.109110
-0.110379
-0.110192
-0.109231
-0.110676
-0.110561
-0.109799
-0.110374
-0.110393
-0.110278
-0.112483
-0.109480
-0.110882
-0.111579
-0.110319
-0.112113
-0.111616
-0.111920
-0.112170
-0.111391
-0.112223
-0.112398
-0.111124
-0.111218
-0.111682
-0.111076
-0.109605
-0.111222
-0.111019
-0.111067
-0.109708
-0.109827
-0.110365
-0.107535
-0.111875
-0.110391
-0.109865
-0.111017
-0.049311
0.352084
0.581037
0.271690
0.122036
0.116447
0.017579
-0.021005
-0.071226
-0.050632
-0.046911
-0.037073
-0.070706
-0.054657
-0.072852
-0.105602
-0.087056
-0.106434
-0.090699
-0.101101
-0.085193
-0.094562
-0.089272
-0.094587
-0.091206
-0.091574
-0.090124
-0.088708
-0.094780
-0.093782
-0.100598
-0.102057
-0.102829
-0.102464
-0.103886
-0.107433
-0.106469
-0.110910
-0.108185
-0.111998
-0.106178
-0.107047
-0.106722
-0.106703
-0.106741
-0.108396
-0.108091
-0.106992
-0.108809
-0.108706
-0.108453
-0.106450
-0.107964
-0.111256
-0.111019
-0.109939
-0.108700
-0.110573
-0.108100
-0.108490
-0.110233
-0.112072
-0.111849
-0.109538
-0.110783
-0.110019
-0.110874
-0.110494
-0.111405
-0.111387
-0.111397
-0.112221
-0.111516
-0.112382
-0.110859
-0.111743
-0.111052
-0.111553
-0.110905
-0.111771
-0.111363
-0.110939
-0.111498
-0.111590
-0.111672
-0.111355
-0.111890
-0.111645
-0.110948
-0.112136
-0.111768
-0.111942
-0.111948
-0.112072
-0.111195
-0.111587
-0.111316
-0.111212
-0.112259
-0.112391
-2.602288
0.270320
-1.865242
-3.112188
-0.112678
-0.112682
0.867786
0.354558
1.594651
0.259159
-0.112678
-0.112683
0.016668
0.094809
0.326763
-0.333131
-0.112680
-0.112682
-0.437118
2.049519
2.252679
-4.404743
-0.112681
-0.112682
-0.090015
0.526978
1.197345
-0.986276
-0.112678
-0.112681
-0.237454
2.168368
3.274071
-3.042202
-0.112679
-0.112683
6.150038
0.806522
8.032443
4.640873
-0.112677
-0.112681
2.377382
-0.011934
0.133570
-0.095822
-0.077668
-0.102676
-0.108135
-0.106846
-0.108414
-0.108223
-0.108964
-0.110156
-0.108981
-0.111063
-0.111031
-0.111073
-0.110497
-0.110895
-0.111411
-0.111262
-0.111820
-0.110964
-0.111814
-0.109975
-0.108160
-0.098101
-0.108232
-0.111739
-0.110445
-0.102906
-0.109520
-0.108730
-0.110403
-0.111018
-0.110877
-0.111359
-0.111448
-0.111676
-0.111822
-0.111533
-0.111869
-0.111874
-0.112051
-0.111761
-0.111887
-0.111883
-0.111798
-0.111844
-0.111801
-0.112061
-0.112145
-0.111208
-0.109670
-0.111145
-0.112302
-0.112272
-0.109993
-0.111468
-0.111888
-0.111812
-0.111916
-0.111895
-0.111986
-0.112236
-0.112219
-0.112208
-0.112021
-0.112245
-0.112234
-0.112222
-0.112152
-0.112159
-0.112116
-0.112094
-0.112088
-0.112141
-0.112235
-0.112346
-0.111838
-0.111497
-0.112029
-0.112518
-0.112390
-0.111343
-0.112467
-0.112541
-0.112267
-0.112268
-0.112174
-0.112216
-0.112229
-0.112397
-0.112408
-0.112165
-0.112270
-0.112217
-0.112338
-0.112299
-0.112264
-0.112207
0.864918
0.208536
-0.037303
-0.104237
-0.098037
-0.105473
-0.108714
-0.110274
-0.111582
-0.110416
-0.112171
-0.110800
-0.112430
-0.111918
-0.112423
-0.112291
-0.111863
-0.111948
-0.112011
-0.112545
-0.112277
-0.112154
-0.111723
-0.111549
-0.110780
-0.108308
-0.104665
-0.110171
-0.104508
-0.108797
-0.112564
-0.111215
-0.111893
-0.112146
-0.112271
-0.112397
-0.112235
-0.112589
-0.112323
-0.112510
-0.112452
-0.112584
-0.112485
-0.112603
-0.112391
-0.112455
-0.112513
-0.112528
-0.112570
-0.112413
-0.112651
-0.112012
-0.111670
-0.111035
-0.111631
-0.110818
-0.111496
-0.112625
-0.112298
-0.112460
-0.112562
-0.112546
-0.112551
-0.112499
-0.112621
-0.112540
-0.112490
-0.112587
-0.112608
-0.112574
-0.112603
-0.112531
-0.112517
-0.112568
-0.112552
-0.112576
-0.112503
-0.112597
-0.112385
-0.112301
-0.111963
-0.112161
-0.112052
-0.112020
-0.112613
-0.112568
-0.112591
-0.112659
-0.112621
-0.112577
-0.112319
-0.112531
-0.112454
-0.112290
-0.112564
-0.112596
-0.112622
-0.112580
-0.112598
-0.112557
0.015311
0.027381
-0.085872
-0.082170
-0.099465
-0.105341
-0.109947
-0.109181
-0.110089
-0.110788
-0.110246
-0.111112
-0.111513
-0.111693
-0.112199
-0.111183
-0.111649
-0.111236
-0.111008
-0.110975
-0.110997
-0.111662
-0.110886
-0.110433
-0.109782
-0.111778
-0.108875
-0.112181
-0.109822
-0.111082
-0.111404
-0.112342
-0.112153
-0.112022
-0.112443
-0.112459
-0.112480
-0.112306
-0.112360
-0.112518
-0.112310
-0.112449
-0.112347
-0.112510
-0.112437
-0.112257
-0.112289
-0.112302
-0.112347
-0.112361
-0.112308
-0.112287
-0.112353
-0.112025
-0.112206
-0.112190
-0.112131
-0.112462
-0.112343
-0.112290
-0.112259
-0.112393
-0.112388
-0.112458
-0.112432
-0.112429
-0.112452
-0.112411
-0.112440
-0.112484
-0.112473
-0.112497
-0.112468
-0.112469
-0.112459
-0.112415
-0.112490
-0.112517
-0.112533
-0.112305
-0.112610
-0.112231
-0.112325
-0.112380
-0.112338
-0.112344
-0.112360
-0.112360
-0.112386
-0.112344
-0.112484
-0.112373
-0.112332
-0.112498
-0.112360
-0.112434
-0.112469
-0.112436
-0.112433
-0.112465
0.215076
1.356946
0.258392
0.027655
-0.046751
-0.087246
-0.102100
-0.101378
-0.103103
-0.105287
-0.107082
-0.108519
-0.108571
-0.107650
-0.106702
-0.106274
-0.106623
-0.107633
-0.108900
-0.109486
-0.108506
-0.106910
-0.102471
-0.098458
-0.103016
-0.095820
-0.069511
-0.103063
-0.089000
-0.093698
-0.101003
-0.103042
-0.108236
-0.110786
-0.112205
-0.112103
-0.111580
-0.111388
-0.111606
-0.111976
-0.112140
-0.112006
-0.111772
-0.111670
-0.111787
-0.112104
-0.112561
-0.111955
-0.111279
-0.110155
-0.109530
-0.111801
-0.111248
-0.105207
-0.107240
-0.108809
-0.107536
-0.108683
-0.108510
-0.111006
-0.112172
-0.112226
-0.111854
-0.111872
-0.111315
-0.111432
-0.112063
-0.112163
-0.112233
-0.112288
-0.112062
-0.111926
-0.111938
-0.112075
-0.112312
-0.112550
-0.112207
-0.111987
-0.111121
-0.111865
-0.111358
-0.108967
-0.109868
-0.110590
-0.110554
-0.110384
-0.112007
-0.112481
-0.111561
-0.111479
-0.111919
-0.110621
-0.110406
-0.112285
-0.111671
-0.111358
-0.112180
-0.112274
-0.112094
-0.111974
-0.094310
0.185758
0.224328
-0.073380
-0.094973
-0.105197
-0.107941
-0.108775
-0.109937
-0.111096
-0.111967
-0.112502
-0.111857
-0.111359
-0.111077
-0.111068
-0.111309
-0.111501
-0.111863
-0.111897
-0.111395
-0.110786
-0.110125
-0.109016
-0.109127
-0.096969
-0.104157
-0.107373
-0.105398
-0.096693
-0.110239
-0.108980
-0.110380
-0.111060
-0.111452
-0.111836
-0.112063
-0.112259
-0.112364
-0.112370
-0.112225
-0.112146
-0.112117
-0.112133
-0.112178
-0.112236
-0.112255
-0.112150
-0.112011
-0.111851
-0.111783
-0.112062
-0.109954
-0.110632
-0.110621
-0.111229
-0.109231
-0.111247
-0.111137
-0.111880
-0.112140
-0.112237
-0.112201
-0.112336
-0.112315
-0.112456
-0.112659
-0.112506
-0.112579
-0.112508
-0.112414
-0.112368
-0.112356
-0.112385
-0.112422
-0.112450
-0.112423
-0.112404
-0.112003
-0.111404
-0.111950
-0.111797
-0.112456
-0.111675
-0.111532
-0.111776
-0.112282
-0.112383
-0.112174
-0.111890
-0.112566
-0.112446
-0.112365
-0.112452
-0.112059
-0.112272
-0.112605
-0.112600
-0.112506
-0.112443
0.005729
1.473139
0.138914
-0.018888
-0.092626
-0.093050
-0.100555
-0.103449
-0.105440
-0.106555
-0.107176
-0.107106
-0.107345
-0.107842
-0.108438
-0.109183
-0.109751
-0.109949
-0.109832
-0.109379
-0.108791
-0.108188
-0.107866
-0.106002
-0.097197
-0.092130
-0.071340
-0.105386
-0.082192
-0.109871
-0.099258
-0.102894
-0.104600
-0.106608
-0.107765
-0.108501
-0.108880
-0.108980
-0.108873
-0.109043
-0.109237
-0.109555
-0.109876
-0.110096
-0.110129
-0.110041
-0.109877
-0.109779
-0.109792
-0.109977
-0.109938
-0.108929
-0.107821
-0.105411
-0.107986
-0.104640
-0.109672
-0.107255
-0.109385
-0.109740
-0.110195
-0.110487
-0.110661
-0.110660
-0.111087
-0.110510
-0.110920
-0.110953
-0.110954
-0.110994
-0.111041
-0.111047
-0.110991
-0.110892
-0.110815
-0.110796
-0.110838
-0.110919
-0.110677
-0.110491
-0.109870
-0.110448
-0.108925
-0.112008
-0.111180
-0.111846
-0.111447
-0.111347
-0.111388
-0.111923
-0.111531
-0.111958
-0.111508
-0.111770
-0.112147
-0.111542
-0.111493
-0.111407
-0.111440
-0.111450
