-1.190549
1.923462
2.885874
-8.066456
-0.111154
-0.111146
-0.019652
0.993417
3.606731
-2.557667
-0.111148
-0.111147
2.468932
1.557116
7.420335
-3.996004
-0.111153
-0.111140
-0.399034
1.714014
4.812614
-5.021851
-0.111150
-0.111149
-0.114080
5.421578
10.446716
-9.864894
-0.111150
-0.111152
-0.046441
1.319368
3.030144
-3.074190
-0.111150
-0.111151
10.060474
-0.109663
10.062811
10.058780
-0.111149
-0.111154
7.524506
3.293752
13.182898
2.587565
-0.111150
-0.111153
0.962861
0.620976
0.418562
0.498541
0.299702
0.060240
0.335656
0.121450
0.068719
0.025296
0.086929
0.108036
0.056500
0.204516
0.022681
0.065258
0.049351
-0.076038
-0.060200
-0.015558
-0.065160
-0.047148
-0.031473
-0.061223
-0.008542
-0.084185
-0.014381
-0.041759
-0.062924
-0.034825
-0.094016
-0.055727
-0.093661
-0.077584
-0.080820
-0.106666
-0.087089
-0.073837
-0.095320
-0.067759
-0.059617
-0.094368
-0.072648
-0.091360
-0.099967
-0.101050
-0.092467
-0.092930
-0.102381
-0.092244
-0.101490
-0.106715
-0.101556
-0.108107
-0.107677
-0.101235
-0.099425
-0.104461
-0.103239
-0.096498
-0.105066
-0.103268
-0.105897
-0.102994
-0.104667
-0.097534
-0.095381
-0.105208
-0.096040
-0.103685
-0.109020
-0.106491
-0.104158
-0.108990
-0.104399
-0.105800
-0.104814
-0.104043
-0.105821
-0.102603
-0.107216
-0.103634
-0.105934
-0.106128
-0.104464
-0.109316
-0.103737
-0.108478
-0.106328
-0.104822
-0.107324
-0.108240
-0.101742
-0.104690
-0.105552
-0.102204
-0.106541
-0.108432
-0.106718
-0.107439
-0.020530
0.238286
0.183396
-0.014254
-0.076263
-0.015653
0.026860
-0.018980
-0.031009
0.015002
0.107451
0.040837
0.111680
0.120511
-0.011185
0.058109
-0.042280
-0.034031
0.002485
-0.042901
-0.003226
0.023313
-0.033397
-0.001210
-0.057473
-0.050897
-0.072683
-0.064888
-0.072943
-0.064569
-0.049145
-0.063689
-0.039961
-0.072493
-0.068594
-0.073650
-0.100354
-0.082772
-0.077163
-0.091758
-0.066377
-0.085060
-0.081815
-0.085208
-0.101641
-0.096541
-0.103678
-0.103777
-0.108928
-0.109065
-0.109441
-0.107407
-0.108249
-0.109413
-0.108120
-0.106906
-0.109358
-0.110402
-0.107358
-0.107505
-0.110325
-0.110422
-0.103808
-0.101829
-0.104488
-0.096065
-0.099600
-0.100761
-0.099111
-0.106638
-0.101559
-0.104180
-0.106876
-0.100677
-0.102017
-0.101561
-0.100400
-0.104114
-0.102700
-0.106425
-0.103926
-0.106627
-0.105433
-0.106135
-0.104575
-0.103582
-0.105612
-0.103422
-0.106606
-0.108817
-0.105533
-0.107035
-0.106319
-0.104359
-0.107129
-0.104287
-0.106681
-0.108325
-0.107357
-0.109676
2.467295
0.298395
0.373949
0.003123
0.461124
0.441281
0.096633
0.174740
0.192984
0.068455
-0.072282
0.007410
-0.066355
-0.040287
-0.018217
-0.031632
-0.062860
0.007449
-0.033205
-0.076004
-0.046829
-0.072471
-0.091215
-0.055298
-0.088254
-0.064078
-0.080329
-0.073442
-0.082363
-0.081395
-0.079319
-0.101564
-0.084539
-0.088704
-0.103362
-0.079808
-0.082969
-0.102113
-0.088213
-0.095858
-0.098421
-0.101916
-0.095369
-0.106282
-0.093353
-0.092496
-0.099379
-0.095950
-0.086830
-0.097718
-0.103741
-0.101743
-0.106869
-0.109654
-0.109843
-0.108136
-0.104141
-0.096093
-0.101774
-0.102873
-0.097762
-0.101757
-0.106577
-0.106174
-0.106797
-0.106875
-0.104382
-0.107673
-0.108262
-0.106369
-0.103404
-0.107667
-0.106400
-0.105948
-0.109756
-0.108177
-0.106257
-0.108431
-0.106911
-0.108438
-0.106805
-0.109123
-0.107007
-0.108909
-0.107683
-0.106221
-0.109535
-0.106796
-0.104041
-0.108141
-0.106757
-0.107016
-0.109027
-0.109383
-0.108461
-0.107319
-0.107934
-0.106255
-0.108878
-0.105894
0.176103
0.441931
0.609702
0.117761
0.325805
0.243984
-0.052875
0.223949
0.185993
0.134573
0.220466
0.085017
-0.038299
0.036062
-0.021243
-0.067742
-0.060289
-0.048273
-0.083836
-0.090588
-0.088042
-0.107291
-0.102896
-0.109430
-0.107980
-0.109989
-0.109897
-0.110089
-0.110899
-0.109977
-0.109438
-0.108069
-0.107364
-0.103773
-0.107769
-0.101294
-0.099223
-0.105240
-0.097835
-0.094351
-0.096473
-0.106117
-0.088330
-0.087615
-0.094086
-0.088476
-0.097632
-0.104466
-0.100877
-0.105449
-0.105138
-0.104743
-0.109160
-0.110317
-0.108968
-0.108058
-0.107513
-0.104787
-0.107403
-0.107790
-0.103089
-0.106038
-0.100289
-0.099565
-0.105439
-0.104938
-0.105029
-0.109509
-0.108894
-0.107165
-0.108060
-0.109756
-0.109630
-0.109771
-0.110985
-0.110749
-0.110865
-0.110882
-0.110377
-0.110481
-0.110837
-0.110451
-0.109638
-0.110209
-0.109245
-0.109448
-0.110307
-0.110544
-0.110242
-0.109685
-0.110623
-0.109200
-0.108678
-0.110232
-0.109262
-0.107273
-0.107534
-0.106782
-0.106575
-0.108104
-0.110488
2.041495
2.748389
0.662157
0.888112
0.661548
-0.070289
0.171398
0.131511
0.044747
-0.039438
-0.033534
-0.033657
-0.002830
-0.057786
-0.065242
-0.084196
-0.042633
-0.052302
-0.084398
-0.048237
-0.061426
-0.093739
-0.064087
-0.086240
-0.088972
-0.082274
-0.088454
-0.095212
-0.088683
-0.091377
-0.101579
-0.087519
-0.096453
-0.099412
-0.094534
-0.100236
-0.108412
-0.103144
-0.103574
-0.100052
-0.106355
-0.104259
-0.104242
-0.101334
-0.101985
-0.105536
-0.103621
-0.093555
-0.102745
-0.092683
-0.089720
-0.108693
-0.106601
-0.101831
-0.098342
-0.107963
-0.093812
-0.102662
-0.106143
-0.103835
-0.106305
-0.109835
-0.108900
-0.108324
-0.107714
-0.108442
-0.109647
-0.108960
-0.108905
-0.108696
-0.109650
-0.108431
-0.107999
-0.109367
-0.108472
-0.108362
-0.109932
-0.109048
-0.109017
-0.109831
-0.109584
-0.109169
-0.110263
-0.109166
-0.108436
-0.110411
-0.108295
-0.108654
-0.110383
-0.107482
-0.109496
-0.110404
-0.110866
-0.109258
-0.108877
-0.109554
-0.107606
-0.110683
-0.109402
-0.046581
0.266785
0.604834
0.348031
0.062919
0.085016
0.047115
0.002071
-0.097156
-0.018213
-0.042656
-0.006975
-0.020528
-0.053812
-0.059206
-0.071034
-0.072660
-0.084642
-0.090838
-0.092841
-0.094823
-0.106488
-0.095864
-0.103898
-0.101331
-0.102118
-0.107251
-0.108082
-0.106636
-0.109650
-0.104445
-0.107122
-0.104443
-0.104638
-0.107217
-0.105157
-0.104418
-0.106437
-0.104450
-0.101810
-0.102855
-0.103397
-0.103643
-0.099909
-0.102211
-0.109358
-0.103228
-0.104148
-0.106127
-0.107359
-0.104902
-0.107481
-0.110418
-0.110440
-0.109556
-0.106442
-0.108061
-0.108912
-0.108748
-0.109804
-0.109335
-0.108727
-0.108764
-0.108991
-0.106249
-0.107392
-0.109046
-0.109400
-0.108714
-0.108968
-0.110520
-0.109744
-0.110118
-0.110430
-0.110660
-0.109991
-0.110680
-0.110159
-0.110750
-0.110548
-0.110673
-0.110787
-0.110832
-0.110964
-0.110706
-0.110409
-0.111034
-0.110240
-0.110211
-0.110262
-0.110338
-0.110003
-0.109224
-0.109860
-0.109997
-0.109631
-0.108979
-0.109222
-0.110901
-0.109449
-2.511386
0.286502
-1.864993
-3.238016
-0.111151
-0.111153
0.856298
0.453217
1.759386
0.207363
-0.111149
-0.111154
0.030588
0.128219
0.322802
-0.385796
-0.111151
-0.111154
-0.351983
1.909542
2.401872
-3.989184
-0.111151
-0.111153
-0.132191
0.475960
0.890319
-1.162034
-0.111151
-0.111153
-0.077105
2.552922
3.980208
-3.229063
-0.111150
-0.111154
6.144839
0.833279
7.794359
4.514233
-0.111150
-0.111152
2.292717
0.013044
0.139171
-0.092050
-0.079068
-0.105305
-0.108950
-0.110063
-0.109532
-0.110565
-0.108309
-0.110834
-0.110076
-0.109790
-0.109326
-0.110271
-0.110184
-0.109759
-0.110143
-0.109887
-0.109944
-0.109699
-0.108665
-0.107906
-0.108815
-0.095974
-0.106372
-0.105784
-0.108968
-0.101977
-0.109818
-0.108222
-0.110511
-0.110519
-0.110947
-0.110992
-0.110966
-0.110752
-0.111000
-0.111041
-0.111082
-0.110871
-0.110988
-0.110920
-0.110961
-0.110881
-0.110810
-0.110823
-0.110590
-0.110313
-0.110220
-0.109950
-0.108254
-0.110160
-0.108952
-0.110230
-0.109556
-0.110941
-0.110451
-0.110920
-0.110915
-0.111034
-0.111096
-0.111054
-0.110999
-0.111085
-0.111071
-0.111080
-0.111043
-0.110979
-0.111095
-0.111139
-0.111033
-0.110998
-0.111030
-0.110883
-0.110758
-0.110536
-0.110319
-0.110333
-0.110968
-0.110025
-0.110576
-0.110700
-0.111114
-0.110923
-0.111026
-0.111032
-0.111055
-0.111124
-0.110995
-0.110870
-0.110718
-0.111041
-0.111021
-0.110666
-0.110763
-0.110983
-0.111039
-0.111050
0.858507
0.279778
-0.037783
-0.105588
-0.096105
-0.108447
-0.107260
-0.107494
-0.107318
-0.107522
-0.108926
-0.109717
-0.109531
-0.109745
-0.108963
-0.110158
-0.109760
-0.109121
-0.109800
-0.110056
-0.110395
-0.110925
-0.110127
-0.108368
-0.108713
-0.107750
-0.100129
-0.109413
-0.100731
-0.105312
-0.107455
-0.108696
-0.108710
-0.109337
-0.109196
-0.109748
-0.109715
-0.109767
-0.109670
-0.109837
-0.109823
-0.110073
-0.109848
-0.110051
-0.110137
-0.110083
-0.110111
-0.109949
-0.109888
-0.109740
-0.110187
-0.109189
-0.109676
-0.110200
-0.110272
-0.109018
-0.110147
-0.110082
-0.110100
-0.110211
-0.110331
-0.110402
-0.110400
-0.110473
-0.110316
-0.110400
-0.110428
-0.110387
-0.110311
-0.110531
-0.110428
-0.110549
-0.110410
-0.110502
-0.110375
-0.110503
-0.110310
-0.110244
-0.109712
-0.110323
-0.110071
-0.109961
-0.110982
-0.110598
-0.110738
-0.110700
-0.110763
-0.110667
-0.110717
-0.110627
-0.110654
-0.110692
-0.110924
-0.110709
-0.110864
-0.111137
-0.110699
-0.110774
-0.110631
-0.110728
0.030061
0.051152
-0.074391
-0.084045
-0.110045
-0.107893
-0.108368
-0.110255
-0.109571
-0.109412
-0.110714
-0.108842
-0.109910
-0.110365
-0.110287
-0.110192
-0.109756
-0.110589
-0.110380
-0.110596
-0.110598
-0.110275
-0.110186
-0.110988
-0.107711
-0.109053
-0.107227
-0.111017
-0.106689
-0.108849
-0.110229
-0.110478
-0.110332
-0.110864
-0.110573
-0.110886
-0.110876
-0.110683
-0.111053
-0.110981
-0.110946
-0.111004
-0.110994
-0.110830
-0.110977
-0.110822
-0.110924
-0.110946
-0.110833
-0.111109
-0.110962
-0.110038
-0.110740
-0.110366
-0.110785
-0.110333
-0.110595
-0.111017
-0.111040
-0.110994
-0.111042
-0.110994
-0.111019
-0.111068
-0.111050
-0.111057
-0.111020
-0.111085
-0.111064
-0.111039
-0.111015
-0.111079
-0.111007
-0.111052
-0.111020
-0.110983
-0.111005
-0.111097
-0.110624
-0.110793
-0.110923
-0.110826
-0.110898
-0.111036
-0.111017
-0.111064
-0.111067
-0.111068
-0.111085
-0.111110
-0.111065
-0.111032
-0.111040
-0.111067
-0.111001
-0.111019
-0.111039
-0.111043
-0.111105
-0.111120
0.138380
1.263952
0.239762
0.023621
-0.067891
-0.104601
-0.108767
-0.107184
-0.105884
-0.107227
-0.106443
-0.107472
-0.106664
-0.107524
-0.106731
-0.107393
-0.106602
-0.107125
-0.106179
-0.106365
-0.105300
-0.105887
-0.103430
-0.107150
-0.091458
-0.098451
-0.076776
-0.104168
-0.078526
-0.091238
-0.099912
-0.102223
-0.104952
-0.106187
-0.106489
-0.107402
-0.107204
-0.107838
-0.107623
-0.108091
-0.107784
-0.108173
-0.108089
-0.108404
-0.108215
-0.108437
-0.108451
-0.108411
-0.108266
-0.107682
-0.108627
-0.107638
-0.107412
-0.101462
-0.104306
-0.105771
-0.107524
-0.106106
-0.107000
-0.107143
-0.107640
-0.107591
-0.107710
-0.107703
-0.107734
-0.107485
-0.107656
-0.108026
-0.107744
-0.107931
-0.107702
-0.107997
-0.107762
-0.107887
-0.107565
-0.107558
-0.106918
-0.107256
-0.104801
-0.107312
-0.108019
-0.106487
-0.108350
-0.107976
-0.108898
-0.108632
-0.108731
-0.108463
-0.108575
-0.108463
-0.108706
-0.108544
-0.109458
-0.108877
-0.108653
-0.109012
-0.108678
-0.108920
-0.108457
-0.108553
-0.094711
0.009303
0.284664
-0.081725
-0.094226
-0.103718
-0.105358
-0.105707
-0.106797
-0.106978
-0.107702
-0.107806
-0.108264
-0.108395
-0.108699
-0.108766
-0.109053
-0.109012
-0.109316
-0.109020
-0.109591
-0.108847
-0.109914
-0.108755
-0.104310
-0.087722
-0.107464
-0.103809
-0.109375
-0.095249
-0.108583
-0.108125
-0.109832
-0.109361
-0.110042
-0.109781
-0.110152
-0.109958
-0.110233
-0.110068
-0.110276
-0.110159
-0.110317
-0.110289
-0.110389
-0.110339
-0.110422
-0.110382
-0.110372
-0.110366
-0.109629
-0.109348
-0.106278
-0.109784
-0.107665
-0.109152
-0.108767
-0.110529
-0.110802
-0.110683
-0.110936
-0.110695
-0.110870
-0.110712
-0.110829
-0.110565
-0.110920
-0.110731
-0.110946
-0.110918
-0.110796
-0.110795
-0.110873
-0.110736
-0.110911
-0.110586
-0.111001
-0.110040
-0.109625
-0.109947
-0.110973
-0.109662
-0.110458
-0.110238
-0.110999
-0.110780
-0.111023
-0.110917
-0.111010
-0.111029
-0.110936
-0.110807
-0.110454
-0.110811
-0.110841
-0.110322
-0.110584
-0.111041
-0.110993
-0.111111
-0.066219
1.753649
0.091646
0.006914
-0.069643
-0.089319
-0.093614
-0.098188
-0.098028
-0.101271
-0.100957
-0.103420
-0.102858
-0.104721
-0.104277
-0.105738
-0.105161
-0.106656
-0.105898
-0.107286
-0.106015
-0.107605
-0.103921
-0.106337
-0.092476
-0.098028
-0.062340
-0.106653
-0.062192
-0.092535
-0.101240
-0.105544
-0.104195
-0.106167
-0.105333
-0.106839
-0.106161
-0.107255
-0.106654
-0.107563
-0.107063
-0.107715
-0.107542
-0.108009
-0.107703
-0.108071
-0.107872
-0.108107
-0.108021
-0.108246
-0.107543
-0.102543
-0.108160
-0.099954
-0.105626
-0.103719
-0.106994
-0.109509
-0.109052
-0.109392
-0.109048
-0.109443
-0.109124
-0.109462
-0.109181
-0.109228
-0.108836
-0.109906
-0.109204
-0.109637
-0.109374
-0.109679
-0.109249
-0.109714
-0.109167
-0.109765
-0.108867
-0.109463
-0.105849
-0.107146
-0.108240
-0.107866
-0.108868
-0.110625
-0.109802
-0.110028
-0.110049
-0.110002
-0.110098
-0.109913
-0.110060
-0.109703
-0.110680
-0.110039
-0.109446
-0.110006
-0.109890
-0.110055
-0.109930
-0.110262
