-2.285190
1.955957
2.184036
-9.132151
-0.109456
-0.109449
0.005173
1.072254
3.987261
-2.969893
-0.109450
-0.109448
2.219909
1.568843
7.227101
-4.082583
-0.109455
-0.109444
-0.414682
2.028273
5.031011
-4.456338
-0.109453
-0.109453
0.083146
5.545605
10.742581
-9.166498
-0.109453
-0.109455
-0.215847
1.446786
3.020974
-3.103796
-0.109453
-0.109453
8.252052
-0.109134
8.252365
8.251450
-0.109454
-0.109455
8.801092
3.449864
15.037676
3.706862
-0.109453
-0.109456
2.061086
0.632249
0.340383
0.470403
0.331324
0.162601
0.382458
0.160884
0.109116
-0.029034
0.127835
0.124210
-0.019758
0.211611
0.018129
0.091915
0.069117
-0.086942
-0.007872
-0.064495
-0.060422
0.000679
-0.057932
-0.022227
-0.006501
-0.092200
-0.040463
-0.072698
-0.046625
-0.105950
-0.047961
-0.059783
-0.104310
-0.057542
-0.061271
-0.091225
-0.053010
-0.103004
-0.050738
-0.077705
-0.072770
-0.070703
-0.101277
-0.088126
-0.087898
-0.089220
-0.103017
-0.082624
-0.088743
-0.104444
-0.092379
-0.096484
-0.099234
-0.106481
-0.105268
-0.107653
-0.103899
-0.095352
-0.100264
-0.098183
-0.101029
-0.100116
-0.102373
-0.103931
-0.093463
-0.100135
-0.096893
-0.094445
-0.103609
-0.099527
-0.101053
-0.106293
-0.103869
-0.100323
-0.104619
-0.094075
-0.103871
-0.096417
-0.098882
-0.106058
-0.102302
-0.103679
-0.105823
-0.106509
-0.104646
-0.102544
-0.109079
-0.100270
-0.103522
-0.101961
-0.100777
-0.106984
-0.102324
-0.107313
-0.103487
-0.102784
-0.102207
-0.105465
-0.101633
-0.101199
0.004563
0.293679
0.226407
0.012378
-0.086818
-0.009618
0.002534
0.065991
-0.016160
0.092590
0.144495
0.048899
0.147038
0.116144
-0.002211
0.053669
-0.003620
-0.042483
-0.016321
-0.082186
-0.047261
-0.033749
-0.081008
-0.053656
-0.072512
-0.088532
-0.086802
-0.093864
-0.082944
-0.088134
-0.069327
-0.078213
-0.089425
-0.080669
-0.090196
-0.102477
-0.081827
-0.084963
-0.082329
-0.069835
-0.087372
-0.071370
-0.073754
-0.094216
-0.082942
-0.092668
-0.101571
-0.096953
-0.104241
-0.107213
-0.107235
-0.105597
-0.103916
-0.106074
-0.108142
-0.106062
-0.105377
-0.104885
-0.108705
-0.105007
-0.106955
-0.102791
-0.104206
-0.100303
-0.096491
-0.102078
-0.096269
-0.097470
-0.105253
-0.099109
-0.102188
-0.103574
-0.100908
-0.106060
-0.102665
-0.103651
-0.107008
-0.106103
-0.106687
-0.108677
-0.106991
-0.106644
-0.105815
-0.105491
-0.104595
-0.106649
-0.107438
-0.106889
-0.106204
-0.106396
-0.104586
-0.104595
-0.105357
-0.102777
-0.106071
-0.102695
-0.104265
-0.106897
-0.104759
-0.107427
2.217729
0.312902
0.346377
-0.008193
0.404752
0.395798
0.100121
0.132456
0.195215
0.159349
-0.012329
0.007569
0.032767
-0.081561
-0.000555
0.028455
-0.045995
0.034772
0.031176
-0.035426
0.013569
-0.002646
-0.059347
0.006569
-0.044370
-0.036114
-0.017376
-0.084497
-0.030364
-0.064046
-0.067611
-0.048224
-0.075350
-0.064173
-0.051318
-0.083215
-0.062670
-0.069280
-0.101160
-0.081097
-0.090998
-0.102549
-0.087856
-0.098079
-0.098669
-0.088685
-0.085926
-0.095960
-0.098134
-0.088499
-0.097435
-0.106219
-0.105922
-0.107041
-0.104540
-0.103712
-0.103994
-0.103742
-0.097789
-0.100538
-0.101872
-0.102306
-0.097427
-0.096363
-0.106312
-0.103988
-0.102683
-0.107558
-0.104057
-0.102631
-0.106664
-0.102212
-0.100698
-0.105775
-0.100722
-0.099790
-0.105153
-0.098336
-0.104384
-0.102255
-0.102273
-0.106577
-0.102470
-0.104203
-0.102839
-0.099855
-0.102609
-0.102022
-0.100436
-0.107790
-0.102518
-0.103519
-0.108059
-0.103753
-0.106712
-0.106385
-0.104377
-0.104458
-0.107389
-0.104096
0.194408
0.617035
0.821265
0.134006
0.413924
0.369382
-0.057993
0.235697
0.138139
0.021163
0.131825
-0.084469
0.049252
0.022658
-0.067028
-0.043585
-0.081922
-0.081973
-0.065802
-0.098317
-0.078625
-0.079019
-0.106454
-0.096069
-0.096894
-0.103137
-0.098396
-0.102254
-0.102126
-0.105204
-0.102842
-0.099164
-0.104429
-0.094716
-0.101408
-0.103406
-0.100939
-0.101682
-0.107359
-0.096578
-0.103980
-0.091390
-0.089880
-0.105816
-0.088150
-0.100593
-0.098025
-0.095083
-0.107014
-0.098388
-0.098184
-0.105409
-0.106086
-0.106104
-0.107608
-0.105539
-0.105300
-0.108531
-0.101974
-0.100987
-0.106841
-0.100636
-0.104382
-0.104228
-0.102462
-0.107659
-0.103669
-0.103740
-0.107981
-0.106023
-0.107801
-0.107692
-0.106948
-0.108801
-0.108220
-0.107925
-0.108340
-0.108096
-0.108137
-0.108211
-0.107883
-0.108687
-0.108629
-0.109298
-0.109280
-0.108375
-0.108492
-0.108494
-0.108514
-0.108591
-0.108646
-0.108544
-0.109210
-0.107318
-0.108976
-0.106349
-0.104467
-0.108306
-0.106089
-0.105612
0.084009
1.961322
2.923206
0.747926
0.854252
0.566140
0.082536
0.149435
0.140868
0.132572
0.029187
-0.030343
-0.025555
0.011327
-0.085532
-0.019751
-0.070591
-0.066649
-0.058983
-0.083771
-0.067316
-0.046879
-0.078448
-0.060846
-0.075826
-0.084635
-0.084896
-0.095445
-0.087704
-0.100546
-0.087229
-0.092549
-0.094074
-0.091281
-0.093918
-0.102116
-0.094354
-0.102671
-0.099194
-0.097896
-0.105505
-0.101242
-0.104075
-0.104682
-0.098418
-0.094569
-0.101702
-0.092996
-0.103375
-0.090584
-0.097939
-0.098334
-0.098011
-0.099596
-0.102059
-0.095730
-0.092104
-0.108132
-0.101261
-0.103606
-0.105174
-0.104134
-0.103296
-0.104611
-0.103116
-0.107512
-0.105353
-0.106639
-0.107778
-0.107683
-0.107993
-0.108019
-0.107312
-0.108144
-0.107017
-0.106053
-0.107795
-0.106856
-0.107766
-0.107823
-0.108532
-0.108016
-0.109080
-0.107833
-0.107333
-0.109326
-0.106647
-0.107595
-0.107979
-0.108755
-0.108779
-0.106804
-0.108706
-0.106597
-0.107895
-0.108251
-0.108728
-0.107542
-0.106822
-0.109013
-0.003406
0.391749
0.663949
0.363580
0.082988
0.010998
0.038639
0.061613
0.003334
-0.055549
-0.045360
-0.079136
-0.082568
-0.074873
-0.091417
-0.071072
-0.096514
-0.092495
-0.102906
-0.099009
-0.091138
-0.089342
-0.088671
-0.091415
-0.091005
-0.091444
-0.093618
-0.091475
-0.095350
-0.093503
-0.097755
-0.097751
-0.100825
-0.101674
-0.105306
-0.108036
-0.106980
-0.106734
-0.104864
-0.104415
-0.107613
-0.106111
-0.108046
-0.106345
-0.105489
-0.105477
-0.104983
-0.103069
-0.103118
-0.104769
-0.104902
-0.104648
-0.106875
-0.106983
-0.107274
-0.105921
-0.104562
-0.106382
-0.107909
-0.109208
-0.106002
-0.105082
-0.107232
-0.108033
-0.107089
-0.108463
-0.108092
-0.108340
-0.108117
-0.108662
-0.108527
-0.109089
-0.109255
-0.108770
-0.108823
-0.108583
-0.108544
-0.108565
-0.107971
-0.108304
-0.107801
-0.107736
-0.107717
-0.107881
-0.107850
-0.108161
-0.109322
-0.108501
-0.108981
-0.109012
-0.109067
-0.108794
-0.108318
-0.108410
-0.109245
-0.109132
-0.108711
-0.108667
-0.108525
-0.108182
-2.707426
0.253662
-2.064517
-3.367818
-0.109453
-0.109455
0.207052
0.380352
1.035771
-0.352527
-0.109452
-0.109456
0.050179
0.123090
0.463583
-0.383518
-0.109453
-0.109455
-0.286009
1.732652
2.457025
-3.778453
-0.109454
-0.109455
-0.153519
1.028238
1.392875
-2.295955
-0.109454
-0.109456
-0.243426
3.009831
4.479260
-3.815918
-0.109452
-0.109456
5.731569
0.789256
7.304789
4.221870
-0.109452
-0.109455
2.486206
0.033254
0.093984
-0.055058
-0.081153
-0.102567
-0.102696
-0.104065
-0.103571
-0.106985
-0.105522
-0.106107
-0.105407
-0.107163
-0.106610
-0.106242
-0.107617
-0.106633
-0.107596
-0.107182
-0.107433
-0.107553
-0.107660
-0.105637
-0.100449
-0.099029
-0.105432
-0.107638
-0.106872
-0.100705
-0.107611
-0.106594
-0.107962
-0.108537
-0.108291
-0.108466
-0.108832
-0.108441
-0.108597
-0.108684
-0.108677
-0.108582
-0.108773
-0.108693
-0.108549
-0.108834
-0.108721
-0.108738
-0.108839
-0.108506
-0.108337
-0.107136
-0.107708
-0.108921
-0.108547
-0.109012
-0.107772
-0.108167
-0.108336
-0.108912
-0.108974
-0.108869
-0.109106
-0.108961
-0.108970
-0.109056
-0.109018
-0.108979
-0.109007
-0.109076
-0.109007
-0.109060
-0.109105
-0.109056
-0.109102
-0.109111
-0.108946
-0.109037
-0.108785
-0.108876
-0.108942
-0.108621
-0.108847
-0.108689
-0.108658
-0.108976
-0.109277
-0.109143
-0.109185
-0.109263
-0.108948
-0.109013
-0.108863
-0.108909
-0.108940
-0.109198
-0.109208
-0.109185
-0.109207
-0.109172
0.204270
0.224574
-0.020133
-0.096127
-0.097444
-0.105568
-0.106688
-0.107876
-0.106865
-0.108434
-0.108869
-0.108061
-0.109096
-0.109013
-0.109118
-0.109105
-0.108591
-0.108761
-0.108931
-0.108926
-0.109076
-0.108710
-0.108592
-0.107351
-0.108062
-0.106554
-0.099919
-0.105022
-0.102914
-0.104386
-0.108325
-0.108667
-0.109156
-0.109122
-0.109089
-0.109084
-0.109432
-0.109244
-0.109205
-0.109269
-0.109203
-0.109299
-0.109434
-0.109221
-0.109283
-0.109441
-0.109361
-0.109284
-0.109391
-0.109151
-0.109022
-0.109068
-0.109242
-0.107466
-0.107559
-0.108444
-0.108226
-0.109037
-0.109166
-0.109383
-0.109255
-0.109311
-0.109390
-0.109295
-0.109214
-0.109311
-0.109298
-0.109350
-0.109352
-0.109355
-0.109323
-0.109376
-0.109341
-0.109315
-0.109344
-0.109377
-0.109274
-0.109376
-0.109151
-0.109084
-0.108750
-0.108492
-0.109387
-0.109022
-0.109117
-0.109285
-0.109321
-0.109281
-0.109397
-0.109245
-0.109228
-0.109202
-0.109058
-0.109224
-0.109229
-0.109228
-0.109373
-0.109334
-0.109354
-0.109335
0.047844
0.040005
-0.043827
-0.085592
-0.098860
-0.108044
-0.107286
-0.106498
-0.108337
-0.107204
-0.108196
-0.108237
-0.109130
-0.107408
-0.107405
-0.108641
-0.108836
-0.108191
-0.108487
-0.108764
-0.108320
-0.108718
-0.108155
-0.109009
-0.107656
-0.106424
-0.106548
-0.106615
-0.105214
-0.106465
-0.107380
-0.107874
-0.109263
-0.109230
-0.108612
-0.108968
-0.109066
-0.108860
-0.108857
-0.109115
-0.108916
-0.108902
-0.108908
-0.108891
-0.108941
-0.109093
-0.108845
-0.108918
-0.109061
-0.108686
-0.108974
-0.108927
-0.109323
-0.108764
-0.108206
-0.108411
-0.108920
-0.108541
-0.108828
-0.109250
-0.109043
-0.108992
-0.109126
-0.109091
-0.108995
-0.109096
-0.109115
-0.109104
-0.109058
-0.109001
-0.109024
-0.109102
-0.109082
-0.108962
-0.109106
-0.109056
-0.108869
-0.109080
-0.108981
-0.109178
-0.108951
-0.108963
-0.109175
-0.109181
-0.108798
-0.109138
-0.109066
-0.108992
-0.109149
-0.109002
-0.109071
-0.109113
-0.109349
-0.109113
-0.109141
-0.109007
-0.109086
-0.109015
-0.109076
-0.109110
0.070492
0.974208
0.589296
0.024633
-0.068469
-0.083415
-0.097689
-0.100098
-0.097754
-0.101210
-0.103489
-0.100632
-0.102187
-0.104827
-0.101906
-0.102268
-0.105271
-0.102436
-0.101680
-0.105027
-0.102341
-0.099376
-0.104860
-0.096801
-0.081396
-0.077481
-0.079990
-0.104262
-0.086739
-0.074305
-0.107517
-0.109000
-0.105015
-0.107094
-0.108441
-0.106084
-0.106778
-0.107987
-0.106180
-0.106508
-0.107567
-0.106193
-0.106202
-0.107389
-0.106066
-0.105731
-0.107069
-0.105807
-0.104773
-0.106685
-0.104117
-0.099779
-0.103848
-0.103646
-0.106128
-0.104043
-0.100113
-0.108131
-0.108181
-0.107216
-0.108591
-0.107634
-0.106873
-0.107842
-0.107725
-0.106774
-0.107341
-0.107445
-0.107045
-0.107230
-0.107505
-0.106801
-0.106902
-0.107395
-0.106598
-0.106411
-0.107230
-0.105854
-0.104497
-0.107399
-0.107748
-0.106120
-0.106351
-0.105753
-0.108122
-0.107216
-0.107633
-0.108090
-0.107039
-0.107204
-0.107885
-0.107347
-0.106444
-0.107621
-0.107664
-0.106865
-0.106993
-0.107443
-0.107043
-0.107084
-0.054133
0.661857
0.130659
-0.070216
-0.092438
-0.096479
-0.098421
-0.100209
-0.101532
-0.102791
-0.103329
-0.103656
-0.104476
-0.104832
-0.104892
-0.105510
-0.105824
-0.105837
-0.106233
-0.106572
-0.106471
-0.106767
-0.107018
-0.106804
-0.106732
-0.094320
-0.097778
-0.099490
-0.085068
-0.100238
-0.106522
-0.107888
-0.107459
-0.107224
-0.107102
-0.107313
-0.107376
-0.107257
-0.107363
-0.107445
-0.107360
-0.107457
-0.107587
-0.107480
-0.107525
-0.107654
-0.107575
-0.107588
-0.107729
-0.107631
-0.107476
-0.107576
-0.105465
-0.108908
-0.105032
-0.102927
-0.106943
-0.108203
-0.108322
-0.108062
-0.107892
-0.107873
-0.107905
-0.107736
-0.107959
-0.108029
-0.107982
-0.107817
-0.107924
-0.107909
-0.107855
-0.107911
-0.107914
-0.107851
-0.107885
-0.107908
-0.107810
-0.107673
-0.107472
-0.106823
-0.108823
-0.107727
-0.107339
-0.107560
-0.107901
-0.108013
-0.107980
-0.107934
-0.107935
-0.107809
-0.107531
-0.108541
-0.108804
-0.108698
-0.107599
-0.107779
-0.107858
-0.107915
-0.107975
-0.107966
0.004825
2.075105
0.178942
0.014132
-0.089237
-0.099145
-0.098291
-0.104681
-0.105451
-0.102012
-0.105521
-0.106489
-0.103391
-0.105898
-0.107214
-0.103876
-0.105842
-0.107566
-0.103859
-0.105381
-0.107704
-0.102911
-0.104491
-0.108680
-0.102148
-0.081341
-0.059212
-0.094527
-0.056278
-0.101414
-0.093617
-0.107720
-0.104248
-0.104820
-0.108871
-0.106143
-0.105876
-0.108441
-0.106682
-0.106339
-0.108254
-0.107048
-0.106327
-0.108080
-0.107163
-0.106169
-0.107848
-0.107223
-0.105639
-0.107486
-0.107370
-0.104266
-0.101273
-0.100737
-0.102704
-0.097875
-0.105400
-0.104979
-0.108152
-0.106406
-0.107975
-0.108142
-0.107017
-0.107825
-0.108094
-0.106874
-0.107536
-0.108349
-0.107659
-0.107629
-0.108256
-0.107445
-0.107461
-0.108306
-0.107362
-0.107170
-0.108508
-0.107201
-0.106385
-0.106551
-0.106128
-0.104397
-0.104531
-0.107631
-0.108456
-0.107316
-0.107613
-0.108859
-0.107378
-0.107901
-0.109263
-0.106946
-0.105759
-0.106922
-0.108712
-0.108056
-0.107663
-0.108261
-0.107805
-0.107759
