-2.286725
1.834974
0.147718
-9.731434
-0.104475
-0.104462
-0.114150
1.121690
4.666172
-3.225609
-0.104466
-0.104461
2.203740
1.611362
6.202597
-5.040415
-0.104475
-0.104454
-0.372401
1.938924
5.481271
-5.557648
-0.104470
-0.104468
0.014531
5.305136
10.124067
-9.447282
-0.104470
-0.104472
-0.103004
1.366455
3.423091
-2.979884
-0.104470
-0.104470
9.011917
-0.103477
9.013066
9.009835
-0.104471
-0.104473
8.576926
3.254708
14.569898
3.998888
-0.104469
-0.104473
2.073009
0.610481
0.380643
0.476622
0.331495
0.086654
0.305923
0.197417
0.101753
-0.002995
0.050045
0.098546
-0.064931
0.077600
0.097650
-0.078327
0.028359
0.024553
-0.051234
-0.052422
-0.022230
-0.036679
-0.076638
-0.057648
-0.004779
-0.058783
-0.032415
-0.001013
-0.083343
-0.032808
-0.044268
-0.087865
-0.071654
-0.066454
-0.074235
-0.097072
-0.061461
-0.066784
-0.097202
-0.066921
-0.059241
-0.096236
-0.069734
-0.068575
-0.099380
-0.079932
-0.083625
-0.099404
-0.088355
-0.089515
-0.087001
-0.098309
-0.098016
-0.091530
-0.093727
-0.100083
-0.103490
-0.100186
-0.100875
-0.096533
-0.090775
-0.097659
-0.095914
-0.094062
-0.101062
-0.103236
-0.101986
-0.098714
-0.097667
-0.098487
-0.095460
-0.096180
-0.101560
-0.097060
-0.094519
-0.101015
-0.098311
-0.094610
-0.097627
-0.099901
-0.091904
-0.095919
-0.099486
-0.092586
-0.098677
-0.099907
-0.099246
-0.098904
-0.102854
-0.098778
-0.096508
-0.101188
-0.098214
-0.096328
-0.099999
-0.100023
-0.096121
-0.102131
-0.098313
-0.097807
-0.094728
0.195640
0.184574
0.062878
-0.023550
-0.025115
-0.033619
0.018280
0.145606
0.118999
0.187758
0.201023
0.111532
0.136702
0.083667
-0.015723
0.031559
-0.014905
-0.077271
-0.043030
-0.094625
-0.047660
-0.084965
-0.039647
-0.061005
-0.057170
-0.056933
-0.064317
-0.043338
-0.055672
-0.044067
-0.049603
-0.071140
-0.066907
-0.097421
-0.096067
-0.085617
-0.072190
-0.082869
-0.069077
-0.067038
-0.079754
-0.071871
-0.068759
-0.081332
-0.077240
-0.086186
-0.094466
-0.093425
-0.099179
-0.090534
-0.093930
-0.096882
-0.097844
-0.096903
-0.100521
-0.102237
-0.102767
-0.103347
-0.101790
-0.099424
-0.100337
-0.100589
-0.096160
-0.091208
-0.092839
-0.090149
-0.090374
-0.094463
-0.094146
-0.097052
-0.101525
-0.098706
-0.102399
-0.100710
-0.098365
-0.101836
-0.096358
-0.098991
-0.100298
-0.100156
-0.102015
-0.101204
-0.097801
-0.095808
-0.096039
-0.095775
-0.097203
-0.100064
-0.099643
-0.101698
-0.101889
-0.099895
-0.096808
-0.097057
-0.097005
-0.096906
-0.099199
-0.100263
-0.100404
2.202425
0.265435
0.310108
0.031508
0.354878
0.427646
0.226585
0.171589
0.232186
0.204029
0.046825
0.006240
0.069372
-0.003155
-0.057829
0.028884
0.001226
-0.042192
0.030374
-0.004562
-0.036919
0.013814
-0.015366
-0.028403
0.007356
-0.043706
-0.019885
-0.018589
-0.058134
-0.019998
-0.040522
-0.046668
-0.022831
-0.057052
-0.043409
-0.043318
-0.070842
-0.061925
-0.059856
-0.087916
-0.075904
-0.073599
-0.096185
-0.082915
-0.076467
-0.091706
-0.090377
-0.080771
-0.086417
-0.094515
-0.099453
-0.095145
-0.094968
-0.094243
-0.098067
-0.097698
-0.096923
-0.097241
-0.094405
-0.097848
-0.091316
-0.087085
-0.094026
-0.096269
-0.093513
-0.093559
-0.098135
-0.102739
-0.097243
-0.099837
-0.101200
-0.096303
-0.100195
-0.099164
-0.095965
-0.100508
-0.099234
-0.095830
-0.099875
-0.094818
-0.092298
-0.097723
-0.092133
-0.092826
-0.099429
-0.093346
-0.097510
-0.097849
-0.095829
-0.100349
-0.098491
-0.098069
-0.099647
-0.098138
-0.098793
-0.101344
-0.099539
-0.101208
-0.102992
-0.101153
0.162816
0.455317
0.647870
0.213591
0.402717
0.426571
0.166507
0.170606
0.328850
0.161386
0.146540
0.127433
-0.009191
-0.026981
-0.056269
-0.053031
-0.076917
-0.068833
-0.057277
-0.084227
-0.093336
-0.077194
-0.070178
-0.081031
-0.078435
-0.083160
-0.097435
-0.097899
-0.096711
-0.096910
-0.095239
-0.094688
-0.091572
-0.097075
-0.099102
-0.095758
-0.092532
-0.096281
-0.093548
-0.089039
-0.096431
-0.096495
-0.088230
-0.085353
-0.086742
-0.081530
-0.082704
-0.089008
-0.087984
-0.095295
-0.101514
-0.099040
-0.096051
-0.099851
-0.100281
-0.101028
-0.101318
-0.100992
-0.099864
-0.098978
-0.098218
-0.096620
-0.097168
-0.099107
-0.095966
-0.098926
-0.100021
-0.101619
-0.103812
-0.101641
-0.101672
-0.100044
-0.099968
-0.101429
-0.101127
-0.101139
-0.102724
-0.102095
-0.101564
-0.102179
-0.101783
-0.102397
-0.102328
-0.101908
-0.102609
-0.102090
-0.102180
-0.103032
-0.102146
-0.102104
-0.102705
-0.100940
-0.101065
-0.102335
-0.101501
-0.102341
-0.102460
-0.103115
-0.100504
-0.099284
0.016005
1.843762
2.743197
0.975129
0.619404
0.710791
0.112217
0.107569
0.155344
0.158092
0.013556
-0.029977
0.020433
0.006629
-0.030882
-0.035104
-0.047926
-0.073610
-0.062963
-0.079495
-0.091165
-0.074059
-0.073216
-0.100330
-0.076294
-0.085319
-0.094296
-0.086599
-0.095699
-0.092144
-0.091382
-0.098530
-0.090021
-0.096620
-0.100869
-0.092345
-0.098581
-0.103578
-0.097888
-0.099475
-0.098559
-0.098601
-0.095079
-0.097209
-0.093612
-0.093360
-0.101156
-0.096312
-0.091814
-0.092378
-0.103038
-0.084227
-0.087837
-0.098470
-0.088460
-0.095382
-0.097230
-0.100103
-0.087939
-0.095020
-0.102309
-0.096192
-0.097803
-0.098044
-0.100301
-0.096880
-0.099190
-0.103361
-0.101592
-0.099838
-0.101195
-0.101458
-0.102042
-0.103912
-0.101956
-0.102577
-0.103137
-0.102270
-0.102478
-0.102214
-0.102932
-0.103115
-0.101529
-0.104229
-0.103060
-0.101751
-0.101459
-0.103757
-0.101301
-0.101276
-0.103435
-0.103075
-0.099892
-0.101828
-0.103588
-0.100652
-0.101971
-0.103134
-0.101749
-0.101037
-0.103474
0.274866
0.632639
0.437045
0.094438
0.037114
0.000598
0.002704
-0.046769
-0.091775
-0.081319
-0.071853
-0.065059
-0.074135
-0.084330
-0.060699
-0.080512
-0.074253
-0.083793
-0.094363
-0.090365
-0.093985
-0.087176
-0.089627
-0.094092
-0.095383
-0.098711
-0.103412
-0.100665
-0.101303
-0.103043
-0.100048
-0.101808
-0.101203
-0.101414
-0.100685
-0.096957
-0.098884
-0.095361
-0.094872
-0.098601
-0.097125
-0.101497
-0.101202
-0.099980
-0.101916
-0.103053
-0.102382
-0.100529
-0.099611
-0.101452
-0.099656
-0.099944
-0.096877
-0.097356
-0.101761
-0.103247
-0.104107
-0.100464
-0.098889
-0.100458
-0.100359
-0.101443
-0.101435
-0.102782
-0.103445
-0.102481
-0.104204
-0.102661
-0.103152
-0.103951
-0.103003
-0.104138
-0.104073
-0.103979
-0.102810
-0.103296
-0.102857
-0.102815
-0.103843
-0.103025
-0.103218
-0.103731
-0.103954
-0.103238
-0.103023
-0.104384
-0.104134
-0.104338
-0.103575
-0.102493
-0.103614
-0.103246
-0.102499
-0.102811
-0.104268
-0.103870
-0.103866
-0.104022
-0.103610
-2.739207
0.282316
-2.157644
-3.429174
-0.104470
-0.104473
0.203846
0.300823
0.900482
-0.224709
-0.104469
-0.104473
0.041027
0.091267
0.398145
-0.248922
-0.104469
-0.104473
-0.073617
1.517678
2.495979
-3.092767
-0.104471
-0.104472
-0.117305
0.534669
0.768749
-1.234519
-0.104471
-0.104473
-0.070886
2.449807
3.724781
-2.914600
-0.104469
-0.104474
5.748262
0.630543
6.752610
4.302420
-0.104472
-0.104472
2.529467
0.003933
0.140881
-0.077517
-0.069076
-0.095272
-0.099976
-0.100858
-0.099759
-0.102119
-0.101363
-0.102253
-0.102548
-0.102934
-0.102825
-0.102804
-0.101714
-0.102786
-0.103349
-0.103868
-0.103328
-0.103602
-0.103995
-0.103907
-0.101966
-0.097554
-0.096817
-0.094304
-0.101848
-0.103413
-0.097889
-0.098295
-0.099534
-0.103790
-0.102952
-0.103137
-0.103317
-0.103384
-0.103316
-0.103617
-0.103421
-0.103521
-0.103720
-0.103738
-0.103724
-0.103666
-0.103508
-0.103664
-0.103673
-0.103412
-0.103867
-0.103726
-0.103601
-0.102497
-0.103868
-0.102295
-0.102690
-0.103396
-0.103682
-0.102566
-0.104041
-0.103391
-0.104231
-0.103863
-0.103990
-0.104109
-0.104007
-0.104008
-0.104121
-0.104012
-0.103970
-0.104011
-0.104026
-0.104116
-0.104117
-0.104010
-0.104078
-0.104118
-0.103896
-0.104095
-0.104048
-0.103967
-0.103449
-0.103453
-0.103785
-0.103625
-0.103546
-0.103673
-0.103704
-0.104063
-0.103804
-0.104144
-0.104055
-0.103982
-0.104154
-0.104061
-0.104032
-0.104141
-0.104099
-0.104028
0.202637
0.165216
-0.012415
-0.086846
-0.097940
-0.102591
-0.098121
-0.101410
-0.100387
-0.100500
-0.101779
-0.100042
-0.102025
-0.102158
-0.102427
-0.103882
-0.102898
-0.102930
-0.103038
-0.102873
-0.102549
-0.103056
-0.102728
-0.102286
-0.103393
-0.101504
-0.103836
-0.097182
-0.100439
-0.100511
-0.098267
-0.103375
-0.103170
-0.103862
-0.104004
-0.103668
-0.104178
-0.103666
-0.103837
-0.104193
-0.103570
-0.103881
-0.103901
-0.103606
-0.104076
-0.103938
-0.103853
-0.104108
-0.103986
-0.103910
-0.104075
-0.103847
-0.103797
-0.104185
-0.103162
-0.103369
-0.103275
-0.103736
-0.102566
-0.103602
-0.104342
-0.103789
-0.103957
-0.104115
-0.103931
-0.104123
-0.103991
-0.103986
-0.104234
-0.103974
-0.104063
-0.104169
-0.103928
-0.104091
-0.104127
-0.103971
-0.104137
-0.104106
-0.104034
-0.104198
-0.104025
-0.104003
-0.104392
-0.103815
-0.103589
-0.104267
-0.104177
-0.103335
-0.104078
-0.104442
-0.103909
-0.104005
-0.104148
-0.104004
-0.104118
-0.104079
-0.103986
-0.104190
-0.104055
-0.104016
0.040550
0.022975
-0.054139
-0.090806
-0.097630
-0.102358
-0.102508
-0.103773
-0.103838
-0.103320
-0.103118
-0.102060
-0.102414
-0.103491
-0.103559
-0.104165
-0.103734
-0.102857
-0.103004
-0.102971
-0.103496
-0.103962
-0.103362
-0.102813
-0.103389
-0.102431
-0.103365
-0.101076
-0.103405
-0.102582
-0.101537
-0.103164
-0.104144
-0.103869
-0.103837
-0.104389
-0.104266
-0.104195
-0.104177
-0.103992
-0.104093
-0.104420
-0.104303
-0.104372
-0.104311
-0.104166
-0.104240
-0.104343
-0.104361
-0.104364
-0.104321
-0.104272
-0.104304
-0.104248
-0.103945
-0.104048
-0.103950
-0.104274
-0.103692
-0.103870
-0.104289
-0.104120
-0.104294
-0.104338
-0.104285
-0.104359
-0.104279
-0.104300
-0.104442
-0.104331
-0.104351
-0.104409
-0.104310
-0.104362
-0.104428
-0.104342
-0.104425
-0.104390
-0.104335
-0.104467
-0.104313
-0.104359
-0.104267
-0.104307
-0.104266
-0.104365
-0.104344
-0.104094
-0.104397
-0.104415
-0.104271
-0.104360
-0.104365
-0.104317
-0.104410
-0.104350
-0.104323
-0.104447
-0.104341
-0.104331
-0.069676
0.844545
0.518788
0.002506
-0.060431
-0.086200
-0.073239
-0.084121
-0.083890
-0.086764
-0.090576
-0.088652
-0.092175
-0.093080
-0.091836
-0.095368
-0.094334
-0.093901
-0.097087
-0.094743
-0.095296
-0.097978
-0.094108
-0.094506
-0.097500
-0.084485
-0.093871
-0.063870
-0.099409
-0.092733
-0.075984
-0.092708
-0.094249
-0.101970
-0.100265
-0.100057
-0.102168
-0.100344
-0.100866
-0.101910
-0.100462
-0.101439
-0.101659
-0.100678
-0.101926
-0.101482
-0.100978
-0.102342
-0.101330
-0.101347
-0.102808
-0.101300
-0.101424
-0.103934
-0.098619
-0.098538
-0.097103
-0.100445
-0.096276
-0.100340
-0.103389
-0.100229
-0.101947
-0.102047
-0.101310
-0.102373
-0.101786
-0.101661
-0.102432
-0.101710
-0.101948
-0.102384
-0.101688
-0.102204
-0.102280
-0.101702
-0.102460
-0.102102
-0.101731
-0.102779
-0.101786
-0.101760
-0.103631
-0.101617
-0.101566
-0.102027
-0.102433
-0.099896
-0.102671
-0.103804
-0.101061
-0.101969
-0.102605
-0.101755
-0.102452
-0.102355
-0.101902
-0.102597
-0.102180
-0.102035
-0.088423
0.318713
0.050146
-0.074934
-0.100356
-0.101196
-0.102262
-0.102894
-0.103213
-0.103903
-0.103601
-0.103989
-0.104110
-0.103913
-0.104415
-0.104262
-0.104325
-0.104108
-0.104305
-0.104054
-0.103821
-0.103944
-0.103089
-0.102820
-0.103072
-0.100989
-0.093772
-0.101254
-0.098585
-0.096933
-0.101484
-0.097758
-0.101524
-0.102402
-0.102341
-0.102954
-0.102900
-0.103171
-0.103361
-0.103263
-0.103492
-0.103504
-0.103460
-0.103664
-0.103575
-0.103612
-0.103748
-0.103599
-0.103714
-0.103721
-0.103569
-0.103804
-0.103593
-0.103312
-0.103217
-0.102735
-0.102670
-0.103611
-0.102587
-0.103443
-0.103822
-0.104279
-0.104188
-0.104083
-0.104201
-0.104072
-0.104119
-0.104155
-0.104066
-0.104143
-0.104118
-0.104076
-0.104158
-0.104091
-0.104099
-0.104164
-0.104067
-0.104134
-0.104130
-0.104042
-0.104218
-0.104039
-0.103921
-0.103400
-0.104002
-0.103542
-0.103284
-0.104438
-0.104049
-0.103948
-0.104078
-0.104285
-0.104126
-0.104230
-0.104187
-0.104164
-0.104242
-0.104163
-0.104194
-0.104221
-0.065983
1.664391
0.200766
0.038436
-0.068305
-0.103259
-0.098809
-0.099096
-0.104113
-0.100537
-0.101707
-0.102914
-0.101287
-0.103479
-0.101817
-0.101880
-0.103430
-0.100721
-0.102493
-0.101429
-0.099255
-0.102483
-0.097889
-0.095639
-0.096887
-0.084409
-0.090074
-0.073572
-0.088508
-0.082600
-0.081864
-0.084675
-0.095856
-0.092207
-0.096243
-0.098976
-0.097139
-0.099381
-0.099978
-0.098867
-0.100815
-0.100372
-0.099890
-0.101572
-0.100523
-0.100577
-0.101927
-0.100502
-0.101051
-0.101971
-0.100168
-0.101201
-0.101463
-0.099023
-0.103238
-0.101776
-0.098787
-0.100360
-0.098355
-0.099116
-0.103289
-0.103311
-0.102397
-0.103165
-0.103687
-0.102630
-0.103338
-0.103391
-0.102699
-0.103488
-0.103164
-0.102776
-0.103610
-0.102973
-0.102866
-0.103682
-0.102777
-0.102955
-0.103680
-0.102470
-0.102897
-0.103613
-0.101141
-0.102400
-0.101415
-0.103236
-0.101518
-0.103489
-0.102816
-0.102368
-0.103677
-0.103077
-0.102828
-0.104021
-0.103042
-0.103191
-0.103819
-0.103011
-0.103415
-0.103616
