-2.190029
1.717749
0.537466
-8.714532
-0.105700
-0.105689
-0.102893
1.086443
4.610909
-3.449737
-0.105692
-0.105686
2.254331
1.459321
6.084403
-4.790971
-0.105700
-0.105676
-0.449841
1.974400
5.174567
-6.051734
-0.105697
-0.105692
0.022412
5.071238
10.020663
-9.528325
-0.105696
-0.105696
0.018663
1.283684
3.105365
-3.177859
-0.105695
-0.105694
9.132438
-0.105169
9.133251
9.131478
-0.105695
-0.105698
8.492075
3.329167
14.973610
3.925170
-0.105694
-0.105698
1.973917
0.533890
0.352054
0.453893
0.281501
-0.005592
0.257726
0.230176
0.094304
0.080509
0.016093
0.147463
-0.015961
0.026260
0.086730
-0.037252
-0.006989
0.037903
-0.000646
-0.060179
-0.002346
0.005764
-0.084110
-0.024011
-0.046161
-0.054969
-0.078628
-0.068633
-0.074740
-0.082254
-0.077773
-0.088654
-0.070496
-0.085255
-0.078979
-0.083852
-0.072185
-0.091022
-0.093730
-0.083242
-0.078634
-0.090005
-0.089925
-0.065411
-0.078285
-0.088663
-0.069277
-0.088777
-0.088616
-0.083372
-0.094813
-0.097397
-0.091814
-0.086455
-0.095604
-0.098239
-0.093942
-0.095546
-0.096049
-0.103349
-0.101407
-0.104023
-0.099148
-0.093819
-0.095967
-0.098090
-0.091852
-0.096819
-0.095164
-0.099956
-0.098825
-0.095925
-0.102473
-0.100405
-0.095018
-0.097812
-0.100769
-0.092604
-0.095308
-0.103071
-0.094889
-0.099255
-0.101842
-0.099567
-0.100822
-0.103442
-0.102439
-0.102010
-0.099906
-0.101542
-0.103552
-0.099642
-0.101577
-0.102212
-0.100370
-0.102687
-0.102219
-0.098622
-0.100824
-0.101132
-0.103537
0.178749
0.223130
0.113430
-0.018637
-0.010333
-0.006544
-0.076179
0.074732
0.104752
0.080311
0.165882
0.078375
0.113198
0.146378
0.050747
0.026551
0.042615
-0.056415
-0.048746
-0.067452
-0.076996
-0.093028
-0.064595
-0.061305
-0.063091
-0.041718
-0.046175
-0.045231
-0.047468
-0.057874
-0.063591
-0.076282
-0.088846
-0.092651
-0.094545
-0.099518
-0.089001
-0.082384
-0.090345
-0.068896
-0.071554
-0.072917
-0.060846
-0.069691
-0.072078
-0.067337
-0.081879
-0.089513
-0.087798
-0.099051
-0.102332
-0.102021
-0.098782
-0.103258
-0.102903
-0.101210
-0.100973
-0.104480
-0.104560
-0.104490
-0.101254
-0.101788
-0.102038
-0.105029
-0.102183
-0.103095
-0.101264
-0.096876
-0.097379
-0.094908
-0.095587
-0.097906
-0.096482
-0.097069
-0.103341
-0.101796
-0.098824
-0.101170
-0.101297
-0.099218
-0.098955
-0.100517
-0.097548
-0.099599
-0.099313
-0.098669
-0.100623
-0.102286
-0.101999
-0.105197
-0.105149
-0.103943
-0.102256
-0.101148
-0.100985
-0.099576
-0.100047
-0.100019
-0.101369
2.253276
0.178141
0.221899
-0.014329
0.274453
0.352449
0.219338
0.178092
0.167339
0.205779
0.096380
-0.058712
0.054017
0.039276
-0.083689
-0.018619
0.009622
-0.022252
-0.038458
0.033723
0.015322
-0.034391
0.039966
0.009595
-0.035026
0.028557
-0.006787
-0.025456
-0.003721
-0.010088
-0.031179
-0.027331
-0.010454
-0.056292
-0.032057
-0.027975
-0.070300
-0.048412
-0.048838
-0.074991
-0.072225
-0.067574
-0.083298
-0.093511
-0.078028
-0.086006
-0.098661
-0.081320
-0.085586
-0.098361
-0.086504
-0.081398
-0.083637
-0.091569
-0.088634
-0.086605
-0.095777
-0.100304
-0.101132
-0.101879
-0.102006
-0.101418
-0.099955
-0.101645
-0.094508
-0.095789
-0.094006
-0.095277
-0.096223
-0.091591
-0.095264
-0.101677
-0.096369
-0.095565
-0.099265
-0.101491
-0.096362
-0.098488
-0.102045
-0.093416
-0.097469
-0.099014
-0.092584
-0.096161
-0.095631
-0.090724
-0.091677
-0.094644
-0.091482
-0.089962
-0.098008
-0.094511
-0.091700
-0.099568
-0.097442
-0.094075
-0.099769
-0.100582
-0.096296
-0.098961
0.235738
0.589475
0.568439
0.116613
0.312622
0.514426
0.258342
0.084664
0.283266
0.237312
0.097049
0.133970
0.054944
-0.023069
0.034244
-0.030942
-0.089801
-0.070933
-0.063828
-0.066591
-0.093690
-0.081021
-0.076261
-0.083889
-0.089645
-0.081407
-0.087870
-0.087380
-0.086726
-0.091622
-0.096045
-0.094245
-0.091460
-0.102361
-0.097531
-0.090412
-0.099864
-0.096272
-0.093579
-0.099451
-0.099178
-0.100617
-0.099826
-0.098686
-0.100767
-0.092409
-0.086275
-0.095299
-0.091993
-0.087531
-0.095095
-0.092496
-0.094014
-0.098051
-0.095832
-0.094315
-0.097694
-0.099412
-0.102021
-0.104055
-0.103962
-0.103345
-0.104592
-0.103273
-0.100045
-0.096827
-0.098040
-0.098450
-0.095110
-0.097056
-0.099473
-0.099044
-0.099724
-0.101891
-0.100214
-0.100488
-0.103383
-0.102435
-0.103032
-0.104470
-0.104790
-0.105362
-0.103685
-0.104590
-0.103650
-0.103365
-0.103073
-0.103524
-0.102882
-0.103700
-0.104460
-0.102771
-0.103422
-0.104864
-0.102763
-0.102593
-0.104792
-0.104092
-0.103835
-0.105066
0.023351
1.718410
2.549284
1.131310
0.406892
0.790245
0.225710
0.059037
0.192952
0.129384
0.029765
-0.015046
0.014944
0.012074
-0.038407
-0.034998
-0.050527
-0.058157
-0.052629
-0.088864
-0.090475
-0.069233
-0.078499
-0.102159
-0.082898
-0.081691
-0.100828
-0.091017
-0.090273
-0.100425
-0.091633
-0.100635
-0.098283
-0.095038
-0.104059
-0.095415
-0.095583
-0.101307
-0.097244
-0.095173
-0.101271
-0.099451
-0.097032
-0.098401
-0.097574
-0.102021
-0.099251
-0.097616
-0.101042
-0.100379
-0.100789
-0.093703
-0.090981
-0.101930
-0.092209
-0.089304
-0.103219
-0.095561
-0.095725
-0.095162
-0.097492
-0.093416
-0.086681
-0.101142
-0.098485
-0.097877
-0.101311
-0.104335
-0.101483
-0.098704
-0.099960
-0.102023
-0.100752
-0.102469
-0.102381
-0.103340
-0.104720
-0.104089
-0.102361
-0.101717
-0.104121
-0.100709
-0.102044
-0.105147
-0.103555
-0.102364
-0.103600
-0.104605
-0.102466
-0.103610
-0.104442
-0.104082
-0.105139
-0.103998
-0.104644
-0.104979
-0.104029
-0.104407
-0.105388
-0.104740
0.019022
0.244787
0.551624
0.385582
0.166583
0.066243
0.046408
-0.014844
-0.080038
-0.083669
-0.045840
-0.045073
-0.055403
-0.063612
-0.076505
-0.054530
-0.057779
-0.055350
-0.048985
-0.076190
-0.072188
-0.081984
-0.090205
-0.088023
-0.098621
-0.095209
-0.099931
-0.095336
-0.099324
-0.101948
-0.098665
-0.101211
-0.098694
-0.100095
-0.099919
-0.099946
-0.100964
-0.098661
-0.100104
-0.098665
-0.099573
-0.097973
-0.097119
-0.099397
-0.097940
-0.099630
-0.098577
-0.097339
-0.100516
-0.099402
-0.103472
-0.105415
-0.104474
-0.103536
-0.099952
-0.096666
-0.098112
-0.100042
-0.102421
-0.103015
-0.104380
-0.103199
-0.100083
-0.101408
-0.102848
-0.101939
-0.100492
-0.103040
-0.105109
-0.103587
-0.104299
-0.104690
-0.103584
-0.103483
-0.103304
-0.103360
-0.103467
-0.101657
-0.102603
-0.104791
-0.103983
-0.103959
-0.105089
-0.104988
-0.104471
-0.103341
-0.104464
-0.105413
-0.104873
-0.105584
-0.105059
-0.105448
-0.103955
-0.104607
-0.103806
-0.103792
-0.103784
-0.104268
-0.104506
-0.104555
-2.767308
0.154343
-2.295494
-3.274369
-0.105696
-0.105698
0.197258
0.320550
0.918474
-0.424110
-0.105694
-0.105699
0.084878
0.070355
0.406595
-0.179226
-0.105694
-0.105697
-0.101295
1.626947
2.725961
-3.243644
-0.105695
-0.105697
0.016203
0.552295
0.957613
-1.174040
-0.105696
-0.105698
-0.143351
2.380534
3.623632
-2.922446
-0.105695
-0.105699
5.940330
0.512966
6.834804
4.739215
-0.105697
-0.105697
2.555717
0.009943
0.010738
-0.041148
-0.061510
-0.090465
-0.097426
-0.100435
-0.102043
-0.103257
-0.103099
-0.103619
-0.101412
-0.104197
-0.103782
-0.104971
-0.104451
-0.105261
-0.104010
-0.104555
-0.104773
-0.104877
-0.105023
-0.104880
-0.103912
-0.104616
-0.099328
-0.100407
-0.100475
-0.101831
-0.104696
-0.103957
-0.099982
-0.102462
-0.103355
-0.103233
-0.104073
-0.104260
-0.104515
-0.104745
-0.104823
-0.104974
-0.104656
-0.105054
-0.105028
-0.105175
-0.105126
-0.105123
-0.105274
-0.104957
-0.105007
-0.105035
-0.105042
-0.105013
-0.104944
-0.105357
-0.103995
-0.104657
-0.104864
-0.104399
-0.105088
-0.105412
-0.103919
-0.104720
-0.105411
-0.104769
-0.105122
-0.105109
-0.105189
-0.105232
-0.105267
-0.105295
-0.105214
-0.105281
-0.105311
-0.105326
-0.105243
-0.105114
-0.105314
-0.105241
-0.105292
-0.105278
-0.105292
-0.105149
-0.105261
-0.105517
-0.104954
-0.105134
-0.105432
-0.105088
-0.105407
-0.105559
-0.104891
-0.105041
-0.105436
-0.105270
-0.105437
-0.105343
-0.105353
-0.105348
0.194957
0.169614
0.008201
-0.068489
-0.091125
-0.087238
-0.102644
-0.103578
-0.105498
-0.104334
-0.104465
-0.104438
-0.103805
-0.104639
-0.105258
-0.105254
-0.105449
-0.105013
-0.104478
-0.104953
-0.105061
-0.105174
-0.105249
-0.105053
-0.105322
-0.102494
-0.103896
-0.102444
-0.099922
-0.098882
-0.105185
-0.099400
-0.101387
-0.103727
-0.104724
-0.104322
-0.105089
-0.105350
-0.105496
-0.105533
-0.105626
-0.105582
-0.105542
-0.105422
-0.105506
-0.105589
-0.105615
-0.105625
-0.105496
-0.105649
-0.105601
-0.105511
-0.105590
-0.105503
-0.105547
-0.105053
-0.105345
-0.105096
-0.104627
-0.104074
-0.105336
-0.104022
-0.104786
-0.105157
-0.105477
-0.105427
-0.105443
-0.105545
-0.105566
-0.105611
-0.105619
-0.105602
-0.105635
-0.105516
-0.105520
-0.105615
-0.105603
-0.105560
-0.105611
-0.105354
-0.105555
-0.105289
-0.105619
-0.105506
-0.105521
-0.105550
-0.105503
-0.105461
-0.105406
-0.104925
-0.105424
-0.104905
-0.105384
-0.105414
-0.105579
-0.105607
-0.105497
-0.105536
-0.105582
-0.105591
0.084984
-0.008957
-0.030404
-0.089479
-0.098927
-0.101210
-0.103125
-0.103357
-0.103792
-0.104806
-0.105050
-0.105344
-0.105565
-0.105432
-0.105524
-0.105076
-0.105106
-0.105001
-0.105142
-0.105177
-0.105279
-0.105620
-0.105378
-0.105311
-0.105353
-0.105056
-0.104738
-0.104139
-0.101744
-0.103198
-0.105604
-0.103609
-0.102578
-0.104812
-0.105279
-0.105145
-0.105285
-0.105290
-0.105323
-0.105449
-0.105536
-0.105560
-0.105587
-0.105613
-0.105582
-0.105507
-0.105505
-0.105490
-0.105552
-0.105537
-0.105584
-0.105626
-0.105626
-0.105610
-0.105616
-0.105538
-0.105456
-0.105307
-0.104822
-0.105085
-0.105645
-0.105192
-0.104926
-0.105490
-0.105585
-0.105510
-0.105546
-0.105549
-0.105563
-0.105604
-0.105628
-0.105638
-0.105650
-0.105653
-0.105644
-0.105621
-0.105605
-0.105589
-0.105565
-0.105576
-0.105653
-0.105557
-0.105532
-0.105594
-0.105617
-0.105598
-0.105576
-0.105516
-0.105338
-0.105421
-0.105660
-0.105476
-0.105366
-0.105589
-0.105622
-0.105612
-0.105628
-0.105631
-0.105646
-0.105671
-0.104477
0.898644
0.562534
0.063186
-0.031787
-0.074843
-0.090043
-0.097177
-0.098852
-0.099834
-0.100739
-0.101408
-0.101986
-0.102361
-0.102563
-0.102597
-0.102641
-0.102587
-0.102635
-0.102744
-0.102987
-0.103151
-0.103376
-0.103850
-0.104794
-0.100859
-0.098345
-0.090127
-0.071257
-0.079926
-0.104824
-0.083543
-0.079457
-0.097386
-0.098633
-0.101909
-0.102170
-0.103037
-0.103278
-0.103500
-0.103715
-0.103947
-0.104082
-0.104200
-0.104254
-0.104232
-0.104261
-0.104139
-0.103814
-0.104399
-0.104296
-0.104586
-0.104353
-0.104797
-0.105057
-0.104543
-0.104616
-0.101716
-0.097987
-0.099624
-0.104985
-0.100337
-0.099620
-0.104372
-0.103001
-0.103921
-0.104138
-0.104407
-0.104482
-0.104568
-0.104647
-0.104753
-0.104806
-0.104872
-0.104942
-0.104824
-0.104803
-0.104873
-0.103609
-0.105591
-0.104956
-0.105128
-0.103824
-0.104817
-0.105108
-0.104826
-0.105128
-0.103879
-0.102247
-0.103426
-0.105196
-0.103811
-0.102660
-0.105387
-0.104244
-0.104646
-0.104910
-0.104964
-0.104958
-0.104955
0.018719
0.326804
0.051084
-0.054839
-0.095238
-0.086702
-0.091921
-0.093850
-0.095531
-0.097103
-0.098560
-0.099750
-0.100541
-0.101210
-0.101687
-0.101859
-0.102030
-0.102026
-0.102013
-0.102046
-0.102158
-0.102218
-0.102450
-0.102736
-0.103277
-0.103192
-0.103925
-0.103564
-0.095700
-0.095617
-0.103349
-0.099125
-0.101784
-0.098994
-0.101393
-0.100804
-0.101314
-0.101790
-0.102273
-0.102757
-0.103202
-0.103560
-0.103793
-0.103930
-0.103964
-0.103915
-0.103813
-0.103728
-0.103504
-0.103360
-0.103455
-0.103399
-0.103605
-0.103779
-0.103989
-0.104126
-0.104368
-0.104683
-0.102548
-0.103123
-0.104109
-0.104278
-0.105113
-0.102949
-0.103598
-0.103630
-0.103754
-0.103921
-0.104070
-0.104205
-0.104323
-0.104417
-0.104478
-0.104516
-0.104523
-0.104538
-0.104455
-0.104536
-0.104306
-0.103996
-0.104437
-0.104040
-0.104331
-0.104700
-0.104712
-0.104875
-0.104851
-0.105111
-0.104033
-0.104053
-0.104871
-0.104346
-0.105077
-0.104462
-0.104569
-0.104650
-0.104583
-0.104580
-0.104571
-0.104566
-0.055332
1.614073
0.206533
0.035556
-0.047123
-0.069481
-0.067511
-0.072998
-0.078072
-0.082588
-0.086289
-0.089466
-0.091912
-0.093294
-0.093981
-0.094021
-0.093907
-0.093664
-0.093697
-0.093777
-0.094259
-0.095055
-0.096125
-0.097555
-0.098965
-0.100378
-0.097845
-0.091341
-0.088572
-0.064894
-0.100752
-0.075845
-0.087652
-0.094829
-0.093619
-0.093664
-0.093900
-0.094994
-0.096305
-0.097585
-0.098800
-0.099773
-0.100490
-0.100820
-0.100817
-0.100571
-0.100214
-0.099788
-0.099603
-0.098953
-0.099423
-0.099369
-0.100282
-0.100861
-0.101515
-0.102053
-0.101742
-0.100308
-0.099724
-0.095647
-0.102179
-0.100503
-0.100038
-0.101444
-0.100169
-0.099905
-0.100110
-0.100451
-0.100861
-0.101249
-0.101640
-0.101947
-0.102210
-0.102379
-0.102454
-0.102416
-0.102411
-0.102285
-0.102679
-0.100642
-0.102228
-0.100589
-0.102789
-0.102823
-0.103219
-0.103323
-0.103302
-0.102652
-0.102749
-0.099705
-0.103554
-0.101427
-0.103951
-0.103478
-0.102754
-0.102387
-0.102375
-0.102328
-0.102306
-0.102294
