-2.081176
1.730436
0.723263
-9.939884
-0.104586
-0.104571
0.033414
1.260454
5.560312
-2.911801
-0.104576
-0.104570
2.195195
1.378414
4.958169
-5.064723
-0.104587
-0.104559
-0.386280
2.175796
6.376132
-6.197243
-0.104582
-0.104578
0.034366
4.825998
9.936307
-9.393668
-0.104581
-0.104582
-0.013066
1.277301
3.187364
-3.331187
-0.104581
-0.104579
8.911613
-0.104025
8.912292
8.910315
-0.104583
-0.104581
8.271604
3.379040
14.989705
3.732439
-0.104580
-0.104583
1.867578
0.500268
0.304346
0.422159
0.325029
0.027029
0.221878
0.266427
0.104334
0.086827
0.021382
0.134451
0.042300
-0.032082
0.071715
0.011609
-0.070844
0.020382
0.045683
0.009353
0.011697
0.054944
0.021508
-0.032140
0.024494
-0.003360
-0.087841
-0.004144
-0.037123
-0.094693
-0.041066
-0.035087
-0.090177
-0.037872
-0.037160
-0.078147
-0.050356
-0.042637
-0.070382
-0.067567
-0.055846
-0.074155
-0.092012
-0.070847
-0.069511
-0.092925
-0.073989
-0.072330
-0.090627
-0.082150
-0.082954
-0.089212
-0.097739
-0.087328
-0.086074
-0.098489
-0.096352
-0.092761
-0.095075
-0.092793
-0.099017
-0.101747
-0.100674
-0.100682
-0.092318
-0.093394
-0.097804
-0.091108
-0.096221
-0.095363
-0.097908
-0.100348
-0.094746
-0.097531
-0.103681
-0.095747
-0.096940
-0.098140
-0.095047
-0.092190
-0.091981
-0.096556
-0.090865
-0.093245
-0.101275
-0.092996
-0.093885
-0.102883
-0.094839
-0.094088
-0.100455
-0.094810
-0.091791
-0.095636
-0.094015
-0.091347
-0.094263
-0.097933
-0.091920
-0.094717
0.031954
0.253293
0.306712
0.148724
0.018654
-0.041747
0.019476
-0.071731
0.049471
0.070759
0.052241
0.159316
0.061262
0.119085
0.178753
0.107481
0.082522
0.121050
0.026565
0.004345
0.025401
-0.065512
-0.057850
-0.031982
-0.074725
-0.066038
-0.044353
-0.068374
-0.077396
-0.061664
-0.074964
-0.086631
-0.060636
-0.072337
-0.082792
-0.054940
-0.065749
-0.076521
-0.058609
-0.072049
-0.071088
-0.051635
-0.071160
-0.064678
-0.059103
-0.075108
-0.077809
-0.076181
-0.093345
-0.096357
-0.096630
-0.099219
-0.099594
-0.095147
-0.090690
-0.096768
-0.098388
-0.095451
-0.098288
-0.100911
-0.099739
-0.098379
-0.095154
-0.098615
-0.097589
-0.099814
-0.096100
-0.098185
-0.096038
-0.090761
-0.092581
-0.088937
-0.090655
-0.092597
-0.090337
-0.089856
-0.095981
-0.095427
-0.094348
-0.101990
-0.099990
-0.100299
-0.100710
-0.103587
-0.100086
-0.100944
-0.104145
-0.099581
-0.100152
-0.102509
-0.099784
-0.099702
-0.102634
-0.097165
-0.101389
-0.098429
-0.095249
-0.099622
-0.096746
-0.095796
2.194429
0.170155
0.223271
0.000064
0.254705
0.368202
0.226829
0.166106
0.191486
0.199399
0.090737
-0.030489
0.044135
0.037977
-0.071291
-0.010831
0.008136
-0.024829
-0.024329
0.004269
-0.011376
-0.048367
-0.014884
-0.032965
-0.082831
-0.033381
-0.065826
-0.080932
-0.063774
-0.093601
-0.076020
-0.078773
-0.093990
-0.070213
-0.088709
-0.076215
-0.067981
-0.090620
-0.076407
-0.071737
-0.086032
-0.083059
-0.075565
-0.087732
-0.093838
-0.083184
-0.087272
-0.098482
-0.084767
-0.084377
-0.090910
-0.086155
-0.077566
-0.080816
-0.091883
-0.086679
-0.087942
-0.097625
-0.100264
-0.101016
-0.103335
-0.100361
-0.100772
-0.101124
-0.101439
-0.095872
-0.096932
-0.096800
-0.095924
-0.098127
-0.093034
-0.092758
-0.101002
-0.095512
-0.094921
-0.100518
-0.096582
-0.096392
-0.096962
-0.098889
-0.095460
-0.096343
-0.101014
-0.095891
-0.097688
-0.103787
-0.098138
-0.098501
-0.101907
-0.100857
-0.100313
-0.103198
-0.102721
-0.103045
-0.103442
-0.103769
-0.103642
-0.102094
-0.102719
-0.102834
0.174806
0.582279
0.664525
0.221994
0.312424
0.595363
0.306698
0.113653
0.316221
0.280637
0.095386
0.173095
0.083990
-0.045692
0.035622
0.015252
-0.073241
-0.068983
-0.031617
-0.054539
-0.091182
-0.051209
-0.061976
-0.079340
-0.081461
-0.082675
-0.091891
-0.094075
-0.095166
-0.099994
-0.100561
-0.097918
-0.103883
-0.101348
-0.102127
-0.101854
-0.101835
-0.098856
-0.101661
-0.097855
-0.092994
-0.096741
-0.097271
-0.086260
-0.088714
-0.094973
-0.080453
-0.081530
-0.094615
-0.082870
-0.082666
-0.093581
-0.088748
-0.093203
-0.101079
-0.097223
-0.096304
-0.098587
-0.097941
-0.099896
-0.098701
-0.100871
-0.100755
-0.097547
-0.099071
-0.096106
-0.093168
-0.097029
-0.098741
-0.094579
-0.096901
-0.100878
-0.099189
-0.099247
-0.101991
-0.101675
-0.097869
-0.099785
-0.101091
-0.097809
-0.099991
-0.100264
-0.099009
-0.101031
-0.102373
-0.102044
-0.102423
-0.104147
-0.103376
-0.103434
-0.101909
-0.103134
-0.102328
-0.100913
-0.102661
-0.102184
-0.101723
-0.102740
-0.102001
-0.102137
0.035376
1.602989
2.420574
1.156649
0.329362
0.738042
0.227403
0.020590
0.146619
0.101094
0.039935
0.000291
-0.030191
0.002061
-0.036190
-0.060198
-0.046972
-0.071585
-0.071349
-0.061142
-0.076923
-0.089278
-0.053978
-0.062998
-0.084216
-0.055121
-0.064092
-0.075589
-0.068378
-0.074678
-0.077016
-0.079031
-0.080984
-0.078679
-0.087816
-0.084058
-0.085000
-0.096306
-0.092879
-0.091275
-0.099436
-0.099734
-0.094488
-0.100277
-0.097856
-0.097654
-0.101859
-0.096812
-0.097981
-0.101043
-0.100127
-0.099284
-0.093843
-0.093181
-0.102239
-0.092204
-0.090658
-0.102593
-0.095108
-0.095327
-0.094373
-0.097016
-0.093426
-0.086272
-0.100309
-0.097236
-0.097130
-0.101179
-0.103199
-0.100459
-0.098918
-0.099384
-0.102356
-0.101477
-0.101184
-0.103381
-0.102316
-0.100183
-0.103271
-0.101484
-0.101069
-0.102150
-0.103614
-0.100567
-0.101316
-0.103681
-0.100451
-0.101483
-0.104008
-0.101878
-0.102066
-0.103462
-0.102898
-0.102234
-0.103073
-0.103711
-0.102507
-0.102668
-0.103999
-0.103112
-0.012825
0.250147
0.497801
0.428279
0.229569
0.040428
-0.001870
-0.052251
-0.098946
-0.098606
-0.057901
-0.040798
-0.075661
-0.061600
-0.070068
-0.054676
-0.048138
-0.056847
-0.036036
-0.059912
-0.060879
-0.068030
-0.077186
-0.082081
-0.091426
-0.092212
-0.099168
-0.099621
-0.099815
-0.102137
-0.100807
-0.100404
-0.100197
-0.097676
-0.098505
-0.095722
-0.097347
-0.094144
-0.095219
-0.094661
-0.094034
-0.097192
-0.094918
-0.097786
-0.099424
-0.098159
-0.100569
-0.096366
-0.096089
-0.099022
-0.096610
-0.101563
-0.103233
-0.102831
-0.102336
-0.099836
-0.098412
-0.096139
-0.097885
-0.101616
-0.103602
-0.103214
-0.101923
-0.100948
-0.098664
-0.099733
-0.101148
-0.101860
-0.102940
-0.103681
-0.103962
-0.103285
-0.103753
-0.102923
-0.101398
-0.100731
-0.100059
-0.102328
-0.100469
-0.101153
-0.102851
-0.103435
-0.103106
-0.102107
-0.103661
-0.103972
-0.104172
-0.103998
-0.104133
-0.103353
-0.103409
-0.103640
-0.102882
-0.103742
-0.103456
-0.102962
-0.103951
-0.103089
-0.103270
-0.103606
-2.672315
0.156460
-2.193531
-3.077521
-0.104581
-0.104584
0.190635
0.225133
0.799607
-0.272792
-0.104580
-0.104584
0.100710
0.113432
0.538233
-0.200438
-0.104580
-0.104583
-0.190614
1.178407
1.669685
-2.738762
-0.104582
-0.104583
-0.068560
0.757681
0.957713
-1.575832
-0.104582
-0.104584
-0.122274
2.129965
3.380859
-2.631383
-0.104580
-0.104584
5.870407
0.615679
7.169098
4.703063
-0.104580
-0.104583
2.463226
0.017584
-0.000098
-0.037820
-0.046717
-0.102730
-0.099216
-0.103129
-0.102011
-0.104330
-0.102671
-0.102795
-0.103813
-0.102524
-0.103519
-0.102788
-0.102745
-0.103369
-0.102437
-0.103148
-0.103068
-0.103202
-0.103598
-0.102844
-0.102860
-0.102258
-0.100862
-0.098819
-0.100421
-0.098807
-0.102758
-0.103775
-0.100573
-0.101330
-0.101425
-0.100655
-0.103376
-0.103392
-0.103964
-0.104094
-0.103988
-0.104105
-0.104078
-0.104185
-0.104420
-0.104378
-0.104482
-0.104521
-0.104512
-0.104426
-0.104295
-0.104396
-0.104420
-0.104470
-0.104267
-0.104337
-0.104000
-0.103226
-0.103334
-0.104125
-0.103445
-0.104206
-0.104375
-0.103331
-0.103711
-0.104069
-0.103938
-0.104274
-0.104225
-0.104353
-0.104402
-0.104336
-0.104374
-0.104291
-0.104244
-0.104282
-0.104501
-0.104463
-0.104374
-0.104442
-0.104407
-0.104210
-0.104408
-0.104451
-0.104512
-0.104452
-0.104476
-0.104384
-0.103924
-0.104052
-0.104394
-0.104194
-0.104383
-0.104554
-0.103986
-0.104088
-0.104293
-0.104515
-0.104488
-0.104493
0.189466
0.097706
0.001258
-0.066337
-0.090007
-0.088341
-0.100935
-0.103091
-0.103919
-0.102934
-0.103865
-0.104167
-0.102618
-0.103411
-0.104211
-0.103312
-0.103150
-0.103661
-0.103557
-0.103628
-0.104254
-0.104395
-0.104305
-0.104390
-0.104028
-0.103169
-0.101852
-0.102743
-0.102595
-0.098186
-0.099869
-0.104295
-0.100418
-0.101732
-0.102105
-0.102755
-0.103331
-0.104287
-0.103994
-0.104249
-0.103991
-0.104145
-0.104304
-0.104234
-0.104172
-0.104362
-0.104258
-0.104076
-0.104196
-0.104090
-0.104348
-0.104387
-0.104306
-0.104312
-0.104336
-0.104326
-0.104373
-0.104033
-0.103855
-0.104432
-0.102926
-0.103623
-0.104382
-0.103606
-0.104260
-0.103942
-0.103959
-0.104222
-0.104334
-0.104286
-0.104345
-0.104259
-0.104280
-0.104319
-0.104404
-0.104302
-0.104358
-0.104471
-0.104062
-0.104398
-0.104228
-0.104357
-0.104450
-0.104338
-0.104301
-0.104305
-0.104352
-0.104514
-0.104326
-0.104156
-0.104489
-0.103765
-0.104274
-0.104371
-0.104164
-0.104509
-0.104266
-0.104244
-0.104335
-0.104378
0.100997
0.016071
-0.014020
-0.077337
-0.099224
-0.098200
-0.103150
-0.102339
-0.104209
-0.103705
-0.103689
-0.103682
-0.103054
-0.104407
-0.103684
-0.103061
-0.103691
-0.103987
-0.103974
-0.103826
-0.104213
-0.103835
-0.104207
-0.104176
-0.103430
-0.103871
-0.103877
-0.104123
-0.102903
-0.099043
-0.102765
-0.103156
-0.101343
-0.102079
-0.103138
-0.104298
-0.103706
-0.104247
-0.104491
-0.104366
-0.104511
-0.104465
-0.104446
-0.104368
-0.104481
-0.104490
-0.104261
-0.104449
-0.104484
-0.104411
-0.104510
-0.104466
-0.104423
-0.104558
-0.104453
-0.104327
-0.104396
-0.104186
-0.104303
-0.104095
-0.103373
-0.104209
-0.104065
-0.103770
-0.104053
-0.104392
-0.104504
-0.104395
-0.104477
-0.104550
-0.104512
-0.104549
-0.104512
-0.104509
-0.104459
-0.104480
-0.104536
-0.104337
-0.104436
-0.104374
-0.104541
-0.104493
-0.104470
-0.104522
-0.104519
-0.104484
-0.104543
-0.104485
-0.104384
-0.104434
-0.104224
-0.104187
-0.104268
-0.104377
-0.104287
-0.104329
-0.104534
-0.104488
-0.104548
-0.104558
-0.017024
0.559524
0.473926
0.083563
-0.050526
-0.057235
-0.089921
-0.100627
-0.098974
-0.101776
-0.100275
-0.101740
-0.101663
-0.101389
-0.102625
-0.101393
-0.103167
-0.101626
-0.102568
-0.102053
-0.101903
-0.102801
-0.101191
-0.103055
-0.100495
-0.099788
-0.097170
-0.087096
-0.092254
-0.076394
-0.095113
-0.103696
-0.083338
-0.087088
-0.094335
-0.101860
-0.100568
-0.104365
-0.103253
-0.104232
-0.103830
-0.103989
-0.104243
-0.103958
-0.104367
-0.104249
-0.103999
-0.104173
-0.103997
-0.104261
-0.103909
-0.104082
-0.104272
-0.103891
-0.104387
-0.103501
-0.103568
-0.103738
-0.098780
-0.101712
-0.099800
-0.102703
-0.103884
-0.098075
-0.102540
-0.102936
-0.103662
-0.103569
-0.104483
-0.104065
-0.104304
-0.104312
-0.104204
-0.104410
-0.104037
-0.103625
-0.104015
-0.103919
-0.104027
-0.103771
-0.103443
-0.103796
-0.104160
-0.104351
-0.104271
-0.104242
-0.104132
-0.104029
-0.103971
-0.101882
-0.103058
-0.103306
-0.103568
-0.103843
-0.101695
-0.104261
-0.104311
-0.104258
-0.104358
-0.104339
-0.065370
0.483247
0.023397
-0.043312
-0.074621
-0.076197
-0.083050
-0.084478
-0.088449
-0.089126
-0.091528
-0.092230
-0.093331
-0.094442
-0.094529
-0.095974
-0.095575
-0.096814
-0.096481
-0.097183
-0.097453
-0.097213
-0.098173
-0.097154
-0.098376
-0.097136
-0.097508
-0.098176
-0.093325
-0.090670
-0.098339
-0.098018
-0.092636
-0.103713
-0.103176
-0.102136
-0.102537
-0.102560
-0.101911
-0.102483
-0.101820
-0.102311
-0.101957
-0.102110
-0.102145
-0.102001
-0.102373
-0.101892
-0.102385
-0.101883
-0.102239
-0.102131
-0.102114
-0.102347
-0.101943
-0.102522
-0.101877
-0.102182
-0.102481
-0.100819
-0.099460
-0.102490
-0.100328
-0.102564
-0.102921
-0.103260
-0.102682
-0.102915
-0.102920
-0.102710
-0.102950
-0.102686
-0.102867
-0.102765
-0.102758
-0.102762
-0.102547
-0.103127
-0.102671
-0.103279
-0.102647
-0.102897
-0.102698
-0.102904
-0.102836
-0.102741
-0.103049
-0.102675
-0.102988
-0.102997
-0.103004
-0.101985
-0.102806
-0.101683
-0.102790
-0.102716
-0.102952
-0.102814
-0.102836
-0.102966
-0.077292
1.436804
0.206796
-0.027053
-0.051159
-0.072733
-0.070296
-0.072875
-0.079834
-0.080071
-0.084613
-0.085046
-0.086929
-0.088765
-0.088474
-0.091251
-0.089827
-0.092369
-0.091332
-0.092503
-0.092959
-0.092080
-0.094076
-0.091562
-0.093427
-0.090637
-0.090940
-0.091159
-0.089006
-0.074458
-0.082851
-0.087363
-0.074202
-0.102840
-0.098252
-0.103896
-0.104252
-0.102716
-0.101776
-0.102650
-0.101154
-0.102225
-0.101208
-0.101579
-0.101576
-0.101175
-0.102056
-0.100880
-0.101932
-0.100660
-0.101496
-0.101089
-0.101032
-0.101600
-0.100669
-0.101693
-0.100334
-0.100836
-0.100777
-0.098307
-0.094782
-0.101094
-0.095483
-0.100469
-0.101207
-0.103757
-0.102578
-0.102860
-0.102567
-0.102241
-0.102635
-0.102050
-0.102456
-0.102070
-0.101935
-0.102278
-0.101417
-0.102947
-0.102173
-0.103507
-0.101711
-0.102678
-0.101748
-0.102245
-0.102201
-0.102000
-0.102534
-0.101720
-0.103054
-0.102296
-0.102242
-0.100352
-0.101923
-0.099029
-0.102256
-0.101204
-0.102358
-0.102233
-0.102231
-0.102482
