-2.350609
1.835408
1.433154
-9.133090
-0.106889
-0.106880
-0.033432
1.114989
4.939589
-2.806641
-0.106881
-0.106875
2.281321
1.537385
5.880029
-4.191570
-0.106890
-0.106869
-0.340609
2.139363
6.370496
-5.149235
-0.106884
-0.106883
0.001665
5.298034
10.224926
-9.165242
-0.106885
-0.106887
-0.172227
1.433615
3.393762
-3.226005
-0.106885
-0.106884
9.352223
-0.105657
9.354790
9.349894
-0.106886
-0.106887
8.816944
3.271078
14.854666
4.090331
-0.106884
-0.106888
2.132083
0.624342
0.380378
0.478086
0.335504
0.029332
0.291627
0.183719
0.088228
0.005564
0.073060
0.084440
-0.104586
0.100275
0.070598
-0.074676
0.050252
-0.005886
-0.076037
-0.034064
-0.052196
-0.048884
-0.038712
-0.096753
-0.007677
-0.028776
-0.048181
0.002986
-0.070638
-0.031111
-0.050242
-0.085320
-0.063897
-0.090925
-0.067329
-0.094620
-0.074252
-0.063653
-0.089580
-0.080246
-0.060213
-0.084983
-0.080991
-0.066493
-0.097286
-0.085693
-0.082404
-0.101253
-0.090940
-0.091618
-0.088551
-0.102032
-0.098865
-0.096487
-0.097699
-0.104576
-0.105918
-0.101342
-0.100855
-0.100247
-0.095767
-0.100776
-0.101098
-0.098606
-0.104608
-0.103450
-0.099656
-0.098602
-0.104456
-0.095665
-0.097045
-0.102061
-0.095707
-0.102443
-0.098304
-0.097278
-0.106250
-0.097626
-0.095597
-0.101713
-0.097490
-0.095704
-0.103270
-0.097845
-0.101506
-0.101468
-0.100100
-0.103777
-0.101328
-0.103813
-0.097418
-0.102182
-0.101462
-0.099714
-0.103934
-0.104619
-0.100839
-0.101213
-0.102737
-0.099865
-0.034203
0.280975
0.238580
0.070208
-0.013897
-0.017775
-0.015073
0.009749
0.134885
0.067257
0.149229
0.149178
0.059779
0.150501
0.074708
-0.036666
0.019970
-0.068722
-0.048074
-0.069394
-0.083449
-0.037215
-0.079773
-0.062398
-0.073191
-0.074148
-0.059776
-0.099037
-0.065544
-0.084414
-0.062873
-0.065322
-0.095990
-0.076961
-0.097197
-0.086996
-0.094884
-0.091320
-0.097183
-0.093114
-0.072121
-0.084241
-0.079454
-0.065973
-0.085324
-0.082034
-0.082965
-0.095277
-0.091324
-0.099940
-0.096958
-0.097595
-0.101099
-0.100941
-0.102040
-0.103479
-0.106284
-0.104567
-0.103779
-0.105451
-0.106752
-0.104924
-0.104040
-0.102487
-0.097152
-0.098548
-0.097459
-0.095532
-0.100270
-0.096807
-0.098065
-0.103248
-0.098514
-0.105181
-0.099976
-0.101299
-0.106574
-0.102542
-0.103898
-0.104747
-0.104671
-0.104480
-0.102833
-0.105289
-0.101259
-0.102620
-0.101893
-0.100756
-0.104817
-0.104334
-0.105564
-0.103753
-0.105931
-0.102733
-0.101973
-0.103397
-0.098736
-0.101225
-0.100618
-0.098323
2.279944
0.270552
0.340124
0.058225
0.346555
0.436570
0.219420
0.143363
0.191694
0.150108
0.002592
-0.022566
0.020861
-0.039351
-0.083092
0.004715
-0.009218
-0.052147
0.003447
-0.022185
-0.059956
-0.027122
-0.027844
-0.069557
-0.020439
-0.042410
-0.052631
-0.032116
-0.063479
-0.039882
-0.052836
-0.058223
-0.043702
-0.078695
-0.063643
-0.066547
-0.086636
-0.077222
-0.071084
-0.089903
-0.084589
-0.079643
-0.099639
-0.093225
-0.084979
-0.093966
-0.099103
-0.086396
-0.088480
-0.095652
-0.101636
-0.096355
-0.097308
-0.097554
-0.097692
-0.101005
-0.096306
-0.098721
-0.095497
-0.097148
-0.095327
-0.088859
-0.095358
-0.101613
-0.099405
-0.099589
-0.102229
-0.102907
-0.101800
-0.102695
-0.102317
-0.100387
-0.100571
-0.105005
-0.098397
-0.101199
-0.103657
-0.098703
-0.099694
-0.104458
-0.099054
-0.099758
-0.104009
-0.098523
-0.101765
-0.098524
-0.098672
-0.099615
-0.096187
-0.101500
-0.097648
-0.097925
-0.104075
-0.101972
-0.100834
-0.104845
-0.103503
-0.100729
-0.104843
-0.102798
0.126064
0.507928
0.823655
0.246207
0.378731
0.451908
0.182969
0.182940
0.332804
0.106432
0.155895
0.144742
-0.033855
0.046592
0.003264
-0.086362
-0.057266
-0.065806
-0.080608
-0.094743
-0.093044
-0.101402
-0.082437
-0.079636
-0.093206
-0.083565
-0.084078
-0.097624
-0.101917
-0.100943
-0.100146
-0.102432
-0.102283
-0.099526
-0.103248
-0.098146
-0.093359
-0.096492
-0.095513
-0.089531
-0.094695
-0.101455
-0.089307
-0.085228
-0.094947
-0.083855
-0.082409
-0.092441
-0.086836
-0.091625
-0.101660
-0.097746
-0.098857
-0.104907
-0.103991
-0.104623
-0.104945
-0.106057
-0.102656
-0.101665
-0.103330
-0.100618
-0.100523
-0.104380
-0.099366
-0.103314
-0.101007
-0.100778
-0.104235
-0.099691
-0.101919
-0.104214
-0.101236
-0.103921
-0.104388
-0.102172
-0.103399
-0.103818
-0.102888
-0.104076
-0.104977
-0.104351
-0.104990
-0.105601
-0.106558
-0.106636
-0.106131
-0.106324
-0.105110
-0.104992
-0.105056
-0.104763
-0.105042
-0.103604
-0.104552
-0.103835
-0.104224
-0.106038
-0.104498
-0.105867
0.002474
1.817112
2.761369
0.996715
0.606461
0.682486
0.075900
0.090600
0.109279
0.146832
0.031272
-0.045465
-0.001897
0.003263
-0.038870
-0.034536
-0.051450
-0.065971
-0.059804
-0.095423
-0.078652
-0.068291
-0.088907
-0.087512
-0.081674
-0.102094
-0.091512
-0.099029
-0.094620
-0.092101
-0.087675
-0.097869
-0.088384
-0.091952
-0.104052
-0.091943
-0.093500
-0.105113
-0.096181
-0.099650
-0.102893
-0.098645
-0.100926
-0.100291
-0.097414
-0.096475
-0.102706
-0.098624
-0.096344
-0.095629
-0.102184
-0.091269
-0.087575
-0.103331
-0.090724
-0.097699
-0.100425
-0.103020
-0.093139
-0.094769
-0.105343
-0.100782
-0.101410
-0.099428
-0.104682
-0.100252
-0.101008
-0.104750
-0.105784
-0.102780
-0.103494
-0.105334
-0.104254
-0.105798
-0.106001
-0.106496
-0.106170
-0.105839
-0.105956
-0.104273
-0.106594
-0.104162
-0.105233
-0.105509
-0.104227
-0.104575
-0.106219
-0.103496
-0.105443
-0.106391
-0.105384
-0.106449
-0.105118
-0.105775
-0.105369
-0.105438
-0.105239
-0.106241
-0.106239
-0.105985
-0.041744
0.372753
0.682158
0.410121
0.071352
-0.025828
-0.060454
-0.077150
-0.083299
-0.087887
-0.052801
-0.053276
-0.069199
-0.074890
-0.070158
-0.058218
-0.089397
-0.066471
-0.089155
-0.083989
-0.081221
-0.084741
-0.084448
-0.086686
-0.094164
-0.094782
-0.096625
-0.101321
-0.098443
-0.101496
-0.102399
-0.099989
-0.101444
-0.098334
-0.099772
-0.099208
-0.099713
-0.099009
-0.099821
-0.095673
-0.100570
-0.099345
-0.101516
-0.102720
-0.104160
-0.103535
-0.105300
-0.106297
-0.103123
-0.103159
-0.104666
-0.105662
-0.103693
-0.100487
-0.099108
-0.103199
-0.105395
-0.106065
-0.103209
-0.102043
-0.102928
-0.102994
-0.105950
-0.105911
-0.106062
-0.105871
-0.103646
-0.104678
-0.105234
-0.105360
-0.106330
-0.105348
-0.106773
-0.105999
-0.106088
-0.105372
-0.104927
-0.105297
-0.104607
-0.105380
-0.105581
-0.106083
-0.105347
-0.105704
-0.106508
-0.106030
-0.106630
-0.106111
-0.106084
-0.105282
-0.105549
-0.106045
-0.105883
-0.105800
-0.105479
-0.104901
-0.105260
-0.105711
-0.106196
-0.106408
-2.725004
0.279408
-2.112032
-3.281187
-0.106884
-0.106888
0.116147
0.233370
0.612634
-0.305948
-0.106884
-0.106889
0.142574
0.124678
0.563332
-0.181941
-0.106884
-0.106888
-0.239458
1.361633
1.970921
-3.038289
-0.106886
-0.106887
-0.103573
0.519925
0.717877
-1.181058
-0.106886
-0.106888
-0.136856
1.843256
2.847721
-2.250962
-0.106884
-0.106889
5.709193
0.524604
6.655972
4.474485
-0.106886
-0.106887
2.508368
-0.029822
0.149039
-0.074194
-0.062172
-0.102971
-0.097361
-0.105832
-0.104382
-0.104762
-0.104064
-0.105874
-0.105356
-0.105606
-0.105844
-0.106020
-0.106294
-0.105977
-0.105906
-0.105535
-0.104789
-0.104269
-0.104837
-0.104069
-0.102018
-0.104862
-0.100803
-0.096071
-0.101709
-0.103346
-0.097210
-0.102872
-0.105553
-0.102813
-0.104418
-0.105751
-0.106204
-0.106688
-0.106822
-0.106790
-0.106661
-0.106304
-0.106335
-0.106324
-0.106460
-0.106464
-0.106787
-0.106581
-0.106400
-0.106350
-0.106077
-0.106370
-0.106146
-0.105697
-0.105716
-0.104055
-0.106335
-0.106579
-0.106136
-0.104468
-0.106104
-0.105964
-0.106216
-0.106050
-0.106383
-0.106555
-0.106762
-0.106627
-0.106521
-0.106489
-0.106438
-0.106479
-0.106579
-0.106694
-0.106752
-0.106671
-0.106473
-0.106318
-0.106247
-0.106303
-0.106433
-0.106553
-0.106747
-0.105802
-0.106518
-0.106247
-0.106367
-0.106254
-0.106549
-0.106198
-0.106167
-0.106215
-0.106640
-0.106831
-0.106612
-0.106463
-0.106466
-0.106551
-0.106593
-0.106683
0.114530
0.127975
-0.071271
-0.073021
-0.096712
-0.099615
-0.103437
-0.105305
-0.105938
-0.104649
-0.105651
-0.105841
-0.106098
-0.106346
-0.105290
-0.106169
-0.106349
-0.105866
-0.105842
-0.105628
-0.106192
-0.106490
-0.105856
-0.106190
-0.106461
-0.105952
-0.104586
-0.102293
-0.103014
-0.103699
-0.101827
-0.104912
-0.105487
-0.105974
-0.106529
-0.106712
-0.106376
-0.106265
-0.106485
-0.106548
-0.106763
-0.106684
-0.106593
-0.106764
-0.106513
-0.106377
-0.106484
-0.106590
-0.106778
-0.106812
-0.106668
-0.106396
-0.106517
-0.106490
-0.106442
-0.106333
-0.105623
-0.106803
-0.105527
-0.106707
-0.106466
-0.106629
-0.106480
-0.106631
-0.106531
-0.106623
-0.106785
-0.106850
-0.106794
-0.106755
-0.106655
-0.106708
-0.106650
-0.106698
-0.106810
-0.106849
-0.106767
-0.106678
-0.106619
-0.106625
-0.106671
-0.106748
-0.106792
-0.106652
-0.106494
-0.106810
-0.106718
-0.106511
-0.106520
-0.106635
-0.106561
-0.106668
-0.106754
-0.106860
-0.106761
-0.106726
-0.106711
-0.106721
-0.106745
-0.106821
0.141303
0.051730
-0.075988
-0.082778
-0.099716
-0.102399
-0.104862
-0.105353
-0.104837
-0.106702
-0.105613
-0.106067
-0.104749
-0.106116
-0.106529
-0.106227
-0.105927
-0.106214
-0.106424
-0.106002
-0.105879
-0.106460
-0.106597
-0.105907
-0.105846
-0.105908
-0.104430
-0.103578
-0.104446
-0.103793
-0.104581
-0.105129
-0.106389
-0.106166
-0.106499
-0.106599
-0.106647
-0.106570
-0.106519
-0.106681
-0.106554
-0.106792
-0.106677
-0.106693
-0.106788
-0.106522
-0.106686
-0.106624
-0.106730
-0.106735
-0.106721
-0.106803
-0.106590
-0.106618
-0.106207
-0.106294
-0.106142
-0.106705
-0.105902
-0.106355
-0.106617
-0.106649
-0.106815
-0.106735
-0.106762
-0.106732
-0.106733
-0.106772
-0.106742
-0.106801
-0.106740
-0.106750
-0.106778
-0.106707
-0.106780
-0.106764
-0.106795
-0.106762
-0.106755
-0.106760
-0.106691
-0.106726
-0.106699
-0.106634
-0.106568
-0.106761
-0.106314
-0.106636
-0.106714
-0.106738
-0.106861
-0.106796
-0.106782
-0.106772
-0.106774
-0.106786
-0.106797
-0.106809
-0.106788
-0.106770
0.037553
0.873201
0.169884
0.108291
-0.079634
-0.091592
-0.105588
-0.103949
-0.106214
-0.105833
-0.104953
-0.104602
-0.104699
-0.105263
-0.105931
-0.106757
-0.105880
-0.104960
-0.104184
-0.103681
-0.103373
-0.103490
-0.103288
-0.104914
-0.102147
-0.089968
-0.099430
-0.094636
-0.086211
-0.083008
-0.100578
-0.099863
-0.094672
-0.098776
-0.100186
-0.101777
-0.102705
-0.103665
-0.104362
-0.104566
-0.104341
-0.103991
-0.103789
-0.103802
-0.104041
-0.104462
-0.104890
-0.105066
-0.104840
-0.104382
-0.104019
-0.103525
-0.103978
-0.104702
-0.101397
-0.103336
-0.098266
-0.101846
-0.104868
-0.102580
-0.103290
-0.103718
-0.103846
-0.104519
-0.104883
-0.105202
-0.105229
-0.104995
-0.104707
-0.104517
-0.104493
-0.104622
-0.104841
-0.105029
-0.105031
-0.104822
-0.104522
-0.104273
-0.104182
-0.104205
-0.104622
-0.104989
-0.103890
-0.104666
-0.103386
-0.105437
-0.105538
-0.105151
-0.105449
-0.104848
-0.104659
-0.105529
-0.105729
-0.105462
-0.105133
-0.104869
-0.104767
-0.104837
-0.105031
-0.105246
-0.105327
0.310709
0.043040
-0.085027
-0.097230
-0.101924
-0.105359
-0.106119
-0.106178
-0.105898
-0.105570
-0.105709
-0.105680
-0.106013
-0.106322
-0.106679
-0.106750
-0.106502
-0.106312
-0.106316
-0.106228
-0.106170
-0.106055
-0.106017
-0.105637
-0.103766
-0.101679
-0.100421
-0.097642
-0.096784
-0.104483
-0.101510
-0.103338
-0.105227
-0.106096
-0.106243
-0.106091
-0.105912
-0.105854
-0.105935
-0.106091
-0.106285
-0.106432
-0.106428
-0.106303
-0.106212
-0.106145
-0.106202
-0.106323
-0.106502
-0.106612
-0.106482
-0.106312
-0.106129
-0.105288
-0.104731
-0.105229
-0.106759
-0.104263
-0.104871
-0.106288
-0.106742
-0.106797
-0.106567
-0.106430
-0.106372
-0.106392
-0.106466
-0.106568
-0.106630
-0.106608
-0.106525
-0.106449
-0.106420
-0.106431
-0.106502
-0.106595
-0.106641
-0.106566
-0.106432
-0.106297
-0.106205
-0.106214
-0.106635
-0.106138
-0.106176
-0.105462
-0.106337
-0.106404
-0.106536
-0.106712
-0.106530
-0.106476
-0.106503
-0.106574
-0.106666
-0.106727
-0.106684
-0.106602
-0.106538
-0.091329
1.248840
0.140389
-0.011466
-0.070789
-0.099955
-0.098928
-0.099621
-0.100804
-0.102098
-0.103196
-0.103844
-0.103790
-0.103609
-0.103431
-0.103650
-0.104102
-0.104758
-0.105278
-0.105306
-0.104845
-0.104274
-0.103780
-0.103506
-0.102196
-0.102067
-0.088767
-0.089826
-0.081091
-0.075823
-0.100056
-0.091651
-0.100979
-0.103754
-0.103588
-0.104112
-0.104666
-0.105106
-0.105282
-0.105210
-0.105052
-0.104986
-0.105046
-0.105248
-0.105505
-0.105746
-0.105818
-0.105718
-0.105552
-0.105438
-0.105439
-0.105565
-0.105691
-0.106730
-0.104644
-0.105346
-0.097854
-0.102941
-0.100748
-0.102237
-0.106229
-0.106230
-0.106195
-0.106368
-0.106508
-0.106465
-0.106323
-0.106207
-0.106164
-0.106204
-0.106310
-0.106445
-0.106543
-0.106532
-0.106431
-0.106335
-0.106284
-0.106293
-0.106363
-0.106473
-0.106606
-0.106629
-0.106586
-0.104983
-0.103235
-0.106198
-0.102456
-0.105093
-0.105404
-0.105590
-0.106516
-0.106720
-0.106715
-0.106689
-0.106663
-0.106658
-0.106676
-0.106706
-0.106743
-0.106779
