-1.168522
1.775700
2.755788
-8.327834
-0.111646
-0.111636
-0.152019
0.978708
5.035688
-2.115927
-0.111637
-0.111627
2.524830
1.495622
7.175996
-4.569257
-0.111646
-0.111626
-0.354394
1.513283
4.725906
-5.241426
-0.111642
-0.111636
-0.048933
5.490834
10.361988
-9.587202
-0.111642
-0.111644
-0.106982
1.318263
3.495537
-2.620675
-0.111641
-0.111641
10.540644
-0.110494
10.542783
10.539062
-0.111640
-0.111644
7.436104
2.995965
12.361924
2.722847
-0.111642
-0.111646
0.940845
0.587461
0.377056
0.464291
0.280903
-0.023435
0.263233
0.151978
0.102474
0.003242
0.112460
0.124943
-0.019473
0.144501
0.021725
0.003836
-0.008594
-0.073386
-0.074905
-0.093476
-0.039640
-0.085779
-0.052901
-0.093409
-0.043435
-0.050348
-0.043039
-0.038748
-0.035932
-0.024891
-0.072821
-0.039852
-0.084282
-0.083853
-0.095351
-0.091238
-0.097799
-0.107886
-0.108776
-0.099098
-0.083066
-0.102589
-0.081249
-0.085601
-0.096319
-0.086255
-0.094404
-0.091255
-0.104510
-0.085664
-0.097878
-0.106870
-0.099251
-0.099987
-0.101353
-0.108219
-0.106994
-0.110707
-0.104388
-0.099479
-0.101437
-0.107811
-0.103844
-0.102780
-0.100535
-0.109194
-0.096771
-0.101473
-0.100839
-0.098063
-0.107203
-0.104255
-0.107855
-0.106410
-0.108388
-0.107141
-0.104785
-0.110092
-0.106115
-0.111236
-0.105673
-0.106688
-0.103007
-0.105523
-0.099918
-0.103147
-0.104972
-0.102548
-0.111480
-0.108099
-0.108625
-0.108406
-0.108138
-0.109263
-0.110226
-0.103960
-0.105978
-0.107098
-0.103799
-0.107894
-0.071389
0.182208
0.130566
0.028513
-0.030406
-0.039300
0.014035
-0.053724
0.067429
0.009954
0.129435
0.114874
0.081128
0.141692
0.047510
0.053066
0.017465
-0.029327
-0.007926
-0.052575
-0.031740
-0.020920
-0.042955
-0.036261
-0.071684
-0.074760
-0.089999
-0.080527
-0.084561
-0.090021
-0.091414
-0.095762
-0.079050
-0.087651
-0.077684
-0.072114
-0.089985
-0.076350
-0.075838
-0.090269
-0.073423
-0.085368
-0.081048
-0.075927
-0.091419
-0.082817
-0.090496
-0.093835
-0.096127
-0.106481
-0.104725
-0.105428
-0.106667
-0.106543
-0.107485
-0.108780
-0.109147
-0.108241
-0.108871
-0.108398
-0.107998
-0.107001
-0.105164
-0.108445
-0.102848
-0.103211
-0.096536
-0.099669
-0.097191
-0.099507
-0.101314
-0.102589
-0.106154
-0.104353
-0.105245
-0.105189
-0.100961
-0.103592
-0.101663
-0.103686
-0.107257
-0.107705
-0.109790
-0.107082
-0.110035
-0.108283
-0.110368
-0.109017
-0.107814
-0.109244
-0.105777
-0.107494
-0.107853
-0.104699
-0.107499
-0.105774
-0.104645
-0.104057
-0.102703
-0.102317
2.523066
0.252072
0.338266
-0.007295
0.390927
0.415687
0.176773
0.114807
0.178209
0.157338
-0.059061
0.035187
0.033042
-0.062442
-0.038735
0.011805
-0.031761
-0.034164
-0.001390
-0.038220
-0.092164
-0.047020
-0.067116
-0.090368
-0.071623
-0.078038
-0.108551
-0.087856
-0.078542
-0.090774
-0.098856
-0.080358
-0.095358
-0.097432
-0.091794
-0.092236
-0.103760
-0.088412
-0.085559
-0.093331
-0.096418
-0.090602
-0.105087
-0.100457
-0.098214
-0.108263
-0.103621
-0.101811
-0.093434
-0.092022
-0.101919
-0.093033
-0.098005
-0.105500
-0.109755
-0.106381
-0.104071
-0.103371
-0.103190
-0.106759
-0.097072
-0.098672
-0.104560
-0.104646
-0.097016
-0.101068
-0.107440
-0.103480
-0.105767
-0.109775
-0.105750
-0.105159
-0.107126
-0.105679
-0.103516
-0.108273
-0.107464
-0.106160
-0.109193
-0.108612
-0.106399
-0.107847
-0.108635
-0.106606
-0.104850
-0.108491
-0.107905
-0.106525
-0.109565
-0.108691
-0.109368
-0.110026
-0.110746
-0.108438
-0.107205
-0.110370
-0.105842
-0.107636
-0.110250
-0.109144
0.131020
0.259119
0.370870
0.226642
0.311431
0.304204
0.116645
0.151140
0.281371
0.128233
0.148207
0.108504
-0.019651
-0.032809
-0.051499
-0.089626
-0.104452
-0.083065
-0.073283
-0.102558
-0.082530
-0.094989
-0.089793
-0.088473
-0.098460
-0.086853
-0.106500
-0.102912
-0.102396
-0.106480
-0.099855
-0.102222
-0.103769
-0.098600
-0.107338
-0.101526
-0.105321
-0.105305
-0.100566
-0.108141
-0.107997
-0.107529
-0.102945
-0.102579
-0.098443
-0.092308
-0.093914
-0.093892
-0.095745
-0.102146
-0.101304
-0.102970
-0.104137
-0.105783
-0.109286
-0.110113
-0.109311
-0.108292
-0.108785
-0.106795
-0.106218
-0.105512
-0.106895
-0.102899
-0.102913
-0.103892
-0.103425
-0.104891
-0.107595
-0.108395
-0.109018
-0.110581
-0.111092
-0.110535
-0.110788
-0.109925
-0.109992
-0.109991
-0.108511
-0.109155
-0.108725
-0.109180
-0.109880
-0.110443
-0.110307
-0.110510
-0.109730
-0.111251
-0.110235
-0.110481
-0.110843
-0.110282
-0.109596
-0.109819
-0.108961
-0.109205
-0.109927
-0.107893
-0.108103
-0.107990
-0.046745
1.925513
2.795410
0.975912
0.744676
0.794641
0.008050
0.194866
0.143679
0.053534
-0.028892
-0.008885
-0.031258
-0.037187
-0.051764
-0.039210
-0.093104
-0.038016
-0.041199
-0.069398
-0.045670
-0.058692
-0.085450
-0.066646
-0.069826
-0.094044
-0.062507
-0.079401
-0.083715
-0.065583
-0.102536
-0.080640
-0.082524
-0.110280
-0.088113
-0.087369
-0.105001
-0.091771
-0.090606
-0.107067
-0.095094
-0.099961
-0.099502
-0.098483
-0.100116
-0.101816
-0.100600
-0.099672
-0.098560
-0.104784
-0.097646
-0.090959
-0.108838
-0.089930
-0.096966
-0.109439
-0.109862
-0.102287
-0.097892
-0.108051
-0.097057
-0.105617
-0.106802
-0.105675
-0.109843
-0.111181
-0.110080
-0.110600
-0.110307
-0.109795
-0.108999
-0.109989
-0.110073
-0.107983
-0.110362
-0.108666
-0.107850
-0.110055
-0.109481
-0.108349
-0.111013
-0.109169
-0.107918
-0.110183
-0.107541
-0.107268
-0.108881
-0.106761
-0.109352
-0.109871
-0.107962
-0.106029
-0.110719
-0.106577
-0.107094
-0.109975
-0.107819
-0.109154
-0.108136
-0.108605
-0.107002
0.298599
0.573024
0.357768
0.158252
0.064370
-0.081422
0.005551
-0.011520
-0.108125
-0.068677
-0.078742
-0.036774
-0.047801
-0.051270
-0.037130
-0.057608
-0.062287
-0.073935
-0.097750
-0.090654
-0.104597
-0.096733
-0.104193
-0.104638
-0.103454
-0.101800
-0.100486
-0.100347
-0.101976
-0.104428
-0.106716
-0.107695
-0.106717
-0.106368
-0.106340
-0.106440
-0.105426
-0.103733
-0.103212
-0.100084
-0.103521
-0.104152
-0.101642
-0.105699
-0.107011
-0.105880
-0.110430
-0.105505
-0.107024
-0.109398
-0.106578
-0.107040
-0.108653
-0.110179
-0.107738
-0.108168
-0.107199
-0.104726
-0.107709
-0.107768
-0.109499
-0.111211
-0.109392
-0.109886
-0.110907
-0.110951
-0.109276
-0.109152
-0.109324
-0.108344
-0.109010
-0.109408
-0.109080
-0.110329
-0.110111
-0.110294
-0.110584
-0.110491
-0.110867
-0.110759
-0.111071
-0.110888
-0.110609
-0.111090
-0.111022
-0.110108
-0.110703
-0.110712
-0.110346
-0.111052
-0.110510
-0.110937
-0.111042
-0.110939
-0.110232
-0.110263
-0.111158
-0.109496
-0.109139
-2.534863
0.272204
-1.755817
-2.999983
-0.111641
-0.111645
0.781377
0.329061
1.536309
0.245392
-0.111641
-0.111645
0.037188
0.039118
0.246716
-0.231673
-0.111643
-0.111645
0.015074
1.970449
2.709591
-3.670519
-0.111643
-0.111645
-0.198137
0.479175
0.978326
-0.989565
-0.111640
-0.111644
-0.258178
1.930604
3.128580
-2.618199
-0.111641
-0.111646
5.848814
1.182686
8.288596
4.127627
-0.111641
-0.111644
2.313612
-0.025384
0.139883
-0.083436
-0.070828
-0.105232
-0.103897
-0.107648
-0.110208
-0.110919
-0.110338
-0.110159
-0.110799
-0.110666
-0.111076
-0.110497
-0.110457
-0.111110
-0.109984
-0.110067
-0.110513
-0.110118
-0.111005
-0.110896
-0.107295
-0.109149
-0.097429
-0.109379
-0.111174
-0.109231
-0.101187
-0.109209
-0.107853
-0.110322
-0.110306
-0.110935
-0.110956
-0.111185
-0.111292
-0.111176
-0.111422
-0.111588
-0.111405
-0.111194
-0.111215
-0.111251
-0.111035
-0.111002
-0.111093
-0.111119
-0.111442
-0.111316
-0.110905
-0.111123
-0.108463
-0.111083
-0.111504
-0.111075
-0.109409
-0.110733
-0.110554
-0.111066
-0.111138
-0.111252
-0.111278
-0.111312
-0.111380
-0.111357
-0.111450
-0.111488
-0.111459
-0.111360
-0.111396
-0.111362
-0.111308
-0.111264
-0.111294
-0.111319
-0.111421
-0.111373
-0.111481
-0.111376
-0.110267
-0.111538
-0.111530
-0.111513
-0.110953
-0.111211
-0.111207
-0.111409
-0.110965
-0.111346
-0.111506
-0.111363
-0.111410
-0.111373
-0.111395
-0.111390
-0.111426
-0.111401
0.779217
0.187488
-0.026831
-0.107408
-0.102192
-0.100627
-0.110798
-0.110768
-0.110478
-0.109467
-0.110792
-0.109876
-0.110036
-0.110843
-0.110110
-0.110881
-0.110372
-0.110667
-0.111214
-0.110840
-0.111018
-0.111460
-0.111167
-0.109548
-0.110359
-0.110865
-0.107328
-0.103331
-0.111404
-0.105064
-0.107744
-0.111555
-0.110754
-0.110810
-0.111491
-0.111525
-0.111522
-0.111336
-0.111574
-0.111359
-0.111421
-0.111546
-0.111394
-0.111483
-0.111411
-0.111461
-0.111578
-0.111452
-0.111508
-0.111571
-0.111460
-0.111231
-0.111264
-0.111398
-0.110814
-0.109695
-0.111500
-0.110135
-0.110673
-0.111620
-0.111376
-0.111526
-0.111633
-0.111602
-0.111610
-0.111570
-0.111604
-0.111569
-0.111540
-0.111632
-0.111575
-0.111576
-0.111522
-0.111591
-0.111601
-0.111550
-0.111610
-0.111599
-0.111550
-0.111516
-0.111447
-0.111526
-0.111335
-0.110858
-0.111515
-0.111022
-0.111256
-0.111404
-0.111494
-0.111366
-0.111517
-0.111579
-0.111551
-0.111588
-0.111586
-0.111633
-0.111580
-0.111597
-0.111615
-0.111624
0.037151
-0.014873
-0.072220
-0.098504
-0.103646
-0.101361
-0.110468
-0.109395
-0.109687
-0.110827
-0.111347
-0.110646
-0.110810
-0.111489
-0.110584
-0.111372
-0.111175
-0.111068
-0.110683
-0.111078
-0.111426
-0.111430
-0.110763
-0.110045
-0.110304
-0.110736
-0.109717
-0.108807
-0.111319
-0.109762
-0.109839
-0.110704
-0.111317
-0.110648
-0.111118
-0.110994
-0.111062
-0.111267
-0.111434
-0.111360
-0.111404
-0.111513
-0.111416
-0.111452
-0.111463
-0.111404
-0.111260
-0.111335
-0.111407
-0.111414
-0.111300
-0.111333
-0.111297
-0.111469
-0.111230
-0.111029
-0.111529
-0.111167
-0.111295
-0.111454
-0.111549
-0.111380
-0.111345
-0.111344
-0.111358
-0.111437
-0.111465
-0.111474
-0.111488
-0.111519
-0.111535
-0.111500
-0.111506
-0.111483
-0.111428
-0.111441
-0.111460
-0.111465
-0.111426
-0.111512
-0.111445
-0.111548
-0.111443
-0.111378
-0.111600
-0.111400
-0.111551
-0.111574
-0.111569
-0.111452
-0.111455
-0.111485
-0.111442
-0.111512
-0.111464
-0.111486
-0.111487
-0.111492
-0.111513
-0.111508
0.017634
1.310636
0.233663
-0.007989
-0.083116
-0.106985
-0.102302
-0.104312
-0.105861
-0.107048
-0.108523
-0.109756
-0.110677
-0.110885
-0.110239
-0.109731
-0.109302
-0.109072
-0.109039
-0.109137
-0.109192
-0.109370
-0.108761
-0.107368
-0.104793
-0.104384
-0.095157
-0.074268
-0.108705
-0.081728
-0.094029
-0.102352
-0.109940
-0.108571
-0.108003
-0.108487
-0.108972
-0.109449
-0.110001
-0.110497
-0.110859
-0.110954
-0.110758
-0.110491
-0.110256
-0.110084
-0.109999
-0.110002
-0.110056
-0.110192
-0.110262
-0.110162
-0.109870
-0.110148
-0.108016
-0.103485
-0.110733
-0.105159
-0.107184
-0.108948
-0.110121
-0.109587
-0.109986
-0.110046
-0.110104
-0.110286
-0.110522
-0.110733
-0.110881
-0.110950
-0.110924
-0.110831
-0.110721
-0.110618
-0.110545
-0.110514
-0.110515
-0.110563
-0.110593
-0.110597
-0.110551
-0.111372
-0.110369
-0.107849
-0.111576
-0.108741
-0.109393
-0.110027
-0.110804
-0.109180
-0.111174
-0.110971
-0.110493
-0.110570
-0.110654
-0.110725
-0.110766
-0.110807
-0.110841
-0.110863
-0.023160
0.170441
0.190268
-0.060894
-0.105301
-0.104619
-0.107876
-0.109141
-0.109611
-0.110049
-0.110360
-0.110505
-0.110733
-0.110738
-0.110861
-0.110865
-0.110954
-0.110893
-0.111044
-0.111106
-0.111228
-0.111288
-0.111468
-0.111466
-0.110596
-0.107210
-0.094697
-0.102968
-0.110589
-0.104891
-0.099593
-0.109335
-0.109972
-0.110152
-0.110472
-0.110659
-0.110764
-0.110893
-0.110984
-0.111073
-0.111118
-0.111142
-0.111165
-0.111174
-0.111182
-0.111181
-0.111221
-0.111259
-0.111321
-0.111385
-0.111481
-0.111550
-0.111472
-0.110714
-0.108090
-0.109588
-0.111243
-0.109722
-0.108650
-0.111382
-0.110951
-0.110996
-0.110991
-0.111124
-0.111142
-0.111193
-0.111207
-0.111245
-0.111261
-0.111277
-0.111284
-0.111290
-0.111286
-0.111287
-0.111295
-0.111309
-0.111332
-0.111360
-0.111404
-0.111464
-0.111485
-0.111123
-0.110071
-0.110860
-0.111560
-0.110795
-0.109685
-0.111293
-0.111390
-0.111178
-0.110727
-0.111221
-0.111329
-0.111352
-0.111324
-0.111322
-0.111319
-0.111320
-0.111319
-0.111321
0.038715
1.291496
0.204473
-0.065137
-0.080104
-0.093451
-0.094736
-0.098028
-0.100606
-0.102942
-0.104905
-0.106531
-0.107339
-0.107415
-0.106960
-0.106473
-0.106054
-0.106021
-0.106207
-0.106645
-0.107420
-0.108270
-0.109195
-0.109362
-0.110967
-0.103931
-0.097047
-0.075767
-0.107464
-0.083457
-0.097122
-0.105432
-0.104666
-0.105186
-0.105732
-0.106335
-0.107086
-0.107852
-0.108585
-0.109198
-0.109572
-0.109600
-0.109386
-0.109085
-0.108805
-0.108641
-0.108595
-0.108676
-0.108907
-0.109251
-0.109706
-0.110191
-0.110808
-0.110180
-0.107927
-0.103954
-0.110253
-0.105637
-0.109106
-0.108074
-0.108579
-0.108183
-0.108685
-0.108601
-0.108924
-0.109154
-0.109455
-0.109709
-0.109901
-0.109975
-0.109947
-0.109843
-0.109711
-0.109594
-0.109519
-0.109498
-0.109547
-0.109663
-0.109843
-0.110045
-0.110380
-0.110272
-0.109715
-0.107568
-0.111287
-0.108092
-0.111145
-0.108689
-0.110247
-0.108486
-0.109940
-0.109577
-0.109792
-0.109718
-0.109768
-0.109805
-0.109853
-0.109899
-0.109939
-0.109965
