-0.926932
1.639099
1.747260
-6.678237
-0.114589
-0.114580
0.085060
0.893918
2.907357
-2.123142
-0.114584
-0.114584
2.590149
1.330700
7.420930
-3.343018
-0.114588
-0.114571
-0.640865
1.865458
5.348510
-4.757059
-0.114585
-0.114583
-0.164012
5.051252
10.337381
-9.248519
-0.114586
-0.114586
0.116538
1.307678
4.040148
-3.420882
-0.114585
-0.114582
10.380998
-0.113831
10.382638
10.379945
-0.114584
-0.114587
7.543939
3.501235
13.823189
2.805869
-0.114585
-0.114589
0.693482
0.533226
0.379879
0.444634
0.260388
-0.037548
0.261717
0.145765
-0.012809
0.049717
-0.031071
0.025111
-0.046076
0.018261
0.042497
-0.103446
0.016615
-0.019595
-0.062027
-0.049918
-0.055907
-0.067735
-0.071055
-0.045603
-0.082912
-0.028731
-0.058565
-0.054034
-0.020166
-0.094457
-0.046164
-0.063840
-0.089153
-0.074083
-0.095522
-0.088842
-0.094146
-0.094158
-0.097202
-0.085584
-0.090400
-0.101879
-0.082904
-0.103341
-0.097191
-0.098436
-0.108899
-0.105940
-0.107676
-0.096292
-0.104120
-0.104438
-0.096782
-0.103479
-0.111127
-0.111149
-0.112225
-0.110581
-0.107929
-0.106345
-0.111034
-0.106600
-0.101326
-0.108251
-0.109146
-0.107336
-0.111311
-0.110166
-0.112969
-0.105371
-0.109561
-0.108670
-0.105978
-0.110315
-0.108596
-0.110809
-0.109896
-0.110791
-0.110369
-0.108261
-0.108765
-0.106508
-0.110825
-0.102889
-0.105389
-0.110756
-0.103873
-0.110736
-0.109015
-0.108814
-0.111919
-0.109803
-0.108958
-0.109154
-0.112225
-0.107627
-0.109818
-0.111618
-0.109930
-0.112683
0.083970
0.247643
0.234312
0.032008
-0.112530
-0.006653
0.050544
-0.019304
-0.031393
-0.079156
-0.005243
0.013966
-0.042903
0.059349
-0.000921
-0.037752
-0.004427
-0.066246
-0.053846
-0.017974
-0.072304
-0.026448
-0.006358
-0.055700
-0.008143
-0.043221
-0.071781
-0.075416
-0.108441
-0.088843
-0.090838
-0.056214
-0.059617
-0.074853
-0.055513
-0.086952
-0.083482
-0.080706
-0.105541
-0.093562
-0.091341
-0.103570
-0.087328
-0.091157
-0.103847
-0.093901
-0.106322
-0.107890
-0.107448
-0.106539
-0.106698
-0.112760
-0.110543
-0.109202
-0.110317
-0.113865
-0.112647
-0.111623
-0.111274
-0.113742
-0.112270
-0.109704
-0.108669
-0.112409
-0.109954
-0.110744
-0.109388
-0.111834
-0.108048
-0.104570
-0.111388
-0.106851
-0.108238
-0.113149
-0.108207
-0.109818
-0.111868
-0.105536
-0.107960
-0.106861
-0.103156
-0.109405
-0.107227
-0.109338
-0.113918
-0.112628
-0.111692
-0.107425
-0.109557
-0.107115
-0.107549
-0.111494
-0.107698
-0.109894
-0.113585
-0.109937
-0.110917
-0.114024
-0.109998
-0.110146
2.588443
0.238082
0.288390
-0.027602
0.292480
0.388876
0.134903
0.078626
0.162363
0.103381
-0.026380
-0.008353
0.024576
-0.047084
-0.067078
-0.000406
-0.031627
-0.082837
-0.017583
-0.057239
-0.093548
-0.059209
-0.069567
-0.108846
-0.075464
-0.064059
-0.096027
-0.078734
-0.067948
-0.096094
-0.084390
-0.079044
-0.103470
-0.096988
-0.088068
-0.096931
-0.108563
-0.089460
-0.092962
-0.107529
-0.087246
-0.096114
-0.106201
-0.098670
-0.099433
-0.112558
-0.101702
-0.096651
-0.099120
-0.106026
-0.098691
-0.095286
-0.107716
-0.108371
-0.107253
-0.112665
-0.112701
-0.112190
-0.113483
-0.110076
-0.103099
-0.105715
-0.111717
-0.104085
-0.105771
-0.109519
-0.110038
-0.108051
-0.108971
-0.111841
-0.110526
-0.107781
-0.111557
-0.109041
-0.107552
-0.113280
-0.111011
-0.110848
-0.112694
-0.111906
-0.110929
-0.110171
-0.111438
-0.109310
-0.109540
-0.111086
-0.109158
-0.111654
-0.112622
-0.110782
-0.110060
-0.111473
-0.112589
-0.108226
-0.109691
-0.112810
-0.109090
-0.110290
-0.113990
-0.113032
0.409384
0.603751
0.609924
0.277862
0.352613
0.356276
0.098123
0.073261
0.212035
0.058954
0.054986
0.074832
-0.044299
-0.029917
-0.008424
-0.085979
-0.067150
-0.065859
-0.085189
-0.094710
-0.084692
-0.104570
-0.103271
-0.103981
-0.112253
-0.109145
-0.110376
-0.113168
-0.110967
-0.112465
-0.111011
-0.112634
-0.111359
-0.109156
-0.111950
-0.109100
-0.106167
-0.111844
-0.105998
-0.104421
-0.108937
-0.106572
-0.101492
-0.110733
-0.101842
-0.097972
-0.104299
-0.101114
-0.099486
-0.107261
-0.101862
-0.102043
-0.107772
-0.109051
-0.108989
-0.111893
-0.112368
-0.110940
-0.110623
-0.109340
-0.107984
-0.109423
-0.112021
-0.107174
-0.106277
-0.109793
-0.107325
-0.109312
-0.111961
-0.109517
-0.110969
-0.113939
-0.112156
-0.113032
-0.113359
-0.113669
-0.113299
-0.114101
-0.113529
-0.113632
-0.113648
-0.113631
-0.113815
-0.114046
-0.114007
-0.113437
-0.113833
-0.113840
-0.113604
-0.113484
-0.113405
-0.113674
-0.113374
-0.113366
-0.113056
-0.112358
-0.112550
-0.112956
-0.112325
-0.112890
-0.067077
1.794523
2.556176
1.029588
0.490597
0.665944
0.078592
0.062293
0.093395
0.074853
-0.055709
-0.030510
0.002083
-0.033921
-0.070270
-0.023790
-0.043150
-0.092523
-0.041503
-0.059072
-0.087863
-0.065977
-0.078504
-0.109342
-0.085721
-0.087031
-0.101138
-0.090925
-0.094596
-0.095869
-0.101826
-0.095682
-0.104923
-0.107647
-0.098426
-0.103323
-0.105279
-0.099037
-0.103068
-0.110405
-0.100865
-0.106631
-0.108340
-0.103957
-0.106680
-0.111844
-0.106299
-0.104574
-0.109634
-0.109076
-0.102732
-0.098300
-0.111265
-0.097327
-0.099098
-0.110967
-0.107644
-0.104572
-0.099727
-0.111364
-0.102477
-0.104843
-0.112286
-0.108211
-0.108566
-0.110466
-0.113916
-0.110953
-0.111244
-0.112807
-0.112205
-0.111238
-0.113184
-0.112856
-0.111296
-0.112980
-0.112860
-0.111272
-0.112973
-0.113447
-0.111888
-0.112105
-0.113542
-0.111902
-0.111436
-0.114059
-0.111803
-0.112908
-0.112867
-0.111937
-0.112467
-0.111940
-0.112396
-0.113465
-0.112904
-0.111883
-0.112897
-0.113916
-0.112119
-0.112684
0.115431
0.050289
0.422059
0.416203
0.201991
0.212768
0.174595
0.057306
-0.102733
0.043067
0.050217
-0.027917
-0.013980
-0.024112
-0.067722
-0.070885
-0.076025
-0.098947
-0.079543
-0.093383
-0.095182
-0.091132
-0.102277
-0.099131
-0.098679
-0.111209
-0.103858
-0.107654
-0.111862
-0.105799
-0.108684
-0.110315
-0.105652
-0.110503
-0.107164
-0.106198
-0.109038
-0.107829
-0.108241
-0.111200
-0.107145
-0.109494
-0.107314
-0.104985
-0.107385
-0.105486
-0.102465
-0.109050
-0.108418
-0.104044
-0.105432
-0.108085
-0.107568
-0.107129
-0.111476
-0.113252
-0.113959
-0.113858
-0.111630
-0.110823
-0.109941
-0.108450
-0.109728
-0.112501
-0.111252
-0.108829
-0.110392
-0.111630
-0.110524
-0.111520
-0.112777
-0.112528
-0.113165
-0.113401
-0.113055
-0.113803
-0.113911
-0.114143
-0.114199
-0.114011
-0.113729
-0.113560
-0.114062
-0.113738
-0.113070
-0.113616
-0.114367
-0.113855
-0.113714
-0.114112
-0.113727
-0.112498
-0.113233
-0.113951
-0.112990
-0.113064
-0.113465
-0.114166
-0.113332
-0.113394
-2.435716
0.273108
-1.807922
-3.084107
-0.114585
-0.114588
0.840226
0.331592
1.558209
0.379142
-0.114584
-0.114589
0.032673
0.148322
0.427439
-0.398619
-0.114585
-0.114588
-0.544348
1.763460
2.059441
-3.906606
-0.114586
-0.114588
0.047877
0.640503
1.451409
-1.129716
-0.114585
-0.114587
-0.198504
2.077847
3.464150
-2.928479
-0.114584
-0.114589
6.242341
1.242590
8.740591
4.557153
-0.114584
-0.114588
2.203962
0.042276
0.100030
-0.054410
-0.097375
-0.095850
-0.105282
-0.111620
-0.112239
-0.110648
-0.111582
-0.112891
-0.112650
-0.112860
-0.113894
-0.112878
-0.113282
-0.113201
-0.114033
-0.113190
-0.113880
-0.113253
-0.113571
-0.114004
-0.109379
-0.112118
-0.102090
-0.113303
-0.111187
-0.109429
-0.108082
-0.107703
-0.113682
-0.111763
-0.113398
-0.114298
-0.113983
-0.113718
-0.113702
-0.113989
-0.114194
-0.114221
-0.114217
-0.114031
-0.114051
-0.114071
-0.114391
-0.114244
-0.114271
-0.114082
-0.114177
-0.114127
-0.113405
-0.113819
-0.112437
-0.113408
-0.113250
-0.113591
-0.113908
-0.112307
-0.114012
-0.113945
-0.114353
-0.114444
-0.114323
-0.114288
-0.114318
-0.114442
-0.114487
-0.114424
-0.114415
-0.114363
-0.114383
-0.114418
-0.114553
-0.114454
-0.114464
-0.114395
-0.114410
-0.114363
-0.114254
-0.114117
-0.113916
-0.113845
-0.113916
-0.114298
-0.114415
-0.113566
-0.114148
-0.114256
-0.114285
-0.114344
-0.114430
-0.114442
-0.114482
-0.114517
-0.114535
-0.114552
-0.114549
-0.114474
0.841869
0.189064
-0.039830
-0.081441
-0.106532
-0.105625
-0.112990
-0.111987
-0.110226
-0.112616
-0.113599
-0.112921
-0.113073
-0.114061
-0.112907
-0.113226
-0.113924
-0.114105
-0.113345
-0.113569
-0.113993
-0.113496
-0.113425
-0.112435
-0.112037
-0.114258
-0.107565
-0.108032
-0.111243
-0.109003
-0.111798
-0.110686
-0.113927
-0.113019
-0.113422
-0.113265
-0.113139
-0.113642
-0.113734
-0.113665
-0.113660
-0.113750
-0.113567
-0.113680
-0.113817
-0.113778
-0.113611
-0.113684
-0.113647
-0.113615
-0.113644
-0.113433
-0.113544
-0.113626
-0.112495
-0.113957
-0.112836
-0.113529
-0.113417
-0.113174
-0.114186
-0.113909
-0.113730
-0.113738
-0.113742
-0.113888
-0.113904
-0.113819
-0.113801
-0.113822
-0.113764
-0.113798
-0.113835
-0.113780
-0.113714
-0.113761
-0.113758
-0.113748
-0.113761
-0.113677
-0.113736
-0.113716
-0.113420
-0.114258
-0.113582
-0.113926
-0.114227
-0.113789
-0.114047
-0.114181
-0.113728
-0.113842
-0.113838
-0.113837
-0.113851
-0.113804
-0.113812
-0.113820
-0.113769
-0.113793
0.034475
0.058306
-0.055421
-0.085314
-0.101088
-0.105804
-0.110630
-0.110007
-0.111117
-0.113260
-0.112192
-0.112318
-0.114000
-0.111419
-0.111880
-0.112171
-0.113675
-0.112829
-0.113247
-0.113446
-0.112894
-0.112734
-0.113156
-0.112838
-0.112962
-0.111849
-0.110893
-0.110508
-0.113132
-0.110084
-0.111755
-0.112883
-0.113093
-0.113737
-0.113920
-0.113649
-0.113714
-0.114000
-0.113795
-0.113894
-0.114013
-0.113595
-0.113736
-0.113828
-0.114008
-0.113852
-0.113948
-0.113938
-0.113865
-0.113871
-0.113985
-0.113962
-0.114289
-0.113678
-0.113526
-0.114006
-0.113651
-0.113212
-0.113837
-0.114440
-0.113748
-0.114147
-0.114073
-0.113957
-0.114036
-0.114119
-0.114057
-0.114105
-0.114110
-0.113998
-0.114075
-0.114107
-0.114118
-0.114088
-0.114131
-0.114112
-0.114121
-0.114136
-0.114156
-0.114150
-0.114281
-0.113938
-0.114045
-0.114502
-0.113786
-0.113849
-0.114377
-0.114198
-0.113810
-0.114292
-0.114161
-0.114006
-0.114180
-0.114169
-0.114148
-0.114174
-0.114169
-0.114127
-0.114171
-0.114159
0.306288
1.158960
0.233951
-0.038771
-0.035631
-0.078917
-0.091190
-0.095518
-0.099224
-0.100941
-0.102228
-0.103167
-0.103901
-0.104935
-0.106024
-0.106733
-0.106970
-0.107060
-0.107246
-0.107926
-0.108803
-0.108921
-0.109241
-0.110331
-0.098874
-0.106899
-0.094904
-0.081867
-0.107543
-0.086923
-0.095177
-0.112612
-0.107507
-0.107393
-0.109471
-0.110388
-0.110827
-0.110814
-0.110730
-0.110767
-0.110967
-0.111237
-0.111384
-0.111337
-0.111229
-0.111238
-0.111391
-0.111617
-0.111688
-0.111485
-0.111386
-0.111523
-0.109423
-0.111979
-0.110501
-0.106308
-0.113095
-0.110263
-0.106688
-0.113163
-0.111221
-0.110724
-0.112003
-0.112207
-0.112114
-0.112101
-0.112084
-0.112139
-0.112243
-0.112306
-0.112286
-0.112227
-0.112205
-0.112258
-0.112341
-0.112383
-0.112329
-0.112224
-0.112242
-0.112362
-0.111727
-0.112779
-0.113059
-0.109911
-0.114256
-0.113845
-0.108558
-0.113544
-0.112939
-0.110920
-0.112935
-0.112701
-0.112292
-0.112522
-0.112485
-0.112467
-0.112505
-0.112530
-0.112516
-0.112485
0.044598
0.254615
0.266321
-0.077135
-0.104261
-0.100469
-0.104131
-0.105351
-0.106332
-0.107156
-0.108061
-0.108807
-0.109311
-0.109580
-0.109807
-0.109930
-0.110199
-0.110516
-0.110812
-0.110985
-0.111001
-0.110779
-0.110500
-0.110123
-0.111473
-0.109406
-0.093155
-0.105682
-0.110814
-0.105281
-0.099491
-0.111779
-0.113189
-0.112736
-0.113240
-0.113267
-0.113327
-0.113443
-0.113546
-0.113572
-0.113530
-0.113463
-0.113441
-0.113453
-0.113520
-0.113591
-0.113620
-0.113582
-0.113503
-0.113410
-0.113360
-0.113357
-0.113716
-0.113277
-0.110557
-0.111789
-0.113592
-0.113055
-0.110809
-0.113432
-0.113779
-0.113400
-0.113838
-0.113903
-0.113959
-0.114057
-0.114087
-0.114074
-0.114051
-0.114041
-0.114062
-0.114098
-0.114138
-0.114160
-0.114151
-0.114124
-0.114108
-0.114113
-0.114158
-0.114236
-0.114307
-0.114153
-0.113453
-0.112796
-0.114390
-0.114120
-0.112492
-0.113772
-0.114126
-0.113260
-0.114106
-0.114151
-0.114184
-0.114314
-0.114313
-0.114284
-0.114265
-0.114264
-0.114283
-0.114307
-0.019771
1.390356
0.220190
0.028348
-0.104102
-0.097877
-0.098525
-0.100655
-0.102419
-0.103702
-0.104703
-0.105312
-0.106110
-0.106842
-0.107429
-0.108004
-0.108309
-0.108533
-0.108846
-0.109098
-0.109408
-0.109683
-0.109921
-0.110140
-0.111122
-0.100787
-0.100403
-0.074430
-0.106881
-0.081318
-0.094867
-0.105459
-0.114144
-0.112194
-0.111690
-0.111824
-0.111853
-0.111861
-0.111880
-0.111909
-0.112025
-0.112133
-0.112201
-0.112233
-0.112219
-0.112233
-0.112294
-0.112367
-0.112439
-0.112482
-0.112502
-0.112495
-0.112638
-0.111080
-0.113085
-0.104914
-0.111874
-0.108247
-0.107153
-0.111854
-0.113813
-0.112544
-0.112763
-0.112877
-0.112828
-0.112837
-0.112865
-0.112900
-0.112951
-0.112978
-0.112982
-0.112977
-0.112973
-0.112994
-0.113030
-0.113062
-0.113080
-0.113085
-0.113084
-0.113070
-0.113132
-0.112879
-0.113961
-0.109924
-0.113412
-0.113034
-0.108913
-0.113813
-0.114210
-0.111740
-0.113259
-0.113183
-0.113141
-0.113130
-0.113156
-0.113174
-0.113189
-0.113190
-0.113180
-0.113168
