-1.083246
1.781604
2.233311
-6.841403
-0.115479
-0.115472
-0.105187
0.864938
3.711348
-2.158076
-0.115473
-0.115469
2.577851
1.464021
7.679823
-2.726368
-0.115478
-0.115466
-0.411195
1.586920
4.237059
-4.236205
-0.115475
-0.115475
-0.047962
5.359960
10.308497
-9.616657
-0.115476
-0.115477
-0.132839
1.376754
3.221408
-2.998675
-0.115475
-0.115476
10.485656
-0.115027
10.486570
10.484840
-0.115475
-0.115476
7.636390
3.073301
12.786182
2.834554
-0.115475
-0.115479
0.847387
0.622063
0.447205
0.496883
0.194823
0.103866
0.250403
0.011483
0.056684
-0.049280
0.102617
-0.012397
0.036872
0.043340
-0.070853
-0.018919
-0.017957
-0.045821
0.011371
-0.079456
0.022765
-0.021657
-0.061793
-0.005415
-0.063775
-0.060941
-0.029771
-0.088830
-0.074613
-0.057229
-0.089668
-0.068519
-0.077522
-0.072867
-0.077236
-0.092900
-0.070872
-0.096244
-0.097649
-0.076913
-0.096134
-0.092519
-0.089611
-0.108109
-0.098689
-0.104396
-0.097964
-0.111092
-0.106170
-0.102013
-0.107739
-0.113835
-0.112883
-0.108983
-0.110450
-0.104790
-0.105946
-0.112993
-0.106899
-0.113168
-0.113370
-0.110807
-0.106442
-0.113492
-0.104496
-0.112068
-0.106673
-0.107547
-0.113219
-0.104535
-0.104370
-0.110692
-0.100348
-0.108674
-0.107710
-0.105143
-0.113137
-0.107596
-0.110780
-0.112647
-0.109071
-0.113053
-0.108221
-0.109214
-0.111422
-0.105183
-0.111739
-0.108706
-0.107149
-0.112443
-0.112193
-0.108763
-0.112193
-0.111053
-0.112297
-0.112364
-0.112267
-0.114031
-0.113313
-0.112239
-0.105751
0.200155
0.179728
-0.009464
-0.066369
0.021262
-0.069982
0.035739
0.031687
0.065774
0.093382
-0.009338
0.049758
-0.046554
-0.033112
-0.013002
-0.051832
0.033298
-0.001761
-0.019792
-0.024107
-0.092714
-0.083213
-0.096451
-0.092028
-0.089671
-0.083685
-0.087429
-0.087885
-0.103023
-0.099281
-0.098228
-0.066820
-0.079572
-0.075977
-0.081244
-0.103365
-0.089831
-0.106061
-0.085409
-0.084931
-0.097623
-0.089024
-0.103193
-0.103102
-0.109989
-0.105105
-0.107247
-0.112808
-0.112187
-0.111116
-0.113898
-0.114615
-0.113094
-0.112308
-0.114567
-0.113872
-0.112244
-0.113446
-0.106932
-0.110001
-0.106296
-0.108324
-0.110171
-0.108471
-0.112564
-0.104372
-0.108396
-0.106254
-0.103347
-0.108657
-0.107147
-0.110062
-0.110645
-0.111651
-0.113639
-0.115272
-0.111238
-0.110901
-0.110677
-0.110483
-0.114358
-0.113424
-0.112756
-0.110782
-0.112981
-0.110836
-0.114076
-0.111007
-0.111847
-0.113496
-0.109078
-0.111454
-0.112946
-0.111543
-0.114167
-0.113005
-0.114607
-0.112174
-0.113797
2.576091
0.316835
0.347177
0.041816
0.418796
0.378557
0.134322
0.116488
0.129497
0.015405
-0.040526
-0.008424
-0.040468
-0.059557
-0.005492
-0.054821
-0.080788
-0.031171
-0.054727
-0.063076
-0.032439
-0.077649
-0.034880
-0.084512
-0.058323
-0.070715
-0.085512
-0.077618
-0.073951
-0.084689
-0.080573
-0.087348
-0.071269
-0.103660
-0.082758
-0.088475
-0.111114
-0.095855
-0.097131
-0.106995
-0.097171
-0.102462
-0.109217
-0.097020
-0.095898
-0.103354
-0.106819
-0.102855
-0.105854
-0.106544
-0.109987
-0.108488
-0.108355
-0.107472
-0.105785
-0.108012
-0.098624
-0.103231
-0.110344
-0.109430
-0.110460
-0.111677
-0.107669
-0.110767
-0.111322
-0.109289
-0.108130
-0.113951
-0.110457
-0.109964
-0.111761
-0.108801
-0.109487
-0.109612
-0.108504
-0.111401
-0.110180
-0.110875
-0.111196
-0.111601
-0.110677
-0.110501
-0.112071
-0.109214
-0.109412
-0.112372
-0.109557
-0.111110
-0.113651
-0.111926
-0.113532
-0.111343
-0.109418
-0.113167
-0.112655
-0.110174
-0.112021
-0.112964
-0.112775
-0.111298
0.179011
0.448541
0.510063
0.051018
0.282095
0.271940
0.011225
0.247621
0.197520
0.103473
0.118454
-0.018512
-0.074742
-0.026916
-0.001545
-0.079490
-0.064767
-0.056033
-0.089925
-0.095229
-0.095544
-0.106938
-0.095762
-0.095078
-0.090541
-0.101465
-0.106201
-0.109164
-0.106989
-0.102767
-0.098202
-0.100168
-0.097371
-0.099780
-0.110733
-0.098089
-0.094920
-0.110534
-0.093569
-0.094675
-0.108498
-0.096500
-0.090010
-0.099024
-0.098048
-0.102816
-0.110754
-0.107771
-0.110138
-0.113460
-0.113290
-0.114094
-0.114813
-0.112766
-0.111366
-0.113240
-0.109949
-0.109548
-0.112622
-0.106369
-0.110220
-0.109968
-0.111952
-0.113007
-0.111076
-0.114876
-0.110539
-0.111049
-0.115075
-0.111005
-0.112167
-0.114531
-0.113399
-0.112696
-0.112196
-0.112070
-0.112245
-0.113286
-0.113554
-0.113686
-0.113502
-0.112499
-0.113220
-0.113115
-0.113321
-0.113408
-0.114151
-0.112269
-0.111969
-0.113890
-0.112079
-0.112615
-0.115092
-0.112675
-0.112778
-0.114410
-0.114029
-0.115300
-0.113662
-0.114861
-0.047010
2.067306
2.755949
0.572576
0.789434
0.532965
-0.025669
0.093945
0.121331
0.021317
0.010458
-0.058158
-0.001206
-0.037550
-0.032213
-0.073544
-0.071385
-0.057334
-0.089038
-0.086764
-0.069012
-0.110114
-0.073648
-0.096441
-0.085552
-0.086913
-0.106181
-0.084917
-0.108719
-0.086528
-0.098259
-0.098132
-0.093739
-0.107746
-0.104336
-0.098924
-0.110245
-0.105749
-0.107011
-0.108436
-0.107519
-0.105496
-0.107382
-0.106254
-0.100958
-0.104492
-0.114240
-0.095362
-0.097899
-0.105009
-0.098495
-0.108275
-0.110642
-0.106261
-0.099730
-0.111737
-0.108409
-0.108200
-0.107967
-0.111779
-0.110811
-0.110461
-0.110999
-0.114720
-0.110280
-0.112665
-0.112791
-0.114199
-0.113858
-0.114192
-0.114418
-0.113177
-0.114558
-0.113563
-0.112302
-0.114043
-0.112246
-0.113222
-0.113444
-0.112746
-0.114322
-0.112110
-0.114614
-0.112729
-0.113147
-0.115115
-0.113603
-0.113153
-0.114200
-0.114170
-0.112852
-0.113149
-0.114020
-0.113050
-0.113747
-0.112285
-0.112743
-0.113836
-0.113636
-0.110771
-0.098399
0.360792
0.636900
0.304968
0.095916
0.030480
0.025150
-0.024853
-0.063983
-0.015789
-0.038524
-0.027534
-0.042482
-0.053264
-0.050077
-0.077390
-0.087600
-0.103537
-0.104702
-0.106973
-0.110534
-0.110376
-0.114437
-0.106936
-0.110205
-0.106248
-0.106801
-0.109137
-0.104658
-0.106122
-0.107617
-0.107009
-0.111589
-0.111564
-0.110711
-0.106406
-0.104067
-0.103177
-0.103204
-0.105378
-0.107241
-0.108015
-0.110292
-0.110157
-0.114905
-0.109675
-0.112154
-0.112091
-0.110640
-0.109273
-0.109721
-0.113590
-0.114732
-0.114094
-0.110986
-0.111516
-0.111849
-0.112292
-0.111965
-0.114280
-0.112705
-0.111905
-0.113357
-0.113607
-0.114177
-0.114464
-0.115009
-0.114659
-0.113847
-0.113595
-0.113496
-0.114010
-0.114322
-0.114827
-0.114338
-0.114167
-0.114458
-0.113763
-0.114129
-0.114165
-0.113611
-0.114125
-0.114287
-0.114221
-0.114941
-0.114441
-0.114336
-0.113845
-0.113355
-0.113792
-0.114652
-0.114325
-0.114165
-0.114599
-0.114832
-0.115021
-0.114944
-0.115020
-0.114475
-0.115120
-2.558001
0.232654
-1.896016
-3.113026
-0.115475
-0.115478
0.799022
0.384928
1.692401
0.240345
-0.115474
-0.115479
0.030932
0.094292
0.289360
-0.330840
-0.115476
-0.115479
-0.317081
2.337841
2.779119
-4.664934
-0.115477
-0.115478
-0.048458
0.663230
1.443804
-1.208734
-0.115474
-0.115478
-0.234905
2.491701
3.641516
-3.265187
-0.115475
-0.115479
6.398495
1.169417
8.723930
4.810612
-0.115474
-0.115478
2.328473
-0.020069
0.107435
-0.098187
-0.083479
-0.113835
-0.112860
-0.113347
-0.112678
-0.114669
-0.114386
-0.114196
-0.114867
-0.114899
-0.114008
-0.114211
-0.114639
-0.114751
-0.114667
-0.115046
-0.115024
-0.114974
-0.111265
-0.112346
-0.103519
-0.110619
-0.110879
-0.113401
-0.107618
-0.112165
-0.111428
-0.114222
-0.114479
-0.114291
-0.114343
-0.114405
-0.114400
-0.114750
-0.114601
-0.114760
-0.114938
-0.114856
-0.114742
-0.114554
-0.114687
-0.114717
-0.114845
-0.114809
-0.113831
-0.114569
-0.113565
-0.113420
-0.113927
-0.115098
-0.113986
-0.114474
-0.114415
-0.115216
-0.115298
-0.115362
-0.115377
-0.115298
-0.115299
-0.115187
-0.115282
-0.115283
-0.115192
-0.115188
-0.115286
-0.115282
-0.115220
-0.115289
-0.115119
-0.115167
-0.115292
-0.115095
-0.114801
-0.114527
-0.114513
-0.114804
-0.115140
-0.114507
-0.114734
-0.115254
-0.115135
-0.115071
-0.115096
-0.115125
-0.115181
-0.115233
-0.115154
-0.115060
-0.115273
-0.115419
-0.114940
-0.115251
-0.115330
-0.114983
-0.115439
-0.115289
0.803469
0.227007
-0.025181
-0.090892
-0.105354
-0.110666
-0.111859
-0.111754
-0.110368
-0.110997
-0.113493
-0.112191
-0.112670
-0.113211
-0.113702
-0.113961
-0.113796
-0.114013
-0.113626
-0.113396
-0.114222
-0.113377
-0.112965
-0.112022
-0.112246
-0.110021
-0.110996
-0.105807
-0.112787
-0.113110
-0.113260
-0.112949
-0.113963
-0.114443
-0.114831
-0.114453
-0.114156
-0.114231
-0.114677
-0.114590
-0.114474
-0.114227
-0.114526
-0.114601
-0.114870
-0.114721
-0.114478
-0.114570
-0.114217
-0.114506
-0.114126
-0.113582
-0.114310
-0.113308
-0.114847
-0.114787
-0.115046
-0.115097
-0.114935
-0.114798
-0.114746
-0.114978
-0.115069
-0.115027
-0.114858
-0.114933
-0.114974
-0.115120
-0.114996
-0.114860
-0.114771
-0.114991
-0.115080
-0.114984
-0.115056
-0.114949
-0.114905
-0.114936
-0.114421
-0.114399
-0.114882
-0.114671
-0.114777
-0.114892
-0.114958
-0.115073
-0.115062
-0.114940
-0.114890
-0.114902
-0.115024
-0.114986
-0.114997
-0.114891
-0.114920
-0.115261
-0.115267
-0.114879
-0.114886
-0.115001
0.031739
0.027880
-0.088163
-0.097906
-0.101330
-0.114464
-0.110568
-0.112043
-0.113307
-0.113847
-0.113358
-0.112346
-0.113925
-0.113250
-0.112174
-0.113840
-0.113308
-0.113694
-0.114078
-0.114236
-0.114770
-0.113974
-0.114701
-0.113890
-0.113485
-0.113214
-0.113410
-0.113678
-0.113104
-0.114074
-0.114229
-0.113840
-0.114452
-0.114404
-0.114372
-0.114436
-0.114608
-0.114512
-0.114578
-0.114801
-0.114953
-0.114500
-0.114827
-0.114742
-0.114695
-0.114716
-0.114639
-0.114757
-0.114466
-0.114957
-0.114473
-0.114330
-0.115179
-0.114595
-0.115369
-0.114815
-0.115090
-0.115099
-0.115000
-0.114998
-0.115029
-0.115007
-0.114961
-0.115027
-0.114941
-0.114964
-0.114933
-0.115119
-0.114971
-0.115016
-0.115042
-0.115009
-0.115081
-0.115018
-0.115109
-0.114912
-0.115144
-0.114993
-0.114814
-0.114915
-0.114792
-0.115087
-0.114907
-0.114988
-0.115001
-0.115042
-0.115013
-0.115031
-0.115055
-0.115004
-0.115079
-0.115039
-0.115097
-0.114950
-0.115103
-0.115087
-0.115098
-0.115094
-0.114985
-0.115111
0.085034
1.534012
0.379136
0.003116
-0.030619
-0.097832
-0.095494
-0.099634
-0.101261
-0.102225
-0.102703
-0.104377
-0.106326
-0.107535
-0.107542
-0.107507
-0.108491
-0.109996
-0.111068
-0.110287
-0.109751
-0.110002
-0.106585
-0.104951
-0.084455
-0.081304
-0.097561
-0.092690
-0.100054
-0.090063
-0.102855
-0.106934
-0.107197
-0.107197
-0.107727
-0.108617
-0.109367
-0.109375
-0.109139
-0.109210
-0.109719
-0.110130
-0.110124
-0.109862
-0.109656
-0.110150
-0.110577
-0.110618
-0.107972
-0.109195
-0.103872
-0.107527
-0.110796
-0.108431
-0.111849
-0.112603
-0.113544
-0.112610
-0.113206
-0.113388
-0.113276
-0.112966
-0.112775
-0.112922
-0.113139
-0.113240
-0.112995
-0.112980
-0.112776
-0.112921
-0.113176
-0.112558
-0.112555
-0.112879
-0.114183
-0.113454
-0.113329
-0.110995
-0.110075
-0.111725
-0.109450
-0.110559
-0.112284
-0.112956
-0.112505
-0.112437
-0.112488
-0.112683
-0.112833
-0.112749
-0.112631
-0.112354
-0.112712
-0.112927
-0.114016
-0.113175
-0.113172
-0.114326
-0.113140
-0.112803
-0.046994
0.118384
0.375223
-0.082376
-0.068719
-0.096195
-0.099475
-0.101920
-0.103647
-0.105356
-0.106806
-0.107577
-0.108123
-0.108843
-0.109548
-0.110120
-0.110637
-0.111196
-0.111509
-0.111868
-0.112603
-0.113692
-0.113582
-0.110983
-0.092162
-0.106376
-0.105706
-0.107302
-0.102807
-0.103272
-0.109979
-0.109625
-0.110430
-0.110844
-0.111048
-0.111151
-0.111304
-0.111519
-0.111705
-0.111795
-0.111847
-0.111865
-0.111969
-0.112021
-0.112111
-0.112098
-0.112076
-0.111847
-0.111334
-0.112034
-0.109078
-0.113390
-0.112712
-0.112501
-0.110318
-0.114461
-0.114023
-0.114048
-0.113795
-0.113718
-0.113728
-0.113744
-0.113723
-0.113681
-0.113678
-0.113702
-0.113710
-0.113702
-0.113619
-0.113677
-0.113708
-0.113761
-0.113575
-0.113819
-0.113945
-0.113658
-0.112919
-0.112296
-0.113095
-0.113604
-0.113283
-0.112086
-0.113236
-0.113418
-0.113534
-0.113562
-0.113561
-0.113577
-0.113608
-0.113632
-0.113628
-0.113644
-0.113725
-0.114034
-0.113733
-0.113764
-0.113784
-0.113716
-0.114165
-0.113803
0.004291
1.682626
0.190661
0.061441
-0.034797
-0.059196
-0.072820
-0.080311
-0.085478
-0.089002
-0.091823
-0.094381
-0.096786
-0.098577
-0.099873
-0.101026
-0.102364
-0.103905
-0.105321
-0.106412
-0.107574
-0.109630
-0.112890
-0.111570
-0.098995
-0.083978
-0.090968
-0.094268
-0.090630
-0.103518
-0.100750
-0.102109
-0.102796
-0.103426
-0.104061
-0.104733
-0.105270
-0.105535
-0.105685
-0.105935
-0.106270
-0.106552
-0.106671
-0.106722
-0.106654
-0.106943
-0.106963
-0.106808
-0.106331
-0.106052
-0.104785
-0.105086
-0.109513
-0.105048
-0.114366
-0.111283
-0.111926
-0.111313
-0.111161
-0.111059
-0.110946
-0.110826
-0.110743
-0.110818
-0.110892
-0.110917
-0.110871
-0.110910
-0.110713
-0.110775
-0.111075
-0.110488
-0.110901
-0.110953
-0.111180
-0.111083
-0.111406
-0.108829
-0.108571
-0.110618
-0.107120
-0.110087
-0.109902
-0.110311
-0.110411
-0.110498
-0.110559
-0.110664
-0.110762
-0.110740
-0.110756
-0.110782
-0.110963
-0.110871
-0.112112
-0.111159
-0.111167
-0.112366
-0.111045
-0.111188
