-2.442995
2.038883
2.211825
-9.545396
-0.108849
-0.108843
0.046446
0.987251
3.680427
-2.121192
-0.108843
-0.108842
2.224300
1.577940
6.819712
-3.655747
-0.108848
-0.108839
-0.497796
1.973468
4.800721
-4.580872
-0.108846
-0.108847
0.094208
5.586661
10.594180
-9.611140
-0.108846
-0.108848
-0.162418
1.475070
3.470864
-3.042063
-0.108846
-0.108847
8.129238
-0.108399
8.130224
8.128420
-0.108845
-0.108846
9.176612
3.575103
15.252717
3.720640
-0.108846
-0.108849
2.219610
0.660873
0.382388
0.478850
0.280299
0.119118
0.361206
0.151662
0.106755
-0.009177
0.128035
0.120541
0.050707
0.261616
0.061725
0.169920
0.111586
-0.025261
0.003841
-0.017959
-0.075991
0.016908
-0.067412
0.023364
-0.014439
-0.002473
0.008716
-0.051132
-0.001211
-0.097339
-0.038359
-0.084640
-0.081688
-0.072592
-0.095091
-0.072240
-0.062767
-0.084037
-0.040557
-0.086349
-0.072182
-0.075513
-0.097925
-0.084475
-0.079415
-0.082836
-0.091863
-0.075489
-0.090754
-0.093404
-0.092455
-0.098266
-0.101211
-0.100043
-0.100774
-0.098462
-0.099112
-0.095456
-0.102483
-0.097050
-0.099386
-0.095104
-0.096682
-0.097927
-0.084492
-0.097023
-0.084016
-0.089860
-0.094945
-0.093446
-0.097321
-0.105990
-0.096077
-0.102104
-0.095204
-0.096927
-0.098882
-0.092677
-0.106340
-0.095437
-0.104260
-0.104111
-0.101471
-0.104251
-0.104745
-0.098980
-0.107940
-0.098897
-0.104305
-0.101326
-0.104078
-0.101682
-0.100699
-0.105693
-0.101132
-0.103914
-0.101575
-0.101714
-0.099221
-0.103869
0.045626
0.287989
0.211791
0.023860
-0.085504
0.022149
0.050888
0.009204
-0.044387
0.026659
0.096709
0.031300
0.105583
0.122777
-0.015272
0.062961
-0.035217
-0.033742
-0.052681
-0.070216
-0.090726
-0.040227
-0.075063
-0.064614
-0.066006
-0.086388
-0.079129
-0.081460
-0.076265
-0.088324
-0.070855
-0.100995
-0.085338
-0.088887
-0.088657
-0.094913
-0.070876
-0.092243
-0.070805
-0.081749
-0.085504
-0.080755
-0.099196
-0.102731
-0.098768
-0.094209
-0.104757
-0.093570
-0.096653
-0.105418
-0.101700
-0.103018
-0.106775
-0.104807
-0.101405
-0.102129
-0.104309
-0.106693
-0.102987
-0.104668
-0.103321
-0.098999
-0.101806
-0.096545
-0.095970
-0.100761
-0.094772
-0.103958
-0.102772
-0.104093
-0.106425
-0.106316
-0.104071
-0.105484
-0.104916
-0.103413
-0.108085
-0.105228
-0.106622
-0.104908
-0.107450
-0.105393
-0.108295
-0.105113
-0.108124
-0.104885
-0.108595
-0.104597
-0.105969
-0.104530
-0.105260
-0.106512
-0.104429
-0.107198
-0.108092
-0.106039
-0.105080
-0.105707
-0.104376
-0.105053
2.221683
0.347887
0.389850
-0.027999
0.453170
0.412416
0.076195
0.146674
0.163462
0.104587
-0.068584
-0.008539
-0.022275
-0.051124
-0.060544
-0.002720
-0.050620
-0.005968
0.010210
-0.031147
-0.019502
-0.002771
-0.063927
-0.004149
-0.039240
-0.029611
-0.025169
-0.058135
-0.034321
-0.076826
-0.057235
-0.067753
-0.080948
-0.065481
-0.073731
-0.085793
-0.072793
-0.092191
-0.095717
-0.090216
-0.098114
-0.098299
-0.092323
-0.101588
-0.096700
-0.092918
-0.090070
-0.098367
-0.098160
-0.086929
-0.096488
-0.102699
-0.103250
-0.102828
-0.104970
-0.100540
-0.103464
-0.099226
-0.094610
-0.098137
-0.100653
-0.101836
-0.097466
-0.102469
-0.102781
-0.106070
-0.099944
-0.104324
-0.102850
-0.100891
-0.104127
-0.101857
-0.098666
-0.106631
-0.097976
-0.100816
-0.101793
-0.098628
-0.105154
-0.100682
-0.103696
-0.104483
-0.103251
-0.104851
-0.105087
-0.102437
-0.105205
-0.100736
-0.103309
-0.103090
-0.102162
-0.107876
-0.103932
-0.107052
-0.106444
-0.106423
-0.106215
-0.105544
-0.102932
-0.106631
0.278556
0.639269
0.774318
0.093862
0.418361
0.314199
-0.032169
0.199392
0.163490
0.003695
0.152803
-0.038757
0.043874
0.024561
-0.060545
-0.045993
-0.074045
-0.084118
-0.071870
-0.084824
-0.086971
-0.068807
-0.093816
-0.087939
-0.087396
-0.103537
-0.096073
-0.099154
-0.103387
-0.107660
-0.094303
-0.096504
-0.098973
-0.092677
-0.101417
-0.102514
-0.094802
-0.102479
-0.096651
-0.094290
-0.100237
-0.084399
-0.100267
-0.091283
-0.089293
-0.106289
-0.094980
-0.100737
-0.104955
-0.097846
-0.099810
-0.106777
-0.105311
-0.105865
-0.107529
-0.104584
-0.105899
-0.105692
-0.101035
-0.101896
-0.106123
-0.099979
-0.106098
-0.103233
-0.102855
-0.104915
-0.104452
-0.103577
-0.106492
-0.105894
-0.105824
-0.107279
-0.105107
-0.107496
-0.105941
-0.105701
-0.107918
-0.105993
-0.106934
-0.107555
-0.106865
-0.108203
-0.106544
-0.108329
-0.106588
-0.106833
-0.108285
-0.106159
-0.106583
-0.107824
-0.106702
-0.108694
-0.106666
-0.108366
-0.105860
-0.106082
-0.106759
-0.103756
-0.106634
-0.106377
0.095334
1.991792
2.933040
0.777150
0.838719
0.612306
0.056086
0.176204
0.109744
0.103625
0.010956
-0.030474
-0.047883
0.041802
-0.070970
-0.033354
-0.041347
-0.082183
-0.081774
-0.090817
-0.086712
-0.072256
-0.097711
-0.085416
-0.083256
-0.103252
-0.097360
-0.089807
-0.096854
-0.098798
-0.089414
-0.101164
-0.100087
-0.097176
-0.104497
-0.101178
-0.100662
-0.099690
-0.093880
-0.104957
-0.099639
-0.099336
-0.103012
-0.106489
-0.094668
-0.097691
-0.097730
-0.097827
-0.096833
-0.090079
-0.104947
-0.097982
-0.099117
-0.095978
-0.103936
-0.088814
-0.094025
-0.103894
-0.100059
-0.103893
-0.102740
-0.104967
-0.102911
-0.103898
-0.104110
-0.107485
-0.104306
-0.105574
-0.108404
-0.106750
-0.107239
-0.107143
-0.107681
-0.107800
-0.107297
-0.107395
-0.108539
-0.108072
-0.107402
-0.108120
-0.108007
-0.107377
-0.107594
-0.108160
-0.107500
-0.107599
-0.108470
-0.107436
-0.108271
-0.108042
-0.108034
-0.107001
-0.107614
-0.106058
-0.106076
-0.107654
-0.107298
-0.108514
-0.106982
-0.107852
-0.055323
0.279562
0.693274
0.409646
0.042542
0.136637
0.103393
0.051473
-0.045177
-0.002035
-0.022689
-0.071137
-0.058883
-0.092684
-0.098439
-0.083693
-0.098721
-0.104212
-0.104616
-0.097796
-0.090802
-0.089612
-0.085575
-0.093552
-0.090764
-0.098430
-0.096705
-0.099642
-0.100004
-0.100199
-0.100904
-0.102221
-0.103496
-0.105591
-0.107911
-0.106772
-0.104749
-0.107630
-0.104069
-0.105777
-0.107123
-0.104092
-0.102767
-0.106047
-0.101450
-0.106229
-0.106542
-0.103469
-0.099790
-0.101820
-0.104251
-0.102343
-0.105962
-0.107736
-0.108189
-0.105810
-0.104360
-0.105910
-0.106943
-0.105573
-0.102825
-0.105451
-0.107118
-0.105649
-0.107917
-0.107631
-0.107424
-0.107594
-0.108088
-0.107692
-0.108601
-0.107743
-0.108457
-0.107343
-0.108238
-0.107187
-0.108252
-0.107818
-0.108035
-0.108263
-0.107974
-0.108277
-0.108105
-0.108339
-0.108048
-0.108604
-0.107381
-0.107094
-0.108780
-0.107329
-0.108246
-0.108175
-0.108442
-0.108145
-0.108091
-0.107350
-0.107523
-0.108554
-0.107029
-0.106806
-2.663354
0.257412
-2.046362
-3.319169
-0.108846
-0.108848
0.134524
0.400825
0.997783
-0.434954
-0.108845
-0.108849
0.024093
0.137607
0.433744
-0.391607
-0.108846
-0.108848
-0.162098
1.630909
2.252613
-3.492388
-0.108847
-0.108848
-0.089316
1.049201
1.479079
-2.307796
-0.108847
-0.108848
-0.154828
2.870345
4.362271
-3.794267
-0.108845
-0.108849
5.562757
0.738125
7.183836
4.353560
-0.108845
-0.108848
2.442531
0.020690
0.104579
-0.067133
-0.056229
-0.095239
-0.101200
-0.102701
-0.103721
-0.102677
-0.105664
-0.104027
-0.106468
-0.105957
-0.106110
-0.106230
-0.105628
-0.106922
-0.106183
-0.106633
-0.107004
-0.106810
-0.105776
-0.101861
-0.103126
-0.098813
-0.104375
-0.106405
-0.106783
-0.097726
-0.107009
-0.104476
-0.107374
-0.107389
-0.107623
-0.107718
-0.107385
-0.107979
-0.107606
-0.107942
-0.107860
-0.107798
-0.107749
-0.107862
-0.107972
-0.107860
-0.107975
-0.108038
-0.107915
-0.107989
-0.107450
-0.107320
-0.107688
-0.107453
-0.107372
-0.107861
-0.105517
-0.108052
-0.107672
-0.108116
-0.108013
-0.108182
-0.108158
-0.108033
-0.108323
-0.108058
-0.108122
-0.108178
-0.107994
-0.108103
-0.108252
-0.108181
-0.108159
-0.108259
-0.108224
-0.108162
-0.108450
-0.108354
-0.107756
-0.108634
-0.107857
-0.107766
-0.108127
-0.107183
-0.108352
-0.108364
-0.108241
-0.108199
-0.108404
-0.108354
-0.107948
-0.108362
-0.108015
-0.108045
-0.108320
-0.107876
-0.108319
-0.108450
-0.108224
-0.108242
0.132044
0.238921
-0.018696
-0.089023
-0.099339
-0.102197
-0.105828
-0.108374
-0.108361
-0.108058
-0.108014
-0.107327
-0.108237
-0.107582
-0.108195
-0.108605
-0.108207
-0.108188
-0.108646
-0.108535
-0.108551
-0.107858
-0.107131
-0.107705
-0.106510
-0.104856
-0.098488
-0.106115
-0.101772
-0.104256
-0.107576
-0.107742
-0.108438
-0.108645
-0.108649
-0.108695
-0.108724
-0.108675
-0.108571
-0.108757
-0.108514
-0.108690
-0.108796
-0.108779
-0.108652
-0.108801
-0.108708
-0.108703
-0.108618
-0.108389
-0.108505
-0.108175
-0.108375
-0.106475
-0.107596
-0.107513
-0.107685
-0.108522
-0.108450
-0.108765
-0.108823
-0.108716
-0.108768
-0.108791
-0.108759
-0.108791
-0.108780
-0.108630
-0.108753
-0.108823
-0.108773
-0.108759
-0.108828
-0.108744
-0.108767
-0.108776
-0.108614
-0.108668
-0.108514
-0.108756
-0.107905
-0.108102
-0.108440
-0.108375
-0.108707
-0.108614
-0.108817
-0.108840
-0.108692
-0.108769
-0.108669
-0.108726
-0.108477
-0.108483
-0.108640
-0.108674
-0.108752
-0.108706
-0.108827
-0.108807
0.022401
0.054585
-0.058934
-0.081723
-0.088565
-0.102552
-0.105601
-0.106283
-0.107509
-0.107158
-0.107364
-0.107634
-0.107250
-0.106945
-0.107678
-0.108064
-0.107624
-0.108400
-0.108665
-0.107805
-0.108291
-0.108450
-0.106959
-0.106348
-0.106895
-0.105923
-0.103929
-0.108094
-0.105547
-0.106769
-0.106658
-0.107076
-0.108366
-0.108137
-0.108450
-0.108596
-0.108297
-0.108496
-0.108607
-0.108353
-0.108426
-0.108632
-0.108544
-0.108494
-0.108707
-0.108571
-0.108477
-0.108718
-0.108569
-0.108285
-0.108378
-0.108431
-0.108086
-0.107613
-0.108591
-0.108314
-0.108359
-0.108215
-0.108446
-0.108589
-0.108507
-0.108725
-0.108644
-0.108534
-0.108671
-0.108633
-0.108586
-0.108725
-0.108657
-0.108633
-0.108707
-0.108676
-0.108607
-0.108671
-0.108709
-0.108604
-0.108620
-0.108770
-0.108557
-0.108449
-0.108329
-0.108629
-0.108625
-0.108550
-0.108601
-0.108762
-0.108624
-0.108610
-0.108803
-0.108700
-0.108588
-0.108653
-0.108617
-0.108611
-0.108666
-0.108594
-0.108733
-0.108799
-0.108633
-0.108649
-0.045318
0.911106
0.560842
0.035578
-0.070096
-0.101533
-0.095883
-0.097683
-0.097927
-0.103030
-0.102141
-0.101038
-0.104429
-0.104466
-0.102615
-0.104949
-0.106085
-0.103729
-0.105050
-0.107441
-0.104329
-0.103943
-0.106554
-0.104209
-0.087906
-0.075464
-0.084127
-0.103245
-0.083776
-0.076180
-0.103464
-0.102378
-0.106081
-0.107008
-0.105173
-0.105716
-0.107496
-0.105994
-0.106089
-0.107523
-0.106458
-0.106230
-0.107551
-0.106871
-0.106348
-0.107577
-0.107257
-0.106371
-0.107455
-0.107103
-0.106401
-0.103330
-0.103426
-0.105181
-0.105652
-0.102707
-0.101072
-0.107402
-0.105696
-0.107376
-0.107431
-0.106570
-0.107146
-0.107891
-0.107038
-0.107435
-0.107663
-0.107029
-0.107484
-0.107795
-0.107069
-0.107233
-0.107853
-0.107222
-0.107133
-0.108052
-0.107106
-0.107167
-0.106852
-0.108059
-0.108026
-0.106826
-0.106510
-0.106279
-0.107481
-0.106573
-0.107637
-0.107538
-0.106838
-0.107421
-0.108385
-0.107581
-0.107646
-0.107760
-0.107700
-0.108362
-0.107595
-0.107038
-0.107758
-0.107570
-0.097723
0.645062
0.201251
-0.032487
-0.079954
-0.091092
-0.094425
-0.096718
-0.098565
-0.099406
-0.100438
-0.101455
-0.101800
-0.102331
-0.103121
-0.103228
-0.103416
-0.104125
-0.104229
-0.104166
-0.104718
-0.104911
-0.104895
-0.104984
-0.100329
-0.086261
-0.089157
-0.107909
-0.091040
-0.097969
-0.103626
-0.105429
-0.105999
-0.106095
-0.106411
-0.106458
-0.106332
-0.106512
-0.106613
-0.106535
-0.106744
-0.106836
-0.106696
-0.106780
-0.106942
-0.106836
-0.106859
-0.107045
-0.106971
-0.107024
-0.107466
-0.106189
-0.102446
-0.103895
-0.107538
-0.105446
-0.107202
-0.106955
-0.107090
-0.107160
-0.107220
-0.107351
-0.107318
-0.107283
-0.107253
-0.107201
-0.107277
-0.107609
-0.107527
-0.107385
-0.107440
-0.107452
-0.107389
-0.107455
-0.107501
-0.107429
-0.107506
-0.107765
-0.107438
-0.105841
-0.106376
-0.107350
-0.107367
-0.108213
-0.107572
-0.107496
-0.107477
-0.107506
-0.107564
-0.107597
-0.107733
-0.107433
-0.107243
-0.107214
-0.107362
-0.107773
-0.107673
-0.107605
-0.107542
-0.107551
-0.083216
1.983840
0.144716
-0.031787
-0.083651
-0.100805
-0.103774
-0.104859
-0.106419
-0.105028
-0.105589
-0.106939
-0.105734
-0.105908
-0.106874
-0.106113
-0.105835
-0.106668
-0.105992
-0.105527
-0.105994
-0.104983
-0.104809
-0.104504
-0.106133
-0.092652
-0.056417
-0.105101
-0.058301
-0.095435
-0.099643
-0.104264
-0.105717
-0.106159
-0.106964
-0.107341
-0.107004
-0.107462
-0.107826
-0.107375
-0.107681
-0.107922
-0.107545
-0.107612
-0.107952
-0.107522
-0.107451
-0.107709
-0.107138
-0.106922
-0.106942
-0.106736
-0.103543
-0.098650
-0.106795
-0.097411
-0.105035
-0.105716
-0.107150
-0.107483
-0.107588
-0.108007
-0.108105
-0.107888
-0.108126
-0.108223
-0.108088
-0.108264
-0.108150
-0.108108
-0.108258
-0.108320
-0.108073
-0.108158
-0.108217
-0.107838
-0.107768
-0.107750
-0.107257
-0.105760
-0.105445
-0.107263
-0.104441
-0.107029
-0.107302
-0.107882
-0.107990
-0.108029
-0.108149
-0.108081
-0.107850
-0.107164
-0.107756
-0.107723
-0.107158
-0.107732
-0.108116
-0.108236
-0.108186
-0.108271
