-1.176842
1.792988
2.004206
-8.061003
-0.113784
-0.113775
-0.088364
0.829441
3.062688
-2.352612
-0.113778
-0.113776
2.661752
1.479242
7.100718
-3.128381
-0.113783
-0.113770
-0.455582
1.640827
4.351689
-5.001733
-0.113781
-0.113778
-0.101543
5.568856
10.635800
-10.067978
-0.113780
-0.113782
0.056309
1.385870
4.021692
-3.029778
-0.113779
-0.113779
10.545697
-0.113440
10.546676
10.544935
-0.113779
-0.113779
7.981893
3.210356
13.257266
2.767402
-0.113780
-0.113783
0.944017
0.616716
0.443730
0.489646
0.222516
0.097049
0.301430
0.044066
0.079357
0.030346
0.073684
0.026856
0.046604
0.074347
-0.041863
-0.018634
-0.040836
-0.067927
-0.101602
-0.049889
-0.068554
-0.028556
-0.103207
-0.020405
-0.068617
-0.058035
-0.072724
-0.047279
-0.064973
-0.065490
-0.043648
-0.109603
-0.072548
-0.095542
-0.105571
-0.110971
-0.110914
-0.097522
-0.086617
-0.102503
-0.084682
-0.093916
-0.097547
-0.101067
-0.091776
-0.100763
-0.096430
-0.091361
-0.112041
-0.101862
-0.100908
-0.104828
-0.106752
-0.111550
-0.112520
-0.107564
-0.101914
-0.105444
-0.106763
-0.105923
-0.108385
-0.106129
-0.112252
-0.100666
-0.107860
-0.103223
-0.104298
-0.110480
-0.109805
-0.109075
-0.109372
-0.110107
-0.109065
-0.108972
-0.106390
-0.110503
-0.107636
-0.108305
-0.107517
-0.110302
-0.103491
-0.109873
-0.105313
-0.106841
-0.111377
-0.109135
-0.112807
-0.112798
-0.111818
-0.110856
-0.110796
-0.107575
-0.112531
-0.110497
-0.110670
-0.109267
-0.110377
-0.107768
-0.110382
-0.110318
-0.089117
0.187802
0.150880
0.004692
-0.080972
0.024286
0.060025
-0.005944
0.030238
-0.048868
0.099254
-0.003845
0.056551
0.054621
-0.097819
-0.016496
-0.047438
-0.077402
-0.030094
-0.082807
-0.009952
-0.056294
-0.035595
-0.057557
-0.056161
-0.076406
-0.086255
-0.096510
-0.075308
-0.082931
-0.074272
-0.078577
-0.087872
-0.073092
-0.101971
-0.087655
-0.099175
-0.099440
-0.091661
-0.104591
-0.087727
-0.094119
-0.097962
-0.096943
-0.103445
-0.105858
-0.106379
-0.112222
-0.106423
-0.103553
-0.109158
-0.103299
-0.110412
-0.108268
-0.112293
-0.110012
-0.108415
-0.106340
-0.106507
-0.102602
-0.108891
-0.103909
-0.110835
-0.101169
-0.108618
-0.102926
-0.104516
-0.113485
-0.107768
-0.108980
-0.110439
-0.107421
-0.109045
-0.105375
-0.107582
-0.106713
-0.109364
-0.108135
-0.111472
-0.110649
-0.112851
-0.109870
-0.111955
-0.110224
-0.110807
-0.110890
-0.108922
-0.111231
-0.108018
-0.111507
-0.109803
-0.110767
-0.110712
-0.110862
-0.111414
-0.110209
-0.110661
-0.111814
-0.109316
-0.112552
2.659686
0.289488
0.345862
-0.022670
0.430451
0.367392
0.106379
0.136125
0.142471
0.069664
-0.096254
0.014052
-0.001757
-0.095589
-0.021172
-0.025909
-0.056928
-0.047216
0.001807
-0.042935
-0.034107
0.019493
-0.068221
-0.019317
-0.038255
-0.074170
-0.065999
-0.049040
-0.081145
-0.055586
-0.045390
-0.093416
-0.053628
-0.076486
-0.092408
-0.082899
-0.083427
-0.104573
-0.092302
-0.092703
-0.105877
-0.097071
-0.101383
-0.112444
-0.106303
-0.098313
-0.093909
-0.105905
-0.093008
-0.096889
-0.110139
-0.110630
-0.113329
-0.108426
-0.109390
-0.107022
-0.109808
-0.102113
-0.104451
-0.105589
-0.106899
-0.103639
-0.104725
-0.111672
-0.109017
-0.107684
-0.111080
-0.110281
-0.107890
-0.108526
-0.110441
-0.103575
-0.107380
-0.106298
-0.102178
-0.107812
-0.105669
-0.105649
-0.107163
-0.109079
-0.104093
-0.109322
-0.106115
-0.105392
-0.110672
-0.106653
-0.108154
-0.109669
-0.111110
-0.109142
-0.111702
-0.109929
-0.110016
-0.112128
-0.110540
-0.111885
-0.112629
-0.112429
-0.108445
-0.106354
0.226723
0.460120
0.510473
0.230122
0.344045
0.262416
0.021889
0.207186
0.203909
0.043086
0.101971
0.031335
-0.079302
-0.010808
-0.047734
-0.068211
-0.084961
-0.088687
-0.077711
-0.095145
-0.086914
-0.076907
-0.092850
-0.097167
-0.100329
-0.109978
-0.103477
-0.108621
-0.102314
-0.107060
-0.094611
-0.110364
-0.093046
-0.095371
-0.108139
-0.098672
-0.103627
-0.104127
-0.102881
-0.103443
-0.100963
-0.107047
-0.101128
-0.094895
-0.101026
-0.096872
-0.100421
-0.107252
-0.104868
-0.104694
-0.106296
-0.110866
-0.111586
-0.112223
-0.110233
-0.109987
-0.110131
-0.108035
-0.107233
-0.109452
-0.105804
-0.106051
-0.108143
-0.107299
-0.107856
-0.111550
-0.110007
-0.111649
-0.113047
-0.112928
-0.113224
-0.112090
-0.111799
-0.112562
-0.111520
-0.110853
-0.112998
-0.111672
-0.112327
-0.111979
-0.113088
-0.112029
-0.112173
-0.112419
-0.112986
-0.111882
-0.112703
-0.111875
-0.112342
-0.112786
-0.111875
-0.112134
-0.113283
-0.112024
-0.112038
-0.111633
-0.110754
-0.111531
-0.113016
-0.112862
-0.100467
2.067873
2.882293
0.733822
0.815629
0.638693
-0.047645
0.125605
0.078533
0.018947
-0.034721
-0.022600
-0.004848
-0.030032
-0.042161
-0.050500
-0.081434
-0.042168
-0.068877
-0.108397
-0.060603
-0.071310
-0.106338
-0.076084
-0.078713
-0.097396
-0.090790
-0.093514
-0.099705
-0.101081
-0.097378
-0.103035
-0.104554
-0.096797
-0.101170
-0.106139
-0.093382
-0.103652
-0.101706
-0.100319
-0.102993
-0.103309
-0.103746
-0.104746
-0.102374
-0.100568
-0.099814
-0.106056
-0.094709
-0.098491
-0.104794
-0.094843
-0.107058
-0.107452
-0.103919
-0.096357
-0.109353
-0.104612
-0.104752
-0.110955
-0.112369
-0.109598
-0.108921
-0.111301
-0.111497
-0.109069
-0.110606
-0.113015
-0.111064
-0.110798
-0.111529
-0.110815
-0.111371
-0.110086
-0.111613
-0.112333
-0.111100
-0.110999
-0.113315
-0.112935
-0.111758
-0.112615
-0.112616
-0.112337
-0.111248
-0.113157
-0.113350
-0.110918
-0.112204
-0.111625
-0.111362
-0.111391
-0.112244
-0.111624
-0.112339
-0.112198
-0.110698
-0.110874
-0.113092
-0.111159
0.055493
0.197338
0.582634
0.378885
0.179261
0.180227
0.088050
-0.032013
-0.014972
0.044583
-0.017743
-0.025242
-0.022697
-0.046891
-0.059465
-0.066749
-0.085542
-0.084171
-0.099274
-0.094907
-0.100380
-0.097342
-0.100844
-0.102168
-0.103281
-0.105676
-0.103696
-0.107965
-0.105992
-0.107792
-0.108687
-0.105717
-0.109657
-0.106161
-0.108559
-0.108637
-0.106628
-0.109598
-0.104482
-0.107743
-0.106877
-0.101890
-0.104986
-0.106139
-0.101547
-0.107108
-0.110741
-0.106600
-0.104786
-0.108900
-0.109845
-0.111142
-0.110763
-0.110160
-0.110788
-0.107624
-0.108614
-0.109709
-0.110184
-0.109480
-0.110956
-0.112335
-0.109735
-0.109589
-0.110835
-0.110851
-0.110135
-0.111519
-0.112391
-0.112032
-0.112500
-0.112948
-0.112522
-0.113346
-0.112280
-0.113117
-0.112770
-0.112814
-0.113490
-0.113115
-0.113626
-0.113092
-0.113380
-0.112968
-0.112370
-0.112864
-0.112702
-0.112817
-0.112543
-0.113141
-0.112856
-0.111903
-0.112469
-0.113234
-0.111088
-0.111612
-0.113330
-0.111955
-0.112177
-0.112472
-2.487910
0.337749
-1.821655
-3.176370
-0.113780
-0.113783
1.076075
0.241582
1.513221
0.407143
-0.113781
-0.113783
0.089633
0.032898
0.299308
-0.193408
-0.113780
-0.113783
-0.397827
1.962085
2.095099
-3.631995
-0.113781
-0.113783
0.186719
0.697776
1.386960
-0.950464
-0.113780
-0.113784
-0.162919
2.239039
3.612632
-3.139765
-0.113779
-0.113784
5.602280
0.126075
6.025041
5.314454
-0.113779
-0.113783
2.257255
0.197491
-0.061233
-0.078778
-0.097985
-0.096090
-0.102201
-0.104919
-0.109569
-0.109088
-0.107629
-0.109554
-0.112359
-0.110688
-0.105167
-0.106556
-0.098297
-0.107185
-0.110049
-0.103205
-0.108864
-0.111390
-0.111497
-0.112019
-0.111929
-0.113086
-0.112361
-0.112318
-0.112514
-0.112730
-0.112429
-0.110689
-0.112711
-0.112423
-0.111175
-0.111962
-0.111570
-0.113553
-0.113553
-0.113083
-0.113445
-0.113471
-0.113555
-0.113379
-0.113400
-0.113375
-0.113619
-0.113609
-0.113089
-0.113036
-0.112701
-0.113002
-0.113203
-0.112968
-0.113287
-0.113402
-0.113204
-0.113611
-0.113645
-0.113475
-0.113435
-0.113589
-0.113701
-0.113443
-0.113509
-0.113342
-0.113285
-0.113266
-0.113595
-0.113471
-0.113256
-0.113656
-0.113627
-0.113550
-0.113661
-0.113712
-0.113617
-0.113579
-0.113702
-0.113712
-0.113584
-0.113592
-0.113592
-0.113606
-0.113708
-0.113666
-0.113633
-0.113662
-0.113631
-0.113670
-0.113679
-0.113670
-0.113672
-0.113671
-0.113661
-0.113668
-0.113686
-0.113675
-0.113702
-0.113681
1.077063
0.130068
-0.062384
-0.100666
-0.110525
-0.105980
-0.101978
-0.106254
-0.111646
-0.109945
-0.106905
-0.109035
-0.113113
-0.109953
-0.107255
-0.106462
-0.110038
-0.105142
-0.107448
-0.110167
-0.111882
-0.112915
-0.113153
-0.112548
-0.113142
-0.113360
-0.113180
-0.112804
-0.113407
-0.113490
-0.113015
-0.112751
-0.113766
-0.111291
-0.112374
-0.112796
-0.111974
-0.113158
-0.113612
-0.113215
-0.113047
-0.113528
-0.113573
-0.113294
-0.113182
-0.113582
-0.113607
-0.113313
-0.113363
-0.113271
-0.112965
-0.113352
-0.112881
-0.113347
-0.113456
-0.113398
-0.113348
-0.113394
-0.113562
-0.113472
-0.113392
-0.113415
-0.113572
-0.113487
-0.113363
-0.113353
-0.113715
-0.113394
-0.113513
-0.113531
-0.113760
-0.113559
-0.113494
-0.113533
-0.113594
-0.113556
-0.113522
-0.113538
-0.113577
-0.113562
-0.113535
-0.113534
-0.113547
-0.113546
-0.113467
-0.113617
-0.113538
-0.113644
-0.113588
-0.113566
-0.113580
-0.113594
-0.113577
-0.113570
-0.113577
-0.113587
-0.113579
-0.113567
-0.113571
-0.113585
0.090345
-0.024057
-0.082342
-0.095916
-0.093135
-0.096885
-0.103079
-0.103790
-0.102554
-0.104811
-0.107132
-0.108197
-0.106614
-0.108620
-0.110871
-0.109398
-0.109900
-0.112785
-0.109948
-0.112040
-0.111542
-0.110964
-0.111740
-0.112189
-0.112037
-0.111598
-0.112351
-0.112726
-0.112542
-0.112176
-0.112840
-0.113350
-0.112632
-0.112945
-0.113479
-0.112976
-0.113361
-0.113000
-0.112949
-0.113410
-0.113274
-0.113119
-0.113044
-0.113498
-0.113435
-0.113181
-0.113175
-0.113589
-0.113536
-0.113187
-0.113481
-0.113682
-0.113598
-0.113411
-0.113335
-0.113451
-0.113715
-0.113399
-0.113372
-0.113460
-0.113696
-0.113490
-0.113384
-0.113505
-0.113749
-0.113534
-0.113408
-0.113639
-0.113757
-0.113700
-0.113505
-0.113533
-0.113670
-0.113651
-0.113526
-0.113556
-0.113665
-0.113656
-0.113575
-0.113571
-0.113655
-0.113659
-0.113596
-0.113582
-0.113661
-0.113672
-0.113646
-0.113608
-0.113633
-0.113661
-0.113633
-0.113615
-0.113635
-0.113654
-0.113637
-0.113627
-0.113635
-0.113647
-0.113643
-0.113635
0.157257
1.204949
0.407852
0.096764
0.040464
0.020646
0.012984
-0.014831
-0.034383
-0.044738
-0.042101
-0.054558
-0.064533
-0.068950
-0.070590
-0.055332
-0.072182
-0.104915
-0.068958
-0.085022
-0.099317
-0.095615
-0.095577
-0.094802
-0.102098
-0.102720
-0.101596
-0.099932
-0.104428
-0.106829
-0.104882
-0.105411
-0.102453
-0.106980
-0.108472
-0.100073
-0.105295
-0.110349
-0.107466
-0.107490
-0.107716
-0.111373
-0.109579
-0.108323
-0.108460
-0.111372
-0.111339
-0.108661
-0.109477
-0.108735
-0.110650
-0.110939
-0.107180
-0.111401
-0.113041
-0.110145
-0.110586
-0.111396
-0.113066
-0.111077
-0.110686
-0.111467
-0.113209
-0.111964
-0.110671
-0.111566
-0.112411
-0.111641
-0.111985
-0.111106
-0.113295
-0.112431
-0.111379
-0.112106
-0.113146
-0.112680
-0.111943
-0.112151
-0.112862
-0.112875
-0.112344
-0.112177
-0.112728
-0.113204
-0.112102
-0.112321
-0.112536
-0.112953
-0.112578
-0.112374
-0.112666
-0.112859
-0.112633
-0.112506
-0.112637
-0.112762
-0.112680
-0.112610
-0.112553
-0.112651
0.180800
0.455792
-0.054840
-0.095933
-0.098576
-0.095322
-0.092233
-0.101183
-0.105152
-0.105353
-0.100565
-0.105283
-0.107545
-0.106400
-0.104660
-0.098724
-0.093491
-0.105973
-0.099590
-0.103721
-0.111521
-0.109854
-0.111658
-0.110259
-0.112838
-0.112190
-0.112079
-0.111062
-0.112828
-0.112819
-0.111886
-0.111889
-0.111547
-0.112296
-0.110229
-0.108520
-0.111300
-0.112740
-0.112359
-0.112876
-0.112295
-0.113368
-0.113164
-0.112703
-0.112439
-0.113616
-0.113633
-0.112454
-0.113123
-0.112253
-0.112969
-0.112305
-0.111570
-0.113233
-0.113162
-0.112599
-0.113144
-0.113128
-0.113234
-0.113125
-0.113024
-0.112960
-0.113488
-0.113441
-0.112754
-0.113005
-0.113067
-0.113356
-0.113020
-0.113136
-0.113281
-0.113346
-0.112994
-0.113314
-0.113453
-0.113265
-0.113218
-0.113292
-0.113298
-0.113346
-0.113349
-0.113201
-0.113255
-0.113551
-0.113158
-0.113139
-0.113355
-0.113393
-0.113366
-0.113283
-0.113347
-0.113380
-0.113327
-0.113315
-0.113347
-0.113353
-0.113328
-0.113349
-0.113287
-0.113311
-0.050462
1.330560
0.451569
0.250980
0.134334
0.092401
0.071895
0.032719
0.005333
-0.010182
-0.009944
-0.026702
-0.042772
-0.049252
-0.052576
-0.051537
-0.059413
-0.100998
-0.053661
-0.077772
-0.083961
-0.087733
-0.087344
-0.086593
-0.095284
-0.096463
-0.095666
-0.094052
-0.099467
-0.102733
-0.099275
-0.100120
-0.099128
-0.105615
-0.107620
-0.098151
-0.105034
-0.107602
-0.105286
-0.104925
-0.105280
-0.109568
-0.107696
-0.106274
-0.106530
-0.109720
-0.109872
-0.106658
-0.108209
-0.108436
-0.111038
-0.109453
-0.106652
-0.110443
-0.111646
-0.108757
-0.109251
-0.110356
-0.112366
-0.110046
-0.109586
-0.110691
-0.112526
-0.111255
-0.109665
-0.111405
-0.112134
-0.111356
-0.110822
-0.110515
-0.113187
-0.112403
-0.110802
-0.111609
-0.113017
-0.112533
-0.111464
-0.111721
-0.112779
-0.112790
-0.111966
-0.111726
-0.112748
-0.113195
-0.112028
-0.112039
-0.112385
-0.112914
-0.112406
-0.112119
-0.112519
-0.112815
-0.112490
-0.112299
-0.112480
-0.112666
-0.112581
-0.112440
-0.112390
-0.112542
