-1.057819
1.757945
2.703353
-7.495669
-0.114086
-0.114077
-0.036451
0.912099
3.751206
-2.030947
-0.114079
-0.114074
2.611014
1.430133
7.117889
-3.726720
-0.114086
-0.114069
-0.322051
2.044718
6.393593
-4.760355
-0.114081
-0.114080
0.020034
5.254898
10.290465
-9.646439
-0.114083
-0.114084
-0.129813
1.309199
3.006181
-3.077851
-0.114082
-0.114083
10.585275
-0.113558
10.586310
10.584317
-0.114082
-0.114083
7.428186
3.190836
13.008251
2.600836
-0.114082
-0.114086
0.824968
0.561411
0.356087
0.479269
0.335203
-0.012093
0.263495
0.161164
0.043623
0.010483
0.045549
0.100605
-0.069397
0.066875
0.035140
-0.084766
-0.024267
-0.052077
-0.074146
-0.072777
-0.071727
-0.037394
-0.025164
-0.079730
0.016134
-0.030682
-0.043166
0.006788
-0.056321
-0.036916
-0.013585
-0.078435
-0.046738
-0.054908
-0.108926
-0.079510
-0.078033
-0.100381
-0.090151
-0.094303
-0.089834
-0.085432
-0.101677
-0.080030
-0.099190
-0.101012
-0.097237
-0.101021
-0.107173
-0.100572
-0.092855
-0.108337
-0.102682
-0.101278
-0.104561
-0.105687
-0.110700
-0.110830
-0.110685
-0.107662
-0.101153
-0.105666
-0.105904
-0.104601
-0.106126
-0.104176
-0.112569
-0.101659
-0.106037
-0.108938
-0.104403
-0.109083
-0.112009
-0.108801
-0.107936
-0.110480
-0.105512
-0.113200
-0.101463
-0.105026
-0.107098
-0.100140
-0.108364
-0.105085
-0.102961
-0.108673
-0.102777
-0.104304
-0.109532
-0.108162
-0.109003
-0.112488
-0.107728
-0.109793
-0.108005
-0.107698
-0.109387
-0.105789
-0.111868
-0.108892
-0.037277
0.229879
0.191313
-0.022166
-0.060682
0.008458
-0.000510
-0.029669
0.061008
0.011484
0.103301
0.106010
0.022575
0.100453
0.012183
-0.043535
-0.009043
-0.078040
-0.048186
-0.097615
-0.069748
-0.054592
-0.099671
-0.069278
-0.071279
-0.103045
-0.077705
-0.093046
-0.101517
-0.105467
-0.091364
-0.093217
-0.109973
-0.087573
-0.092673
-0.102822
-0.083483
-0.098484
-0.095323
-0.095527
-0.099768
-0.086947
-0.102843
-0.084611
-0.086189
-0.098141
-0.090969
-0.097603
-0.106671
-0.101584
-0.107465
-0.110629
-0.107394
-0.110665
-0.109382
-0.108458
-0.109058
-0.112580
-0.109314
-0.109602
-0.109432
-0.110561
-0.106800
-0.110391
-0.107260
-0.103980
-0.106330
-0.101086
-0.104483
-0.105981
-0.103505
-0.110992
-0.109454
-0.109440
-0.112148
-0.109903
-0.110873
-0.109450
-0.107436
-0.110264
-0.108956
-0.109836
-0.111255
-0.109879
-0.113715
-0.111630
-0.112716
-0.110469
-0.110606
-0.112242
-0.108647
-0.111284
-0.109521
-0.109910
-0.110691
-0.109224
-0.111836
-0.107732
-0.108863
-0.109300
2.609048
0.223414
0.289235
-0.019556
0.353438
0.409105
0.162814
0.135587
0.169309
0.129531
-0.037892
-0.019546
0.024949
-0.022934
-0.070710
0.012251
-0.031217
-0.065415
-0.029753
-0.039134
-0.086222
-0.038967
-0.021719
-0.089465
-0.031019
-0.053910
-0.085924
-0.050632
-0.094080
-0.071760
-0.067858
-0.096740
-0.068531
-0.082686
-0.095930
-0.081732
-0.085444
-0.101593
-0.084488
-0.082376
-0.109284
-0.085762
-0.095635
-0.102982
-0.100217
-0.098920
-0.107892
-0.105235
-0.095195
-0.092851
-0.105620
-0.097512
-0.095045
-0.106651
-0.110255
-0.112196
-0.110902
-0.111198
-0.108008
-0.110469
-0.106964
-0.101731
-0.104326
-0.105032
-0.107868
-0.103077
-0.105189
-0.110553
-0.108242
-0.107242
-0.110548
-0.110125
-0.107498
-0.109458
-0.112569
-0.107583
-0.106276
-0.112552
-0.103510
-0.107153
-0.108063
-0.104011
-0.109846
-0.107842
-0.107876
-0.110183
-0.108277
-0.110036
-0.110228
-0.109959
-0.110141
-0.110474
-0.105410
-0.107412
-0.108871
-0.104160
-0.109709
-0.110449
-0.108190
-0.109940
0.093530
0.415708
0.791128
0.283011
0.342900
0.430332
0.079787
0.190307
0.313020
0.101814
0.160963
0.137439
-0.030890
0.016507
0.004406
-0.056804
-0.052220
-0.051892
-0.075624
-0.087670
-0.092942
-0.100977
-0.095903
-0.099486
-0.102780
-0.098731
-0.103210
-0.108685
-0.102844
-0.113104
-0.104368
-0.109529
-0.104086
-0.107279
-0.107090
-0.105053
-0.104207
-0.106853
-0.102189
-0.105268
-0.101007
-0.101171
-0.107896
-0.094735
-0.098888
-0.101973
-0.090953
-0.099316
-0.102103
-0.097273
-0.105847
-0.106739
-0.100178
-0.103914
-0.107809
-0.108654
-0.111460
-0.111822
-0.109356
-0.108667
-0.113386
-0.105564
-0.103688
-0.108804
-0.103228
-0.104011
-0.108038
-0.106039
-0.107492
-0.113241
-0.108619
-0.109246
-0.112871
-0.110232
-0.111156
-0.112539
-0.111186
-0.111721
-0.112005
-0.111084
-0.112394
-0.111945
-0.111007
-0.113169
-0.112264
-0.112427
-0.112508
-0.112705
-0.112230
-0.112500
-0.112062
-0.110845
-0.113191
-0.111748
-0.111755
-0.112799
-0.111764
-0.109745
-0.110844
-0.110890
0.021489
1.817985
2.714652
0.965890
0.639094
0.686410
0.050484
0.053857
0.123155
0.101835
-0.022923
0.009107
-0.008252
-0.032938
-0.050670
-0.024907
-0.068071
-0.074753
-0.046165
-0.073438
-0.082041
-0.059510
-0.086253
-0.094343
-0.082346
-0.103385
-0.097402
-0.109098
-0.104048
-0.109044
-0.099879
-0.110086
-0.099657
-0.101229
-0.112431
-0.099162
-0.100100
-0.105828
-0.103409
-0.102946
-0.109797
-0.105136
-0.105051
-0.109739
-0.106749
-0.106640
-0.109548
-0.105198
-0.104986
-0.101323
-0.106862
-0.100088
-0.096267
-0.113361
-0.100144
-0.104874
-0.103461
-0.109059
-0.098045
-0.099131
-0.112710
-0.106156
-0.108440
-0.110097
-0.111695
-0.107967
-0.109001
-0.110196
-0.111495
-0.110535
-0.111220
-0.112481
-0.110972
-0.113258
-0.111687
-0.111305
-0.114038
-0.110878
-0.112523
-0.113785
-0.111910
-0.113267
-0.113704
-0.113768
-0.112322
-0.112373
-0.112212
-0.111791
-0.112051
-0.111672
-0.112996
-0.112285
-0.111345
-0.113087
-0.111102
-0.113144
-0.112214
-0.112621
-0.113333
-0.112785
-0.098384
0.330028
0.583673
0.309794
0.096491
0.089170
0.026658
-0.001823
-0.067893
-0.059352
-0.044327
-0.044967
-0.061657
-0.071746
-0.067317
-0.077424
-0.091421
-0.087791
-0.100073
-0.099456
-0.101084
-0.100284
-0.105378
-0.102104
-0.109739
-0.106330
-0.108671
-0.112261
-0.107349
-0.108773
-0.109189
-0.107279
-0.109921
-0.107996
-0.110221
-0.107996
-0.112034
-0.109293
-0.113126
-0.110724
-0.110571
-0.111018
-0.108599
-0.107215
-0.108047
-0.107784
-0.107627
-0.109016
-0.111634
-0.112283
-0.110132
-0.107551
-0.108423
-0.110898
-0.110115
-0.111751
-0.111413
-0.111825
-0.109730
-0.109145
-0.111310
-0.112648
-0.111906
-0.110011
-0.111333
-0.113141
-0.111854
-0.111957
-0.112105
-0.112306
-0.112113
-0.112079
-0.112677
-0.112741
-0.112924
-0.113178
-0.113145
-0.112808
-0.113642
-0.113252
-0.112774
-0.113558
-0.113628
-0.113666
-0.112967
-0.113145
-0.113234
-0.112788
-0.113490
-0.113096
-0.113591
-0.113759
-0.113221
-0.112628
-0.113463
-0.113810
-0.113040
-0.112795
-0.112507
-0.112127
-2.527571
0.248684
-1.838093
-3.040043
-0.114081
-0.114085
0.792545
0.325763
1.516925
0.244984
-0.114082
-0.114086
0.051615
0.087540
0.318095
-0.282573
-0.114083
-0.114086
-0.163193
1.767830
2.402585
-3.545440
-0.114083
-0.114085
-0.086399
0.334209
0.699133
-0.797323
-0.114082
-0.114086
-0.163007
1.890771
3.157155
-2.371225
-0.114081
-0.114086
6.130845
0.980511
8.266570
4.591499
-0.114081
-0.114084
2.301604
-0.022831
0.119908
-0.100765
-0.069122
-0.108511
-0.106327
-0.110760
-0.109329
-0.112447
-0.110777
-0.110648
-0.111034
-0.111124
-0.112192
-0.111324
-0.112898
-0.111191
-0.113273
-0.112591
-0.112418
-0.112486
-0.111825
-0.113002
-0.110781
-0.107933
-0.108296
-0.103255
-0.112187
-0.110332
-0.109963
-0.104129
-0.109872
-0.112766
-0.112121
-0.112461
-0.112198
-0.112609
-0.112159
-0.112471
-0.112452
-0.112473
-0.112653
-0.112594
-0.112709
-0.112447
-0.112901
-0.112554
-0.112746
-0.112713
-0.112787
-0.112780
-0.112862
-0.113319
-0.111601
-0.110234
-0.113385
-0.112780
-0.112520
-0.110532
-0.113676
-0.113483
-0.112973
-0.112989
-0.112879
-0.112969
-0.112842
-0.113005
-0.112947
-0.112982
-0.112985
-0.112961
-0.112967
-0.112924
-0.113054
-0.112899
-0.113010
-0.112972
-0.112991
-0.112972
-0.112978
-0.113014
-0.112050
-0.112730
-0.113535
-0.113234
-0.112729
-0.112789
-0.113642
-0.113493
-0.112844
-0.113055
-0.113058
-0.113115
-0.113082
-0.113146
-0.113115
-0.113082
-0.113121
-0.113080
0.790498
0.182582
-0.024445
-0.100885
-0.110149
-0.099726
-0.110583
-0.111833
-0.110954
-0.110886
-0.111602
-0.113115
-0.111932
-0.113340
-0.111770
-0.113110
-0.112505
-0.113234
-0.112470
-0.112529
-0.113435
-0.113127
-0.112653
-0.112243
-0.113187
-0.112452
-0.112000
-0.107025
-0.107769
-0.111485
-0.107986
-0.112471
-0.113388
-0.113611
-0.113499
-0.113691
-0.113786
-0.113836
-0.113824
-0.113822
-0.113875
-0.113837
-0.113825
-0.113805
-0.113924
-0.113807
-0.113881
-0.113827
-0.113946
-0.113861
-0.113873
-0.114060
-0.113686
-0.113793
-0.113291
-0.113448
-0.112275
-0.113009
-0.112816
-0.113181
-0.113783
-0.113911
-0.113786
-0.113960
-0.113969
-0.113950
-0.113984
-0.113976
-0.114003
-0.113943
-0.113999
-0.113968
-0.114031
-0.113948
-0.114012
-0.113979
-0.114009
-0.113994
-0.114003
-0.114015
-0.113941
-0.113905
-0.113801
-0.113832
-0.113561
-0.113146
-0.113830
-0.113365
-0.113822
-0.113843
-0.114006
-0.113983
-0.114036
-0.114036
-0.114068
-0.114050
-0.114068
-0.114045
-0.114064
-0.114062
0.051626
0.018638
-0.071940
-0.087415
-0.112293
-0.112648
-0.109495
-0.112503
-0.112567
-0.112419
-0.113522
-0.113636
-0.112561
-0.113146
-0.113487
-0.113264
-0.113427
-0.113351
-0.113252
-0.113712
-0.113717
-0.113864
-0.113630
-0.112792
-0.112679
-0.112446
-0.113007
-0.112330
-0.111589
-0.113460
-0.111257
-0.111894
-0.111315
-0.112098
-0.112472
-0.112881
-0.113020
-0.112939
-0.113246
-0.113067
-0.113038
-0.113215
-0.113234
-0.113236
-0.113298
-0.113354
-0.113112
-0.113382
-0.113273
-0.113420
-0.113277
-0.113509
-0.113174
-0.113120
-0.112813
-0.112770
-0.112755
-0.113200
-0.112628
-0.113107
-0.112950
-0.113426
-0.113465
-0.113485
-0.113461
-0.113399
-0.113481
-0.113362
-0.113425
-0.113455
-0.113436
-0.113427
-0.113429
-0.113417
-0.113354
-0.113470
-0.113391
-0.113425
-0.113361
-0.113392
-0.113259
-0.113256
-0.113277
-0.113400
-0.113555
-0.113608
-0.113482
-0.113725
-0.113664
-0.113782
-0.113704
-0.113572
-0.113531
-0.113508
-0.113528
-0.113491
-0.113518
-0.113551
-0.113494
-0.113500
-0.067483
1.163002
0.218066
-0.002808
-0.040867
-0.097012
-0.108495
-0.111329
-0.112313
-0.112327
-0.112600
-0.112948
-0.112798
-0.112841
-0.113209
-0.112424
-0.113493
-0.112227
-0.113677
-0.111871
-0.113411
-0.111413
-0.112009
-0.109223
-0.110359
-0.098271
-0.101456
-0.088199
-0.099203
-0.106027
-0.081421
-0.105175
-0.110354
-0.107417
-0.109444
-0.109579
-0.111037
-0.110057
-0.111604
-0.110499
-0.111740
-0.110904
-0.111626
-0.111336
-0.111445
-0.111744
-0.111286
-0.112099
-0.111201
-0.112229
-0.111202
-0.112205
-0.110895
-0.110335
-0.109542
-0.109224
-0.105866
-0.110927
-0.105755
-0.110527
-0.112171
-0.110812
-0.111685
-0.111891
-0.112185
-0.111755
-0.112281
-0.111750
-0.112236
-0.111816
-0.112108
-0.111933
-0.111951
-0.112046
-0.111813
-0.112120
-0.111706
-0.112092
-0.111655
-0.111957
-0.111452
-0.111802
-0.111770
-0.109967
-0.110523
-0.113547
-0.112693
-0.112220
-0.111932
-0.111285
-0.112897
-0.112599
-0.112518
-0.112302
-0.112412
-0.112293
-0.112313
-0.112316
-0.112254
-0.112338
-0.087531
-0.020838
0.181570
-0.077870
-0.078009
-0.102185
-0.103464
-0.106548
-0.106587
-0.108744
-0.108432
-0.109881
-0.109641
-0.110398
-0.110456
-0.110857
-0.111427
-0.111103
-0.112080
-0.111407
-0.112695
-0.111892
-0.113369
-0.112193
-0.113047
-0.105666
-0.109697
-0.101124
-0.108869
-0.110121
-0.109060
-0.102289
-0.106220
-0.109919
-0.110068
-0.110877
-0.110620
-0.111377
-0.110965
-0.111588
-0.111254
-0.111647
-0.111531
-0.111683
-0.111781
-0.111651
-0.111981
-0.111668
-0.112125
-0.111733
-0.112184
-0.111822
-0.112211
-0.112445
-0.109924
-0.109169
-0.112465
-0.111930
-0.111333
-0.108816
-0.112195
-0.112671
-0.112284
-0.112386
-0.112178
-0.112397
-0.112159
-0.112377
-0.112186
-0.112331
-0.112243
-0.112278
-0.112287
-0.112215
-0.112329
-0.112176
-0.112336
-0.112148
-0.112290
-0.112116
-0.112189
-0.112016
-0.111262
-0.112248
-0.112986
-0.112446
-0.111966
-0.112085
-0.113472
-0.113378
-0.112498
-0.112561
-0.112482
-0.112531
-0.112463
-0.112489
-0.112471
-0.112460
-0.112484
-0.112440
-0.060622
1.261773
0.198629
-0.072340
-0.076314
-0.087598
-0.096448
-0.097202
-0.102597
-0.100675
-0.105601
-0.103188
-0.107114
-0.105267
-0.107621
-0.107301
-0.107856
-0.109169
-0.108099
-0.110957
-0.108577
-0.112755
-0.109222
-0.113347
-0.109490
-0.107611
-0.099880
-0.095046
-0.092814
-0.108547
-0.080072
-0.094137
-0.097463
-0.102070
-0.104023
-0.103948
-0.106125
-0.104859
-0.107104
-0.105643
-0.107452
-0.106394
-0.107450
-0.107149
-0.107302
-0.107828
-0.107158
-0.108369
-0.107108
-0.108682
-0.107189
-0.108691
-0.107579
-0.108144
-0.107226
-0.102934
-0.101644
-0.106837
-0.100854
-0.108313
-0.107909
-0.109236
-0.108884
-0.108577
-0.109105
-0.108389
-0.109157
-0.108392
-0.109052
-0.108504
-0.108862
-0.108670
-0.108641
-0.108825
-0.108449
-0.108910
-0.108311
-0.108868
-0.108225
-0.108653
-0.108148
-0.108014
-0.107683
-0.106670
-0.108633
-0.110818
-0.109417
-0.112532
-0.110968
-0.110072
-0.109800
-0.109301
-0.109524
-0.109223
-0.109375
-0.109220
-0.109247
-0.109253
-0.109161
-0.109280
