-1.180919
1.799411
1.058093
-7.144780
-0.110080
-0.110071
-0.010927
0.925370
3.383404
-2.434166
-0.110073
-0.110071
2.445203
1.644258
7.313329
-5.329900
-0.110080
-0.110060
-0.252257
1.807032
5.028911
-5.484258
-0.110075
-0.110074
-0.163897
5.265577
10.161344
-9.302064
-0.110076
-0.110077
-0.080560
1.546368
3.451064
-3.394755
-0.110075
-0.110076
10.408122
-0.109415
10.409363
10.407400
-0.110074
-0.110078
7.254700
3.307615
13.071184
2.345599
-0.110075
-0.110079
0.955548
0.621613
0.507203
0.517029
0.159359
0.024349
0.212255
0.083296
0.085035
-0.002538
0.067383
0.068301
-0.067540
0.091036
0.018325
-0.023093
0.073652
-0.035777
-0.020509
0.000068
-0.075319
-0.037369
-0.060838
-0.050353
-0.076830
-0.061929
-0.075380
-0.083821
-0.069064
-0.091012
-0.073529
-0.082607
-0.074639
-0.084101
-0.073220
-0.078567
-0.092982
-0.063725
-0.087700
-0.083267
-0.072256
-0.101130
-0.084920
-0.086379
-0.105959
-0.092159
-0.096788
-0.093406
-0.107812
-0.097391
-0.095177
-0.101935
-0.102950
-0.104299
-0.109611
-0.104412
-0.098973
-0.103276
-0.107607
-0.099688
-0.100006
-0.104710
-0.103368
-0.103640
-0.100797
-0.108374
-0.098582
-0.100731
-0.105935
-0.096641
-0.103513
-0.103562
-0.100408
-0.107193
-0.103863
-0.104746
-0.102474
-0.106790
-0.104322
-0.105265
-0.108502
-0.105602
-0.108038
-0.107157
-0.105418
-0.105087
-0.105914
-0.103556
-0.103256
-0.108051
-0.103912
-0.106848
-0.105840
-0.102774
-0.106168
-0.106857
-0.104401
-0.106731
-0.105833
-0.108652
-0.011667
0.302881
0.238035
-0.000512
-0.046656
0.024106
0.087292
-0.025706
-0.044710
-0.015731
-0.018042
-0.071925
-0.026797
0.053318
-0.044918
-0.025949
-0.039165
-0.050097
-0.049887
-0.005492
0.024670
-0.002922
-0.003680
-0.038956
-0.050996
-0.092338
-0.090617
-0.098387
-0.104759
-0.079775
-0.073210
-0.058648
-0.055386
-0.051689
-0.057348
-0.081335
-0.079146
-0.099694
-0.091714
-0.100773
-0.078512
-0.094472
-0.102148
-0.096585
-0.101794
-0.103301
-0.102408
-0.097797
-0.102108
-0.107793
-0.107800
-0.106218
-0.106210
-0.108193
-0.108522
-0.105685
-0.107622
-0.108019
-0.107432
-0.104112
-0.106830
-0.105626
-0.104206
-0.105431
-0.106660
-0.105952
-0.100684
-0.105230
-0.104074
-0.103060
-0.106816
-0.105297
-0.103205
-0.097191
-0.099237
-0.098874
-0.101128
-0.102534
-0.107551
-0.106354
-0.109536
-0.108307
-0.107325
-0.106192
-0.105741
-0.101669
-0.102308
-0.101365
-0.103980
-0.103440
-0.107518
-0.108154
-0.108981
-0.105136
-0.106933
-0.108671
-0.107003
-0.107473
-0.108936
-0.107616
2.444088
0.264326
0.295275
0.049549
0.467991
0.439418
0.193474
0.257720
0.244658
0.133128
-0.022423
0.097259
0.005559
-0.028524
0.035912
-0.061515
-0.044176
-0.016446
-0.052404
-0.087481
-0.023332
-0.041538
-0.079645
-0.030346
-0.071436
-0.072298
-0.069306
-0.077539
-0.078648
-0.087078
-0.062682
-0.087990
-0.077541
-0.068190
-0.096924
-0.088929
-0.082831
-0.092191
-0.102515
-0.082607
-0.092469
-0.095966
-0.083230
-0.102527
-0.089346
-0.084051
-0.088757
-0.092524
-0.086280
-0.087081
-0.103986
-0.102022
-0.104619
-0.108028
-0.109801
-0.107414
-0.107688
-0.099333
-0.097450
-0.102615
-0.094799
-0.095408
-0.099743
-0.104380
-0.098953
-0.103071
-0.105466
-0.100236
-0.107787
-0.103753
-0.103223
-0.108522
-0.106662
-0.103938
-0.105377
-0.106634
-0.102157
-0.106711
-0.105174
-0.105485
-0.107296
-0.106019
-0.108966
-0.104292
-0.104985
-0.108073
-0.102720
-0.104632
-0.107810
-0.105101
-0.106455
-0.108627
-0.105622
-0.106495
-0.108645
-0.104317
-0.106579
-0.105232
-0.100906
-0.102747
0.031987
0.362249
0.693879
0.129505
0.345754
0.307888
-0.048802
0.222548
0.114612
0.018963
0.202139
0.130535
0.010526
0.155998
0.100883
-0.056048
0.038865
-0.007708
-0.090493
-0.042790
-0.062276
-0.094652
-0.087293
-0.089794
-0.098893
-0.104623
-0.100258
-0.102594
-0.106316
-0.103661
-0.099305
-0.101053
-0.104255
-0.095893
-0.091929
-0.104196
-0.088803
-0.082381
-0.101800
-0.080463
-0.074187
-0.094734
-0.085049
-0.082102
-0.098246
-0.097076
-0.092350
-0.105726
-0.100148
-0.100463
-0.107436
-0.101776
-0.106891
-0.109254
-0.109573
-0.107015
-0.107546
-0.104972
-0.102838
-0.109152
-0.103311
-0.104454
-0.106584
-0.099551
-0.102237
-0.104987
-0.098662
-0.100469
-0.106391
-0.101211
-0.104029
-0.108699
-0.104999
-0.106732
-0.108783
-0.107428
-0.108410
-0.108465
-0.107977
-0.108431
-0.108742
-0.108352
-0.108740
-0.109585
-0.109173
-0.109098
-0.109547
-0.109297
-0.109452
-0.108978
-0.107453
-0.108916
-0.106573
-0.105385
-0.108257
-0.106409
-0.106989
-0.108104
-0.109039
-0.108184
-0.057748
1.983653
2.586557
0.775290
0.776426
0.780410
0.014414
0.273760
0.224244
-0.004704
-0.023946
0.019414
-0.000753
-0.070276
-0.009543
-0.061738
-0.079056
-0.044071
-0.070651
-0.095160
-0.062288
-0.068837
-0.087848
-0.063804
-0.091165
-0.073435
-0.080320
-0.090540
-0.079288
-0.097234
-0.085322
-0.097991
-0.091740
-0.092437
-0.104494
-0.098971
-0.099315
-0.104406
-0.102886
-0.100130
-0.105813
-0.098866
-0.099906
-0.104985
-0.102294
-0.098073
-0.098562
-0.107915
-0.093481
-0.095097
-0.102925
-0.086093
-0.100204
-0.107224
-0.104425
-0.099102
-0.102065
-0.098385
-0.095115
-0.107428
-0.101504
-0.102696
-0.107895
-0.107159
-0.106108
-0.107415
-0.108196
-0.105808
-0.108255
-0.109151
-0.106740
-0.108698
-0.109544
-0.107156
-0.108582
-0.108954
-0.106442
-0.108834
-0.108622
-0.106721
-0.108534
-0.108407
-0.107866
-0.107648
-0.109121
-0.108638
-0.108742
-0.108505
-0.108288
-0.108239
-0.108428
-0.108505
-0.109914
-0.108138
-0.107287
-0.108738
-0.106450
-0.107607
-0.108448
-0.108666
-0.080647
0.357944
0.697348
0.435893
0.048192
0.141418
0.056205
0.007076
-0.047629
-0.041074
-0.040498
-0.018753
-0.020032
-0.017243
-0.015085
-0.050516
-0.037625
-0.054586
-0.068005
-0.074425
-0.084676
-0.086488
-0.097045
-0.096477
-0.102545
-0.103022
-0.108407
-0.107138
-0.106415
-0.107608
-0.102860
-0.102592
-0.103277
-0.102214
-0.099734
-0.098758
-0.101223
-0.095450
-0.099011
-0.096530
-0.096938
-0.100655
-0.098710
-0.100876
-0.103663
-0.108900
-0.103501
-0.104772
-0.104317
-0.108023
-0.103952
-0.102807
-0.107905
-0.107769
-0.107638
-0.105868
-0.104014
-0.107326
-0.105810
-0.106733
-0.108414
-0.108010
-0.107610
-0.107575
-0.108304
-0.106187
-0.105938
-0.105731
-0.107311
-0.106684
-0.106808
-0.107593
-0.107829
-0.108888
-0.108084
-0.109123
-0.109353
-0.109611
-0.109900
-0.109532
-0.109476
-0.109037
-0.109387
-0.109646
-0.108704
-0.108947
-0.109131
-0.109157
-0.107904
-0.109186
-0.108400
-0.107723
-0.108538
-0.108530
-0.108865
-0.107771
-0.108666
-0.109401
-0.109654
-0.109680
-2.524806
0.300279
-1.783262
-3.109134
-0.110075
-0.110079
0.844330
0.422757
1.684527
0.219935
-0.110075
-0.110079
0.008702
0.068702
0.244290
-0.299563
-0.110076
-0.110079
-0.254778
2.050453
2.371917
-4.261820
-0.110077
-0.110078
-0.118003
0.495865
1.052042
-1.012944
-0.110075
-0.110078
-0.259899
2.226866
3.396875
-2.971795
-0.110075
-0.110079
6.202966
1.042885
8.485434
4.583596
-0.110074
-0.110077
2.306913
-0.012207
0.154993
-0.058244
-0.077023
-0.101520
-0.104499
-0.108083
-0.108822
-0.107718
-0.107962
-0.107984
-0.107904
-0.108092
-0.107854
-0.108082
-0.108811
-0.109360
-0.109105
-0.109098
-0.109074
-0.108948
-0.109283
-0.105521
-0.106048
-0.093547
-0.109211
-0.108577
-0.105626
-0.099296
-0.106396
-0.107448
-0.108695
-0.109032
-0.109569
-0.109814
-0.109524
-0.109421
-0.109442
-0.109528
-0.109618
-0.109416
-0.109438
-0.109622
-0.109800
-0.109671
-0.109596
-0.109558
-0.109654
-0.109900
-0.108850
-0.109208
-0.106450
-0.109394
-0.109315
-0.108574
-0.107687
-0.109021
-0.109482
-0.109502
-0.109563
-0.109760
-0.109816
-0.109746
-0.109679
-0.109663
-0.109711
-0.109891
-0.109635
-0.109651
-0.109801
-0.109845
-0.109781
-0.109742
-0.109707
-0.109781
-0.109972
-0.109386
-0.109499
-0.108718
-0.109545
-0.109546
-0.109228
-0.109131
-0.109519
-0.109865
-0.109697
-0.109705
-0.109869
-0.109728
-0.109627
-0.109580
-0.109656
-0.109669
-0.109605
-0.109582
-0.109582
-0.109921
-0.109835
-0.109773
0.841700
0.257466
-0.032017
-0.101027
-0.091081
-0.105922
-0.106426
-0.107868
-0.108099
-0.108783
-0.109662
-0.107878
-0.108428
-0.108916
-0.108791
-0.109089
-0.108477
-0.109897
-0.109557
-0.109112
-0.109121
-0.109342
-0.109305
-0.107260
-0.108368
-0.104998
-0.099903
-0.108218
-0.101404
-0.106797
-0.109945
-0.108619
-0.109692
-0.109500
-0.109738
-0.109785
-0.109765
-0.109843
-0.109665
-0.109663
-0.109793
-0.109695
-0.109855
-0.109659
-0.109899
-0.109927
-0.109745
-0.109721
-0.109837
-0.109998
-0.109365
-0.109439
-0.108893
-0.107745
-0.109159
-0.108106
-0.109238
-0.109911
-0.109688
-0.109881
-0.109802
-0.109890
-0.109910
-0.109858
-0.109947
-0.109789
-0.109780
-0.109905
-0.109815
-0.109917
-0.109851
-0.109918
-0.109943
-0.109867
-0.109853
-0.109903
-0.109988
-0.109735
-0.109669
-0.109559
-0.109087
-0.109455
-0.109327
-0.109649
-0.109901
-0.109894
-0.109899
-0.109876
-0.109937
-0.109915
-0.109807
-0.109829
-0.109649
-0.109579
-0.109815
-0.109769
-0.109874
-0.109928
-0.109920
-0.109913
0.009022
0.011922
-0.092960
-0.087199
-0.099237
-0.104371
-0.107501
-0.108252
-0.107368
-0.108698
-0.109357
-0.109930
-0.108790
-0.109643
-0.110002
-0.109045
-0.109761
-0.109917
-0.109551
-0.109155
-0.109412
-0.109151
-0.109131
-0.108658
-0.107740
-0.109619
-0.106616
-0.109320
-0.107473
-0.108962
-0.108796
-0.109105
-0.109318
-0.109768
-0.109798
-0.109617
-0.109733
-0.109864
-0.110065
-0.109773
-0.109864
-0.109976
-0.109854
-0.109867
-0.109902
-0.109883
-0.109832
-0.109837
-0.109744
-0.109805
-0.109763
-0.109578
-0.110036
-0.109375
-0.109751
-0.109614
-0.109736
-0.109819
-0.109770
-0.109764
-0.109906
-0.109930
-0.109883
-0.109897
-0.109948
-0.110033
-0.109930
-0.109943
-0.109986
-0.109972
-0.109925
-0.109921
-0.109939
-0.109937
-0.109923
-0.109867
-0.109911
-0.109938
-0.109887
-0.110001
-0.109842
-0.109888
-0.109965
-0.109898
-0.109967
-0.109902
-0.109871
-0.109913
-0.109943
-0.109959
-0.109943
-0.110010
-0.109975
-0.109984
-0.109988
-0.109990
-0.109983
-0.109933
-0.109906
-0.109944
0.028701
1.351649
0.294839
0.025116
-0.080208
-0.082837
-0.094605
-0.096790
-0.101836
-0.102732
-0.100721
-0.101673
-0.104928
-0.105595
-0.103439
-0.103482
-0.105938
-0.107159
-0.104616
-0.103907
-0.106213
-0.109266
-0.103174
-0.102332
-0.103864
-0.089672
-0.067993
-0.100714
-0.080210
-0.089697
-0.097310
-0.107406
-0.106693
-0.106149
-0.106488
-0.108310
-0.108577
-0.107175
-0.107251
-0.108400
-0.108911
-0.107660
-0.107398
-0.108346
-0.109068
-0.107918
-0.107400
-0.108180
-0.109603
-0.107571
-0.106487
-0.109270
-0.105996
-0.101217
-0.105971
-0.105154
-0.104680
-0.105592
-0.109156
-0.108781
-0.108097
-0.108103
-0.108767
-0.109165
-0.108379
-0.108536
-0.109095
-0.109473
-0.108515
-0.108177
-0.108851
-0.109330
-0.108662
-0.108270
-0.108678
-0.109542
-0.108601
-0.107587
-0.108836
-0.108559
-0.106950
-0.107680
-0.108855
-0.107776
-0.107548
-0.109114
-0.109191
-0.108851
-0.108724
-0.108465
-0.109017
-0.108907
-0.108647
-0.109093
-0.109424
-0.108672
-0.108026
-0.108906
-0.109484
-0.108787
-0.101396
0.098413
0.259920
-0.072528
-0.104043
-0.107294
-0.107182
-0.107281
-0.108889
-0.109358
-0.108265
-0.108369
-0.109202
-0.109458
-0.108633
-0.108623
-0.109196
-0.109491
-0.108724
-0.108440
-0.108996
-0.109152
-0.107848
-0.106186
-0.108403
-0.089821
-0.103758
-0.109484
-0.105882
-0.093193
-0.105484
-0.108947
-0.109195
-0.109021
-0.109108
-0.109535
-0.109668
-0.109352
-0.109381
-0.109664
-0.109797
-0.109464
-0.109436
-0.109658
-0.109837
-0.109527
-0.109370
-0.109540
-0.109706
-0.109237
-0.108529
-0.108658
-0.106140
-0.108642
-0.109642
-0.109158
-0.106047
-0.108527
-0.109566
-0.109692
-0.109590
-0.109640
-0.109879
-0.109993
-0.109585
-0.109651
-0.109858
-0.109977
-0.109550
-0.109608
-0.109801
-0.109968
-0.109739
-0.109621
-0.109723
-0.109895
-0.109607
-0.109152
-0.108985
-0.108757
-0.109518
-0.109670
-0.109465
-0.108517
-0.109341
-0.109853
-0.109962
-0.109880
-0.109893
-0.109818
-0.109598
-0.109519
-0.109673
-0.109830
-0.109666
-0.109262
-0.109447
-0.109752
-0.109948
-0.109763
0.047662
1.506139
0.200486
-0.012324
-0.088830
-0.103283
-0.106534
-0.107488
-0.107357
-0.108281
-0.109489
-0.109043
-0.108666
-0.108995
-0.109766
-0.109424
-0.108940
-0.109070
-0.109566
-0.109640
-0.108797
-0.108324
-0.109769
-0.108078
-0.096385
-0.097052
-0.062160
-0.098631
-0.076286
-0.093558
-0.106694
-0.107861
-0.108832
-0.109913
-0.109471
-0.109286
-0.109542
-0.110026
-0.109620
-0.109559
-0.109577
-0.109961
-0.109797
-0.109586
-0.109662
-0.109938
-0.109819
-0.109527
-0.109459
-0.109942
-0.109707
-0.106147
-0.108470
-0.099048
-0.104917
-0.103510
-0.105741
-0.109734
-0.109401
-0.109538
-0.109937
-0.109878
-0.109738
-0.109670
-0.109944
-0.109412
-0.109689
-0.109506
-0.109720
-0.109999
-0.109798
-0.109768
-0.109924
-0.109967
-0.109746
-0.109679
-0.109961
-0.109882
-0.108118
-0.109212
-0.105693
-0.106931
-0.107992
-0.108168
-0.109969
-0.109773
-0.109746
-0.109869
-0.109975
-0.109925
-0.109234
-0.109484
-0.108315
-0.108388
-0.109218
-0.109047
-0.109991
-0.109901
-0.109753
-0.109856
