-2.295651
1.945799
2.931717
-8.720889
-0.109074
-0.109066
0.009009
1.102753
5.401624
-2.685860
-0.109066
-0.109057
2.221326
1.518494
6.782972
-4.414070
-0.109075
-0.109055
-0.440066
2.131369
6.105301
-4.794753
-0.109070
-0.109070
-0.042241
5.257412
10.196503
-9.396841
-0.109071
-0.109072
-0.228036
1.449688
3.049468
-3.508562
-0.109071
-0.109070
8.918776
-0.108332
8.920240
8.917288
-0.109071
-0.109072
8.762010
3.447108
15.335185
3.957375
-0.109070
-0.109073
2.072212
0.619137
0.369416
0.501529
0.389142
0.063461
0.290584
0.162870
0.106424
0.008864
0.037360
0.136838
-0.000050
0.071932
0.138709
-0.009311
0.038887
0.069622
0.010936
-0.018304
0.066909
-0.042743
0.007237
0.004998
-0.044283
0.008332
-0.079018
-0.044406
-0.063522
-0.065843
-0.077171
-0.057636
-0.039661
-0.084658
-0.029108
-0.093452
-0.051391
-0.066306
-0.085480
-0.059229
-0.072033
-0.088366
-0.068712
-0.067552
-0.101707
-0.081030
-0.088783
-0.104197
-0.089119
-0.094563
-0.088409
-0.096398
-0.095722
-0.092640
-0.102773
-0.107884
-0.105894
-0.102447
-0.100666
-0.100947
-0.098912
-0.103507
-0.104183
-0.098695
-0.104232
-0.104130
-0.104404
-0.097511
-0.099521
-0.105766
-0.096330
-0.101723
-0.101116
-0.096697
-0.100451
-0.102921
-0.096302
-0.098309
-0.105632
-0.098289
-0.106688
-0.095832
-0.101224
-0.103677
-0.101212
-0.105032
-0.104463
-0.103585
-0.099264
-0.104172
-0.098525
-0.098375
-0.105890
-0.098048
-0.106739
-0.102657
-0.103697
-0.105298
-0.101956
-0.101943
0.008015
0.269032
0.228219
0.073402
-0.029348
-0.018004
-0.009611
-0.022675
0.091138
0.037555
0.142836
0.153921
0.069897
0.162392
0.101272
-0.014329
0.045351
-0.061807
-0.033560
-0.047481
-0.081892
-0.071599
-0.065193
-0.072347
-0.082872
-0.066391
-0.094552
-0.089670
-0.102113
-0.101930
-0.101981
-0.087860
-0.086070
-0.092130
-0.082977
-0.092054
-0.101284
-0.097607
-0.090256
-0.102594
-0.083040
-0.085981
-0.085979
-0.070799
-0.083106
-0.081047
-0.075659
-0.090911
-0.091274
-0.096751
-0.108436
-0.103680
-0.107568
-0.104241
-0.104461
-0.105293
-0.108838
-0.108378
-0.105960
-0.106617
-0.107926
-0.106673
-0.104944
-0.108037
-0.104874
-0.104379
-0.102022
-0.098173
-0.100401
-0.096036
-0.095299
-0.100940
-0.100417
-0.101160
-0.107162
-0.103828
-0.106612
-0.107427
-0.106033
-0.106549
-0.107396
-0.104854
-0.106603
-0.106367
-0.106908
-0.108643
-0.108611
-0.107560
-0.106226
-0.107277
-0.105320
-0.105765
-0.108521
-0.108208
-0.107198
-0.104279
-0.107429
-0.102818
-0.103369
-0.106548
2.220006
0.248561
0.311451
0.021355
0.317935
0.416588
0.238351
0.131542
0.155218
0.186256
0.076366
-0.085616
0.025485
0.004339
-0.085579
-0.028641
0.002748
-0.040570
-0.044366
0.010553
-0.025702
-0.053834
0.021923
-0.036796
-0.040049
0.002902
-0.054565
-0.045933
-0.035600
-0.049001
-0.069495
-0.038741
-0.047755
-0.085597
-0.043198
-0.067903
-0.087120
-0.063069
-0.084338
-0.096299
-0.083594
-0.090427
-0.106139
-0.089979
-0.090698
-0.104765
-0.091725
-0.082578
-0.092117
-0.097016
-0.094747
-0.090660
-0.093140
-0.104663
-0.098637
-0.099716
-0.105279
-0.104445
-0.105787
-0.108331
-0.101041
-0.094534
-0.098089
-0.103160
-0.099318
-0.096915
-0.099086
-0.106840
-0.100983
-0.099047
-0.104526
-0.104780
-0.099963
-0.103315
-0.106100
-0.101093
-0.101394
-0.107911
-0.098653
-0.098073
-0.107445
-0.097383
-0.100119
-0.105886
-0.100149
-0.102486
-0.103033
-0.100879
-0.098453
-0.102657
-0.102525
-0.099865
-0.106319
-0.104454
-0.104619
-0.108629
-0.106433
-0.107027
-0.106758
-0.107066
0.220220
0.569849
0.800532
0.204306
0.317783
0.418668
0.173818
0.133759
0.351239
0.132953
0.185922
0.191861
-0.012833
0.016023
0.018599
-0.025151
-0.094419
-0.042181
-0.047646
-0.099108
-0.090897
-0.090301
-0.090271
-0.094877
-0.104432
-0.091877
-0.093230
-0.098518
-0.102896
-0.103046
-0.102678
-0.095896
-0.103905
-0.101255
-0.100066
-0.101190
-0.106198
-0.105934
-0.100296
-0.095061
-0.105211
-0.097733
-0.094494
-0.097288
-0.106561
-0.090046
-0.085628
-0.096880
-0.087006
-0.090632
-0.099895
-0.095341
-0.100423
-0.107014
-0.103439
-0.104841
-0.107027
-0.106290
-0.104893
-0.104542
-0.106179
-0.102859
-0.104523
-0.106733
-0.099820
-0.100996
-0.100938
-0.097393
-0.103044
-0.103481
-0.102056
-0.105363
-0.108372
-0.106216
-0.104133
-0.107052
-0.106864
-0.105549
-0.107929
-0.107746
-0.107268
-0.107932
-0.107842
-0.108979
-0.108158
-0.108433
-0.108191
-0.107587
-0.107507
-0.107846
-0.107532
-0.108059
-0.107240
-0.106318
-0.107002
-0.106435
-0.106972
-0.108181
-0.107322
-0.107575
-0.041338
1.761449
2.703620
1.058101
0.580365
0.768065
0.170692
0.068393
0.115013
0.160717
0.071118
-0.043580
-0.033425
0.008194
-0.030019
-0.068115
-0.054006
-0.074557
-0.079364
-0.095353
-0.096746
-0.078441
-0.078261
-0.098180
-0.076350
-0.087035
-0.096375
-0.086876
-0.105179
-0.093709
-0.094201
-0.104173
-0.090470
-0.100836
-0.098471
-0.096384
-0.104474
-0.105137
-0.103096
-0.104547
-0.103390
-0.103459
-0.102707
-0.097766
-0.101851
-0.104725
-0.100201
-0.097446
-0.101119
-0.102563
-0.101783
-0.095531
-0.094754
-0.105710
-0.087903
-0.097428
-0.104604
-0.103012
-0.097922
-0.096091
-0.106074
-0.094763
-0.101196
-0.105934
-0.103384
-0.103406
-0.103911
-0.107608
-0.106773
-0.105405
-0.106168
-0.108645
-0.106713
-0.107129
-0.108456
-0.108803
-0.108546
-0.108574
-0.107810
-0.107515
-0.106845
-0.107184
-0.106260
-0.106756
-0.107737
-0.107324
-0.107130
-0.107430
-0.107141
-0.105952
-0.106270
-0.107670
-0.107477
-0.106976
-0.106723
-0.107734
-0.107669
-0.107065
-0.107178
-0.107164
0.009122
0.376391
0.698367
0.409919
0.042708
-0.025423
-0.053207
-0.045767
-0.044486
-0.073116
-0.084562
-0.094869
-0.084502
-0.083360
-0.097234
-0.067798
-0.079155
-0.074320
-0.079162
-0.096524
-0.093167
-0.103691
-0.097172
-0.104000
-0.095796
-0.097808
-0.099859
-0.092632
-0.100677
-0.097165
-0.099012
-0.103516
-0.099940
-0.104537
-0.103055
-0.103015
-0.107269
-0.105974
-0.105274
-0.100568
-0.103336
-0.101123
-0.104425
-0.105567
-0.105396
-0.108131
-0.108066
-0.108200
-0.106724
-0.106348
-0.107900
-0.107378
-0.105159
-0.103616
-0.101864
-0.105868
-0.106189
-0.106197
-0.104576
-0.102854
-0.105597
-0.105755
-0.107268
-0.106668
-0.106892
-0.107610
-0.108561
-0.108218
-0.108901
-0.107562
-0.108113
-0.108169
-0.107314
-0.107986
-0.106890
-0.107975
-0.107768
-0.108156
-0.108409
-0.108481
-0.108397
-0.108022
-0.108119
-0.107268
-0.108180
-0.107858
-0.107639
-0.107450
-0.108017
-0.108554
-0.107362
-0.108025
-0.108350
-0.108835
-0.108880
-0.108680
-0.108178
-0.108125
-0.108446
-0.108363
-2.642308
0.201440
-2.070008
-3.091075
-0.109070
-0.109073
0.162850
0.267374
0.719899
-0.275828
-0.109069
-0.109074
0.133671
0.097231
0.483189
-0.180387
-0.109070
-0.109073
-0.184934
1.203768
1.826069
-2.761714
-0.109071
-0.109072
-0.179269
0.580890
0.580549
-1.436653
-0.109072
-0.109073
-0.083118
1.939450
2.893098
-2.494960
-0.109070
-0.109074
5.629325
0.453062
6.593744
4.699088
-0.109070
-0.109073
2.422128
-0.012059
0.077508
-0.091759
-0.049802
-0.105856
-0.105429
-0.107257
-0.107964
-0.106295
-0.108292
-0.106906
-0.108868
-0.106449
-0.108049
-0.107252
-0.108600
-0.107480
-0.107848
-0.107196
-0.108031
-0.107345
-0.107037
-0.106046
-0.104796
-0.104190
-0.105849
-0.099444
-0.104638
-0.107133
-0.103072
-0.104368
-0.108058
-0.105731
-0.107973
-0.108855
-0.108934
-0.108581
-0.108865
-0.108672
-0.108729
-0.108504
-0.108698
-0.108595
-0.108702
-0.108398
-0.108667
-0.108474
-0.108469
-0.108511
-0.108649
-0.108375
-0.108145
-0.107780
-0.107305
-0.107863
-0.107473
-0.108470
-0.108692
-0.107636
-0.107891
-0.108797
-0.108098
-0.108315
-0.108571
-0.108480
-0.108553
-0.108512
-0.108571
-0.108484
-0.108619
-0.108546
-0.108596
-0.108494
-0.108650
-0.108557
-0.108616
-0.108594
-0.108661
-0.108546
-0.108609
-0.108764
-0.108116
-0.108686
-0.108168
-0.108597
-0.108150
-0.108436
-0.107563
-0.108672
-0.108239
-0.108663
-0.108609
-0.108542
-0.108621
-0.108584
-0.108620
-0.108568
-0.108679
-0.108575
0.161384
0.145609
-0.042179
-0.079118
-0.093088
-0.101463
-0.104245
-0.107945
-0.107072
-0.108600
-0.107595
-0.108264
-0.108218
-0.108884
-0.108304
-0.108031
-0.108077
-0.107678
-0.108598
-0.108806
-0.108336
-0.108319
-0.108333
-0.107969
-0.107836
-0.106171
-0.106824
-0.103846
-0.103555
-0.108085
-0.102779
-0.108176
-0.107817
-0.108219
-0.108110
-0.108910
-0.108810
-0.108728
-0.108827
-0.108811
-0.108788
-0.108732
-0.108837
-0.108649
-0.108743
-0.108909
-0.109045
-0.108904
-0.108871
-0.108958
-0.108809
-0.108917
-0.108647
-0.108989
-0.108330
-0.108452
-0.107438
-0.108134
-0.108401
-0.107788
-0.108723
-0.108538
-0.108963
-0.109003
-0.108839
-0.108931
-0.108968
-0.108921
-0.108909
-0.108917
-0.108976
-0.108916
-0.109010
-0.108967
-0.108942
-0.108894
-0.108951
-0.108944
-0.108869
-0.108941
-0.108929
-0.108763
-0.108797
-0.108522
-0.108709
-0.108464
-0.108370
-0.108661
-0.108433
-0.109040
-0.108945
-0.108955
-0.108854
-0.109014
-0.108953
-0.108936
-0.108967
-0.108954
-0.108913
-0.108918
0.132114
0.028840
-0.062340
-0.099271
-0.103451
-0.107016
-0.104498
-0.107196
-0.106274
-0.108097
-0.108603
-0.108562
-0.108896
-0.107633
-0.108159
-0.108285
-0.108730
-0.108329
-0.108881
-0.108327
-0.107881
-0.108817
-0.108933
-0.108495
-0.107982
-0.108193
-0.107416
-0.107710
-0.105336
-0.107066
-0.106597
-0.107228
-0.108913
-0.108175
-0.108425
-0.108977
-0.108590
-0.108979
-0.108929
-0.108822
-0.108792
-0.108735
-0.108880
-0.108888
-0.108796
-0.108861
-0.108938
-0.108745
-0.108861
-0.108984
-0.108868
-0.108815
-0.108657
-0.108850
-0.108489
-0.109059
-0.108484
-0.108562
-0.108477
-0.108615
-0.108493
-0.108760
-0.108904
-0.108842
-0.108803
-0.108979
-0.108952
-0.108839
-0.108903
-0.108957
-0.108925
-0.108912
-0.108900
-0.108944
-0.108915
-0.108884
-0.109010
-0.108996
-0.108814
-0.108895
-0.108970
-0.108873
-0.108882
-0.108814
-0.108961
-0.108880
-0.108726
-0.108740
-0.108611
-0.109006
-0.108853
-0.108928
-0.108914
-0.109054
-0.108880
-0.108906
-0.109009
-0.108963
-0.108936
-0.108919
-0.028129
0.731329
0.236431
0.012894
0.001883
-0.065806
-0.089521
-0.087668
-0.091167
-0.095556
-0.096358
-0.096286
-0.098681
-0.100922
-0.100243
-0.100388
-0.102823
-0.103631
-0.102484
-0.103572
-0.106101
-0.105451
-0.104870
-0.104329
-0.106136
-0.092385
-0.101695
-0.093840
-0.088217
-0.098138
-0.090934
-0.086222
-0.088918
-0.102398
-0.102896
-0.101301
-0.102910
-0.104112
-0.103367
-0.103447
-0.104633
-0.104766
-0.104149
-0.104608
-0.105464
-0.105039
-0.104682
-0.105445
-0.105832
-0.105006
-0.105080
-0.106040
-0.105818
-0.104702
-0.099987
-0.105168
-0.102843
-0.106508
-0.104737
-0.102966
-0.108835
-0.107575
-0.107504
-0.107299
-0.108088
-0.107892
-0.107381
-0.107652
-0.108093
-0.107693
-0.107527
-0.107964
-0.108087
-0.107676
-0.107773
-0.108272
-0.108029
-0.107721
-0.108132
-0.108469
-0.107885
-0.107359
-0.108233
-0.106663
-0.108407
-0.107614
-0.108464
-0.107524
-0.106583
-0.108184
-0.107341
-0.108326
-0.108992
-0.108464
-0.108417
-0.108822
-0.108834
-0.108643
-0.108757
-0.108863
-0.032677
0.358021
0.035404
-0.094884
-0.083471
-0.099431
-0.102055
-0.103810
-0.104727
-0.104748
-0.105281
-0.106024
-0.106069
-0.106140
-0.106512
-0.106944
-0.106667
-0.106829
-0.107296
-0.107259
-0.107085
-0.107380
-0.107656
-0.107393
-0.106950
-0.104405
-0.104608
-0.103561
-0.095927
-0.100561
-0.104044
-0.103148
-0.107301
-0.107898
-0.107893
-0.108164
-0.107910
-0.107888
-0.108125
-0.108073
-0.107935
-0.108061
-0.108167
-0.108064
-0.108018
-0.108190
-0.108187
-0.108055
-0.108133
-0.108264
-0.108134
-0.108106
-0.108341
-0.108319
-0.107080
-0.106130
-0.107971
-0.107499
-0.106783
-0.108185
-0.107346
-0.107828
-0.108233
-0.108230
-0.108153
-0.108279
-0.108320
-0.108225
-0.108254
-0.108351
-0.108304
-0.108257
-0.108321
-0.108369
-0.108285
-0.108284
-0.108378
-0.108343
-0.108264
-0.108343
-0.108375
-0.108177
-0.108084
-0.108772
-0.108413
-0.108533
-0.107756
-0.106938
-0.108135
-0.108740
-0.108616
-0.108397
-0.108415
-0.108495
-0.108406
-0.108377
-0.108461
-0.108450
-0.108373
-0.108412
-0.069074
1.323279
0.086868
0.003928
-0.082117
-0.089516
-0.096373
-0.103151
-0.102612
-0.100696
-0.103188
-0.106160
-0.103743
-0.103136
-0.105736
-0.106458
-0.104020
-0.104378
-0.107273
-0.105959
-0.103945
-0.105019
-0.108535
-0.105265
-0.103209
-0.105835
-0.094867
-0.096235
-0.078802
-0.085889
-0.089484
-0.093941
-0.103183
-0.105403
-0.107760
-0.106678
-0.106428
-0.107705
-0.108376
-0.106899
-0.106844
-0.108090
-0.107862
-0.106822
-0.107139
-0.108327
-0.107411
-0.106707
-0.107449
-0.108334
-0.106840
-0.106388
-0.107698
-0.107439
-0.104727
-0.106621
-0.102659
-0.107683
-0.103072
-0.105897
-0.103515
-0.107333
-0.107729
-0.106570
-0.106772
-0.107886
-0.107557
-0.106879
-0.107273
-0.107927
-0.107323
-0.107002
-0.107577
-0.107829
-0.107132
-0.107104
-0.107853
-0.107633
-0.106892
-0.107188
-0.108256
-0.107100
-0.106261
-0.108347
-0.108345
-0.105655
-0.106777
-0.104151
-0.106221
-0.108632
-0.106896
-0.106745
-0.107721
-0.107946
-0.107117
-0.107165
-0.107872
-0.107628
-0.107104
-0.107401
