-2.158948
1.857375
0.209196
-9.914796
-0.103919
-0.103907
-0.048037
1.254674
5.552908
-3.720412
-0.103911
-0.103902
2.111591
1.530888
5.991430
-4.216436
-0.103918
-0.103902
-0.444462
1.990389
4.882410
-6.596339
-0.103916
-0.103913
-0.041806
5.231592
10.653789
-9.730270
-0.103915
-0.103916
-0.055948
1.277145
3.220575
-2.809021
-0.103914
-0.103914
8.422643
-0.103333
8.423733
8.421633
-0.103914
-0.103916
8.325405
3.292699
14.739017
3.669369
-0.103914
-0.103917
1.946645
0.564091
0.384078
0.492928
0.278126
0.027375
0.325604
0.230967
0.134109
0.019539
0.102939
0.136196
-0.053605
0.128685
-0.001909
-0.004127
0.087654
0.000670
-0.076957
0.033100
0.036278
-0.050037
-0.018160
0.005538
-0.062561
-0.038372
-0.003535
-0.054977
-0.041228
-0.017773
-0.074502
-0.059938
-0.035401
-0.073942
-0.073963
-0.045892
-0.063481
-0.085558
-0.065497
-0.062583
-0.091173
-0.078434
-0.066546
-0.099570
-0.071415
-0.083818
-0.091001
-0.083516
-0.083644
-0.084311
-0.095992
-0.085043
-0.088728
-0.097540
-0.097153
-0.101537
-0.101409
-0.098624
-0.093893
-0.097563
-0.098311
-0.087391
-0.090548
-0.095790
-0.096557
-0.093956
-0.093292
-0.100545
-0.091203
-0.100595
-0.096154
-0.092413
-0.099828
-0.099779
-0.093647
-0.095214
-0.099004
-0.096837
-0.095224
-0.099747
-0.096002
-0.091479
-0.099311
-0.093213
-0.090400
-0.101511
-0.096153
-0.094203
-0.101590
-0.097967
-0.095963
-0.098203
-0.098285
-0.094842
-0.094904
-0.101661
-0.095961
-0.096738
-0.100048
-0.095218
-0.048395
0.207202
0.242840
0.103870
-0.041905
0.012678
-0.030946
-0.000798
0.059183
0.030066
0.181054
0.150374
0.154074
0.213354
0.130996
0.109104
0.122587
0.016863
0.008389
-0.020548
-0.037873
0.000315
-0.048799
-0.058359
-0.038791
-0.031662
-0.024800
-0.026683
-0.033066
-0.038176
-0.043688
-0.053478
-0.081740
-0.075720
-0.058024
-0.078459
-0.072138
-0.071845
-0.075622
-0.057298
-0.061965
-0.057831
-0.053751
-0.069067
-0.069762
-0.069988
-0.089539
-0.090180
-0.098927
-0.100100
-0.100073
-0.100906
-0.099505
-0.098901
-0.102269
-0.103711
-0.102565
-0.100192
-0.101347
-0.100278
-0.099631
-0.099958
-0.102305
-0.099360
-0.100470
-0.093215
-0.095175
-0.089797
-0.087421
-0.093043
-0.089814
-0.089802
-0.095869
-0.096168
-0.099856
-0.099685
-0.097382
-0.101429
-0.099842
-0.098724
-0.098193
-0.095644
-0.094889
-0.095931
-0.095674
-0.095573
-0.095758
-0.099943
-0.099553
-0.098420
-0.100698
-0.098941
-0.100430
-0.101177
-0.097955
-0.097967
-0.097544
-0.095784
-0.098858
-0.098444
2.110516
0.224117
0.250753
-0.039084
0.368054
0.383492
0.167774
0.202182
0.227044
0.182936
0.003916
0.035408
0.048063
-0.051900
-0.015856
0.014571
-0.054379
0.016857
0.043177
-0.003972
0.025679
0.032827
-0.015165
0.020119
0.006950
-0.039281
0.007305
-0.031313
-0.027963
-0.011483
-0.060083
-0.024699
-0.033862
-0.055952
-0.037437
-0.055523
-0.064302
-0.051377
-0.069281
-0.085644
-0.072705
-0.089214
-0.086181
-0.079779
-0.095546
-0.087769
-0.076171
-0.083062
-0.087476
-0.086540
-0.079069
-0.086985
-0.101389
-0.096039
-0.100974
-0.102331
-0.101834
-0.100727
-0.100469
-0.091313
-0.093082
-0.095299
-0.088098
-0.090425
-0.094305
-0.100253
-0.095551
-0.095387
-0.100433
-0.098640
-0.096474
-0.102627
-0.095083
-0.095384
-0.096969
-0.092617
-0.093868
-0.096047
-0.092651
-0.094825
-0.095594
-0.091203
-0.097504
-0.090967
-0.090460
-0.097728
-0.090701
-0.094549
-0.096867
-0.094032
-0.097299
-0.098193
-0.096531
-0.098803
-0.099316
-0.096164
-0.099346
-0.097142
-0.098384
-0.099312
0.234065
0.629471
0.574638
0.078329
0.392106
0.459177
0.141577
0.226652
0.262231
0.095982
0.223947
0.151955
-0.021843
0.064511
0.020556
-0.095532
-0.067742
-0.044297
-0.053804
-0.063659
-0.044903
-0.064652
-0.076924
-0.080954
-0.086121
-0.095127
-0.099582
-0.094980
-0.096884
-0.102233
-0.097599
-0.096623
-0.097103
-0.093148
-0.087608
-0.085427
-0.094855
-0.089956
-0.089301
-0.099681
-0.098107
-0.085834
-0.086558
-0.097504
-0.081035
-0.079956
-0.089670
-0.084034
-0.091231
-0.094491
-0.091157
-0.096337
-0.100397
-0.098962
-0.100652
-0.102776
-0.102682
-0.101636
-0.100664
-0.099409
-0.098369
-0.098824
-0.096217
-0.096835
-0.098220
-0.092746
-0.095701
-0.097988
-0.095610
-0.099177
-0.101653
-0.100009
-0.100834
-0.101687
-0.100317
-0.100108
-0.101732
-0.100440
-0.100613
-0.101419
-0.101946
-0.102744
-0.103411
-0.102885
-0.103209
-0.103862
-0.103795
-0.103758
-0.103070
-0.102181
-0.101719
-0.102482
-0.101871
-0.102112
-0.102514
-0.101658
-0.100149
-0.100167
-0.099380
-0.098079
-0.039427
1.928712
2.614396
0.873057
0.682971
0.777518
0.024315
0.220950
0.195287
0.073746
0.016707
-0.040244
-0.033122
-0.013647
-0.074285
-0.067092
-0.038346
-0.060983
-0.088441
-0.089338
-0.082922
-0.077204
-0.088533
-0.086215
-0.072887
-0.086203
-0.082055
-0.083045
-0.084342
-0.087375
-0.090309
-0.085343
-0.098761
-0.095199
-0.092900
-0.099568
-0.103200
-0.099045
-0.094778
-0.094707
-0.099987
-0.097818
-0.095030
-0.099569
-0.097918
-0.094495
-0.095166
-0.094037
-0.097020
-0.096585
-0.085004
-0.094162
-0.090506
-0.082736
-0.098567
-0.097427
-0.095446
-0.088654
-0.097550
-0.091826
-0.090931
-0.103403
-0.096049
-0.097018
-0.100495
-0.100575
-0.101576
-0.100851
-0.100240
-0.103406
-0.101675
-0.101148
-0.102314
-0.102916
-0.102405
-0.101917
-0.103049
-0.103606
-0.102079
-0.101599
-0.102708
-0.102829
-0.101191
-0.100898
-0.102656
-0.100059
-0.100263
-0.103466
-0.100422
-0.101497
-0.101152
-0.102874
-0.099967
-0.099996
-0.103177
-0.101028
-0.101233
-0.101507
-0.102723
-0.102231
-0.054709
0.338015
0.570327
0.341382
0.123960
0.053639
-0.021298
-0.066868
-0.085926
-0.093915
-0.097186
-0.077807
-0.082709
-0.080066
-0.082700
-0.044637
-0.062561
-0.052590
-0.060675
-0.068792
-0.080144
-0.086077
-0.094325
-0.099809
-0.100058
-0.095053
-0.102527
-0.099201
-0.098236
-0.100720
-0.099391
-0.101771
-0.099495
-0.099912
-0.099446
-0.097640
-0.092999
-0.093662
-0.092827
-0.093581
-0.093541
-0.098607
-0.096541
-0.101153
-0.101391
-0.102049
-0.103532
-0.102701
-0.101707
-0.099651
-0.099268
-0.098893
-0.098192
-0.097067
-0.100563
-0.101718
-0.100484
-0.099600
-0.098368
-0.097776
-0.100354
-0.101533
-0.103148
-0.103138
-0.102747
-0.103438
-0.103420
-0.102347
-0.103272
-0.102815
-0.101146
-0.101289
-0.100441
-0.101557
-0.101314
-0.101781
-0.102950
-0.102703
-0.103272
-0.103727
-0.103262
-0.103406
-0.103066
-0.103559
-0.103569
-0.102764
-0.102734
-0.102990
-0.102584
-0.103429
-0.102088
-0.103051
-0.102670
-0.101020
-0.102784
-0.102872
-0.102043
-0.102427
-0.102792
-0.103384
-2.646992
0.157712
-2.166375
-3.090237
-0.103915
-0.103917
0.217433
0.345230
0.974547
-0.261608
-0.103914
-0.103918
0.063140
0.100078
0.480703
-0.216553
-0.103914
-0.103917
-0.088398
1.547601
2.607814
-3.043642
-0.103915
-0.103917
-0.067706
0.771735
1.173688
-1.481930
-0.103915
-0.103918
-0.117010
2.576894
3.884071
-3.365076
-0.103914
-0.103918
5.686520
0.773736
7.130451
4.279807
-0.103914
-0.103917
2.439124
0.022344
0.016535
-0.054796
-0.072945
-0.102527
-0.100258
-0.101419
-0.100293
-0.101057
-0.102746
-0.102125
-0.102146
-0.102856
-0.103664
-0.102819
-0.102841
-0.103479
-0.103577
-0.102772
-0.103174
-0.102668
-0.103355
-0.102660
-0.100096
-0.098957
-0.096749
-0.101582
-0.103611
-0.099603
-0.098982
-0.101383
-0.101313
-0.103036
-0.103629
-0.103474
-0.103461
-0.103768
-0.103273
-0.103666
-0.103443
-0.103629
-0.103536
-0.103499
-0.103670
-0.103543
-0.103566
-0.103657
-0.103623
-0.103737
-0.103550
-0.103735
-0.102972
-0.102959
-0.102299
-0.103231
-0.103681
-0.102589
-0.102522
-0.103610
-0.102959
-0.103396
-0.103436
-0.103527
-0.103686
-0.103553
-0.103535
-0.103667
-0.103574
-0.103659
-0.103537
-0.103638
-0.103525
-0.103546
-0.103622
-0.103469
-0.103548
-0.103459
-0.103464
-0.103625
-0.103487
-0.103212
-0.103634
-0.103620
-0.103602
-0.103657
-0.103458
-0.103722
-0.103545
-0.103767
-0.103541
-0.103478
-0.103741
-0.103490
-0.103746
-0.103527
-0.103689
-0.103612
-0.103632
-0.103687
0.220752
0.206019
-0.032879
-0.092718
-0.101318
-0.098014
-0.102346
-0.101673
-0.102643
-0.103475
-0.103653
-0.102712
-0.102870
-0.102478
-0.103779
-0.102623
-0.102896
-0.103021
-0.103610
-0.103808
-0.103338
-0.102998
-0.103353
-0.103250
-0.102990
-0.102021
-0.099967
-0.095385
-0.103640
-0.097170
-0.100888
-0.103739
-0.103596
-0.103151
-0.103488
-0.103796
-0.103476
-0.103578
-0.103581
-0.103750
-0.103580
-0.103694
-0.103666
-0.103705
-0.103819
-0.103554
-0.103708
-0.103606
-0.103753
-0.103770
-0.103757
-0.103516
-0.103680
-0.103475
-0.102783
-0.101698
-0.103522
-0.102415
-0.103097
-0.103547
-0.103488
-0.103360
-0.103541
-0.103614
-0.103617
-0.103605
-0.103546
-0.103592
-0.103616
-0.103617
-0.103590
-0.103610
-0.103562
-0.103647
-0.103598
-0.103573
-0.103584
-0.103572
-0.103573
-0.103589
-0.103602
-0.103591
-0.103317
-0.102739
-0.103471
-0.103660
-0.103787
-0.103433
-0.103741
-0.103727
-0.103807
-0.103430
-0.103552
-0.103632
-0.103633
-0.103591
-0.103594
-0.103624
-0.103594
-0.103588
0.064835
0.027848
-0.048881
-0.081579
-0.099955
-0.102446
-0.101378
-0.101499
-0.103053
-0.102253
-0.102224
-0.102452
-0.102841
-0.103800
-0.103171
-0.103072
-0.102902
-0.103049
-0.103292
-0.103140
-0.103622
-0.103426
-0.103386
-0.103148
-0.102702
-0.102258
-0.100785
-0.099994
-0.102939
-0.100971
-0.102221
-0.102269
-0.103085
-0.103494
-0.103415
-0.103689
-0.103506
-0.103472
-0.103545
-0.103615
-0.103567
-0.103414
-0.103664
-0.103606
-0.103692
-0.103507
-0.103587
-0.103644
-0.103519
-0.103644
-0.103498
-0.103602
-0.103821
-0.103555
-0.102987
-0.103151
-0.103638
-0.103308
-0.103202
-0.103300
-0.103741
-0.103500
-0.103587
-0.103535
-0.103638
-0.103676
-0.103538
-0.103626
-0.103561
-0.103680
-0.103601
-0.103595
-0.103610
-0.103557
-0.103638
-0.103597
-0.103658
-0.103607
-0.103598
-0.103669
-0.103520
-0.103604
-0.103348
-0.103236
-0.103410
-0.103625
-0.103672
-0.103714
-0.103637
-0.103828
-0.103775
-0.103628
-0.103621
-0.103495
-0.103675
-0.103598
-0.103630
-0.103593
-0.103594
-0.103671
-0.075815
0.909101
0.464254
0.033692
-0.071383
-0.091995
-0.100404
-0.100523
-0.100717
-0.101034
-0.101223
-0.101340
-0.101295
-0.101565
-0.101403
-0.101755
-0.101522
-0.101752
-0.101557
-0.101558
-0.101745
-0.101226
-0.101419
-0.097052
-0.100331
-0.091548
-0.069155
-0.080927
-0.096324
-0.081143
-0.082696
-0.095876
-0.103204
-0.102514
-0.102889
-0.102999
-0.102788
-0.102824
-0.102757
-0.102738
-0.102785
-0.102679
-0.102784
-0.102654
-0.102767
-0.102678
-0.102751
-0.102769
-0.102705
-0.102910
-0.102804
-0.103531
-0.101360
-0.100970
-0.095849
-0.098112
-0.100229
-0.097060
-0.099640
-0.099996
-0.101970
-0.102284
-0.102332
-0.102186
-0.101993
-0.102369
-0.102191
-0.102260
-0.102181
-0.102269
-0.102227
-0.102245
-0.102237
-0.102214
-0.102243
-0.102160
-0.102223
-0.102092
-0.102140
-0.101792
-0.101639
-0.100799
-0.101896
-0.103647
-0.102987
-0.100458
-0.101378
-0.102915
-0.101330
-0.101681
-0.101077
-0.102815
-0.103022
-0.102176
-0.102461
-0.102416
-0.102427
-0.102408
-0.102368
-0.102415
-0.064764
0.490767
0.062663
-0.089197
-0.098109
-0.097385
-0.102759
-0.101300
-0.102111
-0.102689
-0.101918
-0.103731
-0.102010
-0.103142
-0.102569
-0.102546
-0.103279
-0.102222
-0.103596
-0.102278
-0.102780
-0.102697
-0.101869
-0.103666
-0.100119
-0.102477
-0.096651
-0.089576
-0.102917
-0.090008
-0.095539
-0.101911
-0.102463
-0.103032
-0.102909
-0.103110
-0.103408
-0.103082
-0.103726
-0.103196
-0.103493
-0.103441
-0.103292
-0.103747
-0.103249
-0.103685
-0.103333
-0.103404
-0.103523
-0.103200
-0.103543
-0.103163
-0.102839
-0.102694
-0.102798
-0.101130
-0.103221
-0.100343
-0.102060
-0.102845
-0.102995
-0.103528
-0.103114
-0.103666
-0.103221
-0.103457
-0.103488
-0.103297
-0.103700
-0.103274
-0.103643
-0.103367
-0.103444
-0.103549
-0.103289
-0.103744
-0.103237
-0.103601
-0.103281
-0.103259
-0.103294
-0.102710
-0.103257
-0.103412
-0.103539
-0.102675
-0.103462
-0.103404
-0.103692
-0.103093
-0.103622
-0.103408
-0.103089
-0.103784
-0.103283
-0.103671
-0.103421
-0.103467
-0.103613
-0.103365
-0.077170
1.774240
0.114117
0.004221
-0.059016
-0.102716
-0.097834
-0.102005
-0.098959
-0.102913
-0.099567
-0.101634
-0.100653
-0.100201
-0.102463
-0.099441
-0.103292
-0.099614
-0.101132
-0.100754
-0.099182
-0.102855
-0.097798
-0.100203
-0.102927
-0.096751
-0.085363
-0.060672
-0.096292
-0.061120
-0.096468
-0.094997
-0.097541
-0.101716
-0.101575
-0.100986
-0.103420
-0.101056
-0.102886
-0.101721
-0.101859
-0.102729
-0.101381
-0.103322
-0.101476
-0.102511
-0.102050
-0.101700
-0.103031
-0.101213
-0.103523
-0.100763
-0.102025
-0.102464
-0.100004
-0.094326
-0.100045
-0.091970
-0.102614
-0.099706
-0.099858
-0.102322
-0.100602
-0.102240
-0.101061
-0.101416
-0.101880
-0.101082
-0.102214
-0.101096
-0.101960
-0.101445
-0.101438
-0.101950
-0.101043
-0.102216
-0.100955
-0.101794
-0.101227
-0.100640
-0.102228
-0.099577
-0.102093
-0.103518
-0.103276
-0.099806
-0.101854
-0.101047
-0.101902
-0.100621
-0.101098
-0.101779
-0.101350
-0.102809
-0.101206
-0.102279
-0.101617
-0.101716
-0.102097
-0.101387
