-2.127890
1.552817
0.046819
-7.710585
-0.106603
-0.106591
-0.213462
0.628896
2.247109
-1.567557
-0.106595
-0.106592
2.443887
0.902211
6.040145
-1.602579
-0.106598
-0.106586
-0.734968
1.911941
2.254433
-7.813662
-0.106602
-0.106589
-0.009938
5.652790
10.856491
-9.858194
-0.106598
-0.106600
-0.025494
1.422783
3.570813
-3.601751
-0.106597
-0.106596
9.608155
-0.105345
9.610120
9.606394
-0.106597
-0.106601
8.458113
2.987336
14.288105
3.882050
-0.106597
-0.106601
1.910040
0.445218
0.322924
0.496596
0.249777
0.073937
0.254134
0.107395
0.089911
-0.017424
0.025135
0.081614
-0.013494
-0.025704
-0.011243
-0.074335
-0.037433
-0.048614
-0.081353
-0.044685
-0.009085
-0.075016
-0.039596
-0.019915
-0.090493
-0.050156
-0.060123
-0.079071
-0.074047
-0.088410
-0.056904
-0.089119
-0.067750
-0.054151
-0.095503
-0.071079
-0.070496
-0.090042
-0.090231
-0.077897
-0.088487
-0.100360
-0.083131
-0.090778
-0.091311
-0.086775
-0.100742
-0.099823
-0.097960
-0.088931
-0.091556
-0.099858
-0.088229
-0.092314
-0.095289
-0.096196
-0.101312
-0.100973
-0.100858
-0.095591
-0.102618
-0.098191
-0.096166
-0.097870
-0.095223
-0.103259
-0.095357
-0.093957
-0.103353
-0.097419
-0.099462
-0.103731
-0.101197
-0.100328
-0.102238
-0.100678
-0.099265
-0.102986
-0.099700
-0.100688
-0.105952
-0.100374
-0.102929
-0.103751
-0.104165
-0.101796
-0.101273
-0.104507
-0.098645
-0.100802
-0.105506
-0.100983
-0.099931
-0.104622
-0.103277
-0.099398
-0.104985
-0.103825
-0.100411
-0.104601
0.001238
0.111305
0.150261
0.078769
0.084068
-0.076313
0.004515
0.004693
-0.035442
-0.030084
0.002103
-0.051313
-0.050294
-0.026864
-0.047070
-0.058552
-0.043989
-0.060355
-0.074852
-0.058385
-0.076565
-0.092154
-0.056999
-0.080909
-0.100616
-0.076996
-0.087894
-0.099461
-0.091751
-0.098407
-0.093204
-0.096217
-0.096000
-0.092995
-0.096624
-0.100119
-0.088565
-0.092427
-0.103992
-0.085879
-0.097572
-0.100077
-0.093710
-0.092274
-0.101261
-0.101840
-0.096317
-0.104183
-0.099490
-0.096404
-0.105477
-0.103225
-0.099733
-0.099781
-0.102968
-0.100462
-0.103207
-0.106481
-0.105698
-0.102898
-0.103973
-0.104880
-0.104762
-0.103327
-0.104968
-0.101650
-0.101008
-0.105262
-0.104815
-0.099791
-0.104164
-0.103335
-0.102898
-0.104701
-0.103669
-0.102683
-0.104930
-0.104184
-0.102512
-0.103989
-0.104958
-0.103679
-0.104012
-0.104040
-0.104049
-0.105168
-0.103706
-0.105091
-0.106052
-0.104833
-0.103832
-0.105835
-0.104390
-0.104475
-0.106023
-0.103765
-0.103106
-0.105451
-0.104172
-0.104180
2.443757
0.164505
0.087461
0.084651
0.186081
0.124166
0.011330
0.018259
0.086948
0.121002
-0.002914
-0.039162
0.065762
-0.012542
-0.070238
-0.038321
-0.047378
-0.074835
-0.051712
-0.038842
-0.072670
-0.050958
-0.033287
-0.077296
-0.059473
-0.057175
-0.101449
-0.081495
-0.071901
-0.088098
-0.086954
-0.064800
-0.082691
-0.079461
-0.071790
-0.088434
-0.084919
-0.085908
-0.094292
-0.093667
-0.091087
-0.096692
-0.099164
-0.078877
-0.089599
-0.102812
-0.080363
-0.087850
-0.089459
-0.090569
-0.092806
-0.087681
-0.094654
-0.098072
-0.099423
-0.096890
-0.098843
-0.102008
-0.095392
-0.099654
-0.103746
-0.103259
-0.103719
-0.104687
-0.098983
-0.097239
-0.103605
-0.098673
-0.099333
-0.100254
-0.101076
-0.100977
-0.099344
-0.103985
-0.100606
-0.098456
-0.105110
-0.099857
-0.100045
-0.106461
-0.101091
-0.103517
-0.105627
-0.102798
-0.101869
-0.103395
-0.102096
-0.098966
-0.102908
-0.103312
-0.099846
-0.104359
-0.104827
-0.101116
-0.101875
-0.105195
-0.103306
-0.102882
-0.103914
-0.106002
0.511925
0.742701
0.499224
0.102314
0.504743
0.381812
-0.034955
0.112600
0.195448
0.001525
0.048403
0.105964
-0.028876
-0.041299
0.035660
-0.007275
-0.082764
-0.040226
-0.036540
-0.079571
-0.057317
-0.057659
-0.071270
-0.069851
-0.076681
-0.069894
-0.084405
-0.090967
-0.076094
-0.090153
-0.092279
-0.086175
-0.085364
-0.092336
-0.094044
-0.086011
-0.093857
-0.099708
-0.091663
-0.094650
-0.100161
-0.098326
-0.087600
-0.103032
-0.104361
-0.090999
-0.101305
-0.105431
-0.092467
-0.099416
-0.103089
-0.095455
-0.094357
-0.101777
-0.097356
-0.097886
-0.105312
-0.101808
-0.101798
-0.101604
-0.103841
-0.100681
-0.102233
-0.102081
-0.102234
-0.101431
-0.098917
-0.102654
-0.102843
-0.099518
-0.105040
-0.101240
-0.100832
-0.103945
-0.102695
-0.101361
-0.103074
-0.104616
-0.101054
-0.102522
-0.104939
-0.101931
-0.102052
-0.103791
-0.103134
-0.101842
-0.102900
-0.105227
-0.101163
-0.101445
-0.105845
-0.101086
-0.101116
-0.105182
-0.102858
-0.101660
-0.104001
-0.105105
-0.101261
-0.103549
0.029716
2.698150
2.339363
0.960591
0.415944
0.754221
0.119009
-0.008498
0.438845
-0.010182
0.081047
0.108061
0.090343
0.009975
-0.001868
0.033766
-0.010326
-0.059108
0.014325
-0.026271
-0.063414
-0.012641
-0.033762
-0.050998
-0.035891
-0.043505
-0.045411
-0.052459
-0.048985
-0.046083
-0.068481
-0.056185
-0.047007
-0.075266
-0.063802
-0.053602
-0.076190
-0.061982
-0.060796
-0.076663
-0.065972
-0.066159
-0.076658
-0.067940
-0.075669
-0.068769
-0.072343
-0.074488
-0.071023
-0.082631
-0.064857
-0.072033
-0.087282
-0.065280
-0.080322
-0.075363
-0.078545
-0.089682
-0.076590
-0.084896
-0.086785
-0.078226
-0.084731
-0.083438
-0.085504
-0.082747
-0.081814
-0.088346
-0.082554
-0.083985
-0.087030
-0.084135
-0.085325
-0.086450
-0.085889
-0.085812
-0.085135
-0.087888
-0.087072
-0.084236
-0.088490
-0.087900
-0.085597
-0.086959
-0.089155
-0.086555
-0.085957
-0.089567
-0.086806
-0.084531
-0.090339
-0.086265
-0.086721
-0.087503
-0.087473
-0.087496
-0.087902
-0.089311
-0.087240
-0.085777
-0.021743
0.353673
0.571843
0.514021
0.144578
0.040922
-0.028414
-0.059910
-0.031066
-0.088960
-0.071517
-0.105404
-0.063428
-0.091021
-0.087009
-0.077431
-0.091315
-0.083958
-0.088219
-0.089972
-0.093416
-0.096257
-0.088082
-0.100242
-0.103669
-0.091029
-0.102759
-0.103596
-0.094298
-0.099701
-0.100378
-0.099772
-0.096322
-0.099909
-0.104962
-0.096621
-0.098879
-0.104387
-0.097134
-0.100510
-0.101981
-0.098975
-0.099217
-0.102290
-0.101198
-0.099605
-0.103715
-0.105443
-0.098597
-0.098741
-0.103067
-0.095342
-0.101306
-0.098558
-0.101647
-0.102107
-0.105195
-0.102057
-0.096234
-0.099550
-0.103327
-0.104474
-0.103941
-0.105486
-0.102856
-0.103021
-0.105624
-0.104219
-0.102942
-0.104261
-0.105614
-0.103101
-0.104102
-0.105252
-0.103959
-0.103741
-0.105211
-0.104852
-0.103567
-0.104673
-0.105430
-0.103460
-0.104916
-0.105410
-0.103940
-0.104149
-0.105306
-0.102846
-0.105111
-0.104681
-0.104349
-0.103960
-0.106008
-0.102900
-0.104775
-0.104100
-0.105082
-0.104589
-0.105315
-0.104659
-2.887069
0.166234
-2.408281
-3.333556
-0.106598
-0.106601
0.173323
0.295625
0.944115
-0.370334
-0.106596
-0.106601
0.067207
0.077261
0.406164
-0.235073
-0.106598
-0.106600
-0.214898
1.571190
2.660103
-3.649236
-0.106598
-0.106599
-0.120816
0.603072
0.916259
-1.396942
-0.106599
-0.106601
-0.041320
2.461565
3.816693
-3.364739
-0.106597
-0.106602
6.135838
0.591595
7.232284
4.958110
-0.106599
-0.106601
2.672630
-0.014588
-0.005516
-0.022309
-0.032608
-0.033442
-0.097901
-0.099715
-0.103812
-0.103631
-0.101457
-0.101701
-0.102521
-0.102937
-0.103350
-0.103259
-0.105114
-0.104595
-0.105511
-0.105670
-0.104626
-0.104549
-0.104056
-0.105457
-0.104107
-0.103875
-0.105006
-0.104913
-0.104880
-0.105339
-0.104142
-0.102141
-0.097238
-0.101809
-0.103909
-0.101363
-0.104598
-0.105444
-0.105075
-0.104727
-0.100808
-0.101483
-0.102804
-0.104623
-0.105386
-0.106101
-0.105828
-0.105332
-0.105790
-0.106047
-0.105722
-0.105737
-0.106088
-0.106197
-0.106097
-0.106123
-0.106387
-0.105945
-0.105776
-0.105891
-0.106180
-0.105601
-0.105674
-0.106125
-0.105837
-0.105696
-0.105974
-0.105597
-0.104934
-0.104704
-0.105908
-0.106575
-0.105688
-0.105892
-0.106234
-0.106124
-0.106428
-0.104893
-0.105598
-0.106273
-0.105510
-0.105918
-0.106085
-0.105837
-0.105893
-0.106467
-0.105825
-0.106125
-0.106070
-0.106435
-0.106130
-0.106511
-0.106294
-0.106489
-0.105852
-0.105661
-0.105941
-0.106129
-0.105826
-0.105935
0.170863
0.139605
0.024966
-0.085550
-0.070477
-0.094044
-0.091099
-0.088597
-0.096387
-0.098119
-0.100076
-0.100680
-0.100800
-0.100266
-0.102524
-0.101530
-0.102468
-0.102933
-0.102694
-0.102505
-0.103353
-0.103760
-0.103221
-0.104099
-0.103633
-0.104586
-0.103563
-0.103813
-0.104390
-0.104415
-0.102870
-0.104618
-0.105684
-0.104007
-0.104666
-0.100988
-0.102352
-0.104922
-0.101892
-0.101853
-0.104377
-0.103024
-0.104841
-0.104480
-0.104276
-0.104719
-0.105034
-0.105448
-0.105084
-0.104931
-0.105073
-0.105409
-0.105102
-0.105280
-0.105430
-0.105264
-0.105059
-0.105422
-0.105538
-0.105285
-0.105491
-0.105598
-0.105562
-0.105203
-0.105396
-0.105681
-0.105556
-0.105201
-0.105733
-0.106040
-0.105265
-0.105364
-0.105094
-0.105472
-0.105383
-0.105185
-0.105074
-0.105317
-0.104994
-0.105589
-0.105619
-0.105405
-0.105451
-0.105718
-0.105784
-0.105347
-0.105414
-0.105511
-0.105626
-0.105472
-0.105641
-0.105627
-0.105520
-0.105372
-0.105816
-0.105810
-0.105519
-0.105690
-0.105816
-0.105661
0.067352
-0.011269
-0.036035
-0.071656
-0.077089
-0.091170
-0.099353
-0.100087
-0.098940
-0.100967
-0.102109
-0.101592
-0.103329
-0.102399
-0.101497
-0.103501
-0.103806
-0.105489
-0.104710
-0.104685
-0.105163
-0.103820
-0.104174
-0.103573
-0.104374
-0.105005
-0.104587
-0.104948
-0.104722
-0.104545
-0.105462
-0.105114
-0.104201
-0.103906
-0.105020
-0.104195
-0.104022
-0.105635
-0.105668
-0.103838
-0.103758
-0.104423
-0.105408
-0.105688
-0.105608
-0.105569
-0.105686
-0.105668
-0.105573
-0.105864
-0.105600
-0.105509
-0.105753
-0.105848
-0.105989
-0.105822
-0.105804
-0.105833
-0.105633
-0.105780
-0.105665
-0.105778
-0.105896
-0.105820
-0.105883
-0.105804
-0.105782
-0.106039
-0.105943
-0.105807
-0.105767
-0.105959
-0.106106
-0.105912
-0.105782
-0.105875
-0.105563
-0.105526
-0.105773
-0.106002
-0.106038
-0.106056
-0.106051
-0.106037
-0.106009
-0.105940
-0.105951
-0.105837
-0.105880
-0.105867
-0.106040
-0.106080
-0.105985
-0.105955
-0.105990
-0.105977
-0.106069
-0.105939
-0.105956
-0.106020
0.003126
0.682479
0.717703
0.121593
0.087456
-0.077995
-0.099348
-0.076383
-0.080215
-0.086474
-0.089038
-0.091262
-0.092316
-0.092749
-0.094866
-0.095023
-0.095657
-0.096314
-0.097338
-0.097506
-0.097977
-0.098689
-0.098683
-0.099005
-0.099776
-0.099724
-0.099765
-0.100735
-0.100386
-0.099172
-0.102636
-0.105265
-0.098303
-0.092880
-0.101389
-0.070706
-0.083828
-0.098995
-0.097572
-0.081830
-0.089726
-0.096436
-0.101377
-0.102758
-0.102270
-0.101957
-0.101797
-0.101705
-0.102196
-0.102727
-0.101967
-0.103286
-0.101709
-0.102504
-0.102550
-0.103557
-0.103111
-0.102598
-0.102987
-0.103050
-0.102950
-0.103111
-0.103043
-0.103020
-0.103307
-0.103177
-0.102919
-0.104051
-0.104080
-0.102038
-0.103033
-0.103904
-0.099036
-0.101420
-0.101031
-0.102024
-0.100437
-0.103226
-0.105367
-0.102306
-0.103235
-0.103628
-0.103427
-0.103188
-0.102534
-0.103780
-0.105263
-0.102915
-0.103421
-0.101818
-0.103593
-0.103264
-0.104733
-0.103826
-0.102923
-0.103809
-0.103956
-0.103508
-0.103591
-0.103633
-0.095282
0.300593
-0.066360
0.116904
0.003583
-0.040508
-0.048789
-0.058444
-0.065901
-0.071751
-0.074523
-0.077752
-0.081185
-0.082849
-0.084119
-0.086177
-0.087843
-0.088140
-0.089104
-0.090862
-0.091311
-0.091387
-0.092671
-0.093664
-0.093401
-0.093857
-0.095160
-0.095224
-0.094770
-0.095753
-0.096887
-0.095813
-0.096209
-0.097001
-0.095815
-0.101307
-0.096969
-0.100534
-0.105706
-0.096129
-0.088987
-0.095868
-0.098753
-0.097655
-0.097965
-0.099032
-0.099097
-0.098843
-0.099471
-0.099666
-0.099343
-0.099589
-0.099898
-0.100218
-0.099760
-0.099831
-0.100587
-0.100414
-0.100184
-0.100671
-0.100848
-0.100503
-0.100682
-0.101137
-0.100901
-0.100698
-0.101213
-0.101413
-0.100859
-0.101217
-0.101981
-0.101341
-0.101822
-0.102170
-0.101161
-0.102015
-0.099734
-0.098970
-0.101284
-0.101644
-0.101076
-0.101404
-0.101667
-0.101360
-0.101550
-0.101900
-0.100953
-0.100755
-0.101572
-0.101398
-0.101917
-0.101513
-0.101448
-0.102177
-0.101818
-0.101524
-0.101929
-0.101950
-0.101595
-0.101734
-0.050387
1.335023
0.604782
0.438097
0.290119
0.149558
0.068887
0.048618
0.026459
0.010243
-0.002258
-0.012445
-0.020498
-0.026854
-0.033169
-0.037748
-0.042502
-0.045782
-0.049170
-0.052287
-0.054906
-0.057047
-0.059323
-0.061382
-0.063158
-0.064700
-0.066389
-0.067770
-0.068558
-0.069409
-0.070705
-0.073170
-0.068957
-0.066565
-0.073232
-0.083573
-0.074778
-0.084227
-0.103836
-0.058531
-0.063213
-0.070966
-0.077314
-0.080593
-0.080739
-0.081541
-0.082047
-0.082506
-0.083085
-0.083503
-0.083197
-0.084914
-0.083671
-0.085650
-0.084814
-0.085390
-0.085779
-0.086055
-0.086393
-0.086695
-0.086948
-0.087089
-0.087303
-0.087625
-0.087803
-0.087837
-0.088062
-0.088455
-0.088948
-0.088296
-0.088417
-0.089848
-0.091008
-0.095762
-0.087234
-0.091697
-0.082819
-0.085855
-0.088212
-0.089443
-0.089981
-0.089923
-0.090039
-0.090184
-0.090163
-0.090053
-0.089493
-0.087807
-0.090841
-0.088273
-0.092627
-0.090506
-0.090782
-0.090616
-0.090579
-0.090864
-0.090813
-0.090726
-0.090640
-0.090707
