-2.131568
1.757420
0.342016
-9.363538
-0.104099
-0.104087
0.030956
1.309613
5.734264
-2.994768
-0.104090
-0.104084
2.136110
1.433346
5.660121
-5.354676
-0.104100
-0.104074
-0.266447
2.386039
6.586165
-7.720765
-0.104095
-0.104090
-0.094426
4.940499
9.747677
-9.286154
-0.104095
-0.104095
-0.067250
1.333061
3.397245
-2.980809
-0.104094
-0.104093
8.777318
-0.103588
8.778209
8.775535
-0.104097
-0.104092
8.101497
3.257813
14.579350
3.558200
-0.104093
-0.104096
1.918897
0.533406
0.338198
0.462591
0.322536
-0.026635
0.258794
0.232690
0.085921
0.080248
0.014048
0.145273
0.011314
0.004624
0.064576
-0.063189
-0.044419
0.002589
0.024104
-0.038320
0.014125
0.077123
-0.010618
0.007543
0.024898
-0.058337
-0.021646
-0.043938
-0.076064
-0.061897
-0.073194
-0.065087
-0.054575
-0.081414
-0.035203
-0.050255
-0.069404
-0.029611
-0.057762
-0.077846
-0.059963
-0.075855
-0.095838
-0.096094
-0.079781
-0.083770
-0.090862
-0.075320
-0.090099
-0.088387
-0.086686
-0.087817
-0.088516
-0.098684
-0.085538
-0.089927
-0.097256
-0.096715
-0.100740
-0.102359
-0.101532
-0.097288
-0.095717
-0.101760
-0.093385
-0.089060
-0.097028
-0.097213
-0.100311
-0.091919
-0.097436
-0.099278
-0.093031
-0.100162
-0.100220
-0.097646
-0.096155
-0.096948
-0.096884
-0.090480
-0.094205
-0.095237
-0.090999
-0.097915
-0.095127
-0.094997
-0.100271
-0.098207
-0.099299
-0.100158
-0.097982
-0.100262
-0.094014
-0.095729
-0.097429
-0.089799
-0.095873
-0.095897
-0.093963
-0.098669
0.029976
0.281659
0.336520
0.188224
0.057488
-0.044032
0.023568
-0.054885
0.050580
0.027372
0.097329
0.128971
0.025963
0.152157
0.170830
0.068592
0.102377
0.094729
0.007600
0.069360
-0.032961
-0.002972
0.002281
-0.032944
-0.021059
-0.054103
-0.076843
-0.067685
-0.087347
-0.101086
-0.094709
-0.082493
-0.086783
-0.079506
-0.065073
-0.072686
-0.056919
-0.061470
-0.083446
-0.053693
-0.072648
-0.062126
-0.058083
-0.072136
-0.059882
-0.062833
-0.082516
-0.074613
-0.080302
-0.094010
-0.090298
-0.099606
-0.099075
-0.101364
-0.098331
-0.098743
-0.097030
-0.100166
-0.103358
-0.101773
-0.100557
-0.100803
-0.099228
-0.099685
-0.101014
-0.101944
-0.101170
-0.099353
-0.094310
-0.093260
-0.097668
-0.089315
-0.089011
-0.092582
-0.089851
-0.090566
-0.095795
-0.091960
-0.096768
-0.095059
-0.094355
-0.098442
-0.095251
-0.097761
-0.101153
-0.100467
-0.102165
-0.103968
-0.103177
-0.102551
-0.101922
-0.099497
-0.097036
-0.099177
-0.093875
-0.092996
-0.097336
-0.091800
-0.094052
-0.094606
2.135482
0.186638
0.217284
-0.018607
0.317046
0.386903
0.193986
0.186010
0.226279
0.222273
0.085695
-0.021779
0.061638
-0.002979
-0.059005
-0.003451
-0.015245
-0.046870
-0.017691
0.009399
-0.035427
-0.033124
-0.002181
-0.069367
-0.049901
-0.036015
-0.089001
-0.072741
-0.068411
-0.097233
-0.079143
-0.081095
-0.094850
-0.065149
-0.070335
-0.093588
-0.059714
-0.070983
-0.083632
-0.061924
-0.076001
-0.088312
-0.078960
-0.081155
-0.096036
-0.087917
-0.083486
-0.100025
-0.084991
-0.077980
-0.084810
-0.085857
-0.085975
-0.081419
-0.086189
-0.099436
-0.097220
-0.099980
-0.103493
-0.102457
-0.101479
-0.102708
-0.096450
-0.092713
-0.097648
-0.093639
-0.090548
-0.090261
-0.094612
-0.101413
-0.094380
-0.095148
-0.102607
-0.098474
-0.098128
-0.102062
-0.099362
-0.096582
-0.099933
-0.097429
-0.093350
-0.100982
-0.097374
-0.096266
-0.103109
-0.100076
-0.100227
-0.101871
-0.102626
-0.102272
-0.099657
-0.097517
-0.100926
-0.099642
-0.094855
-0.099087
-0.099343
-0.094443
-0.098946
-0.098236
0.056743
0.581567
0.760158
0.221604
0.429215
0.605569
0.236258
0.203186
0.401753
0.238355
0.189848
0.254950
0.093944
0.033265
0.126374
0.036859
-0.073755
-0.006965
-0.015432
-0.065845
-0.034315
-0.026136
-0.063326
-0.063865
-0.069908
-0.079754
-0.095912
-0.102632
-0.095644
-0.089896
-0.096904
-0.101282
-0.098394
-0.098395
-0.092696
-0.090505
-0.090874
-0.080745
-0.081993
-0.095842
-0.084723
-0.086216
-0.096561
-0.084232
-0.077716
-0.089373
-0.086420
-0.076745
-0.082404
-0.086507
-0.079580
-0.089789
-0.091586
-0.088144
-0.093816
-0.098427
-0.096736
-0.100425
-0.103352
-0.102982
-0.100554
-0.101691
-0.099804
-0.093828
-0.098081
-0.097401
-0.092107
-0.094933
-0.095211
-0.090361
-0.096014
-0.097668
-0.093013
-0.095648
-0.101159
-0.096856
-0.097393
-0.100365
-0.099186
-0.098337
-0.101378
-0.101202
-0.101462
-0.101787
-0.103193
-0.103056
-0.102067
-0.101845
-0.102331
-0.101063
-0.100872
-0.101040
-0.100318
-0.102474
-0.100375
-0.099888
-0.100888
-0.101258
-0.099726
-0.100488
-0.092515
1.763886
2.453480
1.053964
0.441524
0.713971
0.116073
0.113680
0.215548
0.118881
0.023979
-0.010095
-0.030177
-0.018962
-0.066535
-0.059351
-0.048882
-0.088901
-0.053926
-0.056024
-0.092543
-0.062526
-0.052929
-0.072706
-0.057331
-0.048401
-0.067980
-0.059636
-0.059243
-0.074857
-0.065087
-0.069992
-0.081372
-0.073315
-0.081066
-0.089921
-0.084538
-0.091505
-0.100666
-0.093756
-0.097149
-0.101013
-0.096040
-0.099407
-0.100176
-0.096521
-0.101166
-0.097644
-0.094712
-0.095932
-0.093924
-0.098505
-0.099529
-0.089605
-0.093872
-0.095674
-0.084832
-0.096666
-0.098683
-0.097172
-0.091500
-0.092877
-0.098756
-0.092094
-0.099941
-0.098542
-0.097228
-0.099801
-0.101286
-0.101153
-0.101929
-0.101259
-0.102354
-0.102843
-0.101944
-0.103564
-0.101370
-0.101410
-0.103348
-0.100609
-0.102275
-0.101446
-0.100277
-0.099820
-0.102186
-0.099680
-0.099223
-0.102036
-0.099630
-0.100315
-0.102704
-0.100415
-0.100742
-0.103278
-0.101429
-0.102085
-0.103732
-0.102330
-0.103125
-0.103324
-0.066888
0.350249
0.561505
0.422065
0.125403
-0.019603
-0.064348
-0.057111
-0.049906
-0.054925
-0.053433
-0.093719
-0.084105
-0.087284
-0.075434
-0.045745
-0.039581
-0.039739
-0.029470
-0.051583
-0.045348
-0.067528
-0.077362
-0.085416
-0.093526
-0.097817
-0.099950
-0.097083
-0.101204
-0.101098
-0.101297
-0.100292
-0.099985
-0.099262
-0.099059
-0.100509
-0.095466
-0.093845
-0.088100
-0.090989
-0.087380
-0.088890
-0.092109
-0.090872
-0.098110
-0.099163
-0.102933
-0.102076
-0.101462
-0.101139
-0.100424
-0.101916
-0.102321
-0.103051
-0.100188
-0.096744
-0.098731
-0.101312
-0.101341
-0.101890
-0.099325
-0.098788
-0.098828
-0.101219
-0.101948
-0.102027
-0.102404
-0.102530
-0.102702
-0.103518
-0.102825
-0.103806
-0.102831
-0.102498
-0.100869
-0.100979
-0.100238
-0.100504
-0.099462
-0.101841
-0.101436
-0.101265
-0.103755
-0.103771
-0.102728
-0.102852
-0.103419
-0.102478
-0.103308
-0.103543
-0.102748
-0.103124
-0.103490
-0.103161
-0.102977
-0.103347
-0.102360
-0.101522
-0.101807
-0.100974
-2.682073
0.146835
-2.252702
-3.121098
-0.104095
-0.104097
0.273180
0.293184
0.949076
-0.175320
-0.104093
-0.104098
0.147606
0.088059
0.504499
-0.058485
-0.104093
-0.104097
-0.196159
1.473115
2.033186
-3.225286
-0.104095
-0.104096
-0.078308
0.682855
0.965148
-1.396419
-0.104095
-0.104097
-0.198115
2.372805
3.478847
-3.269050
-0.104094
-0.104098
5.712870
0.507615
6.671141
4.590660
-0.104095
-0.104096
2.475597
0.032681
-0.006099
-0.067484
-0.062362
-0.098385
-0.098246
-0.103398
-0.102978
-0.101826
-0.100775
-0.102754
-0.102462
-0.103180
-0.103187
-0.103109
-0.102585
-0.102803
-0.103959
-0.102768
-0.103093
-0.103318
-0.103428
-0.103170
-0.103936
-0.100837
-0.100292
-0.098958
-0.102722
-0.100752
-0.100537
-0.102808
-0.100241
-0.099813
-0.103532
-0.103564
-0.103653
-0.103924
-0.103391
-0.103263
-0.103862
-0.103906
-0.103955
-0.103610
-0.103626
-0.103574
-0.103914
-0.104003
-0.103945
-0.103496
-0.103637
-0.103856
-0.104000
-0.104038
-0.103777
-0.102966
-0.103755
-0.103002
-0.102976
-0.103553
-0.103895
-0.103233
-0.103266
-0.103162
-0.103794
-0.103904
-0.103982
-0.103814
-0.103754
-0.103828
-0.103934
-0.103955
-0.103868
-0.103840
-0.103847
-0.103944
-0.103990
-0.103959
-0.103724
-0.103771
-0.103922
-0.103996
-0.103883
-0.103850
-0.103489
-0.104079
-0.103658
-0.104017
-0.103868
-0.103749
-0.103919
-0.103666
-0.103418
-0.103950
-0.104032
-0.104086
-0.103920
-0.103846
-0.103831
-0.104016
0.276238
0.166935
-0.031914
-0.082690
-0.102125
-0.090750
-0.101986
-0.103129
-0.103404
-0.102502
-0.103562
-0.103309
-0.102523
-0.103669
-0.103943
-0.103710
-0.103422
-0.103143
-0.103361
-0.103563
-0.103185
-0.103407
-0.103773
-0.103901
-0.102566
-0.101903
-0.103229
-0.099905
-0.103001
-0.097796
-0.099000
-0.101879
-0.100598
-0.102934
-0.103110
-0.103045
-0.103486
-0.103719
-0.103861
-0.103761
-0.103827
-0.103581
-0.103909
-0.103883
-0.103820
-0.103753
-0.103701
-0.103889
-0.103924
-0.103818
-0.103743
-0.103642
-0.103849
-0.104004
-0.103768
-0.103528
-0.103833
-0.102702
-0.102683
-0.103839
-0.102645
-0.103565
-0.103782
-0.103693
-0.103412
-0.103764
-0.103905
-0.103857
-0.103739
-0.103739
-0.103718
-0.103895
-0.103828
-0.103762
-0.103737
-0.103758
-0.103873
-0.103780
-0.103769
-0.103605
-0.103730
-0.103782
-0.103792
-0.103601
-0.103726
-0.103699
-0.103474
-0.104039
-0.103537
-0.103625
-0.103711
-0.103790
-0.103580
-0.103718
-0.103806
-0.103911
-0.103819
-0.103759
-0.103746
-0.103801
0.148764
0.017753
-0.047150
-0.095153
-0.089392
-0.100077
-0.100040
-0.101418
-0.102213
-0.103642
-0.102264
-0.103195
-0.102440
-0.102342
-0.103243
-0.103170
-0.102826
-0.103746
-0.103718
-0.103509
-0.103679
-0.103552
-0.103619
-0.103058
-0.103013
-0.103436
-0.101864
-0.101664
-0.103498
-0.101066
-0.102774
-0.102626
-0.100713
-0.101973
-0.102932
-0.103060
-0.103314
-0.103271
-0.103385
-0.103157
-0.103383
-0.103352
-0.103440
-0.103557
-0.103589
-0.103485
-0.103632
-0.103602
-0.103559
-0.103583
-0.103571
-0.103568
-0.103578
-0.103689
-0.103756
-0.103973
-0.103285
-0.103047
-0.103223
-0.103464
-0.103086
-0.103230
-0.103939
-0.103794
-0.103875
-0.103862
-0.103813
-0.103839
-0.103788
-0.103867
-0.103883
-0.103905
-0.103878
-0.103903
-0.103855
-0.103909
-0.103894
-0.103884
-0.103854
-0.103889
-0.103906
-0.103877
-0.103878
-0.103999
-0.103974
-0.103728
-0.103841
-0.104033
-0.103756
-0.103944
-0.104033
-0.103855
-0.104028
-0.104017
-0.104026
-0.104020
-0.104064
-0.104048
-0.104090
-0.104039
-0.013325
0.924360
0.262880
0.063721
-0.019583
-0.066209
-0.065801
-0.079150
-0.081564
-0.083781
-0.086490
-0.088442
-0.089829
-0.090918
-0.091983
-0.093083
-0.094096
-0.094661
-0.095328
-0.096248
-0.097064
-0.097580
-0.097615
-0.097840
-0.099238
-0.095271
-0.101487
-0.080077
-0.093834
-0.081269
-0.096895
-0.087082
-0.074244
-0.090645
-0.092403
-0.095092
-0.096154
-0.096084
-0.096608
-0.097275
-0.097712
-0.097936
-0.098150
-0.098457
-0.098742
-0.098944
-0.099058
-0.099254
-0.099575
-0.099753
-0.099660
-0.099848
-0.100074
-0.100255
-0.100200
-0.101520
-0.099697
-0.097754
-0.093927
-0.096613
-0.098178
-0.098401
-0.100300
-0.101057
-0.102348
-0.101709
-0.101530
-0.101657
-0.101848
-0.101945
-0.101954
-0.102000
-0.102107
-0.102185
-0.102213
-0.102260
-0.102390
-0.102641
-0.102468
-0.102309
-0.102646
-0.102329
-0.101510
-0.102752
-0.102748
-0.101349
-0.102784
-0.102455
-0.100695
-0.102772
-0.102576
-0.101355
-0.102998
-0.103280
-0.103162
-0.103138
-0.103127
-0.103210
-0.103274
-0.103258
-0.077071
0.426560
0.056805
-0.090571
-0.095749
-0.098804
-0.102729
-0.102205
-0.102125
-0.102564
-0.103356
-0.103672
-0.103118
-0.102832
-0.103126
-0.103524
-0.103938
-0.103479
-0.103189
-0.103243
-0.103523
-0.103745
-0.103524
-0.103258
-0.103328
-0.102782
-0.102406
-0.101738
-0.090817
-0.097257
-0.100942
-0.091312
-0.100565
-0.103184
-0.103960
-0.102930
-0.102833
-0.103074
-0.103540
-0.103738
-0.103429
-0.103261
-0.103333
-0.103637
-0.103813
-0.103580
-0.103409
-0.103437
-0.103670
-0.103916
-0.103658
-0.103397
-0.103474
-0.103533
-0.104012
-0.103903
-0.103114
-0.102846
-0.100881
-0.102863
-0.101454
-0.102484
-0.103663
-0.103637
-0.103487
-0.103601
-0.103816
-0.104006
-0.103800
-0.103672
-0.103692
-0.103831
-0.103976
-0.103826
-0.103694
-0.103695
-0.103831
-0.104011
-0.103815
-0.103600
-0.103463
-0.104069
-0.103629
-0.103752
-0.103626
-0.103592
-0.103575
-0.102867
-0.103365
-0.103539
-0.103191
-0.103518
-0.103638
-0.103718
-0.103875
-0.104093
-0.103888
-0.103779
-0.103785
-0.103904
-0.010859
1.621010
0.119061
-0.010300
-0.020314
-0.074615
-0.072204
-0.078221
-0.081162
-0.084362
-0.087677
-0.089549
-0.090264
-0.090955
-0.092350
-0.094115
-0.095313
-0.095550
-0.095611
-0.096543
-0.097976
-0.099256
-0.099394
-0.099144
-0.098444
-0.100738
-0.091344
-0.096503
-0.072263
-0.077704
-0.090617
-0.066045
-0.083053
-0.088231
-0.094766
-0.094102
-0.094783
-0.095541
-0.096663
-0.097449
-0.097551
-0.097481
-0.097765
-0.098383
-0.098898
-0.098953
-0.098814
-0.098877
-0.099380
-0.099793
-0.099849
-0.099469
-0.099727
-0.099649
-0.100975
-0.100992
-0.097447
-0.099668
-0.090895
-0.096621
-0.094510
-0.098800
-0.102424
-0.102268
-0.101518
-0.101488
-0.101686
-0.102037
-0.102094
-0.101896
-0.101808
-0.101991
-0.102280
-0.102355
-0.102187
-0.102105
-0.102264
-0.102613
-0.102549
-0.102459
-0.101930
-0.103231
-0.101474
-0.103391
-0.101595
-0.101879
-0.102141
-0.100690
-0.101425
-0.102412
-0.101648
-0.102614
-0.103830
-0.103686
-0.103646
-0.103833
-0.104052
-0.103839
-0.103768
-0.103866
