-2.298321
1.737818
0.219283
-8.928530
-0.105416
-0.105407
-0.017912
1.113973
5.192011
-3.454960
-0.105408
-0.105400
2.260677
1.539134
5.922325
-4.644310
-0.105417
-0.105395
-0.379461
2.207289
6.385412
-6.149280
-0.105413
-0.105410
-0.089290
5.256812
9.889715
-9.464462
-0.105413
-0.105414
-0.102355
1.360097
3.275655
-2.880525
-0.105412
-0.105413
9.157532
-0.105009
9.158243
9.156728
-0.105413
-0.105412
8.697263
3.162350
14.666843
4.073035
-0.105412
-0.105415
2.082226
0.587564
0.395641
0.444312
0.249558
0.031169
0.279684
0.131231
0.089043
0.000973
0.059283
0.076495
-0.072886
0.123989
0.060992
-0.017479
0.080771
-0.025190
-0.051146
-0.039850
-0.016197
-0.068300
-0.048331
-0.042363
-0.046528
-0.088256
-0.017015
-0.020889
-0.060792
-0.009241
-0.079346
-0.058595
-0.066188
-0.073381
-0.091397
-0.071997
-0.079697
-0.087904
-0.084747
-0.072851
-0.074927
-0.090074
-0.063449
-0.085583
-0.086250
-0.081879
-0.098898
-0.093348
-0.094004
-0.088948
-0.095611
-0.092040
-0.088069
-0.097130
-0.101385
-0.100334
-0.103968
-0.101475
-0.097525
-0.098606
-0.103466
-0.093920
-0.094127
-0.099045
-0.098737
-0.101442
-0.096208
-0.102872
-0.096403
-0.092027
-0.103642
-0.094026
-0.095720
-0.101097
-0.101122
-0.098545
-0.097577
-0.103790
-0.098496
-0.099152
-0.103085
-0.098866
-0.095073
-0.101739
-0.093288
-0.096276
-0.100603
-0.097340
-0.101799
-0.101691
-0.100453
-0.101606
-0.102191
-0.097431
-0.100657
-0.102726
-0.102369
-0.101066
-0.100675
-0.102270
-0.018812
0.269681
0.208807
0.051249
-0.036197
-0.009964
0.004888
-0.025580
0.078855
0.050447
0.121456
0.177263
0.085524
0.174947
0.122548
0.036120
0.081281
-0.045236
-0.037702
-0.076430
-0.054374
-0.065501
-0.067594
-0.055117
-0.093656
-0.071766
-0.090368
-0.104120
-0.101207
-0.096662
-0.089000
-0.090448
-0.090597
-0.076373
-0.103258
-0.080774
-0.097940
-0.088914
-0.098883
-0.076873
-0.073596
-0.074334
-0.061226
-0.072440
-0.073837
-0.072686
-0.086586
-0.088329
-0.093389
-0.103796
-0.100052
-0.104142
-0.100522
-0.101167
-0.101454
-0.104624
-0.104858
-0.102735
-0.103511
-0.103035
-0.103043
-0.101179
-0.103033
-0.101342
-0.101352
-0.098205
-0.094733
-0.095435
-0.092625
-0.091623
-0.095135
-0.093901
-0.095597
-0.101344
-0.100651
-0.103097
-0.104034
-0.103194
-0.100962
-0.104200
-0.101481
-0.103493
-0.104664
-0.104671
-0.104525
-0.103902
-0.103568
-0.104801
-0.102343
-0.103579
-0.103431
-0.103378
-0.103427
-0.102546
-0.103487
-0.099829
-0.101578
-0.095947
-0.096017
-0.096571
2.259261
0.249168
0.288830
0.018427
0.359070
0.392404
0.175560
0.171660
0.207524
0.153564
0.016582
0.059617
0.062843
-0.064934
-0.028529
0.014530
-0.023677
-0.016318
0.046467
0.004310
-0.002811
0.028526
-0.018932
-0.015186
0.005296
-0.039596
-0.006277
-0.018613
-0.040799
-0.015508
-0.050758
-0.038249
-0.038826
-0.069225
-0.048102
-0.058417
-0.072029
-0.055565
-0.068219
-0.087278
-0.075165
-0.086608
-0.101269
-0.083769
-0.083889
-0.100116
-0.084894
-0.084206
-0.089336
-0.091489
-0.085565
-0.085077
-0.098008
-0.098819
-0.098955
-0.103001
-0.104024
-0.103599
-0.104767
-0.098149
-0.094392
-0.099299
-0.096965
-0.094192
-0.095136
-0.097894
-0.100546
-0.095043
-0.098000
-0.103933
-0.096970
-0.097077
-0.102538
-0.095006
-0.095065
-0.099564
-0.094041
-0.095162
-0.100394
-0.095420
-0.098291
-0.098845
-0.096213
-0.099593
-0.095895
-0.097677
-0.097714
-0.095197
-0.099501
-0.098705
-0.097103
-0.102407
-0.099857
-0.098990
-0.103991
-0.101617
-0.103088
-0.103292
-0.100726
-0.101944
0.167409
0.502726
0.779763
0.261432
0.470509
0.485793
0.161956
0.212355
0.370445
0.187062
0.175524
0.181920
0.016781
0.008816
-0.017405
-0.083609
-0.080433
-0.072445
-0.066709
-0.087406
-0.082275
-0.078930
-0.089551
-0.099558
-0.089207
-0.091263
-0.103188
-0.103832
-0.103026
-0.101966
-0.098754
-0.095875
-0.100909
-0.099298
-0.096605
-0.099715
-0.102393
-0.097614
-0.096293
-0.102537
-0.101262
-0.099313
-0.094716
-0.099518
-0.086997
-0.083911
-0.087466
-0.082657
-0.085750
-0.095880
-0.089653
-0.092978
-0.099939
-0.097370
-0.100742
-0.104215
-0.104131
-0.103041
-0.101515
-0.100882
-0.097474
-0.100169
-0.100586
-0.094397
-0.096337
-0.097101
-0.094844
-0.097894
-0.100057
-0.099504
-0.103628
-0.104096
-0.103821
-0.103401
-0.104171
-0.103242
-0.102641
-0.103659
-0.103776
-0.102966
-0.104001
-0.104167
-0.103672
-0.104830
-0.104637
-0.104246
-0.104254
-0.104718
-0.104474
-0.104188
-0.104352
-0.103823
-0.103490
-0.103205
-0.102049
-0.102247
-0.102406
-0.102347
-0.102721
-0.102333
-0.088444
1.838838
2.711300
0.935319
0.654048
0.720253
0.030277
0.145570
0.136719
0.088516
-0.017960
0.017245
0.019210
-0.026368
-0.017887
-0.032060
-0.060873
-0.061773
-0.056793
-0.088975
-0.079223
-0.066057
-0.091532
-0.086040
-0.079421
-0.099110
-0.088536
-0.090256
-0.095166
-0.091897
-0.100726
-0.093295
-0.093069
-0.104358
-0.092624
-0.095630
-0.102466
-0.095373
-0.097703
-0.102603
-0.096624
-0.097912
-0.096999
-0.095434
-0.097321
-0.101236
-0.096733
-0.096974
-0.097454
-0.101578
-0.093221
-0.089955
-0.103422
-0.085121
-0.092391
-0.100746
-0.099341
-0.093871
-0.092649
-0.101361
-0.091141
-0.099369
-0.100940
-0.098816
-0.101448
-0.101764
-0.102707
-0.102045
-0.102848
-0.102874
-0.102797
-0.102644
-0.103605
-0.103400
-0.104308
-0.104318
-0.103396
-0.104398
-0.104157
-0.103275
-0.104496
-0.103730
-0.102555
-0.104290
-0.103086
-0.102361
-0.105200
-0.103445
-0.103889
-0.102489
-0.104172
-0.101998
-0.102210
-0.103877
-0.103038
-0.104328
-0.105111
-0.104661
-0.104775
-0.104243
-0.102247
0.312463
0.626188
0.400107
0.076533
0.040021
-0.020118
-0.010431
-0.029031
-0.073194
-0.061291
-0.039633
-0.054997
-0.060075
-0.056588
-0.040557
-0.067778
-0.054643
-0.070864
-0.082501
-0.081849
-0.092572
-0.091847
-0.092686
-0.096002
-0.095477
-0.099205
-0.102770
-0.101428
-0.102691
-0.100401
-0.101081
-0.098374
-0.099045
-0.099719
-0.100437
-0.098250
-0.099305
-0.095625
-0.097462
-0.096328
-0.096492
-0.098909
-0.098163
-0.098826
-0.101001
-0.101710
-0.102335
-0.098569
-0.101499
-0.103777
-0.102192
-0.100388
-0.097853
-0.101584
-0.103153
-0.103342
-0.102257
-0.099849
-0.101452
-0.101094
-0.102554
-0.103605
-0.103522
-0.104896
-0.102667
-0.103477
-0.103322
-0.103829
-0.103182
-0.102527
-0.102635
-0.102571
-0.102689
-0.103558
-0.103453
-0.104254
-0.104418
-0.104677
-0.104716
-0.105125
-0.104562
-0.104899
-0.105231
-0.104442
-0.104642
-0.104612
-0.104371
-0.104467
-0.105074
-0.104454
-0.104204
-0.104786
-0.103851
-0.104066
-0.104427
-0.103314
-0.103568
-0.103642
-0.104258
-2.710378
0.247656
-2.117880
-3.237168
-0.105412
-0.105416
0.202054
0.236771
0.769577
-0.200603
-0.105411
-0.105416
0.141975
0.092443
0.502128
-0.154363
-0.105412
-0.105415
-0.131910
1.259580
1.839230
-2.617625
-0.105413
-0.105415
-0.086366
0.529993
0.652589
-1.260166
-0.105414
-0.105415
-0.131408
2.135843
3.448274
-2.419992
-0.105411
-0.105416
5.807964
0.562087
6.888691
4.634465
-0.105413
-0.105415
2.497640
0.000360
0.115789
-0.077257
-0.073319
-0.103658
-0.101300
-0.102012
-0.103084
-0.103745
-0.104495
-0.103056
-0.103747
-0.103608
-0.102429
-0.103935
-0.103545
-0.103415
-0.103780
-0.104096
-0.104884
-0.104000
-0.103612
-0.103556
-0.100981
-0.099234
-0.094461
-0.100114
-0.103421
-0.105103
-0.096406
-0.103606
-0.103303
-0.104184
-0.104308
-0.104198
-0.104340
-0.104562
-0.104761
-0.104416
-0.104539
-0.104492
-0.104356
-0.104545
-0.104440
-0.104416
-0.104523
-0.104564
-0.104664
-0.104486
-0.104399
-0.104333
-0.104132
-0.103152
-0.103288
-0.104038
-0.104818
-0.104601
-0.103694
-0.104163
-0.104473
-0.104718
-0.104795
-0.104784
-0.104774
-0.104884
-0.104884
-0.104821
-0.104855
-0.104819
-0.104791
-0.104813
-0.104758
-0.104768
-0.104786
-0.104785
-0.104805
-0.104771
-0.104681
-0.104602
-0.104594
-0.104418
-0.104493
-0.105218
-0.104672
-0.104772
-0.104443
-0.104926
-0.104670
-0.105025
-0.104802
-0.105249
-0.104965
-0.104937
-0.104929
-0.105001
-0.104978
-0.104943
-0.104951
-0.104955
0.200135
0.130039
-0.052089
-0.095187
-0.098689
-0.097565
-0.100805
-0.104459
-0.105172
-0.104358
-0.103442
-0.104418
-0.105156
-0.104903
-0.104780
-0.104631
-0.105036
-0.104798
-0.104741
-0.105109
-0.104853
-0.104941
-0.104420
-0.103691
-0.104351
-0.103783
-0.104184
-0.099431
-0.102761
-0.100547
-0.102091
-0.105344
-0.104610
-0.104862
-0.105039
-0.105062
-0.105206
-0.105219
-0.105009
-0.105229
-0.105350
-0.105333
-0.105211
-0.105252
-0.105281
-0.105249
-0.105329
-0.105336
-0.105185
-0.105259
-0.105268
-0.104974
-0.105111
-0.105009
-0.105071
-0.104302
-0.104300
-0.104580
-0.104502
-0.105183
-0.105148
-0.105274
-0.105345
-0.105222
-0.105322
-0.105321
-0.105260
-0.105356
-0.105346
-0.105334
-0.105330
-0.105382
-0.105308
-0.105324
-0.105392
-0.105351
-0.105299
-0.105366
-0.105379
-0.105207
-0.105273
-0.105210
-0.105090
-0.105114
-0.104885
-0.105231
-0.105039
-0.105191
-0.105268
-0.105313
-0.105205
-0.105247
-0.105329
-0.105296
-0.105337
-0.105402
-0.105334
-0.105351
-0.105383
-0.105371
0.140495
0.022237
-0.053588
-0.081451
-0.098491
-0.100460
-0.104771
-0.102599
-0.104649
-0.103031
-0.104840
-0.103893
-0.104829
-0.105012
-0.105108
-0.104803
-0.104866
-0.104169
-0.104833
-0.104188
-0.104957
-0.104938
-0.105279
-0.103991
-0.105262
-0.103538
-0.103031
-0.102741
-0.104110
-0.102270
-0.103216
-0.103249
-0.104436
-0.105158
-0.105145
-0.104911
-0.105266
-0.105268
-0.105111
-0.105132
-0.105241
-0.105303
-0.105274
-0.105336
-0.105171
-0.105130
-0.105260
-0.105084
-0.105146
-0.105345
-0.105201
-0.104944
-0.105326
-0.104846
-0.105129
-0.104965
-0.104978
-0.104847
-0.104951
-0.104708
-0.105203
-0.105255
-0.105182
-0.105283
-0.105268
-0.105274
-0.105258
-0.105300
-0.105284
-0.105322
-0.105371
-0.105336
-0.105294
-0.105356
-0.105245
-0.105220
-0.105340
-0.105296
-0.105259
-0.105239
-0.105270
-0.105048
-0.105330
-0.105311
-0.105166
-0.105315
-0.105168
-0.105161
-0.105221
-0.105241
-0.105258
-0.105220
-0.105209
-0.105339
-0.105372
-0.105302
-0.105333
-0.105366
-0.105309
-0.105359
-0.072815
0.763875
0.268620
0.069132
-0.076547
-0.098561
-0.085834
-0.093496
-0.093681
-0.096849
-0.097894
-0.096936
-0.098932
-0.099931
-0.098537
-0.099717
-0.101122
-0.099596
-0.100262
-0.102003
-0.100382
-0.100389
-0.101680
-0.099619
-0.099201
-0.087781
-0.093814
-0.088480
-0.098729
-0.088211
-0.089155
-0.104182
-0.097913
-0.100338
-0.100571
-0.099940
-0.101391
-0.100752
-0.100351
-0.101402
-0.101197
-0.100646
-0.101411
-0.101529
-0.100847
-0.101405
-0.101784
-0.101054
-0.101431
-0.102074
-0.101428
-0.101119
-0.102591
-0.101083
-0.101176
-0.098543
-0.101515
-0.103888
-0.097045
-0.100737
-0.101552
-0.100935
-0.100739
-0.101637
-0.101525
-0.101036
-0.101526
-0.101568
-0.101098
-0.101422
-0.101619
-0.101153
-0.101310
-0.101634
-0.101170
-0.101165
-0.101613
-0.101140
-0.100958
-0.101589
-0.100654
-0.099778
-0.101893
-0.100747
-0.101629
-0.101743
-0.100610
-0.102746
-0.102424
-0.101662
-0.102673
-0.101764
-0.101258
-0.101911
-0.101935
-0.101445
-0.101694
-0.101953
-0.101516
-0.101597
-0.092152
0.327970
0.014239
-0.064759
-0.100843
-0.102582
-0.102275
-0.102695
-0.103137
-0.103976
-0.104016
-0.104000
-0.104467
-0.104489
-0.104399
-0.104790
-0.104914
-0.104660
-0.104893
-0.105214
-0.104935
-0.105145
-0.105161
-0.104565
-0.104574
-0.101089
-0.098740
-0.098418
-0.100878
-0.093107
-0.101140
-0.103054
-0.104498
-0.104948
-0.104793
-0.104624
-0.104892
-0.104876
-0.104747
-0.104912
-0.104979
-0.104814
-0.104920
-0.105030
-0.104884
-0.104926
-0.105061
-0.104905
-0.104914
-0.105064
-0.104908
-0.104779
-0.104864
-0.104046
-0.103772
-0.104568
-0.103917
-0.102760
-0.104925
-0.104590
-0.104969
-0.105038
-0.105003
-0.105101
-0.105133
-0.105018
-0.105094
-0.105164
-0.105069
-0.105096
-0.105176
-0.105092
-0.105093
-0.105185
-0.105117
-0.105075
-0.105178
-0.105132
-0.105056
-0.105145
-0.105120
-0.104700
-0.104826
-0.104734
-0.104619
-0.104495
-0.105220
-0.104885
-0.104807
-0.104721
-0.105302
-0.105281
-0.105228
-0.105255
-0.105294
-0.105193
-0.105227
-0.105295
-0.105203
-0.105213
-0.093994
1.432383
0.268971
-0.005720
-0.072968
-0.094374
-0.103641
-0.100304
-0.099541
-0.103919
-0.102013
-0.100677
-0.103614
-0.102880
-0.101104
-0.103260
-0.103589
-0.101381
-0.102822
-0.103979
-0.101625
-0.102262
-0.103016
-0.101210
-0.104011
-0.098841
-0.085779
-0.074421
-0.096736
-0.070407
-0.096573
-0.088648
-0.098121
-0.103469
-0.099714
-0.100530
-0.103414
-0.101278
-0.100995
-0.103100
-0.102093
-0.101239
-0.102829
-0.102607
-0.101387
-0.102563
-0.103003
-0.101410
-0.102213
-0.103390
-0.101186
-0.101470
-0.103531
-0.099524
-0.099411
-0.099050
-0.104486
-0.100934
-0.101100
-0.098335
-0.103531
-0.101578
-0.101268
-0.103206
-0.102561
-0.101690
-0.102811
-0.102821
-0.101907
-0.102584
-0.102970
-0.102015
-0.102364
-0.103059
-0.102086
-0.102091
-0.103103
-0.102129
-0.101630
-0.103116
-0.102149
-0.100335
-0.101553
-0.101510
-0.102665
-0.103147
-0.102870
-0.103195
-0.102632
-0.101448
-0.103654
-0.103141
-0.102068
-0.103180
-0.103347
-0.102286
-0.102821
-0.103388
-0.102452
-0.102614
