-2.251030
1.765318
0.104185
-8.226408
-0.104583
-0.104576
-0.006831
1.135725
5.736826
-3.899345
-0.104576
-0.104565
2.214579
1.423972
5.911514
-4.740441
-0.104584
-0.104563
-0.268242
2.212212
5.793638
-6.212386
-0.104581
-0.104577
-0.121591
5.244400
10.077997
-9.500732
-0.104580
-0.104581
-0.054191
1.394010
3.262926
-3.436151
-0.104580
-0.104579
8.938719
-0.103757
8.940113
8.937637
-0.104578
-0.104583
8.413973
3.047363
14.223104
3.657420
-0.104579
-0.104582
2.037601
0.564989
0.410215
0.461307
0.133133
0.069446
0.294770
0.146545
0.103927
0.011333
0.150932
0.062144
0.049184
0.135822
-0.100572
0.062366
0.057731
-0.086200
0.029320
0.038180
-0.072557
0.013492
0.006521
-0.086422
-0.009057
-0.054828
-0.060094
-0.050320
-0.061053
-0.085961
-0.041820
-0.070839
-0.066973
-0.040394
-0.085741
-0.057103
-0.055236
-0.096899
-0.067601
-0.062909
-0.092503
-0.077153
-0.065588
-0.098149
-0.071547
-0.090063
-0.089592
-0.087047
-0.084928
-0.092104
-0.095098
-0.089511
-0.092429
-0.100109
-0.100019
-0.103846
-0.100949
-0.096847
-0.098042
-0.101682
-0.093215
-0.090894
-0.098638
-0.097058
-0.096462
-0.093651
-0.102973
-0.092201
-0.098017
-0.095265
-0.095335
-0.100026
-0.097871
-0.094741
-0.099124
-0.098291
-0.095316
-0.100498
-0.097792
-0.098692
-0.103105
-0.098495
-0.099726
-0.099998
-0.098348
-0.096375
-0.102675
-0.096232
-0.101360
-0.099860
-0.096006
-0.101591
-0.102157
-0.096595
-0.099667
-0.101464
-0.098874
-0.100079
-0.102531
-0.102555
-0.007071
0.257983
0.288606
0.122873
-0.037340
0.059015
-0.023796
-0.014926
0.011521
0.000999
0.161418
0.051384
0.129499
0.117371
0.000811
0.089375
0.050072
0.008257
0.028312
-0.048739
-0.016476
-0.040501
-0.027286
-0.009155
-0.065174
-0.056972
-0.088146
-0.080770
-0.092196
-0.076873
-0.083122
-0.067556
-0.055655
-0.068281
-0.068853
-0.074803
-0.083224
-0.063315
-0.081346
-0.062561
-0.076705
-0.075532
-0.067609
-0.084777
-0.074421
-0.082998
-0.095655
-0.095236
-0.102654
-0.097100
-0.101903
-0.099240
-0.097749
-0.099818
-0.103055
-0.103387
-0.100910
-0.101275
-0.101349
-0.100117
-0.098917
-0.104114
-0.101327
-0.102601
-0.096778
-0.096419
-0.095526
-0.090585
-0.097448
-0.093634
-0.093722
-0.097743
-0.093241
-0.100589
-0.096783
-0.099729
-0.097740
-0.096222
-0.098671
-0.097361
-0.100273
-0.102146
-0.102190
-0.103499
-0.100845
-0.101727
-0.099097
-0.099565
-0.098730
-0.098917
-0.102323
-0.099918
-0.099233
-0.098392
-0.098805
-0.101229
-0.097172
-0.099571
-0.100595
-0.096330
2.213727
0.225706
0.216437
0.017822
0.389858
0.343164
0.176237
0.262820
0.224248
0.102924
0.035395
0.103827
-0.032859
-0.027204
0.001282
-0.083577
-0.026993
-0.026301
-0.087886
-0.050924
-0.040893
-0.086778
-0.071253
-0.052073
-0.087798
-0.069885
-0.064851
-0.081944
-0.071052
-0.074438
-0.089373
-0.077239
-0.078355
-0.098533
-0.083593
-0.079291
-0.100005
-0.082861
-0.079301
-0.099958
-0.085454
-0.087704
-0.098746
-0.082137
-0.086722
-0.092642
-0.078782
-0.082032
-0.086116
-0.085522
-0.080064
-0.093507
-0.098910
-0.097892
-0.102888
-0.104335
-0.102394
-0.102990
-0.096556
-0.092675
-0.097990
-0.088794
-0.089364
-0.094265
-0.098165
-0.093761
-0.096216
-0.102560
-0.097427
-0.099697
-0.101278
-0.097435
-0.102052
-0.099908
-0.097744
-0.102283
-0.101249
-0.100444
-0.103218
-0.101102
-0.101841
-0.101242
-0.100235
-0.102305
-0.099076
-0.099675
-0.101426
-0.100936
-0.101993
-0.100574
-0.102510
-0.102325
-0.099441
-0.100480
-0.102091
-0.097173
-0.099353
-0.101189
-0.098287
-0.100529
0.057335
0.617749
0.714442
0.067337
0.490340
0.494732
0.129799
0.324397
0.235809
0.100671
0.314580
0.122466
0.061192
0.114365
-0.019335
-0.027258
-0.002899
-0.082147
-0.071862
-0.053514
-0.091003
-0.074244
-0.080799
-0.096171
-0.089382
-0.100952
-0.100330
-0.097010
-0.100217
-0.099994
-0.100751
-0.097394
-0.097615
-0.095411
-0.101518
-0.090662
-0.091240
-0.101959
-0.091714
-0.089330
-0.098116
-0.081186
-0.083656
-0.094700
-0.074591
-0.081429
-0.089347
-0.084248
-0.094446
-0.091924
-0.090959
-0.101470
-0.098240
-0.099201
-0.102854
-0.104331
-0.102548
-0.101405
-0.100272
-0.097049
-0.099411
-0.096935
-0.095347
-0.100321
-0.093454
-0.093348
-0.098621
-0.094362
-0.098755
-0.102098
-0.098646
-0.101054
-0.103244
-0.102396
-0.102793
-0.103382
-0.102764
-0.103737
-0.103184
-0.102052
-0.103616
-0.102463
-0.102488
-0.103087
-0.102558
-0.104226
-0.103568
-0.103616
-0.104266
-0.103781
-0.102405
-0.103869
-0.104198
-0.103290
-0.103769
-0.102866
-0.103629
-0.103823
-0.103105
-0.101634
-0.089619
2.079807
2.597029
0.611826
0.787160
0.629143
0.007865
0.288915
0.164823
0.004576
0.025584
-0.005792
-0.013450
-0.047282
-0.052167
-0.064550
-0.065855
-0.054708
-0.089815
-0.067507
-0.043178
-0.080669
-0.059800
-0.060510
-0.083850
-0.065828
-0.077526
-0.076373
-0.081918
-0.079176
-0.085300
-0.086629
-0.081413
-0.098340
-0.086326
-0.090352
-0.101749
-0.095025
-0.097281
-0.099846
-0.098021
-0.101917
-0.095796
-0.099004
-0.097543
-0.096307
-0.096589
-0.093397
-0.099945
-0.094499
-0.087479
-0.101629
-0.085508
-0.089702
-0.099960
-0.098233
-0.092278
-0.092476
-0.098380
-0.090848
-0.100811
-0.097743
-0.097531
-0.101976
-0.101378
-0.101643
-0.100965
-0.101321
-0.103668
-0.101879
-0.103405
-0.102961
-0.103121
-0.103581
-0.101940
-0.102614
-0.102847
-0.101199
-0.103663
-0.101852
-0.101653
-0.103373
-0.102751
-0.102550
-0.103066
-0.104082
-0.102227
-0.102777
-0.102586
-0.102557
-0.103397
-0.101732
-0.102786
-0.100834
-0.101783
-0.103367
-0.101284
-0.102682
-0.103028
-0.101839
-0.053379
0.390334
0.626172
0.403071
0.110921
-0.033081
-0.056644
-0.046969
-0.071605
-0.071423
-0.068765
-0.096085
-0.075005
-0.093354
-0.064350
-0.060431
-0.044537
-0.051788
-0.057174
-0.059094
-0.069063
-0.074089
-0.087396
-0.087346
-0.098040
-0.094326
-0.100212
-0.099160
-0.102671
-0.098600
-0.100817
-0.097726
-0.095796
-0.097360
-0.091637
-0.094891
-0.089185
-0.093546
-0.090546
-0.095197
-0.095259
-0.098118
-0.100635
-0.100245
-0.101898
-0.103020
-0.101421
-0.102441
-0.102034
-0.103132
-0.102168
-0.097746
-0.098209
-0.100416
-0.101461
-0.101484
-0.099966
-0.098018
-0.098646
-0.101489
-0.102962
-0.103789
-0.104153
-0.104497
-0.103913
-0.102973
-0.103150
-0.103494
-0.103867
-0.102966
-0.102063
-0.101396
-0.102474
-0.101729
-0.102403
-0.102053
-0.103451
-0.103220
-0.103572
-0.103621
-0.103787
-0.104304
-0.103790
-0.104240
-0.104043
-0.103999
-0.103036
-0.104329
-0.102608
-0.102854
-0.103675
-0.103637
-0.102005
-0.102475
-0.103141
-0.102608
-0.103594
-0.104014
-0.104241
-0.104314
-2.772986
0.178427
-2.267752
-3.260258
-0.104580
-0.104582
0.212937
0.320444
0.992072
-0.224531
-0.104578
-0.104583
0.074484
0.130569
0.467598
-0.248128
-0.104579
-0.104583
-0.353032
1.577856
2.043476
-3.608067
-0.104581
-0.104581
0.010802
0.672452
1.057065
-1.345729
-0.104580
-0.104583
-0.121321
2.717423
4.042985
-3.425611
-0.104579
-0.104583
5.993544
0.603431
7.363014
4.679373
-0.104580
-0.104581
2.566350
0.017847
0.039388
-0.052396
-0.062531
-0.101016
-0.101787
-0.103190
-0.104157
-0.103128
-0.102080
-0.103397
-0.102059
-0.103755
-0.102938
-0.103297
-0.102842
-0.103370
-0.103648
-0.104026
-0.104260
-0.103992
-0.104073
-0.103187
-0.097062
-0.099286
-0.099180
-0.099285
-0.101482
-0.103625
-0.098584
-0.100974
-0.102838
-0.103973
-0.103961
-0.104378
-0.104199
-0.104443
-0.104014
-0.104343
-0.104475
-0.104527
-0.104224
-0.104132
-0.104457
-0.104495
-0.104268
-0.104491
-0.104505
-0.104360
-0.104262
-0.103703
-0.103051
-0.103175
-0.104286
-0.103451
-0.103367
-0.103380
-0.103574
-0.103846
-0.104214
-0.104405
-0.104433
-0.104505
-0.104390
-0.104418
-0.104438
-0.104453
-0.104452
-0.104442
-0.104435
-0.104459
-0.104451
-0.104456
-0.104453
-0.104513
-0.104483
-0.104363
-0.104433
-0.103974
-0.104019
-0.104027
-0.104220
-0.104403
-0.104236
-0.103838
-0.104114
-0.104232
-0.104364
-0.104309
-0.104244
-0.104291
-0.104383
-0.104373
-0.104507
-0.104430
-0.104462
-0.104466
-0.104482
-0.104491
0.214384
0.177477
-0.009957
-0.077375
-0.081375
-0.095182
-0.102022
-0.103484
-0.103829
-0.101850
-0.104315
-0.102122
-0.103959
-0.103364
-0.103372
-0.103760
-0.102788
-0.104207
-0.103544
-0.102808
-0.103069
-0.103185
-0.103457
-0.099972
-0.099800
-0.102718
-0.103219
-0.099262
-0.101446
-0.100356
-0.099119
-0.102349
-0.101860
-0.103972
-0.103608
-0.103809
-0.103935
-0.104017
-0.104221
-0.103975
-0.104182
-0.104221
-0.104153
-0.104288
-0.104091
-0.104308
-0.104263
-0.104236
-0.104184
-0.104217
-0.104328
-0.103530
-0.102888
-0.103803
-0.103267
-0.104474
-0.103319
-0.103748
-0.103842
-0.104434
-0.104113
-0.104458
-0.104407
-0.104420
-0.104522
-0.104401
-0.104525
-0.104523
-0.104545
-0.104546
-0.104543
-0.104528
-0.104506
-0.104529
-0.104499
-0.104520
-0.104552
-0.104516
-0.104419
-0.104201
-0.104056
-0.104342
-0.104067
-0.104259
-0.104068
-0.103873
-0.104568
-0.104220
-0.104551
-0.104400
-0.104544
-0.104396
-0.104477
-0.104272
-0.104453
-0.104512
-0.104527
-0.104546
-0.104519
-0.104532
0.074696
0.046642
-0.042528
-0.084398
-0.092545
-0.096702
-0.098696
-0.101677
-0.101650
-0.101300
-0.101545
-0.102072
-0.102227
-0.101526
-0.102941
-0.102508
-0.102373
-0.102760
-0.103520
-0.103293
-0.102627
-0.103135
-0.103623
-0.102669
-0.103401
-0.100842
-0.102997
-0.101549
-0.103324
-0.102458
-0.101362
-0.104015
-0.103754
-0.103734
-0.103799
-0.103991
-0.103894
-0.103846
-0.103907
-0.103888
-0.103836
-0.103942
-0.103967
-0.103990
-0.103933
-0.104028
-0.104069
-0.103926
-0.103904
-0.103992
-0.103935
-0.103619
-0.104168
-0.103444
-0.103574
-0.104324
-0.103690
-0.104080
-0.104327
-0.104069
-0.104076
-0.104238
-0.104316
-0.104180
-0.104154
-0.104230
-0.104251
-0.104172
-0.104163
-0.104289
-0.104198
-0.104157
-0.104228
-0.104271
-0.104171
-0.104126
-0.104260
-0.104272
-0.104111
-0.104149
-0.104199
-0.104363
-0.104230
-0.104364
-0.104353
-0.104270
-0.104276
-0.104249
-0.104245
-0.104255
-0.104327
-0.104170
-0.104250
-0.104358
-0.104150
-0.104186
-0.104290
-0.104239
-0.104195
-0.104227
0.151657
0.891244
0.513922
0.071958
-0.038637
-0.088214
-0.092746
-0.095803
-0.097222
-0.098396
-0.098226
-0.098550
-0.099214
-0.099374
-0.099151
-0.099502
-0.099743
-0.099277
-0.099167
-0.099439
-0.098858
-0.097462
-0.098907
-0.089511
-0.090362
-0.081673
-0.088711
-0.073996
-0.094632
-0.098031
-0.077188
-0.096747
-0.094690
-0.101193
-0.101594
-0.101501
-0.101843
-0.102416
-0.102566
-0.102519
-0.102810
-0.102916
-0.102773
-0.102881
-0.103047
-0.102884
-0.102782
-0.102973
-0.102923
-0.102300
-0.102879
-0.100963
-0.098134
-0.097275
-0.100096
-0.099298
-0.100511
-0.100516
-0.100759
-0.103766
-0.103411
-0.103964
-0.104151
-0.104298
-0.104244
-0.104439
-0.104098
-0.104213
-0.104117
-0.103995
-0.104073
-0.104097
-0.103967
-0.103927
-0.104040
-0.103993
-0.103758
-0.103854
-0.103777
-0.103378
-0.102973
-0.102223
-0.101612
-0.103555
-0.103582
-0.102094
-0.103634
-0.102922
-0.103666
-0.103978
-0.103637
-0.104367
-0.103494
-0.103298
-0.103759
-0.104114
-0.103852
-0.103933
-0.104060
-0.104004
0.008993
0.413562
0.067788
-0.075628
-0.084352
-0.090665
-0.095220
-0.097218
-0.098007
-0.098468
-0.099503
-0.100358
-0.100339
-0.100632
-0.101320
-0.101615
-0.101573
-0.101764
-0.102396
-0.102444
-0.102307
-0.102709
-0.103288
-0.103267
-0.102481
-0.098028
-0.091202
-0.095942
-0.102165
-0.088946
-0.100220
-0.101685
-0.101781
-0.102224
-0.102674
-0.102535
-0.102476
-0.102707
-0.102889
-0.102810
-0.102787
-0.102994
-0.103083
-0.102974
-0.103021
-0.103214
-0.103209
-0.103108
-0.103219
-0.103406
-0.103268
-0.103134
-0.103275
-0.101362
-0.102952
-0.102326
-0.103078
-0.101699
-0.102841
-0.102915
-0.103089
-0.103159
-0.103302
-0.103217
-0.103108
-0.103464
-0.103427
-0.103351
-0.103424
-0.103528
-0.103468
-0.103442
-0.103530
-0.103588
-0.103511
-0.103508
-0.103645
-0.103650
-0.103560
-0.103667
-0.104105
-0.102458
-0.102897
-0.103046
-0.102244
-0.103887
-0.103523
-0.103450
-0.103392
-0.103954
-0.103273
-0.103877
-0.103390
-0.103574
-0.103504
-0.103540
-0.103647
-0.103622
-0.103546
-0.103592
-0.099934
1.869788
0.131466
0.008775
-0.049999
-0.083083
-0.091599
-0.093089
-0.094586
-0.096474
-0.096682
-0.097031
-0.098127
-0.098533
-0.098174
-0.098629
-0.099181
-0.098742
-0.098522
-0.099057
-0.098689
-0.097467
-0.097840
-0.095336
-0.099389
-0.080718
-0.090845
-0.057569
-0.087369
-0.069531
-0.091535
-0.098055
-0.097960
-0.099999
-0.101477
-0.101375
-0.101604
-0.102403
-0.102296
-0.102234
-0.102613
-0.102705
-0.102448
-0.102604
-0.102824
-0.102559
-0.102452
-0.102688
-0.102527
-0.102004
-0.102213
-0.101242
-0.101869
-0.096215
-0.095821
-0.097233
-0.096504
-0.101006
-0.103855
-0.103314
-0.104309
-0.104143
-0.103849
-0.104115
-0.104454
-0.103901
-0.103963
-0.104018
-0.103961
-0.103772
-0.103870
-0.103928
-0.103764
-0.103699
-0.103845
-0.103810
-0.103586
-0.103742
-0.103756
-0.103939
-0.102481
-0.102533
-0.100089
-0.102973
-0.101326
-0.103779
-0.104215
-0.103743
-0.103042
-0.103481
-0.103253
-0.103601
-0.102940
-0.103740
-0.103657
-0.103898
-0.103717
-0.103736
-0.103893
-0.103834
