-2.242692
1.772443
0.864358
-8.967280
-0.106291
-0.106281
0.048809
1.134551
5.413358
-2.930727
-0.106282
-0.106274
2.213133
1.458253
6.403090
-4.662201
-0.106291
-0.106271
-0.442889
2.268515
6.445222
-5.405463
-0.106286
-0.106286
0.077422
5.298435
10.128809
-9.233005
-0.106287
-0.106288
-0.175012
1.351315
2.915550
-3.125534
-0.106287
-0.106287
8.772880
-0.105914
8.773569
8.771877
-0.106287
-0.106286
8.743361
3.319778
15.005958
3.995970
-0.106286
-0.106289
2.024738
0.568576
0.321010
0.481015
0.362496
0.019601
0.253070
0.156040
0.102003
0.031112
-0.015299
0.118601
0.002580
0.014981
0.098282
-0.002306
-0.009624
0.037382
0.059503
-0.028675
0.032298
0.032852
-0.091067
-0.007484
-0.047653
-0.087254
-0.067442
-0.097903
-0.081586
-0.083765
-0.074740
-0.082204
-0.047428
-0.081874
-0.062180
-0.055108
-0.072886
-0.080737
-0.062791
-0.064838
-0.098229
-0.063045
-0.075725
-0.099068
-0.081461
-0.093357
-0.099716
-0.096016
-0.088493
-0.088629
-0.102524
-0.094068
-0.093206
-0.097057
-0.099479
-0.102737
-0.104220
-0.102386
-0.096618
-0.093857
-0.100218
-0.097693
-0.098948
-0.096692
-0.098034
-0.103799
-0.096954
-0.099538
-0.102771
-0.098614
-0.096109
-0.100450
-0.098990
-0.089929
-0.100057
-0.096784
-0.093403
-0.103063
-0.099313
-0.099890
-0.103963
-0.103204
-0.102712
-0.102271
-0.104064
-0.101573
-0.105432
-0.101304
-0.100498
-0.103827
-0.100139
-0.100249
-0.104617
-0.100384
-0.099831
-0.104884
-0.100297
-0.101668
-0.105226
-0.104600
0.047130
0.286796
0.255661
0.104799
-0.004535
0.038083
0.028019
-0.022568
0.103086
0.051763
0.139877
0.155712
0.046720
0.115022
0.104053
-0.050079
0.015572
-0.030839
-0.080908
-0.042589
-0.070999
-0.073640
-0.033579
-0.049641
-0.052361
-0.041198
-0.066293
-0.069761
-0.069272
-0.086220
-0.076336
-0.082963
-0.103823
-0.088334
-0.074006
-0.089893
-0.076344
-0.075343
-0.088784
-0.066160
-0.080197
-0.073066
-0.062761
-0.083126
-0.082501
-0.079725
-0.099014
-0.097454
-0.100151
-0.102473
-0.104283
-0.104388
-0.104745
-0.102031
-0.101317
-0.104614
-0.105311
-0.102989
-0.101286
-0.103180
-0.102674
-0.101226
-0.103556
-0.099773
-0.098699
-0.097877
-0.095820
-0.097962
-0.099909
-0.095727
-0.098879
-0.102574
-0.098972
-0.101961
-0.101562
-0.099405
-0.100197
-0.098717
-0.097881
-0.099710
-0.099998
-0.101386
-0.103360
-0.103825
-0.106196
-0.104395
-0.104642
-0.103001
-0.104507
-0.100075
-0.100628
-0.101376
-0.099680
-0.102167
-0.100805
-0.101010
-0.102256
-0.099479
-0.101905
-0.102552
2.211683
0.264699
0.316144
0.004454
0.294827
0.405678
0.247540
0.155377
0.159522
0.202974
0.074861
-0.054200
0.027737
-0.019228
-0.096608
-0.036160
-0.023698
-0.059536
-0.067240
-0.023513
-0.048986
-0.074568
-0.036121
-0.070473
-0.084126
-0.074162
-0.090410
-0.099135
-0.090257
-0.087998
-0.077242
-0.075580
-0.091002
-0.072818
-0.084300
-0.098173
-0.085694
-0.085361
-0.098539
-0.093379
-0.086521
-0.093611
-0.096103
-0.085278
-0.095045
-0.093075
-0.084142
-0.083336
-0.088750
-0.095173
-0.084044
-0.088098
-0.100853
-0.102203
-0.103360
-0.102627
-0.103548
-0.100305
-0.104519
-0.099005
-0.094364
-0.093862
-0.096053
-0.099658
-0.092302
-0.094303
-0.104105
-0.100537
-0.099611
-0.102785
-0.104019
-0.099441
-0.101669
-0.103444
-0.099261
-0.100557
-0.103492
-0.100217
-0.103005
-0.104522
-0.102256
-0.101011
-0.103939
-0.103193
-0.100879
-0.101789
-0.103088
-0.104223
-0.104078
-0.103273
-0.103494
-0.106071
-0.102342
-0.101094
-0.102522
-0.105670
-0.102283
-0.101929
-0.104733
-0.106026
0.228893
0.603914
0.867160
0.230772
0.293949
0.431287
0.217566
0.191864
0.388789
0.193515
0.184639
0.206628
0.034783
-0.049271
0.024186
0.020031
-0.057232
-0.030881
-0.028645
-0.078664
-0.080095
-0.073753
-0.080916
-0.093852
-0.087848
-0.096292
-0.100572
-0.102312
-0.098263
-0.099316
-0.099149
-0.096336
-0.098676
-0.101731
-0.096773
-0.093764
-0.099806
-0.089869
-0.089414
-0.101204
-0.096861
-0.087746
-0.087067
-0.095926
-0.080881
-0.078762
-0.095519
-0.088439
-0.092555
-0.101153
-0.095321
-0.093140
-0.098336
-0.098765
-0.101068
-0.105689
-0.103578
-0.102732
-0.102220
-0.104430
-0.097494
-0.096226
-0.098165
-0.094311
-0.097182
-0.100877
-0.098370
-0.099011
-0.103975
-0.101861
-0.099105
-0.102705
-0.103571
-0.102919
-0.105118
-0.106100
-0.105081
-0.104862
-0.105120
-0.105016
-0.106031
-0.104601
-0.104959
-0.105487
-0.104843
-0.105184
-0.105794
-0.105862
-0.106030
-0.105655
-0.105053
-0.104267
-0.103944
-0.103083
-0.103679
-0.104600
-0.104496
-0.104149
-0.104648
-0.103654
0.077712
1.744284
2.749808
1.147670
0.475698
0.725348
0.233233
0.019352
0.117076
0.181740
0.057484
-0.026713
-0.006627
-0.009612
-0.033418
-0.051940
-0.052360
-0.090554
-0.063318
-0.061080
-0.097820
-0.067802
-0.054943
-0.078677
-0.069482
-0.061590
-0.083034
-0.076863
-0.072598
-0.089125
-0.083089
-0.081154
-0.096430
-0.091228
-0.087960
-0.099320
-0.097782
-0.094819
-0.102439
-0.098146
-0.098044
-0.101195
-0.097474
-0.097575
-0.102243
-0.099298
-0.095754
-0.094140
-0.095350
-0.101236
-0.086721
-0.093016
-0.099186
-0.093188
-0.097272
-0.095794
-0.101247
-0.087283
-0.094304
-0.103376
-0.099102
-0.099381
-0.101098
-0.103988
-0.099069
-0.100822
-0.103535
-0.104074
-0.103628
-0.103124
-0.105508
-0.104857
-0.104633
-0.105776
-0.104431
-0.104585
-0.105042
-0.103688
-0.103927
-0.104410
-0.104585
-0.105238
-0.104701
-0.104899
-0.105697
-0.104954
-0.104721
-0.105895
-0.102759
-0.104098
-0.104468
-0.103822
-0.104241
-0.105717
-0.103862
-0.103096
-0.105814
-0.103613
-0.103756
-0.105182
-0.037677
0.356880
0.655350
0.360810
0.034870
-0.041550
-0.079594
-0.047774
-0.067359
-0.098359
-0.078516
-0.077337
-0.077989
-0.076993
-0.079994
-0.041808
-0.066497
-0.062417
-0.069354
-0.088762
-0.092447
-0.102059
-0.100608
-0.101491
-0.103076
-0.101491
-0.103314
-0.105050
-0.104558
-0.105621
-0.104215
-0.104256
-0.106155
-0.102751
-0.103640
-0.099971
-0.100393
-0.096825
-0.097226
-0.099767
-0.098513
-0.101930
-0.100191
-0.101890
-0.102099
-0.102906
-0.105371
-0.103642
-0.103055
-0.104458
-0.102674
-0.102106
-0.100220
-0.101107
-0.103860
-0.103692
-0.104569
-0.101092
-0.101663
-0.104277
-0.104258
-0.105184
-0.103940
-0.104931
-0.105070
-0.105351
-0.105599
-0.105300
-0.104524
-0.104750
-0.103186
-0.104389
-0.104289
-0.104830
-0.105468
-0.105602
-0.105821
-0.105724
-0.105789
-0.105828
-0.105998
-0.106132
-0.106067
-0.105651
-0.105970
-0.105572
-0.105427
-0.105625
-0.105973
-0.105445
-0.105769
-0.105824
-0.104974
-0.104707
-0.105545
-0.105981
-0.105204
-0.104361
-0.105174
-0.105192
-2.664863
0.199313
-2.195828
-3.246522
-0.106287
-0.106289
0.203967
0.302579
0.888948
-0.270027
-0.106286
-0.106290
0.154867
0.134561
0.545255
-0.177035
-0.106286
-0.106290
-0.244165
1.523677
1.872626
-3.399710
-0.106288
-0.106289
-0.082535
0.685290
1.005685
-1.478683
-0.106288
-0.106289
-0.141200
2.386578
3.500319
-3.074716
-0.106286
-0.106290
5.786664
0.602772
6.862174
4.397088
-0.106288
-0.106288
2.453201
-0.003176
0.072403
-0.075305
-0.054372
-0.102689
-0.102051
-0.105376
-0.103806
-0.105035
-0.103697
-0.104635
-0.104668
-0.104680
-0.104670
-0.105453
-0.105860
-0.104990
-0.105591
-0.105632
-0.105555
-0.105630
-0.105752
-0.106055
-0.098649
-0.103220
-0.097062
-0.103447
-0.105982
-0.103761
-0.098198
-0.104644
-0.102849
-0.105615
-0.105635
-0.105919
-0.105890
-0.105967
-0.105820
-0.106048
-0.105862
-0.105970
-0.105899
-0.106181
-0.106123
-0.106011
-0.106228
-0.106042
-0.106126
-0.106002
-0.106088
-0.106076
-0.104439
-0.105571
-0.104544
-0.105591
-0.106045
-0.105620
-0.104251
-0.105955
-0.105483
-0.106102
-0.106051
-0.106169
-0.106016
-0.106144
-0.106143
-0.106244
-0.106121
-0.106137
-0.106130
-0.106247
-0.106171
-0.106160
-0.106224
-0.106183
-0.106167
-0.106169
-0.106126
-0.106149
-0.105453
-0.106041
-0.105681
-0.105983
-0.106074
-0.105965
-0.105145
-0.106195
-0.105957
-0.106219
-0.106082
-0.106189
-0.105796
-0.106198
-0.106172
-0.106234
-0.106145
-0.106190
-0.106201
-0.106189
0.206755
0.175829
-0.052765
-0.071830
-0.101992
-0.099956
-0.102473
-0.103260
-0.102559
-0.103225
-0.103768
-0.103757
-0.105794
-0.105434
-0.105063
-0.104464
-0.104544
-0.104841
-0.105126
-0.105425
-0.105115
-0.105359
-0.105326
-0.103717
-0.104509
-0.102550
-0.103512
-0.099084
-0.105398
-0.099329
-0.103336
-0.105371
-0.105403
-0.105344
-0.105554
-0.105652
-0.105740
-0.105626
-0.105740
-0.105769
-0.105582
-0.105670
-0.105663
-0.105640
-0.105599
-0.105812
-0.105762
-0.105780
-0.105865
-0.105800
-0.105865
-0.105614
-0.105972
-0.105892
-0.105093
-0.104048
-0.105619
-0.105066
-0.105794
-0.105816
-0.105723
-0.105634
-0.105822
-0.105878
-0.105890
-0.105875
-0.105890
-0.105904
-0.105841
-0.105859
-0.105864
-0.105933
-0.105925
-0.105894
-0.105904
-0.105882
-0.105883
-0.105871
-0.105883
-0.106067
-0.105916
-0.105736
-0.105754
-0.105303
-0.105886
-0.105824
-0.105984
-0.105619
-0.106061
-0.106202
-0.106103
-0.105756
-0.105860
-0.105929
-0.105926
-0.105948
-0.105968
-0.105970
-0.105970
-0.105950
0.156268
0.060823
-0.076127
-0.100792
-0.099570
-0.099755
-0.102694
-0.105025
-0.105553
-0.103452
-0.103847
-0.105310
-0.104461
-0.106242
-0.104927
-0.105637
-0.105526
-0.105660
-0.104714
-0.104761
-0.105482
-0.105666
-0.105646
-0.104621
-0.105369
-0.105460
-0.105093
-0.101467
-0.105565
-0.102314
-0.104244
-0.105412
-0.105476
-0.105592
-0.105705
-0.105912
-0.105852
-0.106156
-0.105997
-0.105976
-0.106110
-0.105888
-0.106113
-0.105981
-0.106031
-0.106078
-0.106184
-0.106249
-0.106141
-0.106080
-0.106118
-0.106031
-0.106092
-0.106050
-0.105852
-0.104878
-0.106048
-0.105479
-0.105822
-0.105939
-0.106039
-0.105896
-0.106076
-0.106103
-0.106047
-0.106049
-0.105994
-0.106062
-0.106119
-0.106018
-0.106125
-0.106062
-0.106052
-0.106079
-0.106074
-0.106095
-0.106074
-0.106089
-0.106033
-0.106151
-0.105975
-0.106050
-0.106095
-0.105724
-0.106162
-0.106193
-0.106265
-0.106128
-0.106220
-0.106164
-0.106204
-0.106137
-0.106101
-0.106137
-0.106109
-0.106172
-0.106102
-0.106140
-0.106118
-0.106156
0.026495
0.947618
0.309205
0.087067
-0.097523
-0.095858
-0.101981
-0.096748
-0.102089
-0.099778
-0.101657
-0.102662
-0.101331
-0.104758
-0.101918
-0.104268
-0.103263
-0.103277
-0.105070
-0.102969
-0.105382
-0.103576
-0.103746
-0.099990
-0.099304
-0.089477
-0.086368
-0.079911
-0.103703
-0.078497
-0.085267
-0.096882
-0.101192
-0.104808
-0.102557
-0.103876
-0.104217
-0.103480
-0.105156
-0.103605
-0.105049
-0.104155
-0.104488
-0.104890
-0.104138
-0.105475
-0.104126
-0.105251
-0.104424
-0.104534
-0.105066
-0.103448
-0.104916
-0.103591
-0.101082
-0.100302
-0.104208
-0.099369
-0.102106
-0.102677
-0.104033
-0.104887
-0.104195
-0.105832
-0.104810
-0.105110
-0.105080
-0.104920
-0.105448
-0.104806
-0.105502
-0.104909
-0.105234
-0.105179
-0.104909
-0.105504
-0.104674
-0.105448
-0.104670
-0.105191
-0.104382
-0.103665
-0.104405
-0.104802
-0.105022
-0.104324
-0.105560
-0.103755
-0.105913
-0.105798
-0.105827
-0.104833
-0.104841
-0.106078
-0.105256
-0.105860
-0.105440
-0.105504
-0.105704
-0.105338
-0.081500
0.400665
0.124952
-0.084980
-0.091822
-0.104788
-0.103778
-0.103609
-0.104776
-0.104321
-0.104837
-0.104950
-0.104696
-0.105432
-0.104969
-0.105319
-0.105437
-0.105252
-0.105799
-0.105264
-0.105690
-0.105648
-0.105296
-0.105375
-0.102813
-0.105101
-0.092712
-0.092408
-0.102205
-0.094715
-0.098144
-0.103714
-0.106235
-0.105610
-0.105522
-0.105861
-0.105716
-0.105694
-0.105900
-0.105677
-0.105917
-0.105785
-0.105815
-0.105933
-0.105762
-0.105983
-0.105792
-0.105885
-0.105945
-0.105757
-0.106100
-0.105510
-0.105508
-0.105476
-0.103636
-0.102790
-0.104892
-0.103656
-0.104663
-0.105162
-0.105914
-0.105753
-0.105972
-0.106115
-0.105774
-0.106019
-0.105910
-0.105952
-0.106006
-0.105904
-0.106031
-0.105935
-0.105975
-0.105998
-0.105915
-0.106051
-0.105910
-0.105968
-0.105996
-0.105772
-0.106067
-0.105511
-0.105028
-0.104971
-0.105550
-0.105504
-0.105260
-0.105703
-0.105593
-0.105967
-0.105655
-0.105900
-0.105843
-0.106141
-0.105994
-0.106138
-0.106013
-0.106058
-0.106078
-0.106008
-0.064488
1.635495
0.106788
-0.000962
-0.068171
-0.101775
-0.105187
-0.100897
-0.104253
-0.103166
-0.103024
-0.105263
-0.102853
-0.105441
-0.103689
-0.103983
-0.105096
-0.103317
-0.105634
-0.103460
-0.103832
-0.104606
-0.101779
-0.104806
-0.100571
-0.096952
-0.098702
-0.062005
-0.101047
-0.065131
-0.094525
-0.096857
-0.100754
-0.105089
-0.102872
-0.105226
-0.104070
-0.104505
-0.105220
-0.104335
-0.105942
-0.104588
-0.105415
-0.105081
-0.104956
-0.105739
-0.104750
-0.106116
-0.104775
-0.105467
-0.104854
-0.104499
-0.104606
-0.102591
-0.104872
-0.096700
-0.104828
-0.096811
-0.103712
-0.103104
-0.104775
-0.105335
-0.104829
-0.106001
-0.105086
-0.105676
-0.105406
-0.105371
-0.105810
-0.105242
-0.105937
-0.105299
-0.105615
-0.105544
-0.105281
-0.105889
-0.105067
-0.105799
-0.104996
-0.104970
-0.104988
-0.103826
-0.105517
-0.102970
-0.105927
-0.102765
-0.105394
-0.104192
-0.106110
-0.105247
-0.106185
-0.104994
-0.105566
-0.105694
-0.105548
-0.106179
-0.105737
-0.105937
-0.105980
-0.105783
