-1.338746
2.025991
1.244872
-7.861876
-0.118861
-0.118855
-0.018180
1.244875
5.176327
-2.356528
-0.118854
-0.118851
2.477425
1.791349
7.782212
-4.357167
-0.118860
-0.118848
-0.536594
1.915811
4.824421
-5.125111
-0.118857
-0.118856
-1.900223
4.881102
8.896012
-9.693721
-0.118858
-0.118860
-0.397942
1.474900
2.964184
-3.265464
-0.118858
-0.118859
10.545390
-0.118111
10.546398
10.544161
-0.118858
-0.118861
8.019389
3.004578
12.969140
2.585618
-0.118857
-0.118860
1.095227
0.899780
0.520190
0.281253
0.159213
0.333825
0.057654
0.200107
0.103173
0.140456
0.095538
0.004241
-0.022549
-0.024836
-0.004819
-0.019038
-0.042942
-0.033484
-0.079767
-0.035544
-0.071204
-0.068222
-0.052565
-0.073076
-0.090401
-0.050652
-0.110621
-0.068442
-0.088691
-0.108880
-0.063308
-0.106153
-0.074956
-0.109212
-0.093395
-0.103393
-0.100499
-0.108469
-0.108165
-0.110151
-0.116493
-0.106969
-0.105369
-0.113333
-0.105608
-0.105208
-0.110773
-0.106869
-0.110132
-0.102354
-0.113434
-0.107945
-0.111892
-0.117024
-0.104667
-0.117463
-0.109467
-0.111279
-0.111998
-0.110835
-0.109932
-0.114819
-0.109015
-0.113983
-0.110559
-0.112730
-0.109727
-0.114168
-0.112971
-0.111769
-0.113851
-0.111564
-0.113988
-0.114995
-0.115927
-0.114902
-0.115913
-0.116830
-0.117436
-0.116180
-0.117192
-0.115415
-0.117459
-0.117372
-0.115843
-0.117374
-0.116732
-0.117498
-0.116497
-0.116427
-0.117355
-0.116810
-0.117028
-0.117618
-0.115842
-0.117431
-0.116116
-0.116886
-0.116137
-0.116730
-0.018908
0.323007
0.191865
-0.057124
0.108172
-0.029958
0.063736
0.202905
0.174594
0.225431
0.141492
0.130752
0.011045
0.010351
-0.067218
-0.029527
-0.052688
-0.024449
-0.073498
-0.039444
-0.059533
-0.060853
-0.064406
-0.083250
-0.069208
-0.096396
-0.083863
-0.092622
-0.071597
-0.075139
-0.059665
-0.076255
-0.071363
-0.093656
-0.096556
-0.114570
-0.111645
-0.113320
-0.113624
-0.114108
-0.113454
-0.111026
-0.115881
-0.112383
-0.114494
-0.114476
-0.110991
-0.101790
-0.103689
-0.097543
-0.102951
-0.102247
-0.108849
-0.109614
-0.114469
-0.110114
-0.112919
-0.110209
-0.111471
-0.113204
-0.108895
-0.114489
-0.111613
-0.113408
-0.113010
-0.114425
-0.114321
-0.114818
-0.111428
-0.111665
-0.109528
-0.111028
-0.111310
-0.113741
-0.115392
-0.117835
-0.118664
-0.116775
-0.118431
-0.117063
-0.117145
-0.117344
-0.118413
-0.117440
-0.118470
-0.118646
-0.116612
-0.116237
-0.115397
-0.115614
-0.115593
-0.116460
-0.116801
-0.117666
-0.117695
-0.117603
-0.117606
-0.117591
-0.117333
-0.118337
2.475108
0.315639
0.268596
0.532991
0.566109
0.125740
0.396282
-0.026644
0.118844
-0.017187
0.004151
0.045059
0.004769
0.068486
-0.014247
0.017373
-0.061132
-0.016063
-0.070054
-0.030164
-0.067067
-0.049181
-0.077105
-0.062953
-0.089389
-0.058713
-0.089752
-0.057146
-0.100398
-0.076085
-0.099611
-0.088778
-0.096174
-0.084435
-0.088845
-0.097222
-0.083059
-0.110960
-0.102970
-0.112497
-0.112619
-0.111390
-0.116112
-0.095356
-0.110082
-0.096316
-0.103240
-0.106159
-0.105235
-0.106712
-0.104395
-0.113542
-0.099576
-0.116340
-0.102170
-0.115142
-0.108052
-0.114524
-0.110482
-0.111977
-0.113138
-0.110927
-0.114918
-0.111742
-0.114721
-0.110937
-0.112506
-0.110533
-0.111204
-0.111840
-0.111494
-0.110697
-0.112287
-0.108884
-0.115435
-0.108236
-0.114659
-0.111102
-0.113395
-0.114156
-0.114365
-0.114369
-0.113956
-0.111851
-0.115216
-0.110728
-0.114843
-0.111641
-0.113089
-0.112569
-0.113018
-0.113067
-0.113921
-0.113300
-0.115202
-0.113837
-0.115704
-0.114218
-0.115936
-0.114046
0.298469
0.638933
0.394255
0.437460
0.243627
0.246971
0.406711
0.256140
0.260943
-0.018281
0.031532
-0.048633
-0.043325
-0.044155
-0.066235
-0.036410
-0.077096
-0.047994
-0.074651
-0.081426
-0.097773
-0.077477
-0.110018
-0.074857
-0.099410
-0.084987
-0.100533
-0.089344
-0.102612
-0.094603
-0.099674
-0.097731
-0.090515
-0.082413
-0.095913
-0.097589
-0.113048
-0.104184
-0.109918
-0.110945
-0.110908
-0.110926
-0.109865
-0.112559
-0.106535
-0.112993
-0.101269
-0.106836
-0.103560
-0.110056
-0.110159
-0.112147
-0.108686
-0.111295
-0.108340
-0.111053
-0.107472
-0.112786
-0.108394
-0.112507
-0.110876
-0.111678
-0.110456
-0.112432
-0.109315
-0.112263
-0.110005
-0.111425
-0.110893
-0.111718
-0.113591
-0.110215
-0.114964
-0.109080
-0.114003
-0.112078
-0.114366
-0.111952
-0.114610
-0.112964
-0.113668
-0.112946
-0.114541
-0.112550
-0.113987
-0.113092
-0.113994
-0.112136
-0.114392
-0.112809
-0.113711
-0.113377
-0.112884
-0.113165
-0.112600
-0.113294
-0.112499
-0.113462
-0.112792
-0.113395
1.657641
2.512098
1.773978
0.491558
0.720664
0.042937
0.343849
0.194230
0.163232
0.133661
0.090656
0.111522
0.023945
0.085558
-0.016571
0.050023
-0.054808
0.019017
-0.060939
-0.008447
-0.060057
-0.024717
-0.060423
-0.034518
-0.059196
-0.040556
-0.063560
-0.046484
-0.062254
-0.057174
-0.059982
-0.063499
-0.067303
-0.065514
-0.078996
-0.072838
-0.084330
-0.073983
-0.091208
-0.086959
-0.090536
-0.092239
-0.082038
-0.094698
-0.084825
-0.089286
-0.083336
-0.087383
-0.085127
-0.085003
-0.085539
-0.086207
-0.084955
-0.088726
-0.085760
-0.090281
-0.087493
-0.091454
-0.088410
-0.092473
-0.089402
-0.093085
-0.089740
-0.093772
-0.090093
-0.093696
-0.090882
-0.093420
-0.091347
-0.092914
-0.092454
-0.092795
-0.093288
-0.093850
-0.095034
-0.093563
-0.097310
-0.094122
-0.099128
-0.095737
-0.098142
-0.096061
-0.099106
-0.096045
-0.098000
-0.096097
-0.096703
-0.096475
-0.096207
-0.096078
-0.096016
-0.096313
-0.095816
-0.096686
-0.095932
-0.096966
-0.096046
-0.097106
-0.096183
-0.097127
0.160498
0.556423
0.614758
0.168424
0.151726
0.119488
-0.090638
-0.068996
-0.014677
-0.065037
-0.040285
-0.037553
-0.059294
-0.067801
-0.071670
-0.096939
-0.089969
-0.088321
-0.103291
-0.084977
-0.100930
-0.089530
-0.097824
-0.096720
-0.097167
-0.098030
-0.104044
-0.094631
-0.112139
-0.094866
-0.110620
-0.098134
-0.107773
-0.098178
-0.103877
-0.096565
-0.103374
-0.105412
-0.111311
-0.107468
-0.106820
-0.104980
-0.102051
-0.105632
-0.106356
-0.110895
-0.106977
-0.109251
-0.105358
-0.109229
-0.105818
-0.110558
-0.106379
-0.110438
-0.108615
-0.109590
-0.109666
-0.109690
-0.109246
-0.109992
-0.108840
-0.110167
-0.109166
-0.110040
-0.110226
-0.109959
-0.110923
-0.110460
-0.110477
-0.110698
-0.110665
-0.109877
-0.110981
-0.109851
-0.109892
-0.110936
-0.111444
-0.111534
-0.111534
-0.110316
-0.110817
-0.110240
-0.111189
-0.111505
-0.111647
-0.111655
-0.110925
-0.110853
-0.111330
-0.111049
-0.111213
-0.111514
-0.111277
-0.111530
-0.111556
-0.111445
-0.111498
-0.111490
-0.111295
-0.111525
-2.570514
0.302226
-1.789196
-3.084573
-0.118856
-0.118860
1.009738
0.283062
1.530940
0.287146
-0.118858
-0.118861
0.075524
0.036595
0.288173
-0.214857
-0.118858
-0.118860
0.388859
1.736246
2.278697
-3.500232
-0.118860
-0.118858
0.063623
0.248491
0.738850
-0.535587
-0.118857
-0.118860
-0.882211
1.829931
3.081745
-2.750218
-0.118855
-0.118860
6.245874
0.690475
7.698724
5.297468
-0.118856
-0.118860
2.331824
0.145858
-0.013567
-0.064620
-0.084063
-0.097102
-0.099029
-0.105360
-0.106212
-0.107806
-0.108512
-0.108636
-0.110822
-0.110182
-0.111716
-0.110731
-0.111415
-0.107947
-0.116943
-0.100671
-0.111423
-0.106085
-0.117350
-0.113152
-0.116264
-0.116050
-0.116039
-0.115447
-0.115895
-0.115925
-0.116194
-0.116236
-0.116065
-0.116326
-0.116347
-0.116813
-0.116686
-0.117080
-0.115082
-0.116221
-0.116356
-0.117503
-0.114881
-0.116035
-0.115962
-0.116369
-0.116513
-0.116738
-0.116640
-0.116674
-0.116692
-0.116773
-0.116891
-0.116803
-0.116825
-0.116729
-0.116900
-0.116843
-0.117704
-0.116278
-0.117277
-0.116657
-0.118015
-0.117421
-0.117495
-0.117306
-0.117289
-0.117246
-0.117342
-0.117351
-0.117347
-0.117337
-0.117318
-0.117402
-0.117410
-0.117444
-0.117341
-0.117378
-0.116922
-0.117477
-0.117238
-0.117546
-0.117022
-0.117340
-0.117339
-0.117431
-0.117440
-0.117459
-0.117424
-0.117436
-0.117448
-0.117460
-0.117471
-0.117440
-0.117450
-0.117447
-0.117504
-0.117494
-0.117697
-0.117359
1.007228
0.159512
-0.066241
-0.102515
-0.116355
-0.111317
-0.113519
-0.113426
-0.115596
-0.116331
-0.115360
-0.114918
-0.116789
-0.117073
-0.116437
-0.116156
-0.115476
-0.116339
-0.116166
-0.111633
-0.114100
-0.110363
-0.113840
-0.116314
-0.116703
-0.117722
-0.117233
-0.117151
-0.117398
-0.117599
-0.117792
-0.117653
-0.117432
-0.117602
-0.118010
-0.117851
-0.117740
-0.117056
-0.117335
-0.116734
-0.117855
-0.116924
-0.118520
-0.118245
-0.118104
-0.117987
-0.118252
-0.118334
-0.118205
-0.118146
-0.118139
-0.118241
-0.118356
-0.118248
-0.118107
-0.118204
-0.118352
-0.118620
-0.118290
-0.118451
-0.117371
-0.117768
-0.117804
-0.118190
-0.118300
-0.118313
-0.118172
-0.118184
-0.118273
-0.118315
-0.118290
-0.118242
-0.118224
-0.118304
-0.118370
-0.118276
-0.118223
-0.118139
-0.118323
-0.118349
-0.118801
-0.118440
-0.118449
-0.118267
-0.118292
-0.118319
-0.118387
-0.118370
-0.118328
-0.118329
-0.118350
-0.118370
-0.118370
-0.118338
-0.118323
-0.118368
-0.118389
-0.118400
-0.118294
-0.118309
0.073953
-0.018582
-0.079231
-0.101552
-0.112195
-0.112096
-0.111237
-0.114275
-0.113313
-0.116211
-0.116198
-0.115397
-0.116890
-0.115764
-0.117616
-0.117511
-0.116932
-0.117545
-0.118214
-0.114658
-0.116400
-0.115196
-0.118139
-0.117745
-0.117101
-0.117463
-0.117929
-0.117772
-0.117980
-0.117512
-0.117630
-0.117890
-0.117866
-0.118045
-0.117648
-0.117687
-0.117974
-0.118025
-0.117802
-0.117992
-0.118094
-0.117671
-0.117570
-0.117984
-0.118294
-0.118144
-0.117962
-0.118078
-0.118084
-0.118288
-0.118235
-0.118098
-0.118165
-0.118160
-0.118350
-0.118317
-0.118168
-0.118165
-0.118289
-0.118193
-0.118295
-0.118275
-0.118422
-0.118255
-0.118183
-0.118286
-0.118393
-0.118335
-0.118320
-0.118246
-0.118298
-0.118376
-0.118347
-0.118341
-0.118261
-0.118296
-0.118390
-0.118393
-0.118290
-0.118325
-0.118321
-0.118323
-0.118292
-0.118378
-0.118405
-0.118351
-0.118317
-0.118359
-0.118368
-0.118397
-0.118371
-0.118343
-0.118368
-0.118374
-0.118407
-0.118385
-0.118347
-0.118358
-0.118404
-0.118383
0.367327
1.046204
0.309748
0.160201
0.066973
0.014757
-0.007340
-0.020535
-0.033630
-0.046867
-0.056033
-0.059727
-0.062075
-0.067215
-0.075002
-0.081065
-0.083065
-0.081442
-0.079045
-0.078035
-0.064498
-0.085069
-0.097336
-0.091724
-0.089004
-0.089377
-0.092639
-0.095018
-0.094820
-0.093920
-0.094508
-0.096556
-0.098179
-0.097905
-0.096805
-0.096922
-0.098756
-0.101257
-0.102100
-0.099526
-0.104291
-0.096544
-0.099261
-0.101705
-0.103826
-0.103777
-0.102821
-0.102728
-0.103669
-0.104629
-0.104650
-0.104110
-0.104070
-0.104889
-0.105834
-0.105799
-0.104966
-0.104359
-0.104853
-0.106735
-0.105286
-0.108029
-0.107084
-0.105875
-0.105652
-0.106277
-0.107085
-0.107230
-0.106853
-0.106671
-0.107014
-0.107525
-0.107627
-0.107293
-0.107087
-0.107432
-0.108085
-0.108377
-0.107986
-0.107063
-0.108072
-0.107104
-0.107879
-0.108424
-0.108497
-0.108198
-0.107979
-0.108090
-0.108350
-0.108450
-0.108324
-0.108195
-0.108265
-0.108470
-0.108562
-0.108404
-0.108188
-0.108167
-0.108439
-0.108879
0.064236
0.085258
0.004082
-0.042541
-0.082538
-0.094619
-0.099811
-0.102831
-0.105067
-0.107115
-0.108731
-0.109658
-0.110040
-0.110556
-0.111247
-0.112206
-0.112399
-0.109387
-0.109050
-0.110269
-0.109125
-0.112921
-0.108285
-0.109700
-0.112364
-0.113540
-0.114226
-0.114531
-0.114537
-0.114563
-0.114743
-0.115042
-0.115270
-0.115265
-0.115107
-0.115001
-0.115117
-0.115432
-0.115889
-0.115353
-0.117416
-0.116575
-0.116671
-0.116880
-0.116948
-0.116709
-0.116560
-0.116567
-0.116683
-0.116783
-0.116785
-0.116726
-0.116707
-0.116795
-0.116943
-0.117050
-0.117007
-0.116769
-0.116496
-0.116466
-0.115984
-0.116398
-0.116198
-0.116377
-0.116654
-0.116846
-0.116943
-0.116945
-0.116907
-0.116905
-0.116956
-0.117022
-0.117046
-0.117013
-0.116971
-0.116975
-0.117055
-0.117207
-0.117338
-0.117274
-0.117606
-0.117343
-0.117441
-0.117363
-0.117257
-0.117191
-0.117177
-0.117200
-0.117231
-0.117238
-0.117223
-0.117207
-0.117211
-0.117236
-0.117257
-0.117252
-0.117214
-0.117146
-0.117087
-0.117118
0.621902
1.077318
0.409326
0.147118
0.070324
0.028172
0.004242
-0.012143
-0.026370
-0.039023
-0.048013
-0.052947
-0.056627
-0.061810
-0.068234
-0.072823
-0.073529
-0.073658
-0.086440
-0.086168
-0.059869
-0.090112
-0.099652
-0.090373
-0.088352
-0.089130
-0.091469
-0.093224
-0.093405
-0.093107
-0.093726
-0.095309
-0.096677
-0.096865
-0.096426
-0.096693
-0.098142
-0.099883
-0.098027
-0.096465
-0.103700
-0.095018
-0.096533
-0.100278
-0.101659
-0.101715
-0.101364
-0.101540
-0.102318
-0.103050
-0.103176
-0.102933
-0.102988
-0.103586
-0.104273
-0.104373
-0.103896
-0.103634
-0.105145
-0.106595
-0.103960
-0.107436
-0.107062
-0.105567
-0.105339
-0.105758
-0.106250
-0.106337
-0.106122
-0.106041
-0.106298
-0.106662
-0.106773
-0.106601
-0.106487
-0.106708
-0.107142
-0.107350
-0.106583
-0.105946
-0.107475
-0.106128
-0.106575
-0.107361
-0.107473
-0.107325
-0.107234
-0.107340
-0.107527
-0.107604
-0.107537
-0.107465
-0.107518
-0.107659
-0.107736
-0.107661
-0.107532
-0.107541
-0.107969
-0.108255
