-2.261516
1.852080
0.255458
-10.427043
-0.101567
-0.101554
-0.136667
1.082762
4.293193
-3.589389
-0.101558
-0.101551
2.174573
1.608012
5.987474
-5.977773
-0.101568
-0.101540
-0.230585
1.889210
4.456326
-6.787353
-0.101565
-0.101558
-0.155455
5.156442
10.158730
-9.472561
-0.101563
-0.101564
0.029985
1.472391
4.515763
-2.634574
-0.101561
-0.101561
8.920065
-0.100993
8.921380
8.918910
-0.101563
-0.101565
8.164121
3.251826
14.411037
3.236152
-0.101562
-0.101565
2.053691
0.577108
0.444309
0.498685
0.220329
-0.066817
0.231335
0.229374
0.104965
0.099383
0.072026
0.189638
0.001411
0.100311
0.114684
-0.061586
0.062806
0.045509
-0.070390
-0.026854
0.020107
-0.007331
-0.074261
0.016293
0.001337
-0.084418
-0.011785
-0.010798
-0.077158
-0.041702
-0.018820
-0.062881
-0.063260
-0.026919
-0.061069
-0.078018
-0.047642
-0.067032
-0.100187
-0.074691
-0.062783
-0.079611
-0.081962
-0.059924
-0.084117
-0.074711
-0.069344
-0.091945
-0.079875
-0.084241
-0.082007
-0.092965
-0.090549
-0.086111
-0.088422
-0.096182
-0.095012
-0.099391
-0.099039
-0.095010
-0.094161
-0.100371
-0.095747
-0.088625
-0.092011
-0.094919
-0.094011
-0.091986
-0.089644
-0.099452
-0.087221
-0.092952
-0.094818
-0.089485
-0.096059
-0.098368
-0.095482
-0.093663
-0.097063
-0.095909
-0.090219
-0.095911
-0.095776
-0.091142
-0.095445
-0.098273
-0.091152
-0.091930
-0.099448
-0.091836
-0.091411
-0.098541
-0.095878
-0.094133
-0.097318
-0.099687
-0.096525
-0.093947
-0.095338
-0.096107
-0.066357
0.230288
0.268310
0.068581
0.044908
-0.055860
0.005835
0.017025
-0.003221
0.020032
0.119706
0.100653
0.059966
0.142956
0.105942
0.033338
0.069394
0.040926
-0.028809
0.011824
-0.045957
-0.050370
-0.031260
-0.057758
-0.042743
-0.046068
-0.069029
-0.054393
-0.067222
-0.068770
-0.066675
-0.073495
-0.061324
-0.075315
-0.071255
-0.068995
-0.084103
-0.074414
-0.069814
-0.079482
-0.063521
-0.069830
-0.075312
-0.060962
-0.068387
-0.082553
-0.074029
-0.080553
-0.090644
-0.092142
-0.094509
-0.097901
-0.097045
-0.096710
-0.097490
-0.096045
-0.100847
-0.100670
-0.099214
-0.098089
-0.098492
-0.096586
-0.097653
-0.096128
-0.097662
-0.099887
-0.096789
-0.094031
-0.096681
-0.091753
-0.090089
-0.095312
-0.091767
-0.091465
-0.096005
-0.095036
-0.094134
-0.098331
-0.094632
-0.096080
-0.096149
-0.094297
-0.096371
-0.096191
-0.095524
-0.097514
-0.096805
-0.097298
-0.097899
-0.096841
-0.099277
-0.096598
-0.097081
-0.097998
-0.095416
-0.095839
-0.095380
-0.092510
-0.095540
-0.094041
2.173908
0.200027
0.253051
-0.009232
0.325534
0.376743
0.218940
0.229187
0.228502
0.197770
0.032638
0.032074
0.088797
0.004466
-0.050416
0.051583
0.019090
-0.020941
0.062059
0.052124
-0.001190
0.077927
0.043207
-0.009852
0.066989
0.010788
-0.005396
0.043148
-0.028505
0.000259
0.014326
-0.050711
-0.001329
-0.013331
-0.055287
-0.017487
-0.038280
-0.060723
-0.038776
-0.060388
-0.079110
-0.063843
-0.076406
-0.092291
-0.074372
-0.079164
-0.097737
-0.079494
-0.074170
-0.079990
-0.080819
-0.080140
-0.077660
-0.090065
-0.095092
-0.094605
-0.099549
-0.099166
-0.098930
-0.099158
-0.096053
-0.089029
-0.091132
-0.088274
-0.085128
-0.086721
-0.089222
-0.095635
-0.090700
-0.091934
-0.099236
-0.095370
-0.091146
-0.096356
-0.093671
-0.088591
-0.092778
-0.088806
-0.084309
-0.091549
-0.085671
-0.084142
-0.092706
-0.085665
-0.087099
-0.094244
-0.085852
-0.089718
-0.093794
-0.085721
-0.093514
-0.089684
-0.086107
-0.092463
-0.089845
-0.089474
-0.092692
-0.094717
-0.094355
-0.094673
0.024753
0.517742
0.645242
0.119444
0.301010
0.440747
0.086308
0.189965
0.277633
0.128592
0.161214
0.166222
0.007379
0.013651
0.058907
-0.048331
-0.058472
-0.042200
-0.067112
-0.080244
-0.083627
-0.073827
-0.083876
-0.078404
-0.076820
-0.084891
-0.088437
-0.094562
-0.094916
-0.094676
-0.093904
-0.094277
-0.092934
-0.088619
-0.092988
-0.091659
-0.090833
-0.100928
-0.095050
-0.093635
-0.093474
-0.099504
-0.086367
-0.082843
-0.093999
-0.084334
-0.080284
-0.086153
-0.082337
-0.083247
-0.093640
-0.090162
-0.089936
-0.097864
-0.095561
-0.097350
-0.099590
-0.100372
-0.099908
-0.099017
-0.099500
-0.096110
-0.094983
-0.097534
-0.093427
-0.094114
-0.094875
-0.091016
-0.093875
-0.098062
-0.094386
-0.096522
-0.100824
-0.098189
-0.099696
-0.098973
-0.099856
-0.100021
-0.098911
-0.100079
-0.099771
-0.098804
-0.099853
-0.100745
-0.100643
-0.100616
-0.101223
-0.101171
-0.100454
-0.100950
-0.100947
-0.100696
-0.100532
-0.100582
-0.098655
-0.099296
-0.099122
-0.098263
-0.099372
-0.099059
-0.049725
1.949409
2.528905
0.974928
0.518956
0.758663
0.062011
0.256314
0.230689
0.006946
-0.018277
0.043333
-0.003694
-0.049052
-0.022828
-0.041498
-0.084612
-0.041523
-0.051761
-0.080897
-0.063000
-0.053591
-0.079823
-0.071699
-0.065075
-0.097542
-0.078508
-0.087552
-0.093812
-0.092327
-0.087524
-0.091283
-0.092420
-0.082952
-0.096524
-0.088193
-0.087021
-0.094816
-0.093699
-0.091561
-0.095992
-0.097928
-0.093974
-0.095810
-0.095765
-0.094439
-0.094309
-0.097786
-0.094448
-0.090821
-0.096720
-0.092489
-0.085791
-0.098688
-0.084599
-0.085321
-0.098372
-0.095372
-0.091664
-0.087430
-0.098407
-0.089811
-0.092216
-0.099427
-0.093995
-0.097493
-0.099878
-0.098216
-0.098424
-0.099464
-0.098612
-0.099312
-0.100396
-0.099703
-0.099120
-0.100570
-0.100503
-0.099361
-0.099325
-0.100804
-0.099555
-0.099472
-0.098972
-0.099411
-0.099460
-0.099731
-0.100508
-0.100396
-0.099945
-0.098106
-0.099780
-0.099616
-0.098703
-0.100764
-0.099714
-0.099033
-0.100245
-0.100576
-0.099708
-0.100016
0.030726
0.287144
0.614338
0.442204
0.008312
0.219405
0.032413
0.054534
0.120708
-0.011430
-0.010053
0.033816
-0.043169
-0.035015
-0.015216
-0.047366
-0.065654
-0.036995
-0.059043
-0.074013
-0.059206
-0.089246
-0.076958
-0.093540
-0.087284
-0.090926
-0.093940
-0.095162
-0.099514
-0.099262
-0.095049
-0.098162
-0.094574
-0.094738
-0.094923
-0.092937
-0.097157
-0.088868
-0.097060
-0.088520
-0.091290
-0.094588
-0.089884
-0.090763
-0.094318
-0.091268
-0.090349
-0.096924
-0.090615
-0.090633
-0.097800
-0.092781
-0.095222
-0.097163
-0.092986
-0.097521
-0.098979
-0.098947
-0.098354
-0.096431
-0.096430
-0.097954
-0.095895
-0.099863
-0.096076
-0.096753
-0.099630
-0.096261
-0.097620
-0.100269
-0.097357
-0.098575
-0.100169
-0.099004
-0.098595
-0.100703
-0.099475
-0.099897
-0.100750
-0.100306
-0.100573
-0.099823
-0.100468
-0.101313
-0.100339
-0.100610
-0.100727
-0.100396
-0.100518
-0.100218
-0.099775
-0.100315
-0.099463
-0.099875
-0.098694
-0.099556
-0.099141
-0.098918
-0.099100
-0.099235
-2.647260
0.214991
-2.237043
-3.262553
-0.101564
-0.101566
0.266987
0.247079
0.849972
-0.259333
-0.101562
-0.101566
0.099376
0.092201
0.421670
-0.196990
-0.101563
-0.101565
-0.123576
1.517633
2.783217
-2.780033
-0.101562
-0.101565
-0.084423
0.448628
0.862153
-1.131456
-0.101564
-0.101564
-0.091431
2.110939
3.449178
-2.819466
-0.101562
-0.101566
5.694095
0.516162
6.564168
4.548955
-0.101563
-0.101565
2.442787
0.012111
0.069811
-0.057050
-0.029072
-0.092030
-0.094292
-0.098575
-0.098879
-0.099708
-0.099588
-0.100016
-0.101382
-0.099940
-0.100171
-0.100593
-0.099673
-0.100204
-0.101308
-0.100455
-0.100484
-0.100782
-0.100484
-0.098255
-0.098828
-0.093348
-0.095513
-0.092965
-0.099667
-0.099222
-0.098559
-0.094806
-0.099868
-0.095885
-0.101339
-0.101280
-0.100727
-0.101392
-0.101265
-0.101018
-0.101133
-0.101216
-0.101263
-0.101172
-0.101366
-0.101312
-0.101034
-0.101219
-0.101479
-0.101116
-0.101287
-0.101477
-0.100669
-0.101024
-0.099894
-0.099636
-0.100110
-0.101153
-0.100261
-0.101004
-0.100171
-0.101392
-0.100231
-0.101140
-0.101390
-0.101292
-0.101238
-0.101376
-0.101404
-0.101315
-0.101321
-0.101385
-0.101373
-0.101326
-0.101386
-0.101441
-0.101304
-0.101318
-0.101477
-0.101350
-0.101247
-0.101206
-0.101079
-0.101040
-0.100901
-0.100882
-0.101269
-0.100846
-0.101465
-0.100748
-0.101041
-0.101390
-0.101397
-0.101323
-0.101408
-0.101420
-0.101339
-0.101357
-0.101413
-0.101399
0.264952
0.134114
-0.041824
-0.071693
-0.080898
-0.088215
-0.095992
-0.097251
-0.098198
-0.098097
-0.097678
-0.098513
-0.098757
-0.098719
-0.099928
-0.099397
-0.099823
-0.100618
-0.100312
-0.099886
-0.099477
-0.099937
-0.099095
-0.099219
-0.100876
-0.100885
-0.100129
-0.097338
-0.096236
-0.098977
-0.096150
-0.099437
-0.099627
-0.099000
-0.099324
-0.100488
-0.100844
-0.100713
-0.100938
-0.101113
-0.100931
-0.100726
-0.101004
-0.101024
-0.100895
-0.101085
-0.101088
-0.101121
-0.101169
-0.101283
-0.101245
-0.101139
-0.101221
-0.101402
-0.101263
-0.101343
-0.100274
-0.100414
-0.100049
-0.100254
-0.100755
-0.100923
-0.100773
-0.100838
-0.100977
-0.100987
-0.101056
-0.101024
-0.101064
-0.101108
-0.101132
-0.101138
-0.101118
-0.101213
-0.101164
-0.101117
-0.101150
-0.101166
-0.101164
-0.101189
-0.101317
-0.101259
-0.101192
-0.101220
-0.101057
-0.100517
-0.100904
-0.100445
-0.100964
-0.101029
-0.101016
-0.101176
-0.101288
-0.101230
-0.101208
-0.101210
-0.101215
-0.101180
-0.101186
-0.101223
0.099243
0.016794
-0.042262
-0.071652
-0.090798
-0.095271
-0.097895
-0.100848
-0.100049
-0.098723
-0.098841
-0.100618
-0.100840
-0.100484
-0.100957
-0.100141
-0.101025
-0.101063
-0.101088
-0.100869
-0.100683
-0.100910
-0.101428
-0.100694
-0.100049
-0.100098
-0.098731
-0.096964
-0.099824
-0.100356
-0.098419
-0.099717
-0.099560
-0.100460
-0.100988
-0.101299
-0.101126
-0.101197
-0.101274
-0.101302
-0.101265
-0.101119
-0.101350
-0.101149
-0.101128
-0.101242
-0.101150
-0.101187
-0.101301
-0.101323
-0.101375
-0.101274
-0.101257
-0.101335
-0.101483
-0.100823
-0.100463
-0.101109
-0.101178
-0.100989
-0.101134
-0.100892
-0.101039
-0.101135
-0.101176
-0.101192
-0.101206
-0.101278
-0.101322
-0.101303
-0.101307
-0.101306
-0.101230
-0.101335
-0.101298
-0.101292
-0.101327
-0.101307
-0.101272
-0.101270
-0.101295
-0.101213
-0.101121
-0.101140
-0.101225
-0.101443
-0.101183
-0.101504
-0.101065
-0.101298
-0.101344
-0.101309
-0.101316
-0.101313
-0.101325
-0.101344
-0.101353
-0.101320
-0.101322
-0.101344
-0.078908
0.909372
0.336728
0.179698
-0.029116
-0.063416
-0.083795
-0.091214
-0.090899
-0.091656
-0.094939
-0.095366
-0.093810
-0.095122
-0.097200
-0.095873
-0.095104
-0.097030
-0.097269
-0.095137
-0.095525
-0.097380
-0.094048
-0.091272
-0.099540
-0.092982
-0.086751
-0.070626
-0.083252
-0.098832
-0.073493
-0.093713
-0.082226
-0.092334
-0.096351
-0.097397
-0.097986
-0.099734
-0.099905
-0.099020
-0.099590
-0.100641
-0.099848
-0.099623
-0.100507
-0.100592
-0.099895
-0.100290
-0.101183
-0.100247
-0.100201
-0.101262
-0.099330
-0.099552
-0.099990
-0.099251
-0.093577
-0.099114
-0.098934
-0.093518
-0.099161
-0.098090
-0.098212
-0.099657
-0.100346
-0.099800
-0.099769
-0.100345
-0.100382
-0.099987
-0.100155
-0.100574
-0.100339
-0.100125
-0.100459
-0.100668
-0.100312
-0.100322
-0.100805
-0.100796
-0.100643
-0.100365
-0.100425
-0.100148
-0.098575
-0.097762
-0.100484
-0.098065
-0.098248
-0.098616
-0.100642
-0.100789
-0.100631
-0.100552
-0.100797
-0.100724
-0.100477
-0.100549
-0.100748
-0.100608
-0.080531
0.217016
0.112241
-0.038872
-0.081566
-0.097573
-0.095213
-0.097067
-0.097538
-0.097733
-0.098647
-0.099066
-0.099122
-0.099121
-0.099675
-0.099626
-0.099575
-0.099704
-0.100129
-0.099903
-0.099804
-0.100217
-0.100374
-0.099804
-0.098243
-0.101006
-0.098640
-0.090577
-0.091542
-0.100802
-0.097157
-0.093884
-0.096170
-0.099499
-0.100299
-0.100009
-0.100268
-0.100574
-0.100476
-0.100429
-0.100642
-0.100743
-0.100601
-0.100639
-0.100810
-0.100778
-0.100656
-0.100755
-0.100874
-0.100761
-0.100693
-0.100877
-0.100943
-0.100290
-0.100812
-0.100701
-0.098951
-0.098770
-0.100647
-0.100369
-0.100952
-0.100302
-0.100953
-0.101087
-0.101128
-0.101011
-0.101033
-0.101129
-0.101095
-0.101037
-0.101069
-0.101129
-0.101080
-0.101056
-0.101109
-0.101142
-0.101081
-0.101088
-0.101170
-0.101168
-0.101097
-0.101139
-0.101412
-0.101434
-0.101209
-0.101076
-0.100067
-0.100565
-0.100477
-0.100863
-0.101350
-0.101182
-0.101082
-0.101085
-0.101135
-0.101118
-0.101076
-0.101095
-0.101120
-0.101102
-0.098196
1.424483
0.226872
-0.015377
-0.026912
-0.091650
-0.098941
-0.100466
-0.099716
-0.099333
-0.100237
-0.100886
-0.100020
-0.099911
-0.100735
-0.100757
-0.099977
-0.100030
-0.100971
-0.100491
-0.099602
-0.099823
-0.101396
-0.098820
-0.097965
-0.091018
-0.090267
-0.083353
-0.061902
-0.094235
-0.070469
-0.089281
-0.098327
-0.097474
-0.099244
-0.099815
-0.100873
-0.101109
-0.100546
-0.100647
-0.101209
-0.101105
-0.100738
-0.100905
-0.101420
-0.100988
-0.100746
-0.101056
-0.101360
-0.100743
-0.100599
-0.101172
-0.100603
-0.099542
-0.098795
-0.098623
-0.097604
-0.092924
-0.098829
-0.094844
-0.099205
-0.100959
-0.101090
-0.101056
-0.101048
-0.101217
-0.101287
-0.101322
-0.101288
-0.101251
-0.101350
-0.101418
-0.101272
-0.101271
-0.101448
-0.101355
-0.101210
-0.101318
-0.101476
-0.101168
-0.101112
-0.101346
-0.100718
-0.100075
-0.100153
-0.099435
-0.098420
-0.100317
-0.099357
-0.100725
-0.101364
-0.101320
-0.101384
-0.101254
-0.101382
-0.101505
-0.101336
-0.101352
-0.101513
-0.101420
