-0.979377
1.620644
1.661261
-6.501535
-0.115071
-0.115062
0.088435
0.978533
3.245450
-2.180636
-0.115065
-0.115065
2.621531
1.446812
7.143513
-3.435770
-0.115071
-0.115055
-0.542297
2.045896
5.633350
-4.366636
-0.115067
-0.115066
-0.148499
5.216042
10.443756
-9.118379
-0.115068
-0.115069
0.092404
1.281952
3.473954
-3.437101
-0.115067
-0.115066
10.644804
-0.114447
10.646094
10.643835
-0.115067
-0.115070
7.729878
3.354950
13.707029
2.842651
-0.115067
-0.115070
0.744922
0.554871
0.368339
0.427299
0.233255
-0.020147
0.256201
0.099247
0.026860
0.015364
0.010205
0.043318
-0.098135
0.080863
0.018873
-0.042870
0.015623
-0.043305
-0.030505
-0.072588
-0.024616
-0.079327
-0.056899
-0.066707
-0.071758
-0.080711
-0.060104
-0.074304
-0.087237
-0.065766
-0.095815
-0.077935
-0.086982
-0.088713
-0.101544
-0.077091
-0.099014
-0.087345
-0.090235
-0.091423
-0.093379
-0.094194
-0.080167
-0.109585
-0.093208
-0.099460
-0.110985
-0.107272
-0.103926
-0.097619
-0.111105
-0.100110
-0.101083
-0.108942
-0.112316
-0.114091
-0.110129
-0.110700
-0.108471
-0.108800
-0.112765
-0.105384
-0.105490
-0.111728
-0.109104
-0.110106
-0.108903
-0.113619
-0.104830
-0.105572
-0.109973
-0.104039
-0.108179
-0.106292
-0.110289
-0.106783
-0.109124
-0.109735
-0.108866
-0.111050
-0.111547
-0.110633
-0.109076
-0.113301
-0.109210
-0.112899
-0.109553
-0.110517
-0.112040
-0.112200
-0.110826
-0.112662
-0.111910
-0.111323
-0.113639
-0.109565
-0.112430
-0.110943
-0.112210
-0.110997
0.087395
0.293546
0.238017
0.013373
-0.085125
-0.002902
0.041818
-0.017401
-0.022849
-0.093029
0.034197
0.042985
0.010998
0.107185
0.041802
0.020553
0.053443
-0.069864
-0.012847
-0.056250
-0.086730
-0.062837
-0.073579
-0.096487
-0.068798
-0.053988
-0.094696
-0.067613
-0.068782
-0.101080
-0.070032
-0.081082
-0.100425
-0.090498
-0.091634
-0.105332
-0.100012
-0.084605
-0.107659
-0.078143
-0.085415
-0.087763
-0.075008
-0.093030
-0.091501
-0.093975
-0.108290
-0.104774
-0.108684
-0.107933
-0.110243
-0.112935
-0.110578
-0.108929
-0.111183
-0.114756
-0.113296
-0.111514
-0.113682
-0.113684
-0.111676
-0.109842
-0.110820
-0.111478
-0.113753
-0.109218
-0.107173
-0.108700
-0.102452
-0.103447
-0.105582
-0.100790
-0.108023
-0.105444
-0.106247
-0.111896
-0.107848
-0.110582
-0.113448
-0.110353
-0.109192
-0.112221
-0.110245
-0.109262
-0.112978
-0.110330
-0.111054
-0.112759
-0.111022
-0.111456
-0.113766
-0.112607
-0.110418
-0.112212
-0.110735
-0.110473
-0.110484
-0.109706
-0.111206
-0.110806
2.620025
0.232181
0.266723
-0.011927
0.351525
0.390168
0.131532
0.135894
0.191991
0.114321
-0.030722
0.039260
0.035430
-0.081563
-0.025195
0.022232
-0.059626
-0.011772
0.017865
-0.047238
-0.017590
-0.014151
-0.068793
-0.034737
-0.032574
-0.076941
-0.029725
-0.051970
-0.065855
-0.040962
-0.085850
-0.061360
-0.064846
-0.093067
-0.071727
-0.075369
-0.094461
-0.074609
-0.082488
-0.100459
-0.082932
-0.096736
-0.105694
-0.096097
-0.099075
-0.111226
-0.095597
-0.094873
-0.100552
-0.103627
-0.096051
-0.099032
-0.113136
-0.106360
-0.109716
-0.113719
-0.111546
-0.113521
-0.114493
-0.106120
-0.102271
-0.109713
-0.106103
-0.102880
-0.106282
-0.110107
-0.105835
-0.105335
-0.112521
-0.108293
-0.106154
-0.111805
-0.107167
-0.103819
-0.110800
-0.105584
-0.105406
-0.111639
-0.105975
-0.105836
-0.110535
-0.105346
-0.105336
-0.111098
-0.105805
-0.109774
-0.109630
-0.108244
-0.113067
-0.108844
-0.109354
-0.110904
-0.108443
-0.109410
-0.110752
-0.109748
-0.110679
-0.113422
-0.112199
-0.110370
0.310207
0.573326
0.707407
0.272304
0.420784
0.385036
0.019755
0.168361
0.258349
0.068061
0.146012
0.134612
-0.003443
0.030260
0.020045
-0.081522
-0.077360
-0.038003
-0.060837
-0.080019
-0.050851
-0.075858
-0.075912
-0.079831
-0.085717
-0.081913
-0.090940
-0.087932
-0.088142
-0.097555
-0.092747
-0.097244
-0.098513
-0.096126
-0.100818
-0.094826
-0.102896
-0.103077
-0.098325
-0.109640
-0.107916
-0.099214
-0.098863
-0.105862
-0.092908
-0.094553
-0.102480
-0.095084
-0.100681
-0.107425
-0.099892
-0.103126
-0.110528
-0.108442
-0.111178
-0.112605
-0.111895
-0.110387
-0.110213
-0.109006
-0.108135
-0.113462
-0.108600
-0.105126
-0.109472
-0.106588
-0.106335
-0.110351
-0.108503
-0.108541
-0.114219
-0.112159
-0.111559
-0.112738
-0.113442
-0.111874
-0.114028
-0.113360
-0.113417
-0.114597
-0.113957
-0.113437
-0.114199
-0.114061
-0.113975
-0.113947
-0.114240
-0.114110
-0.113718
-0.113829
-0.112825
-0.114104
-0.113020
-0.113080
-0.113587
-0.111319
-0.113153
-0.113099
-0.112821
-0.114003
-0.083659
1.879847
2.648082
0.954551
0.606344
0.671781
-0.012215
0.116479
0.115950
0.058343
-0.062381
0.027781
0.019316
-0.049376
-0.022614
-0.011948
-0.078948
-0.057256
-0.033730
-0.071400
-0.075884
-0.055986
-0.087772
-0.088757
-0.074803
-0.096210
-0.090636
-0.087753
-0.091526
-0.094089
-0.102532
-0.092314
-0.102499
-0.105925
-0.094197
-0.103855
-0.103923
-0.097165
-0.104233
-0.109300
-0.101068
-0.104836
-0.108855
-0.104089
-0.104391
-0.111596
-0.105841
-0.104724
-0.109177
-0.111088
-0.099455
-0.101288
-0.108540
-0.094161
-0.107015
-0.108789
-0.107654
-0.100836
-0.104734
-0.107754
-0.101595
-0.113225
-0.108897
-0.108561
-0.111452
-0.114001
-0.111299
-0.111299
-0.113205
-0.112308
-0.111361
-0.113590
-0.113271
-0.111627
-0.112946
-0.113488
-0.112234
-0.113241
-0.114219
-0.112790
-0.114293
-0.113584
-0.113873
-0.114012
-0.113020
-0.113694
-0.113001
-0.112546
-0.113415
-0.113306
-0.112503
-0.114137
-0.111463
-0.112974
-0.112408
-0.111662
-0.112721
-0.113319
-0.112275
-0.112542
0.091486
0.119144
0.515302
0.426819
0.162766
0.121145
0.087893
0.022731
-0.096181
-0.037340
-0.032390
-0.053688
-0.045124
-0.061635
-0.070986
-0.075732
-0.097613
-0.090646
-0.096864
-0.100193
-0.101738
-0.101694
-0.113071
-0.103656
-0.113678
-0.099844
-0.106534
-0.100405
-0.099451
-0.107789
-0.103240
-0.110673
-0.109375
-0.112659
-0.110573
-0.111300
-0.110801
-0.111460
-0.110554
-0.111742
-0.109361
-0.109589
-0.108840
-0.108251
-0.108957
-0.108366
-0.109066
-0.112950
-0.108828
-0.108649
-0.110779
-0.109718
-0.107430
-0.108661
-0.113365
-0.113864
-0.114699
-0.112930
-0.111090
-0.111448
-0.110206
-0.110414
-0.111552
-0.114151
-0.112364
-0.111821
-0.112946
-0.112189
-0.112472
-0.112901
-0.113347
-0.113911
-0.113840
-0.114086
-0.114130
-0.114185
-0.114072
-0.114294
-0.113968
-0.114559
-0.114173
-0.114468
-0.113870
-0.113205
-0.114399
-0.113751
-0.113959
-0.114827
-0.114534
-0.114657
-0.114820
-0.114126
-0.113813
-0.114002
-0.113903
-0.114141
-0.114646
-0.114534
-0.114674
-0.114719
-2.517370
0.237084
-1.850629
-3.036477
-0.115066
-0.115070
0.845375
0.285814
1.478107
0.415412
-0.115066
-0.115071
0.007459
0.182108
0.344181
-0.430238
-0.115068
-0.115072
-0.655763
1.681151
1.446146
-3.907100
-0.115069
-0.115070
0.088262
0.320218
0.734277
-0.725628
-0.115068
-0.115070
-0.070819
1.825378
2.942821
-2.347280
-0.115067
-0.115071
6.593455
0.888119
8.363836
4.970349
-0.115067
-0.115070
2.288942
-0.012316
0.107545
-0.094703
-0.082793
-0.108734
-0.111305
-0.112564
-0.114225
-0.113815
-0.112366
-0.114458
-0.114320
-0.113617
-0.114476
-0.114172
-0.114112
-0.114248
-0.114437
-0.114420
-0.114000
-0.114649
-0.113895
-0.114277
-0.109436
-0.114462
-0.102224
-0.112690
-0.113987
-0.111812
-0.106050
-0.112663
-0.113582
-0.114296
-0.114416
-0.114594
-0.114754
-0.114623
-0.114390
-0.114816
-0.114731
-0.114563
-0.114772
-0.114710
-0.114633
-0.114721
-0.114887
-0.114736
-0.114590
-0.114919
-0.114562
-0.114816
-0.113554
-0.114341
-0.112172
-0.114560
-0.114508
-0.114080
-0.112986
-0.114411
-0.115014
-0.114782
-0.114648
-0.114732
-0.114864
-0.114775
-0.114745
-0.114822
-0.114837
-0.114775
-0.114843
-0.114828
-0.114777
-0.114856
-0.114841
-0.114843
-0.114777
-0.114854
-0.114766
-0.114825
-0.114438
-0.114405
-0.113830
-0.114998
-0.114761
-0.114526
-0.113956
-0.114781
-0.114903
-0.114923
-0.114466
-0.114543
-0.114865
-0.114819
-0.114858
-0.114830
-0.114865
-0.114858
-0.114855
-0.114886
0.845869
0.160434
-0.056157
-0.094573
-0.110890
-0.110925
-0.114439
-0.112100
-0.114093
-0.114012
-0.114405
-0.113396
-0.114463
-0.114350
-0.114507
-0.114701
-0.114498
-0.114355
-0.114584
-0.114555
-0.114503
-0.114360
-0.114950
-0.114028
-0.114408
-0.113140
-0.110895
-0.107928
-0.113950
-0.108752
-0.113115
-0.113957
-0.114702
-0.114786
-0.114824
-0.114567
-0.115015
-0.114786
-0.114791
-0.114686
-0.114826
-0.114838
-0.114876
-0.114997
-0.114840
-0.115037
-0.114838
-0.114831
-0.114857
-0.114862
-0.114932
-0.114707
-0.114791
-0.114609
-0.113960
-0.113470
-0.114609
-0.113585
-0.114641
-0.114742
-0.114966
-0.114884
-0.114885
-0.114866
-0.114951
-0.114945
-0.114880
-0.114906
-0.114916
-0.114927
-0.114937
-0.114970
-0.114955
-0.114984
-0.114943
-0.114910
-0.114969
-0.114963
-0.114929
-0.114880
-0.114861
-0.114847
-0.114478
-0.114405
-0.114756
-0.114380
-0.114873
-0.114671
-0.114857
-0.114774
-0.114718
-0.114925
-0.114905
-0.114994
-0.114916
-0.114998
-0.114984
-0.114951
-0.114985
-0.114976
0.005534
0.090180
-0.092596
-0.077729
-0.104440
-0.112610
-0.111208
-0.111529
-0.111929
-0.112312
-0.112932
-0.112454
-0.113521
-0.114835
-0.114553
-0.114342
-0.113741
-0.113864
-0.113566
-0.114432
-0.113591
-0.114215
-0.113992
-0.114430
-0.113545
-0.112094
-0.112898
-0.110105
-0.113706
-0.109959
-0.114800
-0.112308
-0.114116
-0.114498
-0.114609
-0.114405
-0.114540
-0.114420
-0.114754
-0.114437
-0.114659
-0.114789
-0.114660
-0.114681
-0.114664
-0.114728
-0.114596
-0.114913
-0.114611
-0.114711
-0.114730
-0.114689
-0.114830
-0.114520
-0.114292
-0.114131
-0.114279
-0.113688
-0.114934
-0.114249
-0.114625
-0.114698
-0.114749
-0.114791
-0.114745
-0.114725
-0.114837
-0.114763
-0.114805
-0.114803
-0.114761
-0.114791
-0.114848
-0.114817
-0.114805
-0.114826
-0.114834
-0.114810
-0.114865
-0.114743
-0.115004
-0.114886
-0.114516
-0.114627
-0.114496
-0.114419
-0.114997
-0.114644
-0.114626
-0.114721
-0.114638
-0.114927
-0.114852
-0.114779
-0.114864
-0.114844
-0.114867
-0.114811
-0.114825
-0.114831
0.439700
1.118354
0.184925
-0.027212
-0.075175
-0.106872
-0.094951
-0.101267
-0.104342
-0.104587
-0.106600
-0.106789
-0.107928
-0.108355
-0.108793
-0.109532
-0.109360
-0.110300
-0.110013
-0.110581
-0.110652
-0.110623
-0.110760
-0.111635
-0.110727
-0.106178
-0.095206
-0.087038
-0.108173
-0.083718
-0.104197
-0.109268
-0.111110
-0.113160
-0.112046
-0.112391
-0.112861
-0.112599
-0.112865
-0.112847
-0.112876
-0.113074
-0.112914
-0.113235
-0.112992
-0.113287
-0.113152
-0.113229
-0.113331
-0.113203
-0.113562
-0.113189
-0.114477
-0.112167
-0.110188
-0.110324
-0.111182
-0.106500
-0.112019
-0.112397
-0.113524
-0.113552
-0.113323
-0.113530
-0.113628
-0.113715
-0.113687
-0.113820
-0.113705
-0.113857
-0.113753
-0.113865
-0.113818
-0.113847
-0.113895
-0.113822
-0.113945
-0.113871
-0.113981
-0.113780
-0.113877
-0.113047
-0.112210
-0.113044
-0.112477
-0.110843
-0.112943
-0.112499
-0.113514
-0.113518
-0.112905
-0.113517
-0.113708
-0.114005
-0.113978
-0.114108
-0.114041
-0.114046
-0.114086
-0.114028
0.090874
-0.049686
0.177387
-0.048566
-0.105432
-0.110353
-0.113144
-0.111683
-0.112961
-0.112857
-0.113408
-0.113406
-0.113520
-0.113793
-0.113663
-0.114100
-0.113776
-0.114398
-0.113814
-0.114573
-0.113900
-0.114565
-0.114008
-0.113788
-0.114155
-0.108649
-0.097870
-0.112557
-0.112948
-0.112387
-0.103593
-0.110791
-0.113995
-0.113893
-0.114510
-0.114197
-0.114417
-0.114415
-0.114402
-0.114558
-0.114385
-0.114661
-0.114407
-0.114688
-0.114461
-0.114679
-0.114513
-0.114638
-0.114595
-0.114565
-0.114656
-0.114292
-0.114682
-0.113305
-0.111150
-0.114315
-0.113957
-0.113978
-0.112846
-0.113796
-0.114524
-0.114459
-0.114591
-0.114762
-0.114642
-0.114712
-0.114622
-0.114739
-0.114628
-0.114754
-0.114649
-0.114735
-0.114688
-0.114708
-0.114729
-0.114680
-0.114781
-0.114637
-0.114829
-0.114509
-0.114898
-0.114174
-0.113459
-0.114551
-0.114304
-0.114182
-0.114473
-0.114165
-0.114467
-0.114557
-0.114311
-0.114651
-0.114818
-0.114671
-0.114763
-0.114711
-0.114759
-0.114722
-0.114760
-0.114720
-0.061221
1.235110
0.110173
-0.063609
-0.083893
-0.094085
-0.096038
-0.100439
-0.101441
-0.104099
-0.104383
-0.106017
-0.106545
-0.107231
-0.108095
-0.108028
-0.109197
-0.108640
-0.110028
-0.109226
-0.110472
-0.109738
-0.110674
-0.110588
-0.109248
-0.111566
-0.097937
-0.077730
-0.110618
-0.086379
-0.105463
-0.111263
-0.110977
-0.111875
-0.111395
-0.112074
-0.111793
-0.112117
-0.112143
-0.112148
-0.112461
-0.112191
-0.112663
-0.112293
-0.112761
-0.112449
-0.112804
-0.112633
-0.112772
-0.112843
-0.112737
-0.113139
-0.112201
-0.113614
-0.109784
-0.105994
-0.113872
-0.110142
-0.111614
-0.112971
-0.112656
-0.113123
-0.113360
-0.113024
-0.113118
-0.113060
-0.113223
-0.113078
-0.113285
-0.113110
-0.113297
-0.113181
-0.113277
-0.113272
-0.113254
-0.113356
-0.113231
-0.113439
-0.113213
-0.113543
-0.112976
-0.113423
-0.112647
-0.111292
-0.113654
-0.114438
-0.112692
-0.113820
-0.113118
-0.113121
-0.113985
-0.113268
-0.113280
-0.113411
-0.113372
-0.113402
-0.113369
-0.113412
-0.113352
-0.113426
