-2.376265
1.812134
0.437495
-8.885714
-0.107628
-0.107621
0.051706
1.046799
3.676777
-2.464480
-0.107623
-0.107622
2.320272
1.551185
6.306257
-3.538822
-0.107627
-0.107617
-0.487120
2.078765
4.861826
-4.465581
-0.107625
-0.107626
0.008476
5.580039
10.858934
-9.596567
-0.107625
-0.107626
-0.209319
1.539663
3.294529
-3.281382
-0.107625
-0.107626
8.587142
-0.106702
8.588516
8.584947
-0.107627
-0.107624
9.107273
3.392552
15.171796
3.899826
-0.107625
-0.107628
2.156054
0.622253
0.426458
0.472384
0.169007
0.064214
0.278622
0.079818
0.087763
0.015699
0.096614
0.040967
-0.008953
0.137724
-0.031492
0.102927
0.084593
-0.029653
0.033914
-0.020636
-0.053103
-0.002036
-0.100461
0.005534
-0.065445
-0.014179
-0.026248
-0.054191
-0.018659
-0.089758
-0.029912
-0.088099
-0.052649
-0.073517
-0.082451
-0.062102
-0.083150
-0.067006
-0.054873
-0.089830
-0.057780
-0.083488
-0.083645
-0.078216
-0.099271
-0.096501
-0.094781
-0.087489
-0.101520
-0.092983
-0.094231
-0.101564
-0.100151
-0.100667
-0.106306
-0.100870
-0.097047
-0.099407
-0.103762
-0.095910
-0.099059
-0.101100
-0.100984
-0.098862
-0.098997
-0.103102
-0.091332
-0.100700
-0.091747
-0.090492
-0.102379
-0.093688
-0.100575
-0.102860
-0.097444
-0.107156
-0.095996
-0.100445
-0.096683
-0.094954
-0.103233
-0.094291
-0.105290
-0.095747
-0.102177
-0.100431
-0.099713
-0.103922
-0.102543
-0.103834
-0.103408
-0.101139
-0.103981
-0.098377
-0.102158
-0.103229
-0.101300
-0.105940
-0.102504
-0.105816
0.050017
0.305546
0.262295
0.047291
-0.040636
0.105809
0.086638
-0.071945
0.024298
-0.066109
0.076600
-0.022074
0.081619
0.092527
-0.006706
0.085026
-0.045740
0.016224
-0.049928
-0.021705
-0.034160
-0.080883
-0.067326
-0.055374
-0.088076
-0.064428
-0.069834
-0.082062
-0.067531
-0.099792
-0.068874
-0.092788
-0.089479
-0.084821
-0.072088
-0.097273
-0.070415
-0.103280
-0.065788
-0.082700
-0.077021
-0.074341
-0.094664
-0.082284
-0.099605
-0.096081
-0.098630
-0.098544
-0.097649
-0.104722
-0.103669
-0.104203
-0.103435
-0.105256
-0.105366
-0.103936
-0.103881
-0.105963
-0.104174
-0.100998
-0.106831
-0.102938
-0.106057
-0.098845
-0.103457
-0.099840
-0.093923
-0.102761
-0.095446
-0.099488
-0.099116
-0.100506
-0.103633
-0.099697
-0.106719
-0.103292
-0.102563
-0.105106
-0.103133
-0.102358
-0.105616
-0.101618
-0.105169
-0.102710
-0.104783
-0.105374
-0.106683
-0.102525
-0.107034
-0.103106
-0.104871
-0.102490
-0.103812
-0.103551
-0.101742
-0.106199
-0.103368
-0.105711
-0.105486
-0.107136
2.317592
0.368491
0.333354
0.017058
0.467235
0.382960
0.107088
0.218811
0.194988
0.073187
-0.009028
0.083280
-0.074585
0.016488
-0.042172
-0.048516
-0.054884
-0.094556
-0.089714
-0.106898
-0.076446
-0.075729
-0.089665
-0.081701
-0.077128
-0.099591
-0.086684
-0.095656
-0.095616
-0.090592
-0.086870
-0.096798
-0.088725
-0.093140
-0.102783
-0.100000
-0.105026
-0.098003
-0.095247
-0.099432
-0.084123
-0.104302
-0.084628
-0.095390
-0.094206
-0.088147
-0.090321
-0.096277
-0.088309
-0.086390
-0.102770
-0.097969
-0.101104
-0.104929
-0.107170
-0.104391
-0.104276
-0.096099
-0.095770
-0.102361
-0.094346
-0.097111
-0.100092
-0.103518
-0.098874
-0.103466
-0.100277
-0.101671
-0.103638
-0.100681
-0.107072
-0.106088
-0.106041
-0.106553
-0.105009
-0.105998
-0.103784
-0.104461
-0.105599
-0.103508
-0.106603
-0.104655
-0.106476
-0.104729
-0.106523
-0.103382
-0.106972
-0.104568
-0.105042
-0.106123
-0.106381
-0.105998
-0.106463
-0.103790
-0.106224
-0.102063
-0.103063
-0.106276
-0.102561
-0.104846
0.270380
0.636780
0.814519
0.086154
0.445131
0.348401
-0.070467
0.215997
0.193126
0.006544
0.223631
0.049924
0.034826
0.081887
-0.093379
-0.011095
-0.062287
-0.067669
-0.093005
-0.059302
-0.088808
-0.081729
-0.082686
-0.093894
-0.089636
-0.094723
-0.102134
-0.104436
-0.102112
-0.096261
-0.098174
-0.098815
-0.095003
-0.102806
-0.093940
-0.102955
-0.097819
-0.101020
-0.091992
-0.101286
-0.089002
-0.089242
-0.097900
-0.082175
-0.096173
-0.090824
-0.088743
-0.106634
-0.095774
-0.096553
-0.106027
-0.101647
-0.103174
-0.107055
-0.105510
-0.104682
-0.106442
-0.100970
-0.101556
-0.106275
-0.101121
-0.100175
-0.104989
-0.096053
-0.100731
-0.102323
-0.099142
-0.106074
-0.102574
-0.105363
-0.105011
-0.105480
-0.105141
-0.105728
-0.105905
-0.105999
-0.106256
-0.105606
-0.106901
-0.105921
-0.106609
-0.105619
-0.106914
-0.105136
-0.105585
-0.106487
-0.105887
-0.107128
-0.106966
-0.105876
-0.106253
-0.106036
-0.105848
-0.105696
-0.105321
-0.107152
-0.103830
-0.105976
-0.103815
-0.101989
0.010200
1.954676
2.878581
0.791610
0.950420
0.725854
-0.036544
0.281587
0.114948
0.044781
-0.002923
0.016469
-0.051673
-0.002102
-0.036184
-0.053949
-0.024984
-0.060426
-0.079928
-0.082194
-0.062959
-0.088780
-0.075864
-0.065732
-0.098703
-0.073934
-0.084845
-0.092069
-0.079463
-0.099853
-0.086560
-0.089632
-0.097422
-0.092520
-0.098372
-0.101435
-0.099657
-0.096703
-0.099454
-0.101122
-0.097485
-0.098035
-0.098848
-0.103132
-0.095590
-0.100163
-0.098932
-0.101875
-0.093337
-0.091676
-0.102389
-0.081979
-0.096605
-0.103957
-0.103321
-0.095249
-0.100870
-0.095776
-0.091192
-0.105763
-0.100235
-0.102541
-0.103000
-0.105386
-0.105500
-0.103376
-0.106027
-0.105234
-0.104589
-0.104646
-0.106366
-0.105699
-0.105991
-0.106258
-0.105750
-0.105812
-0.105600
-0.105832
-0.105239
-0.105638
-0.106415
-0.105147
-0.106380
-0.105320
-0.105768
-0.106925
-0.106176
-0.105589
-0.106759
-0.105154
-0.106018
-0.105520
-0.106132
-0.106273
-0.106792
-0.104638
-0.104818
-0.106767
-0.103851
-0.107236
-0.005661
0.384888
0.706819
0.366513
0.135181
0.165424
0.057639
-0.024271
-0.034790
-0.007939
-0.000791
-0.018568
-0.017299
-0.050637
-0.063641
-0.086155
-0.082792
-0.093664
-0.098303
-0.088669
-0.093720
-0.099229
-0.093521
-0.095134
-0.101896
-0.098708
-0.098088
-0.103092
-0.102607
-0.098245
-0.103482
-0.103166
-0.099814
-0.103113
-0.105554
-0.102147
-0.103278
-0.105680
-0.104601
-0.102090
-0.102790
-0.099603
-0.103026
-0.098328
-0.097788
-0.106006
-0.103377
-0.099688
-0.100719
-0.102843
-0.102166
-0.101056
-0.106513
-0.106420
-0.106346
-0.104054
-0.103005
-0.105646
-0.103638
-0.105298
-0.106072
-0.105981
-0.103868
-0.105513
-0.105944
-0.102649
-0.105342
-0.106864
-0.105252
-0.106730
-0.106074
-0.106797
-0.107132
-0.105966
-0.106734
-0.106842
-0.106303
-0.106421
-0.106654
-0.106924
-0.105978
-0.106222
-0.106742
-0.106016
-0.106308
-0.107249
-0.106091
-0.106758
-0.107113
-0.107003
-0.106418
-0.106571
-0.106972
-0.106612
-0.107298
-0.106185
-0.106064
-0.106249
-0.106099
-0.105784
-2.715594
0.339656
-1.957033
-3.357810
-0.107624
-0.107628
0.192853
0.275148
0.831733
-0.291767
-0.107624
-0.107628
0.069370
0.141832
0.511212
-0.268474
-0.107624
-0.107628
-0.208225
1.653751
1.822876
-3.899491
-0.107627
-0.107626
-0.015671
0.970798
1.475195
-1.806507
-0.107625
-0.107628
-0.225088
2.734804
4.041682
-3.388265
-0.107624
-0.107628
5.855945
0.801909
7.427889
4.242978
-0.107625
-0.107627
2.500733
-0.013405
0.185877
-0.057009
-0.071530
-0.102581
-0.106609
-0.105776
-0.105064
-0.106283
-0.105524
-0.106721
-0.104552
-0.106680
-0.106636
-0.105076
-0.106618
-0.106488
-0.107187
-0.106761
-0.107201
-0.107177
-0.106620
-0.102251
-0.100521
-0.091309
-0.103277
-0.105909
-0.107290
-0.094352
-0.105532
-0.105173
-0.107212
-0.107548
-0.107288
-0.107227
-0.107419
-0.107323
-0.107588
-0.107271
-0.107399
-0.107372
-0.107127
-0.107333
-0.107478
-0.107484
-0.107409
-0.107537
-0.107513
-0.107448
-0.106496
-0.105602
-0.104386
-0.106425
-0.106942
-0.107177
-0.104473
-0.107182
-0.107097
-0.107528
-0.107515
-0.107432
-0.107441
-0.107592
-0.107507
-0.107574
-0.107540
-0.107465
-0.107378
-0.107426
-0.107456
-0.107584
-0.107497
-0.107466
-0.107526
-0.107571
-0.107597
-0.107247
-0.106602
-0.106506
-0.107125
-0.107297
-0.107210
-0.106386
-0.107401
-0.107418
-0.107514
-0.107494
-0.107454
-0.107468
-0.107189
-0.107374
-0.107534
-0.107423
-0.107223
-0.107063
-0.107510
-0.107513
-0.107567
-0.107498
0.192478
0.149733
-0.035895
-0.073142
-0.098394
-0.098447
-0.105896
-0.106766
-0.106126
-0.107380
-0.106187
-0.105776
-0.106142
-0.106764
-0.107187
-0.106134
-0.106605
-0.106618
-0.107379
-0.107104
-0.107560
-0.107101
-0.105605
-0.106459
-0.103808
-0.104221
-0.099976
-0.106026
-0.102316
-0.104129
-0.105729
-0.106675
-0.106765
-0.107284
-0.107348
-0.107404
-0.107480
-0.107321
-0.107172
-0.107448
-0.107359
-0.107529
-0.107319
-0.107346
-0.107322
-0.107446
-0.107581
-0.107500
-0.107442
-0.107067
-0.107354
-0.106667
-0.107052
-0.105883
-0.106979
-0.106606
-0.106825
-0.107265
-0.107265
-0.107318
-0.107412
-0.107446
-0.107493
-0.107510
-0.107427
-0.107384
-0.107519
-0.107445
-0.107539
-0.107470
-0.107439
-0.107440
-0.107480
-0.107541
-0.107489
-0.107464
-0.107331
-0.107516
-0.107231
-0.107430
-0.106984
-0.107268
-0.107309
-0.107352
-0.107555
-0.107376
-0.107418
-0.107439
-0.107432
-0.107542
-0.107548
-0.107446
-0.107404
-0.107419
-0.107468
-0.107472
-0.107537
-0.107415
-0.107458
-0.107481
0.068435
0.063306
-0.073618
-0.088056
-0.095520
-0.100933
-0.105004
-0.105127
-0.105898
-0.105625
-0.105632
-0.105845
-0.106132
-0.107073
-0.107438
-0.106660
-0.106041
-0.105933
-0.106814
-0.106863
-0.107279
-0.107395
-0.105681
-0.107044
-0.106436
-0.106001
-0.102732
-0.106948
-0.103863
-0.106060
-0.106151
-0.106180
-0.107027
-0.107048
-0.107164
-0.107349
-0.107252
-0.107300
-0.107346
-0.107280
-0.107440
-0.107552
-0.107378
-0.107179
-0.107115
-0.107429
-0.107419
-0.107532
-0.107457
-0.106962
-0.107410
-0.107484
-0.107315
-0.106506
-0.107394
-0.106887
-0.107367
-0.107244
-0.107103
-0.107360
-0.107372
-0.107472
-0.107540
-0.107427
-0.107426
-0.107444
-0.107491
-0.107530
-0.107560
-0.107466
-0.107349
-0.107348
-0.107521
-0.107554
-0.107533
-0.107449
-0.107226
-0.107404
-0.107531
-0.107544
-0.107224
-0.107469
-0.107441
-0.107600
-0.107427
-0.107322
-0.107456
-0.107473
-0.107463
-0.107513
-0.107486
-0.107504
-0.107457
-0.107524
-0.107592
-0.107557
-0.107445
-0.107324
-0.107415
-0.107533
0.007393
1.000804
0.435656
0.076255
-0.079729
-0.072972
-0.095910
-0.097481
-0.101293
-0.103096
-0.102128
-0.101201
-0.101367
-0.102794
-0.104629
-0.105246
-0.104091
-0.103052
-0.103124
-0.104101
-0.105785
-0.106700
-0.100419
-0.102918
-0.085147
-0.077431
-0.077590
-0.104863
-0.082620
-0.083044
-0.098877
-0.103620
-0.102840
-0.104558
-0.105554
-0.106711
-0.106334
-0.105505
-0.105181
-0.105527
-0.106250
-0.106879
-0.106443
-0.105805
-0.105567
-0.105860
-0.106538
-0.107126
-0.106454
-0.104998
-0.105683
-0.101523
-0.101039
-0.100901
-0.106637
-0.102893
-0.102355
-0.106449
-0.105641
-0.105497
-0.106096
-0.106596
-0.106902
-0.106596
-0.106138
-0.105965
-0.106481
-0.107046
-0.107156
-0.106664
-0.106209
-0.106205
-0.106528
-0.106970
-0.106932
-0.106440
-0.105894
-0.106494
-0.104919
-0.105142
-0.105086
-0.106451
-0.106441
-0.105992
-0.107343
-0.106174
-0.106244
-0.106485
-0.106558
-0.106965
-0.106975
-0.106636
-0.106155
-0.106541
-0.106810
-0.106467
-0.106755
-0.106156
-0.106351
-0.106749
-0.019776
0.617444
0.119060
-0.064815
-0.094981
-0.105953
-0.103879
-0.104633
-0.104686
-0.104849
-0.105359
-0.105906
-0.106255
-0.106019
-0.105805
-0.105955
-0.106194
-0.106615
-0.106768
-0.106534
-0.106219
-0.105995
-0.107259
-0.105825
-0.103250
-0.091098
-0.090800
-0.106271
-0.088701
-0.100064
-0.104772
-0.106426
-0.107517
-0.107141
-0.106915
-0.106802
-0.106840
-0.107021
-0.107239
-0.107177
-0.106993
-0.106966
-0.107004
-0.107132
-0.107273
-0.107226
-0.107084
-0.106993
-0.106975
-0.107314
-0.107331
-0.106386
-0.103170
-0.104778
-0.106729
-0.102770
-0.106450
-0.106857
-0.107153
-0.107453
-0.107304
-0.107204
-0.107202
-0.107199
-0.107141
-0.107444
-0.107294
-0.106968
-0.107273
-0.107283
-0.107343
-0.107394
-0.107317
-0.107238
-0.107221
-0.107254
-0.107387
-0.107580
-0.106995
-0.105378
-0.106806
-0.106989
-0.105396
-0.107268
-0.107352
-0.107353
-0.107429
-0.107379
-0.107345
-0.107449
-0.107316
-0.106559
-0.107263
-0.107288
-0.106351
-0.107276
-0.107453
-0.107418
-0.107392
-0.107319
-0.009849
1.876138
0.199484
0.038790
-0.082141
-0.102663
-0.104626
-0.102757
-0.102287
-0.103461
-0.104975
-0.105989
-0.105705
-0.104998
-0.104622
-0.104715
-0.105036
-0.105314
-0.105350
-0.105078
-0.104407
-0.103483
-0.103756
-0.101243
-0.100277
-0.086279
-0.058892
-0.104189
-0.058753
-0.094476
-0.094628
-0.103317
-0.105072
-0.105829
-0.105533
-0.105490
-0.105832
-0.106460
-0.106671
-0.106648
-0.106202
-0.106214
-0.106338
-0.106631
-0.106740
-0.106570
-0.106319
-0.106131
-0.105974
-0.105997
-0.105151
-0.106438
-0.101444
-0.098509
-0.105549
-0.096225
-0.104376
-0.103753
-0.105972
-0.106595
-0.106847
-0.106744
-0.106791
-0.106818
-0.107440
-0.106834
-0.107267
-0.106342
-0.106726
-0.106761
-0.107038
-0.107068
-0.106939
-0.106788
-0.106723
-0.106685
-0.106681
-0.106115
-0.106552
-0.104168
-0.104820
-0.105956
-0.103211
-0.106382
-0.106025
-0.106920
-0.107217
-0.107394
-0.107411
-0.107384
-0.107166
-0.106225
-0.106338
-0.107016
-0.105413
-0.106632
-0.106511
-0.106919
-0.106936
-0.106900
