-2.400606
1.826543
1.463141
-9.100692
-0.107062
-0.107055
0.002619
1.106291
4.317961
-2.677590
-0.107056
-0.107053
2.234805
1.515763
6.865856
-3.967015
-0.107061
-0.107049
-0.485662
2.175929
5.460632
-5.238926
-0.107058
-0.107059
-0.019557
5.518220
10.588486
-9.281479
-0.107059
-0.107060
-0.255496
1.674982
3.647874
-3.703722
-0.107059
-0.107059
8.357652
-0.106290
8.358880
8.355868
-0.107061
-0.107058
8.960453
3.527897
14.981530
3.668037
-0.107059
-0.107062
2.180653
0.622525
0.374664
0.472011
0.231578
0.078688
0.304868
0.112398
0.106879
0.021160
0.116886
0.076247
0.011627
0.152197
0.023238
0.086972
0.091801
-0.044460
0.013267
0.001025
-0.080567
-0.014990
-0.057980
-0.031423
-0.066167
-0.063326
-0.079511
-0.094718
-0.082904
-0.075661
-0.082302
-0.061135
-0.080426
-0.061687
-0.088756
-0.067254
-0.078536
-0.090953
-0.057250
-0.071394
-0.075328
-0.057218
-0.090117
-0.079895
-0.085352
-0.102849
-0.090618
-0.090587
-0.086517
-0.103311
-0.090761
-0.093259
-0.101803
-0.104392
-0.104570
-0.099818
-0.101729
-0.098778
-0.099154
-0.102846
-0.095240
-0.100861
-0.099060
-0.100318
-0.095724
-0.099870
-0.101231
-0.092657
-0.101532
-0.092839
-0.092584
-0.103133
-0.096549
-0.098524
-0.102822
-0.100089
-0.100678
-0.099074
-0.102831
-0.100796
-0.102934
-0.104235
-0.101943
-0.101901
-0.103396
-0.100452
-0.106142
-0.101415
-0.103993
-0.102652
-0.104092
-0.102895
-0.100248
-0.103308
-0.100449
-0.100444
-0.102393
-0.101268
-0.103777
-0.102265
0.001389
0.260389
0.200756
-0.003071
-0.081781
0.065261
0.026075
0.043235
0.018801
0.065860
0.163609
0.048850
0.182064
0.167387
0.044611
0.093638
-0.022917
-0.024968
-0.035103
-0.083265
-0.041235
-0.029939
-0.062997
-0.037715
-0.082220
-0.080144
-0.101153
-0.074834
-0.103771
-0.086719
-0.092792
-0.071102
-0.085915
-0.066894
-0.082651
-0.092316
-0.082174
-0.091445
-0.087237
-0.069004
-0.082280
-0.058717
-0.067008
-0.082622
-0.073006
-0.090141
-0.093503
-0.095034
-0.100400
-0.100409
-0.105152
-0.102537
-0.102649
-0.104124
-0.105524
-0.105682
-0.103854
-0.105776
-0.104618
-0.101519
-0.103438
-0.101514
-0.102460
-0.099988
-0.095846
-0.100469
-0.090754
-0.092292
-0.096473
-0.091746
-0.100690
-0.099365
-0.101402
-0.106342
-0.101759
-0.100312
-0.103037
-0.099262
-0.102883
-0.103280
-0.103455
-0.104408
-0.105642
-0.103004
-0.105021
-0.102969
-0.105693
-0.101022
-0.103709
-0.104626
-0.103117
-0.106194
-0.104501
-0.101718
-0.104614
-0.100386
-0.100485
-0.103002
-0.101554
-0.101458
2.232385
0.305269
0.330896
-0.014319
0.422457
0.408906
0.112213
0.199247
0.205874
0.107091
-0.046884
0.027756
-0.036271
-0.071915
-0.047138
-0.048876
-0.080898
-0.026502
-0.011725
-0.066414
0.000237
-0.028143
-0.066174
-0.011395
-0.072661
-0.052254
-0.047433
-0.089685
-0.052548
-0.070471
-0.077048
-0.050899
-0.093325
-0.064225
-0.065429
-0.093631
-0.071506
-0.086188
-0.099052
-0.091818
-0.099150
-0.099706
-0.095298
-0.096452
-0.099443
-0.086028
-0.088783
-0.094312
-0.096328
-0.086932
-0.093613
-0.103038
-0.095849
-0.102355
-0.105430
-0.102721
-0.104969
-0.102210
-0.093491
-0.095815
-0.101737
-0.096337
-0.097673
-0.100851
-0.105514
-0.099530
-0.101414
-0.105942
-0.103006
-0.101771
-0.106172
-0.101498
-0.100319
-0.104468
-0.097352
-0.100344
-0.101838
-0.097296
-0.104059
-0.100612
-0.100399
-0.106318
-0.101674
-0.104228
-0.103536
-0.101420
-0.105756
-0.100615
-0.101791
-0.103806
-0.100656
-0.103660
-0.105606
-0.105650
-0.104481
-0.103500
-0.105715
-0.104436
-0.103114
-0.103669
0.270046
0.690305
0.825098
0.050903
0.490413
0.320879
-0.054985
0.322153
0.188495
0.084891
0.232839
-0.032053
0.087502
0.068845
-0.081879
-0.011979
-0.078903
-0.051569
-0.086436
-0.072146
-0.074166
-0.092711
-0.099237
-0.084139
-0.091014
-0.097967
-0.097513
-0.100521
-0.101557
-0.101301
-0.095662
-0.095485
-0.103774
-0.097703
-0.096138
-0.099435
-0.100492
-0.093657
-0.101587
-0.094643
-0.103734
-0.085443
-0.089923
-0.096460
-0.078997
-0.096369
-0.088438
-0.087361
-0.104508
-0.093039
-0.095930
-0.106362
-0.100896
-0.103871
-0.105569
-0.103981
-0.103679
-0.104345
-0.099518
-0.102529
-0.103670
-0.096668
-0.100682
-0.098887
-0.096000
-0.105828
-0.097762
-0.100709
-0.105070
-0.101880
-0.105948
-0.104785
-0.106013
-0.104765
-0.105469
-0.106574
-0.106237
-0.105833
-0.105818
-0.106636
-0.106432
-0.106798
-0.104762
-0.105860
-0.105389
-0.104195
-0.106672
-0.105582
-0.104920
-0.106007
-0.105646
-0.105122
-0.105721
-0.105685
-0.105230
-0.104118
-0.105682
-0.101827
-0.102056
-0.104659
-0.018203
1.982225
2.863604
0.730394
0.896008
0.652812
-0.003628
0.227953
0.111406
0.084142
-0.011517
-0.041189
-0.034729
0.006314
-0.090897
-0.007538
-0.038731
-0.077089
-0.064245
-0.099585
-0.069200
-0.078392
-0.089144
-0.065781
-0.086278
-0.082045
-0.074265
-0.095605
-0.080002
-0.089125
-0.092313
-0.085468
-0.100032
-0.094222
-0.093815
-0.106423
-0.097832
-0.102368
-0.096137
-0.095046
-0.102874
-0.094740
-0.100455
-0.103438
-0.097574
-0.095030
-0.101676
-0.095458
-0.100639
-0.091998
-0.091805
-0.097030
-0.086500
-0.103344
-0.100853
-0.098335
-0.092500
-0.102077
-0.093363
-0.097389
-0.102797
-0.099206
-0.102755
-0.101127
-0.103853
-0.103866
-0.103906
-0.104297
-0.105926
-0.103090
-0.104567
-0.105567
-0.104291
-0.106583
-0.104993
-0.105628
-0.104842
-0.104559
-0.106013
-0.104373
-0.105172
-0.106548
-0.104314
-0.104926
-0.105679
-0.104066
-0.105208
-0.104504
-0.103637
-0.106699
-0.103586
-0.105344
-0.105432
-0.105172
-0.103971
-0.105256
-0.104200
-0.104522
-0.105536
-0.104254
0.041098
0.455997
0.785195
0.392811
0.143254
0.172263
0.083852
-0.026847
-0.057697
0.010117
-0.034187
-0.031814
-0.049981
-0.087056
-0.080710
-0.095884
-0.105870
-0.100311
-0.099873
-0.105935
-0.099071
-0.101120
-0.090683
-0.095778
-0.095970
-0.094842
-0.103159
-0.100661
-0.104684
-0.099161
-0.101071
-0.100272
-0.099578
-0.103543
-0.103474
-0.106368
-0.104691
-0.105632
-0.106502
-0.103846
-0.105330
-0.105433
-0.101560
-0.102244
-0.101115
-0.100078
-0.105052
-0.101321
-0.101409
-0.102076
-0.103010
-0.099927
-0.099855
-0.105445
-0.105553
-0.104986
-0.103074
-0.103306
-0.102517
-0.102103
-0.103141
-0.106289
-0.105785
-0.103115
-0.105401
-0.104707
-0.104590
-0.106402
-0.105772
-0.106719
-0.106584
-0.106305
-0.106894
-0.106687
-0.106370
-0.106726
-0.106343
-0.106358
-0.106118
-0.106263
-0.106940
-0.105916
-0.106455
-0.106066
-0.106074
-0.106238
-0.106001
-0.105687
-0.106856
-0.106661
-0.106483
-0.106862
-0.106026
-0.106634
-0.106138
-0.105413
-0.105624
-0.106487
-0.105674
-0.105427
-2.665026
0.322587
-1.909072
-3.318696
-0.107058
-0.107061
0.147357
0.303362
0.807471
-0.330630
-0.107058
-0.107062
0.063948
0.116055
0.496063
-0.241456
-0.107058
-0.107061
-0.188709
1.693763
1.932805
-3.718526
-0.107060
-0.107060
-0.116199
0.848432
1.056500
-1.845330
-0.107060
-0.107061
-0.187769
2.766632
4.104867
-3.624495
-0.107058
-0.107062
5.643497
0.694442
7.025336
4.293324
-0.107058
-0.107061
2.452710
0.013159
0.163581
-0.056596
-0.070363
-0.104241
-0.104385
-0.103541
-0.105762
-0.105597
-0.104522
-0.105306
-0.104116
-0.105585
-0.106061
-0.106300
-0.105806
-0.106317
-0.104909
-0.106082
-0.106280
-0.106360
-0.105406
-0.103225
-0.099972
-0.096786
-0.096141
-0.103308
-0.103961
-0.096062
-0.104893
-0.101769
-0.106547
-0.106833
-0.106770
-0.106412
-0.106518
-0.106350
-0.106759
-0.106880
-0.106799
-0.106684
-0.106723
-0.106609
-0.106945
-0.106903
-0.106832
-0.106803
-0.106725
-0.106756
-0.106521
-0.105888
-0.105975
-0.103512
-0.106110
-0.106367
-0.105328
-0.105258
-0.105669
-0.106732
-0.106819
-0.106764
-0.106674
-0.106926
-0.107029
-0.106794
-0.106999
-0.106883
-0.106846
-0.106980
-0.107041
-0.106903
-0.106927
-0.106845
-0.106934
-0.107006
-0.106972
-0.106835
-0.106504
-0.106550
-0.105775
-0.106598
-0.106642
-0.106141
-0.106192
-0.106844
-0.106610
-0.106919
-0.106943
-0.106722
-0.106585
-0.106663
-0.106497
-0.106698
-0.106991
-0.106830
-0.106972
-0.106955
-0.106935
-0.106996
0.145241
0.174601
-0.044351
-0.083288
-0.093859
-0.098374
-0.104522
-0.105704
-0.106353
-0.106181
-0.106545
-0.105869
-0.105590
-0.105535
-0.106115
-0.106781
-0.106006
-0.106632
-0.106823
-0.106362
-0.106155
-0.106523
-0.105112
-0.105934
-0.105946
-0.105805
-0.098949
-0.104502
-0.101098
-0.102723
-0.105638
-0.106719
-0.106689
-0.106187
-0.106848
-0.106929
-0.106838
-0.106951
-0.106970
-0.106856
-0.106994
-0.106879
-0.106895
-0.106882
-0.106877
-0.107037
-0.106961
-0.106952
-0.106908
-0.106895
-0.106818
-0.106717
-0.106812
-0.105456
-0.105859
-0.105936
-0.105763
-0.106903
-0.106791
-0.106751
-0.106768
-0.106970
-0.106993
-0.106922
-0.106968
-0.106994
-0.107001
-0.106980
-0.106935
-0.106981
-0.107016
-0.107000
-0.107046
-0.107047
-0.107020
-0.106971
-0.106964
-0.106899
-0.106936
-0.106938
-0.106637
-0.106331
-0.106786
-0.106390
-0.106935
-0.106919
-0.106953
-0.107007
-0.107048
-0.106986
-0.106709
-0.107029
-0.106702
-0.106968
-0.106958
-0.107013
-0.107014
-0.106982
-0.107037
-0.107046
0.063528
0.032813
-0.039896
-0.084134
-0.098829
-0.105240
-0.106265
-0.105240
-0.105822
-0.104696
-0.104744
-0.105936
-0.105556
-0.104784
-0.106576
-0.104895
-0.105517
-0.106491
-0.106352
-0.105702
-0.105572
-0.105652
-0.105762
-0.105682
-0.104472
-0.104048
-0.102774
-0.105760
-0.105039
-0.103314
-0.105668
-0.105641
-0.106155
-0.106431
-0.106564
-0.106535
-0.106498
-0.106660
-0.106815
-0.106748
-0.106460
-0.106763
-0.106568
-0.106644
-0.106742
-0.106651
-0.106639
-0.106776
-0.106793
-0.106837
-0.106807
-0.106918
-0.106100
-0.106232
-0.106174
-0.106689
-0.105991
-0.106669
-0.106664
-0.106960
-0.106855
-0.106824
-0.106737
-0.106853
-0.106818
-0.106738
-0.106812
-0.106809
-0.106744
-0.106848
-0.106765
-0.106752
-0.106794
-0.106821
-0.106794
-0.106749
-0.106737
-0.106731
-0.106771
-0.106664
-0.106573
-0.106845
-0.106868
-0.106593
-0.106688
-0.106793
-0.106765
-0.106760
-0.106887
-0.106699
-0.106847
-0.106714
-0.106829
-0.106677
-0.106945
-0.106799
-0.106869
-0.106847
-0.106832
-0.106824
-0.029052
0.954539
0.552195
0.109392
-0.067999
-0.103687
-0.096016
-0.106212
-0.103236
-0.101539
-0.101512
-0.103283
-0.105938
-0.105436
-0.103414
-0.102487
-0.102881
-0.104402
-0.106533
-0.104450
-0.101915
-0.100093
-0.096977
-0.098155
-0.096197
-0.088927
-0.067823
-0.095234
-0.095699
-0.071823
-0.093593
-0.098427
-0.099159
-0.102120
-0.105505
-0.106375
-0.105314
-0.104921
-0.105151
-0.105631
-0.106231
-0.106263
-0.105824
-0.105596
-0.105745
-0.106115
-0.106173
-0.105635
-0.105030
-0.105105
-0.105734
-0.104177
-0.106268
-0.098957
-0.102262
-0.105712
-0.100492
-0.102269
-0.102176
-0.104161
-0.105675
-0.106236
-0.106744
-0.106129
-0.105936
-0.106412
-0.106121
-0.106427
-0.106728
-0.106488
-0.106324
-0.106298
-0.106431
-0.106598
-0.106564
-0.106295
-0.106106
-0.105539
-0.105089
-0.106448
-0.104841
-0.104634
-0.105549
-0.105571
-0.104339
-0.104908
-0.105840
-0.105739
-0.106233
-0.106281
-0.106135
-0.105867
-0.106079
-0.105995
-0.106335
-0.106258
-0.106242
-0.106475
-0.106590
-0.106658
-0.098732
0.527491
0.115445
-0.075477
-0.099805
-0.101181
-0.104312
-0.104599
-0.104207
-0.104289
-0.104276
-0.104443
-0.104547
-0.104496
-0.104531
-0.104302
-0.104162
-0.104050
-0.103977
-0.103940
-0.103506
-0.102770
-0.101927
-0.100318
-0.099763
-0.091987
-0.092536
-0.099296
-0.099712
-0.103034
-0.098858
-0.102175
-0.103875
-0.105115
-0.105614
-0.105747
-0.105929
-0.106125
-0.106302
-0.106453
-0.106483
-0.106484
-0.106442
-0.106438
-0.106463
-0.106485
-0.106448
-0.106291
-0.106126
-0.106055
-0.106018
-0.106365
-0.105673
-0.106204
-0.103201
-0.104628
-0.105354
-0.104502
-0.105555
-0.106156
-0.106394
-0.106569
-0.106529
-0.106332
-0.106461
-0.106440
-0.106412
-0.106518
-0.106555
-0.106553
-0.106516
-0.106468
-0.106436
-0.106429
-0.106454
-0.106471
-0.106409
-0.106259
-0.105968
-0.105848
-0.105649
-0.104697
-0.105268
-0.106201
-0.106036
-0.106335
-0.106577
-0.106604
-0.106689
-0.106455
-0.106248
-0.106925
-0.106338
-0.106410
-0.106582
-0.106434
-0.106417
-0.106420
-0.106465
-0.106508
-0.018436
1.903231
0.136532
-0.025496
-0.076556
-0.103710
-0.104092
-0.101634
-0.101176
-0.102306
-0.104097
-0.103736
-0.102173
-0.101404
-0.102079
-0.103306
-0.103276
-0.101623
-0.100370
-0.100380
-0.101559
-0.101364
-0.098203
-0.095958
-0.086308
-0.096393
-0.058244
-0.081344
-0.082413
-0.076946
-0.096387
-0.097225
-0.103411
-0.104273
-0.103608
-0.103892
-0.104888
-0.106179
-0.106115
-0.105498
-0.105479
-0.106008
-0.106627
-0.106111
-0.105550
-0.105474
-0.105898
-0.106393
-0.105673
-0.104769
-0.104502
-0.104044
-0.105269
-0.103033
-0.096688
-0.103006
-0.097841
-0.102071
-0.104552
-0.105729
-0.106487
-0.105962
-0.105799
-0.105207
-0.105750
-0.105945
-0.106392
-0.106169
-0.105926
-0.105835
-0.106006
-0.106260
-0.106190
-0.105857
-0.105617
-0.105704
-0.106052
-0.106101
-0.105537
-0.104049
-0.104290
-0.101765
-0.102903
-0.103861
-0.104637
-0.106559
-0.106623
-0.106152
-0.105598
-0.106125
-0.105247
-0.106008
-0.105343
-0.106198
-0.105430
-0.105704
-0.105870
-0.106133
-0.106108
-0.105901
