-2.314763
1.790301
0.516599
-8.734632
-0.106239
-0.106230
-0.001179
1.134024
4.821747
-2.881491
-0.106231
-0.106226
2.215862
1.493668
5.745862
-4.713467
-0.106239
-0.106221
-0.405892
2.068371
5.584872
-5.330544
-0.106235
-0.106234
-0.060726
5.602532
11.097025
-9.600342
-0.106235
-0.106237
-0.155016
1.444477
3.294937
-3.234984
-0.106235
-0.106235
8.869144
-0.105380
8.870709
8.868022
-0.106234
-0.106238
8.689900
3.232412
14.647328
3.930330
-0.106235
-0.106238
2.097449
0.610216
0.332280
0.470584
0.329300
0.006269
0.276616
0.151314
0.099038
-0.047220
0.058543
0.111350
-0.068019
0.098976
0.080021
-0.039965
0.082608
0.002126
-0.041469
0.008383
0.016327
-0.046158
-0.011791
-0.021335
-0.071169
-0.040713
-0.058455
-0.060474
-0.061711
-0.062807
-0.069194
-0.066186
-0.054140
-0.086735
-0.054322
-0.064901
-0.083378
-0.074516
-0.064930
-0.090062
-0.073314
-0.067368
-0.102183
-0.076586
-0.085560
-0.101190
-0.089543
-0.094026
-0.090301
-0.100464
-0.086865
-0.089344
-0.099984
-0.100355
-0.102139
-0.103794
-0.102466
-0.097905
-0.097551
-0.105144
-0.092818
-0.093744
-0.100569
-0.102271
-0.100289
-0.096329
-0.102701
-0.097028
-0.093992
-0.104568
-0.094138
-0.097091
-0.102706
-0.098052
-0.097059
-0.099725
-0.100462
-0.096984
-0.104251
-0.100020
-0.101144
-0.101068
-0.101959
-0.100322
-0.102180
-0.099635
-0.096959
-0.105296
-0.098638
-0.100403
-0.102618
-0.100720
-0.099188
-0.102766
-0.100915
-0.096031
-0.101905
-0.101664
-0.100713
-0.105133
-0.002169
0.278338
0.238101
0.084131
-0.018844
0.005274
0.021480
-0.026932
0.072022
0.012758
0.164336
0.129257
0.099614
0.182449
0.078609
0.041797
0.046997
-0.069700
-0.028354
-0.061626
-0.078122
-0.039475
-0.046716
-0.071051
-0.039686
-0.082369
-0.087732
-0.095684
-0.094660
-0.099480
-0.068931
-0.083319
-0.073413
-0.072923
-0.094250
-0.090369
-0.083203
-0.095595
-0.079989
-0.078496
-0.077465
-0.061192
-0.074755
-0.077682
-0.072782
-0.091496
-0.089991
-0.097313
-0.101358
-0.101098
-0.103132
-0.100379
-0.101009
-0.102750
-0.105545
-0.105327
-0.102842
-0.103684
-0.103449
-0.102384
-0.101025
-0.105607
-0.101605
-0.103515
-0.096351
-0.096370
-0.097058
-0.091373
-0.096174
-0.096351
-0.094757
-0.102021
-0.100022
-0.102557
-0.102675
-0.101728
-0.104097
-0.104089
-0.102084
-0.104826
-0.104302
-0.105288
-0.104586
-0.105998
-0.103255
-0.103315
-0.102063
-0.100685
-0.103847
-0.103840
-0.102493
-0.104917
-0.103676
-0.102637
-0.102244
-0.098669
-0.100428
-0.101280
-0.100095
-0.105218
2.214061
0.272829
0.312655
-0.009805
0.370368
0.410863
0.190660
0.157081
0.217127
0.199650
0.005467
0.023186
0.026630
-0.087777
-0.035572
-0.028589
-0.061753
-0.036357
-0.016160
-0.048295
-0.068861
-0.051373
-0.080073
-0.082175
-0.064526
-0.095400
-0.077523
-0.091363
-0.081880
-0.097991
-0.078927
-0.087781
-0.095590
-0.081528
-0.093429
-0.089702
-0.079486
-0.085888
-0.093865
-0.087250
-0.091808
-0.101939
-0.088401
-0.090692
-0.096900
-0.078828
-0.085629
-0.091619
-0.088390
-0.082410
-0.086510
-0.102466
-0.096972
-0.100919
-0.104912
-0.105549
-0.102947
-0.104826
-0.095966
-0.093253
-0.100463
-0.094546
-0.092583
-0.092869
-0.099477
-0.100359
-0.096421
-0.103221
-0.101111
-0.100941
-0.105211
-0.102201
-0.100593
-0.103129
-0.103279
-0.101629
-0.103985
-0.103495
-0.102258
-0.103562
-0.103197
-0.104832
-0.102716
-0.104895
-0.100853
-0.100810
-0.105700
-0.101267
-0.102654
-0.104582
-0.102665
-0.103234
-0.104429
-0.101992
-0.101642
-0.105024
-0.099938
-0.100174
-0.102623
-0.100092
0.192250
0.543441
0.745115
0.153578
0.408803
0.375397
0.081906
0.229065
0.338187
0.095837
0.235637
0.167014
-0.035280
0.041233
0.002260
-0.060946
-0.059962
-0.017504
-0.049535
-0.061694
-0.063377
-0.087264
-0.094240
-0.091259
-0.096246
-0.103535
-0.103180
-0.105056
-0.103881
-0.104998
-0.102661
-0.101018
-0.102581
-0.100294
-0.094457
-0.095152
-0.095349
-0.087569
-0.093483
-0.096215
-0.091688
-0.092113
-0.102101
-0.086300
-0.080832
-0.093035
-0.082735
-0.087956
-0.097856
-0.093832
-0.097163
-0.102335
-0.099348
-0.102128
-0.105588
-0.105165
-0.103534
-0.103148
-0.100584
-0.100363
-0.103476
-0.099368
-0.096229
-0.100576
-0.095292
-0.096078
-0.102077
-0.099201
-0.100990
-0.105157
-0.104181
-0.101549
-0.102504
-0.102869
-0.102778
-0.104556
-0.105317
-0.105138
-0.104557
-0.104731
-0.105603
-0.104419
-0.104539
-0.105468
-0.104469
-0.104967
-0.105693
-0.105195
-0.105353
-0.104983
-0.105221
-0.104332
-0.104277
-0.104493
-0.104392
-0.104342
-0.104405
-0.104300
-0.102433
-0.101554
-0.059505
1.929076
2.880288
1.072870
0.715163
0.794888
0.100315
0.129366
0.147491
0.131811
0.001448
-0.030142
-0.028715
-0.048845
-0.048379
-0.059622
-0.067283
-0.067587
-0.061395
-0.083535
-0.077847
-0.051908
-0.071583
-0.070233
-0.057352
-0.077182
-0.076603
-0.072614
-0.079771
-0.084739
-0.077828
-0.086988
-0.091247
-0.082950
-0.095618
-0.099040
-0.095721
-0.102231
-0.100208
-0.098537
-0.099865
-0.099672
-0.101175
-0.101404
-0.099976
-0.094842
-0.096813
-0.098626
-0.100263
-0.089535
-0.091970
-0.097077
-0.082405
-0.097052
-0.099886
-0.099494
-0.091918
-0.095104
-0.097126
-0.090536
-0.102478
-0.100212
-0.099524
-0.101274
-0.103415
-0.103373
-0.102770
-0.104558
-0.104445
-0.104715
-0.104498
-0.104842
-0.104223
-0.105399
-0.105402
-0.103606
-0.104891
-0.104140
-0.102919
-0.104849
-0.103462
-0.103360
-0.104891
-0.103551
-0.102878
-0.104125
-0.103632
-0.101770
-0.105008
-0.103493
-0.104225
-0.104230
-0.103615
-0.104543
-0.102052
-0.104156
-0.104276
-0.103688
-0.104036
-0.103721
-0.057650
0.344641
0.687700
0.418811
0.086498
-0.014533
-0.023922
0.003350
-0.032387
-0.077484
-0.093787
-0.096679
-0.076011
-0.077791
-0.081675
-0.045216
-0.063130
-0.048960
-0.062277
-0.073653
-0.084677
-0.092218
-0.096917
-0.099949
-0.100346
-0.105184
-0.103200
-0.105572
-0.104111
-0.105236
-0.103284
-0.102371
-0.103227
-0.100277
-0.101969
-0.097328
-0.096681
-0.093514
-0.096612
-0.094559
-0.099976
-0.100714
-0.101476
-0.105045
-0.104676
-0.105735
-0.102589
-0.100569
-0.103470
-0.103926
-0.101297
-0.099764
-0.098487
-0.103581
-0.103702
-0.103637
-0.101520
-0.100317
-0.102341
-0.102388
-0.103855
-0.102890
-0.103788
-0.105372
-0.104897
-0.105888
-0.105155
-0.105214
-0.105755
-0.103927
-0.103963
-0.103403
-0.103294
-0.103950
-0.104088
-0.105267
-0.105165
-0.106026
-0.105558
-0.106143
-0.105783
-0.105968
-0.106005
-0.106194
-0.106075
-0.105832
-0.105569
-0.104614
-0.105802
-0.104599
-0.104675
-0.104503
-0.105297
-0.104174
-0.103826
-0.105912
-0.105851
-0.105920
-0.105927
-0.105409
-2.681269
0.273239
-2.123044
-3.374566
-0.106236
-0.106238
0.188534
0.215136
0.669451
-0.177373
-0.106234
-0.106239
0.150836
0.162367
0.552245
-0.295530
-0.106235
-0.106238
-0.059197
0.915702
1.694503
-1.935739
-0.106236
-0.106237
-0.165401
0.956789
1.165882
-1.814798
-0.106236
-0.106239
-0.086519
2.359066
3.615941
-3.281564
-0.106235
-0.106239
5.657646
0.991372
7.629850
4.146067
-0.106234
-0.106238
2.466144
0.021100
0.123491
-0.089758
-0.055547
-0.102786
-0.099968
-0.104643
-0.103923
-0.105344
-0.103906
-0.104591
-0.103386
-0.104853
-0.105086
-0.105233
-0.103782
-0.105263
-0.104630
-0.105209
-0.104878
-0.105047
-0.102876
-0.100165
-0.101667
-0.099748
-0.096105
-0.101904
-0.101699
-0.098354
-0.100457
-0.105073
-0.102099
-0.104215
-0.105018
-0.104971
-0.105332
-0.105069
-0.105118
-0.105419
-0.105505
-0.105467
-0.105573
-0.105657
-0.105464
-0.105725
-0.105561
-0.105638
-0.105702
-0.105856
-0.105540
-0.103936
-0.105798
-0.103423
-0.105303
-0.105714
-0.104530
-0.104146
-0.104760
-0.105236
-0.105996
-0.105867
-0.105777
-0.105857
-0.105755
-0.105840
-0.105901
-0.105900
-0.105907
-0.105921
-0.105929
-0.105773
-0.105912
-0.105850
-0.105880
-0.105865
-0.105853
-0.105611
-0.105511
-0.105860
-0.105505
-0.105334
-0.105843
-0.105515
-0.105897
-0.105282
-0.106118
-0.106000
-0.105784
-0.105902
-0.106057
-0.106018
-0.105926
-0.105743
-0.106150
-0.106082
-0.105983
-0.106003
-0.105971
-0.106048
0.189990
0.111223
-0.051382
-0.076153
-0.095364
-0.094297
-0.105214
-0.105101
-0.105605
-0.104898
-0.105129
-0.105514
-0.104588
-0.105219
-0.105402
-0.105337
-0.105552
-0.106115
-0.105634
-0.105854
-0.106121
-0.105909
-0.105784
-0.103564
-0.104860
-0.101517
-0.104259
-0.101626
-0.103228
-0.102581
-0.102762
-0.104624
-0.104661
-0.105369
-0.105197
-0.105475
-0.105575
-0.105447
-0.105497
-0.105538
-0.105785
-0.105546
-0.105802
-0.105764
-0.105705
-0.105734
-0.105688
-0.105793
-0.105725
-0.105774
-0.105595
-0.105875
-0.105877
-0.104622
-0.104987
-0.105605
-0.104532
-0.105742
-0.105762
-0.105899
-0.105827
-0.105750
-0.105917
-0.105917
-0.105848
-0.105925
-0.105954
-0.105961
-0.105840
-0.105972
-0.105904
-0.105885
-0.105894
-0.105908
-0.105926
-0.105878
-0.105913
-0.105885
-0.105917
-0.105786
-0.105470
-0.106139
-0.105691
-0.105760
-0.106028
-0.106116
-0.105994
-0.106037
-0.105929
-0.106181
-0.106059
-0.105984
-0.106124
-0.106003
-0.105942
-0.105978
-0.106025
-0.105999
-0.105980
-0.106002
0.152184
0.079422
-0.072698
-0.095399
-0.091752
-0.099457
-0.104577
-0.104790
-0.104298
-0.103781
-0.104466
-0.103687
-0.105728
-0.104560
-0.104763
-0.105737
-0.105002
-0.105816
-0.105333
-0.105750
-0.105757
-0.105904
-0.105253
-0.105201
-0.104274
-0.104943
-0.103026
-0.102311
-0.103532
-0.102493
-0.105194
-0.103903
-0.105421
-0.105431
-0.105176
-0.105317
-0.105572
-0.105634
-0.105506
-0.105960
-0.105565
-0.105716
-0.105980
-0.105661
-0.105798
-0.105838
-0.105971
-0.105744
-0.105788
-0.105945
-0.105740
-0.106126
-0.105755
-0.105208
-0.105043
-0.105905
-0.105027
-0.105800
-0.105635
-0.106151
-0.105882
-0.105837
-0.106028
-0.106095
-0.106036
-0.106022
-0.106135
-0.105955
-0.106060
-0.106128
-0.105969
-0.106066
-0.106102
-0.106096
-0.106004
-0.106071
-0.106130
-0.106012
-0.106139
-0.105948
-0.105865
-0.105994
-0.105925
-0.106040
-0.105805
-0.106088
-0.106097
-0.106046
-0.106127
-0.106020
-0.106104
-0.106084
-0.106034
-0.106205
-0.106195
-0.106207
-0.106199
-0.106153
-0.106222
-0.106204
-0.051908
0.469981
0.298555
0.044733
-0.055622
-0.070828
-0.094224
-0.099129
-0.098804
-0.100087
-0.101000
-0.101218
-0.101842
-0.102089
-0.102091
-0.102803
-0.102716
-0.102629
-0.103460
-0.103105
-0.102852
-0.104184
-0.102860
-0.094062
-0.096994
-0.086412
-0.088984
-0.093585
-0.089723
-0.096060
-0.095034
-0.098287
-0.098711
-0.104539
-0.104221
-0.104131
-0.104771
-0.104481
-0.104597
-0.104815
-0.104710
-0.104829
-0.104977
-0.104811
-0.104964
-0.105088
-0.104829
-0.105045
-0.105168
-0.104452
-0.104466
-0.104489
-0.104984
-0.100888
-0.103749
-0.105400
-0.100653
-0.103363
-0.102789
-0.105054
-0.105807
-0.105038
-0.105313
-0.105342
-0.104945
-0.105434
-0.105455
-0.105377
-0.105410
-0.105344
-0.105372
-0.105449
-0.105369
-0.105380
-0.105529
-0.105367
-0.105379
-0.105860
-0.105769
-0.104923
-0.104536
-0.103785
-0.104639
-0.103354
-0.105797
-0.105679
-0.105328
-0.105118
-0.105300
-0.105375
-0.105073
-0.105001
-0.105252
-0.105498
-0.104997
-0.105295
-0.105441
-0.105505
-0.105383
-0.105417
-0.053129
0.628383
0.046388
-0.069639
-0.082740
-0.098150
-0.101168
-0.103192
-0.105809
-0.103295
-0.103813
-0.105979
-0.104170
-0.104255
-0.105912
-0.104596
-0.104470
-0.105605
-0.104699
-0.104614
-0.105158
-0.104307
-0.104469
-0.105527
-0.103875
-0.103774
-0.093281
-0.092519
-0.094399
-0.092915
-0.098095
-0.104232
-0.103530
-0.103472
-0.105145
-0.105372
-0.104469
-0.105224
-0.105757
-0.104913
-0.105291
-0.105954
-0.105135
-0.105299
-0.106122
-0.105263
-0.105248
-0.106110
-0.105294
-0.105019
-0.105904
-0.105602
-0.104785
-0.105822
-0.102474
-0.105134
-0.102373
-0.103657
-0.105300
-0.105045
-0.105153
-0.105942
-0.105717
-0.105468
-0.106109
-0.106017
-0.105736
-0.105982
-0.106036
-0.105765
-0.105931
-0.106078
-0.105776
-0.105864
-0.106154
-0.105748
-0.105718
-0.106024
-0.105732
-0.105364
-0.105880
-0.105370
-0.104982
-0.105388
-0.104997
-0.105208
-0.105580
-0.105551
-0.105580
-0.105589
-0.105874
-0.105707
-0.105970
-0.105896
-0.105998
-0.106092
-0.106077
-0.106070
-0.106149
-0.106150
-0.101092
1.595614
0.248252
-0.021788
-0.029261
-0.065784
-0.086625
-0.083955
-0.084620
-0.092656
-0.091623
-0.090116
-0.095758
-0.095556
-0.092938
-0.097323
-0.098039
-0.094530
-0.098057
-0.100048
-0.095112
-0.097682
-0.101955
-0.093880
-0.103182
-0.097248
-0.074534
-0.075650
-0.075378
-0.078132
-0.093515
-0.092092
-0.103399
-0.102142
-0.099779
-0.102544
-0.103189
-0.100977
-0.102334
-0.103514
-0.101446
-0.102263
-0.103750
-0.101802
-0.102183
-0.104008
-0.102025
-0.101935
-0.104372
-0.102110
-0.101161
-0.105457
-0.103101
-0.102703
-0.095665
-0.103359
-0.100673
-0.098480
-0.100793
-0.104922
-0.102147
-0.102640
-0.104186
-0.103127
-0.103193
-0.103769
-0.103542
-0.103022
-0.103855
-0.103635
-0.103036
-0.103835
-0.103758
-0.102975
-0.103780
-0.103942
-0.102786
-0.103594
-0.104490
-0.102512
-0.103149
-0.101797
-0.105090
-0.105238
-0.100822
-0.104747
-0.103244
-0.102387
-0.104481
-0.103173
-0.103806
-0.104500
-0.103414
-0.104049
-0.103227
-0.103952
-0.104006
-0.103495
-0.103890
-0.103913
