-1.044540
1.782828
1.709829
-7.973026
-0.111775
-0.111764
-0.067648
0.882669
2.981613
-2.740432
-0.111769
-0.111766
2.664902
1.480346
6.813995
-3.349314
-0.111773
-0.111760
-0.267928
1.768374
5.590366
-3.984594
-0.111770
-0.111769
-0.003302
5.438977
11.200391
-9.801568
-0.111771
-0.111772
-0.089575
1.463785
3.393073
-3.826891
-0.111771
-0.111770
10.359479
-0.110973
10.360886
10.358443
-0.111770
-0.111774
7.536542
3.318752
13.214534
2.892264
-0.111770
-0.111774
0.815565
0.601728
0.344747
0.499207
0.336860
-0.005186
0.329361
0.135219
-0.010569
0.067694
0.020642
0.074666
-0.026370
0.073006
0.030139
-0.074433
0.010398
-0.027431
-0.084518
-0.079703
-0.037952
-0.060550
-0.082605
-0.043316
-0.043370
-0.092204
-0.028786
-0.051736
-0.072501
-0.048434
-0.082000
-0.081465
-0.073320
-0.078213
-0.099716
-0.086384
-0.089713
-0.099479
-0.094606
-0.073855
-0.089156
-0.091547
-0.076301
-0.103282
-0.094988
-0.101007
-0.106205
-0.103018
-0.106082
-0.093207
-0.099595
-0.106594
-0.095343
-0.099205
-0.105755
-0.107199
-0.108555
-0.106839
-0.104403
-0.095968
-0.104796
-0.102471
-0.098417
-0.107813
-0.106522
-0.104497
-0.105555
-0.108330
-0.105601
-0.105420
-0.106108
-0.109102
-0.102617
-0.103174
-0.109201
-0.104248
-0.104543
-0.109895
-0.107056
-0.102292
-0.107951
-0.104976
-0.102444
-0.108672
-0.106807
-0.105270
-0.106464
-0.107529
-0.104178
-0.109562
-0.108162
-0.106824
-0.108039
-0.107420
-0.105706
-0.105949
-0.108769
-0.106404
-0.109355
-0.109074
-0.068156
0.162073
0.154583
-0.024230
-0.057919
0.011752
-0.028630
0.065561
0.064575
0.024340
0.145646
0.056255
0.016704
0.085098
-0.005875
-0.041040
0.028941
-0.037044
-0.057459
-0.046241
-0.060754
-0.049292
-0.074240
-0.056584
-0.090181
-0.046542
-0.096886
-0.064931
-0.069944
-0.092513
-0.060043
-0.101424
-0.078798
-0.090004
-0.086912
-0.093823
-0.081786
-0.091527
-0.088126
-0.071779
-0.094157
-0.094072
-0.083523
-0.096944
-0.100392
-0.092488
-0.110474
-0.097109
-0.106926
-0.098767
-0.098435
-0.103643
-0.107948
-0.103714
-0.105610
-0.108199
-0.110283
-0.108873
-0.107816
-0.107011
-0.107820
-0.108137
-0.099705
-0.099491
-0.103199
-0.096446
-0.101327
-0.106125
-0.101171
-0.105852
-0.110043
-0.104937
-0.106823
-0.104927
-0.107093
-0.106326
-0.104305
-0.108241
-0.106661
-0.107771
-0.104229
-0.110047
-0.103902
-0.105170
-0.107981
-0.104802
-0.109456
-0.107739
-0.108531
-0.108790
-0.109748
-0.105551
-0.106854
-0.108435
-0.103986
-0.106879
-0.107956
-0.106752
-0.107905
-0.109904
2.662877
0.272524
0.329353
-0.042773
0.346726
0.402517
0.133762
0.165707
0.203816
0.097342
-0.041283
-0.024292
0.020360
-0.043609
-0.035845
0.028958
-0.047582
-0.016765
0.016162
-0.013570
-0.042363
-0.004126
-0.033351
-0.060198
-0.018690
-0.077276
-0.045263
-0.058268
-0.072797
-0.053673
-0.096857
-0.061142
-0.079847
-0.091054
-0.073623
-0.095661
-0.097044
-0.091540
-0.097461
-0.102903
-0.102467
-0.094159
-0.095452
-0.104987
-0.091792
-0.101969
-0.097251
-0.092245
-0.091343
-0.101626
-0.097673
-0.091211
-0.101879
-0.108041
-0.104840
-0.109784
-0.108409
-0.108246
-0.106659
-0.107218
-0.097733
-0.100527
-0.105740
-0.099679
-0.101791
-0.105706
-0.108342
-0.103459
-0.103259
-0.108526
-0.100026
-0.104965
-0.104538
-0.100872
-0.105273
-0.106416
-0.104405
-0.107045
-0.108648
-0.104961
-0.109970
-0.105285
-0.105962
-0.108688
-0.104573
-0.109770
-0.108198
-0.108186
-0.109678
-0.108722
-0.109817
-0.109121
-0.111030
-0.109080
-0.109687
-0.109958
-0.111063
-0.110370
-0.109441
-0.106903
0.043831
0.406649
0.639643
0.214495
0.316566
0.356148
0.033220
0.254605
0.239227
0.022592
0.125294
0.009408
-0.086656
-0.026885
-0.024700
-0.045416
-0.034409
-0.061159
-0.034079
-0.073675
-0.062864
-0.059991
-0.097309
-0.085659
-0.098151
-0.086847
-0.092760
-0.086625
-0.088043
-0.095616
-0.094549
-0.105556
-0.103562
-0.109324
-0.099210
-0.103250
-0.098246
-0.098597
-0.098162
-0.089075
-0.107433
-0.095305
-0.093885
-0.104103
-0.098185
-0.089918
-0.099608
-0.097495
-0.097014
-0.110484
-0.106086
-0.104071
-0.106073
-0.107363
-0.106619
-0.107164
-0.107365
-0.105079
-0.105182
-0.105459
-0.102289
-0.106350
-0.104597
-0.103075
-0.110592
-0.106963
-0.110081
-0.107949
-0.109512
-0.109398
-0.106661
-0.108170
-0.109958
-0.105907
-0.108484
-0.107694
-0.107450
-0.109973
-0.108677
-0.110137
-0.109847
-0.109959
-0.110790
-0.110170
-0.111356
-0.111116
-0.110603
-0.110689
-0.110304
-0.110752
-0.110706
-0.108808
-0.110279
-0.108157
-0.106816
-0.111395
-0.108145
-0.108166
-0.109932
-0.109012
-0.001636
1.877328
2.859105
0.972666
0.645821
0.646802
0.083790
0.035971
0.152328
0.059952
-0.037806
-0.002892
-0.035182
-0.032855
-0.039744
-0.025827
-0.078439
-0.039259
-0.048194
-0.093516
-0.084161
-0.069349
-0.090604
-0.096635
-0.084349
-0.092991
-0.108072
-0.096804
-0.098425
-0.105693
-0.108853
-0.097902
-0.097016
-0.108598
-0.097522
-0.101059
-0.108095
-0.104704
-0.100553
-0.102416
-0.103708
-0.101721
-0.099561
-0.105651
-0.102126
-0.106550
-0.108338
-0.101699
-0.098703
-0.105597
-0.094388
-0.094445
-0.106929
-0.096323
-0.101858
-0.102468
-0.108062
-0.092929
-0.100773
-0.108999
-0.104490
-0.104486
-0.108971
-0.105887
-0.104725
-0.109392
-0.110504
-0.109180
-0.108964
-0.110641
-0.107671
-0.109229
-0.109537
-0.108911
-0.109828
-0.111277
-0.110267
-0.109346
-0.111102
-0.110532
-0.110251
-0.110457
-0.110766
-0.110226
-0.109055
-0.111295
-0.110113
-0.108152
-0.108827
-0.110430
-0.108213
-0.109308
-0.110886
-0.110472
-0.107239
-0.108654
-0.108718
-0.107470
-0.109844
-0.109966
-0.089581
0.312918
0.617584
0.343735
0.214434
0.220244
0.097458
-0.022849
-0.037241
0.030440
-0.029759
-0.049740
-0.052264
-0.077167
-0.077564
-0.080382
-0.100241
-0.087768
-0.110306
-0.089032
-0.105923
-0.096468
-0.102079
-0.101311
-0.104902
-0.098489
-0.103984
-0.097719
-0.102010
-0.102940
-0.102089
-0.105203
-0.104470
-0.104092
-0.105681
-0.106019
-0.103694
-0.107642
-0.105540
-0.104556
-0.108576
-0.104362
-0.107043
-0.104843
-0.104209
-0.107101
-0.102476
-0.109013
-0.110488
-0.107604
-0.104672
-0.102641
-0.106450
-0.107433
-0.108159
-0.109736
-0.110416
-0.107704
-0.106536
-0.109303
-0.106838
-0.105194
-0.109017
-0.110310
-0.107858
-0.109762
-0.110844
-0.110877
-0.110044
-0.110769
-0.110854
-0.110621
-0.111320
-0.110052
-0.110833
-0.110595
-0.110063
-0.110995
-0.110320
-0.110662
-0.111030
-0.110690
-0.110389
-0.110835
-0.110635
-0.110122
-0.110829
-0.110628
-0.110802
-0.110951
-0.110815
-0.110491
-0.110103
-0.110686
-0.109784
-0.110141
-0.111245
-0.111323
-0.110440
-0.110109
-2.422038
0.327499
-1.565663
-3.050830
-0.111769
-0.111773
0.787200
0.299553
1.487239
0.310838
-0.111769
-0.111774
0.033460
0.007255
0.217576
-0.159134
-0.111771
-0.111774
-0.193019
1.503776
1.897883
-2.911707
-0.111771
-0.111774
-0.031565
0.589769
1.191831
-0.974672
-0.111769
-0.111773
-0.266434
1.863443
2.868369
-2.712066
-0.111770
-0.111774
6.104437
1.133851
8.552044
4.301255
-0.111769
-0.111773
2.196132
0.017614
0.164869
-0.084139
-0.069466
-0.102450
-0.105559
-0.107534
-0.108906
-0.108926
-0.110790
-0.108002
-0.108750
-0.111396
-0.110909
-0.110582
-0.109964
-0.109025
-0.111215
-0.110227
-0.109806
-0.110205
-0.109265
-0.107509
-0.107725
-0.106177
-0.097576
-0.107437
-0.111704
-0.108158
-0.099908
-0.109917
-0.108683
-0.111233
-0.111144
-0.111544
-0.111451
-0.111501
-0.111248
-0.111083
-0.111462
-0.111241
-0.111112
-0.111361
-0.111371
-0.111430
-0.111261
-0.111187
-0.111438
-0.111386
-0.111402
-0.110950
-0.110614
-0.109906
-0.108565
-0.109903
-0.110833
-0.111005
-0.108419
-0.110930
-0.110260
-0.110792
-0.110981
-0.110963
-0.111093
-0.110996
-0.110969
-0.111156
-0.111063
-0.110951
-0.111059
-0.111057
-0.111013
-0.111024
-0.110989
-0.111100
-0.111031
-0.110966
-0.110999
-0.111016
-0.110652
-0.111639
-0.110220
-0.110470
-0.110859
-0.110922
-0.110799
-0.111118
-0.111359
-0.111525
-0.111486
-0.110812
-0.111081
-0.110838
-0.111093
-0.111039
-0.110951
-0.111089
-0.111126
-0.111036
0.786903
0.166933
-0.035972
-0.090652
-0.106441
-0.101732
-0.110457
-0.109543
-0.110393
-0.110453
-0.110418
-0.110720
-0.110035
-0.110433
-0.109765
-0.110979
-0.111135
-0.111536
-0.111062
-0.111447
-0.111578
-0.111322
-0.111666
-0.109994
-0.111083
-0.109192
-0.106518
-0.105072
-0.109992
-0.104796
-0.109518
-0.110533
-0.111218
-0.110875
-0.111511
-0.111249
-0.111308
-0.111410
-0.111595
-0.111334
-0.111184
-0.111475
-0.111641
-0.111575
-0.111408
-0.111502
-0.111587
-0.111528
-0.111506
-0.111532
-0.111421
-0.111521
-0.111413
-0.110970
-0.110718
-0.110197
-0.111092
-0.109817
-0.111266
-0.111249
-0.111260
-0.111507
-0.111495
-0.111498
-0.111456
-0.111511
-0.111487
-0.111471
-0.111479
-0.111543
-0.111493
-0.111467
-0.111449
-0.111465
-0.111478
-0.111441
-0.111466
-0.111430
-0.111409
-0.111349
-0.111459
-0.111026
-0.111357
-0.111221
-0.111563
-0.111107
-0.111409
-0.111513
-0.111269
-0.111704
-0.111287
-0.111455
-0.111579
-0.111479
-0.111533
-0.111513
-0.111557
-0.111491
-0.111445
-0.111498
0.034344
-0.033940
-0.083958
-0.099045
-0.103926
-0.107523
-0.110293
-0.109114
-0.109263
-0.109403
-0.110671
-0.109891
-0.110965
-0.111129
-0.111085
-0.110286
-0.110391
-0.111502
-0.111095
-0.111043
-0.111415
-0.111477
-0.111011
-0.110736
-0.111272
-0.111379
-0.110767
-0.109737
-0.111105
-0.109530
-0.111182
-0.111284
-0.111004
-0.111601
-0.111407
-0.111457
-0.111405
-0.111627
-0.111422
-0.111442
-0.111328
-0.111419
-0.111346
-0.111511
-0.111492
-0.111403
-0.111384
-0.111484
-0.111445
-0.111371
-0.111407
-0.111655
-0.111304
-0.111237
-0.111459
-0.111110
-0.111428
-0.111622
-0.111261
-0.111211
-0.111565
-0.111440
-0.111406
-0.111408
-0.111486
-0.111418
-0.111400
-0.111466
-0.111516
-0.111447
-0.111476
-0.111465
-0.111471
-0.111448
-0.111494
-0.111479
-0.111466
-0.111456
-0.111514
-0.111408
-0.111478
-0.111511
-0.111435
-0.111629
-0.111495
-0.111336
-0.111486
-0.111592
-0.111470
-0.111390
-0.111513
-0.111519
-0.111496
-0.111476
-0.111517
-0.111514
-0.111462
-0.111483
-0.111503
-0.111502
-0.040180
1.008692
0.094056
-0.044805
-0.069950
-0.081437
-0.096874
-0.104244
-0.104511
-0.103471
-0.105743
-0.107706
-0.106236
-0.106334
-0.108584
-0.108490
-0.107170
-0.107933
-0.109876
-0.108498
-0.107664
-0.109016
-0.111139
-0.108387
-0.104118
-0.105315
-0.095732
-0.085377
-0.109206
-0.083081
-0.105857
-0.107027
-0.104981
-0.108943
-0.111394
-0.109774
-0.109472
-0.110677
-0.110704
-0.109912
-0.110238
-0.111094
-0.110429
-0.110128
-0.110802
-0.111059
-0.110311
-0.110445
-0.111396
-0.110681
-0.110030
-0.111221
-0.110674
-0.108496
-0.108710
-0.105407
-0.109627
-0.106134
-0.109604
-0.110928
-0.110172
-0.111460
-0.110927
-0.110738
-0.111207
-0.111267
-0.110940
-0.111015
-0.111445
-0.111164
-0.110994
-0.111274
-0.111433
-0.111068
-0.111077
-0.111500
-0.111262
-0.110895
-0.111057
-0.111268
-0.111153
-0.110017
-0.110474
-0.109764
-0.111071
-0.109323
-0.110733
-0.110949
-0.111429
-0.110386
-0.111407
-0.110897
-0.111382
-0.111484
-0.111357
-0.111614
-0.111601
-0.111535
-0.111639
-0.111640
-0.034822
0.345003
0.078530
-0.095183
-0.096244
-0.109947
-0.110695
-0.109866
-0.110361
-0.110782
-0.110333
-0.110391
-0.110844
-0.110712
-0.110442
-0.110759
-0.111077
-0.110599
-0.110502
-0.110969
-0.110873
-0.110304
-0.110258
-0.110792
-0.109742
-0.110048
-0.100009
-0.101306
-0.108647
-0.100228
-0.106177
-0.110744
-0.110104
-0.110677
-0.111151
-0.111347
-0.111008
-0.110975
-0.111216
-0.111219
-0.111020
-0.111065
-0.111252
-0.111142
-0.110997
-0.111141
-0.111274
-0.111088
-0.111029
-0.111261
-0.111388
-0.111092
-0.111339
-0.111442
-0.108077
-0.110244
-0.110807
-0.108625
-0.110194
-0.110515
-0.110659
-0.110932
-0.110913
-0.111006
-0.110896
-0.111041
-0.111046
-0.110929
-0.110970
-0.111049
-0.110989
-0.110932
-0.111007
-0.111045
-0.110949
-0.110934
-0.111037
-0.111024
-0.110852
-0.110868
-0.110898
-0.110806
-0.110639
-0.110437
-0.110230
-0.111396
-0.110918
-0.110656
-0.111217
-0.111280
-0.111113
-0.110712
-0.111131
-0.111117
-0.110964
-0.110974
-0.111065
-0.111045
-0.110981
-0.111016
0.054419
1.239519
0.227648
-0.015347
-0.098175
-0.100923
-0.102185
-0.108896
-0.105589
-0.104419
-0.107915
-0.109095
-0.106156
-0.106992
-0.110479
-0.108165
-0.106836
-0.109021
-0.110276
-0.107231
-0.107429
-0.110824
-0.108109
-0.105129
-0.109035
-0.107579
-0.096444
-0.078470
-0.108579
-0.079927
-0.097923
-0.102901
-0.106810
-0.109264
-0.110443
-0.108982
-0.109437
-0.111439
-0.110067
-0.109436
-0.110465
-0.111090
-0.109765
-0.109868
-0.111257
-0.110398
-0.109621
-0.110384
-0.111310
-0.109696
-0.109489
-0.110512
-0.110135
-0.108878
-0.109561
-0.104206
-0.109300
-0.105920
-0.106827
-0.108018
-0.111239
-0.110359
-0.109787
-0.110182
-0.111175
-0.110358
-0.110142
-0.110839
-0.110762
-0.110188
-0.110458
-0.111026
-0.110439
-0.110195
-0.110810
-0.110861
-0.110116
-0.110291
-0.111312
-0.110137
-0.109598
-0.110140
-0.109710
-0.110103
-0.110968
-0.107939
-0.109764
-0.110891
-0.110627
-0.109134
-0.110898
-0.111098
-0.110734
-0.110120
-0.110658
-0.110978
-0.110465
-0.110478
-0.110901
-0.110698
