-2.762174
2.060885
-0.323408
-8.828431
-0.097689
-0.097682
0.430787
1.137079
3.977347
-2.658690
-0.097682
-0.097680
2.050275
1.826729
4.638932
-6.829112
-0.097692
-0.097663
-0.563875
2.450202
5.763206
-6.373102
-0.097685
-0.097684
-1.561028
4.824215
6.058954
-10.712224
-0.097687
-0.097687
-0.430445
1.273953
3.774770
-3.189373
-0.097684
-0.097683
9.718639
-0.096896
9.720727
9.717786
-0.097681
-0.097680
8.339028
3.189608
13.673954
4.431113
-0.097684
-0.097689
2.560423
0.984891
0.561266
0.373890
0.311511
0.233355
0.114399
0.061416
0.072262
0.087431
0.075989
0.038313
-0.007406
-0.033169
-0.048664
-0.067396
-0.062654
-0.054449
-0.055289
-0.055180
-0.066049
-0.063154
-0.064898
-0.065229
-0.064427
-0.069497
-0.066619
-0.064913
-0.076683
-0.086267
-0.091201
-0.090916
-0.088646
-0.086995
-0.084162
-0.079069
-0.078966
-0.089439
-0.093676
-0.085995
-0.079063
-0.080236
-0.085153
-0.088101
-0.090693
-0.090076
-0.088500
-0.090441
-0.094433
-0.096023
-0.096489
-0.094816
-0.093908
-0.091862
-0.091093
-0.092376
-0.092401
-0.093666
-0.092710
-0.092781
-0.093073
-0.093872
-0.094269
-0.094973
-0.095252
-0.096579
-0.096299
-0.096152
-0.096412
-0.096064
-0.095832
-0.094217
-0.092417
-0.093442
-0.095277
-0.096929
-0.095037
-0.094029
-0.094066
-0.095745
-0.096713
-0.096785
-0.097115
-0.097028
-0.097394
-0.097126
-0.096758
-0.097046
-0.096641
-0.096833
-0.096418
-0.096917
-0.096877
-0.097440
-0.097116
-0.097340
-0.097273
-0.097415
-0.097512
-0.097449
0.428677
0.347920
0.172218
0.112537
0.012794
-0.013317
0.166677
0.220008
0.228124
0.144246
0.019214
0.008082
-0.015871
0.002779
0.013199
-0.008139
-0.044698
-0.065184
-0.030215
-0.053728
-0.074397
-0.052931
-0.042337
-0.057577
-0.078807
-0.085231
-0.080491
-0.063538
-0.055824
-0.056289
-0.072872
-0.086103
-0.086794
-0.082342
-0.081888
-0.089952
-0.091719
-0.094924
-0.096374
-0.094736
-0.093494
-0.094189
-0.089797
-0.082132
-0.082898
-0.083618
-0.088376
-0.090420
-0.087574
-0.090417
-0.090306
-0.091067
-0.093869
-0.094298
-0.091666
-0.090355
-0.093955
-0.093802
-0.091961
-0.091204
-0.094299
-0.096237
-0.094825
-0.094313
-0.091940
-0.091708
-0.092577
-0.095198
-0.093962
-0.093363
-0.093253
-0.094847
-0.095710
-0.097072
-0.096938
-0.097504
-0.096853
-0.097102
-0.096016
-0.095448
-0.094960
-0.095469
-0.095931
-0.096631
-0.095276
-0.095778
-0.095854
-0.097045
-0.096784
-0.097281
-0.096872
-0.096447
-0.097081
-0.096782
-0.096760
-0.096465
-0.096768
-0.097405
-0.096755
-0.097263
2.050429
0.176273
0.441743
0.511416
0.478178
0.383151
0.253067
0.107172
0.010189
0.003276
0.046637
0.086642
0.113957
0.121315
0.109113
0.095740
0.079585
0.043938
0.020977
0.010924
0.001250
-0.007110
-0.018327
-0.031037
-0.038143
-0.041985
-0.053824
-0.066687
-0.069651
-0.065906
-0.064638
-0.060906
-0.060771
-0.067335
-0.077945
-0.088525
-0.093753
-0.094045
-0.094099
-0.089676
-0.084720
-0.083067
-0.084488
-0.086403
-0.087407
-0.086524
-0.086497
-0.084811
-0.082525
-0.081108
-0.079857
-0.079113
-0.080557
-0.082810
-0.085086
-0.087730
-0.089147
-0.089677
-0.090241
-0.090503
-0.088800
-0.087635
-0.087792
-0.088361
-0.089493
-0.090547
-0.090999
-0.090930
-0.091653
-0.091986
-0.092770
-0.094381
-0.095362
-0.095903
-0.096405
-0.096712
-0.096486
-0.096259
-0.095968
-0.095397
-0.094748
-0.094610
-0.094816
-0.094834
-0.095341
-0.095240
-0.095185
-0.095046
-0.095241
-0.095442
-0.095832
-0.096275
-0.096270
-0.096589
-0.096663
-0.096820
-0.096690
-0.096646
-0.096593
-0.096475
0.366497
0.888979
0.830562
0.438961
0.349639
0.461678
0.445853
0.293700
0.163364
0.037629
0.015647
0.021275
0.002506
-0.037649
-0.050922
-0.044128
-0.048059
-0.066155
-0.082232
-0.081731
-0.079591
-0.080543
-0.087142
-0.090335
-0.078057
-0.074234
-0.074889
-0.075243
-0.068397
-0.061607
-0.063655
-0.070053
-0.083047
-0.092785
-0.090774
-0.086992
-0.087227
-0.089812
-0.088872
-0.086550
-0.085514
-0.084395
-0.083892
-0.083666
-0.089447
-0.094212
-0.093191
-0.089739
-0.090032
-0.092754
-0.092863
-0.092764
-0.092792
-0.094048
-0.095447
-0.096845
-0.097052
-0.096814
-0.097294
-0.097088
-0.095264
-0.094518
-0.093805
-0.094642
-0.094017
-0.092820
-0.092782
-0.093864
-0.095900
-0.096607
-0.095052
-0.094996
-0.094463
-0.095127
-0.095146
-0.095830
-0.095303
-0.095512
-0.095384
-0.095944
-0.096314
-0.096948
-0.096634
-0.095840
-0.095779
-0.096104
-0.096467
-0.096929
-0.096513
-0.097023
-0.097000
-0.097418
-0.097437
-0.097260
-0.097498
-0.097419
-0.097288
-0.097065
-0.096812
-0.097179
1.356786
2.312058
2.133334
0.749144
0.216848
0.328575
0.267479
0.040068
0.067945
0.058521
0.006020
-0.009948
0.064745
-0.033368
-0.034128
-0.017033
-0.065618
-0.045896
-0.049680
-0.079188
-0.055637
-0.075830
-0.075451
-0.064204
-0.086763
-0.078913
-0.083075
-0.083142
-0.083471
-0.088466
-0.086968
-0.092452
-0.088678
-0.075758
-0.084138
-0.086427
-0.083123
-0.082474
-0.090997
-0.083960
-0.082640
-0.090622
-0.094083
-0.091475
-0.088442
-0.093018
-0.094448
-0.091752
-0.095144
-0.092941
-0.091786
-0.096134
-0.093366
-0.094709
-0.095063
-0.093575
-0.096148
-0.094515
-0.094666
-0.096347
-0.094494
-0.095391
-0.095492
-0.095092
-0.096842
-0.094790
-0.096105
-0.095868
-0.094984
-0.096283
-0.095352
-0.094442
-0.096037
-0.096761
-0.095633
-0.094700
-0.096287
-0.096893
-0.096195
-0.095554
-0.096740
-0.096718
-0.096448
-0.097104
-0.096863
-0.096698
-0.097649
-0.097111
-0.097397
-0.097026
-0.097193
-0.097533
-0.097211
-0.097321
-0.097641
-0.097467
-0.097514
-0.097552
-0.097529
-0.097584
0.233295
0.514090
0.393295
0.031001
0.057579
0.209999
0.091436
0.035809
0.131908
0.075844
-0.000775
0.038512
-0.007690
-0.075326
-0.057813
-0.082465
-0.053726
-0.085231
-0.070676
-0.071100
-0.087025
-0.066243
-0.078315
-0.073273
-0.064652
-0.074378
-0.065431
-0.070148
-0.082987
-0.078236
-0.081216
-0.094162
-0.089596
-0.091109
-0.090225
-0.096552
-0.093555
-0.091287
-0.092015
-0.094771
-0.092388
-0.090861
-0.092135
-0.090290
-0.093069
-0.093353
-0.091805
-0.092697
-0.096567
-0.096152
-0.094573
-0.093327
-0.094890
-0.093131
-0.093885
-0.095169
-0.093221
-0.094889
-0.094315
-0.093623
-0.094717
-0.093446
-0.093567
-0.095381
-0.094857
-0.095274
-0.096479
-0.096524
-0.096658
-0.096642
-0.096992
-0.095831
-0.095733
-0.097446
-0.096310
-0.095898
-0.096785
-0.097254
-0.096104
-0.096588
-0.097206
-0.097073
-0.097259
-0.097132
-0.097157
-0.096854
-0.096742
-0.097041
-0.096471
-0.096940
-0.096967
-0.097158
-0.097215
-0.097470
-0.097181
-0.097670
-0.097347
-0.097386
-0.097310
-0.097449
-2.888218
0.220662
-2.332383
-3.441903
-0.097685
-0.097688
0.231564
0.290850
0.803287
-0.252788
-0.097684
-0.097689
0.162651
0.194344
0.623209
-0.226642
-0.097685
-0.097689
-0.237287
1.373351
1.794535
-3.124687
-0.097686
-0.097687
-0.120528
0.745683
0.942622
-1.537174
-0.097686
-0.097688
-0.137265
2.484232
3.757029
-3.202759
-0.097684
-0.097689
6.236613
0.507043
7.344236
5.185216
-0.097685
-0.097687
2.695519
0.036088
0.074959
-0.092854
-0.042279
-0.091895
-0.093549
-0.094958
-0.095563
-0.096233
-0.095105
-0.096729
-0.096470
-0.095538
-0.096094
-0.097337
-0.095927
-0.097370
-0.096008
-0.097453
-0.096845
-0.096083
-0.095621
-0.096731
-0.092948
-0.094008
-0.089253
-0.095636
-0.093698
-0.092836
-0.092606
-0.093581
-0.093192
-0.095417
-0.096759
-0.096662
-0.097234
-0.097512
-0.097189
-0.097430
-0.097195
-0.097150
-0.097221
-0.097522
-0.097504
-0.097430
-0.097217
-0.097375
-0.097276
-0.097249
-0.097456
-0.097190
-0.096749
-0.096863
-0.096556
-0.096257
-0.096684
-0.097060
-0.097277
-0.096045
-0.097057
-0.096546
-0.097241
-0.097395
-0.097466
-0.097458
-0.097441
-0.097498
-0.097507
-0.097625
-0.097496
-0.097496
-0.097560
-0.097459
-0.097526
-0.097523
-0.097567
-0.097523
-0.097449
-0.097311
-0.097190
-0.097397
-0.097173
-0.097049
-0.097438
-0.097649
-0.097397
-0.097203
-0.097408
-0.096958
-0.097354
-0.097315
-0.097406
-0.097512
-0.097505
-0.097472
-0.097546
-0.097518
-0.097553
-0.097547
0.233863
0.172107
-0.055240
-0.071103
-0.085641
-0.090257
-0.096171
-0.095084
-0.097117
-0.097274
-0.096767
-0.096778
-0.097275
-0.096677
-0.097174
-0.096974
-0.096771
-0.096748
-0.096932
-0.097335
-0.097132
-0.096523
-0.096133
-0.096069
-0.096635
-0.096160
-0.093354
-0.093628
-0.093460
-0.092793
-0.094945
-0.094911
-0.096003
-0.096858
-0.096848
-0.097152
-0.097264
-0.097306
-0.097223
-0.097156
-0.097388
-0.097377
-0.097569
-0.097565
-0.097529
-0.097374
-0.097500
-0.097448
-0.097559
-0.097532
-0.097600
-0.097511
-0.097245
-0.097255
-0.097013
-0.096983
-0.096187
-0.097392
-0.096223
-0.097138
-0.097284
-0.097498
-0.097567
-0.097563
-0.097406
-0.097484
-0.097515
-0.097563
-0.097584
-0.097563
-0.097539
-0.097503
-0.097501
-0.097510
-0.097608
-0.097647
-0.097593
-0.097509
-0.097515
-0.097445
-0.097450
-0.097543
-0.097648
-0.097269
-0.097340
-0.097167
-0.097202
-0.097243
-0.097293
-0.097420
-0.097421
-0.097451
-0.097537
-0.097672
-0.097632
-0.097531
-0.097482
-0.097524
-0.097543
-0.097596
0.162715
0.104668
-0.063563
-0.086556
-0.092295
-0.089021
-0.095951
-0.095543
-0.096992
-0.096750
-0.096976
-0.095615
-0.097377
-0.096688
-0.097172
-0.097380
-0.096593
-0.097394
-0.096145
-0.096680
-0.096934
-0.097200
-0.096394
-0.097018
-0.095310
-0.095396
-0.094684
-0.093583
-0.095769
-0.095064
-0.095900
-0.095306
-0.096826
-0.096364
-0.097026
-0.096948
-0.097385
-0.097335
-0.097275
-0.097032
-0.097389
-0.097368
-0.097418
-0.097467
-0.097334
-0.097449
-0.097381
-0.097500
-0.097501
-0.097488
-0.097442
-0.097597
-0.097173
-0.097269
-0.097462
-0.097392
-0.096640
-0.097231
-0.096734
-0.097041
-0.097571
-0.097459
-0.097547
-0.097530
-0.097647
-0.097596
-0.097583
-0.097548
-0.097668
-0.097616
-0.097636
-0.097629
-0.097606
-0.097662
-0.097614
-0.097675
-0.097665
-0.097672
-0.097620
-0.097639
-0.097579
-0.097608
-0.097453
-0.097409
-0.097377
-0.097337
-0.097379
-0.097548
-0.097578
-0.097543
-0.097587
-0.097569
-0.097579
-0.097634
-0.097607
-0.097615
-0.097616
-0.097604
-0.097595
-0.097626
0.043185
0.855458
0.270352
0.071228
-0.055490
-0.084307
-0.091747
-0.095555
-0.096122
-0.096480
-0.096284
-0.096263
-0.096231
-0.096253
-0.095824
-0.095566
-0.095287
-0.095173
-0.095085
-0.095062
-0.094280
-0.093173
-0.091479
-0.093058
-0.089213
-0.090867
-0.070060
-0.079485
-0.086273
-0.085937
-0.095670
-0.080699
-0.090370
-0.090591
-0.093520
-0.094355
-0.095031
-0.095186
-0.095301
-0.095455
-0.095745
-0.096018
-0.096212
-0.096236
-0.096260
-0.096316
-0.096490
-0.096702
-0.096825
-0.096727
-0.096548
-0.096337
-0.096625
-0.096336
-0.093583
-0.095295
-0.091111
-0.094182
-0.094803
-0.093471
-0.095331
-0.096037
-0.097280
-0.097053
-0.096828
-0.096767
-0.096845
-0.096964
-0.097069
-0.097085
-0.097050
-0.097028
-0.097067
-0.097143
-0.097217
-0.097222
-0.097150
-0.097104
-0.097131
-0.097164
-0.097482
-0.097342
-0.096659
-0.096502
-0.095643
-0.095395
-0.097182
-0.095757
-0.097284
-0.097255
-0.096309
-0.096697
-0.096794
-0.097108
-0.097163
-0.097090
-0.096996
-0.096969
-0.096994
-0.097055
-0.076110
0.469527
0.079277
-0.088551
-0.083643
-0.095218
-0.092176
-0.092919
-0.093661
-0.094557
-0.095528
-0.096036
-0.095919
-0.095579
-0.095387
-0.095423
-0.095687
-0.096290
-0.096794
-0.096730
-0.096188
-0.095596
-0.095172
-0.095684
-0.095330
-0.096494
-0.092697
-0.082435
-0.092646
-0.091458
-0.085919
-0.093090
-0.095632
-0.095518
-0.096560
-0.097101
-0.097105
-0.096794
-0.096584
-0.096552
-0.096689
-0.096920
-0.097190
-0.097257
-0.097080
-0.096878
-0.096790
-0.096848
-0.097029
-0.097305
-0.097491
-0.097137
-0.096931
-0.096441
-0.096397
-0.095611
-0.094710
-0.096963
-0.094392
-0.096180
-0.097223
-0.097558
-0.097311
-0.097059
-0.096944
-0.096980
-0.097111
-0.097286
-0.097378
-0.097295
-0.097159
-0.097078
-0.097081
-0.097162
-0.097305
-0.097411
-0.097348
-0.097192
-0.097061
-0.096991
-0.097088
-0.097162
-0.097458
-0.096731
-0.096938
-0.097094
-0.097089
-0.096876
-0.097296
-0.096641
-0.096881
-0.097148
-0.097358
-0.097472
-0.097330
-0.097180
-0.097101
-0.097113
-0.097200
-0.097328
-0.064277
1.707549
0.121800
-0.017542
-0.090260
-0.074554
-0.083588
-0.085770
-0.087106
-0.087830
-0.088240
-0.088932
-0.089880
-0.090767
-0.091156
-0.091031
-0.090704
-0.090523
-0.090646
-0.090961
-0.091217
-0.090692
-0.089321
-0.087636
-0.082367
-0.080467
-0.080273
-0.053723
-0.084238
-0.072008
-0.078770
-0.081415
-0.089471
-0.090107
-0.092886
-0.093624
-0.093890
-0.094113
-0.094468
-0.094952
-0.095394
-0.095597
-0.095535
-0.095410
-0.095391
-0.095530
-0.095766
-0.095945
-0.095916
-0.095641
-0.095317
-0.095113
-0.094757
-0.095403
-0.095195
-0.093088
-0.089543
-0.091806
-0.091781
-0.093529
-0.096542
-0.097283
-0.097343
-0.097429
-0.097504
-0.097484
-0.097305
-0.097137
-0.097046
-0.097047
-0.097128
-0.097226
-0.097236
-0.097121
-0.096981
-0.096898
-0.096903
-0.097002
-0.097115
-0.097087
-0.096810
-0.096283
-0.095061
-0.096137
-0.093422
-0.094900
-0.096227
-0.097007
-0.096724
-0.097321
-0.097109
-0.097224
-0.097284
-0.097257
-0.097308
-0.097405
-0.097510
-0.097493
-0.097377
-0.097281
