-2.138987
1.752088
1.357752
-8.163936
-0.105771
-0.105762
-0.048685
1.279964
6.106137
-4.332908
-0.105763
-0.105754
2.178993
1.459046
5.305795
-5.545959
-0.105773
-0.105747
-0.297625
2.217783
6.064475
-6.250971
-0.105768
-0.105765
0.008464
5.072395
9.983745
-9.362522
-0.105768
-0.105769
-0.064186
1.324322
3.271738
-3.284510
-0.105768
-0.105766
8.784377
-0.105139
8.785381
8.782948
-0.105767
-0.105768
8.318028
3.231353
14.758745
3.788149
-0.105766
-0.105770
1.923068
0.540009
0.330744
0.466467
0.314808
0.001615
0.296939
0.233003
0.101899
0.073525
0.097744
0.138527
-0.060578
0.087473
0.058546
-0.048990
0.035877
-0.009523
-0.074338
-0.048763
-0.029502
-0.055140
-0.088704
-0.058546
-0.062945
-0.047520
-0.087654
-0.036948
-0.080207
-0.059885
-0.064912
-0.082365
-0.072449
-0.086739
-0.068051
-0.101266
-0.078746
-0.078454
-0.088138
-0.096971
-0.077575
-0.069761
-0.096652
-0.075073
-0.082208
-0.096423
-0.080186
-0.102082
-0.096823
-0.100674
-0.095013
-0.092189
-0.098781
-0.094316
-0.087529
-0.092857
-0.096223
-0.101703
-0.099974
-0.099824
-0.090634
-0.090217
-0.096464
-0.088708
-0.093051
-0.097403
-0.098409
-0.094516
-0.096992
-0.102424
-0.095172
-0.099645
-0.102700
-0.099190
-0.100195
-0.103692
-0.102598
-0.101308
-0.101710
-0.103359
-0.102581
-0.097877
-0.104218
-0.099007
-0.099579
-0.103237
-0.100510
-0.103305
-0.098405
-0.101929
-0.097931
-0.098748
-0.101725
-0.100741
-0.102283
-0.104588
-0.103350
-0.100227
-0.100762
-0.102180
-0.049073
0.233777
0.271579
0.108300
-0.044761
-0.002715
-0.002404
0.005552
0.140505
0.109228
0.172454
0.210662
0.116145
0.197017
0.178575
0.025125
0.053191
0.001213
-0.072150
-0.050398
-0.073030
-0.024979
-0.071636
-0.042120
-0.054470
-0.056558
-0.046597
-0.064946
-0.051633
-0.060056
-0.088770
-0.080328
-0.098186
-0.081640
-0.096875
-0.075062
-0.083662
-0.074220
-0.062073
-0.073978
-0.050559
-0.061380
-0.063770
-0.055004
-0.070752
-0.087274
-0.082315
-0.098101
-0.101251
-0.103962
-0.095751
-0.098020
-0.099306
-0.098842
-0.098412
-0.103084
-0.101230
-0.099911
-0.098391
-0.100354
-0.100645
-0.101790
-0.099664
-0.100890
-0.096759
-0.094389
-0.096740
-0.091637
-0.096233
-0.097950
-0.094257
-0.101561
-0.101949
-0.104093
-0.100448
-0.098974
-0.102159
-0.097701
-0.099301
-0.100385
-0.098042
-0.101478
-0.098173
-0.100647
-0.102614
-0.102293
-0.103842
-0.104088
-0.104093
-0.100089
-0.099771
-0.100200
-0.097358
-0.099260
-0.096948
-0.097599
-0.099146
-0.098529
-0.098926
-0.102012
2.177981
0.188796
0.219733
-0.029005
0.299668
0.367431
0.181416
0.171284
0.203104
0.175042
0.033794
-0.041483
0.037117
0.003542
-0.090822
-0.007478
0.010943
-0.032208
0.003211
0.036964
0.022689
0.012027
0.055115
0.014538
0.013570
0.033234
-0.008293
0.000771
-0.006645
-0.015309
-0.026128
-0.042413
-0.026146
-0.056700
-0.061464
-0.052245
-0.075083
-0.080972
-0.075481
-0.082224
-0.091552
-0.088601
-0.079990
-0.093700
-0.081458
-0.073354
-0.089681
-0.079276
-0.072747
-0.078196
-0.087606
-0.090514
-0.088324
-0.099077
-0.101542
-0.104627
-0.102436
-0.102907
-0.099986
-0.100907
-0.100415
-0.093695
-0.095615
-0.101026
-0.099652
-0.097430
-0.094960
-0.094073
-0.099258
-0.093411
-0.091811
-0.097449
-0.092866
-0.093471
-0.096230
-0.093186
-0.091828
-0.093210
-0.093135
-0.089976
-0.095281
-0.093801
-0.093890
-0.099374
-0.096913
-0.098887
-0.100030
-0.100225
-0.102315
-0.099725
-0.101931
-0.100513
-0.096190
-0.098355
-0.097395
-0.093505
-0.093958
-0.098065
-0.094428
-0.092854
0.084422
0.576488
0.694416
0.195569
0.398986
0.568362
0.239701
0.187527
0.360167
0.198811
0.161145
0.202242
0.045803
0.033966
0.059282
-0.038289
-0.094538
-0.058580
-0.045620
-0.052548
-0.062257
-0.056604
-0.063913
-0.083668
-0.075576
-0.081663
-0.085751
-0.084271
-0.088742
-0.089727
-0.095293
-0.097612
-0.096868
-0.094567
-0.100589
-0.099145
-0.092161
-0.095855
-0.100354
-0.089190
-0.084428
-0.093833
-0.084373
-0.075355
-0.088023
-0.086654
-0.080311
-0.092311
-0.092700
-0.093759
-0.102580
-0.101696
-0.096585
-0.098913
-0.098623
-0.098347
-0.099436
-0.101222
-0.101071
-0.098489
-0.099019
-0.095355
-0.095192
-0.098226
-0.097375
-0.095815
-0.100996
-0.099076
-0.100470
-0.104854
-0.101692
-0.103476
-0.101782
-0.103131
-0.102432
-0.101143
-0.101770
-0.102412
-0.102640
-0.103406
-0.104365
-0.104255
-0.104725
-0.104421
-0.104215
-0.104370
-0.105096
-0.103981
-0.103644
-0.103066
-0.102702
-0.102846
-0.104012
-0.101883
-0.102870
-0.104043
-0.101978
-0.102894
-0.105264
-0.102930
0.010073
1.822308
2.559571
0.996465
0.515128
0.694165
0.120412
0.065643
0.172202
0.108370
0.061208
-0.039247
0.006632
-0.005948
-0.070863
-0.044111
-0.064357
-0.069157
-0.055252
-0.083237
-0.072832
-0.056259
-0.093128
-0.089297
-0.079362
-0.096647
-0.097137
-0.090471
-0.097885
-0.095605
-0.092947
-0.104370
-0.096230
-0.095288
-0.104728
-0.100325
-0.096297
-0.101291
-0.101556
-0.101041
-0.096127
-0.095497
-0.103320
-0.096210
-0.098076
-0.101718
-0.097751
-0.103601
-0.095752
-0.090259
-0.099056
-0.094417
-0.087374
-0.102614
-0.094429
-0.094800
-0.096754
-0.098176
-0.092843
-0.088549
-0.102384
-0.099184
-0.099779
-0.101291
-0.103234
-0.101158
-0.098528
-0.100873
-0.104154
-0.101583
-0.103157
-0.104926
-0.103331
-0.104748
-0.103082
-0.102692
-0.104865
-0.102987
-0.103291
-0.105434
-0.104181
-0.103585
-0.105445
-0.104520
-0.102886
-0.103119
-0.104029
-0.102290
-0.104058
-0.105302
-0.105379
-0.103311
-0.103853
-0.105342
-0.101713
-0.102741
-0.105435
-0.102953
-0.104788
-0.105320
-0.063651
0.347065
0.584469
0.389818
0.116708
-0.040235
-0.040118
-0.060849
-0.081496
-0.039710
-0.022204
-0.079236
-0.080455
-0.099069
-0.087210
-0.053767
-0.056771
-0.046197
-0.051008
-0.068248
-0.073564
-0.080313
-0.095011
-0.099396
-0.103926
-0.101500
-0.101482
-0.101601
-0.100969
-0.100302
-0.099941
-0.098052
-0.097085
-0.097380
-0.097017
-0.093470
-0.093160
-0.092367
-0.095892
-0.092644
-0.099122
-0.100886
-0.104086
-0.102828
-0.100867
-0.101503
-0.101498
-0.102309
-0.102832
-0.104292
-0.103394
-0.105390
-0.103278
-0.098362
-0.097718
-0.100969
-0.105485
-0.104581
-0.102402
-0.102192
-0.100645
-0.101239
-0.102015
-0.104877
-0.104040
-0.104827
-0.103460
-0.104125
-0.104949
-0.104748
-0.103806
-0.102798
-0.102188
-0.102779
-0.102944
-0.103776
-0.105233
-0.105559
-0.105546
-0.104647
-0.104931
-0.104390
-0.104389
-0.105420
-0.104745
-0.104286
-0.104984
-0.105066
-0.104047
-0.103876
-0.105200
-0.104385
-0.104673
-0.104169
-0.104960
-0.104614
-0.104815
-0.105040
-0.104818
-0.104220
-2.693625
0.140466
-2.279793
-3.149005
-0.105768
-0.105770
0.264239
0.272316
0.948705
-0.153666
-0.105766
-0.105770
0.135512
0.100209
0.527132
-0.152990
-0.105766
-0.105770
-0.107884
1.462131
2.377758
-3.048755
-0.105768
-0.105769
-0.112567
0.725181
1.015086
-1.567886
-0.105768
-0.105770
-0.102814
2.518220
3.451271
-3.300698
-0.105767
-0.105771
5.818803
0.641344
7.235744
4.867186
-0.105766
-0.105770
2.483610
0.031678
-0.017386
-0.061824
-0.066447
-0.098342
-0.102018
-0.104401
-0.105050
-0.104457
-0.103966
-0.105629
-0.103584
-0.105196
-0.105356
-0.104924
-0.104536
-0.104803
-0.104905
-0.105519
-0.105587
-0.105147
-0.104769
-0.105335
-0.104785
-0.099685
-0.101536
-0.103129
-0.101627
-0.103647
-0.104020
-0.101530
-0.103072
-0.104050
-0.104956
-0.105208
-0.105371
-0.105653
-0.105470
-0.105417
-0.105624
-0.105319
-0.105621
-0.105696
-0.105547
-0.105439
-0.105600
-0.105467
-0.105661
-0.105626
-0.105578
-0.105370
-0.105440
-0.105073
-0.104533
-0.104799
-0.105592
-0.104995
-0.104922
-0.105133
-0.104968
-0.105214
-0.105483
-0.105656
-0.105636
-0.105672
-0.105724
-0.105718
-0.105657
-0.105683
-0.105663
-0.105687
-0.105718
-0.105706
-0.105639
-0.105729
-0.105677
-0.105727
-0.105682
-0.105703
-0.105602
-0.105655
-0.105394
-0.105502
-0.105454
-0.105428
-0.105558
-0.105481
-0.105433
-0.105689
-0.105635
-0.105563
-0.105668
-0.105663
-0.105706
-0.105687
-0.105697
-0.105668
-0.105672
-0.105699
0.266522
0.142707
-0.010673
-0.082372
-0.103361
-0.093961
-0.104579
-0.104257
-0.103589
-0.104231
-0.104183
-0.103988
-0.104772
-0.104900
-0.104313
-0.105198
-0.104230
-0.105203
-0.104330
-0.105560
-0.105546
-0.105240
-0.105240
-0.104995
-0.102735
-0.103187
-0.101775
-0.103514
-0.099369
-0.103259
-0.102261
-0.101284
-0.103693
-0.104282
-0.105429
-0.105217
-0.105540
-0.105368
-0.105329
-0.105299
-0.105376
-0.105415
-0.105570
-0.105457
-0.105592
-0.105480
-0.105477
-0.105555
-0.105550
-0.105639
-0.105657
-0.105702
-0.105708
-0.105217
-0.105048
-0.104359
-0.104959
-0.104727
-0.104644
-0.105549
-0.105125
-0.105368
-0.105329
-0.105704
-0.105601
-0.105703
-0.105653
-0.105689
-0.105699
-0.105671
-0.105692
-0.105697
-0.105709
-0.105699
-0.105729
-0.105666
-0.105713
-0.105688
-0.105717
-0.105747
-0.105662
-0.105589
-0.105707
-0.105730
-0.105238
-0.105146
-0.105508
-0.105196
-0.105380
-0.105706
-0.105609
-0.105651
-0.105740
-0.105721
-0.105718
-0.105681
-0.105763
-0.105718
-0.105743
-0.105741
0.135700
0.028460
-0.054275
-0.094394
-0.093190
-0.100359
-0.102205
-0.103001
-0.102374
-0.104166
-0.103950
-0.102967
-0.103082
-0.104469
-0.104529
-0.104243
-0.105173
-0.103978
-0.104307
-0.104618
-0.104838
-0.104642
-0.104649
-0.104580
-0.104408
-0.102778
-0.102595
-0.105067
-0.103314
-0.104530
-0.103187
-0.102805
-0.104228
-0.105498
-0.105120
-0.105413
-0.105323
-0.105298
-0.105319
-0.105348
-0.105242
-0.105413
-0.105292
-0.105510
-0.105296
-0.105354
-0.105310
-0.105547
-0.105422
-0.105450
-0.105525
-0.105535
-0.105482
-0.105585
-0.105281
-0.104949
-0.105593
-0.105406
-0.105206
-0.105445
-0.105059
-0.105140
-0.105398
-0.105352
-0.105422
-0.105398
-0.105450
-0.105416
-0.105413
-0.105411
-0.105509
-0.105440
-0.105503
-0.105453
-0.105430
-0.105438
-0.105498
-0.105465
-0.105477
-0.105470
-0.105482
-0.105432
-0.105380
-0.105472
-0.105623
-0.105586
-0.105577
-0.105609
-0.105510
-0.105447
-0.105478
-0.105523
-0.105511
-0.105525
-0.105496
-0.105530
-0.105502
-0.105483
-0.105492
-0.105530
-0.100977
0.703399
0.624813
0.061816
-0.054708
-0.088125
-0.096108
-0.099124
-0.099107
-0.100822
-0.100421
-0.101691
-0.101478
-0.101900
-0.102045
-0.101950
-0.102489
-0.101850
-0.102585
-0.101624
-0.102589
-0.100963
-0.102295
-0.100702
-0.094454
-0.091362
-0.079040
-0.080672
-0.089801
-0.094136
-0.094875
-0.074535
-0.094900
-0.097439
-0.102695
-0.101088
-0.102489
-0.102109
-0.102975
-0.102725
-0.103257
-0.103200
-0.103397
-0.103528
-0.103466
-0.103778
-0.103500
-0.103913
-0.103498
-0.103996
-0.103389
-0.104022
-0.103683
-0.101875
-0.100990
-0.096610
-0.102249
-0.104140
-0.099012
-0.102525
-0.101885
-0.104299
-0.104085
-0.104882
-0.104616
-0.104873
-0.104687
-0.104931
-0.104703
-0.104944
-0.104733
-0.104923
-0.104778
-0.104891
-0.104844
-0.104846
-0.104911
-0.104792
-0.104980
-0.104715
-0.105172
-0.104731
-0.105066
-0.104760
-0.101430
-0.103359
-0.104339
-0.101874
-0.102781
-0.105166
-0.104264
-0.104881
-0.104603
-0.104754
-0.104709
-0.104742
-0.104784
-0.104720
-0.104832
-0.104705
-0.099072
0.453577
0.061132
-0.062737
-0.089423
-0.099325
-0.102614
-0.102644
-0.103952
-0.103314
-0.104048
-0.104046
-0.104012
-0.104558
-0.104103
-0.104876
-0.104293
-0.104759
-0.104579
-0.104533
-0.105026
-0.104416
-0.105378
-0.104374
-0.104503
-0.104245
-0.099321
-0.091650
-0.097627
-0.101936
-0.091697
-0.103278
-0.104205
-0.104983
-0.105648
-0.105170
-0.105507
-0.105333
-0.105310
-0.105552
-0.105278
-0.105622
-0.105329
-0.105490
-0.105445
-0.105393
-0.105598
-0.105343
-0.105652
-0.105383
-0.105533
-0.105438
-0.105247
-0.105423
-0.104976
-0.104250
-0.102501
-0.104785
-0.104132
-0.102962
-0.105249
-0.105196
-0.105288
-0.105570
-0.105316
-0.105536
-0.105389
-0.105450
-0.105485
-0.105403
-0.105550
-0.105403
-0.105539
-0.105441
-0.105482
-0.105510
-0.105427
-0.105577
-0.105409
-0.105571
-0.105426
-0.105391
-0.105509
-0.104865
-0.105325
-0.105063
-0.104998
-0.105265
-0.105138
-0.105517
-0.105474
-0.105453
-0.105610
-0.105466
-0.105604
-0.105490
-0.105546
-0.105542
-0.105501
-0.105585
-0.097183
1.734448
0.000156
0.049571
-0.059929
-0.100100
-0.101280
-0.100880
-0.102675
-0.101891
-0.102103
-0.102683
-0.101788
-0.102944
-0.101697
-0.102563
-0.101840
-0.101679
-0.101948
-0.100702
-0.101576
-0.099846
-0.099754
-0.098286
-0.096658
-0.091411
-0.089661
-0.085466
-0.070379
-0.098374
-0.068060
-0.098576
-0.091799
-0.100250
-0.100225
-0.101756
-0.102889
-0.102741
-0.103775
-0.103531
-0.104130
-0.104179
-0.104287
-0.104653
-0.104418
-0.104948
-0.104556
-0.104999
-0.104670
-0.104859
-0.104769
-0.104391
-0.104590
-0.103059
-0.102568
-0.099812
-0.097780
-0.099701
-0.100080
-0.100876
-0.105056
-0.103541
-0.104843
-0.104639
-0.104835
-0.105190
-0.105004
-0.105371
-0.105195
-0.105386
-0.105403
-0.105384
-0.105588
-0.105426
-0.105678
-0.105529
-0.105599
-0.105665
-0.105562
-0.105578
-0.105674
-0.105367
-0.105429
-0.104233
-0.103912
-0.102324
-0.102962
-0.102599
-0.103958
-0.104805
-0.105151
-0.105404
-0.105257
-0.105564
-0.105432
-0.105534
-0.105564
-0.105520
-0.105657
-0.105521
