-2.418113
1.856735
2.044959
-8.778527
-0.108773
-0.108767
0.010076
1.306081
5.386959
-3.037257
-0.108767
-0.108762
2.131279
1.539156
6.649221
-4.640248
-0.108773
-0.108760
-0.524483
2.080976
5.163898
-5.494065
-0.108771
-0.108770
0.072379
5.852396
11.068802
-9.426297
-0.108770
-0.108772
-0.086005
1.286043
3.378995
-2.696455
-0.108770
-0.108770
7.864825
-0.108505
7.865489
7.864180
-0.108769
-0.108769
8.983557
3.460633
14.874925
3.448531
-0.108771
-0.108773
2.194895
0.641675
0.359191
0.438170
0.290079
0.027896
0.269292
0.180610
0.125337
-0.044416
0.121849
0.096685
-0.024624
0.183437
0.050922
0.095951
0.114724
-0.023651
0.002751
-0.010700
-0.101556
-0.019040
-0.060252
-0.060478
-0.053238
-0.073835
-0.067366
-0.075497
-0.065451
-0.095164
-0.055077
-0.089451
-0.066946
-0.058546
-0.083999
-0.052117
-0.061857
-0.093585
-0.065642
-0.081116
-0.094404
-0.070429
-0.092214
-0.085966
-0.088621
-0.087459
-0.104610
-0.095544
-0.089729
-0.100751
-0.104064
-0.105164
-0.102969
-0.104500
-0.101978
-0.093064
-0.103814
-0.098120
-0.098932
-0.100991
-0.103046
-0.099238
-0.090093
-0.102716
-0.088475
-0.095930
-0.097855
-0.095381
-0.103521
-0.105602
-0.100625
-0.104490
-0.101880
-0.101192
-0.105017
-0.102042
-0.105555
-0.103202
-0.106794
-0.102133
-0.108344
-0.101898
-0.104407
-0.103425
-0.100566
-0.104075
-0.102384
-0.098925
-0.105657
-0.102215
-0.100698
-0.105168
-0.099305
-0.105180
-0.102492
-0.104849
-0.105358
-0.107233
-0.106364
-0.105128
0.009494
0.269344
0.197019
-0.000565
-0.045436
0.026794
-0.009266
0.099064
0.013315
0.146002
0.247477
0.080835
0.231526
0.194299
0.114439
0.161294
0.042111
0.034848
-0.007514
-0.087734
-0.103904
-0.054815
-0.045773
-0.092681
-0.056435
-0.097204
-0.070559
-0.082196
-0.086371
-0.081415
-0.093529
-0.066197
-0.075222
-0.041587
-0.036101
-0.055176
-0.039136
-0.069142
-0.064086
-0.074520
-0.103522
-0.088446
-0.090779
-0.098774
-0.099499
-0.087551
-0.099821
-0.101241
-0.098820
-0.104551
-0.102573
-0.099239
-0.099468
-0.100020
-0.101386
-0.102800
-0.100292
-0.102300
-0.094165
-0.095809
-0.091539
-0.088668
-0.097264
-0.089396
-0.095246
-0.099433
-0.098984
-0.105779
-0.107761
-0.102969
-0.098225
-0.102382
-0.099834
-0.100421
-0.104955
-0.102074
-0.107363
-0.103602
-0.107260
-0.103110
-0.106332
-0.103866
-0.100023
-0.101870
-0.099421
-0.097825
-0.103650
-0.101563
-0.103902
-0.107429
-0.103266
-0.104059
-0.105857
-0.102066
-0.104566
-0.104156
-0.104669
-0.107716
-0.105312
-0.106091
2.128749
0.309667
0.364687
-0.039041
0.427167
0.414372
0.127214
0.162980
0.194870
0.139336
-0.056238
0.051308
-0.019908
-0.063127
-0.028927
-0.052557
-0.060657
-0.020005
0.005713
-0.058093
-0.012244
-0.045694
-0.074636
-0.061814
-0.101766
-0.078229
-0.086239
-0.097014
-0.072527
-0.092654
-0.072977
-0.070860
-0.102796
-0.084761
-0.091902
-0.096258
-0.102762
-0.085229
-0.090640
-0.095649
-0.083041
-0.105353
-0.086839
-0.083668
-0.090001
-0.096220
-0.089733
-0.089720
-0.102018
-0.104295
-0.103769
-0.108198
-0.107739
-0.102225
-0.107886
-0.096636
-0.094883
-0.102813
-0.101955
-0.099085
-0.096269
-0.102887
-0.103245
-0.100493
-0.107012
-0.102690
-0.101836
-0.104209
-0.101336
-0.100124
-0.106566
-0.102764
-0.104947
-0.105678
-0.107001
-0.106550
-0.106448
-0.107365
-0.107332
-0.105004
-0.107246
-0.105872
-0.105061
-0.106678
-0.107463
-0.105024
-0.104152
-0.106102
-0.103761
-0.103712
-0.105917
-0.103205
-0.106560
-0.104501
-0.104471
-0.105144
-0.105711
-0.106260
-0.105327
-0.106913
0.304206
0.658904
0.649304
0.242234
0.535416
0.277742
-0.008908
0.352226
0.193918
0.072148
0.214720
-0.055228
0.094533
-0.000506
-0.018548
-0.021748
-0.084781
-0.075208
-0.082799
-0.066444
-0.100667
-0.085590
-0.096042
-0.101358
-0.100220
-0.101746
-0.098228
-0.100063
-0.096229
-0.107782
-0.098079
-0.103143
-0.106056
-0.095389
-0.089717
-0.101508
-0.081698
-0.093799
-0.086875
-0.085201
-0.097171
-0.077072
-0.097375
-0.093531
-0.090624
-0.100058
-0.106330
-0.096396
-0.098564
-0.106014
-0.104478
-0.104247
-0.103845
-0.103195
-0.102549
-0.099180
-0.099754
-0.105307
-0.096424
-0.101642
-0.102880
-0.100144
-0.104043
-0.101016
-0.106331
-0.103800
-0.108527
-0.104537
-0.107062
-0.104616
-0.104962
-0.107466
-0.105937
-0.107525
-0.108035
-0.106773
-0.107834
-0.106490
-0.107231
-0.107141
-0.107369
-0.106960
-0.107310
-0.107340
-0.106741
-0.105600
-0.107991
-0.105794
-0.106334
-0.106167
-0.106057
-0.108228
-0.104783
-0.105957
-0.108198
-0.107003
-0.104478
-0.107349
-0.105604
-0.105216
0.075072
2.104773
2.997277
0.811191
0.998002
0.750175
0.040857
0.292993
0.095589
0.028507
0.012314
0.012987
-0.063336
0.019995
-0.055599
-0.024046
-0.069959
-0.073193
-0.061262
-0.092787
-0.061823
-0.059346
-0.090827
-0.059377
-0.092839
-0.077697
-0.076248
-0.099257
-0.081533
-0.096121
-0.093126
-0.091848
-0.107530
-0.101475
-0.102226
-0.098432
-0.100466
-0.099372
-0.095444
-0.100238
-0.101231
-0.095358
-0.098491
-0.102641
-0.093855
-0.101046
-0.088355
-0.090991
-0.097475
-0.093547
-0.096369
-0.096962
-0.099259
-0.085810
-0.102121
-0.098897
-0.096848
-0.102346
-0.100920
-0.103601
-0.105267
-0.105963
-0.103417
-0.106416
-0.104026
-0.107273
-0.105266
-0.107068
-0.106076
-0.106121
-0.107698
-0.105551
-0.106376
-0.108586
-0.105177
-0.107591
-0.107024
-0.106314
-0.107639
-0.106263
-0.107714
-0.108333
-0.106976
-0.107642
-0.107753
-0.108168
-0.106566
-0.107769
-0.107602
-0.106813
-0.107183
-0.108099
-0.107664
-0.107121
-0.108402
-0.106151
-0.104885
-0.107239
-0.104628
-0.105266
-0.085877
0.286802
0.608039
0.303938
0.087098
0.090226
0.031007
-0.015076
-0.055456
-0.034832
-0.035726
-0.096311
-0.055553
-0.067353
-0.105968
-0.078110
-0.091761
-0.093239
-0.100534
-0.100692
-0.099688
-0.098494
-0.098913
-0.098648
-0.106608
-0.103347
-0.101826
-0.104885
-0.101484
-0.104260
-0.106177
-0.105887
-0.106414
-0.104619
-0.106020
-0.103925
-0.104676
-0.107769
-0.104235
-0.103005
-0.107605
-0.103597
-0.103192
-0.107545
-0.105356
-0.104913
-0.101987
-0.105691
-0.103427
-0.103187
-0.106670
-0.108132
-0.108393
-0.105062
-0.104738
-0.105340
-0.107109
-0.104949
-0.105645
-0.107411
-0.107385
-0.106234
-0.107733
-0.107400
-0.106997
-0.108215
-0.107410
-0.108453
-0.108108
-0.108452
-0.107984
-0.108085
-0.108107
-0.108181
-0.108343
-0.108441
-0.108457
-0.108003
-0.108353
-0.108327
-0.108449
-0.108679
-0.108371
-0.108521
-0.108134
-0.108329
-0.108453
-0.108110
-0.108155
-0.108515
-0.107727
-0.107954
-0.107730
-0.107980
-0.108137
-0.107737
-0.108099
-0.107565
-0.108285
-0.107382
-2.594355
0.316827
-1.867348
-3.214213
-0.108770
-0.108773
0.310910
0.463191
1.277106
-0.361052
-0.108770
-0.108773
-0.109504
0.095522
0.248411
-0.445437
-0.108770
-0.108772
-0.315414
2.091848
3.414694
-3.855964
-0.108770
-0.108772
-0.080548
0.513438
0.918662
-1.348965
-0.108772
-0.108771
-0.212819
3.053310
4.330582
-4.364620
-0.108770
-0.108774
5.316246
0.767362
6.915194
3.717080
-0.108771
-0.108772
2.375479
0.002470
0.158946
-0.047024
-0.068829
-0.104644
-0.105209
-0.103596
-0.103349
-0.103721
-0.104603
-0.103878
-0.107037
-0.107366
-0.107030
-0.105040
-0.106269
-0.107317
-0.108233
-0.107423
-0.107308
-0.107874
-0.105622
-0.101883
-0.093642
-0.103533
-0.105777
-0.103654
-0.097764
-0.103701
-0.102946
-0.106094
-0.107159
-0.107154
-0.106770
-0.106622
-0.106878
-0.106889
-0.107531
-0.107704
-0.107701
-0.107308
-0.107279
-0.107556
-0.108031
-0.108071
-0.107725
-0.108165
-0.107583
-0.106917
-0.105886
-0.107007
-0.107360
-0.106656
-0.106576
-0.107225
-0.106561
-0.107060
-0.107489
-0.107743
-0.107683
-0.107513
-0.107524
-0.107481
-0.107680
-0.107852
-0.107917
-0.107823
-0.107683
-0.107701
-0.107913
-0.108081
-0.108055
-0.108038
-0.107943
-0.107862
-0.107664
-0.107753
-0.107782
-0.107519
-0.107833
-0.107970
-0.107568
-0.107547
-0.107648
-0.107816
-0.107914
-0.107850
-0.107813
-0.107708
-0.107713
-0.107809
-0.107927
-0.108032
-0.107898
-0.107798
-0.107863
-0.107950
-0.108080
-0.108008
0.309947
0.285655
-0.029111
-0.091355
-0.096727
-0.100072
-0.104591
-0.105192
-0.106153
-0.106573
-0.106561
-0.106486
-0.107194
-0.106360
-0.107608
-0.107653
-0.107267
-0.108053
-0.108062
-0.108167
-0.108411
-0.107346
-0.106591
-0.108024
-0.105177
-0.097633
-0.106176
-0.099980
-0.103076
-0.105489
-0.106876
-0.107216
-0.107117
-0.107156
-0.107375
-0.107573
-0.107770
-0.107681
-0.107724
-0.107593
-0.107831
-0.107992
-0.107891
-0.108023
-0.107995
-0.108063
-0.108350
-0.108117
-0.108651
-0.108588
-0.107851
-0.106334
-0.107632
-0.106935
-0.106914
-0.107299
-0.107611
-0.107870
-0.107830
-0.107794
-0.107836
-0.107884
-0.108004
-0.108015
-0.108007
-0.107938
-0.107985
-0.108092
-0.108073
-0.108143
-0.108102
-0.108156
-0.108247
-0.108169
-0.108470
-0.108335
-0.108363
-0.107831
-0.108073
-0.108033
-0.107808
-0.107873
-0.107904
-0.108048
-0.108069
-0.108035
-0.108023
-0.108005
-0.108072
-0.108104
-0.108112
-0.108060
-0.108016
-0.108084
-0.108077
-0.108221
-0.108168
-0.108279
-0.108362
-0.108179
-0.108576
0.012396
-0.034817
-0.088270
-0.106062
-0.102354
-0.103756
-0.105701
-0.105347
-0.105964
-0.105496
-0.107443
-0.106923
-0.106852
-0.106842
-0.107328
-0.106829
-0.107519
-0.107334
-0.107402
-0.106977
-0.106584
-0.108210
-0.106237
-0.103479
-0.106613
-0.107624
-0.105594
-0.105829
-0.107370
-0.108408
-0.108140
-0.108159
-0.108358
-0.108247
-0.108174
-0.108003
-0.108318
-0.108308
-0.108301
-0.108249
-0.108255
-0.108147
-0.108287
-0.108321
-0.108313
-0.108228
-0.107964
-0.108123
-0.108283
-0.107270
-0.108523
-0.108318
-0.107905
-0.108369
-0.108269
-0.108455
-0.108427
-0.108431
-0.108497
-0.108507
-0.108464
-0.108367
-0.108435
-0.108455
-0.108477
-0.108489
-0.108463
-0.108395
-0.108408
-0.108493
-0.108438
-0.108471
-0.108358
-0.108205
-0.108705
-0.108037
-0.108358
-0.108549
-0.108233
-0.108686
-0.108509
-0.108512
-0.108483
-0.108478
-0.108507
-0.108541
-0.108545
-0.108488
-0.108482
-0.108483
-0.108501
-0.108544
-0.108545
-0.108504
-0.108369
-0.108584
-0.108386
-0.108376
-0.108591
0.091834
1.345764
0.356134
0.150653
-0.045156
-0.085025
-0.088811
-0.090185
-0.090029
-0.091619
-0.094300
-0.097397
-0.099388
-0.099335
-0.098494
-0.098589
-0.100139
-0.102773
-0.104980
-0.105064
-0.103630
-0.101464
-0.105547
-0.091684
-0.074190
-0.069470
-0.086566
-0.079142
-0.091709
-0.085991
-0.094739
-0.100435
-0.102664
-0.103041
-0.102304
-0.101865
-0.102156
-0.103070
-0.104101
-0.104477
-0.104060
-0.103566
-0.103570
-0.104277
-0.105314
-0.106299
-0.106019
-0.104570
-0.106336
-0.103011
-0.101585
-0.100478
-0.098422
-0.105075
-0.104521
-0.101695
-0.102124
-0.103375
-0.104401
-0.104993
-0.104951
-0.104605
-0.104407
-0.104553
-0.104989
-0.105411
-0.105514
-0.105269
-0.104933
-0.105045
-0.105178
-0.106479
-0.106645
-0.105403
-0.106552
-0.104062
-0.107334
-0.105555
-0.102324
-0.107113
-0.106152
-0.105314
-0.104643
-0.104685
-0.105009
-0.105398
-0.105650
-0.105602
-0.105369
-0.105174
-0.105185
-0.105375
-0.105700
-0.106022
-0.105753
-0.105816
-0.104262
-0.106781
-0.107515
-0.104863
-0.075599
0.155623
0.235377
-0.051209
-0.082896
-0.093088
-0.092982
-0.094957
-0.097044
-0.098574
-0.099568
-0.100084
-0.100636
-0.101469
-0.102164
-0.102695
-0.103011
-0.103029
-0.103238
-0.103647
-0.104386
-0.105753
-0.105021
-0.096696
-0.087737
-0.102662
-0.103871
-0.101244
-0.094062
-0.105037
-0.105658
-0.105841
-0.105568
-0.105574
-0.105774
-0.106013
-0.106120
-0.106095
-0.106041
-0.106100
-0.106241
-0.106386
-0.106470
-0.106414
-0.106339
-0.106349
-0.106555
-0.107079
-0.107417
-0.104291
-0.104050
-0.106369
-0.105865
-0.107671
-0.105011
-0.106490
-0.106887
-0.106980
-0.106903
-0.106838
-0.106859
-0.106947
-0.107021
-0.107042
-0.107005
-0.106976
-0.106998
-0.107062
-0.107151
-0.107211
-0.107026
-0.106959
-0.107022
-0.107272
-0.108064
-0.106080
-0.106511
-0.106932
-0.106575
-0.108480
-0.106831
-0.107014
-0.107191
-0.107282
-0.107289
-0.107235
-0.107199
-0.107214
-0.107254
-0.107299
-0.107306
-0.107260
-0.107215
-0.107192
-0.107271
-0.107762
-0.107007
-0.107073
-0.107017
-0.106914
0.013213
2.118925
0.058920
-0.025273
-0.088085
-0.097262
-0.103947
-0.106703
-0.106729
-0.106370
-0.106266
-0.106718
-0.107421
-0.107984
-0.108060
-0.108001
-0.107869
-0.107420
-0.106821
-0.106351
-0.106413
-0.106273
-0.103852
-0.099619
-0.074447
-0.053848
-0.075238
-0.064631
-0.100200
-0.106461
-0.105582
-0.106533
-0.107784
-0.108318
-0.107757
-0.107388
-0.107356
-0.107643
-0.108148
-0.108624
-0.108263
-0.107938
-0.107847
-0.107980
-0.108286
-0.108265
-0.108225
-0.108052
-0.106296
-0.108034
-0.096761
-0.102359
-0.096044
-0.103097
-0.105714
-0.107602
-0.107330
-0.107539
-0.107986
-0.108353
-0.108313
-0.108066
-0.107921
-0.107951
-0.108141
-0.108402
-0.108503
-0.108287
-0.108115
-0.108030
-0.108064
-0.108151
-0.108587
-0.108095
-0.107326
-0.106503
-0.103391
-0.108101
-0.102990
-0.108474
-0.107826
-0.108189
-0.107978
-0.107909
-0.108049
-0.108250
-0.108416
-0.108379
-0.108217
-0.108104
-0.108098
-0.108191
-0.108402
-0.108519
-0.108450
-0.108054
-0.106604
-0.107266
-0.107067
-0.106696
