-2.406550
1.795875
-0.106586
-8.119367
-0.109452
-0.109447
0.024762
1.030226
3.188421
-2.859981
-0.109448
-0.109446
2.207608
1.684797
7.136702
-4.029445
-0.109452
-0.109441
-0.423638
1.946246
3.963733
-4.770767
-0.109450
-0.109451
-0.047645
5.720081
11.041678
-9.795666
-0.109449
-0.109451
-0.157115
1.656950
3.606644
-3.459449
-0.109450
-0.109450
8.288380
-0.108721
8.289863
8.287336
-0.109449
-0.109452
8.925313
3.424112
14.981271
3.530794
-0.109449
-0.109452
2.181531
0.673752
0.456240
0.457108
0.119120
0.070036
0.201889
0.049944
0.005331
-0.056828
0.057334
0.081583
-0.027506
0.159292
-0.038581
0.142105
0.062607
-0.031721
0.019724
-0.056949
-0.059795
-0.030123
-0.055993
-0.027597
-0.037469
-0.039547
-0.026266
-0.063374
-0.038119
-0.080407
-0.058745
-0.085276
-0.082523
-0.073686
-0.087487
-0.070978
-0.047056
-0.096073
-0.045768
-0.079763
-0.077723
-0.079155
-0.102953
-0.101766
-0.101773
-0.094424
-0.102070
-0.098025
-0.096443
-0.103832
-0.101303
-0.101754
-0.107857
-0.102687
-0.096409
-0.101501
-0.106434
-0.100159
-0.102586
-0.104437
-0.107700
-0.104693
-0.100390
-0.108308
-0.092295
-0.103627
-0.090852
-0.091421
-0.104929
-0.095507
-0.103124
-0.104431
-0.101783
-0.102711
-0.103344
-0.099694
-0.103575
-0.099066
-0.104100
-0.099491
-0.102831
-0.102139
-0.103385
-0.101922
-0.104535
-0.104692
-0.104609
-0.100253
-0.108308
-0.099574
-0.102225
-0.104699
-0.102480
-0.108300
-0.105712
-0.106577
-0.107137
-0.108462
-0.106929
-0.106735
0.023516
0.294402
0.250033
0.030140
-0.077180
0.065100
0.060190
-0.057370
-0.029910
0.073183
0.022626
-0.024054
0.129120
0.018334
0.033734
0.036061
0.018091
0.060729
-0.008589
0.003206
-0.039474
-0.094259
-0.099008
-0.079535
-0.077598
-0.107018
-0.099107
-0.083702
-0.085318
-0.105117
-0.097818
-0.087760
-0.069587
-0.079726
-0.054165
-0.070982
-0.073495
-0.067375
-0.097323
-0.069495
-0.090936
-0.091381
-0.091317
-0.103756
-0.102911
-0.099893
-0.103257
-0.107701
-0.104696
-0.107538
-0.106105
-0.104714
-0.105524
-0.103409
-0.103735
-0.108365
-0.104673
-0.102671
-0.107547
-0.105019
-0.103088
-0.102043
-0.106387
-0.098938
-0.098341
-0.101980
-0.100310
-0.101260
-0.096165
-0.101984
-0.098728
-0.100733
-0.107291
-0.106075
-0.107246
-0.105122
-0.108625
-0.107570
-0.105307
-0.105033
-0.107288
-0.105273
-0.108307
-0.103493
-0.105332
-0.101809
-0.102196
-0.104339
-0.102186
-0.108130
-0.102935
-0.106023
-0.104961
-0.105124
-0.108256
-0.106869
-0.106169
-0.106798
-0.109002
-0.108848
2.205284
0.357883
0.334100
0.058428
0.507878
0.431380
0.127644
0.246054
0.208561
0.059115
0.021741
0.083674
-0.051198
0.072467
-0.013873
-0.029805
-0.001784
-0.050130
-0.079551
-0.030151
-0.056459
-0.064842
-0.026921
-0.095636
-0.024146
-0.054586
-0.070813
-0.037207
-0.092393
-0.060334
-0.076751
-0.087046
-0.076894
-0.098886
-0.087641
-0.081945
-0.093794
-0.088655
-0.070653
-0.101078
-0.079826
-0.086746
-0.098364
-0.085079
-0.086656
-0.096072
-0.088525
-0.085194
-0.101582
-0.101325
-0.104376
-0.108142
-0.107537
-0.105325
-0.107127
-0.098157
-0.096258
-0.102164
-0.096084
-0.098042
-0.100357
-0.103481
-0.100151
-0.106801
-0.097818
-0.102368
-0.102411
-0.098266
-0.104878
-0.106482
-0.102700
-0.104400
-0.106345
-0.102603
-0.108282
-0.102087
-0.103914
-0.106519
-0.101944
-0.107001
-0.103330
-0.104571
-0.106237
-0.103533
-0.108570
-0.104907
-0.105364
-0.106784
-0.107730
-0.104183
-0.105776
-0.105488
-0.105800
-0.107650
-0.104313
-0.106262
-0.106356
-0.106080
-0.104987
-0.105952
0.202752
0.619028
0.712797
-0.054558
0.448900
0.173711
0.045669
0.290657
0.065718
0.165073
0.231180
-0.035114
0.058380
0.057105
-0.024809
-0.087917
-0.027046
-0.028735
-0.100900
-0.048652
-0.073033
-0.097043
-0.093378
-0.085899
-0.099416
-0.098459
-0.095798
-0.100524
-0.097804
-0.097609
-0.105942
-0.096238
-0.095176
-0.108041
-0.087850
-0.090539
-0.102531
-0.086014
-0.085859
-0.088648
-0.106969
-0.084280
-0.087622
-0.101542
-0.087867
-0.101273
-0.101949
-0.098805
-0.104400
-0.104649
-0.105663
-0.108761
-0.107877
-0.106794
-0.107583
-0.103530
-0.106105
-0.105153
-0.100964
-0.104719
-0.101517
-0.096332
-0.106026
-0.103127
-0.102138
-0.107689
-0.107502
-0.103987
-0.103274
-0.108875
-0.104995
-0.105712
-0.107992
-0.108135
-0.107639
-0.108436
-0.107984
-0.108624
-0.107981
-0.107551
-0.108754
-0.107743
-0.106917
-0.107231
-0.108611
-0.105812
-0.104982
-0.108093
-0.103823
-0.105202
-0.106901
-0.107608
-0.105994
-0.106656
-0.107326
-0.105389
-0.107777
-0.107701
-0.107222
-0.109108
-0.045280
2.126451
2.911033
0.658079
1.012215
0.700767
-0.048194
0.246883
0.145955
0.036389
0.000408
-0.001359
-0.077246
-0.012044
-0.083450
-0.048607
-0.066409
-0.079639
-0.086064
-0.082163
-0.044894
-0.076484
-0.055359
-0.061011
-0.077862
-0.071412
-0.077725
-0.081786
-0.081292
-0.077877
-0.092911
-0.082233
-0.096601
-0.098826
-0.101473
-0.105449
-0.104054
-0.106474
-0.096751
-0.099548
-0.102969
-0.101386
-0.095562
-0.100644
-0.101938
-0.103088
-0.096393
-0.092897
-0.104634
-0.083569
-0.097671
-0.104639
-0.103511
-0.095644
-0.102469
-0.095791
-0.093544
-0.107491
-0.102780
-0.105042
-0.104148
-0.107230
-0.107943
-0.106275
-0.106621
-0.109104
-0.105970
-0.105880
-0.109031
-0.108161
-0.108746
-0.106713
-0.107240
-0.107053
-0.105953
-0.107361
-0.106979
-0.106988
-0.107287
-0.107337
-0.106036
-0.107864
-0.106055
-0.106975
-0.107987
-0.107383
-0.108784
-0.108082
-0.108226
-0.107139
-0.106967
-0.106971
-0.107710
-0.104778
-0.105817
-0.107214
-0.107133
-0.106557
-0.105469
-0.105815
-0.063161
0.401231
0.770053
0.405811
0.017858
0.124406
0.086906
0.072658
0.043434
0.050347
0.022405
0.016238
-0.007773
-0.028048
-0.047754
-0.068173
-0.076672
-0.081637
-0.090310
-0.091887
-0.089488
-0.096401
-0.091279
-0.100146
-0.097131
-0.100825
-0.102872
-0.100899
-0.102881
-0.100031
-0.103110
-0.101270
-0.103495
-0.102420
-0.104358
-0.103970
-0.101924
-0.102646
-0.101493
-0.098834
-0.098267
-0.101045
-0.098327
-0.100314
-0.102455
-0.102967
-0.100407
-0.104969
-0.106568
-0.102886
-0.106817
-0.106397
-0.107266
-0.105892
-0.103484
-0.107700
-0.107725
-0.107081
-0.105313
-0.104914
-0.107017
-0.104667
-0.105270
-0.106481
-0.105798
-0.106751
-0.107181
-0.107641
-0.108289
-0.108036
-0.108122
-0.108605
-0.108724
-0.107657
-0.108966
-0.108952
-0.108162
-0.109278
-0.108653
-0.108333
-0.108935
-0.108361
-0.108197
-0.108699
-0.108991
-0.108627
-0.108729
-0.109148
-0.108389
-0.109103
-0.108709
-0.107410
-0.108473
-0.107796
-0.108276
-0.108376
-0.107732
-0.108647
-0.108181
-0.108612
-2.703496
0.269367
-2.050235
-3.335928
-0.109449
-0.109452
0.225443
0.395973
1.129633
-0.309661
-0.109448
-0.109452
0.111512
0.200874
0.642933
-0.353096
-0.109449
-0.109452
-0.209199
1.592233
3.087841
-3.053548
-0.109449
-0.109451
-0.060338
1.340386
1.952901
-2.364065
-0.109450
-0.109452
-0.135284
2.854910
4.319108
-3.937650
-0.109449
-0.109453
5.824804
0.975458
7.747370
4.247414
-0.109448
-0.109452
2.481343
0.021829
0.114475
-0.054568
-0.072333
-0.103196
-0.103757
-0.103935
-0.104099
-0.106383
-0.105965
-0.106784
-0.107041
-0.106764
-0.106565
-0.107257
-0.107299
-0.107776
-0.107243
-0.107235
-0.107650
-0.107834
-0.103140
-0.100909
-0.096829
-0.104403
-0.108736
-0.107167
-0.098974
-0.107538
-0.107168
-0.108740
-0.108628
-0.108623
-0.108374
-0.108696
-0.108709
-0.108734
-0.108925
-0.108622
-0.108511
-0.108740
-0.108721
-0.108743
-0.108707
-0.108677
-0.108777
-0.108808
-0.107720
-0.106815
-0.106797
-0.107991
-0.109405
-0.108722
-0.107160
-0.109033
-0.109141
-0.109056
-0.108995
-0.108994
-0.108863
-0.108984
-0.109033
-0.108972
-0.109041
-0.108939
-0.108891
-0.108981
-0.108943
-0.108880
-0.108966
-0.109012
-0.108988
-0.109161
-0.108570
-0.108183
-0.108315
-0.108819
-0.109231
-0.108783
-0.108537
-0.108975
-0.109194
-0.109098
-0.109065
-0.109053
-0.109012
-0.109067
-0.109076
-0.109036
-0.109066
-0.109054
-0.109052
-0.108980
-0.108919
-0.108814
-0.109077
-0.109118
-0.108842
-0.108907
0.225505
0.225631
0.009030
-0.095965
-0.094979
-0.104488
-0.107635
-0.106570
-0.105781
-0.107651
-0.107919
-0.106729
-0.106628
-0.108385
-0.107372
-0.106833
-0.108109
-0.108150
-0.108074
-0.108537
-0.108113
-0.108278
-0.106518
-0.107000
-0.103058
-0.098959
-0.107401
-0.102152
-0.103508
-0.108853
-0.108686
-0.108885
-0.108721
-0.108682
-0.108726
-0.108998
-0.108850
-0.108873
-0.108694
-0.109011
-0.108849
-0.108586
-0.108809
-0.108917
-0.108965
-0.108942
-0.108703
-0.108822
-0.108495
-0.108792
-0.108203
-0.107034
-0.108747
-0.107894
-0.108028
-0.109226
-0.109209
-0.108994
-0.108918
-0.108994
-0.109068
-0.109089
-0.108988
-0.109064
-0.109025
-0.109101
-0.109048
-0.108905
-0.109056
-0.109100
-0.109138
-0.109105
-0.108904
-0.109038
-0.108982
-0.109301
-0.109038
-0.108607
-0.109161
-0.108910
-0.109012
-0.109156
-0.109124
-0.109014
-0.109026
-0.109097
-0.109104
-0.109099
-0.109051
-0.109112
-0.109085
-0.109071
-0.109084
-0.109029
-0.109283
-0.109156
-0.109260
-0.109203
-0.109055
-0.109280
0.112418
0.100920
-0.052541
-0.094605
-0.098671
-0.102656
-0.107707
-0.108049
-0.108490
-0.109300
-0.108036
-0.108238
-0.108364
-0.108897
-0.108818
-0.108363
-0.108627
-0.109021
-0.108895
-0.108560
-0.108752
-0.108113
-0.108224
-0.108433
-0.106468
-0.102849
-0.107748
-0.105033
-0.106608
-0.108119
-0.108255
-0.108724
-0.109320
-0.109360
-0.109131
-0.109304
-0.109233
-0.109350
-0.109185
-0.109123
-0.109225
-0.109160
-0.109243
-0.109264
-0.109186
-0.109140
-0.109286
-0.109215
-0.109101
-0.109168
-0.108969
-0.107861
-0.108620
-0.108662
-0.108695
-0.108998
-0.109084
-0.109240
-0.109385
-0.109335
-0.109260
-0.109334
-0.109371
-0.109385
-0.109278
-0.109247
-0.109316
-0.109307
-0.109329
-0.109334
-0.109234
-0.109240
-0.109423
-0.109428
-0.109202
-0.109225
-0.109294
-0.108752
-0.108915
-0.109240
-0.109099
-0.109212
-0.109310
-0.109373
-0.109353
-0.109335
-0.109318
-0.109357
-0.109365
-0.109352
-0.109313
-0.109333
-0.109399
-0.109315
-0.109273
-0.109415
-0.109110
-0.109101
-0.109364
-0.109318
-0.016192
0.835075
0.577127
0.123953
-0.008029
-0.072558
-0.068387
-0.071433
-0.078220
-0.084503
-0.086416
-0.086309
-0.087680
-0.091337
-0.094173
-0.093636
-0.092496
-0.094030
-0.097414
-0.098317
-0.095976
-0.096883
-0.092437
-0.085198
-0.073732
-0.089529
-0.103485
-0.082396
-0.070963
-0.092471
-0.100190
-0.103161
-0.100585
-0.100616
-0.102385
-0.103440
-0.102545
-0.101832
-0.102406
-0.103637
-0.103830
-0.102945
-0.102692
-0.103497
-0.104646
-0.104061
-0.102882
-0.103494
-0.104082
-0.106010
-0.101127
-0.108529
-0.104422
-0.100442
-0.098212
-0.103314
-0.105413
-0.104849
-0.104093
-0.104499
-0.105287
-0.105324
-0.104764
-0.104643
-0.105089
-0.105493
-0.105310
-0.104927
-0.105320
-0.105454
-0.105947
-0.105232
-0.104593
-0.105453
-0.106240
-0.108625
-0.104689
-0.106757
-0.105459
-0.104136
-0.104599
-0.105721
-0.106071
-0.105438
-0.105311
-0.105647
-0.105863
-0.105747
-0.105554
-0.105616
-0.105724
-0.105732
-0.105817
-0.105801
-0.106584
-0.105550
-0.106067
-0.105785
-0.105008
-0.106744
-0.050803
0.882445
0.151111
-0.079668
-0.096012
-0.105986
-0.107340
-0.107324
-0.108088
-0.109114
-0.108677
-0.108243
-0.108272
-0.108735
-0.109399
-0.108745
-0.108505
-0.108592
-0.108960
-0.109139
-0.108630
-0.108769
-0.106920
-0.106946
-0.089076
-0.084920
-0.108448
-0.082851
-0.100677
-0.107159
-0.108572
-0.108785
-0.108739
-0.108802
-0.109115
-0.109362
-0.109062
-0.108960
-0.109055
-0.109302
-0.109292
-0.109076
-0.109034
-0.109218
-0.109314
-0.109196
-0.108922
-0.109187
-0.108833
-0.108899
-0.104017
-0.104991
-0.108751
-0.102779
-0.107973
-0.108841
-0.109288
-0.109135
-0.109102
-0.109173
-0.109352
-0.109346
-0.109208
-0.109199
-0.109284
-0.109409
-0.109311
-0.109236
-0.109206
-0.109207
-0.109253
-0.109330
-0.108773
-0.109355
-0.109190
-0.109174
-0.106790
-0.108098
-0.108861
-0.106570
-0.108987
-0.109243
-0.109428
-0.109245
-0.109259
-0.109322
-0.109382
-0.109346
-0.109294
-0.109326
-0.109359
-0.109343
-0.109362
-0.109407
-0.109216
-0.108270
-0.109010
-0.109140
-0.107991
-0.109303
-0.066926
1.964690
0.167755
0.000814
-0.102641
-0.097445
-0.094198
-0.094445
-0.098585
-0.103500
-0.102750
-0.100070
-0.100314
-0.103379
-0.106484
-0.103939
-0.101853
-0.102552
-0.105956
-0.107682
-0.103522
-0.101880
-0.102352
-0.103271
-0.090462
-0.056912
-0.106641
-0.056042
-0.093911
-0.099633
-0.107835
-0.105923
-0.104768
-0.105251
-0.107173
-0.108615
-0.106819
-0.105949
-0.106475
-0.107974
-0.108179
-0.106773
-0.106292
-0.107026
-0.108695
-0.107878
-0.106139
-0.105923
-0.106722
-0.108186
-0.102794
-0.100425
-0.107557
-0.096191
-0.104805
-0.107188
-0.108542
-0.107152
-0.106882
-0.107484
-0.108532
-0.108364
-0.107577
-0.107449
-0.107968
-0.108547
-0.108144
-0.107652
-0.107680
-0.108031
-0.109145
-0.108131
-0.106585
-0.107263
-0.108313
-0.108276
-0.104975
-0.107336
-0.108132
-0.103649
-0.107463
-0.109179
-0.108291
-0.107668
-0.107800
-0.108280
-0.108515
-0.108241
-0.108025
-0.108170
-0.108336
-0.108214
-0.108161
-0.108485
-0.108395
-0.106864
-0.108682
-0.109059
-0.105887
-0.107857
