-2.286750
2.072423
5.680361
-8.154749
-0.116511
-0.116505
0.002220
1.058872
5.401516
-2.303127
-0.116506
-0.116498
2.206839
1.508394
7.318334
-4.012940
-0.116512
-0.116499
-0.446063
2.114426
5.821767
-4.558587
-0.116509
-0.116510
-0.037743
5.272514
10.143142
-8.995498
-0.116510
-0.116511
-0.223787
1.488769
2.832441
-3.102114
-0.116510
-0.116511
8.258616
-0.115390
8.260583
8.257144
-0.116509
-0.116513
8.741730
3.348500
14.613932
3.598518
-0.116509
-0.116512
2.049103
0.596366
0.338068
0.405188
0.255953
0.101941
0.349044
0.161596
0.148202
0.090930
0.168753
0.093385
0.076805
0.253546
0.064254
0.201990
0.129465
0.036671
0.121070
-0.029293
0.035105
0.056293
-0.056396
0.042435
0.010303
-0.024519
0.029809
-0.051560
0.006724
-0.025613
-0.039976
-0.010662
-0.078500
-0.034014
-0.044578
-0.089117
-0.041575
-0.061722
-0.068258
-0.039606
-0.083824
-0.048130
-0.074537
-0.089263
-0.079396
-0.100048
-0.098790
-0.096571
-0.093815
-0.107594
-0.097008
-0.099862
-0.111730
-0.111646
-0.112534
-0.114089
-0.111271
-0.108792
-0.110018
-0.115324
-0.102051
-0.105612
-0.109704
-0.107111
-0.104221
-0.105762
-0.107836
-0.094984
-0.103238
-0.094478
-0.095025
-0.104838
-0.094395
-0.106600
-0.101381
-0.098105
-0.107269
-0.099721
-0.099564
-0.106428
-0.099067
-0.106397
-0.102534
-0.103218
-0.109411
-0.101127
-0.112736
-0.105247
-0.105619
-0.112364
-0.105432
-0.107071
-0.112036
-0.103656
-0.111137
-0.101517
-0.103693
-0.109592
-0.105268
-0.110171
0.001587
0.271098
0.180701
-0.028858
-0.077957
-0.015672
-0.002017
0.040278
-0.052566
0.064318
0.090897
0.028861
0.129164
0.108713
0.053591
0.121954
0.037323
0.033969
0.012065
-0.056740
-0.047952
-0.079301
-0.106156
-0.078913
-0.097401
-0.094946
-0.090337
-0.089541
-0.093730
-0.093409
-0.107525
-0.096222
-0.113671
-0.097177
-0.091669
-0.101549
-0.085528
-0.075081
-0.084266
-0.064614
-0.080068
-0.080436
-0.074309
-0.096468
-0.090652
-0.095933
-0.109167
-0.102371
-0.109783
-0.113179
-0.114727
-0.113022
-0.112816
-0.113232
-0.116260
-0.115396
-0.113320
-0.115348
-0.114292
-0.113352
-0.112680
-0.112640
-0.113874
-0.110741
-0.106600
-0.109861
-0.104857
-0.102941
-0.107548
-0.100024
-0.104908
-0.104992
-0.103224
-0.109786
-0.107675
-0.110825
-0.113918
-0.110013
-0.113916
-0.113050
-0.111650
-0.113277
-0.112111
-0.113628
-0.114436
-0.114658
-0.115834
-0.113412
-0.113089
-0.114904
-0.112915
-0.111608
-0.112626
-0.109242
-0.111339
-0.110480
-0.108217
-0.113641
-0.110417
-0.111977
2.204537
0.280809
0.344122
-0.011390
0.381214
0.407056
0.098035
0.164007
0.163927
0.065103
-0.079429
0.019110
-0.017760
-0.083240
-0.040431
-0.008576
-0.082302
0.021486
0.008075
-0.044541
0.014121
-0.027796
-0.066717
-0.014870
-0.058816
-0.054528
-0.022562
-0.086452
-0.034169
-0.058186
-0.080620
-0.051192
-0.089467
-0.075660
-0.063374
-0.091231
-0.076116
-0.073068
-0.104728
-0.088175
-0.099922
-0.107302
-0.100486
-0.102985
-0.113908
-0.100901
-0.100769
-0.104524
-0.107361
-0.095855
-0.097461
-0.112396
-0.106930
-0.111335
-0.114920
-0.116024
-0.113323
-0.115738
-0.106623
-0.104220
-0.111387
-0.104406
-0.105493
-0.110115
-0.114432
-0.110790
-0.111176
-0.112841
-0.113960
-0.110517
-0.113908
-0.109814
-0.108502
-0.112662
-0.106754
-0.108690
-0.112191
-0.107472
-0.109553
-0.111386
-0.106848
-0.112191
-0.106763
-0.107779
-0.109978
-0.105387
-0.111457
-0.109414
-0.108659
-0.113170
-0.110661
-0.109291
-0.114189
-0.110119
-0.110627
-0.114277
-0.109681
-0.111506
-0.115858
-0.112739
0.211820
0.641625
0.847078
0.073705
0.473477
0.318362
-0.064190
0.260931
0.156719
0.047285
0.157585
-0.077960
0.054844
0.005247
-0.047847
0.001560
-0.090620
-0.070156
-0.073997
-0.106333
-0.081330
-0.075263
-0.102970
-0.087668
-0.106620
-0.106107
-0.111692
-0.103255
-0.113096
-0.108055
-0.112774
-0.104580
-0.111019
-0.099887
-0.100175
-0.112619
-0.105429
-0.108432
-0.112366
-0.099566
-0.103959
-0.105355
-0.096682
-0.114960
-0.096576
-0.101697
-0.104347
-0.095811
-0.111362
-0.105476
-0.105075
-0.114413
-0.109245
-0.111235
-0.116105
-0.115384
-0.114231
-0.114542
-0.109211
-0.109989
-0.115702
-0.108444
-0.108938
-0.111289
-0.106207
-0.113638
-0.110050
-0.110469
-0.114763
-0.111034
-0.114635
-0.114096
-0.113737
-0.115554
-0.115423
-0.114213
-0.115117
-0.114577
-0.115047
-0.115689
-0.115736
-0.115593
-0.115220
-0.115130
-0.115321
-0.115529
-0.116149
-0.116328
-0.115259
-0.116086
-0.115290
-0.115501
-0.115729
-0.115327
-0.115496
-0.115455
-0.113067
-0.114135
-0.112396
-0.110395
-0.035996
1.882747
2.750266
0.699829
0.819798
0.549990
0.016453
0.178538
0.054028
0.112850
-0.009526
-0.034451
-0.014688
-0.032907
-0.079181
-0.045290
-0.095500
-0.042660
-0.085511
-0.081504
-0.065609
-0.083176
-0.100349
-0.082554
-0.110948
-0.099000
-0.109745
-0.106569
-0.112889
-0.105314
-0.115110
-0.101630
-0.106212
-0.104772
-0.101206
-0.107317
-0.107408
-0.103159
-0.110524
-0.108395
-0.110938
-0.110854
-0.107301
-0.111592
-0.110149
-0.103053
-0.109333
-0.106493
-0.108092
-0.106997
-0.102970
-0.112957
-0.095180
-0.106902
-0.111423
-0.110883
-0.103451
-0.108775
-0.106325
-0.103990
-0.114677
-0.110774
-0.113527
-0.110154
-0.112784
-0.113672
-0.111855
-0.114148
-0.115526
-0.113524
-0.115655
-0.114277
-0.114365
-0.114771
-0.113932
-0.113761
-0.115240
-0.114109
-0.115234
-0.114450
-0.114766
-0.116473
-0.115059
-0.116237
-0.116310
-0.114185
-0.115794
-0.113270
-0.113516
-0.114361
-0.114300
-0.114030
-0.115521
-0.114636
-0.114310
-0.115703
-0.115214
-0.116070
-0.114436
-0.113881
-0.009551
0.363906
0.728529
0.378558
0.043908
0.065058
-0.001976
-0.031389
-0.074827
-0.050245
-0.061267
-0.088994
-0.092049
-0.108763
-0.105935
-0.094429
-0.106086
-0.099230
-0.111045
-0.113167
-0.108683
-0.102046
-0.102881
-0.103717
-0.106830
-0.108567
-0.112505
-0.111021
-0.113277
-0.111804
-0.111177
-0.110860
-0.110036
-0.110407
-0.112125
-0.113844
-0.116027
-0.114200
-0.115464
-0.113075
-0.115404
-0.114842
-0.114991
-0.114168
-0.113441
-0.111500
-0.115398
-0.111527
-0.113020
-0.114191
-0.114591
-0.111284
-0.109594
-0.114608
-0.114379
-0.114292
-0.112673
-0.111745
-0.113916
-0.112743
-0.113781
-0.115200
-0.115686
-0.114771
-0.114239
-0.115986
-0.114897
-0.115911
-0.116184
-0.116224
-0.115736
-0.115905
-0.116196
-0.116179
-0.116328
-0.115865
-0.115809
-0.115676
-0.115736
-0.115658
-0.116148
-0.116042
-0.115734
-0.116270
-0.115955
-0.115844
-0.115717
-0.116244
-0.115376
-0.116063
-0.116175
-0.116050
-0.115953
-0.115510
-0.115402
-0.115928
-0.116232
-0.115980
-0.115655
-0.114951
-2.707340
0.299396
-2.075254
-3.426691
-0.116510
-0.116512
0.173641
0.373416
1.097571
-0.315296
-0.116508
-0.116512
-0.005633
0.117110
0.391310
-0.293324
-0.116509
-0.116513
-0.035527
1.852328
3.136727
-3.984681
-0.116511
-0.116511
0.019351
1.015698
1.635413
-1.779952
-0.116510
-0.116513
-0.054481
2.892741
4.298074
-3.649682
-0.116509
-0.116513
5.798728
0.917157
7.561746
3.897638
-0.116510
-0.116511
2.473571
0.022477
0.133505
-0.076894
-0.069441
-0.113475
-0.114831
-0.115042
-0.114587
-0.114516
-0.112606
-0.115775
-0.115355
-0.116029
-0.115254
-0.115353
-0.114535
-0.114657
-0.116129
-0.115181
-0.116294
-0.115321
-0.115601
-0.115673
-0.105898
-0.110765
-0.105441
-0.113538
-0.115244
-0.109514
-0.108975
-0.111302
-0.115390
-0.115315
-0.116319
-0.115866
-0.116271
-0.116178
-0.115716
-0.116056
-0.116010
-0.116308
-0.116234
-0.116421
-0.116135
-0.115961
-0.116334
-0.116062
-0.116422
-0.116182
-0.116159
-0.115478
-0.114514
-0.113886
-0.115009
-0.115701
-0.116102
-0.113727
-0.116435
-0.115743
-0.116198
-0.116408
-0.116234
-0.116452
-0.116227
-0.116233
-0.116342
-0.116324
-0.116457
-0.116384
-0.116411
-0.116302
-0.116330
-0.116434
-0.116275
-0.116435
-0.116311
-0.116314
-0.116305
-0.115485
-0.116431
-0.115485
-0.116065
-0.115896
-0.116144
-0.115548
-0.116099
-0.116422
-0.115985
-0.116168
-0.116170
-0.116243
-0.116111
-0.115830
-0.116485
-0.116478
-0.116368
-0.116428
-0.116368
-0.116358
0.171492
0.207454
-0.003406
-0.074549
-0.110041
-0.110506
-0.112698
-0.112978
-0.115475
-0.115112
-0.113956
-0.115762
-0.113930
-0.115843
-0.115190
-0.115493
-0.116333
-0.115908
-0.115820
-0.115315
-0.116296
-0.116182
-0.114254
-0.114453
-0.115857
-0.113040
-0.108490
-0.108858
-0.113127
-0.110045
-0.112263
-0.114260
-0.115748
-0.116008
-0.116184
-0.115959
-0.116355
-0.115916
-0.116305
-0.116113
-0.116006
-0.116364
-0.115985
-0.116289
-0.116112
-0.116251
-0.116282
-0.116092
-0.116348
-0.116018
-0.115967
-0.115776
-0.116018
-0.115712
-0.114345
-0.115448
-0.115386
-0.115241
-0.115420
-0.116062
-0.116213
-0.116378
-0.116240
-0.116262
-0.116314
-0.116286
-0.116336
-0.116225
-0.116407
-0.116257
-0.116331
-0.116387
-0.116286
-0.116399
-0.116263
-0.116426
-0.116320
-0.116196
-0.116192
-0.116100
-0.116412
-0.116135
-0.115446
-0.116488
-0.116143
-0.115901
-0.116098
-0.116072
-0.116243
-0.116398
-0.116159
-0.116190
-0.116328
-0.116345
-0.116193
-0.116470
-0.116344
-0.116322
-0.116363
-0.116332
-0.005866
0.037513
-0.066220
-0.098536
-0.100156
-0.109375
-0.112300
-0.110778
-0.111538
-0.111563
-0.114210
-0.113431
-0.113229
-0.114693
-0.113901
-0.114201
-0.114628
-0.113526
-0.115204
-0.113951
-0.114375
-0.114519
-0.114187
-0.114746
-0.115612
-0.114336
-0.113233
-0.113248
-0.114144
-0.113298
-0.113759
-0.115796
-0.114175
-0.115497
-0.115116
-0.115118
-0.115674
-0.115367
-0.115567
-0.115535
-0.115566
-0.115701
-0.115594
-0.115764
-0.115568
-0.115824
-0.115583
-0.115558
-0.115965
-0.115563
-0.116044
-0.115810
-0.115998
-0.115903
-0.115870
-0.116099
-0.116021
-0.115580
-0.115738
-0.115911
-0.115648
-0.116078
-0.115744
-0.115861
-0.115851
-0.115943
-0.115927
-0.115876
-0.115990
-0.115875
-0.115931
-0.115945
-0.115848
-0.116034
-0.115828
-0.115968
-0.115920
-0.115859
-0.116084
-0.115926
-0.116086
-0.116060
-0.115786
-0.115933
-0.116194
-0.115764
-0.116223
-0.115806
-0.115982
-0.116023
-0.116001
-0.116168
-0.116005
-0.116037
-0.115975
-0.116065
-0.115967
-0.116036
-0.115975
-0.115978
-0.035032
0.959221
0.712671
0.155519
-0.086004
-0.082064
-0.097110
-0.100941
-0.103927
-0.109433
-0.105273
-0.113189
-0.107217
-0.111694
-0.110171
-0.109623
-0.113640
-0.108707
-0.115211
-0.109263
-0.111837
-0.111078
-0.104906
-0.110229
-0.104318
-0.082391
-0.076184
-0.105058
-0.110809
-0.083943
-0.080953
-0.106115
-0.107770
-0.114003
-0.113385
-0.112698
-0.115577
-0.112962
-0.115603
-0.113812
-0.114341
-0.115080
-0.113733
-0.116456
-0.113776
-0.115200
-0.114336
-0.114098
-0.115216
-0.112872
-0.114403
-0.112177
-0.112914
-0.109094
-0.110867
-0.115691
-0.113536
-0.107345
-0.109530
-0.114263
-0.113285
-0.115692
-0.114708
-0.115096
-0.115398
-0.115088
-0.115634
-0.114878
-0.115902
-0.115111
-0.115325
-0.115643
-0.114931
-0.116211
-0.114828
-0.115637
-0.115100
-0.114384
-0.115064
-0.113030
-0.114686
-0.114259
-0.114993
-0.115915
-0.114316
-0.111611
-0.114584
-0.113449
-0.114374
-0.116024
-0.115773
-0.116016
-0.115294
-0.115088
-0.114836
-0.116368
-0.115343
-0.115708
-0.115698
-0.115490
0.014849
0.660257
0.063642
-0.081288
-0.094476
-0.101456
-0.104582
-0.105718
-0.107749
-0.108843
-0.109349
-0.110478
-0.110472
-0.111347
-0.111482
-0.111752
-0.112263
-0.111999
-0.112574
-0.112320
-0.112439
-0.112417
-0.111688
-0.111222
-0.108190
-0.101380
-0.108398
-0.101517
-0.103040
-0.104552
-0.106683
-0.110814
-0.112421
-0.113451
-0.113556
-0.113908
-0.114217
-0.114158
-0.114530
-0.114363
-0.114578
-0.114646
-0.114588
-0.114843
-0.114665
-0.114902
-0.114837
-0.114867
-0.115004
-0.114866
-0.115095
-0.114934
-0.115322
-0.113039
-0.113870
-0.115923
-0.112602
-0.115900
-0.115023
-0.115183
-0.115049
-0.115343
-0.115061
-0.115132
-0.115116
-0.115294
-0.115346
-0.115236
-0.115378
-0.115306
-0.115365
-0.115385
-0.115343
-0.115449
-0.115355
-0.115453
-0.115423
-0.115453
-0.115414
-0.115197
-0.115153
-0.114729
-0.114449
-0.114570
-0.114946
-0.115218
-0.115360
-0.115408
-0.115509
-0.115655
-0.115732
-0.115900
-0.116031
-0.115648
-0.115500
-0.115524
-0.115489
-0.115495
-0.115499
-0.115474
-0.049569
1.987079
0.120658
0.020384
-0.089999
-0.105660
-0.114003
-0.107809
-0.110484
-0.112512
-0.108812
-0.114581
-0.109560
-0.111338
-0.112040
-0.109011
-0.113877
-0.108419
-0.110844
-0.109677
-0.106709
-0.111596
-0.101673
-0.106309
-0.096347
-0.101254
-0.082896
-0.091465
-0.095941
-0.076101
-0.098730
-0.102238
-0.104168
-0.112291
-0.108839
-0.112826
-0.112074
-0.112296
-0.114540
-0.112575
-0.115060
-0.113634
-0.114188
-0.115098
-0.113809
-0.116177
-0.114080
-0.115020
-0.114910
-0.113977
-0.115174
-0.113592
-0.114284
-0.113022
-0.106512
-0.114663
-0.106156
-0.111479
-0.113413
-0.114215
-0.114357
-0.115904
-0.114904
-0.115976
-0.115407
-0.115872
-0.115862
-0.115527
-0.116366
-0.115596
-0.115833
-0.116046
-0.115501
-0.116301
-0.115499
-0.115543
-0.115979
-0.114673
-0.115766
-0.114060
-0.114367
-0.114884
-0.114964
-0.114644
-0.112517
-0.113454
-0.115265
-0.113987
-0.115731
-0.114473
-0.116246
-0.115165
-0.115706
-0.115584
-0.116054
-0.116153
-0.115900
-0.116239
-0.116088
-0.116034
