-1.219322
1.927617
2.226560
-7.619419
-0.111172
-0.111165
-0.050015
0.995553
4.084065
-2.555982
-0.111166
-0.111160
2.603050
1.494310
7.445481
-3.561770
-0.111170
-0.111159
-0.393483
1.919112
5.481178
-4.488089
-0.111168
-0.111168
-0.120356
5.654764
10.484077
-10.040167
-0.111169
-0.111170
-0.198310
1.394560
2.932037
-3.179006
-0.111169
-0.111169
9.980634
-0.109880
9.983509
9.979505
-0.111167
-0.111171
7.786772
3.468977
13.569877
2.632623
-0.111169
-0.111172
0.991201
0.660786
0.405873
0.533422
0.319314
0.096715
0.356010
0.103602
0.061137
0.021994
0.091951
0.054977
0.007902
0.146193
-0.011717
0.031224
0.041950
-0.095751
-0.035389
-0.042410
-0.097798
-0.052064
-0.061564
-0.059490
-0.055939
-0.057081
-0.058711
-0.061639
-0.064620
-0.069921
-0.074494
-0.081832
-0.082033
-0.099139
-0.085203
-0.092165
-0.100316
-0.072788
-0.084517
-0.089393
-0.068045
-0.100353
-0.084369
-0.088255
-0.102706
-0.096077
-0.092556
-0.087296
-0.106676
-0.094464
-0.098766
-0.105920
-0.108463
-0.105941
-0.101042
-0.103165
-0.099398
-0.099722
-0.108706
-0.097389
-0.106657
-0.104807
-0.102711
-0.101219
-0.104870
-0.102031
-0.096678
-0.108084
-0.100493
-0.102370
-0.108878
-0.104416
-0.106709
-0.109458
-0.106411
-0.107606
-0.106674
-0.106132
-0.106864
-0.106245
-0.105464
-0.107390
-0.104676
-0.106359
-0.107472
-0.104891
-0.108660
-0.107558
-0.106830
-0.108447
-0.104448
-0.106692
-0.108678
-0.106426
-0.109836
-0.106016
-0.106608
-0.110156
-0.108580
-0.107757
-0.050502
0.218602
0.158178
-0.086618
-0.027043
0.027069
-0.059186
0.074587
0.031160
0.100870
0.166006
0.061950
0.133163
0.127474
-0.023469
0.058484
-0.005856
-0.073511
-0.033548
-0.072323
-0.083892
-0.061487
-0.085741
-0.086991
-0.076649
-0.101104
-0.094787
-0.097950
-0.101253
-0.087075
-0.099038
-0.094665
-0.088449
-0.103232
-0.092465
-0.088004
-0.107442
-0.082656
-0.077576
-0.096096
-0.067689
-0.077802
-0.085776
-0.075153
-0.089635
-0.094172
-0.095346
-0.109029
-0.103529
-0.109534
-0.109194
-0.106343
-0.107920
-0.111028
-0.109840
-0.109193
-0.109389
-0.107382
-0.106928
-0.109557
-0.104532
-0.106541
-0.101370
-0.098361
-0.101901
-0.095421
-0.097479
-0.103839
-0.097836
-0.104554
-0.105703
-0.103977
-0.109211
-0.107208
-0.106088
-0.109443
-0.107216
-0.106707
-0.110527
-0.106699
-0.108202
-0.108696
-0.105992
-0.108576
-0.107701
-0.106988
-0.110319
-0.107269
-0.108219
-0.110247
-0.106826
-0.106683
-0.108653
-0.104123
-0.106610
-0.105815
-0.104679
-0.107919
-0.107164
-0.106283
2.600758
0.309020
0.375338
-0.037219
0.421913
0.414618
0.076579
0.153416
0.179703
0.066542
-0.094501
0.010422
-0.016180
-0.072540
-0.007975
-0.020537
-0.078030
-0.019598
-0.043794
-0.067042
-0.058465
-0.059401
-0.091973
-0.057333
-0.082539
-0.077641
-0.082025
-0.094514
-0.092135
-0.087907
-0.079062
-0.098547
-0.077221
-0.084846
-0.093009
-0.088821
-0.090825
-0.110328
-0.092238
-0.100976
-0.094781
-0.089757
-0.099965
-0.104545
-0.088878
-0.089496
-0.096245
-0.103867
-0.092432
-0.096205
-0.108098
-0.102164
-0.108928
-0.110763
-0.108776
-0.107725
-0.108706
-0.097939
-0.100225
-0.110448
-0.102911
-0.104266
-0.109054
-0.106645
-0.103186
-0.106889
-0.108315
-0.103087
-0.104444
-0.109275
-0.104813
-0.107486
-0.109026
-0.107134
-0.107665
-0.107811
-0.105364
-0.108532
-0.106335
-0.108107
-0.108681
-0.109041
-0.107841
-0.107606
-0.109361
-0.106582
-0.108035
-0.109784
-0.107953
-0.109240
-0.107725
-0.107477
-0.110573
-0.107673
-0.107283
-0.108978
-0.110041
-0.108726
-0.106454
-0.107123
0.170721
0.510110
0.727967
0.175731
0.346267
0.295198
-0.019340
0.316098
0.179796
0.133239
0.206774
-0.010650
0.011982
0.021330
-0.041696
-0.048348
-0.057055
-0.051620
-0.074604
-0.094395
-0.072619
-0.088786
-0.091003
-0.086418
-0.104453
-0.101837
-0.108453
-0.107654
-0.105243
-0.107705
-0.098182
-0.103400
-0.100040
-0.097577
-0.109086
-0.099184
-0.097834
-0.101902
-0.100286
-0.098817
-0.095885
-0.102117
-0.099114
-0.086280
-0.096433
-0.092810
-0.090619
-0.104395
-0.097522
-0.103306
-0.107370
-0.105548
-0.108929
-0.108590
-0.108334
-0.106430
-0.107601
-0.105676
-0.106479
-0.108579
-0.100759
-0.104469
-0.101481
-0.100394
-0.108146
-0.104340
-0.105513
-0.109065
-0.108133
-0.108159
-0.107943
-0.109559
-0.109463
-0.108706
-0.110043
-0.109486
-0.109591
-0.110211
-0.110704
-0.110736
-0.110691
-0.110684
-0.109499
-0.109730
-0.109521
-0.108160
-0.109774
-0.109077
-0.108892
-0.110197
-0.109949
-0.109279
-0.110101
-0.109470
-0.109761
-0.109454
-0.108681
-0.110158
-0.108899
-0.109193
-0.103974
2.106863
2.958593
0.738570
0.842856
0.509452
-0.015823
0.087842
0.116679
0.064853
-0.024954
-0.034237
-0.021411
-0.018738
-0.084090
-0.058661
-0.086172
-0.086696
-0.081336
-0.090819
-0.085951
-0.059720
-0.100267
-0.066734
-0.075219
-0.104238
-0.085249
-0.091199
-0.108385
-0.089068
-0.091285
-0.100852
-0.089125
-0.103417
-0.102309
-0.102244
-0.106946
-0.107168
-0.105438
-0.108243
-0.100814
-0.103045
-0.106214
-0.104603
-0.101123
-0.102254
-0.105988
-0.105458
-0.097398
-0.097422
-0.100479
-0.087886
-0.106111
-0.103488
-0.101458
-0.093735
-0.105741
-0.097712
-0.102039
-0.107377
-0.105311
-0.106285
-0.106861
-0.108704
-0.108465
-0.107988
-0.108316
-0.109672
-0.108582
-0.109607
-0.110166
-0.110090
-0.110367
-0.109483
-0.108947
-0.110726
-0.108025
-0.108980
-0.109995
-0.108779
-0.109572
-0.110169
-0.108952
-0.109313
-0.109605
-0.108311
-0.110156
-0.109006
-0.109458
-0.109277
-0.107875
-0.110362
-0.108337
-0.108146
-0.107568
-0.109681
-0.106494
-0.107886
-0.110375
-0.108531
-0.024310
0.392015
0.640147
0.245193
0.185722
0.138738
0.006069
-0.043198
-0.101983
-0.037367
-0.069824
-0.062761
-0.076695
-0.097628
-0.088649
-0.088017
-0.098350
-0.094305
-0.107637
-0.105389
-0.098678
-0.098662
-0.093464
-0.101295
-0.096921
-0.104023
-0.103037
-0.104366
-0.106994
-0.103783
-0.105694
-0.101660
-0.104792
-0.104616
-0.108958
-0.109548
-0.107182
-0.108283
-0.107458
-0.107955
-0.109479
-0.108368
-0.108179
-0.107376
-0.106083
-0.109006
-0.105245
-0.106184
-0.106154
-0.106444
-0.105331
-0.104483
-0.109315
-0.109567
-0.109500
-0.107230
-0.108633
-0.106233
-0.106191
-0.108981
-0.110723
-0.109579
-0.107767
-0.109100
-0.109154
-0.109511
-0.110467
-0.110542
-0.110549
-0.110574
-0.110337
-0.111019
-0.110867
-0.110694
-0.110614
-0.110031
-0.110409
-0.110026
-0.110528
-0.110633
-0.110786
-0.110767
-0.110640
-0.110307
-0.110067
-0.110001
-0.109899
-0.110726
-0.110938
-0.110635
-0.110442
-0.110501
-0.110990
-0.110971
-0.110679
-0.110508
-0.110371
-0.110695
-0.109969
-0.110139
-2.485237
0.262426
-1.762331
-3.058672
-0.111168
-0.111171
0.770340
0.385151
1.543663
0.182908
-0.111168
-0.111172
-0.047162
0.101798
0.297338
-0.338060
-0.111168
-0.111172
-0.227358
1.962445
2.468123
-4.088296
-0.111170
-0.111171
-0.067164
0.371216
0.861232
-0.957001
-0.111169
-0.111171
-0.248005
2.217024
3.374446
-2.913993
-0.111168
-0.111172
5.958691
1.003378
7.904398
4.135924
-0.111168
-0.111171
2.263192
-0.009844
0.126644
-0.090723
-0.070713
-0.107887
-0.106672
-0.108169
-0.109579
-0.108552
-0.108971
-0.110144
-0.108884
-0.109810
-0.109901
-0.110340
-0.109963
-0.110701
-0.110470
-0.110671
-0.110950
-0.110485
-0.108956
-0.106717
-0.106693
-0.097448
-0.106651
-0.108492
-0.108750
-0.100294
-0.108821
-0.106650
-0.109301
-0.109242
-0.109490
-0.109737
-0.109589
-0.109920
-0.109918
-0.109895
-0.109990
-0.110068
-0.110013
-0.110091
-0.110256
-0.110146
-0.110294
-0.110328
-0.110185
-0.109992
-0.110477
-0.110132
-0.108201
-0.110040
-0.110380
-0.110310
-0.108526
-0.109987
-0.109259
-0.109824
-0.109938
-0.110033
-0.110062
-0.110087
-0.110169
-0.110182
-0.110260
-0.110295
-0.110243
-0.110291
-0.110329
-0.110298
-0.110275
-0.110313
-0.110302
-0.110215
-0.109892
-0.110272
-0.109747
-0.110192
-0.110590
-0.110687
-0.109862
-0.110531
-0.110594
-0.110300
-0.110357
-0.110405
-0.110457
-0.110305
-0.110457
-0.109948
-0.110454
-0.110463
-0.110515
-0.109881
-0.110444
-0.110300
-0.110462
-0.110454
0.769189
0.232038
-0.049006
-0.093089
-0.095093
-0.102257
-0.109721
-0.109753
-0.109814
-0.109223
-0.110869
-0.109617
-0.109214
-0.110400
-0.109404
-0.109997
-0.109652
-0.109332
-0.110083
-0.109965
-0.109739
-0.109496
-0.110905
-0.108189
-0.110349
-0.110036
-0.101935
-0.109884
-0.102495
-0.105791
-0.107389
-0.108136
-0.108146
-0.109064
-0.109385
-0.109504
-0.109651
-0.109757
-0.109645
-0.109614
-0.109866
-0.110000
-0.109916
-0.109873
-0.109990
-0.110102
-0.110182
-0.110334
-0.110572
-0.110269
-0.110620
-0.110735
-0.110254
-0.109014
-0.110752
-0.108826
-0.109269
-0.109642
-0.109549
-0.109628
-0.109805
-0.109897
-0.109931
-0.110044
-0.110032
-0.109985
-0.110061
-0.110034
-0.110118
-0.110113
-0.110127
-0.110163
-0.110173
-0.110180
-0.110198
-0.110216
-0.110062
-0.110296
-0.110181
-0.109794
-0.110288
-0.110047
-0.110120
-0.110272
-0.110437
-0.110251
-0.110343
-0.110347
-0.110307
-0.110283
-0.110315
-0.110216
-0.109946
-0.110358
-0.109925
-0.110177
-0.110257
-0.110256
-0.110299
-0.110346
-0.047930
0.038178
-0.098696
-0.105639
-0.103196
-0.109489
-0.108479
-0.111067
-0.108969
-0.109988
-0.108888
-0.109508
-0.110616
-0.110541
-0.110508
-0.109912
-0.110856
-0.110004
-0.110812
-0.110786
-0.110795
-0.110732
-0.110810
-0.109588
-0.110335
-0.109100
-0.107445
-0.109728
-0.107939
-0.110881
-0.110582
-0.110689
-0.110876
-0.110784
-0.110961
-0.110768
-0.110714
-0.110944
-0.110707
-0.110977
-0.110966
-0.110998
-0.110866
-0.110887
-0.111090
-0.110957
-0.110989
-0.110975
-0.110971
-0.110982
-0.110742
-0.110780
-0.110271
-0.110642
-0.110537
-0.110627
-0.110996
-0.111120
-0.110961
-0.110936
-0.111022
-0.110971
-0.111024
-0.110944
-0.111043
-0.110989
-0.111027
-0.111055
-0.111013
-0.111086
-0.111016
-0.111051
-0.111056
-0.111006
-0.111046
-0.110979
-0.110978
-0.111050
-0.110971
-0.110705
-0.111111
-0.110930
-0.110899
-0.110980
-0.111013
-0.111019
-0.110988
-0.111035
-0.110991
-0.110994
-0.111045
-0.110979
-0.111067
-0.111038
-0.111054
-0.111005
-0.111043
-0.111020
-0.111001
-0.111044
0.021395
1.327553
0.129106
0.062159
-0.063954
-0.078438
-0.095003
-0.095932
-0.097884
-0.099854
-0.101338
-0.102540
-0.103536
-0.104395
-0.105196
-0.105868
-0.106614
-0.107241
-0.107844
-0.108444
-0.109322
-0.109774
-0.110369
-0.109434
-0.102045
-0.103786
-0.066779
-0.091379
-0.088099
-0.101375
-0.098958
-0.104833
-0.105843
-0.107455
-0.107821
-0.108137
-0.108420
-0.108649
-0.108843
-0.108928
-0.109025
-0.109281
-0.109365
-0.109492
-0.109568
-0.109628
-0.109676
-0.109710
-0.109449
-0.109582
-0.108648
-0.110607
-0.109652
-0.102102
-0.102797
-0.109424
-0.110653
-0.109274
-0.110140
-0.110159
-0.110400
-0.110433
-0.110474
-0.110449
-0.110517
-0.110467
-0.110536
-0.110180
-0.110557
-0.110543
-0.110675
-0.110657
-0.110662
-0.110634
-0.110607
-0.110379
-0.110247
-0.109560
-0.109969
-0.108723
-0.109050
-0.107285
-0.110894
-0.110719
-0.110825
-0.110892
-0.110920
-0.111020
-0.111087
-0.111150
-0.110817
-0.110798
-0.109615
-0.110965
-0.109565
-0.110650
-0.110612
-0.111014
-0.111081
-0.111158
-0.063483
-0.007497
0.203318
-0.030477
-0.105947
-0.105502
-0.106132
-0.107001
-0.107737
-0.108258
-0.108390
-0.108876
-0.108970
-0.109225
-0.109359
-0.109455
-0.109585
-0.109679
-0.109765
-0.109857
-0.109948
-0.109982
-0.109953
-0.109707
-0.104218
-0.091831
-0.102584
-0.105131
-0.105251
-0.099957
-0.107122
-0.109625
-0.110252
-0.110375
-0.110377
-0.110368
-0.110354
-0.110382
-0.110376
-0.110388
-0.110401
-0.110416
-0.110394
-0.110415
-0.110452
-0.110464
-0.110484
-0.110511
-0.110546
-0.110358
-0.109572
-0.109462
-0.108090
-0.109097
-0.109456
-0.108768
-0.108512
-0.109811
-0.109986
-0.110209
-0.110276
-0.110325
-0.110341
-0.110313
-0.110259
-0.110462
-0.110486
-0.110511
-0.110643
-0.110493
-0.110431
-0.110443
-0.110456
-0.110453
-0.110441
-0.110438
-0.110290
-0.109871
-0.109259
-0.111042
-0.111122
-0.110905
-0.110233
-0.110433
-0.110364
-0.110462
-0.110553
-0.110570
-0.110585
-0.110555
-0.110664
-0.110084
-0.110461
-0.110574
-0.110482
-0.110019
-0.110662
-0.110556
-0.110601
-0.110605
0.006507
1.517254
0.155865
-0.051460
-0.077898
-0.105613
-0.102513
-0.104121
-0.104780
-0.105110
-0.105566
-0.105909
-0.106070
-0.106248
-0.106527
-0.106691
-0.106789
-0.106935
-0.107119
-0.107159
-0.107193
-0.107478
-0.106288
-0.105298
-0.097789
-0.103976
-0.066944
-0.095614
-0.077112
-0.090037
-0.104501
-0.105919
-0.105923
-0.106214
-0.106605
-0.106877
-0.107090
-0.107335
-0.107499
-0.107543
-0.107722
-0.107886
-0.107977
-0.108113
-0.108255
-0.108365
-0.108499
-0.108654
-0.108790
-0.108724
-0.109804
-0.109333
-0.108961
-0.100544
-0.102513
-0.105743
-0.104722
-0.107316
-0.108105
-0.107962
-0.108096
-0.108192
-0.108287
-0.108359
-0.108467
-0.108746
-0.108309
-0.107976
-0.108581
-0.108712
-0.108702
-0.108737
-0.108758
-0.108798
-0.108844
-0.108844
-0.109020
-0.109030
-0.108677
-0.109237
-0.106722
-0.104771
-0.109117
-0.109095
-0.109034
-0.109062
-0.109002
-0.109023
-0.109015
-0.109136
-0.109233
-0.108567
-0.107779
-0.109030
-0.107712
-0.108373
-0.109203
-0.109169
-0.109025
-0.109041
