-2.201445
1.907879
2.246950
-9.529141
-0.105700
-0.105691
0.002728
1.196277
4.995687
-3.334564
-0.105693
-0.105689
2.161925
1.392179
5.833515
-4.583301
-0.105701
-0.105679
-0.390040
2.101215
5.177485
-5.986743
-0.105697
-0.105696
-0.066038
5.226214
10.378487
-9.732046
-0.105697
-0.105698
-0.055039
1.359876
3.464116
-3.081910
-0.105696
-0.105696
8.644860
-0.104934
8.646298
8.643903
-0.105695
-0.105699
8.424726
3.236643
14.499403
3.763901
-0.105696
-0.105699
1.984862
0.516394
0.352140
0.520149
0.314576
0.052161
0.368184
0.219293
0.120187
0.037416
0.084486
0.097847
-0.056745
0.106959
0.066229
0.030723
0.100785
0.101583
0.036822
0.072606
0.069671
-0.045126
0.052013
-0.014886
-0.046136
-0.026838
-0.088576
-0.083824
-0.088765
-0.088507
-0.059945
-0.081445
-0.049210
-0.034020
-0.084307
-0.030482
-0.049320
-0.062526
-0.047083
-0.057819
-0.073277
-0.068500
-0.072422
-0.100607
-0.076828
-0.086513
-0.095287
-0.087641
-0.083820
-0.083274
-0.098934
-0.085418
-0.090577
-0.100400
-0.099052
-0.102905
-0.103257
-0.098977
-0.094810
-0.098995
-0.099465
-0.089049
-0.095193
-0.096795
-0.097720
-0.095427
-0.096796
-0.100980
-0.091729
-0.096591
-0.095980
-0.090210
-0.090272
-0.092880
-0.089847
-0.091677
-0.098027
-0.089593
-0.097457
-0.097185
-0.095289
-0.102461
-0.101449
-0.102797
-0.100316
-0.100204
-0.104492
-0.096844
-0.096428
-0.101926
-0.095085
-0.098026
-0.098029
-0.094887
-0.094290
-0.098060
-0.095795
-0.097188
-0.100874
-0.098836
0.001681
0.217204
0.282297
0.103353
-0.064951
0.015267
-0.072322
0.050655
0.022768
0.059935
0.186125
0.089576
0.182535
0.190495
0.070736
0.105634
0.035033
-0.018336
0.014013
-0.053971
-0.034449
-0.044342
-0.072246
-0.052631
-0.058090
-0.063686
-0.052751
-0.054891
-0.057712
-0.061479
-0.073494
-0.071592
-0.077898
-0.090319
-0.077599
-0.080542
-0.088776
-0.072881
-0.087769
-0.072799
-0.067606
-0.078094
-0.059647
-0.065868
-0.077946
-0.071640
-0.090488
-0.092929
-0.093795
-0.103950
-0.101107
-0.104776
-0.102955
-0.100543
-0.103199
-0.103939
-0.104065
-0.101022
-0.102466
-0.102828
-0.103168
-0.104524
-0.102699
-0.102743
-0.098001
-0.094137
-0.098308
-0.090023
-0.091104
-0.094505
-0.092128
-0.097955
-0.099411
-0.097250
-0.102641
-0.101149
-0.100835
-0.103161
-0.099937
-0.101736
-0.100971
-0.100451
-0.100665
-0.100492
-0.100975
-0.101507
-0.101043
-0.102362
-0.103086
-0.101854
-0.103051
-0.103563
-0.102170
-0.103927
-0.100620
-0.101016
-0.102205
-0.096621
-0.098447
-0.098958
2.160924
0.218086
0.250383
-0.019061
0.369110
0.365987
0.157611
0.201438
0.199344
0.163645
-0.019579
0.022935
0.030197
-0.060401
-0.057264
-0.028987
-0.066374
-0.064010
-0.020319
-0.039244
-0.061859
-0.017960
-0.067482
-0.068430
-0.041010
-0.077614
-0.085961
-0.066139
-0.074211
-0.097777
-0.079717
-0.066966
-0.092590
-0.078967
-0.066936
-0.094811
-0.079723
-0.078798
-0.098100
-0.093939
-0.090861
-0.100314
-0.091777
-0.084382
-0.096017
-0.092120
-0.079227
-0.085952
-0.088293
-0.089602
-0.082686
-0.088574
-0.102358
-0.097350
-0.102140
-0.105073
-0.104330
-0.102382
-0.102543
-0.093888
-0.094897
-0.097691
-0.091654
-0.092446
-0.094287
-0.101573
-0.095576
-0.095531
-0.103383
-0.099974
-0.098969
-0.104413
-0.102362
-0.100255
-0.102805
-0.100116
-0.097625
-0.103146
-0.099365
-0.097224
-0.102630
-0.101773
-0.099515
-0.100600
-0.104000
-0.101283
-0.099806
-0.103561
-0.100870
-0.100621
-0.104472
-0.102202
-0.102291
-0.103779
-0.101763
-0.100520
-0.102082
-0.099927
-0.100274
-0.101432
0.176348
0.706892
0.703275
0.069894
0.366611
0.468943
0.099727
0.258436
0.212550
0.048678
0.241035
0.093892
-0.020663
0.068925
-0.009395
-0.081563
-0.059124
-0.037233
-0.081416
-0.077811
-0.067124
-0.096100
-0.099683
-0.089254
-0.084548
-0.084130
-0.089682
-0.080848
-0.084601
-0.092243
-0.087413
-0.091349
-0.096093
-0.101829
-0.100161
-0.095677
-0.099297
-0.098335
-0.092418
-0.099575
-0.099285
-0.088670
-0.087613
-0.099017
-0.085810
-0.080987
-0.095938
-0.088008
-0.090272
-0.098069
-0.092561
-0.098542
-0.100625
-0.099973
-0.103718
-0.104746
-0.102645
-0.102460
-0.104721
-0.101687
-0.098749
-0.101143
-0.098167
-0.099925
-0.099324
-0.094456
-0.100357
-0.099963
-0.097222
-0.102868
-0.103803
-0.101362
-0.102294
-0.105429
-0.103165
-0.103079
-0.105281
-0.104030
-0.104968
-0.105124
-0.105112
-0.105157
-0.103863
-0.104203
-0.104952
-0.104450
-0.104827
-0.104610
-0.105186
-0.105345
-0.104720
-0.104911
-0.104660
-0.103972
-0.104027
-0.104315
-0.102748
-0.101643
-0.101746
-0.100828
-0.063659
1.983428
2.627648
0.760041
0.709873
0.686617
-0.002770
0.192973
0.176188
0.085222
-0.011610
-0.066983
-0.001484
-0.013249
-0.074958
-0.057433
-0.047608
-0.072151
-0.090874
-0.098498
-0.077190
-0.072221
-0.088441
-0.070929
-0.071841
-0.083980
-0.067444
-0.080808
-0.082347
-0.077903
-0.089818
-0.082910
-0.089922
-0.097639
-0.090371
-0.096412
-0.104769
-0.101667
-0.101343
-0.098773
-0.103052
-0.098830
-0.093603
-0.097001
-0.102963
-0.096419
-0.094758
-0.097422
-0.100454
-0.100197
-0.090607
-0.096351
-0.092068
-0.083042
-0.099119
-0.101190
-0.099395
-0.092148
-0.102241
-0.091890
-0.093214
-0.103985
-0.098455
-0.099735
-0.102635
-0.104736
-0.103795
-0.102148
-0.103321
-0.105047
-0.102707
-0.102968
-0.104796
-0.104979
-0.105474
-0.105259
-0.104762
-0.104649
-0.104123
-0.104411
-0.103884
-0.103178
-0.103494
-0.102202
-0.103479
-0.102086
-0.100466
-0.104436
-0.103039
-0.103048
-0.103334
-0.104773
-0.101554
-0.102673
-0.104898
-0.103294
-0.103051
-0.103479
-0.105038
-0.103684
-0.053821
0.369019
0.597042
0.378042
0.156519
0.007308
-0.071862
-0.067011
-0.079267
-0.087827
-0.063002
-0.046235
-0.056319
-0.060682
-0.041555
-0.044047
-0.054103
-0.038580
-0.065405
-0.072843
-0.085211
-0.087522
-0.098490
-0.095507
-0.101844
-0.096520
-0.100332
-0.098293
-0.097355
-0.099485
-0.100215
-0.103373
-0.098557
-0.102664
-0.100609
-0.099421
-0.095607
-0.096996
-0.092888
-0.094305
-0.092059
-0.095353
-0.099374
-0.099351
-0.098792
-0.100035
-0.101941
-0.103960
-0.104422
-0.101498
-0.100822
-0.098444
-0.098143
-0.099802
-0.104039
-0.104523
-0.103232
-0.101201
-0.101066
-0.101261
-0.103149
-0.104340
-0.103408
-0.103843
-0.104588
-0.105159
-0.103467
-0.102867
-0.102768
-0.102654
-0.102961
-0.102418
-0.101175
-0.102333
-0.103065
-0.104081
-0.103963
-0.104681
-0.105484
-0.105064
-0.104636
-0.105174
-0.105222
-0.104296
-0.104116
-0.105243
-0.104675
-0.104839
-0.105450
-0.105012
-0.104470
-0.104499
-0.104650
-0.103333
-0.105063
-0.103599
-0.103418
-0.104331
-0.104821
-0.104701
-2.706094
0.149772
-2.268499
-3.193994
-0.105697
-0.105698
0.216598
0.357617
1.001302
-0.313546
-0.105695
-0.105699
0.062981
0.118360
0.448280
-0.267676
-0.105696
-0.105699
-0.214823
1.684454
2.909868
-3.363636
-0.105696
-0.105698
-0.010042
0.804168
1.285946
-1.498016
-0.105697
-0.105699
-0.085990
2.608980
3.974286
-3.295224
-0.105696
-0.105700
5.815815
0.632629
7.010336
4.528440
-0.105697
-0.105698
2.495037
0.032544
-0.001083
-0.066173
-0.079218
-0.102633
-0.103256
-0.104590
-0.103695
-0.103484
-0.103942
-0.104894
-0.104040
-0.105102
-0.104712
-0.105127
-0.104107
-0.105297
-0.104159
-0.104643
-0.104056
-0.105367
-0.105039
-0.105223
-0.102712
-0.101783
-0.100038
-0.102251
-0.105198
-0.102306
-0.101172
-0.103601
-0.103366
-0.105342
-0.104939
-0.105518
-0.105543
-0.105431
-0.105603
-0.105555
-0.105558
-0.105582
-0.105512
-0.105625
-0.105338
-0.105659
-0.105290
-0.105508
-0.105184
-0.105604
-0.105283
-0.105561
-0.105060
-0.104764
-0.104611
-0.104969
-0.105462
-0.104870
-0.104631
-0.105212
-0.105100
-0.105602
-0.105423
-0.105573
-0.105551
-0.105577
-0.105648
-0.105607
-0.105658
-0.105648
-0.105623
-0.105680
-0.105568
-0.105654
-0.105532
-0.105596
-0.105443
-0.105607
-0.105433
-0.105622
-0.105378
-0.105257
-0.105355
-0.105455
-0.105529
-0.105318
-0.105192
-0.105411
-0.105489
-0.105640
-0.105577
-0.105457
-0.105495
-0.105595
-0.105561
-0.105601
-0.105576
-0.105624
-0.105661
-0.105655
0.220224
0.215341
-0.038010
-0.090104
-0.103554
-0.101532
-0.102796
-0.104937
-0.105077
-0.103400
-0.104411
-0.105187
-0.105026
-0.105268
-0.105189
-0.105510
-0.105221
-0.105264
-0.104929
-0.104510
-0.105553
-0.105288
-0.104933
-0.104897
-0.105026
-0.104525
-0.101672
-0.096387
-0.105174
-0.099155
-0.102995
-0.104468
-0.105570
-0.105195
-0.105515
-0.105447
-0.105555
-0.105474
-0.105570
-0.105638
-0.105581
-0.105539
-0.105600
-0.105628
-0.105607
-0.105548
-0.105514
-0.105387
-0.105658
-0.105490
-0.105475
-0.105401
-0.105414
-0.105420
-0.104787
-0.103409
-0.105421
-0.104406
-0.105164
-0.105416
-0.105642
-0.105469
-0.105665
-0.105639
-0.105644
-0.105656
-0.105678
-0.105682
-0.105658
-0.105629
-0.105652
-0.105629
-0.105651
-0.105608
-0.105641
-0.105569
-0.105632
-0.105547
-0.105579
-0.105513
-0.105499
-0.105473
-0.105378
-0.104714
-0.105536
-0.105271
-0.105573
-0.105631
-0.105622
-0.105244
-0.105609
-0.105560
-0.105584
-0.105593
-0.105631
-0.105612
-0.105637
-0.105672
-0.105664
-0.105633
0.064684
0.045160
-0.058930
-0.090209
-0.103693
-0.105102
-0.103999
-0.104290
-0.103977
-0.103217
-0.104745
-0.104601
-0.104468
-0.105247
-0.103700
-0.105165
-0.104827
-0.104768
-0.105449
-0.104862
-0.105434
-0.105298
-0.105174
-0.105432
-0.105430
-0.104260
-0.102888
-0.101088
-0.105108
-0.102714
-0.103909
-0.104792
-0.105302
-0.105582
-0.105445
-0.105542
-0.105319
-0.105219
-0.105358
-0.105691
-0.105381
-0.105565
-0.105366
-0.105485
-0.105471
-0.105458
-0.105494
-0.105517
-0.105540
-0.105633
-0.105470
-0.105586
-0.105427
-0.105452
-0.105098
-0.104513
-0.105377
-0.104994
-0.105421
-0.105397
-0.105573
-0.105570
-0.105585
-0.105539
-0.105565
-0.105476
-0.105531
-0.105566
-0.105542
-0.105533
-0.105611
-0.105538
-0.105595
-0.105583
-0.105561
-0.105507
-0.105572
-0.105545
-0.105563
-0.105520
-0.105484
-0.105633
-0.105542
-0.105267
-0.105519
-0.105285
-0.105584
-0.105383
-0.105646
-0.105640
-0.105670
-0.105521
-0.105574
-0.105503
-0.105601
-0.105527
-0.105594
-0.105508
-0.105624
-0.105572
-0.011272
1.008383
0.499050
-0.069505
-0.055609
-0.086132
-0.089206
-0.092544
-0.095980
-0.095979
-0.098620
-0.098080
-0.099837
-0.099402
-0.100711
-0.100255
-0.101224
-0.100938
-0.101637
-0.101459
-0.101694
-0.101706
-0.101991
-0.103420
-0.096066
-0.099243
-0.072809
-0.080219
-0.101654
-0.078798
-0.079434
-0.101344
-0.101813
-0.101508
-0.102554
-0.102360
-0.103144
-0.102687
-0.103453
-0.102917
-0.103609
-0.103090
-0.103724
-0.103190
-0.103804
-0.103265
-0.103853
-0.103316
-0.103883
-0.103297
-0.103999
-0.103273
-0.102818
-0.102035
-0.098765
-0.101492
-0.103469
-0.099935
-0.099177
-0.104347
-0.103981
-0.104182
-0.103959
-0.104512
-0.104203
-0.104365
-0.104279
-0.104312
-0.104309
-0.104309
-0.104361
-0.104288
-0.104389
-0.104262
-0.104416
-0.104231
-0.104476
-0.104200
-0.104527
-0.103990
-0.104871
-0.103406
-0.101911
-0.103147
-0.103245
-0.104383
-0.103952
-0.105199
-0.103615
-0.103845
-0.103244
-0.104827
-0.105114
-0.104756
-0.104600
-0.104793
-0.104569
-0.104748
-0.104546
-0.104743
-0.007794
0.506302
0.086362
-0.090937
-0.101964
-0.105091
-0.103293
-0.105293
-0.104199
-0.105227
-0.104581
-0.105221
-0.104926
-0.105172
-0.104979
-0.105052
-0.105012
-0.104937
-0.105165
-0.104842
-0.105182
-0.104557
-0.105157
-0.103984
-0.103725
-0.103185
-0.095272
-0.089996
-0.103650
-0.091835
-0.097650
-0.103416
-0.104989
-0.104868
-0.105105
-0.105060
-0.105233
-0.105229
-0.105314
-0.105334
-0.105387
-0.105385
-0.105413
-0.105400
-0.105415
-0.105396
-0.105433
-0.105369
-0.105426
-0.105273
-0.105402
-0.105046
-0.104900
-0.104489
-0.103552
-0.102359
-0.104712
-0.102503
-0.103879
-0.104767
-0.105502
-0.105388
-0.105538
-0.105222
-0.105517
-0.105393
-0.105560
-0.105451
-0.105583
-0.105481
-0.105593
-0.105490
-0.105586
-0.105490
-0.105584
-0.105477
-0.105577
-0.105428
-0.105555
-0.105296
-0.105247
-0.104849
-0.104897
-0.104505
-0.105088
-0.104352
-0.104831
-0.104922
-0.105414
-0.105419
-0.105421
-0.105058
-0.105434
-0.105387
-0.105624
-0.105465
-0.105648
-0.105495
-0.105653
-0.105504
-0.096878
1.793859
0.128271
-0.012538
-0.087561
-0.093220
-0.092000
-0.098166
-0.095684
-0.099821
-0.098037
-0.100758
-0.099368
-0.101312
-0.100395
-0.101541
-0.101071
-0.101495
-0.101605
-0.101253
-0.101888
-0.100749
-0.101967
-0.098945
-0.103740
-0.093664
-0.093282
-0.057881
-0.102831
-0.061396
-0.096435
-0.098021
-0.102492
-0.103648
-0.103397
-0.104276
-0.103612
-0.104832
-0.103734
-0.105170
-0.103843
-0.105374
-0.103933
-0.105553
-0.104008
-0.105595
-0.104058
-0.105361
-0.104079
-0.105015
-0.104018
-0.104111
-0.103789
-0.102185
-0.103417
-0.095295
-0.103858
-0.094643
-0.104419
-0.102183
-0.104746
-0.104039
-0.104797
-0.103705
-0.104879
-0.104131
-0.104796
-0.104419
-0.104796
-0.104551
-0.104785
-0.104645
-0.104782
-0.104724
-0.104773
-0.104777
-0.104762
-0.104752
-0.104736
-0.104349
-0.104338
-0.103651
-0.105159
-0.102350
-0.104448
-0.100440
-0.105373
-0.102444
-0.105182
-0.105376
-0.105392
-0.103445
-0.104971
-0.103920
-0.105128
-0.104264
-0.105103
-0.104358
-0.105093
-0.104386
