-1.089397
1.847440
2.542257
-7.607994
-0.111674
-0.111665
-0.101428
0.845142
3.192509
-2.587819
-0.111668
-0.111665
2.571705
1.523570
7.477708
-3.805522
-0.111674
-0.111657
-0.407632
1.571078
4.581469
-4.762169
-0.111670
-0.111668
-0.122410
5.365108
10.364009
-9.268217
-0.111670
-0.111672
-0.056577
1.397018
3.628651
-3.193743
-0.111670
-0.111670
10.626442
-0.110782
10.628557
10.624798
-0.111670
-0.111671
7.489036
3.212523
13.276535
2.856825
-0.111670
-0.111673
0.861283
0.636434
0.436913
0.479881
0.247366
0.039566
0.287641
0.108262
0.055374
-0.004654
0.069078
0.058251
-0.027786
0.124314
-0.002095
-0.005155
0.046529
-0.044706
-0.028490
-0.037887
-0.026588
-0.006481
-0.086505
-0.000983
-0.009619
-0.075633
0.022659
-0.044462
-0.030391
0.002028
-0.092954
-0.029303
-0.045323
-0.097705
-0.057052
-0.078368
-0.083873
-0.081591
-0.091639
-0.076642
-0.089484
-0.089360
-0.075365
-0.105875
-0.087213
-0.091754
-0.102347
-0.095526
-0.095608
-0.093135
-0.110729
-0.099639
-0.102270
-0.107034
-0.108112
-0.105793
-0.100637
-0.101709
-0.101169
-0.103132
-0.111409
-0.102449
-0.106158
-0.108667
-0.109059
-0.103463
-0.104109
-0.105886
-0.097594
-0.105937
-0.103120
-0.100907
-0.106214
-0.103968
-0.105584
-0.103775
-0.102025
-0.107664
-0.101349
-0.102309
-0.106446
-0.097823
-0.106577
-0.100055
-0.099186
-0.107942
-0.100190
-0.105000
-0.106513
-0.102658
-0.109517
-0.105472
-0.104811
-0.108219
-0.105441
-0.107943
-0.106955
-0.104051
-0.108631
-0.108073
-0.101681
0.173310
0.149317
-0.005114
-0.083522
-0.024695
0.001148
-0.012947
0.056202
0.011819
0.143491
0.070597
0.059333
0.078901
-0.030753
-0.024944
-0.047170
-0.087065
-0.046517
-0.085729
-0.057475
-0.050836
-0.077371
-0.051560
-0.081048
-0.051165
-0.077315
-0.070367
-0.073656
-0.080866
-0.068805
-0.090038
-0.075862
-0.093540
-0.082342
-0.089578
-0.099797
-0.090540
-0.107529
-0.096048
-0.096077
-0.098564
-0.082972
-0.091222
-0.086374
-0.082291
-0.097811
-0.094019
-0.104818
-0.106304
-0.108091
-0.108360
-0.107625
-0.107988
-0.109630
-0.111046
-0.110202
-0.109608
-0.111038
-0.110462
-0.108747
-0.107406
-0.108323
-0.106745
-0.107808
-0.100546
-0.103170
-0.100809
-0.100210
-0.105714
-0.105276
-0.107330
-0.109486
-0.107304
-0.109595
-0.107824
-0.106352
-0.109579
-0.106880
-0.110236
-0.107439
-0.108719
-0.107579
-0.107313
-0.107653
-0.107524
-0.109062
-0.106686
-0.109381
-0.107653
-0.108699
-0.109809
-0.108974
-0.110830
-0.108226
-0.109729
-0.109353
-0.108775
-0.110567
-0.108876
2.570243
0.246421
0.293841
0.019072
0.408449
0.416875
0.130119
0.160096
0.196184
0.089127
-0.082025
0.005891
0.020856
-0.064149
-0.017065
0.029266
-0.044314
-0.016696
0.020840
-0.064342
-0.008345
0.011481
-0.067953
0.006525
-0.007392
-0.059430
-0.004329
-0.053534
-0.052493
-0.029886
-0.084478
-0.038810
-0.050257
-0.080910
-0.046604
-0.071948
-0.088616
-0.067456
-0.090131
-0.095085
-0.084904
-0.104580
-0.092065
-0.089746
-0.104106
-0.102277
-0.090410
-0.091014
-0.097373
-0.100465
-0.092265
-0.097914
-0.109101
-0.102408
-0.108067
-0.110236
-0.109096
-0.110437
-0.108687
-0.100207
-0.100283
-0.107196
-0.101789
-0.102230
-0.105929
-0.108050
-0.102955
-0.103407
-0.110504
-0.103970
-0.101023
-0.108314
-0.104501
-0.103026
-0.111114
-0.102064
-0.102203
-0.107820
-0.098427
-0.100227
-0.104628
-0.098471
-0.104594
-0.103875
-0.102546
-0.107545
-0.102343
-0.104856
-0.106364
-0.101989
-0.106657
-0.106552
-0.102636
-0.108124
-0.107157
-0.105053
-0.109809
-0.107835
-0.105660
-0.107419
0.183544
0.392539
0.508144
0.155255
0.274664
0.237050
-0.000264
0.165223
0.255288
0.089969
0.185002
0.095727
-0.042581
-0.008862
-0.047229
-0.074925
-0.107922
-0.064620
-0.068215
-0.107207
-0.081233
-0.082938
-0.106538
-0.086489
-0.092959
-0.091130
-0.094294
-0.093868
-0.095593
-0.097878
-0.096985
-0.100679
-0.099004
-0.107302
-0.099374
-0.103578
-0.108340
-0.100027
-0.103282
-0.109398
-0.104873
-0.104163
-0.102927
-0.104943
-0.093757
-0.090984
-0.098641
-0.091694
-0.099304
-0.102801
-0.100780
-0.105458
-0.107922
-0.108378
-0.109324
-0.109905
-0.109891
-0.108357
-0.108360
-0.107816
-0.109068
-0.111263
-0.105103
-0.102895
-0.104903
-0.101440
-0.104920
-0.107448
-0.106362
-0.109053
-0.110644
-0.110853
-0.109332
-0.109660
-0.111218
-0.109635
-0.110130
-0.110971
-0.110827
-0.110214
-0.110492
-0.110667
-0.110447
-0.111359
-0.110485
-0.110507
-0.110747
-0.110655
-0.110901
-0.110170
-0.110942
-0.110483
-0.110298
-0.111245
-0.110920
-0.109574
-0.110335
-0.108879
-0.108997
-0.109540
-0.102542
1.960587
2.736659
0.790575
0.792070
0.683735
-0.084962
0.175623
0.154536
0.059012
-0.034141
0.002063
0.007838
-0.034625
-0.035662
-0.028789
-0.100485
-0.054043
-0.061571
-0.103550
-0.068583
-0.069449
-0.101824
-0.079750
-0.077558
-0.102384
-0.087693
-0.107403
-0.104331
-0.098012
-0.105678
-0.092511
-0.096435
-0.103924
-0.095175
-0.102237
-0.108873
-0.099824
-0.103115
-0.107884
-0.100740
-0.105558
-0.102383
-0.100177
-0.105730
-0.106655
-0.102180
-0.101125
-0.105328
-0.107879
-0.095668
-0.098391
-0.099328
-0.090806
-0.107802
-0.105441
-0.102362
-0.096699
-0.106549
-0.099082
-0.099579
-0.109274
-0.104056
-0.106743
-0.108248
-0.108723
-0.108320
-0.108494
-0.109544
-0.108867
-0.108297
-0.110956
-0.109192
-0.109722
-0.111050
-0.109111
-0.110141
-0.111273
-0.109544
-0.109929
-0.110185
-0.109316
-0.111234
-0.110389
-0.111145
-0.109280
-0.110716
-0.109772
-0.110700
-0.111127
-0.110160
-0.110788
-0.109671
-0.109762
-0.110641
-0.109597
-0.110950
-0.111005
-0.110887
-0.110964
-0.057015
0.251127
0.617309
0.427939
0.112688
0.081372
0.065072
0.030974
-0.073759
-0.033881
-0.041365
-0.042167
-0.029414
-0.060177
-0.054693
-0.053824
-0.087246
-0.074368
-0.095908
-0.087709
-0.097708
-0.096915
-0.099290
-0.095923
-0.100874
-0.093933
-0.102647
-0.099103
-0.100558
-0.106543
-0.101901
-0.106633
-0.101712
-0.104706
-0.104055
-0.107330
-0.106959
-0.108949
-0.104296
-0.106380
-0.101651
-0.104049
-0.105405
-0.103284
-0.106866
-0.106182
-0.106643
-0.107775
-0.104477
-0.106641
-0.108266
-0.106302
-0.103506
-0.105752
-0.110146
-0.109887
-0.110549
-0.107730
-0.107404
-0.107947
-0.107012
-0.107642
-0.109083
-0.111457
-0.108287
-0.108811
-0.109328
-0.108618
-0.109916
-0.109596
-0.109458
-0.110290
-0.109445
-0.110001
-0.109994
-0.110551
-0.110697
-0.111080
-0.110680
-0.110864
-0.110180
-0.110834
-0.110861
-0.110616
-0.111239
-0.111003
-0.110270
-0.110841
-0.110963
-0.110588
-0.110718
-0.111193
-0.110188
-0.110105
-0.111221
-0.110045
-0.110562
-0.110832
-0.111042
-0.110832
-2.575454
0.272228
-1.916949
-3.125379
-0.111669
-0.111673
0.753359
0.337736
1.479590
0.225196
-0.111669
-0.111674
0.032922
0.098394
0.346960
-0.305187
-0.111670
-0.111673
-0.261884
1.837580
2.436336
-3.482890
-0.111671
-0.111673
-0.078951
0.322607
0.659620
-0.829719
-0.111670
-0.111673
-0.153078
1.951848
3.264728
-2.527127
-0.111669
-0.111674
6.160468
0.833212
8.117750
4.866178
-0.111668
-0.111671
2.351110
-0.022784
0.138811
-0.076708
-0.078418
-0.107926
-0.107307
-0.110811
-0.110688
-0.111324
-0.109409
-0.111553
-0.109390
-0.110713
-0.111255
-0.111109
-0.109490
-0.110653
-0.110194
-0.110697
-0.110723
-0.110485
-0.109536
-0.109354
-0.107884
-0.105642
-0.099689
-0.107827
-0.110041
-0.110182
-0.100782
-0.109241
-0.108416
-0.110114
-0.110720
-0.110870
-0.110887
-0.111003
-0.111049
-0.111080
-0.111549
-0.111279
-0.111298
-0.111455
-0.111187
-0.111214
-0.111362
-0.111319
-0.111275
-0.111315
-0.111000
-0.110682
-0.111013
-0.109413
-0.109907
-0.110688
-0.110831
-0.110456
-0.109524
-0.111246
-0.110803
-0.111073
-0.111281
-0.111273
-0.111315
-0.111427
-0.111344
-0.111342
-0.111510
-0.111432
-0.111441
-0.111535
-0.111418
-0.111407
-0.111456
-0.111441
-0.111428
-0.111465
-0.111336
-0.111113
-0.111397
-0.110348
-0.111449
-0.111388
-0.111206
-0.110660
-0.111176
-0.111195
-0.111493
-0.111505
-0.111497
-0.110958
-0.111480
-0.111473
-0.111502
-0.111518
-0.111560
-0.111531
-0.111542
-0.111583
0.752712
0.199939
-0.056624
-0.100228
-0.108280
-0.103097
-0.108339
-0.110788
-0.110017
-0.111056
-0.111103
-0.111119
-0.111182
-0.110759
-0.111394
-0.110442
-0.111117
-0.111155
-0.111169
-0.111212
-0.110892
-0.111062
-0.110926
-0.110341
-0.110593
-0.109602
-0.107272
-0.105046
-0.111070
-0.104120
-0.109127
-0.110447
-0.111056
-0.110521
-0.110833
-0.111033
-0.111078
-0.111158
-0.111186
-0.111210
-0.111255
-0.111327
-0.111356
-0.111196
-0.111292
-0.111296
-0.111297
-0.111338
-0.111262
-0.111292
-0.111240
-0.111215
-0.111209
-0.110799
-0.110181
-0.110774
-0.111010
-0.110177
-0.110891
-0.111211
-0.111245
-0.111305
-0.111334
-0.111396
-0.111382
-0.111397
-0.111383
-0.111400
-0.111382
-0.111441
-0.111448
-0.111416
-0.111415
-0.111421
-0.111408
-0.111419
-0.111402
-0.111397
-0.111359
-0.111422
-0.111372
-0.111197
-0.110749
-0.111561
-0.110975
-0.111365
-0.111386
-0.111465
-0.111110
-0.111491
-0.111150
-0.111502
-0.111472
-0.111515
-0.111436
-0.111472
-0.111459
-0.111479
-0.111481
-0.111496
0.033446
0.032371
-0.085642
-0.092422
-0.101205
-0.107506
-0.110865
-0.109270
-0.111068
-0.110324
-0.110350
-0.111151
-0.111197
-0.110552
-0.111483
-0.110789
-0.111081
-0.110936
-0.111208
-0.111183
-0.111423
-0.110934
-0.111255
-0.110337
-0.110320
-0.110261
-0.109123
-0.108406
-0.110773
-0.108169
-0.111166
-0.110426
-0.110624
-0.111542
-0.111511
-0.111425
-0.111592
-0.111397
-0.111383
-0.111540
-0.111581
-0.111432
-0.111513
-0.111509
-0.111486
-0.111411
-0.111542
-0.111550
-0.111596
-0.111470
-0.111521
-0.111244
-0.111255
-0.111504
-0.110912
-0.111081
-0.111163
-0.110972
-0.111520
-0.111324
-0.111364
-0.111546
-0.111482
-0.111627
-0.111597
-0.111563
-0.111511
-0.111555
-0.111567
-0.111568
-0.111544
-0.111598
-0.111572
-0.111544
-0.111547
-0.111599
-0.111580
-0.111574
-0.111587
-0.111454
-0.111461
-0.111558
-0.111252
-0.111515
-0.111325
-0.111533
-0.111587
-0.111534
-0.111469
-0.111593
-0.111397
-0.111614
-0.111576
-0.111562
-0.111572
-0.111582
-0.111568
-0.111605
-0.111553
-0.111598
0.027581
1.250364
0.084940
-0.055975
-0.062026
-0.106564
-0.110924
-0.108300
-0.108620
-0.108943
-0.109262
-0.109333
-0.109578
-0.109606
-0.109655
-0.109707
-0.109769
-0.109671
-0.109698
-0.109562
-0.109387
-0.109050
-0.109291
-0.109707
-0.104311
-0.109489
-0.093256
-0.078103
-0.099384
-0.082740
-0.106902
-0.106557
-0.108210
-0.109819
-0.110453
-0.111028
-0.111179
-0.111323
-0.111389
-0.111481
-0.111517
-0.111557
-0.111563
-0.111553
-0.111521
-0.111463
-0.111431
-0.111358
-0.111269
-0.111099
-0.110984
-0.110812
-0.110010
-0.111150
-0.105808
-0.105606
-0.106343
-0.106125
-0.111051
-0.110290
-0.111250
-0.110939
-0.110867
-0.111375
-0.111368
-0.111448
-0.111455
-0.111476
-0.111479
-0.111526
-0.111545
-0.111572
-0.111587
-0.111609
-0.111625
-0.111639
-0.111637
-0.111552
-0.111465
-0.111252
-0.111050
-0.111225
-0.108583
-0.110154
-0.108696
-0.110080
-0.111505
-0.111111
-0.110437
-0.111496
-0.110036
-0.111366
-0.111444
-0.111504
-0.111603
-0.111568
-0.111533
-0.111547
-0.111546
-0.111553
-0.078176
0.015284
0.163986
-0.076629
-0.104765
-0.106936
-0.109760
-0.109469
-0.109944
-0.110038
-0.110185
-0.110315
-0.110459
-0.110433
-0.110354
-0.110457
-0.110560
-0.110502
-0.110457
-0.110396
-0.110338
-0.110103
-0.109973
-0.109554
-0.109303
-0.107458
-0.096583
-0.110839
-0.110960
-0.105826
-0.101204
-0.108331
-0.109958
-0.110618
-0.110970
-0.111212
-0.111255
-0.111348
-0.111409
-0.111451
-0.111467
-0.111492
-0.111506
-0.111505
-0.111511
-0.111492
-0.111469
-0.111436
-0.111398
-0.111312
-0.111208
-0.111040
-0.110763
-0.109759
-0.108939
-0.111518
-0.111499
-0.109535
-0.109827
-0.110849
-0.111098
-0.111274
-0.111347
-0.111567
-0.111428
-0.111490
-0.111518
-0.111535
-0.111545
-0.111563
-0.111578
-0.111588
-0.111596
-0.111602
-0.111605
-0.111602
-0.111597
-0.111571
-0.111521
-0.111447
-0.111269
-0.110504
-0.110885
-0.111588
-0.111565
-0.110504
-0.111317
-0.111142
-0.111430
-0.111522
-0.111374
-0.111117
-0.111522
-0.111643
-0.111633
-0.111625
-0.111617
-0.111628
-0.111629
-0.111631
-0.058428
1.315344
0.191962
-0.089198
-0.105975
-0.109453
-0.110535
-0.110884
-0.111103
-0.111090
-0.111310
-0.111209
-0.111394
-0.111348
-0.111394
-0.111438
-0.111384
-0.111500
-0.111407
-0.111419
-0.111422
-0.111413
-0.111386
-0.110643
-0.109787
-0.110453
-0.087447
-0.076709
-0.098621
-0.080710
-0.103538
-0.109515
-0.110949
-0.111553
-0.111447
-0.111316
-0.111431
-0.111444
-0.111474
-0.111467
-0.111504
-0.111492
-0.111505
-0.111516
-0.111509
-0.111527
-0.111514
-0.111520
-0.111510
-0.111515
-0.111536
-0.111343
-0.111020
-0.110634
-0.104751
-0.105399
-0.106133
-0.105276
-0.110696
-0.111263
-0.111019
-0.111636
-0.111332
-0.111282
-0.111576
-0.111574
-0.111571
-0.111574
-0.111590
-0.111575
-0.111581
-0.111583
-0.111580
-0.111586
-0.111581
-0.111580
-0.111569
-0.111586
-0.111602
-0.111518
-0.111347
-0.110780
-0.108287
-0.110091
-0.108575
-0.109488
-0.111623
-0.111112
-0.110089
-0.111505
-0.110070
-0.110973
-0.111534
-0.111619
-0.111633
-0.111626
-0.111610
-0.111617
-0.111618
-0.111619
