-1.208217
1.910254
3.458427
-8.057777
-0.112117
-0.112109
-0.026872
0.875533
3.447562
-1.966268
-0.112111
-0.112108
2.490222
1.481715
6.248592
-4.219955
-0.112118
-0.112100
-0.367687
1.710597
5.076985
-5.354632
-0.112114
-0.112110
-0.114431
5.403724
10.747956
-9.446791
-0.112114
-0.112116
-0.085998
1.371504
3.794035
-2.878201
-0.112113
-0.112114
10.411459
-0.110686
10.413999
10.409586
-0.112113
-0.112117
7.586409
3.091419
13.147368
2.756435
-0.112114
-0.112117
0.978861
0.608541
0.409416
0.515320
0.334950
0.034030
0.353048
0.174427
0.075224
0.010499
0.066045
0.064923
-0.001671
0.157439
-0.017809
0.071342
0.023462
-0.094449
-0.061634
-0.064297
-0.080454
-0.079338
-0.068491
-0.064129
-0.013763
-0.064236
-0.001913
-0.039495
-0.037993
-0.022710
-0.074022
-0.041401
-0.083110
-0.082444
-0.094594
-0.098195
-0.097355
-0.103051
-0.106089
-0.084376
-0.078978
-0.095239
-0.068483
-0.101992
-0.084382
-0.092445
-0.101461
-0.094038
-0.092354
-0.090734
-0.110503
-0.096934
-0.102677
-0.105968
-0.107906
-0.105517
-0.100696
-0.101769
-0.099635
-0.100744
-0.111422
-0.099911
-0.104505
-0.108359
-0.107187
-0.102986
-0.105550
-0.104944
-0.096277
-0.108094
-0.098515
-0.103106
-0.107451
-0.106935
-0.108250
-0.107415
-0.110146
-0.108127
-0.108255
-0.104572
-0.108261
-0.101238
-0.104723
-0.103846
-0.103887
-0.106036
-0.104150
-0.109196
-0.105248
-0.107371
-0.109508
-0.109053
-0.108939
-0.110450
-0.106758
-0.107615
-0.107301
-0.102520
-0.107641
-0.107525
-0.027169
0.226507
0.173051
-0.056671
-0.047080
0.003955
0.030461
-0.058550
0.001474
-0.051015
0.075119
0.030039
0.056305
0.086308
-0.009711
0.014248
-0.029631
-0.061429
-0.030832
-0.076633
-0.039373
-0.003908
-0.047741
-0.006756
-0.052733
-0.054155
-0.075565
-0.074574
-0.078766
-0.085474
-0.073755
-0.076154
-0.054718
-0.076792
-0.058784
-0.083344
-0.093083
-0.085655
-0.101366
-0.091738
-0.087428
-0.094457
-0.080797
-0.090135
-0.090660
-0.089253
-0.103470
-0.100017
-0.108301
-0.104496
-0.108137
-0.109270
-0.109130
-0.107394
-0.109606
-0.111391
-0.110368
-0.109223
-0.110354
-0.109100
-0.108283
-0.108112
-0.110521
-0.107775
-0.111005
-0.104990
-0.106470
-0.103320
-0.101414
-0.106404
-0.103645
-0.106782
-0.107171
-0.105803
-0.110719
-0.107175
-0.104957
-0.108443
-0.103970
-0.106831
-0.106615
-0.107730
-0.108607
-0.108428
-0.109575
-0.108129
-0.107572
-0.105165
-0.107233
-0.104710
-0.107996
-0.108525
-0.108667
-0.110863
-0.108173
-0.109085
-0.109201
-0.107540
-0.111461
-0.109685
2.488754
0.243210
0.302381
0.013647
0.456091
0.397455
0.105955
0.185563
0.186193
0.107996
-0.062772
-0.001459
-0.003159
-0.067708
-0.036693
0.007432
-0.055985
-0.021504
-0.024395
-0.061367
-0.094957
-0.061703
-0.064547
-0.096589
-0.053805
-0.080755
-0.084860
-0.074888
-0.082726
-0.093093
-0.077631
-0.069276
-0.099573
-0.082953
-0.087967
-0.107136
-0.097654
-0.092177
-0.097786
-0.100740
-0.087440
-0.105614
-0.092651
-0.091148
-0.102069
-0.101270
-0.088323
-0.090457
-0.095709
-0.102813
-0.093965
-0.096605
-0.109841
-0.103759
-0.109969
-0.111443
-0.110571
-0.109579
-0.109185
-0.099250
-0.100966
-0.109124
-0.102868
-0.105068
-0.108934
-0.109281
-0.104283
-0.107417
-0.109780
-0.105407
-0.103216
-0.108597
-0.103568
-0.104596
-0.109245
-0.109289
-0.108417
-0.109504
-0.110328
-0.107035
-0.110534
-0.107917
-0.106891
-0.109015
-0.109181
-0.106276
-0.106726
-0.110635
-0.108322
-0.109453
-0.111513
-0.109943
-0.107549
-0.110376
-0.107743
-0.105681
-0.109928
-0.107295
-0.105188
-0.106738
0.142758
0.365483
0.599263
0.308691
0.286931
0.228000
0.013598
0.207187
0.235161
0.136390
0.188008
0.101392
-0.017339
-0.002162
-0.052667
-0.090529
-0.106514
-0.092275
-0.090579
-0.099837
-0.096892
-0.082762
-0.099678
-0.100979
-0.100898
-0.105443
-0.109617
-0.107043
-0.108475
-0.111177
-0.108633
-0.107335
-0.108286
-0.105940
-0.102853
-0.110037
-0.105047
-0.106435
-0.108108
-0.109148
-0.107818
-0.104531
-0.102324
-0.103109
-0.093113
-0.089810
-0.095273
-0.092993
-0.097487
-0.103776
-0.102178
-0.105582
-0.106659
-0.108721
-0.109251
-0.109180
-0.109548
-0.107172
-0.106843
-0.107681
-0.109102
-0.110121
-0.104841
-0.104287
-0.103974
-0.101795
-0.105160
-0.106293
-0.106291
-0.109724
-0.111272
-0.110994
-0.110987
-0.111395
-0.111165
-0.110593
-0.110157
-0.110857
-0.109940
-0.110911
-0.110571
-0.110828
-0.111263
-0.110919
-0.111739
-0.111186
-0.111737
-0.111086
-0.111266
-0.111608
-0.110926
-0.110395
-0.111370
-0.111766
-0.111840
-0.110705
-0.110951
-0.108886
-0.108969
-0.108306
-0.111488
1.956448
2.750476
0.822136
0.797944
0.711323
-0.090196
0.228020
0.155290
0.048385
-0.059451
-0.015897
-0.014979
-0.040207
-0.032797
-0.022963
-0.099154
-0.034923
-0.052741
-0.091680
-0.051419
-0.061582
-0.091635
-0.061090
-0.073047
-0.097335
-0.070770
-0.093390
-0.091728
-0.081559
-0.108777
-0.088225
-0.091024
-0.104146
-0.090691
-0.096234
-0.105271
-0.097839
-0.100054
-0.109135
-0.100066
-0.106320
-0.103555
-0.101879
-0.107283
-0.107272
-0.102880
-0.102043
-0.104807
-0.107898
-0.095318
-0.099019
-0.099856
-0.091206
-0.108205
-0.105694
-0.102763
-0.096670
-0.106434
-0.099961
-0.100013
-0.109213
-0.103968
-0.106607
-0.108940
-0.110568
-0.109037
-0.109484
-0.110661
-0.109207
-0.109079
-0.111446
-0.109520
-0.110268
-0.110867
-0.109747
-0.109868
-0.110632
-0.109033
-0.109785
-0.110574
-0.109850
-0.110833
-0.109907
-0.109775
-0.109976
-0.109650
-0.109983
-0.109734
-0.109985
-0.111174
-0.110738
-0.109918
-0.110869
-0.111020
-0.110810
-0.111393
-0.111357
-0.111691
-0.111144
-0.085937
0.291808
0.597697
0.307544
0.157594
0.177600
0.053396
-0.052536
-0.054144
0.008060
-0.023174
-0.002216
-0.015089
-0.056708
-0.045877
-0.054097
-0.084309
-0.070864
-0.085823
-0.095244
-0.089052
-0.109501
-0.096369
-0.109540
-0.095840
-0.107739
-0.097615
-0.103064
-0.103655
-0.102006
-0.108982
-0.102788
-0.111013
-0.104080
-0.109960
-0.106216
-0.109427
-0.105256
-0.104027
-0.105624
-0.102078
-0.103845
-0.105996
-0.102929
-0.104512
-0.105537
-0.104377
-0.108649
-0.105905
-0.105208
-0.105763
-0.108040
-0.105427
-0.105466
-0.110179
-0.110843
-0.111426
-0.108815
-0.108970
-0.107424
-0.106754
-0.109347
-0.111621
-0.109287
-0.107485
-0.108662
-0.108025
-0.108608
-0.110061
-0.109753
-0.110082
-0.111094
-0.110008
-0.110480
-0.111047
-0.110716
-0.111740
-0.111411
-0.111349
-0.110539
-0.111419
-0.110198
-0.110915
-0.111924
-0.111013
-0.111460
-0.111295
-0.111501
-0.111526
-0.111965
-0.111149
-0.111707
-0.109918
-0.110240
-0.111500
-0.110039
-0.110261
-0.110647
-0.110617
-0.110141
-2.521585
0.290324
-1.807766
-3.107677
-0.112113
-0.112117
0.809423
0.382165
1.633772
0.217261
-0.112113
-0.112117
0.041885
0.077831
0.265528
-0.278230
-0.112115
-0.112117
-0.059041
1.864758
2.779720
-3.476007
-0.112115
-0.112117
-0.102395
0.384653
0.665437
-1.046950
-0.112115
-0.112116
-0.167953
2.072118
3.354403
-2.486412
-0.112113
-0.112118
6.064353
1.009476
8.109973
4.244259
-0.112113
-0.112116
2.298272
-0.041877
0.158228
-0.107929
-0.068618
-0.102005
-0.105070
-0.106417
-0.110066
-0.110490
-0.110837
-0.109700
-0.109929
-0.109765
-0.109814
-0.109991
-0.109966
-0.110147
-0.110994
-0.110688
-0.111331
-0.110891
-0.110116
-0.110766
-0.104227
-0.110716
-0.097736
-0.110430
-0.110505
-0.110668
-0.099662
-0.110984
-0.110581
-0.110831
-0.111865
-0.110980
-0.111458
-0.111196
-0.111636
-0.111340
-0.111644
-0.111340
-0.111885
-0.111346
-0.111457
-0.111355
-0.111663
-0.111287
-0.111802
-0.111472
-0.111935
-0.111640
-0.110407
-0.111154
-0.108876
-0.111661
-0.111414
-0.111715
-0.108584
-0.111491
-0.111707
-0.111588
-0.111604
-0.111625
-0.111325
-0.111514
-0.111508
-0.111591
-0.111449
-0.111620
-0.111611
-0.111616
-0.111581
-0.111634
-0.111585
-0.111565
-0.111567
-0.111623
-0.111666
-0.111705
-0.111376
-0.111437
-0.110831
-0.111686
-0.111879
-0.111670
-0.110246
-0.111620
-0.111613
-0.111701
-0.111538
-0.111701
-0.111248
-0.111660
-0.111482
-0.111674
-0.111419
-0.111685
-0.111503
-0.111701
0.807054
0.224390
-0.022629
-0.092584
-0.098904
-0.104852
-0.107853
-0.110104
-0.110491
-0.109740
-0.110986
-0.110845
-0.111045
-0.110998
-0.111863
-0.111186
-0.111370
-0.111569
-0.111557
-0.110879
-0.111775
-0.111183
-0.111274
-0.110607
-0.110046
-0.109894
-0.106835
-0.102572
-0.110696
-0.105100
-0.108591
-0.110997
-0.111427
-0.111374
-0.111762
-0.111941
-0.111859
-0.111968
-0.111921
-0.111778
-0.111952
-0.111895
-0.111918
-0.111976
-0.111938
-0.111949
-0.111956
-0.111823
-0.112014
-0.111883
-0.112056
-0.111638
-0.111715
-0.111479
-0.110914
-0.109831
-0.111469
-0.110587
-0.111251
-0.111869
-0.112085
-0.111700
-0.112073
-0.111964
-0.111937
-0.112005
-0.111990
-0.111901
-0.112012
-0.111989
-0.111955
-0.112020
-0.111985
-0.111938
-0.111991
-0.111997
-0.111963
-0.112065
-0.111989
-0.111857
-0.111903
-0.111860
-0.111708
-0.111003
-0.111829
-0.111571
-0.111559
-0.111946
-0.112064
-0.111469
-0.112035
-0.112016
-0.111877
-0.111958
-0.111967
-0.111978
-0.111973
-0.112010
-0.111980
-0.111961
0.041245
0.012880
-0.069610
-0.093819
-0.100887
-0.106065
-0.111544
-0.111508
-0.110475
-0.111637
-0.110913
-0.110380
-0.109812
-0.111953
-0.111617
-0.111971
-0.110497
-0.110981
-0.111538
-0.111668
-0.111330
-0.111758
-0.111741
-0.110731
-0.110955
-0.110973
-0.109484
-0.108854
-0.111597
-0.109121
-0.110328
-0.110535
-0.110955
-0.111553
-0.111765
-0.111851
-0.111961
-0.111940
-0.111856
-0.112004
-0.111820
-0.111985
-0.111962
-0.111973
-0.111943
-0.111984
-0.112079
-0.112072
-0.112017
-0.112080
-0.112038
-0.111780
-0.111870
-0.111939
-0.111456
-0.111336
-0.111892
-0.111342
-0.111613
-0.111583
-0.111677
-0.111794
-0.111874
-0.111890
-0.111934
-0.111933
-0.111913
-0.112000
-0.112013
-0.111962
-0.111977
-0.111948
-0.112056
-0.112036
-0.112010
-0.112022
-0.112028
-0.112000
-0.111997
-0.112070
-0.111952
-0.111973
-0.111857
-0.111683
-0.112034
-0.111812
-0.111813
-0.111885
-0.111884
-0.111768
-0.111950
-0.111918
-0.111921
-0.111996
-0.111923
-0.111952
-0.111990
-0.111962
-0.111975
-0.111957
-0.058700
1.244861
0.150970
0.058788
-0.093685
-0.109289
-0.098039
-0.102955
-0.102881
-0.105087
-0.104700
-0.106457
-0.105966
-0.107170
-0.106891
-0.107634
-0.107476
-0.107939
-0.107976
-0.107899
-0.108315
-0.107698
-0.108719
-0.110133
-0.108044
-0.090030
-0.095648
-0.081880
-0.106986
-0.077123
-0.103059
-0.106794
-0.109864
-0.110114
-0.110242
-0.111195
-0.110471
-0.111401
-0.110468
-0.111352
-0.110523
-0.111386
-0.110565
-0.111420
-0.110613
-0.111470
-0.110666
-0.111483
-0.110696
-0.111471
-0.110949
-0.111516
-0.110061
-0.106748
-0.108252
-0.106039
-0.109475
-0.102487
-0.110960
-0.111419
-0.110771
-0.110189
-0.111082
-0.110408
-0.111050
-0.110804
-0.111027
-0.110880
-0.111065
-0.110991
-0.111065
-0.111053
-0.111080
-0.111122
-0.111093
-0.111213
-0.111101
-0.111308
-0.111190
-0.111068
-0.110537
-0.110111
-0.110966
-0.109478
-0.110769
-0.107553
-0.110920
-0.110068
-0.111386
-0.110212
-0.111608
-0.110297
-0.110907
-0.110671
-0.111141
-0.110799
-0.111174
-0.110849
-0.111171
-0.110845
-0.106123
-0.011800
0.214434
-0.033868
-0.094458
-0.103056
-0.104106
-0.106558
-0.106801
-0.107846
-0.108022
-0.108631
-0.108608
-0.109291
-0.109203
-0.109649
-0.109561
-0.109896
-0.109901
-0.110076
-0.110090
-0.110270
-0.110365
-0.110480
-0.108090
-0.104676
-0.094049
-0.107866
-0.108934
-0.111077
-0.098539
-0.107832
-0.110373
-0.110812
-0.110448
-0.111041
-0.110719
-0.111123
-0.110814
-0.111146
-0.110869
-0.111188
-0.110926
-0.111210
-0.110963
-0.111240
-0.110972
-0.111241
-0.110955
-0.111230
-0.110946
-0.111173
-0.110170
-0.110820
-0.108604
-0.110634
-0.110350
-0.111261
-0.109560
-0.111583
-0.111785
-0.111605
-0.111511
-0.111501
-0.111719
-0.111605
-0.111576
-0.111568
-0.111540
-0.111553
-0.111507
-0.111544
-0.111480
-0.111541
-0.111440
-0.111532
-0.111383
-0.111499
-0.111296
-0.111393
-0.110829
-0.112064
-0.111251
-0.111522
-0.111052
-0.111349
-0.111617
-0.111740
-0.111683
-0.111859
-0.111833
-0.111637
-0.111508
-0.111605
-0.111672
-0.111630
-0.111722
-0.111633
-0.111722
-0.111626
-0.057010
1.391071
0.210851
-0.039309
-0.093489
-0.105521
-0.103799
-0.108124
-0.105836
-0.108521
-0.107031
-0.108810
-0.107834
-0.108879
-0.108479
-0.108869
-0.108946
-0.108749
-0.109378
-0.108439
-0.109759
-0.107837
-0.110184
-0.106753
-0.109608
-0.105443
-0.090910
-0.077381
-0.106398
-0.074744
-0.100912
-0.103516
-0.111308
-0.108941
-0.111256
-0.110294
-0.111089
-0.110959
-0.111066
-0.111354
-0.111089
-0.111648
-0.111119
-0.111879
-0.111175
-0.112028
-0.111242
-0.111824
-0.111337
-0.111443
-0.111537
-0.110759
-0.111592
-0.109739
-0.106937
-0.105178
-0.109531
-0.102533
-0.109399
-0.108620
-0.111231
-0.109816
-0.111329
-0.110234
-0.111068
-0.110667
-0.111182
-0.110877
-0.111236
-0.111032
-0.111256
-0.111143
-0.111282
-0.111239
-0.111301
-0.111336
-0.111306
-0.111418
-0.111286
-0.111303
-0.111186
-0.110393
-0.110304
-0.109205
-0.110983
-0.107910
-0.110124
-0.109761
-0.111575
-0.109959
-0.111677
-0.110155
-0.110932
-0.110730
-0.111137
-0.110851
-0.111225
-0.110902
-0.111254
-0.110917
