-2.273937
1.777925
1.405188
-8.799385
-0.107226
-0.107217
0.035518
1.140795
5.225242
-3.301285
-0.107218
-0.107211
2.242392
1.483444
5.696136
-4.167414
-0.107227
-0.107207
-0.351358
2.265829
6.392471
-5.477807
-0.107222
-0.107221
0.016957
5.219807
10.153776
-9.201692
-0.107223
-0.107224
-0.151974
1.346494
3.038252
-3.067864
-0.107222
-0.107222
9.080547
-0.106756
9.081245
9.079743
-0.107222
-0.107225
8.753539
3.224089
14.747714
4.217062
-0.107222
-0.107225
2.054675
0.588383
0.358828
0.478291
0.325155
0.035254
0.300903
0.172612
0.097797
-0.011716
0.096825
0.071202
-0.057671
0.089155
0.020109
-0.046042
0.042947
-0.028085
-0.070082
-0.030820
-0.081830
-0.062746
-0.060152
-0.078518
-0.016040
-0.052642
-0.028162
-0.019515
-0.066813
-0.035727
-0.086465
-0.073942
-0.091547
-0.082517
-0.083416
-0.091741
-0.068195
-0.074553
-0.094253
-0.067853
-0.073309
-0.101852
-0.072868
-0.084108
-0.095322
-0.077793
-0.095081
-0.092419
-0.090029
-0.088028
-0.096067
-0.101387
-0.097200
-0.097750
-0.103453
-0.106829
-0.101732
-0.101088
-0.102028
-0.096735
-0.098269
-0.103083
-0.097053
-0.103675
-0.103070
-0.100171
-0.098000
-0.106042
-0.096868
-0.097935
-0.103860
-0.098644
-0.102000
-0.101770
-0.100305
-0.106048
-0.099898
-0.099090
-0.100709
-0.098263
-0.096048
-0.102325
-0.097696
-0.101325
-0.102727
-0.102686
-0.104156
-0.104290
-0.102618
-0.099903
-0.102636
-0.100302
-0.101433
-0.102650
-0.103548
-0.102176
-0.106842
-0.101151
-0.101945
-0.102485
0.034736
0.261614
0.213883
0.049870
-0.055909
-0.001790
-0.040529
0.031967
0.123637
0.091835
0.196665
0.165924
0.099013
0.165594
0.054992
-0.016856
0.012001
-0.078037
-0.007961
-0.060338
-0.027194
-0.029968
-0.079551
-0.049610
-0.078911
-0.075546
-0.080479
-0.088659
-0.077927
-0.089998
-0.068561
-0.088724
-0.077644
-0.080610
-0.095093
-0.080403
-0.099417
-0.091251
-0.097647
-0.079777
-0.071743
-0.082920
-0.062596
-0.070607
-0.083570
-0.079551
-0.090252
-0.096054
-0.097895
-0.100346
-0.094705
-0.100824
-0.101186
-0.101236
-0.101986
-0.104979
-0.107061
-0.105357
-0.105613
-0.106102
-0.104778
-0.104692
-0.103406
-0.096488
-0.097076
-0.096167
-0.093234
-0.098857
-0.096834
-0.097721
-0.102738
-0.096130
-0.102326
-0.096366
-0.097114
-0.102274
-0.098148
-0.103536
-0.103373
-0.102576
-0.104914
-0.102468
-0.106102
-0.102714
-0.104438
-0.104014
-0.103408
-0.105143
-0.103830
-0.106305
-0.104507
-0.105274
-0.105198
-0.102979
-0.103889
-0.101608
-0.101613
-0.101957
-0.100631
-0.102074
2.241093
0.263046
0.290479
0.038525
0.359080
0.394771
0.183688
0.157564
0.178956
0.149628
0.006374
-0.022856
0.033293
-0.041323
-0.060811
0.004997
-0.030957
-0.030089
-0.004096
-0.011359
-0.044750
-0.017717
-0.008646
-0.057920
-0.010079
-0.029775
-0.046503
-0.033286
-0.044344
-0.045462
-0.056659
-0.037865
-0.065337
-0.062278
-0.055642
-0.083289
-0.074751
-0.074016
-0.084284
-0.090521
-0.081901
-0.089215
-0.099117
-0.083470
-0.089476
-0.103209
-0.087142
-0.087716
-0.095642
-0.100901
-0.100290
-0.098177
-0.099148
-0.096052
-0.101753
-0.096888
-0.098404
-0.096171
-0.096008
-0.095974
-0.088268
-0.093284
-0.099630
-0.097969
-0.099571
-0.101828
-0.104982
-0.100934
-0.102361
-0.104531
-0.100263
-0.102158
-0.103551
-0.099919
-0.101762
-0.101775
-0.101339
-0.098961
-0.101285
-0.099303
-0.097883
-0.102131
-0.097931
-0.100541
-0.098645
-0.098496
-0.097810
-0.098011
-0.100395
-0.096717
-0.100605
-0.099939
-0.098644
-0.102952
-0.103607
-0.103191
-0.103566
-0.106128
-0.100875
-0.101347
0.135754
0.566725
0.888472
0.229079
0.418588
0.452172
0.120485
0.207719
0.358066
0.131198
0.215657
0.151748
-0.023491
0.047702
-0.015295
-0.048237
-0.080561
-0.057510
-0.067890
-0.100530
-0.103960
-0.088952
-0.080173
-0.075822
-0.087370
-0.081829
-0.086662
-0.101678
-0.092175
-0.099723
-0.101299
-0.101259
-0.102700
-0.103427
-0.097623
-0.094926
-0.088735
-0.092827
-0.089952
-0.090096
-0.101574
-0.092587
-0.080005
-0.087957
-0.086180
-0.076783
-0.086941
-0.089638
-0.089589
-0.102656
-0.100219
-0.098003
-0.102047
-0.104911
-0.104063
-0.104596
-0.105819
-0.103368
-0.100955
-0.104351
-0.100412
-0.100005
-0.104382
-0.098282
-0.100561
-0.101992
-0.100615
-0.105651
-0.101046
-0.102319
-0.103796
-0.101451
-0.104385
-0.105044
-0.103815
-0.104012
-0.102652
-0.101825
-0.102980
-0.102868
-0.104438
-0.104889
-0.105275
-0.107007
-0.106376
-0.106297
-0.106859
-0.106413
-0.105633
-0.105191
-0.104647
-0.104408
-0.104263
-0.105999
-0.103862
-0.103659
-0.105542
-0.102539
-0.103479
-0.104218
0.017618
1.805776
2.718145
0.988857
0.567843
0.639016
0.060238
0.110395
0.083956
0.153278
0.062513
-0.038808
0.002479
-0.007844
-0.044517
-0.044728
-0.060180
-0.063445
-0.053260
-0.088630
-0.067870
-0.061439
-0.096621
-0.077608
-0.084266
-0.097254
-0.087218
-0.092434
-0.091542
-0.083844
-0.090276
-0.092071
-0.086133
-0.097750
-0.095577
-0.089406
-0.101952
-0.095989
-0.096884
-0.101930
-0.099210
-0.102392
-0.102073
-0.098301
-0.097707
-0.100444
-0.097937
-0.097362
-0.096188
-0.100001
-0.096499
-0.085768
-0.102887
-0.091515
-0.095483
-0.101171
-0.102928
-0.096289
-0.093107
-0.104693
-0.102049
-0.102274
-0.099377
-0.102218
-0.102615
-0.100189
-0.103060
-0.106187
-0.103228
-0.103241
-0.105481
-0.104913
-0.105849
-0.105817
-0.105355
-0.105863
-0.104688
-0.105506
-0.105175
-0.105184
-0.105618
-0.105432
-0.103647
-0.104534
-0.104584
-0.104002
-0.106230
-0.105848
-0.104642
-0.105399
-0.105801
-0.105648
-0.107097
-0.104163
-0.104640
-0.105905
-0.104344
-0.105495
-0.106768
-0.106337
-0.062758
0.347239
0.636695
0.345884
0.089342
-0.006575
-0.063280
-0.043810
-0.041292
-0.075230
-0.076768
-0.059585
-0.051703
-0.058704
-0.054557
-0.042195
-0.070021
-0.058645
-0.077761
-0.079764
-0.081031
-0.080661
-0.084857
-0.082374
-0.091013
-0.090915
-0.093781
-0.100069
-0.096482
-0.103972
-0.098641
-0.103303
-0.099499
-0.100860
-0.098261
-0.097504
-0.095915
-0.094858
-0.093577
-0.094596
-0.096659
-0.097471
-0.100711
-0.102547
-0.102946
-0.105445
-0.105053
-0.104729
-0.102588
-0.106222
-0.106778
-0.102750
-0.102887
-0.100271
-0.102477
-0.105608
-0.106874
-0.105275
-0.102642
-0.102978
-0.103756
-0.105608
-0.104592
-0.105547
-0.105902
-0.105299
-0.104837
-0.105668
-0.105172
-0.106477
-0.105708
-0.106862
-0.106084
-0.106091
-0.105338
-0.104906
-0.104764
-0.104624
-0.104988
-0.104819
-0.105764
-0.105803
-0.106946
-0.106091
-0.106180
-0.106245
-0.106251
-0.106902
-0.106410
-0.105772
-0.105431
-0.106385
-0.104698
-0.105415
-0.105868
-0.106080
-0.105734
-0.105849
-0.106633
-0.106663
-2.712491
0.252201
-2.102788
-3.335102
-0.107223
-0.107225
0.235765
0.244689
0.785234
-0.180736
-0.107221
-0.107226
0.123595
0.131616
0.471406
-0.276799
-0.107223
-0.107225
-0.145556
1.505273
2.099840
-3.472829
-0.107224
-0.107224
-0.089041
0.633250
0.829937
-1.406233
-0.107224
-0.107225
-0.245804
2.326190
3.349309
-3.250832
-0.107222
-0.107226
5.809791
0.609075
6.996376
4.574504
-0.107222
-0.107225
2.498523
0.018351
0.103844
-0.085646
-0.052633
-0.098976
-0.099605
-0.104294
-0.106270
-0.104180
-0.104078
-0.104527
-0.105817
-0.105083
-0.104460
-0.106605
-0.106413
-0.106734
-0.106394
-0.106146
-0.106046
-0.106531
-0.106094
-0.106511
-0.102082
-0.103973
-0.095439
-0.102152
-0.104756
-0.103373
-0.098451
-0.106235
-0.103444
-0.106511
-0.106641
-0.106196
-0.106413
-0.106812
-0.106812
-0.106693
-0.106588
-0.106806
-0.106630
-0.106544
-0.106584
-0.106569
-0.106742
-0.106750
-0.106648
-0.106549
-0.106477
-0.106916
-0.105762
-0.106287
-0.104759
-0.105677
-0.106666
-0.106357
-0.105305
-0.106678
-0.105690
-0.106689
-0.106891
-0.106962
-0.106895
-0.106762
-0.106832
-0.106884
-0.106892
-0.106818
-0.106850
-0.106955
-0.106933
-0.106914
-0.106870
-0.106897
-0.106960
-0.106956
-0.106862
-0.106789
-0.107042
-0.106859
-0.106317
-0.106300
-0.106299
-0.106323
-0.106104
-0.106982
-0.106830
-0.106760
-0.106669
-0.106786
-0.106724
-0.106979
-0.106915
-0.106885
-0.106872
-0.106917
-0.106909
-0.106865
0.234678
0.126138
-0.029120
-0.099301
-0.077411
-0.101017
-0.104196
-0.104947
-0.105599
-0.106390
-0.106591
-0.105640
-0.106219
-0.104942
-0.106189
-0.106016
-0.105115
-0.105709
-0.105762
-0.105708
-0.106328
-0.106407
-0.106156
-0.105496
-0.103867
-0.105750
-0.102141
-0.101385
-0.106046
-0.102927
-0.102639
-0.106010
-0.105286
-0.105708
-0.106666
-0.106847
-0.106760
-0.106551
-0.106658
-0.106824
-0.106660
-0.106723
-0.106755
-0.106812
-0.107054
-0.106939
-0.106907
-0.106929
-0.106865
-0.106780
-0.106714
-0.107005
-0.106293
-0.106776
-0.106514
-0.105563
-0.107096
-0.105912
-0.106466
-0.106989
-0.106626
-0.107162
-0.106836
-0.106841
-0.106923
-0.106969
-0.106944
-0.106907
-0.106964
-0.106944
-0.106967
-0.106927
-0.106840
-0.106934
-0.106952
-0.106938
-0.106983
-0.107007
-0.107029
-0.106911
-0.107006
-0.106819
-0.106494
-0.106786
-0.106790
-0.106803
-0.106676
-0.106679
-0.107031
-0.106714
-0.107164
-0.107056
-0.106931
-0.106996
-0.106952
-0.106963
-0.106932
-0.106970
-0.106970
-0.106988
0.123882
0.053471
-0.063891
-0.083206
-0.100486
-0.105371
-0.106676
-0.105738
-0.106487
-0.106454
-0.106709
-0.106692
-0.106574
-0.105988
-0.107011
-0.106311
-0.107069
-0.106460
-0.107073
-0.106842
-0.107021
-0.107072
-0.106743
-0.106816
-0.106228
-0.105066
-0.106082
-0.102438
-0.105721
-0.104829
-0.104347
-0.105814
-0.106406
-0.106800
-0.107065
-0.106956
-0.106928
-0.107120
-0.107135
-0.106942
-0.107028
-0.107029
-0.107029
-0.106956
-0.107052
-0.107148
-0.107087
-0.106986
-0.107041
-0.107096
-0.107139
-0.107021
-0.106893
-0.106697
-0.107124
-0.106042
-0.106661
-0.106841
-0.106549
-0.107048
-0.106983
-0.107035
-0.107085
-0.107163
-0.107180
-0.107114
-0.107122
-0.107195
-0.107169
-0.107155
-0.107160
-0.107175
-0.107136
-0.107088
-0.107157
-0.107197
-0.107158
-0.107145
-0.107122
-0.107195
-0.107187
-0.107162
-0.106958
-0.106864
-0.106768
-0.107047
-0.106919
-0.106983
-0.107050
-0.107132
-0.107133
-0.107108
-0.107098
-0.107133
-0.107156
-0.107125
-0.107134
-0.107124
-0.107130
-0.107163
-0.073324
0.810220
0.533947
0.052095
-0.003367
-0.066651
-0.088843
-0.095122
-0.098648
-0.096777
-0.096536
-0.099762
-0.101963
-0.100068
-0.099527
-0.101965
-0.103759
-0.101544
-0.101011
-0.103467
-0.105297
-0.102185
-0.101443
-0.105877
-0.092404
-0.101979
-0.085007
-0.072841
-0.099734
-0.088003
-0.080987
-0.096991
-0.096949
-0.105466
-0.104877
-0.102855
-0.102894
-0.104537
-0.105165
-0.103829
-0.103679
-0.104859
-0.105252
-0.104179
-0.104014
-0.105059
-0.105412
-0.104280
-0.104001
-0.105078
-0.105802
-0.103684
-0.102003
-0.104774
-0.101176
-0.102030
-0.102800
-0.106474
-0.098554
-0.104426
-0.104177
-0.104326
-0.105719
-0.106253
-0.105857
-0.105261
-0.105370
-0.105947
-0.105778
-0.105338
-0.105476
-0.105945
-0.105788
-0.105378
-0.105519
-0.106018
-0.105831
-0.105303
-0.105413
-0.106343
-0.105108
-0.105465
-0.106273
-0.102986
-0.105861
-0.104977
-0.104927
-0.105332
-0.104255
-0.106636
-0.104809
-0.105546
-0.105580
-0.105613
-0.105844
-0.105756
-0.105679
-0.105728
-0.105776
-0.105737
-0.087090
0.378347
0.082680
-0.081715
-0.096272
-0.103015
-0.105322
-0.105856
-0.105881
-0.106290
-0.106541
-0.106575
-0.106488
-0.106565
-0.106716
-0.106790
-0.106633
-0.106669
-0.106813
-0.106822
-0.106656
-0.106483
-0.106684
-0.106936
-0.103855
-0.105416
-0.096721
-0.093324
-0.101770
-0.099420
-0.100408
-0.102824
-0.106455
-0.106078
-0.106467
-0.106489
-0.106534
-0.106727
-0.106771
-0.106734
-0.106749
-0.106818
-0.106863
-0.106828
-0.106788
-0.106835
-0.106886
-0.106828
-0.106758
-0.106745
-0.106817
-0.106760
-0.105997
-0.105975
-0.105120
-0.104174
-0.105039
-0.106368
-0.106221
-0.105590
-0.106526
-0.106824
-0.106925
-0.107048
-0.107004
-0.107034
-0.107080
-0.107078
-0.107057
-0.107064
-0.107090
-0.107104
-0.107085
-0.107073
-0.107094
-0.107119
-0.107088
-0.107059
-0.107085
-0.107130
-0.106868
-0.106569
-0.106847
-0.106374
-0.105730
-0.106708
-0.106839
-0.106085
-0.106491
-0.107086
-0.107034
-0.106955
-0.106922
-0.107042
-0.107060
-0.107053
-0.107055
-0.107062
-0.107072
-0.107065
0.040076
1.595343
0.093913
-0.008480
-0.088167
-0.097594
-0.100367
-0.101535
-0.101782
-0.103175
-0.104325
-0.103926
-0.104081
-0.104902
-0.105384
-0.104986
-0.105046
-0.106072
-0.106156
-0.105631
-0.106119
-0.107019
-0.105950
-0.106799
-0.106740
-0.094470
-0.101481
-0.064659
-0.089396
-0.077340
-0.090611
-0.103352
-0.102689
-0.104594
-0.104125
-0.104536
-0.105156
-0.104912
-0.104758
-0.105164
-0.105402
-0.105162
-0.105101
-0.105423
-0.105521
-0.105213
-0.105207
-0.105517
-0.105453
-0.105033
-0.105032
-0.105433
-0.104768
-0.102271
-0.103661
-0.097607
-0.100896
-0.102315
-0.103406
-0.105568
-0.104895
-0.106307
-0.106226
-0.106192
-0.106313
-0.106448
-0.106380
-0.106248
-0.106322
-0.106444
-0.106372
-0.106291
-0.106374
-0.106482
-0.106385
-0.106322
-0.106465
-0.106552
-0.106403
-0.106446
-0.106790
-0.106602
-0.105443
-0.105595
-0.102260
-0.106227
-0.103958
-0.105588
-0.105766
-0.105928
-0.106496
-0.105890
-0.106036
-0.106185
-0.106222
-0.106228
-0.106228
-0.106242
-0.106248
-0.106242
