-1.181285
1.719921
1.324765
-7.192970
-0.111255
-0.111248
-0.063737
0.833785
3.404375
-1.997473
-0.111249
-0.111246
2.426062
1.606363
7.482981
-5.280207
-0.111255
-0.111236
-0.357103
1.796068
5.796461
-5.648802
-0.111251
-0.111247
-0.164673
5.459521
10.472311
-9.443712
-0.111252
-0.111254
0.053860
1.287703
3.073130
-2.496669
-0.111251
-0.111252
10.002128
-0.110735
10.003007
10.000885
-0.111253
-0.111252
7.367815
3.189088
12.751011
2.297766
-0.111252
-0.111255
0.953648
0.630366
0.460021
0.440215
0.136811
0.006282
0.220402
0.091639
0.075136
0.008097
0.068085
0.032285
-0.043485
0.074744
-0.026076
-0.031845
0.019785
-0.062829
-0.039454
-0.039081
-0.036665
-0.028500
-0.045183
0.002957
-0.055602
-0.016617
-0.042225
-0.029327
-0.053936
-0.042612
-0.048985
-0.078122
-0.056588
-0.084055
-0.081821
-0.095736
-0.080764
-0.086593
-0.099693
-0.078506
-0.091783
-0.096626
-0.084500
-0.102481
-0.097474
-0.097895
-0.092938
-0.103891
-0.098346
-0.095053
-0.100081
-0.107707
-0.107246
-0.108423
-0.106644
-0.103672
-0.105579
-0.107420
-0.101934
-0.099049
-0.105695
-0.103084
-0.105693
-0.103029
-0.110579
-0.102135
-0.102265
-0.109886
-0.103341
-0.104150
-0.108009
-0.104470
-0.105754
-0.103703
-0.106129
-0.100455
-0.102468
-0.104116
-0.100973
-0.104723
-0.102611
-0.105008
-0.102418
-0.108269
-0.103024
-0.105851
-0.106071
-0.106234
-0.108145
-0.105943
-0.108123
-0.106097
-0.107891
-0.109281
-0.107150
-0.107792
-0.110396
-0.107901
-0.110666
-0.107434
-0.064143
0.258228
0.182401
0.021079
-0.031198
-0.044157
-0.011104
-0.021661
-0.035029
-0.032502
0.070384
-0.025610
0.040326
0.050077
-0.026850
-0.004297
-0.045659
-0.046050
-0.017962
-0.045123
-0.015874
-0.025081
-0.072358
-0.057316
-0.102388
-0.098913
-0.103008
-0.102241
-0.100813
-0.092362
-0.087592
-0.082097
-0.062976
-0.082809
-0.075013
-0.081041
-0.095505
-0.090294
-0.091265
-0.090322
-0.081017
-0.097584
-0.088486
-0.093627
-0.105449
-0.100645
-0.107513
-0.106653
-0.109722
-0.106779
-0.107270
-0.106964
-0.110394
-0.110721
-0.108534
-0.109778
-0.109373
-0.109400
-0.107505
-0.108335
-0.107796
-0.110698
-0.103636
-0.105032
-0.104677
-0.100263
-0.105172
-0.103061
-0.105036
-0.107159
-0.105119
-0.105373
-0.104453
-0.102220
-0.105531
-0.105001
-0.106594
-0.110009
-0.109878
-0.110558
-0.110870
-0.110181
-0.108557
-0.108147
-0.105376
-0.106495
-0.105863
-0.105894
-0.107725
-0.108491
-0.108804
-0.109035
-0.106375
-0.108109
-0.107743
-0.107134
-0.109974
-0.109425
-0.110321
-0.109684
2.424308
0.269890
0.321278
-0.016042
0.455952
0.447211
0.131298
0.230960
0.223407
0.072520
0.008751
0.091162
-0.015855
-0.010309
0.040786
-0.029837
-0.057312
-0.003011
-0.019284
-0.093241
-0.020051
-0.053376
-0.068761
-0.042965
-0.088785
-0.043810
-0.090534
-0.055735
-0.068916
-0.082074
-0.068291
-0.096910
-0.066581
-0.090875
-0.087369
-0.076158
-0.095323
-0.097685
-0.080942
-0.087842
-0.104001
-0.086003
-0.094690
-0.101905
-0.087900
-0.090188
-0.096174
-0.090244
-0.086257
-0.103145
-0.103303
-0.104024
-0.109722
-0.109358
-0.109520
-0.110384
-0.102679
-0.097607
-0.105897
-0.098805
-0.097323
-0.102253
-0.106225
-0.102203
-0.103831
-0.109231
-0.102236
-0.104275
-0.108541
-0.103365
-0.103433
-0.109305
-0.105043
-0.103925
-0.109557
-0.103208
-0.107254
-0.104797
-0.104901
-0.107980
-0.103378
-0.109290
-0.106077
-0.108208
-0.107513
-0.107413
-0.109097
-0.107884
-0.109676
-0.108588
-0.107746
-0.108376
-0.110681
-0.107529
-0.107496
-0.111032
-0.106642
-0.105684
-0.108652
-0.105271
0.134728
0.354915
0.578083
0.256350
0.385316
0.317395
0.036617
0.247423
0.194717
0.089825
0.228614
0.145858
0.018899
0.092251
-0.006838
-0.067840
-0.045281
-0.067782
-0.103995
-0.074374
-0.089484
-0.098102
-0.103555
-0.097486
-0.102152
-0.093381
-0.103115
-0.097643
-0.105440
-0.098181
-0.106057
-0.105649
-0.110643
-0.099526
-0.105701
-0.103142
-0.099521
-0.102130
-0.105354
-0.089852
-0.093445
-0.090977
-0.081412
-0.090752
-0.096346
-0.091345
-0.101330
-0.100767
-0.098473
-0.104515
-0.105279
-0.107388
-0.109474
-0.110596
-0.109053
-0.107446
-0.106386
-0.105211
-0.107664
-0.104302
-0.102861
-0.105669
-0.100987
-0.101278
-0.105144
-0.102073
-0.103343
-0.108194
-0.106924
-0.108462
-0.110703
-0.109856
-0.109145
-0.110827
-0.109941
-0.110998
-0.110406
-0.110277
-0.109600
-0.110024
-0.109304
-0.110154
-0.107908
-0.109811
-0.110018
-0.109582
-0.111240
-0.110273
-0.110375
-0.110928
-0.109997
-0.109890
-0.109141
-0.109848
-0.106812
-0.108111
-0.109503
-0.107979
-0.109753
-0.110496
-0.061237
2.084348
2.715473
0.754975
0.843023
0.716244
-0.036746
0.263658
0.145095
-0.033886
-0.034817
0.028131
-0.043791
-0.046469
-0.013859
-0.064250
-0.103286
-0.051779
-0.043230
-0.075976
-0.057456
-0.072600
-0.091905
-0.082215
-0.105852
-0.096274
-0.106439
-0.104460
-0.103981
-0.100737
-0.096965
-0.103459
-0.091849
-0.102591
-0.093848
-0.095579
-0.105888
-0.102157
-0.102024
-0.103634
-0.106339
-0.101332
-0.105359
-0.106148
-0.102436
-0.100412
-0.106888
-0.097819
-0.091699
-0.108578
-0.089263
-0.096584
-0.106956
-0.103862
-0.098460
-0.098209
-0.104386
-0.095189
-0.107232
-0.103803
-0.102693
-0.109238
-0.109478
-0.107761
-0.108412
-0.110762
-0.108123
-0.108685
-0.110957
-0.110069
-0.107828
-0.109370
-0.109170
-0.107543
-0.110084
-0.109221
-0.109546
-0.109683
-0.110339
-0.110813
-0.110761
-0.110388
-0.110018
-0.110839
-0.110084
-0.110083
-0.109439
-0.110093
-0.109327
-0.108975
-0.110648
-0.108826
-0.110725
-0.110470
-0.110301
-0.109162
-0.109893
-0.108545
-0.109790
-0.109659
0.052990
0.131563
0.566129
0.471102
0.039425
-0.027032
0.000326
-0.027461
-0.106336
-0.021908
-0.033660
-0.008824
0.002575
-0.022472
-0.031169
-0.032961
-0.058200
-0.069764
-0.075614
-0.095533
-0.090245
-0.095823
-0.099699
-0.090761
-0.108086
-0.095272
-0.105865
-0.099161
-0.104300
-0.102004
-0.100360
-0.107353
-0.102441
-0.106875
-0.103504
-0.102685
-0.102833
-0.098811
-0.100302
-0.099725
-0.098083
-0.099229
-0.103086
-0.102767
-0.107428
-0.107399
-0.107161
-0.109963
-0.108426
-0.104102
-0.104200
-0.109365
-0.108467
-0.109563
-0.108627
-0.105521
-0.107075
-0.109394
-0.108006
-0.108528
-0.110180
-0.109438
-0.108292
-0.108757
-0.107244
-0.107446
-0.107522
-0.107502
-0.107776
-0.109039
-0.109007
-0.109664
-0.110236
-0.109999
-0.110843
-0.109931
-0.110656
-0.110120
-0.110145
-0.110371
-0.109576
-0.110427
-0.109609
-0.110182
-0.110360
-0.110333
-0.110840
-0.110386
-0.110193
-0.109780
-0.110254
-0.109783
-0.108987
-0.109690
-0.110172
-0.109982
-0.109449
-0.110854
-0.110165
-0.110279
-2.510810
0.279909
-1.855436
-3.198017
-0.111252
-0.111254
0.799211
0.457885
1.681136
0.046337
-0.111251
-0.111255
0.012009
0.076808
0.274999
-0.339381
-0.111252
-0.111254
-0.461958
2.201525
2.536351
-4.520786
-0.111253
-0.111255
0.043805
0.740372
1.654043
-1.382961
-0.111251
-0.111254
-0.140006
2.591964
4.189346
-3.417852
-0.111251
-0.111255
5.830130
1.594430
8.846741
4.092340
-0.111250
-0.111255
2.286900
0.015272
0.127410
-0.072306
-0.077239
-0.106017
-0.108448
-0.109542
-0.109227
-0.110649
-0.108791
-0.109042
-0.108781
-0.108361
-0.110212
-0.109196
-0.110133
-0.109641
-0.109457
-0.109885
-0.109919
-0.110107
-0.108699
-0.107067
-0.100360
-0.103357
-0.104321
-0.105657
-0.105664
-0.101413
-0.108792
-0.107367
-0.108756
-0.108827
-0.109010
-0.109191
-0.109221
-0.109144
-0.109435
-0.109188
-0.109526
-0.109582
-0.109522
-0.109658
-0.109475
-0.109612
-0.109625
-0.109743
-0.109662
-0.110219
-0.110263
-0.106602
-0.109072
-0.109903
-0.110180
-0.109265
-0.109571
-0.109269
-0.110067
-0.109973
-0.110046
-0.110049
-0.110087
-0.110030
-0.110064
-0.109977
-0.110138
-0.110206
-0.110147
-0.110246
-0.109958
-0.110116
-0.110171
-0.110199
-0.110189
-0.110420
-0.109879
-0.109531
-0.110343
-0.110368
-0.110577
-0.110610
-0.109187
-0.110014
-0.110153
-0.110146
-0.110178
-0.110176
-0.110195
-0.110182
-0.110130
-0.110285
-0.109869
-0.110139
-0.110183
-0.110124
-0.109787
-0.110301
-0.110129
-0.110234
0.803621
0.287513
-0.057910
-0.091447
-0.091572
-0.104931
-0.106056
-0.107871
-0.108782
-0.109767
-0.110032
-0.109917
-0.110259
-0.109876
-0.109895
-0.109932
-0.109823
-0.109717
-0.109681
-0.109902
-0.109901
-0.110248
-0.110141
-0.108396
-0.107693
-0.105457
-0.102502
-0.104025
-0.105407
-0.106639
-0.107421
-0.109510
-0.109113
-0.109399
-0.109665
-0.109729
-0.109732
-0.109795
-0.109934
-0.109820
-0.109958
-0.110042
-0.109976
-0.110076
-0.110164
-0.110235
-0.110257
-0.110377
-0.110414
-0.110605
-0.109810
-0.109880
-0.109295
-0.110248
-0.107990
-0.110049
-0.110612
-0.110175
-0.110267
-0.110345
-0.110418
-0.110419
-0.110447
-0.110479
-0.110515
-0.110509
-0.110588
-0.110461
-0.110435
-0.110589
-0.110559
-0.110517
-0.110564
-0.110605
-0.110628
-0.110568
-0.110545
-0.110883
-0.110947
-0.109713
-0.109929
-0.110577
-0.110379
-0.110257
-0.110539
-0.110515
-0.110556
-0.110569
-0.110582
-0.110565
-0.110625
-0.110529
-0.110442
-0.110282
-0.110539
-0.110245
-0.110406
-0.110503
-0.110635
-0.110568
0.012712
0.014414
-0.078652
-0.100602
-0.089890
-0.103965
-0.105038
-0.107049
-0.108710
-0.108063
-0.108780
-0.108494
-0.109482
-0.109762
-0.110234
-0.109378
-0.110402
-0.109637
-0.109746
-0.110204
-0.109719
-0.109848
-0.110624
-0.107867
-0.110559
-0.107001
-0.110192
-0.109886
-0.107893
-0.111114
-0.109034
-0.110759
-0.110511
-0.110662
-0.110874
-0.110647
-0.110750
-0.110827
-0.110829
-0.110916
-0.110878
-0.110745
-0.110793
-0.110740
-0.110776
-0.110897
-0.110755
-0.110783
-0.110938
-0.110313
-0.111180
-0.110497
-0.110700
-0.110929
-0.110275
-0.111146
-0.110774
-0.111074
-0.110893
-0.111006
-0.111049
-0.110977
-0.111022
-0.111042
-0.111001
-0.111026
-0.110988
-0.110968
-0.110951
-0.111038
-0.110994
-0.111034
-0.110964
-0.110994
-0.111035
-0.110937
-0.111077
-0.110956
-0.110918
-0.110946
-0.110858
-0.111097
-0.110993
-0.111049
-0.110932
-0.111047
-0.111052
-0.111024
-0.111047
-0.111054
-0.110997
-0.111022
-0.110988
-0.111048
-0.110988
-0.111052
-0.111002
-0.111006
-0.111004
-0.111045
0.228545
1.463947
0.313959
-0.063416
-0.071691
-0.094761
-0.098277
-0.100953
-0.102001
-0.102748
-0.103545
-0.104240
-0.104689
-0.105213
-0.105513
-0.105978
-0.106262
-0.106689
-0.107171
-0.107568
-0.108251
-0.108086
-0.106283
-0.105539
-0.094952
-0.080807
-0.074576
-0.080572
-0.077607
-0.102429
-0.106592
-0.101684
-0.104299
-0.105092
-0.105434
-0.105736
-0.105994
-0.106207
-0.106380
-0.106513
-0.106557
-0.106790
-0.106954
-0.107063
-0.107092
-0.107157
-0.107248
-0.107177
-0.107314
-0.107390
-0.108386
-0.103657
-0.098062
-0.108009
-0.103198
-0.108251
-0.107174
-0.107450
-0.108312
-0.108366
-0.108304
-0.108338
-0.108371
-0.108425
-0.108392
-0.108290
-0.108618
-0.108696
-0.108943
-0.108238
-0.108472
-0.108601
-0.108611
-0.108646
-0.108757
-0.109031
-0.108383
-0.107263
-0.108398
-0.108125
-0.110071
-0.105744
-0.107813
-0.108532
-0.108331
-0.108499
-0.108526
-0.108580
-0.108609
-0.108645
-0.108460
-0.108591
-0.109320
-0.107181
-0.108614
-0.107055
-0.109325
-0.108613
-0.108412
-0.108701
0.039221
0.236679
0.376861
-0.102668
-0.090307
-0.095545
-0.097445
-0.100123
-0.101762
-0.102638
-0.103594
-0.104421
-0.105081
-0.105568
-0.106105
-0.106547
-0.106869
-0.107181
-0.107578
-0.107942
-0.108341
-0.108839
-0.109364
-0.110459
-0.097536
-0.086760
-0.096802
-0.098765
-0.089400
-0.102339
-0.107141
-0.108050
-0.108108
-0.108316
-0.108386
-0.108432
-0.108529
-0.108617
-0.108685
-0.108673
-0.108779
-0.108836
-0.108869
-0.108981
-0.108955
-0.108994
-0.109011
-0.109009
-0.109034
-0.109140
-0.109120
-0.103174
-0.107758
-0.109466
-0.108535
-0.107568
-0.109390
-0.109641
-0.109711
-0.109721
-0.109709
-0.109709
-0.109721
-0.109725
-0.109736
-0.109606
-0.109992
-0.109844
-0.109905
-0.109833
-0.109688
-0.109757
-0.109788
-0.109794
-0.109817
-0.109804
-0.109749
-0.108617
-0.110368
-0.109908
-0.110483
-0.109029
-0.108887
-0.109518
-0.109730
-0.109763
-0.109797
-0.109817
-0.109836
-0.109841
-0.109876
-0.109760
-0.109746
-0.109419
-0.109784
-0.109364
-0.109707
-0.109754
-0.109886
-0.109876
-0.071049
1.774353
0.181442
-0.075370
-0.107338
-0.105384
-0.104832
-0.105337
-0.105826
-0.106537
-0.106971
-0.107542
-0.107937
-0.108115
-0.108332
-0.108625
-0.108732
-0.108906
-0.108984
-0.109022
-0.109048
-0.108863
-0.108294
-0.105852
-0.108458
-0.067803
-0.078781
-0.083131
-0.073405
-0.110430
-0.105938
-0.107970
-0.108536
-0.108823
-0.109028
-0.109183
-0.109340
-0.109447
-0.109560
-0.109717
-0.109620
-0.109820
-0.109879
-0.109955
-0.110003
-0.110048
-0.110101
-0.110172
-0.110268
-0.110385
-0.109609
-0.108084
-0.098506
-0.110632
-0.100645
-0.107740
-0.110475
-0.110455
-0.110422
-0.110422
-0.110441
-0.110452
-0.110469
-0.110486
-0.110475
-0.110528
-0.110266
-0.110746
-0.110975
-0.110111
-0.110588
-0.110530
-0.110562
-0.110573
-0.110568
-0.110541
-0.110429
-0.110588
-0.107165
-0.108285
-0.108981
-0.106752
-0.110725
-0.110199
-0.110445
-0.110502
-0.110534
-0.110556
-0.110576
-0.110603
-0.110646
-0.110565
-0.110950
-0.108707
-0.110666
-0.108519
-0.110987
-0.110548
-0.110672
-0.110644
