-2.265933
1.696698
0.247088
-8.472923
-0.105189
-0.105179
0.039092
1.043501
4.038564
-2.809694
-0.105182
-0.105179
2.300327
1.521478
6.172500
-4.225444
-0.105189
-0.105171
-0.415462
2.202281
5.623841
-6.123270
-0.105184
-0.105185
0.056573
5.229992
10.012633
-9.428455
-0.105185
-0.105186
-0.098069
1.502938
3.243775
-3.548869
-0.105185
-0.105184
9.157539
-0.104427
9.158319
9.156047
-0.105186
-0.105187
8.914751
3.308183
15.286238
4.302325
-0.105184
-0.105187
2.051058
0.567733
0.357454
0.476807
0.312543
0.042497
0.285075
0.125236
0.038877
-0.055265
0.036067
0.069126
-0.087043
0.079175
0.056826
-0.077280
0.005341
0.015262
-0.073166
-0.021266
-0.014078
-0.073605
-0.062885
-0.053459
-0.047824
-0.098284
-0.039897
-0.051032
-0.102751
-0.054704
-0.059783
-0.104093
-0.077808
-0.076085
-0.082656
-0.088723
-0.068201
-0.083938
-0.088377
-0.076817
-0.074378
-0.099405
-0.072813
-0.081402
-0.102885
-0.089124
-0.091283
-0.098449
-0.096260
-0.086419
-0.094057
-0.098264
-0.094152
-0.095971
-0.093943
-0.100336
-0.100498
-0.103703
-0.098354
-0.092113
-0.097121
-0.098411
-0.096980
-0.100112
-0.098701
-0.102744
-0.096733
-0.096640
-0.102255
-0.094803
-0.097350
-0.103727
-0.097495
-0.096690
-0.103399
-0.097593
-0.099311
-0.099253
-0.101602
-0.098348
-0.098283
-0.103442
-0.099329
-0.099969
-0.104574
-0.101810
-0.101346
-0.104044
-0.102498
-0.099533
-0.100941
-0.103289
-0.100855
-0.099749
-0.102874
-0.100997
-0.099991
-0.104149
-0.099412
-0.100194
0.038404
0.285492
0.252165
0.096584
-0.005437
0.020605
0.049165
-0.048172
0.084802
0.042586
0.113466
0.122746
0.003085
0.076961
-0.002167
-0.078047
-0.018894
-0.058064
-0.053976
-0.005915
-0.050908
-0.032044
-0.045159
-0.074112
-0.081305
-0.030813
-0.037074
-0.054457
-0.039456
-0.073931
-0.059040
-0.093973
-0.079257
-0.089862
-0.054524
-0.064148
-0.078477
-0.070432
-0.086684
-0.090380
-0.078435
-0.091780
-0.076897
-0.075365
-0.089613
-0.081665
-0.091605
-0.099666
-0.100173
-0.100247
-0.099578
-0.104291
-0.104285
-0.101742
-0.100955
-0.103100
-0.104870
-0.101434
-0.101158
-0.100173
-0.103231
-0.100068
-0.102400
-0.100108
-0.097465
-0.099983
-0.095724
-0.099180
-0.102818
-0.099553
-0.100188
-0.103946
-0.100012
-0.101584
-0.102420
-0.098464
-0.102680
-0.101746
-0.098004
-0.098191
-0.098663
-0.095807
-0.100967
-0.099035
-0.101631
-0.101666
-0.101908
-0.100534
-0.099346
-0.100380
-0.097812
-0.099978
-0.102849
-0.101069
-0.102564
-0.103166
-0.101894
-0.103148
-0.102382
-0.102203
2.298876
0.257011
0.291763
0.005588
0.308904
0.395215
0.208699
0.156651
0.213871
0.184597
0.011459
0.016180
0.050930
-0.043565
-0.033612
0.030270
-0.010792
-0.027740
0.023646
-0.009787
-0.035384
0.025751
0.005630
-0.019128
0.021739
-0.035107
-0.025115
-0.017912
-0.054011
-0.020054
-0.034344
-0.042963
-0.027149
-0.057555
-0.059620
-0.052699
-0.075274
-0.076001
-0.061069
-0.085570
-0.084934
-0.077413
-0.092387
-0.093990
-0.082884
-0.091732
-0.092394
-0.082827
-0.080565
-0.091600
-0.089605
-0.083389
-0.093747
-0.101023
-0.101252
-0.103312
-0.101676
-0.100994
-0.099783
-0.102222
-0.094409
-0.092459
-0.093434
-0.096375
-0.091680
-0.091141
-0.101303
-0.097617
-0.095508
-0.101623
-0.099241
-0.095772
-0.099591
-0.099703
-0.095075
-0.097098
-0.098625
-0.091478
-0.096727
-0.095299
-0.091105
-0.097411
-0.093830
-0.092553
-0.096764
-0.094887
-0.096009
-0.097934
-0.096631
-0.098056
-0.099984
-0.096315
-0.099515
-0.096926
-0.095284
-0.100909
-0.098419
-0.097450
-0.101739
-0.101350
0.203682
0.601632
0.819673
0.130842
0.339222
0.433426
0.180420
0.186709
0.388397
0.180999
0.191650
0.192696
0.020129
-0.040990
0.027722
0.011819
-0.067518
-0.014261
-0.024540
-0.070362
-0.065182
-0.057759
-0.067364
-0.076676
-0.084004
-0.087605
-0.097578
-0.104325
-0.100085
-0.101874
-0.097435
-0.092812
-0.092570
-0.093222
-0.092690
-0.089432
-0.090979
-0.093631
-0.085110
-0.089929
-0.101763
-0.094211
-0.086995
-0.089741
-0.089794
-0.077168
-0.084894
-0.091515
-0.087573
-0.096356
-0.100260
-0.092040
-0.095443
-0.098793
-0.099175
-0.102267
-0.103260
-0.101722
-0.101498
-0.102497
-0.100289
-0.094934
-0.097296
-0.095977
-0.093775
-0.098485
-0.098833
-0.097162
-0.100296
-0.102409
-0.097862
-0.100552
-0.103048
-0.101772
-0.102589
-0.103514
-0.102350
-0.101746
-0.103349
-0.103309
-0.103838
-0.103909
-0.103181
-0.103204
-0.103735
-0.104315
-0.104707
-0.104225
-0.103401
-0.104760
-0.103367
-0.103143
-0.104285
-0.103010
-0.103872
-0.103299
-0.102804
-0.104984
-0.102109
-0.102476
0.056714
1.799618
2.723399
0.971596
0.598101
0.669033
0.104632
0.006344
0.128863
0.174428
0.017040
0.011857
0.025238
-0.000368
-0.023404
-0.032815
-0.044467
-0.081683
-0.056683
-0.057400
-0.100376
-0.059688
-0.063508
-0.095660
-0.069336
-0.083256
-0.085102
-0.083023
-0.087920
-0.084144
-0.094930
-0.088663
-0.088589
-0.101262
-0.091059
-0.093470
-0.103531
-0.095973
-0.094485
-0.100341
-0.094307
-0.095778
-0.097450
-0.094736
-0.094614
-0.100731
-0.096625
-0.094433
-0.093807
-0.098559
-0.095544
-0.085535
-0.099943
-0.094811
-0.095160
-0.095472
-0.097351
-0.092224
-0.087290
-0.103567
-0.098341
-0.098288
-0.099773
-0.103717
-0.099004
-0.098405
-0.102572
-0.102350
-0.102059
-0.101809
-0.103172
-0.103299
-0.102746
-0.103887
-0.103000
-0.102722
-0.104985
-0.103233
-0.103532
-0.103643
-0.103856
-0.103894
-0.102771
-0.103925
-0.103743
-0.104019
-0.103599
-0.103097
-0.103132
-0.102373
-0.103447
-0.104259
-0.104467
-0.102086
-0.102519
-0.103951
-0.101824
-0.102820
-0.104136
-0.103518
-0.097986
0.343790
0.717483
0.455503
0.121127
-0.016778
-0.073043
-0.051081
-0.091732
-0.056105
-0.039591
-0.040291
-0.049479
-0.058186
-0.056223
-0.036099
-0.064394
-0.052923
-0.071156
-0.086340
-0.094205
-0.102978
-0.098216
-0.098178
-0.102233
-0.098916
-0.103036
-0.102691
-0.102042
-0.103479
-0.102346
-0.101829
-0.104061
-0.103744
-0.103211
-0.102213
-0.098964
-0.098778
-0.095526
-0.097302
-0.097424
-0.098060
-0.098735
-0.096035
-0.098277
-0.097301
-0.099473
-0.103464
-0.104803
-0.104366
-0.103094
-0.098650
-0.098766
-0.097722
-0.101372
-0.102657
-0.102834
-0.101420
-0.099139
-0.100513
-0.102378
-0.102814
-0.102131
-0.103329
-0.104104
-0.102841
-0.103842
-0.103489
-0.102636
-0.103148
-0.101506
-0.102691
-0.102993
-0.103010
-0.104877
-0.104382
-0.104794
-0.105118
-0.104473
-0.105087
-0.104539
-0.105020
-0.104327
-0.104292
-0.104272
-0.104398
-0.104514
-0.104477
-0.104711
-0.104128
-0.104655
-0.104779
-0.104206
-0.103305
-0.104274
-0.104297
-0.103642
-0.104095
-0.103314
-0.103419
-2.719069
0.183280
-2.239482
-3.189995
-0.105185
-0.105187
0.224076
0.273659
0.867667
-0.227699
-0.105184
-0.105188
0.110626
0.132711
0.526897
-0.202997
-0.105184
-0.105188
-0.236647
1.165899
1.888222
-2.455265
-0.105185
-0.105187
-0.069769
0.451317
0.731235
-1.000397
-0.105185
-0.105188
-0.188817
2.235330
3.042473
-3.055513
-0.105184
-0.105189
6.005191
0.487313
6.707125
4.794644
-0.105187
-0.105186
2.509550
-0.021916
0.071693
-0.094007
-0.053374
-0.100198
-0.096107
-0.101594
-0.104698
-0.102349
-0.103306
-0.101624
-0.102063
-0.103252
-0.103581
-0.104117
-0.103096
-0.104085
-0.102721
-0.103809
-0.103480
-0.103972
-0.104735
-0.105037
-0.100518
-0.100814
-0.095188
-0.101181
-0.103588
-0.104266
-0.097462
-0.102618
-0.102215
-0.104252
-0.105081
-0.104280
-0.104398
-0.104717
-0.104372
-0.105099
-0.104820
-0.104675
-0.104680
-0.104604
-0.104728
-0.104763
-0.104931
-0.104794
-0.104696
-0.104564
-0.104670
-0.104437
-0.103980
-0.104067
-0.104109
-0.103425
-0.104984
-0.104243
-0.103728
-0.103749
-0.104290
-0.104838
-0.104664
-0.104856
-0.104821
-0.104778
-0.104876
-0.104668
-0.104855
-0.104882
-0.104850
-0.104872
-0.104767
-0.104848
-0.104823
-0.104871
-0.104931
-0.104818
-0.104911
-0.104975
-0.104936
-0.104123
-0.104620
-0.104843
-0.104671
-0.104961
-0.104863
-0.104296
-0.104945
-0.104647
-0.104894
-0.104711
-0.104928
-0.104870
-0.104853
-0.104934
-0.104832
-0.104864
-0.104900
-0.104857
0.221941
0.157305
-0.061383
-0.081066
-0.090274
-0.095804
-0.101382
-0.103552
-0.103410
-0.103633
-0.103974
-0.104691
-0.104514
-0.104427
-0.104232
-0.104213
-0.104793
-0.104450
-0.104873
-0.104974
-0.105158
-0.104712
-0.104610
-0.103965
-0.103568
-0.102652
-0.102985
-0.099015
-0.103146
-0.099085
-0.102380
-0.104255
-0.104160
-0.104097
-0.104585
-0.104642
-0.105018
-0.104756
-0.104746
-0.105084
-0.104818
-0.104950
-0.105000
-0.104915
-0.105012
-0.105043
-0.104944
-0.105112
-0.105026
-0.104953
-0.105089
-0.104873
-0.104806
-0.104710
-0.104278
-0.104136
-0.104395
-0.104049
-0.104166
-0.104959
-0.105030
-0.104777
-0.104990
-0.105032
-0.105000
-0.105069
-0.105020
-0.105034
-0.105123
-0.105090
-0.105045
-0.105172
-0.105008
-0.105060
-0.105087
-0.105034
-0.105136
-0.105049
-0.105017
-0.105071
-0.105112
-0.104949
-0.104774
-0.104829
-0.104676
-0.104809
-0.104968
-0.105029
-0.105098
-0.104943
-0.104839
-0.105069
-0.105154
-0.104989
-0.105068
-0.105072
-0.105024
-0.105157
-0.105057
-0.105074
0.109901
0.057585
-0.067574
-0.091450
-0.099994
-0.101511
-0.102850
-0.103967
-0.103039
-0.104293
-0.103363
-0.104983
-0.104045
-0.104515
-0.104097
-0.104629
-0.104787
-0.104370
-0.104172
-0.104871
-0.104327
-0.104954
-0.104266
-0.104577
-0.104584
-0.103367
-0.103595
-0.100821
-0.105106
-0.101744
-0.102799
-0.104764
-0.104752
-0.104844
-0.104879
-0.105009
-0.104908
-0.105068
-0.105009
-0.105031
-0.104904
-0.105081
-0.104980
-0.105117
-0.105042
-0.104934
-0.105007
-0.105135
-0.104993
-0.105127
-0.104898
-0.105055
-0.105077
-0.104713
-0.104727
-0.104265
-0.105137
-0.104486
-0.104499
-0.105037
-0.105107
-0.105075
-0.104991
-0.105127
-0.105078
-0.105138
-0.105163
-0.105087
-0.105073
-0.105154
-0.105099
-0.105157
-0.105109
-0.105081
-0.105148
-0.105168
-0.105120
-0.105157
-0.105067
-0.105149
-0.105160
-0.105013
-0.104868
-0.104878
-0.105136
-0.104936
-0.104973
-0.105003
-0.105162
-0.105048
-0.104970
-0.105129
-0.105135
-0.105176
-0.105111
-0.105113
-0.105169
-0.105157
-0.105151
-0.105138
0.024491
0.741883
0.086732
0.109996
-0.071514
-0.082946
-0.099435
-0.104562
-0.102632
-0.102573
-0.104659
-0.102540
-0.103593
-0.104122
-0.102890
-0.104307
-0.103663
-0.103113
-0.104946
-0.103197
-0.103195
-0.104431
-0.101983
-0.102952
-0.103661
-0.086104
-0.103511
-0.080583
-0.100723
-0.089301
-0.090601
-0.094896
-0.099674
-0.102462
-0.103293
-0.103839
-0.104748
-0.104191
-0.104407
-0.104838
-0.104398
-0.104646
-0.104825
-0.104466
-0.104770
-0.104723
-0.104512
-0.104797
-0.104610
-0.104427
-0.104382
-0.104793
-0.104220
-0.101708
-0.102708
-0.100490
-0.102972
-0.103294
-0.100135
-0.103145
-0.103561
-0.104165
-0.104493
-0.104887
-0.104454
-0.104772
-0.104835
-0.104608
-0.105030
-0.104770
-0.104711
-0.105156
-0.104699
-0.104784
-0.105020
-0.104614
-0.104864
-0.104793
-0.104382
-0.105054
-0.104285
-0.104285
-0.103471
-0.103471
-0.103953
-0.104760
-0.102903
-0.104661
-0.103661
-0.104625
-0.104037
-0.104923
-0.104706
-0.104609
-0.104865
-0.104874
-0.104747
-0.105028
-0.104857
-0.104806
-0.070732
0.262546
0.024185
-0.087247
-0.081990
-0.093473
-0.093544
-0.096387
-0.097012
-0.097909
-0.099135
-0.099035
-0.099875
-0.100452
-0.100257
-0.101047
-0.101117
-0.101041
-0.101758
-0.101386
-0.101500
-0.102113
-0.101270
-0.101605
-0.101304
-0.099161
-0.091878
-0.094133
-0.101836
-0.093627
-0.099953
-0.104167
-0.102901
-0.104493
-0.104159
-0.103876
-0.104301
-0.103969
-0.103958
-0.104228
-0.103939
-0.104073
-0.104183
-0.103967
-0.104198
-0.104154
-0.104036
-0.104334
-0.104129
-0.104170
-0.104432
-0.104053
-0.104314
-0.104321
-0.103001
-0.104378
-0.104427
-0.104286
-0.103996
-0.103098
-0.103872
-0.103653
-0.103876
-0.104143
-0.103932
-0.104140
-0.104148
-0.104046
-0.104230
-0.104148
-0.104134
-0.104275
-0.104146
-0.104209
-0.104284
-0.104134
-0.104273
-0.104254
-0.104104
-0.104352
-0.104107
-0.103845
-0.103875
-0.104022
-0.104204
-0.103871
-0.104237
-0.104427
-0.104354
-0.104667
-0.104364
-0.104377
-0.104551
-0.104298
-0.104444
-0.104454
-0.104334
-0.104480
-0.104402
-0.104364
-0.019802
1.534351
0.029110
0.007336
-0.063962
-0.095898
-0.094963
-0.097514
-0.096520
-0.098088
-0.099503
-0.098460
-0.099988
-0.100442
-0.099513
-0.101017
-0.100755
-0.100007
-0.101535
-0.100598
-0.099894
-0.101421
-0.099524
-0.097547
-0.098051
-0.083893
-0.095633
-0.058901
-0.096009
-0.071926
-0.094654
-0.101213
-0.102217
-0.102450
-0.103095
-0.104663
-0.103871
-0.104067
-0.104980
-0.104286
-0.104396
-0.105041
-0.104403
-0.104559
-0.104947
-0.104368
-0.104679
-0.104707
-0.104178
-0.104714
-0.104166
-0.103396
-0.104274
-0.100313
-0.102316
-0.096962
-0.100771
-0.100728
-0.100625
-0.102476
-0.103517
-0.102824
-0.103805
-0.104146
-0.103784
-0.104250
-0.104264
-0.104020
-0.104436
-0.104292
-0.104156
-0.104535
-0.104264
-0.104226
-0.104564
-0.104184
-0.104215
-0.104513
-0.103960
-0.103879
-0.104256
-0.102591
-0.103645
-0.102348
-0.103390
-0.103435
-0.103417
-0.103100
-0.103921
-0.104340
-0.104072
-0.104567
-0.104942
-0.104726
-0.104991
-0.104873
-0.104730
-0.105062
-0.104817
-0.104770
