702 136 772 1
698 136 772 2
702 136 768 3
702 132 768 4
702 132 772 5
698 132 776 6
698 132 772 7
702 136 768 8
709 132 768 9
705 132 776 10
702 136 776 11
698 136 772 12
694 136 772 13
694 136 768 14
702 140 764 15
709 136 772 16
702 136 772 17
702 136 772 18
705 136 768 19
705 136 764 20
698 136 768 21
694 136 768 22
702 136 768 23
702 136 772 24
702 132 776 25
698 132 776 26
702 136 772 27
702 144 772 28
702 140 768 29
698 136 772 30
702 140 772 31
705 140 772 32
705 136 776 33
702 136 776 34
694 144 776 35
694 140 776 36
694 132 776 37
698 140 772 38
698 144 772 39
694 132 776 40
694 132 776 41
698 136 776 42
698 140 776 43
698 144 772 44
702 140 772 45
702 140 768 46
702 148 772 47
702 148 780 48
698 140 776 49
702 140 768 50
702 144 764 51
698 140 768 52
698 140 772 53
694 144 772 54
698 132 776 55
705 128 776 56
709 136 768 57
705 144 768 58
705 140 776 59
705 136 772 60
702 140 772 61
686 144 776 62
694 140 776 63
705 140 768 64
702 140 768 65
705 132 772 66
705 124 760 67
698 124 760 68
698 132 768 69
698 136 768 70
698 136 776 71
702 136 776 72
694 136 768 73
694 128 772 74
702 124 772 75
705 136 772 76
705 140 776 77
702 128 772 78
717 124 772 79
721 128 768 80
694 156 776 81
682 156 780 82
694 136 780 83
694 148 795 84
702 148 803 85
698 156 791 86
686 187 791 87
678 234 807 88
702 241 830 89
592 214 963 90
549 370 1076 91
452 807 1158 92
105 912 1267 93
-179 756 1337 94
-300 690 1407 95
-222 577 1439 96
-62 538 1415 97
78 487 1318 98
198 448 1220 99
351 444 1158 100
479 405 1092 101
561 327 998 102
651 237 908 103
737 159 830 104
877 113 791 105
975 101 698 106
982 81 510 107
1056 58 315 108
1193 15 140 109
1353 -89 -3 110
1365 -70 -390 111
1060 230 -27 112
97 101 924 113
253 -124 1166 114
1275 81 1166 115
959 31 1088 116
600 70 846 117
744 144 815 118
971 132 920 119
1025 261 924 120
772 257 893 121
725 163 858 122
780 93 838 123
737 93 815 124
721 163 799 125
709 214 787 126
709 187 787 127
717 148 791 128
713 144 795 129
702 140 791 130
682 136 776 131
666 159 764 132
663 198 764 133
670 198 764 134
686 159 760 135
690 144 776 136
686 144 772 137
686 144 760 138
698 218 780 139
733 249 830 140
694 222 916 141
666 179 975 142
647 136 1025 143
581 152 1045 144
565 159 982 145
561 210 975 146
635 327 1033 147
1138 592 1162 148
2024 647 1322 149
2273 604 1454 150
1875 479 1692 151
663 354 1840 152
686 799 1950 153
682 951 1673 154
-183 596 1127 155
187 471 990 156
452 452 978 157
565 218 971 158
705 -39 982 159
877 -105 1006 160
1010 -97 1033 161
1205 -81 1099 162
1478 15 1189 163
1778 89 1232 164
2160 89 1049 165
2492 175 612 166
2562 93 105 167
2601 -331 -456 168
2761 -733 -1021 169
2039 -66 -347 170
2355 89 686 171
2187 354 1735 172
822 592 1634 173
1232 -335 1002 174
1388 -152 1263 175
756 296 932 176
1532 600 830 177
1770 624 893 178
881 319 815 179
803 230 780 180
756 120 861 181
729 85 889 182
698 97 869 183
678 105 842 184
678 120 822 185
666 120 822 186
647 140 815 187
639 144 803 188
643 124 799 189
647 136 819 190
659 101 819 191
674 81 811 192
666 62 819 193
659 70 799 194
670 93 811 195
569 128 912 196
557 132 978 197
666 78 1002 198
635 109 1014 199
569 187 1014 200
526 195 1037 201
491 245 1072 202
900 401 1072 203
2024 585 1271 204
2519 733 1571 205
1957 639 1794 206
327 327 1552 207
460 592 1602 208
842 998 1622 209
-105 682 1025 210
50 413 826 211
296 444 819 212
549 335 869 213
768 78 939 214
932 -97 975 215
1041 -179 1010 216
1212 -245 1084 217
1427 -261 1173 218
1634 -183 1248 219
1903 -62 1220 220
2258 124 967 221
2616 226 413 222
2698 -175 -354 223
2605 -807 -1041 224
3014 -698 -1294 225
3630 -323 -1244 226
2850 -249 1092 227
1162 -608 2043 228
1060 -819 1119 229
1661 -15 1224 230
1056 206 900 231
912 397 780 232
1610 319 939 233
1443 39 1103 234
955 300 963 235
822 117 916 236
737 81 869 237
733 101 846 238
729 120 815 239
698 175 791 240
663 148 815 241
666 175 807 242
698 230 772 243
678 222 772 244
670 195 772 245
678 152 752 246
678 124 760 247
674 163 772 248
670 214 783 249
698 159 830 250
729 74 865 251
713 163 928 252
682 187 1010 253
604 132 1072 254
553 241 1064 255
549 269 1025 256
510 265 1056 257
702 565 1127 258
1645 795 1298 259
2414 670 1478 260
1891 596 1755 261
241 682 1567 262
651 487 1626 263
928 612 1657 264
-226 854 1045 265
11 655 858 266
292 549 834 267
491 390 885 268
663 148 947 269
838 -70 982 270
994 -159 1029 271
1150 -148 1099 272
1326 -113 1185 273
1524 -78 1310 274
1809 -23 1384 275
2180 3 1236 276
2558 19 737 277
2644 -113 -78 278
2616 -631 -916 279
3018 -850 -1329 280
2425 982 -159 281
885 1259 1173 282
-487 -620 963 283
179 -1271 975 284
1649 -456 1041 285
1567 448 916 286
900 42 916 287
799 347 834 288
982 627 846 289
787 167 889 290
791 54 928 291
741 50 881 292
729 62 877 293
709 97 854 294
709 124 811 295
678 152 795 296
663 124 799 297
666 113 791 298
663 140 787 299
655 152 776 300
663 124 791 301
686 101 795 302
690 97 780 303
678 136 772 304
674 202 799 305
690 144 850 306
737 -3 900 307
534 7 990 308
436 117 1068 309
585 214 1080 310
546 273 1029 311
460 245 1021 312
499 417 1131 313
1263 819 1353 314
2215 631 1450 315
2008 542 1583 316
1482 542 1934 317
2090 -647 1903 318
1454 -347 1571 319
31 822 1216 320
0 651 912 321
230 452 830 322
405 292 861 323
538 93 897 324
725 -31 932 325
912 -62 963 326
1111 -46 1021 327
1333 -35 1119 328
1552 -31 1259 329
1778 31 1337 330
2106 50 1240 331
2624 -713 483 332
3073 -963 -230 333
2831 -811 -635 334
2671 -893 -1290 335
3424 -417 -1466 336
2975 -471 546 337
990 -604 1478 338
1306 -588 1119 339
1996 -300 1415 340
846 327 951 341
627 374 811 342
752 397 787 343
729 249 807 344
885 15 865 345
772 70 842 346
686 19 850 347
690 58 850 348
713 120 822 349
709 163 795 350
674 175 772 351
674 152 772 352
674 171 783 353
659 198 776 354
663 191 764 355
678 152 760 356
678 124 756 357
682 113 752 358
670 97 787 359
663 105 838 360
686 117 861 361
577 66 916 362
553 35 955 363
631 93 994 364
616 183 1037 365
596 257 1029 366
538 276 1060 367
565 421 1107 368
1064 741 1279 369
2078 620 1431 370
2242 557 1497 371
1700 557 1817 372
1505 -390 1540 373
1181 -85 1419 374
413 928 1478 375
-46 713 963 376
191 526 834 377
452 429 865 378
581 222 881 379
737 58 924 380
955 -35 986 381
1146 -89 1072 382
1314 -152 1158 383
1505 -152 1263 384
1774 -58 1333 385
2148 -19 1224 386
2523 0 819 387
2687 -124 66 388
2691 -647 -729 389
2741 -1006 -1216 390
2121 -729 -1911 391
1041 -390 -1119 392
382 -85 877 393
795 -456 1365 394
1365 -846 1318 395
1201 -19 1162 396
698 152 838 397
826 327 822 398
1259 464 967 399
1056 31 990 400
869 42 861 401
756 3 854 402
729 -35 881 403
705 -46 897 404
694 42 850 405
705 113 811 406
702 140 826 407
666 167 819 408
659 144 803 409
674 128 791 410
674 156 783 411
682 140 795 412
694 81 799 413
690 62 799 414
690 81 807 415
670 124 842 416
686 81 900 417
686 11 951 418
655 81 986 419
663 156 986 420
612 179 998 421
553 183 990 422
569 237 1010 423
1142 483 1111 424
2191 635 1302 425
2437 752 1497 426
1786 635 1665 427
417 425 1645 428
1084 561 1946 429
1306 721 1833 430
-74 639 1123 431
78 413 916 432
335 362 897 433
553 269 936 434
776 50 982 435
975 -132 994 436
1068 -159 1006 437
1228 -97 1056 438
1478 -62 1142 439
1723 31 1255 440
2102 132 1212 441
2519 198 881 442
2811 35 269 443
2835 -510 -553 444
2987 -764 -1306 445
3186 -655 -1528 446
2215 -620 -495 447
756 42 1248 448
916 -327 1641 449
1630 -947 1462 450
1575 206 1220 451
947 608 768 452
776 339 838 453
768 393 912 454
682 140 928 455
842 -23 908 456
748 27 920 457
764 15 904 458
725 39 858 459
690 101 815 460
666 187 783 461
686 198 795 462
674 163 787 463
666 159 772 464
682 140 776 465
670 140 776 466
647 124 772 467
655 66 780 468
651 66 772 469
666 101 768 470
705 117 799 471
694 136 850 472
663 140 908 473
631 140 947 474
600 195 947 475
596 234 928 476
569 276 904 477
635 390 959 478
1146 585 1111 479
2082 795 1310 480
2332 826 1501 481
1875 510 1606 482
553 -7 1446 483
912 378 1743 484
1287 994 1731 485
66 682 1053 486
35 343 807 487
292 354 768 488
585 362 830 489
772 175 885 490
889 -42 900 491
1049 -140 963 492
1263 -152 1053 493
1466 -109 1142 494
1727 -3 1267 495
2074 74 1248 496
2429 74 975 497
2702 -113 397 498
2831 -522 -479 499
2948 -889 -1275 500
3100 -830 -1536 501
2464 -479 -1068 502
1649 393 994 503
1146 -11 1887 504
1240 -1138 1349 505
1536 -171 1306 506
858 475 897 507
741 206 830 508
1033 265 963 509
877 93 939 510
702 -81 846 511
694 3 873 512
764 97 893 513
737 93 838 514
733 159 811 515
698 198 791 516
682 195 780 517
686 214 776 518
678 234 752 519
690 198 744 520
702 148 748 521
698 175 741 522
709 113 729 523
702 74 729 524
702 89 764 525
713 66 807 526
690 85 861 527
663 120 920 528
643 128 939 529
631 128 959 530
600 214 986 531
534 343 998 532
596 479 1088 533
1205 651 1326 534
2219 659 1478 535
2328 624 1489 536
1911 464 1762 537
955 464 1641 538
1017 795 1661 539
1002 889 1595 540
-11 627 947 541
128 397 760 542
370 409 756 543
561 343 791 544
733 148 850 545
920 0 893 546
1095 -35 963 547
1279 -81 1033 548
1470 -85 1131 549
1751 23 1251 550
2113 66 1212 551
2429 66 920 552
2613 39 312 553
2640 -304 -429 554
2796 -752 -1010 555
2932 -842 -1205 556
2628 -908 -1848 557
1645 -698 27 558
854 -1002 1692 559
1205 -1002 1189 560
1591 46 1345 561
1002 167 955 562
1236 175 1049 563
1782 284 1271 564
1158 124 1029 565
783 101 861 566
780 89 893 567
760 81 854 568
737 74 834 569
682 109 815 570
659 136 795 571
663 120 776 572
663 117 799 573
666 132 807 574
666 136 791 575
666 101 795 576
678 78 791 577
666 58 799 578
666 35 791 579
694 93 791 580
694 175 815 581
651 144 900 582
612 62 1006 583
624 89 1025 584
612 171 1010 585
557 269 990 586
499 366 990 587
538 417 1076 588
1154 596 1212 589
2215 592 1419 590
2152 553 1528 591
1645 366 1727 592
1263 -113 1509 593
1099 491 1466 594
612 1014 1540 595
-105 542 1029 596
117 347 834 597
409 413 858 598
647 323 932 599
822 81 990 600
959 -70 1010 601
1115 -74 1060 602
1337 -62 1146 603
1548 -74 1251 604
1821 -54 1341 605
2269 -46 1205 606
2628 101 674 607
2765 113 7 608
2624 -448 -627 609
2776 -698 -1216 610
2901 -218 -1989 611
889 -50 -1115 612
-1092 -347 518 613
561 -627 1134 614
1891 -538 1396 615
1119 163 1084 616
916 448 791 617
725 261 717 618
698 15 826 619
803 -46 815 620
702 81 795 621
721 19 885 622
698 50 885 623
709 62 858 624
705 120 822 625
686 163 803 626
678 148 811 627
682 140 819 628
682 152 803 629
678 140 795 630
678 120 787 631
678 105 799 632
682 54 807 633
674 23 807 634
682 35 819 635
690 93 861 636
666 105 904 637
659 93 943 638
647 120 959 639
604 230 959 640
553 343 967 641
530 347 998 642
936 592 1181 643
1938 772 1357 644
2418 682 1560 645
1856 577 1790 646
748 514 1786 647
1524 456 2078 648
1407 651 1860 649
-70 760 1111 650
97 479 846 651
335 405 787 652
639 358 865 653
822 128 928 654
912 -117 936 655
1017 -156 959 656
1201 -109 1037 657
1407 -117 1162 658
1579 -50 1267 659
1809 62 1236 660
2207 132 1053 661
2523 105 627 662
2577 -226 -74 663
2624 -744 -772 664
2917 -822 -1205 665
2367 873 -378 666
1181 939 1349 667
-214 -686 1513 668
206 -1197 1216 669
1649 -620 1251 670
1404 417 947 671
772 261 803 672
651 195 842 673
1037 144 1014 674
947 -89 861 675
721 -89 799 676
721 -46 893 677
698 54 869 678
702 85 834 679
705 140 807 680
690 206 780 681
674 198 768 682
663 167 772 683
674 156 772 684
694 163 776 685
694 140 772 686
694 93 776 687
686 70 783 688
686 93 783 689
694 120 783 690
698 105 846 691
690 81 928 692
659 105 971 693
624 148 986 694
616 206 986 695
592 273 951 696
557 269 943 697
573 308 1017 698
1084 585 1170 699
2090 674 1368 700
2293 620 1489 701
1731 425 1591 702
475 323 1458 703
955 651 1782 704
1232 865 1766 705
27 752 1049 706
81 499 811 707
312 413 776 708
659 358 850 709
815 144 904 710
842 -70 908 711
1025 -124 975 712
1298 -148 1095 713
1493 -175 1205 714
1669 -89 1310 715
1992 -27 1267 716
2433 -11 982 717
2835 -31 530 718
2886 -393 -347 719
2878 -924 -1166 720
2109 -54 -588 721
1809 -234 1002 722
1454 -339 2012 723
815 -62 1618 724
1255 -592 1209 725
1361 -11 1240 726
889 120 947 727
1232 577 783 728
1267 604 819 729
709 93 936 730
869 171 920 731
756 117 861 732
694 -23 873 733
709 0 897 734
702 81 869 735
682 120 819 736
666 105 822 737
666 101 822 738
670 144 811 739
659 156 795 740
643 132 795 741
655 113 811 742
663 54 815 743
678 11 803 744
690 42 787 745
713 144 799 746
725 198 861 747
678 140 947 748
639 97 986 749
635 113 998 750
612 171 1025 751
553 253 998 752
522 292 1017 753
659 479 1084 754
1532 702 1298 755
2277 487 1435 756
1704 366 1372 757
1021 456 1852 758
1911 19 2125 759
1505 234 1626 760
50 834 1150 761
31 713 861 762
292 565 822 763
553 432 900 764
635 187 936 765
772 -23 990 766
982 -148 1041 767
1134 -202 1080 768
1275 -175 1146 769
1407 -120 1251 770
1606 -78 1353 771
1996 -105 1255 772
2386 -74 928 773
2570 0 366 774
2644 -464 -440 775
2757 -1189 -1119 776
2772 -869 -1138 777
3010 -538 226 778
2039 -409 1875 779
826 -592 1653 780
1103 -838 1298 781
1310 42 1271 782
842 222 842 783
1080 624 815 784
1349 546 943 785
943 -101 1006 786
865 54 912 787
780 39 873 788
752 93 873 789
713 113 873 790
713 132 834 791
709 128 795 792
694 128 799 793
686 148 799 794
674 144 803 795
659 144 799 796
659 128 791 797
663 117 799 798
663 120 791 799
659 105 795 800
678 70 815 801
694 74 799 802
698 120 834 803
713 81 912 804
588 50 982 805
518 152 1049 806
588 249 1072 807
546 265 1049 808
464 241 1056 809
526 374 1123 810
1376 990 1115 811
2301 858 1259 812
1907 436 1485 813
1236 409 1864 814
1981 -370 1985 815
1478 -54 1606 816
46 854 1248 817
27 717 924 818
265 538 822 819
530 413 865 820
678 140 932 821
838 -109 971 822
1017 -175 982 823
1138 -183 1021 824
1259 -237 1088 825
1415 -226 1154 826
1606 -70 1224 827
1883 62 1170 828
2293 97 861 829
2613 3 312 830
2640 -366 -417 831
2741 -721 -1029 832
2421 -42 -354 833
2667 -39 475 834
2394 -273 1696 835
1119 -549 2000 836
1146 -1107 1349 837
1415 -27 1290 838
904 549 850 839
1361 288 830 840
1879 265 1049 841
1166 101 1056 842
861 -35 947 843
783 -15 967 844
721 -11 900 845
721 23 858 846
709 81 811 847
686 117 795 848
666 101 807 849
678 85 799 850
666 101 783 851
670 97 780 852
670 109 780 853
663 105 783 854
670 46 780 855
678 39 780 856
686 93 791 857
705 113 822 858
639 120 936 859
624 117 1025 860
655 117 1029 861
600 179 1053 862
526 241 1033 863
440 261 1029 864
487 296 1084 865
1049 534 1251 866
2156 592 1454 867
2332 604 1474 868
1704 417 1657 869
530 128 1509 870
826 542 1626 871
978 908 1599 872
-85 698 947 873
152 491 838 874
448 429 900 875
620 214 955 876
741 -74 994 877
897 -218 1014 878
1041 -195 1045 879
1189 -171 1103 880
1400 -140 1189 881
1649 -11 1298 882
1969 105 1283 883
2445 128 1029 884
2804 23 397 885
2804 -429 -514 886
2964 -850 -1197 887
2585 -347 -588 888
2496 -546 1041 889
2184 -491 2285 890
1134 -331 1829 891
1220 -873 1209 892
1435 -35 1271 893
947 370 971 894
1205 456 858 895
1279 503 838 896
772 124 869 897
858 109 932 898
799 128 904 899
768 74 869 900
768 46 842 901
725 132 791 902
721 195 776 903
717 187 768 904
702 179 764 905
709 195 756 906
717 202 744 907
713 152 744 908
709 120 744 909
690 144 748 910
690 124 752 911
717 117 764 912
721 171 776 913
705 195 807 914
670 253 920 915
674 226 975 916
651 140 982 917
577 210 1002 918
561 323 963 919
542 351 978 920
612 440 1060 921
1236 713 1212 922
2067 674 1341 923
2059 522 1513 924
1723 409 1891 925
1509 50 1712 926
1380 409 1688 927
659 877 1614 928
-46 663 1033 929
195 522 881 930
471 452 865 931
627 288 877 932
756 89 889 933
920 -3 932 934
1123 -31 1014 935
1302 -89 1084 936
1482 -58 1201 937
1801 23 1345 938
2312 42 1228 939
2503 304 1002 940
2550 -171 -31 941
2667 -1053 -994 942
2835 -760 -1290 943
3669 -331 -1657 944
3112 -386 1099 945
1045 -413 2215 946
1294 -335 1045 947
1833 -78 1322 948
904 93 943 949
959 308 819 950
1146 284 928 951
908 66 928 952
799 120 795 953
729 136 811 954
741 120 861 955
744 120 842 956
748 159 815 957
725 218 791 958
705 241 776 959
705 218 760 960
663 230 760 961
663 226 748 962
694 210 737 963
674 179 741 964
678 148 744 965
709 156 741 966
694 195 729 967
670 265 729 968
678 276 780 969
702 206 858 970
666 253 885 971
643 343 889 972
588 339 924 973
526 358 928 974
522 382 1025 975
561 456 1201 976
1088 705 1310 977
2082 822 1345 978
2289 772 1450 979
1981 577 1782 980
1259 -97 1485 981
1134 140 1556 982
822 838 1618 983
-46 737 939 984
117 553 764 985
386 456 783 986
592 366 811 987
733 257 795 988
873 202 822 989
1088 159 916 990
1318 62 994 991
1485 15 1084 992
1657 101 1224 993
1895 89 1236 994
2285 -15 1045 995
2616 23 573 996
2628 -152 -206 997
2675 -682 -889 998
2862 -854 -1244 999
2312 982 -191 1000
1150 1290 1275 1001
-366 -873 1123 1002
257 -1411 1084 1003
1579 -639 1423 1004
1177 128 1142 1005
702 148 830 1006
869 577 748 1007
1458 335 994 1008
1236 -70 1185 1009
916 214 1049 1010
799 23 904 1011
729 46 877 1012
725 97 854 1013
733 171 807 1014
737 206 791 1015
709 183 780 1016
674 179 780 1017
666 175 780 1018
686 183 772 1019
690 163 772 1020
694 124 768 1021
705 120 756 1022
698 152 752 1023
690 210 764 1024
694 183 799 1025
702 136 893 1026
698 136 951 1027
635 132 967 1028
592 183 990 1029
608 280 955 1030
600 300 928 1031
565 280 986 1032
865 542 1154 1033
1911 854 1353 1034
2301 881 1396 1035
1688 651 1528 1036
705 432 1489 1037
1431 288 1809 1038
1380 518 1821 1039
-74 729 1123 1040
62 553 869 1041
315 526 803 1042
546 440 822 1043
694 214 850 1044
826 35 865 1045
955 -15 893 1046
1138 -50 975 1047
1388 -89 1099 1048
1602 -62 1232 1049
1833 19 1306 1050
2262 54 1150 1051
2542 113 698 1052
2585 -66 81 1053
2640 -600 -534 1054
2905 -967 -1092 1055
3030 -842 -1267 1056
1404 -1099 -596 1057
23 -113 1431 1058
585 97 1953 1059
1138 -928 1310 1060
1493 -101 1337 1061
1021 339 975 1062
495 152 803 1063
1131 93 834 1064
1333 257 881 1065
947 269 815 1066
783 7 838 1067
721 -27 889 1068
717 15 900 1069
733 50 885 1070
713 101 846 1071
678 117 822 1072
631 109 822 1073
631 117 815 1074
655 140 799 1075
674 156 787 1076
682 120 772 1077
678 109 776 1078
694 117 780 1079
698 109 795 1080
702 117 803 1081
713 156 834 1082
546 128 932 1083
526 70 990 1084
647 97 1002 1085
608 191 1021 1086
557 241 1014 1087
522 206 1021 1088
627 370 1111 1089
1380 717 1267 1090
2156 655 1388 1091
1922 651 1528 1092
1505 592 1860 1093
1723 -826 1571 1094
1279 -604 1263 1095
210 834 1224 1096
-54 795 885 1097
245 616 822 1098
557 432 897 1099
678 198 932 1100
741 0 936 1101
904 -152 959 1102
1095 -237 1033 1103
1240 -269 1115 1104
1404 -222 1209 1105
1626 -97 1333 1106
2000 -3 1298 1107
2433 39 959 1108
2663 35 288 1109
2652 -308 -432 1110
2776 -904 -893 1111
2964 -1115 -1134 1112
2687 -787 -2028 1113
1684 132 -62 1114
425 19 1591 1115
881 -666 1010 1116
1755 -202 1532 1117
1134 288 1228 1118
854 475 819 1119
1060 315 963 1120
1029 179 1095 1121
924 245 920 1122
807 132 869 1123
760 35 854 1124
733 50 858 1125
713 105 834 1126
705 159 795 1127
682 187 799 1128
643 179 780 1129
643 187 752 1130
674 198 764 1131
682 195 760 1132
682 167 752 1133
682 132 776 1134
698 113 795 1135
690 120 768 1136
682 148 787 1137
705 132 842 1138
702 70 893 1139
600 31 963 1140
530 85 1014 1141
573 210 1029 1142
561 339 1049 1143
495 343 1060 1144
518 370 1123 1145
1119 686 1287 1146
2078 663 1435 1147
2156 518 1439 1148
1677 413 1614 1149
413 830 1380 1150
955 1193 1552 1151
1263 869 1673 1152
-78 573 990 1153
85 292 780 1154
362 312 803 1155
596 265 885 1156
733 46 920 1157
826 -81 924 1158
1014 -81 986 1159
1259 -109 1080 1160
1450 -113 1158 1161
1626 -11 1271 1162
1934 35 1302 1163
2347 27 1060 1164
2667 66 471 1165
2667 -214 -343 1166
2671 -787 -994 1167
2702 -928 -1127 1168
3240 -842 -830 1169
2905 -530 1329 1170
1361 -553 2012 1171
1275 -729 1201 1172
1673 -159 1384 1173
904 347 924 1174
998 663 705 1175
1228 588 717 1176
811 93 838 1177
869 19 900 1178
783 70 912 1179
737 -35 900 1180
721 3 858 1181
686 66 830 1182
666 128 799 1183
694 148 807 1184
702 144 819 1185
698 117 815 1186
690 93 803 1187
678 120 787 1188
678 148 772 1189
678 113 772 1190
627 27 791 1191
639 7 791 1192
690 39 776 1193
694 70 811 1194
690 120 873 1195
682 140 904 1196
663 156 924 1197
647 156 963 1198
635 179 959 1199
588 206 936 1200
616 230 967 1201
986 518 1131 1202
1860 674 1240 1203
2277 612 1271 1204
1723 514 1446 1205
776 144 1723 1206
1298 3 1938 1207
1341 546 1606 1208
156 912 1033 1209
35 717 772 1210
245 573 764 1211
542 452 850 1212
686 210 908 1213
780 -42 963 1214
971 -202 1029 1215
1115 -273 1088 1216
1240 -284 1154 1217
1407 -214 1263 1218
1622 -35 1357 1219
2024 74 1306 1220
2577 97 963 1221
2819 3 171 1222
2784 -569 -705 1223
2971 -1095 -1209 1224
2449 -1236 -2059 1225
631 -452 -1372 1226
-776 432 351 1227
280 -436 885 1228
1478 -877 1287 1229
1216 210 1209 1230
1092 600 854 1231
967 429 928 1232
971 257 1045 1233
1037 124 947 1234
893 113 830 1235
787 78 815 1236
748 97 830 1237
741 62 842 1238
744 113 838 1239
705 140 815 1240
686 97 811 1241
682 78 772 1242
678 124 756 1243
674 140 780 1244
666 144 760 1245
674 156 744 1246
686 132 764 1247
698 113 760 1248
705 167 752 1249
713 195 783 1250
705 159 838 1251
682 117 873 1252
588 198 912 1253
573 304 943 1254
624 308 943 1255
616 312 967 1256
546 288 990 1257
577 397 1072 1258
1053 631 1228 1259
1778 624 1287 1260
1992 522 1302 1261
1638 393 1357 1262
674 510 1400 1263
1263 592 1809 1264
1279 577 1708 1265
-27 702 1045 1266
120 616 830 1267
358 549 780 1268
522 417 791 1269
670 241 838 1270
869 117 897 1271
1025 23 924 1272
1150 -39 971 1273
1345 -7 1080 1274
1606 113 1224 1275
1977 152 1259 1276
2406 117 998 1277
2691 109 421 1278
2702 -245 -319 1279
2542 -900 -881 1280
3045 -1014 -1115 1281
2964 -912 -1817 1282
1852 -202 175 1283
725 -542 1665 1284
760 -1154 1060 1285
1595 -15 1482 1286
1220 608 1134 1287
709 475 799 1288
713 409 803 1289
635 280 889 1290
791 70 912 1291
908 31 873 1292
768 35 807 1293
744 105 822 1294
729 109 826 1295
721 97 811 1296
717 120 787 1297
694 124 780 1298
690 124 776 1299
702 144 760 1300
694 159 752 1301
694 152 748 1302
702 124 705 1303
705 105 713 1304
705 140 760 1305
717 159 760 1306
709 132 760 1307
705 136 764 1308
725 148 787 1309
737 156 815 1310
721 152 826 1311
702 210 893 1312
698 319 939 1313
647 261 978 1314
600 159 1053 1315
542 187 1068 1316
518 425 1068 1317
838 655 1127 1318
1661 542 1205 1319
2078 393 1212 1320
1626 296 1302 1321
475 698 1318 1322
939 616 1552 1323
978 331 1384 1324
-136 647 822 1325
136 713 725 1326
292 557 702 1327
405 253 682 1328
596 101 670 1329
819 -27 709 1330
1029 -179 768 1331
1154 -257 838 1332
1212 -226 900 1333
1302 -66 947 1334
1474 144 951 1335
1641 273 924 1336
1872 241 877 1337
2070 105 698 1338
2121 -85 370 1339
2168 -432 -89 1340
2250 -865 -627 1341
2141 -635 -1279 1342
846 -93 -612 1343
-140 873 1006 1344
339 627 1064 1345
764 -491 971 1346
1115 -175 1314 1347
1119 276 1107 1348
760 292 889 1349
760 249 850 1350
1021 187 939 1351
963 97 936 1352
737 140 873 1353
741 124 865 1354
752 120 842 1355
748 175 791 1356
744 195 799 1357
748 191 799 1358
725 163 780 1359
713 113 776 1360
713 97 776 1361
717 117 776 1362
705 117 768 1363
702 132 764 1364
705 156 760 1365
709 140 760 1366
713 140 760 1367
713 148 760 1368
709 156 760 1369
705 148 760 1370
709 140 768 1371
713 140 772 1372
721 140 772 1373
721 144 768 1374
713 148 764 1375
717 159 756 1376
721 148 756 1377
709 132 760 1378
705 144 756 1379
709 159 748 1380
713 163 748 1381
713 156 748 1382
705 152 752 1383
702 148 760 1384
705 144 764 1385
705 148 772 1386
709 144 764 1387
713 140 756 1388
709 136 760 1389
713 128 764 1390
713 128 760 1391
713 128 760 1392
717 128 764 1393
721 128 764 1394
717 132 764 1395
713 132 764 1396
717 128 760 1397
717 120 760 1398
717 120 760 1399
717 124 760 1400
717 124 760 1401
713 120 764 1402
717 124 764 1403
717 128 760 1404
717 120 764 1405
709 124 760 1406
705 132 756 1407
705 128 764 1408
