-1.977457
1.984179
3.589097
-13.083526
-0.095947
-0.095911
0.105131
1.394962
5.138277
-8.537267
-0.095946
-0.095910
1.586329
1.322310
6.443161
-2.060837
-0.095941
-0.095935
0.006208
1.681576
5.239998
-4.478356
-0.095940
-0.095938
0.002477
3.357606
7.205209
-10.380885
-0.095941
-0.095938
-0.205621
0.928670
3.300522
-3.364887
-0.095941
-0.095935
9.499353
-0.093930
9.502212
9.496127
-0.095940
-0.095944
6.741387
2.460164
12.309391
3.989082
-0.095939
-0.095943
1.782763
0.515751
0.369035
0.233253
0.130828
0.178038
0.255417
0.311935
0.281508
0.337029
0.247756
0.251960
0.238338
0.171336
0.149587
0.135455
0.116151
0.080897
0.052869
0.010202
-0.005257
-0.021619
-0.039165
-0.056494
-0.056055
-0.060770
-0.044469
-0.059431
-0.046083
-0.060060
-0.053183
-0.074276
-0.067172
-0.076356
-0.066984
-0.069338
-0.062232
-0.059947
-0.053655
-0.053716
-0.047527
-0.047724
-0.053458
-0.054408
-0.049305
-0.057634
-0.056194
-0.061460
-0.065888
-0.068716
-0.076718
-0.082968
-0.090196
-0.088098
-0.090630
-0.089864
-0.095073
-0.093719
-0.089062
-0.090913
-0.089765
-0.088299
-0.085909
-0.081419
-0.080966
-0.075768
-0.080616
-0.077545
-0.078025
-0.081111
-0.079649
-0.082720
-0.081819
-0.082805
-0.084845
-0.086943
-0.088231
-0.086531
-0.090417
-0.088107
-0.090236
-0.088950
-0.090272
-0.090768
-0.089605
-0.091215
-0.089800
-0.093555
-0.091495
-0.095280
-0.092697
-0.094651
-0.091402
-0.093245
-0.089703
-0.091260
-0.088808
-0.087003
-0.088695
-0.087615
0.103433
0.034712
0.093626
0.155270
0.137298
0.102323
0.075778
0.093204
-0.015255
-0.072679
-0.031933
-0.032374
-0.020266
-0.077329
0.065163
0.074802
0.061171
0.162812
0.138648
0.150273
0.190791
0.121303
0.157845
0.123675
0.080936
0.097437
0.048112
0.056543
0.057946
0.029480
0.033170
0.038099
0.015038
0.040223
0.026944
0.013255
0.031131
-0.009676
-0.001279
-0.021146
-0.048717
-0.041317
-0.069521
-0.079705
-0.076565
-0.088855
-0.089540
-0.091790
-0.091337
-0.086935
-0.085892
-0.085095
-0.088826
-0.091011
-0.091567
-0.091862
-0.092346
-0.095293
-0.091994
-0.087669
-0.087281
-0.087174
-0.086205
-0.082659
-0.088787
-0.093259
-0.091025
-0.089313
-0.094620
-0.089233
-0.083169
-0.089714
-0.079444
-0.073392
-0.077949
-0.068278
-0.069103
-0.071118
-0.067403
-0.072127
-0.072420
-0.070791
-0.077225
-0.073602
-0.075929
-0.078609
-0.076161
-0.079174
-0.077962
-0.075822
-0.078966
-0.078074
-0.077650
-0.083554
-0.081361
-0.085130
-0.085569
-0.085409
-0.092797
-0.092032
1.588238
0.340266
0.258106
0.311139
0.241508
0.216408
0.229189
-0.012612
0.127555
0.019560
-0.065791
0.000786
0.041348
-0.017745
0.037534
0.016124
0.014925
0.012657
0.012307
-0.017335
-0.010290
-0.042133
-0.051582
-0.064463
-0.075353
-0.074881
-0.083652
-0.087084
-0.081315
-0.090763
-0.082011
-0.083756
-0.084656
-0.077462
-0.076433
-0.069663
-0.068071
-0.067401
-0.064352
-0.068505
-0.069589
-0.070217
-0.075645
-0.079127
-0.075641
-0.087638
-0.090963
-0.082333
-0.084262
-0.087578
-0.080418
-0.086547
-0.084756
-0.086100
-0.090576
-0.092818
-0.093681
-0.094508
-0.092488
-0.091366
-0.088901
-0.087605
-0.087838
-0.090264
-0.087228
-0.094006
-0.094051
-0.090729
-0.090941
-0.091626
-0.088907
-0.090083
-0.089301
-0.088680
-0.088293
-0.091284
-0.088260
-0.092358
-0.092182
-0.092454
-0.094639
-0.093160
-0.094653
-0.094521
-0.093796
-0.095162
-0.093141
-0.095380
-0.093478
-0.093596
-0.092908
-0.090305
-0.090655
-0.089686
-0.089437
-0.089589
-0.090435
-0.090267
-0.092194
-0.093675
0.008148
0.301405
0.764196
0.423248
-0.059743
0.089200
0.032728
0.132584
0.197481
0.133475
-0.045797
0.039877
0.055841
-0.036523
0.067609
0.035460
-0.016754
0.050242
-0.013431
-0.011129
-0.006288
-0.055184
-0.039869
-0.056559
-0.068313
-0.069853
-0.085878
-0.087432
-0.094376
-0.089182
-0.088296
-0.078945
-0.082532
-0.071379
-0.073435
-0.075304
-0.060802
-0.075884
-0.062982
-0.062042
-0.078480
-0.061409
-0.074451
-0.082278
-0.068660
-0.083523
-0.085687
-0.078011
-0.078708
-0.082876
-0.079678
-0.084584
-0.091008
-0.080381
-0.086160
-0.094829
-0.093477
-0.091860
-0.086015
-0.091192
-0.091488
-0.090949
-0.092470
-0.083747
-0.083585
-0.087002
-0.093352
-0.089155
-0.090748
-0.090739
-0.084516
-0.089833
-0.088285
-0.085642
-0.090181
-0.087888
-0.089885
-0.091016
-0.091055
-0.092401
-0.093544
-0.094811
-0.094016
-0.094644
-0.094358
-0.094990
-0.094442
-0.093578
-0.093435
-0.092115
-0.092788
-0.091958
-0.092271
-0.091218
-0.087061
-0.091041
-0.093258
-0.090200
-0.093986
-0.091692
0.013799
1.569904
0.681192
0.665419
0.223303
0.645355
0.585661
0.366273
0.318202
0.393585
0.159822
0.206461
0.099017
0.016635
0.016499
-0.027634
-0.041709
-0.039276
-0.075216
-0.064159
-0.062795
-0.058132
-0.078111
-0.065054
-0.084331
-0.072998
-0.079446
-0.081612
-0.073001
-0.092995
-0.078079
-0.083612
-0.083104
-0.080140
-0.089929
-0.078430
-0.088379
-0.082348
-0.087179
-0.080677
-0.085130
-0.080717
-0.080094
-0.088995
-0.070603
-0.082847
-0.073479
-0.068908
-0.080211
-0.068823
-0.077866
-0.075858
-0.080736
-0.079868
-0.083988
-0.094228
-0.092790
-0.086392
-0.088698
-0.087425
-0.093647
-0.085217
-0.081487
-0.083649
-0.085625
-0.080769
-0.091374
-0.081959
-0.089433
-0.090044
-0.087313
-0.093284
-0.088466
-0.091985
-0.089915
-0.090860
-0.090638
-0.089057
-0.092217
-0.089720
-0.090471
-0.090981
-0.090492
-0.092332
-0.089653
-0.090231
-0.089901
-0.091626
-0.090473
-0.091084
-0.088989
-0.088835
-0.093729
-0.089021
-0.092192
-0.087894
-0.090347
-0.092703
-0.087724
-0.092911
0.011695
0.070245
0.203862
0.022886
-0.023357
0.106095
0.162784
0.099988
0.206438
0.111139
0.014134
0.057409
-0.027201
0.072929
-0.016244
0.018430
-0.012374
-0.045541
-0.037074
-0.075753
-0.074815
-0.079990
-0.089366
-0.094100
-0.087898
-0.089435
-0.095283
-0.092028
-0.092313
-0.094134
-0.095265
-0.091510
-0.093708
-0.092903
-0.091326
-0.090402
-0.093109
-0.086823
-0.085044
-0.086071
-0.080882
-0.081056
-0.081834
-0.079290
-0.087553
-0.081577
-0.091009
-0.080842
-0.083180
-0.086184
-0.084539
-0.090235
-0.094986
-0.095252
-0.093562
-0.095109
-0.095695
-0.095846
-0.094640
-0.094719
-0.094220
-0.092651
-0.092327
-0.090395
-0.087407
-0.091349
-0.090936
-0.091645
-0.092590
-0.090294
-0.093230
-0.091375
-0.092995
-0.093557
-0.093738
-0.095467
-0.094772
-0.094811
-0.094893
-0.095358
-0.094161
-0.094463
-0.095546
-0.095495
-0.095756
-0.095660
-0.095718
-0.095640
-0.095909
-0.095548
-0.095620
-0.095288
-0.095135
-0.093912
-0.092946
-0.093083
-0.092989
-0.092314
-0.093376
-0.091866
-2.668334
0.831617
-1.359455
-4.369120
-0.095942
-0.095944
0.200030
0.232376
0.734222
-0.267418
-0.095940
-0.095944
0.060690
0.073755
0.368127
-0.169567
-0.095940
-0.095944
-0.340989
1.639931
1.788928
-3.138270
-0.095941
-0.095944
-0.037257
0.338873
0.635737
-0.882591
-0.095942
-0.095943
0.015124
2.347568
3.835277
-2.885060
-0.095940
-0.095945
5.636825
1.130510
7.631498
3.708459
-0.095941
-0.095944
2.472656
-0.017111
0.529036
0.053647
-0.010218
-0.084913
-0.086147
-0.090829
-0.090359
-0.091871
-0.093376
-0.092806
-0.092508
-0.092753
-0.095436
-0.093165
-0.094267
-0.094798
-0.095336
-0.094905
-0.094747
-0.095047
-0.094210
-0.094609
-0.086100
-0.088717
-0.059126
-0.091565
-0.093404
-0.091872
-0.071264
-0.082112
-0.088878
-0.094961
-0.094810
-0.095173
-0.095108
-0.095373
-0.095581
-0.095452
-0.095531
-0.095438
-0.095825
-0.095551
-0.095484
-0.095691
-0.095599
-0.095551
-0.095562
-0.095573
-0.095451
-0.095596
-0.094096
-0.095234
-0.088070
-0.093663
-0.094665
-0.094436
-0.090609
-0.091525
-0.094374
-0.095519
-0.095470
-0.095814
-0.095912
-0.095853
-0.095827
-0.095845
-0.095841
-0.095721
-0.095712
-0.095795
-0.095665
-0.095744
-0.095719
-0.095732
-0.095767
-0.095749
-0.095753
-0.095845
-0.095426
-0.095527
-0.092824
-0.094543
-0.095217
-0.094590
-0.094183
-0.093578
-0.095294
-0.095144
-0.094556
-0.095605
-0.095774
-0.095832
-0.095887
-0.095930
-0.095906
-0.095858
-0.095908
-0.095898
0.198294
0.129549
-0.050152
-0.088031
-0.077920
-0.082225
-0.089477
-0.089125
-0.089707
-0.092309
-0.091465
-0.092031
-0.093621
-0.092965
-0.092952
-0.093610
-0.093304
-0.092182
-0.092933
-0.094127
-0.093537
-0.093656
-0.093660
-0.093570
-0.091734
-0.094184
-0.095432
-0.088628
-0.095276
-0.092141
-0.092115
-0.094876
-0.094915
-0.093737
-0.094590
-0.094579
-0.094708
-0.094913
-0.095097
-0.095183
-0.094930
-0.094832
-0.094886
-0.094881
-0.094753
-0.094664
-0.094839
-0.094971
-0.094963
-0.094954
-0.094931
-0.095040
-0.094541
-0.095040
-0.095354
-0.093874
-0.095677
-0.094861
-0.094801
-0.095541
-0.095739
-0.095497
-0.095509
-0.095507
-0.095500
-0.095385
-0.095454
-0.095395
-0.095292
-0.095321
-0.095345
-0.095326
-0.095334
-0.095390
-0.095406
-0.095398
-0.095478
-0.095434
-0.095402
-0.095445
-0.095278
-0.095214
-0.095271
-0.095081
-0.095253
-0.094950
-0.095714
-0.095185
-0.095203
-0.095576
-0.095292
-0.095270
-0.095375
-0.095337
-0.095358
-0.095373
-0.095411
-0.095419
-0.095444
-0.095487
0.059539
0.014400
-0.057801
-0.069111
-0.088215
-0.094552
-0.094814
-0.094322
-0.095844
-0.095487
-0.094635
-0.095122
-0.094952
-0.094963
-0.095699
-0.094975
-0.095251
-0.095271
-0.095187
-0.095738
-0.095882
-0.095596
-0.095796
-0.095603
-0.095176
-0.093571
-0.093609
-0.093327
-0.095085
-0.093195
-0.094360
-0.094130
-0.095239
-0.095926
-0.095746
-0.095770
-0.095890
-0.095919
-0.095839
-0.095774
-0.095815
-0.095742
-0.095847
-0.095755
-0.095847
-0.095800
-0.095836
-0.095909
-0.095902
-0.095884
-0.095879
-0.095885
-0.095850
-0.095436
-0.095380
-0.095425
-0.095578
-0.095315
-0.095578
-0.095429
-0.095735
-0.095888
-0.095870
-0.095911
-0.095897
-0.095911
-0.095919
-0.095868
-0.095919
-0.095863
-0.095913
-0.095890
-0.095900
-0.095897
-0.095917
-0.095918
-0.095907
-0.095904
-0.095907
-0.095938
-0.095920
-0.095747
-0.095690
-0.095747
-0.095742
-0.095702
-0.095830
-0.095690
-0.095806
-0.095842
-0.095815
-0.095866
-0.095903
-0.095915
-0.095917
-0.095899
-0.095923
-0.095904
-0.095925
-0.095926
0.162372
1.121535
0.066110
-0.050709
-0.053753
-0.064331
-0.082647
-0.084015
-0.086908
-0.087529
-0.088374
-0.088872
-0.089499
-0.089952
-0.090308
-0.090686
-0.091076
-0.091532
-0.091877
-0.092377
-0.092526
-0.093041
-0.093169
-0.091320
-0.086393
-0.094006
-0.082530
-0.064726
-0.090061
-0.069232
-0.091697
-0.088760
-0.092623
-0.090336
-0.091447
-0.091822
-0.092284
-0.092456
-0.092734
-0.092965
-0.093223
-0.093454
-0.093677
-0.093891
-0.094096
-0.094279
-0.094400
-0.094496
-0.094525
-0.094586
-0.094479
-0.094620
-0.092763
-0.094839
-0.092701
-0.089498
-0.092649
-0.090164
-0.093689
-0.092575
-0.093490
-0.093818
-0.093868
-0.094098
-0.094428
-0.094500
-0.094645
-0.094742
-0.094811
-0.094841
-0.094841
-0.094811
-0.094766
-0.094709
-0.094652
-0.094598
-0.094574
-0.094555
-0.094567
-0.094724
-0.094299
-0.094819
-0.095141
-0.094147
-0.092836
-0.092782
-0.095024
-0.093478
-0.093297
-0.095632
-0.095161
-0.094840
-0.095058
-0.094910
-0.094794
-0.094688
-0.094617
-0.094547
-0.094503
-0.094472
-0.040186
0.129245
0.107189
-0.077664
-0.075533
-0.074169
-0.080611
-0.082694
-0.084426
-0.085756
-0.087026
-0.087906
-0.088766
-0.089525
-0.090066
-0.090623
-0.090903
-0.091065
-0.091162
-0.091132
-0.091059
-0.090975
-0.090970
-0.090508
-0.091219
-0.091971
-0.082967
-0.087074
-0.093871
-0.093573
-0.088384
-0.090997
-0.091993
-0.092275
-0.092849
-0.093192
-0.093463
-0.093667
-0.093821
-0.093892
-0.093912
-0.093893
-0.093854
-0.093797
-0.093736
-0.093686
-0.093655
-0.093653
-0.093664
-0.093703
-0.093765
-0.093802
-0.093867
-0.093855
-0.092199
-0.093614
-0.095244
-0.094799
-0.093519
-0.094939
-0.095350
-0.095257
-0.095226
-0.095099
-0.094984
-0.094875
-0.094789
-0.094729
-0.094682
-0.094657
-0.094658
-0.094666
-0.094697
-0.094738
-0.094784
-0.094839
-0.094881
-0.094911
-0.094914
-0.094903
-0.094733
-0.094538
-0.093955
-0.095195
-0.094595
-0.094366
-0.094460
-0.094950
-0.094641
-0.094889
-0.094586
-0.094597
-0.094637
-0.094695
-0.094732
-0.094785
-0.094837
-0.094885
-0.094926
-0.094952
0.029244
1.601169
0.165470
0.095963
-0.080889
-0.089314
-0.089826
-0.091701
-0.091965
-0.092539
-0.093088
-0.093636
-0.094247
-0.094856
-0.095292
-0.095290
-0.094965
-0.094404
-0.093957
-0.093618
-0.093220
-0.092796
-0.092632
-0.093110
-0.092740
-0.078005
-0.079714
-0.055874
-0.084474
-0.056442
-0.087066
-0.081876
-0.091792
-0.092411
-0.092953
-0.093519
-0.093927
-0.094338
-0.094693
-0.095021
-0.095295
-0.095465
-0.095448
-0.095314
-0.095159
-0.094989
-0.094865
-0.094780
-0.094706
-0.094667
-0.094684
-0.094884
-0.094971
-0.092367
-0.092588
-0.087954
-0.091113
-0.087399
-0.092265
-0.091289
-0.094096
-0.094915
-0.094904
-0.095151
-0.095398
-0.095587
-0.095739
-0.095889
-0.095852
-0.095748
-0.095652
-0.095576
-0.095523
-0.095480
-0.095464
-0.095467
-0.095480
-0.095518
-0.095574
-0.095698
-0.095845
-0.095156
-0.094069
-0.092677
-0.093392
-0.092675
-0.092821
-0.093150
-0.094324
-0.094645
-0.094616
-0.095645
-0.095612
-0.095654
-0.095719
-0.095736
-0.095728
-0.095719
-0.095705
-0.095695
