-2.133777
1.658417
1.639809
-9.956074
-0.104678
-0.104661
0.129728
1.276947
5.110364
-7.134112
-0.104676
-0.104651
1.595077
1.134308
4.399862
-1.265811
-0.104675
-0.104672
-0.097144
1.736037
5.522589
-5.218710
-0.104672
-0.104668
-0.090377
3.778670
8.098943
-9.369124
-0.104673
-0.104673
-0.015692
1.732630
5.973660
-3.489465
-0.104670
-0.104667
10.862995
-0.101439
10.867228
10.858042
-0.104673
-0.104677
7.217718
1.950766
11.533798
4.516349
-0.104672
-0.104676
1.920289
0.459093
0.384819
0.220811
0.103159
0.188698
0.134772
0.275085
0.118000
0.116896
0.117287
0.150716
0.172325
0.022887
0.010648
0.080682
0.045627
0.040287
0.111573
-0.026169
0.024280
0.075851
-0.065567
-0.005050
-0.023890
-0.086382
-0.039151
-0.081745
-0.087947
-0.084467
-0.066926
-0.069256
-0.084456
-0.047452
-0.072026
-0.057827
-0.044806
-0.080377
-0.056507
-0.059593
-0.065525
-0.060255
-0.078975
-0.089673
-0.083422
-0.073842
-0.072865
-0.075012
-0.096514
-0.079205
-0.089108
-0.093787
-0.083916
-0.095802
-0.098399
-0.097629
-0.101117
-0.102317
-0.101134
-0.098861
-0.101724
-0.102145
-0.098109
-0.090179
-0.093072
-0.092446
-0.093923
-0.096375
-0.086544
-0.086356
-0.096191
-0.096230
-0.091034
-0.098307
-0.087824
-0.088479
-0.100161
-0.086991
-0.096336
-0.096809
-0.093951
-0.099113
-0.097879
-0.101962
-0.102812
-0.101185
-0.100931
-0.100850
-0.102522
-0.101024
-0.098877
-0.097635
-0.096919
-0.096825
-0.097407
-0.094638
-0.096076
-0.090266
-0.094493
-0.100112
0.128812
0.039179
0.008492
0.107723
0.201689
0.113431
-0.032137
0.107070
0.029378
0.011405
0.033507
0.044108
0.056502
-0.019911
-0.005059
0.031750
-0.013784
0.052183
0.056689
0.134393
0.093929
0.110561
0.110844
0.069050
0.090053
0.056969
0.047283
0.046341
0.021818
0.025882
0.021528
0.006422
0.019894
0.006296
-0.003488
0.008350
-0.019175
-0.007509
-0.027096
-0.042645
-0.062223
-0.076296
-0.074042
-0.086976
-0.080971
-0.083180
-0.088076
-0.083165
-0.084450
-0.094219
-0.093662
-0.100709
-0.095396
-0.096723
-0.093820
-0.097995
-0.102301
-0.102017
-0.100424
-0.102177
-0.094561
-0.093141
-0.099153
-0.096140
-0.098037
-0.102241
-0.097476
-0.091883
-0.092216
-0.097017
-0.099933
-0.092702
-0.095827
-0.095707
-0.092478
-0.088232
-0.079311
-0.084778
-0.081312
-0.083458
-0.083359
-0.082579
-0.085375
-0.082845
-0.085545
-0.088707
-0.084704
-0.089873
-0.086190
-0.084903
-0.090811
-0.086522
-0.090496
-0.090382
-0.090510
-0.091108
-0.088197
-0.100777
-0.099630
-0.097262
1.597704
0.336674
0.311676
0.263380
0.151657
0.089825
0.051631
-0.043898
0.108449
0.030652
0.022865
-0.024468
-0.030388
-0.087211
-0.036609
-0.041195
-0.083372
-0.023952
-0.091330
-0.050005
-0.068980
-0.052359
-0.077690
-0.070619
-0.064014
-0.076239
-0.071535
-0.070101
-0.078355
-0.074668
-0.081681
-0.079581
-0.087041
-0.079262
-0.095572
-0.078006
-0.102486
-0.086252
-0.094258
-0.091328
-0.087617
-0.097618
-0.086786
-0.097712
-0.099084
-0.095671
-0.097730
-0.101333
-0.094572
-0.098091
-0.095433
-0.103494
-0.097066
-0.093329
-0.099655
-0.096930
-0.100395
-0.102229
-0.099495
-0.096446
-0.100239
-0.101982
-0.094292
-0.100006
-0.098598
-0.097567
-0.099624
-0.098119
-0.100162
-0.102096
-0.102035
-0.099418
-0.104031
-0.099857
-0.099220
-0.102963
-0.098582
-0.100300
-0.104458
-0.102142
-0.100651
-0.103728
-0.098471
-0.102647
-0.101024
-0.100284
-0.103510
-0.100047
-0.101700
-0.104166
-0.099309
-0.102356
-0.102357
-0.103302
-0.102397
-0.102025
-0.099791
-0.103284
-0.101187
-0.101113
-0.097579
0.284742
0.727082
0.353942
0.060110
0.235071
-0.020382
0.222095
0.213609
0.010810
0.007547
0.101309
0.220425
0.089491
-0.027928
0.031070
-0.093377
-0.025088
-0.037097
-0.025398
-0.051391
-0.057174
-0.067372
-0.084260
-0.079627
-0.077901
-0.098988
-0.085173
-0.094980
-0.092415
-0.096503
-0.093697
-0.088496
-0.093298
-0.089580
-0.089845
-0.084862
-0.080678
-0.086172
-0.076326
-0.084887
-0.091898
-0.082204
-0.093650
-0.064396
-0.071594
-0.092270
-0.092016
-0.078487
-0.075563
-0.092761
-0.094288
-0.092692
-0.100614
-0.089294
-0.097946
-0.102020
-0.103023
-0.100046
-0.095651
-0.101121
-0.096407
-0.098092
-0.097017
-0.093768
-0.100048
-0.094612
-0.092698
-0.089120
-0.089516
-0.097445
-0.094475
-0.099569
-0.099839
-0.100027
-0.098444
-0.100588
-0.099036
-0.098707
-0.100656
-0.101878
-0.102146
-0.100493
-0.103797
-0.102079
-0.103783
-0.103588
-0.103687
-0.101966
-0.102491
-0.099825
-0.103793
-0.100036
-0.100869
-0.098367
-0.099719
-0.102602
-0.100118
-0.099038
-0.098194
-0.085073
1.537865
1.003751
1.086105
0.361451
0.609067
0.681674
0.228937
0.367878
0.261552
0.152090
0.266237
0.139361
-0.055704
0.006916
-0.000821
0.018763
-0.025815
-0.040119
-0.044106
-0.072037
-0.041240
-0.044598
-0.087381
-0.051660
-0.068976
-0.084864
-0.058809
-0.074942
-0.077011
-0.076625
-0.081481
-0.088031
-0.081418
-0.083755
-0.094352
-0.080913
-0.091431
-0.097326
-0.081687
-0.081803
-0.094113
-0.090508
-0.082456
-0.095480
-0.072077
-0.079705
-0.090813
-0.076087
-0.094043
-0.087004
-0.077210
-0.097654
-0.090349
-0.094001
-0.097914
-0.100852
-0.101418
-0.099102
-0.096973
-0.092792
-0.099892
-0.095335
-0.092810
-0.096655
-0.096523
-0.096905
-0.096428
-0.095370
-0.100310
-0.096661
-0.101196
-0.097585
-0.100487
-0.102355
-0.099345
-0.102634
-0.104128
-0.099220
-0.100730
-0.103562
-0.102649
-0.101549
-0.101947
-0.101987
-0.100930
-0.103610
-0.100190
-0.102708
-0.103365
-0.101159
-0.104421
-0.101771
-0.100608
-0.101920
-0.100766
-0.103740
-0.103029
-0.099474
-0.102219
-0.016901
0.046992
0.309555
0.500174
0.517283
0.500146
0.156409
0.078364
0.265321
0.045958
-0.001712
0.040108
-0.003223
0.039312
-0.009061
-0.002338
-0.036398
-0.043444
-0.031721
-0.072207
-0.062497
-0.072210
-0.098527
-0.079846
-0.090341
-0.098801
-0.090610
-0.094964
-0.094513
-0.095791
-0.095288
-0.099755
-0.096118
-0.097142
-0.101242
-0.094174
-0.097797
-0.094913
-0.089172
-0.093691
-0.091199
-0.090784
-0.096108
-0.087528
-0.091495
-0.096092
-0.085895
-0.095412
-0.089474
-0.087431
-0.101973
-0.090819
-0.090903
-0.099792
-0.101602
-0.101918
-0.100603
-0.100807
-0.101738
-0.098351
-0.096072
-0.096167
-0.098455
-0.102106
-0.097718
-0.099534
-0.099923
-0.103740
-0.100957
-0.097228
-0.102349
-0.099111
-0.100842
-0.103539
-0.099779
-0.102689
-0.102271
-0.100763
-0.101971
-0.102834
-0.102639
-0.103101
-0.103932
-0.103931
-0.102926
-0.103925
-0.103646
-0.103527
-0.102788
-0.104633
-0.103927
-0.102546
-0.102282
-0.103105
-0.100908
-0.100907
-0.103713
-0.101341
-0.101337
-0.101942
-2.893960
0.857966
-1.563843
-4.603974
-0.104674
-0.104677
0.171042
0.245691
0.755001
-0.383435
-0.104673
-0.104676
0.095982
0.118294
0.426111
-0.231649
-0.104673
-0.104677
-0.057339
0.955179
1.456445
-1.851808
-0.104674
-0.104676
-0.088140
0.446426
0.843248
-1.103786
-0.104673
-0.104675
-0.184896
2.626981
4.181262
-4.074550
-0.104673
-0.104677
6.048543
1.398603
8.069207
3.293141
-0.104674
-0.104676
2.688598
-0.023431
0.561319
-0.050753
-0.036343
-0.090498
-0.097100
-0.095790
-0.097460
-0.099378
-0.101061
-0.100873
-0.099867
-0.099162
-0.100675
-0.099779
-0.101362
-0.101980
-0.102098
-0.102793
-0.102504
-0.102416
-0.101377
-0.101602
-0.096049
-0.101068
-0.090461
-0.074687
-0.090743
-0.098167
-0.096850
-0.077781
-0.088984
-0.091228
-0.094602
-0.096208
-0.097169
-0.097862
-0.098127
-0.098334
-0.098402
-0.098580
-0.098931
-0.098877
-0.099203
-0.099217
-0.099177
-0.099090
-0.099164
-0.099053
-0.098926
-0.098599
-0.098696
-0.096462
-0.097744
-0.093868
-0.099236
-0.099524
-0.099746
-0.096187
-0.101139
-0.102173
-0.100934
-0.101263
-0.101133
-0.101070
-0.100939
-0.100895
-0.100752
-0.100689
-0.100674
-0.100702
-0.100699
-0.100736
-0.100716
-0.100656
-0.100651
-0.100565
-0.100566
-0.100572
-0.100750
-0.100813
-0.101495
-0.102511
-0.098231
-0.101019
-0.101970
-0.102757
-0.098840
-0.101016
-0.100377
-0.100944
-0.100808
-0.100741
-0.100665
-0.100615
-0.100572
-0.100597
-0.100670
-0.100763
0.173104
0.137557
-0.059281
-0.083234
-0.097180
-0.098661
-0.099203
-0.100023
-0.100916
-0.101186
-0.102218
-0.102618
-0.103542
-0.102969
-0.103234
-0.103484
-0.104051
-0.102612
-0.102984
-0.103507
-0.103490
-0.102891
-0.103643
-0.103118
-0.102651
-0.102290
-0.103088
-0.100358
-0.100316
-0.100856
-0.100829
-0.103378
-0.103009
-0.103482
-0.103961
-0.104393
-0.104175
-0.104531
-0.104580
-0.104450
-0.104406
-0.104366
-0.104393
-0.104305
-0.104220
-0.104303
-0.104227
-0.104269
-0.104299
-0.104422
-0.104411
-0.104472
-0.104500
-0.104517
-0.104325
-0.104084
-0.103304
-0.104451
-0.103190
-0.104204
-0.104303
-0.104575
-0.104614
-0.104637
-0.104577
-0.104630
-0.104547
-0.104491
-0.104497
-0.104551
-0.104456
-0.104479
-0.104518
-0.104588
-0.104516
-0.104584
-0.104648
-0.104670
-0.104606
-0.104623
-0.104582
-0.104531
-0.104526
-0.104401
-0.104283
-0.103971
-0.104167
-0.104094
-0.104471
-0.104522
-0.104654
-0.104597
-0.104542
-0.104594
-0.104538
-0.104577
-0.104594
-0.104624
-0.104601
-0.104645
0.095864
0.048259
-0.082431
-0.080753
-0.093233
-0.101974
-0.099935
-0.101151
-0.104062
-0.103140
-0.103140
-0.102157
-0.104223
-0.104354
-0.104109
-0.103615
-0.103066
-0.102919
-0.103887
-0.104101
-0.104485
-0.103809
-0.104065
-0.104365
-0.103711
-0.102742
-0.103071
-0.103106
-0.101177
-0.103175
-0.101061
-0.102438
-0.101624
-0.103501
-0.103251
-0.103767
-0.103986
-0.103748
-0.103738
-0.103806
-0.103851
-0.103873
-0.103792
-0.103701
-0.103712
-0.103833
-0.104122
-0.103897
-0.104003
-0.103897
-0.103945
-0.103824
-0.103805
-0.103701
-0.103315
-0.104007
-0.103124
-0.103899
-0.103790
-0.103797
-0.104217
-0.104163
-0.104151
-0.104224
-0.104148
-0.104100
-0.104062
-0.104102
-0.103980
-0.104084
-0.104089
-0.104079
-0.104078
-0.104099
-0.104136
-0.104077
-0.104122
-0.104064
-0.104007
-0.104019
-0.104089
-0.104018
-0.104255
-0.104104
-0.104204
-0.103904
-0.104409
-0.103838
-0.104269
-0.103961
-0.104176
-0.104107
-0.104097
-0.104098
-0.104029
-0.104059
-0.104056
-0.104142
-0.104125
-0.104097
-0.054043
0.613820
0.091894
-0.096321
-0.077922
-0.079481
-0.082379
-0.088333
-0.091262
-0.093103
-0.094096
-0.095138
-0.096107
-0.096777
-0.097363
-0.097932
-0.098410
-0.098808
-0.099271
-0.099741
-0.099849
-0.100134
-0.100417
-0.101721
-0.102697
-0.103514
-0.098701
-0.094541
-0.085700
-0.090506
-0.086336
-0.098127
-0.096552
-0.098147
-0.098951
-0.099580
-0.099821
-0.099943
-0.100138
-0.100269
-0.100390
-0.100472
-0.100556
-0.100632
-0.100696
-0.100756
-0.100809
-0.100850
-0.100830
-0.100898
-0.100892
-0.100937
-0.100844
-0.100415
-0.100716
-0.098871
-0.097231
-0.101382
-0.101058
-0.102756
-0.101272
-0.101772
-0.101563
-0.101618
-0.101700
-0.101718
-0.101759
-0.101737
-0.101739
-0.101737
-0.101739
-0.101741
-0.101745
-0.101748
-0.101745
-0.101744
-0.101735
-0.101742
-0.101726
-0.101748
-0.101816
-0.101862
-0.102098
-0.101533
-0.103191
-0.101259
-0.102974
-0.100326
-0.101670
-0.101706
-0.101822
-0.101951
-0.102005
-0.101954
-0.101920
-0.101884
-0.101878
-0.101874
-0.101869
-0.101870
-0.088750
0.207740
0.104780
-0.022213
-0.067118
-0.088303
-0.093121
-0.096027
-0.097527
-0.098592
-0.099569
-0.100021
-0.100221
-0.100382
-0.100414
-0.100624
-0.100872
-0.101202
-0.101579
-0.101945
-0.102396
-0.102732
-0.102760
-0.102790
-0.102414
-0.101821
-0.093052
-0.096791
-0.097474
-0.100748
-0.096066
-0.092624
-0.100027
-0.101838
-0.102249
-0.102435
-0.102610
-0.102654
-0.102627
-0.102532
-0.102457
-0.102437
-0.102448
-0.102540
-0.102670
-0.102800
-0.102927
-0.103005
-0.103023
-0.102967
-0.102857
-0.102784
-0.102630
-0.102737
-0.100996
-0.103670
-0.100889
-0.102767
-0.103215
-0.100872
-0.104152
-0.103101
-0.103489
-0.103455
-0.103417
-0.103320
-0.103233
-0.103169
-0.103138
-0.103149
-0.103189
-0.103258
-0.103328
-0.103371
-0.103386
-0.103355
-0.103293
-0.103220
-0.103147
-0.103099
-0.103075
-0.103132
-0.103299
-0.103740
-0.102721
-0.102970
-0.103829
-0.102477
-0.103084
-0.103179
-0.103618
-0.103410
-0.103310
-0.103219
-0.103182
-0.103187
-0.103218
-0.103278
-0.103343
-0.103392
-0.020593
1.804976
0.109776
0.011570
-0.061562
-0.092111
-0.096709
-0.098238
-0.098534
-0.098592
-0.098544
-0.098868
-0.099320
-0.099988
-0.100715
-0.101460
-0.101990
-0.102128
-0.101813
-0.101235
-0.100591
-0.100021
-0.099574
-0.100306
-0.100195
-0.098515
-0.095149
-0.066522
-0.076566
-0.088397
-0.063671
-0.095128
-0.099013
-0.099551
-0.100976
-0.101869
-0.102122
-0.102016
-0.101802
-0.101614
-0.101551
-0.101617
-0.101811
-0.102079
-0.102381
-0.102624
-0.102738
-0.102667
-0.102449
-0.102145
-0.101827
-0.101481
-0.101344
-0.100673
-0.103566
-0.101583
-0.091977
-0.102397
-0.095625
-0.100409
-0.101715
-0.104115
-0.104099
-0.103936
-0.103581
-0.103307
-0.103111
-0.102997
-0.102978
-0.103032
-0.103146
-0.103284
-0.103400
-0.103445
-0.103390
-0.103257
-0.103085
-0.102930
-0.102816
-0.102774
-0.102883
-0.103009
-0.102771
-0.103494
-0.101588
-0.099877
-0.103238
-0.098680
-0.104001
-0.104528
-0.103398
-0.103269
-0.103003
-0.102880
-0.102822
-0.102839
-0.102920
-0.103048
-0.103189
-0.103305
