-1.877011
1.937962
3.319561
-12.969879
-0.094704
-0.094674
0.113868
1.700402
8.157143
-10.727256
-0.094702
-0.094660
1.477463
1.144509
4.191764
-2.094809
-0.094700
-0.094696
-0.168904
1.534677
5.700056
-4.546163
-0.094698
-0.094694
-0.146740
3.573716
7.164759
-8.969800
-0.094698
-0.094699
-0.086496
1.150880
2.913358
-2.892123
-0.094698
-0.094698
9.331173
-0.092360
9.333908
9.327693
-0.094699
-0.094702
6.726170
2.384857
12.169324
3.730712
-0.094697
-0.094701
1.688115
0.422509
0.441424
0.288372
-0.067617
0.215262
0.171393
0.424220
0.215334
0.242586
0.211065
0.144327
0.295325
0.177333
0.132636
0.174913
0.064152
-0.020684
0.043758
0.008046
-0.049492
0.041515
-0.004853
-0.026710
0.044164
-0.005697
-0.000254
0.020124
-0.018146
-0.008022
0.004108
-0.049729
-0.038702
-0.023254
-0.065415
-0.055831
-0.042399
-0.076681
-0.069309
-0.034544
-0.055343
-0.054120
-0.037073
-0.055071
-0.058336
-0.064922
-0.073995
-0.056671
-0.077938
-0.072734
-0.083433
-0.088076
-0.086712
-0.087851
-0.089993
-0.091885
-0.087115
-0.088500
-0.089073
-0.092056
-0.091211
-0.074865
-0.083718
-0.080657
-0.076772
-0.090953
-0.074683
-0.078293
-0.082102
-0.076199
-0.084265
-0.086922
-0.083322
-0.089262
-0.090380
-0.087307
-0.085302
-0.089216
-0.086106
-0.084808
-0.088988
-0.080938
-0.084409
-0.089417
-0.079681
-0.089545
-0.090404
-0.081261
-0.091188
-0.089944
-0.086827
-0.091394
-0.087381
-0.088471
-0.086387
-0.086521
-0.085938
-0.080695
-0.084623
-0.084324
0.113313
0.110565
0.088960
0.064272
0.066194
0.091488
0.051936
0.132239
0.084462
0.006791
-0.021548
0.088339
0.100130
0.095607
0.140994
0.164062
0.205667
0.211039
0.199486
0.219445
0.202573
0.193835
0.166788
0.146160
0.124345
0.118019
0.106261
0.076498
0.079542
0.069061
0.061144
0.066225
0.052825
0.049937
0.042347
0.039586
0.020521
0.017034
0.000822
-0.019781
-0.027526
-0.050558
-0.057158
-0.056132
-0.072234
-0.091808
-0.081255
-0.080344
-0.081544
-0.081866
-0.086178
-0.085819
-0.087350
-0.092639
-0.093736
-0.092308
-0.091193
-0.092732
-0.092423
-0.088932
-0.092251
-0.086832
-0.085092
-0.084220
-0.090078
-0.089585
-0.084009
-0.079112
-0.075437
-0.073176
-0.068366
-0.065319
-0.065224
-0.061730
-0.060333
-0.061311
-0.062584
-0.065101
-0.066966
-0.068084
-0.068080
-0.071407
-0.071063
-0.071884
-0.074959
-0.071883
-0.072361
-0.074848
-0.073164
-0.071985
-0.074394
-0.074281
-0.076943
-0.080441
-0.078675
-0.082741
-0.085026
-0.083606
-0.086194
-0.090853
1.477431
0.300089
0.264139
0.220089
0.198513
0.156792
0.145833
0.051041
0.067861
0.105833
-0.014104
0.036845
0.065848
-0.026170
-0.030032
-0.004118
-0.044515
-0.064387
-0.030893
-0.081767
-0.041427
-0.068728
-0.084238
-0.063935
-0.088599
-0.091650
-0.081660
-0.080852
-0.085250
-0.087161
-0.083676
-0.081823
-0.088051
-0.081542
-0.065392
-0.088712
-0.076542
-0.072381
-0.085267
-0.078060
-0.072864
-0.087916
-0.071991
-0.077038
-0.085376
-0.079855
-0.088217
-0.083521
-0.083854
-0.089107
-0.082000
-0.086452
-0.091128
-0.088927
-0.092016
-0.092938
-0.090129
-0.090012
-0.088890
-0.091270
-0.083212
-0.090799
-0.091161
-0.082624
-0.090879
-0.090793
-0.087791
-0.090661
-0.089255
-0.090788
-0.090438
-0.089959
-0.092276
-0.092131
-0.088551
-0.093416
-0.090847
-0.090760
-0.093063
-0.091035
-0.093652
-0.091689
-0.090063
-0.091792
-0.093445
-0.090632
-0.090831
-0.093773
-0.090475
-0.091140
-0.091909
-0.091568
-0.091820
-0.091630
-0.093603
-0.092052
-0.090190
-0.092983
-0.091906
-0.092188
-0.020900
0.291704
0.610863
0.326073
0.005247
0.107314
-0.023507
0.161419
0.228557
0.166011
-0.034764
0.058326
0.091818
0.058600
0.043357
0.043154
0.027138
0.015694
-0.008971
-0.015612
-0.007650
-0.036667
-0.039709
-0.044010
-0.065298
-0.056928
-0.057598
-0.065681
-0.068730
-0.065352
-0.067191
-0.071273
-0.069263
-0.063649
-0.063820
-0.067540
-0.062942
-0.063654
-0.068442
-0.060872
-0.064102
-0.075107
-0.065466
-0.060695
-0.082745
-0.079607
-0.070894
-0.077016
-0.082310
-0.084646
-0.089931
-0.083933
-0.082000
-0.089827
-0.092907
-0.093735
-0.090097
-0.086845
-0.090319
-0.087491
-0.092829
-0.085731
-0.082292
-0.082326
-0.088083
-0.093917
-0.089147
-0.084834
-0.083176
-0.088624
-0.086427
-0.085670
-0.089617
-0.088703
-0.088054
-0.090589
-0.090355
-0.090705
-0.092334
-0.092241
-0.090181
-0.090631
-0.092539
-0.092810
-0.093312
-0.091717
-0.091887
-0.092712
-0.090404
-0.092178
-0.090518
-0.089264
-0.092034
-0.090013
-0.088561
-0.090496
-0.091774
-0.089862
-0.091437
-0.091324
-0.047838
1.594724
0.995331
0.765838
0.328834
0.478089
0.652298
0.474147
0.239201
0.299888
0.070097
0.204933
0.195787
0.005257
0.054192
0.008340
-0.069134
-0.066844
-0.084737
-0.065977
-0.077065
-0.065492
-0.070278
-0.082050
-0.069266
-0.072219
-0.083342
-0.065559
-0.088326
-0.079666
-0.075503
-0.089540
-0.081087
-0.076787
-0.088651
-0.086005
-0.085145
-0.091986
-0.090319
-0.077309
-0.081538
-0.084190
-0.071482
-0.063168
-0.081126
-0.075553
-0.073675
-0.075079
-0.069521
-0.074688
-0.088511
-0.080360
-0.085902
-0.084554
-0.089783
-0.089604
-0.088337
-0.085470
-0.083612
-0.087180
-0.082866
-0.080555
-0.084178
-0.084428
-0.088773
-0.085264
-0.086523
-0.088141
-0.086690
-0.089824
-0.091934
-0.093554
-0.091220
-0.093315
-0.093961
-0.090759
-0.094076
-0.091937
-0.090459
-0.092994
-0.091576
-0.091732
-0.093028
-0.090737
-0.092043
-0.091715
-0.090963
-0.093333
-0.092032
-0.093203
-0.093906
-0.092417
-0.094514
-0.093437
-0.090081
-0.091775
-0.092048
-0.089726
-0.089742
-0.091101
-0.086908
0.110693
0.358169
0.319942
0.173436
0.080130
0.019733
0.175053
0.125717
0.043604
0.013902
0.046923
0.037901
0.045352
0.011443
-0.005112
-0.040299
-0.060844
-0.069368
-0.077382
-0.081395
-0.082795
-0.081891
-0.086027
-0.084646
-0.087394
-0.091772
-0.090517
-0.089968
-0.089759
-0.091254
-0.089314
-0.087303
-0.090822
-0.089119
-0.088360
-0.089037
-0.090235
-0.085415
-0.082310
-0.081861
-0.077744
-0.080421
-0.081166
-0.082357
-0.087438
-0.085403
-0.079908
-0.085004
-0.093149
-0.088733
-0.091832
-0.092065
-0.091863
-0.092650
-0.092200
-0.091517
-0.089789
-0.091079
-0.091661
-0.094232
-0.090388
-0.088752
-0.088503
-0.091158
-0.091126
-0.089606
-0.088998
-0.090206
-0.090147
-0.091210
-0.092389
-0.092580
-0.093213
-0.093703
-0.093409
-0.093882
-0.093798
-0.093557
-0.093872
-0.094055
-0.094415
-0.094044
-0.093848
-0.094268
-0.094310
-0.093867
-0.094255
-0.093796
-0.093018
-0.093743
-0.094526
-0.092790
-0.092824
-0.093437
-0.092780
-0.093160
-0.093578
-0.093667
-0.093049
-2.611346
0.909423
-1.263785
-4.424284
-0.094699
-0.094702
0.246370
0.153631
0.641737
-0.118452
-0.094698
-0.094702
0.132266
0.104023
0.411782
-0.210742
-0.094699
-0.094702
-0.222808
0.649311
0.606587
-1.659364
-0.094700
-0.094701
0.014656
0.440198
0.908865
-0.796360
-0.094698
-0.094701
-0.165931
2.522786
3.578596
-3.982955
-0.094698
-0.094702
5.615094
1.451984
7.674493
2.708773
-0.094699
-0.094701
2.427002
0.007420
0.600805
-0.053619
-0.023040
-0.082614
-0.086637
-0.093816
-0.091297
-0.092849
-0.092076
-0.090714
-0.092592
-0.092624
-0.091812
-0.094373
-0.092014
-0.092739
-0.092502
-0.091240
-0.093195
-0.089096
-0.088780
-0.083394
-0.082918
-0.076179
-0.067117
-0.085048
-0.082196
-0.079722
-0.073509
-0.087155
-0.084904
-0.088944
-0.091748
-0.090436
-0.092045
-0.092243
-0.091253
-0.092945
-0.092451
-0.092173
-0.093513
-0.092736
-0.092818
-0.093562
-0.092717
-0.093375
-0.093522
-0.092629
-0.093659
-0.092767
-0.090188
-0.085807
-0.094087
-0.093078
-0.092677
-0.088028
-0.093849
-0.091574
-0.094278
-0.093215
-0.093638
-0.094088
-0.093688
-0.093827
-0.093720
-0.093325
-0.094019
-0.093838
-0.093603
-0.094122
-0.093857
-0.093748
-0.094271
-0.093679
-0.093734
-0.094544
-0.093032
-0.092986
-0.093140
-0.092540
-0.094017
-0.093747
-0.094212
-0.091659
-0.092775
-0.093387
-0.092340
-0.093241
-0.093633
-0.093607
-0.093308
-0.092586
-0.093749
-0.093586
-0.093599
-0.094087
-0.093784
-0.093724
0.245454
0.074571
-0.065882
-0.064085
-0.086266
-0.085477
-0.090102
-0.091083
-0.090486
-0.091873
-0.092024
-0.092693
-0.091283
-0.092116
-0.092739
-0.093582
-0.093204
-0.093458
-0.093066
-0.092973
-0.093151
-0.093541
-0.093040
-0.093129
-0.093312
-0.093183
-0.090683
-0.092200
-0.093147
-0.090558
-0.092703
-0.093526
-0.092650
-0.093793
-0.093634
-0.093529
-0.093954
-0.093822
-0.093908
-0.093959
-0.094157
-0.094219
-0.094130
-0.093991
-0.094102
-0.094123
-0.094111
-0.094279
-0.094334
-0.094193
-0.094509
-0.094472
-0.094674
-0.094512
-0.093289
-0.094404
-0.093538
-0.094062
-0.093915
-0.094061
-0.094348
-0.094203
-0.094270
-0.094370
-0.094255
-0.094372
-0.094318
-0.094333
-0.094341
-0.094295
-0.094338
-0.094439
-0.094349
-0.094397
-0.094442
-0.094397
-0.094402
-0.094518
-0.094424
-0.094463
-0.094389
-0.094117
-0.094343
-0.094054
-0.094118
-0.094244
-0.094386
-0.094376
-0.094347
-0.094329
-0.094219
-0.094216
-0.094293
-0.094313
-0.094385
-0.094361
-0.094393
-0.094432
-0.094400
-0.094360
0.131569
0.031341
-0.053893
-0.050149
-0.092755
-0.088025
-0.092058
-0.093401
-0.091110
-0.091015
-0.093579
-0.092866
-0.094037
-0.093742
-0.093565
-0.093856
-0.093645
-0.093491
-0.093557
-0.094100
-0.093660
-0.094521
-0.093582
-0.093267
-0.092522
-0.092501
-0.091022
-0.093141
-0.093575
-0.091303
-0.092096
-0.092757
-0.093267
-0.094311
-0.094212
-0.093895
-0.094427
-0.094147
-0.094188
-0.094616
-0.094181
-0.094228
-0.094515
-0.094219
-0.094382
-0.094393
-0.094246
-0.094402
-0.094438
-0.094135
-0.094480
-0.094252
-0.094421
-0.094218
-0.093921
-0.094467
-0.093912
-0.094549
-0.093792
-0.094271
-0.094581
-0.094359
-0.094472
-0.094565
-0.094342
-0.094515
-0.094494
-0.094423
-0.094586
-0.094466
-0.094431
-0.094580
-0.094408
-0.094481
-0.094597
-0.094466
-0.094481
-0.094563
-0.094357
-0.094624
-0.094522
-0.094490
-0.094454
-0.094304
-0.094468
-0.094262
-0.094545
-0.094564
-0.094416
-0.094580
-0.094393
-0.094357
-0.094594
-0.094474
-0.094642
-0.094497
-0.094438
-0.094563
-0.094501
-0.094486
0.036196
0.371962
0.120718
-0.006154
-0.044817
-0.077577
-0.081840
-0.088873
-0.087101
-0.088274
-0.090464
-0.088573
-0.090499
-0.090954
-0.089752
-0.091946
-0.090989
-0.090681
-0.092809
-0.090706
-0.091397
-0.092237
-0.089849
-0.092224
-0.091052
-0.083546
-0.085637
-0.087303
-0.092079
-0.084224
-0.080329
-0.093027
-0.088619
-0.091395
-0.092001
-0.090939
-0.092408
-0.092134
-0.091743
-0.092924
-0.092224
-0.092285
-0.093146
-0.092330
-0.092739
-0.093214
-0.092406
-0.093187
-0.093168
-0.092553
-0.094257
-0.093608
-0.093099
-0.091211
-0.091891
-0.092983
-0.091252
-0.092821
-0.091960
-0.091908
-0.093866
-0.092943
-0.093196
-0.093652
-0.093065
-0.093472
-0.093355
-0.093149
-0.093687
-0.093429
-0.093314
-0.093762
-0.093387
-0.093444
-0.093848
-0.093335
-0.093642
-0.093881
-0.093234
-0.093384
-0.093622
-0.093908
-0.093179
-0.093270
-0.093428
-0.092115
-0.093351
-0.093983
-0.092998
-0.093454
-0.093203
-0.093069
-0.093347
-0.093103
-0.093845
-0.093529
-0.093350
-0.093752
-0.093480
-0.093434
0.012006
0.225579
0.093628
-0.030716
-0.086157
-0.082327
-0.087353
-0.089518
-0.089059
-0.090200
-0.090994
-0.090403
-0.091479
-0.091654
-0.091234
-0.092228
-0.091993
-0.091715
-0.092714
-0.092050
-0.091826
-0.092891
-0.091353
-0.091502
-0.090223
-0.090150
-0.082768
-0.090609
-0.089680
-0.084719
-0.092320
-0.091266
-0.091598
-0.093807
-0.093214
-0.093134
-0.093816
-0.093409
-0.093416
-0.093841
-0.093479
-0.093590
-0.093873
-0.093518
-0.093723
-0.093886
-0.093521
-0.093838
-0.093877
-0.093446
-0.094082
-0.094204
-0.094214
-0.092702
-0.092226
-0.094097
-0.092134
-0.093441
-0.092942
-0.093624
-0.094249
-0.093765
-0.093986
-0.094104
-0.093734
-0.094061
-0.094025
-0.093956
-0.094113
-0.094007
-0.093968
-0.094131
-0.093986
-0.093992
-0.094175
-0.093954
-0.094028
-0.094277
-0.093913
-0.093983
-0.094085
-0.093489
-0.093988
-0.093115
-0.093982
-0.093935
-0.094333
-0.094195
-0.094102
-0.094262
-0.093761
-0.093696
-0.094206
-0.094169
-0.094194
-0.094022
-0.094061
-0.094169
-0.094055
-0.094062
-0.038710
1.745286
0.083525
-0.029671
-0.052020
-0.070067
-0.072047
-0.080264
-0.078021
-0.081113
-0.085126
-0.082329
-0.086032
-0.087036
-0.085050
-0.089273
-0.087697
-0.087199
-0.091405
-0.087848
-0.089533
-0.091127
-0.087317
-0.093147
-0.078844
-0.088182
-0.066628
-0.064287
-0.069525
-0.057907
-0.075586
-0.084717
-0.084145
-0.087036
-0.088614
-0.086882
-0.089542
-0.089078
-0.088528
-0.090643
-0.089540
-0.089623
-0.091205
-0.089781
-0.090493
-0.091451
-0.089999
-0.091312
-0.091495
-0.090134
-0.092190
-0.090617
-0.088781
-0.093459
-0.086128
-0.090479
-0.081645
-0.091873
-0.090044
-0.091010
-0.092606
-0.091245
-0.091595
-0.092138
-0.091021
-0.092282
-0.091862
-0.091538
-0.092335
-0.091986
-0.091758
-0.092554
-0.091967
-0.092015
-0.092753
-0.091942
-0.092300
-0.093023
-0.091797
-0.092445
-0.093175
-0.091943
-0.090164
-0.089909
-0.091909
-0.089880
-0.092210
-0.092523
-0.090939
-0.091870
-0.091166
-0.090913
-0.091667
-0.091144
-0.092721
-0.092136
-0.091957
-0.092555
-0.092140
-0.092070
