-2.140660
1.672656
2.484681
-6.445532
-0.107011
-0.107008
0.105173
0.887403
2.634476
-3.382464
-0.107008
-0.107003
1.449144
1.644054
5.641835
-3.605259
-0.107012
-0.107004
-0.191040
1.901619
9.766780
-5.175726
-0.107005
-0.106990
-0.105470
4.369224
7.717273
-11.711179
-0.107009
-0.107010
-0.117345
1.216596
2.939092
-3.983676
-0.107011
-0.107006
10.418960
-0.104146
10.422265
10.413572
-0.107010
-0.107013
7.285448
2.328784
12.002361
4.279721
-0.107007
-0.107012
1.924743
0.408311
0.580011
0.482341
0.067636
-0.024119
0.154771
0.166799
0.185800
0.060170
0.116099
0.102610
0.014187
0.031520
-0.012110
-0.059043
-0.004708
-0.057969
-0.047443
-0.050753
-0.045729
-0.090704
-0.056818
-0.031227
-0.076872
-0.016526
-0.089280
-0.046313
-0.071575
-0.082217
-0.076417
-0.086385
-0.082602
-0.086325
-0.081208
-0.097633
-0.085440
-0.092637
-0.083535
-0.072613
-0.077658
-0.089586
-0.085261
-0.085357
-0.086590
-0.098744
-0.104466
-0.093046
-0.096334
-0.100379
-0.102354
-0.104908
-0.098251
-0.095975
-0.102000
-0.102802
-0.101414
-0.095892
-0.094721
-0.096605
-0.095331
-0.098328
-0.097291
-0.096490
-0.098776
-0.103632
-0.101152
-0.103961
-0.101205
-0.101818
-0.103864
-0.106551
-0.101526
-0.101554
-0.103302
-0.098974
-0.104823
-0.098179
-0.104382
-0.102552
-0.103271
-0.104063
-0.104124
-0.105404
-0.104249
-0.104397
-0.103065
-0.104096
-0.102814
-0.099844
-0.103683
-0.104415
-0.102815
-0.103393
-0.101093
-0.106540
-0.105325
-0.103397
-0.103884
-0.105129
0.106015
0.097429
0.063002
0.029383
0.132364
0.054402
0.247326
0.145229
0.011707
-0.028349
-0.004608
0.067766
-0.019023
0.008279
-0.018347
-0.058793
-0.045140
-0.010088
-0.086389
-0.047208
-0.077110
-0.064421
-0.074248
-0.075409
-0.072360
-0.068026
-0.074260
-0.077519
-0.086957
-0.081940
-0.088402
-0.076031
-0.102674
-0.074155
-0.089046
-0.081496
-0.084369
-0.088794
-0.092037
-0.072108
-0.091074
-0.094380
-0.100103
-0.087513
-0.078782
-0.094826
-0.090595
-0.102369
-0.101819
-0.103313
-0.105199
-0.105238
-0.105207
-0.101746
-0.100790
-0.101966
-0.090347
-0.095326
-0.095245
-0.101943
-0.103280
-0.094815
-0.100889
-0.093809
-0.101205
-0.103354
-0.101226
-0.096521
-0.104562
-0.102316
-0.103894
-0.099894
-0.103440
-0.101872
-0.104533
-0.101241
-0.101845
-0.103365
-0.102094
-0.104104
-0.102757
-0.103410
-0.105576
-0.101576
-0.102437
-0.101978
-0.100659
-0.103974
-0.101407
-0.101022
-0.102232
-0.105024
-0.105948
-0.100514
-0.101417
-0.101834
-0.102860
-0.104632
-0.104738
-0.105477
1.452227
0.418783
0.385624
0.463481
0.294164
0.419375
0.188391
0.049000
0.072263
-0.040102
0.011564
0.022336
-0.049154
-0.045627
-0.011512
-0.086308
0.000732
-0.040504
-0.033678
-0.049832
-0.057346
-0.049761
-0.059679
-0.066821
-0.062643
-0.099455
-0.064503
-0.086669
-0.074069
-0.073624
-0.085522
-0.080456
-0.084418
-0.087003
-0.075242
-0.099678
-0.085114
-0.099771
-0.094984
-0.086856
-0.095319
-0.102418
-0.095076
-0.095216
-0.089233
-0.089119
-0.092477
-0.091265
-0.097521
-0.101983
-0.105048
-0.103141
-0.102568
-0.099695
-0.097283
-0.093466
-0.096706
-0.100324
-0.098137
-0.102527
-0.103021
-0.100944
-0.103379
-0.101235
-0.103257
-0.106099
-0.098609
-0.104163
-0.101178
-0.102888
-0.104217
-0.101668
-0.103639
-0.103910
-0.101678
-0.105219
-0.103045
-0.104638
-0.103903
-0.102928
-0.102683
-0.105154
-0.103139
-0.103138
-0.103837
-0.104240
-0.104423
-0.106053
-0.104208
-0.105467
-0.105778
-0.105857
-0.104872
-0.106175
-0.103943
-0.102153
-0.103850
-0.101897
-0.104755
-0.105638
-0.024426
0.311018
0.594028
0.138472
0.126353
0.114928
0.300453
0.246035
0.086965
0.226247
0.108460
0.049520
0.150479
0.065499
0.207895
0.177483
0.116099
0.169043
0.091341
0.055450
0.058806
0.023518
0.034153
0.016839
0.004904
0.009099
-0.013999
-0.008983
-0.013273
-0.027393
-0.023192
-0.038753
-0.027006
-0.018871
-0.040793
-0.024346
-0.035952
-0.065352
-0.055545
-0.082005
-0.079105
-0.074922
-0.088968
-0.074878
-0.078948
-0.104523
-0.102084
-0.095730
-0.092622
-0.102078
-0.106231
-0.105796
-0.100654
-0.102477
-0.097234
-0.097273
-0.094080
-0.096119
-0.095163
-0.089067
-0.096209
-0.096971
-0.093947
-0.096162
-0.085456
-0.088366
-0.088139
-0.084117
-0.090316
-0.091252
-0.091402
-0.094139
-0.092849
-0.093708
-0.093909
-0.093528
-0.095560
-0.094590
-0.094614
-0.095812
-0.095676
-0.096999
-0.095126
-0.094037
-0.094668
-0.092602
-0.094862
-0.097473
-0.097531
-0.102586
-0.100977
-0.099401
-0.101192
-0.099587
-0.101028
-0.106030
-0.106694
-0.104033
-0.103371
-0.106091
-0.095836
2.067035
0.920523
1.037695
0.025641
0.663080
0.925198
0.435699
0.528061
0.291455
0.184497
0.266040
0.063346
0.052011
0.061920
-0.030787
-0.031535
-0.037713
-0.054343
-0.062556
-0.061248
-0.057212
-0.085230
-0.063667
-0.088880
-0.085251
-0.086897
-0.089717
-0.080102
-0.092442
-0.078442
-0.096582
-0.095908
-0.078419
-0.101001
-0.086707
-0.087193
-0.089260
-0.077984
-0.074875
-0.082088
-0.082198
-0.071984
-0.077146
-0.069715
-0.075739
-0.097931
-0.089060
-0.102011
-0.097698
-0.100642
-0.095534
-0.104133
-0.098325
-0.098906
-0.088522
-0.095051
-0.088921
-0.087104
-0.094061
-0.092457
-0.099959
-0.097855
-0.095839
-0.098645
-0.102417
-0.106708
-0.098445
-0.104540
-0.102233
-0.101896
-0.105157
-0.100475
-0.105812
-0.102234
-0.102830
-0.103498
-0.101904
-0.105060
-0.100888
-0.104723
-0.102599
-0.101814
-0.105179
-0.101983
-0.104156
-0.101294
-0.102276
-0.102467
-0.099964
-0.105425
-0.099775
-0.102681
-0.101720
-0.096830
-0.105048
-0.101415
-0.102703
-0.102692
-0.102778
-0.096495
0.159150
0.406758
0.171018
-0.097131
0.107553
0.173419
0.148415
0.203692
0.137748
0.043574
0.000926
0.023003
0.006418
0.024982
-0.009611
-0.030875
-0.064440
-0.082674
-0.087292
-0.072401
-0.072229
-0.073423
-0.073366
-0.076755
-0.076712
-0.079020
-0.082761
-0.083675
-0.087744
-0.087959
-0.094682
-0.097436
-0.095771
-0.094184
-0.087937
-0.086079
-0.089795
-0.087761
-0.095529
-0.095636
-0.090401
-0.088961
-0.089079
-0.093738
-0.101187
-0.104136
-0.100879
-0.101981
-0.106059
-0.106772
-0.106034
-0.104707
-0.104757
-0.105092
-0.101797
-0.101929
-0.100908
-0.098636
-0.097223
-0.101093
-0.102654
-0.101979
-0.102660
-0.100344
-0.101809
-0.102984
-0.102809
-0.105376
-0.104487
-0.104431
-0.104145
-0.103464
-0.104483
-0.103478
-0.104142
-0.104035
-0.103674
-0.104795
-0.103994
-0.104612
-0.104917
-0.104597
-0.105633
-0.104486
-0.104610
-0.103594
-0.104143
-0.104227
-0.104614
-0.104986
-0.103979
-0.102644
-0.103575
-0.103307
-0.105584
-0.105691
-0.106129
-0.105965
-0.106538
-2.922553
0.952047
-1.434002
-4.686441
-0.107009
-0.107013
0.156610
0.179287
0.599150
-0.290697
-0.107009
-0.107012
0.133039
0.095089
0.390131
-0.185820
-0.107010
-0.107013
-0.014245
1.435660
1.672277
-3.248995
-0.107012
-0.107010
0.043204
0.556879
1.111545
-1.073236
-0.107009
-0.107012
-0.416380
2.160933
3.827311
-3.286207
-0.107008
-0.107012
6.286841
1.511701
8.760700
3.442444
-0.107009
-0.107012
2.704946
-0.017905
0.627166
-0.032471
-0.056671
-0.098999
-0.095853
-0.100126
-0.095895
-0.097437
-0.100148
-0.101838
-0.103906
-0.104138
-0.101885
-0.102285
-0.104974
-0.106260
-0.104705
-0.105275
-0.105824
-0.103812
-0.093361
-0.067471
-0.089389
-0.100005
-0.101525
-0.075529
-0.096379
-0.096990
-0.104258
-0.104641
-0.104859
-0.104762
-0.105692
-0.105950
-0.105665
-0.105102
-0.105835
-0.106720
-0.106457
-0.105904
-0.106123
-0.106588
-0.106569
-0.106620
-0.106441
-0.103721
-0.101340
-0.099990
-0.105095
-0.105748
-0.101911
-0.101207
-0.103493
-0.106050
-0.106065
-0.106077
-0.106244
-0.106297
-0.106196
-0.106310
-0.106263
-0.106524
-0.106567
-0.106548
-0.106411
-0.106627
-0.106801
-0.106660
-0.106655
-0.106586
-0.106081
-0.105921
-0.103358
-0.106675
-0.106666
-0.106075
-0.103622
-0.105734
-0.106658
-0.106683
-0.106648
-0.106725
-0.106677
-0.106670
-0.106820
-0.106813
-0.106816
-0.106789
-0.106903
-0.106894
-0.106925
-0.106865
-0.106857
-0.106656
-0.106769
-0.105800
-0.106828
-0.105275
0.156552
0.087949
-0.058745
-0.089945
-0.103096
-0.103262
-0.104345
-0.105333
-0.105533
-0.104595
-0.104906
-0.105271
-0.105535
-0.105668
-0.105809
-0.105232
-0.105862
-0.106757
-0.106043
-0.106109
-0.106251
-0.106252
-0.104795
-0.104917
-0.100882
-0.106114
-0.103241
-0.103546
-0.106577
-0.106225
-0.106601
-0.106855
-0.106794
-0.106689
-0.106872
-0.106962
-0.106671
-0.106737
-0.106769
-0.106865
-0.106734
-0.106928
-0.106910
-0.106829
-0.106901
-0.106928
-0.106843
-0.106607
-0.106748
-0.105792
-0.106386
-0.106522
-0.105856
-0.106815
-0.106640
-0.106825
-0.106872
-0.106864
-0.106859
-0.106973
-0.106907
-0.106843
-0.106885
-0.106927
-0.106951
-0.106909
-0.106933
-0.106913
-0.106934
-0.106985
-0.106957
-0.106929
-0.106933
-0.106843
-0.106645
-0.106477
-0.106926
-0.106405
-0.106832
-0.106791
-0.106894
-0.106903
-0.106906
-0.106903
-0.106937
-0.106902
-0.106902
-0.106927
-0.106949
-0.106940
-0.106917
-0.106920
-0.106914
-0.106936
-0.106935
-0.106926
-0.106890
-0.106926
-0.106681
-0.106898
0.132228
0.030336
-0.081657
-0.079633
-0.101616
-0.103282
-0.105381
-0.104733
-0.104276
-0.105011
-0.105060
-0.106290
-0.105351
-0.105465
-0.106507
-0.105827
-0.105902
-0.106006
-0.105988
-0.106409
-0.106199
-0.106802
-0.104172
-0.104937
-0.103336
-0.105461
-0.103524
-0.105629
-0.105274
-0.106043
-0.106641
-0.106868
-0.106752
-0.106723
-0.106688
-0.106644
-0.106933
-0.106706
-0.106855
-0.106821
-0.106879
-0.106712
-0.106757
-0.106882
-0.106826
-0.106836
-0.106856
-0.106392
-0.106579
-0.106514
-0.106226
-0.106256
-0.106589
-0.106678
-0.106520
-0.106864
-0.106868
-0.106856
-0.106944
-0.106825
-0.106811
-0.106910
-0.106862
-0.106924
-0.106831
-0.106907
-0.106830
-0.106844
-0.106942
-0.106858
-0.106877
-0.106868
-0.106804
-0.106891
-0.106843
-0.106563
-0.106777
-0.106738
-0.106783
-0.106699
-0.106896
-0.106857
-0.106863
-0.106873
-0.106860
-0.106849
-0.106868
-0.106866
-0.106868
-0.106842
-0.106872
-0.106867
-0.106855
-0.106881
-0.106856
-0.106881
-0.106841
-0.106842
-0.106830
-0.106828
-0.020373
0.781396
0.439094
0.176329
-0.044463
-0.052831
-0.067325
-0.071071
-0.076014
-0.079303
-0.082194
-0.084572
-0.086479
-0.088126
-0.089528
-0.090812
-0.091781
-0.092842
-0.093265
-0.094148
-0.094447
-0.098347
-0.075645
-0.079110
-0.099595
-0.087168
-0.075523
-0.085096
-0.093962
-0.096595
-0.102941
-0.102804
-0.102206
-0.102128
-0.102232
-0.102297
-0.102420
-0.102509
-0.102623
-0.102739
-0.102880
-0.102989
-0.103141
-0.103244
-0.103451
-0.103925
-0.104609
-0.101606
-0.102388
-0.102294
-0.097890
-0.098729
-0.103456
-0.102155
-0.101418
-0.104107
-0.103777
-0.103717
-0.103734
-0.103810
-0.103847
-0.103902
-0.103943
-0.103991
-0.104040
-0.104094
-0.104143
-0.104202
-0.104276
-0.104349
-0.104581
-0.104448
-0.104615
-0.103064
-0.102266
-0.101742
-0.103638
-0.104059
-0.102727
-0.102734
-0.104323
-0.104045
-0.104099
-0.104117
-0.104162
-0.104179
-0.104203
-0.104219
-0.104235
-0.104250
-0.104262
-0.104276
-0.104280
-0.104307
-0.104272
-0.104475
-0.103685
-0.103579
-0.102967
-0.103528
0.042900
0.279438
0.145076
-0.036740
-0.093757
-0.096343
-0.097736
-0.100068
-0.100912
-0.102311
-0.102773
-0.103292
-0.103693
-0.103998
-0.104322
-0.104702
-0.104926
-0.105115
-0.105650
-0.105863
-0.106688
-0.106677
-0.102399
-0.098822
-0.088923
-0.104830
-0.102929
-0.090170
-0.101843
-0.105276
-0.104855
-0.104858
-0.105060
-0.105152
-0.105288
-0.105328
-0.105407
-0.105458
-0.105504
-0.105563
-0.105627
-0.105662
-0.105727
-0.105780
-0.105827
-0.105878
-0.105957
-0.106520
-0.105815
-0.101464
-0.105935
-0.105993
-0.102095
-0.106027
-0.106517
-0.106100
-0.106074
-0.106060
-0.106058
-0.106053
-0.106049
-0.106058
-0.106058
-0.106062
-0.106070
-0.106078
-0.106079
-0.106091
-0.106080
-0.106085
-0.106074
-0.106058
-0.106025
-0.105820
-0.104520
-0.106664
-0.106310
-0.105178
-0.106674
-0.106448
-0.106378
-0.106367
-0.106316
-0.106309
-0.106289
-0.106288
-0.106285
-0.106280
-0.106278
-0.106277
-0.106277
-0.106272
-0.106277
-0.106263
-0.106281
-0.106273
-0.106195
-0.106086
-0.106474
-0.106106
0.182626
1.484378
0.100828
0.012696
-0.064882
-0.085906
-0.091922
-0.095349
-0.098160
-0.099537
-0.100625
-0.101702
-0.102501
-0.103301
-0.103910
-0.104541
-0.104999
-0.105331
-0.106037
-0.106792
-0.106247
-0.103654
-0.097503
-0.098100
-0.079453
-0.077792
-0.057153
-0.099720
-0.099459
-0.104169
-0.105029
-0.104828
-0.104961
-0.105095
-0.105149
-0.105282
-0.105417
-0.105513
-0.105615
-0.105687
-0.105768
-0.105828
-0.105911
-0.106032
-0.106106
-0.106248
-0.106327
-0.105611
-0.106204
-0.105616
-0.095577
-0.096175
-0.105039
-0.105603
-0.106720
-0.106679
-0.106435
-0.106408
-0.106373
-0.106349
-0.106362
-0.106369
-0.106368
-0.106372
-0.106370
-0.106375
-0.106377
-0.106388
-0.106401
-0.106393
-0.106395
-0.106420
-0.106259
-0.105600
-0.105802
-0.101911
-0.104302
-0.104432
-0.106095
-0.106507
-0.106587
-0.106593
-0.106608
-0.106594
-0.106588
-0.106591
-0.106584
-0.106576
-0.106572
-0.106568
-0.106567
-0.106563
-0.106559
-0.106553
-0.106527
-0.106484
-0.106485
-0.106202
-0.104728
-0.106329
