-2.034597
2.038960
2.521145
-13.467971
-0.094468
-0.094434
0.117464
1.524387
8.035433
-9.589743
-0.094464
-0.094419
1.449433
1.265571
4.921209
-2.572467
-0.094463
-0.094456
-0.063472
1.556136
5.542993
-4.235929
-0.094461
-0.094457
-0.042646
3.483382
6.445852
-8.850249
-0.094461
-0.094462
-0.113383
1.312866
2.990981
-3.863185
-0.094462
-0.094459
9.197802
-0.092351
9.201191
9.194531
-0.094461
-0.094464
6.920159
2.665219
12.651267
3.625743
-0.094460
-0.094463
1.839535
0.474003
0.471836
0.288925
0.053400
0.244491
0.148222
0.423611
0.200380
0.227237
0.299398
0.149412
0.228010
0.243439
0.157133
0.095544
0.178436
0.051926
0.103599
0.090491
0.033843
0.038463
0.033890
-0.034758
-0.034957
-0.017262
-0.056129
-0.059724
-0.059868
-0.038238
-0.066579
-0.037189
-0.025912
-0.042333
-0.037249
-0.026022
-0.052771
-0.042263
-0.036129
-0.055499
-0.036775
-0.031255
-0.063436
-0.045209
-0.061894
-0.067223
-0.063496
-0.073539
-0.081105
-0.089362
-0.086691
-0.086339
-0.081482
-0.090687
-0.093817
-0.087742
-0.082979
-0.091088
-0.078509
-0.091128
-0.074593
-0.081417
-0.082073
-0.074692
-0.082257
-0.074738
-0.079436
-0.069523
-0.082918
-0.077299
-0.077206
-0.087111
-0.077192
-0.085166
-0.085874
-0.083055
-0.085682
-0.092531
-0.092213
-0.085437
-0.088960
-0.088310
-0.089305
-0.083551
-0.090874
-0.081597
-0.086375
-0.086739
-0.082025
-0.087429
-0.084829
-0.085279
-0.083198
-0.084386
-0.085241
-0.086547
-0.090159
-0.087107
-0.091859
-0.091423
0.114809
0.157547
0.059416
-0.048093
-0.036047
0.028764
-0.003098
0.073125
0.074252
0.007132
-0.010078
0.028844
0.083620
0.132923
0.145080
0.127933
0.160155
0.161981
0.148933
0.131544
0.154459
0.144970
0.152011
0.159526
0.139764
0.135232
0.131637
0.121822
0.098214
0.080143
0.067607
0.052386
0.041310
0.029391
0.015773
-0.000742
-0.006684
-0.009114
-0.029654
-0.032259
-0.043148
-0.057568
-0.070847
-0.079180
-0.087144
-0.080483
-0.076815
-0.088402
-0.089894
-0.090390
-0.091581
-0.090869
-0.092145
-0.093036
-0.089866
-0.092367
-0.091554
-0.091289
-0.090108
-0.087546
-0.090167
-0.083008
-0.083692
-0.087780
-0.085108
-0.081014
-0.074941
-0.074397
-0.071152
-0.069897
-0.066564
-0.065086
-0.068675
-0.063809
-0.064381
-0.061485
-0.060384
-0.061757
-0.062376
-0.063683
-0.062159
-0.066747
-0.066805
-0.070695
-0.070590
-0.068788
-0.073756
-0.073327
-0.078681
-0.078976
-0.078949
-0.081776
-0.081543
-0.084880
-0.085092
-0.090401
-0.090060
-0.093408
-0.093430
-0.090459
1.452905
0.286236
0.271583
0.327092
0.234747
0.178718
0.215799
0.105666
-0.041379
0.193965
0.012169
-0.025347
0.012637
-0.022710
-0.043966
-0.002971
-0.049323
-0.037019
-0.040353
-0.077598
-0.061082
-0.087048
-0.080300
-0.077098
-0.085590
-0.083833
-0.086210
-0.090024
-0.083851
-0.087089
-0.089219
-0.079476
-0.088170
-0.080893
-0.080634
-0.078564
-0.077318
-0.082479
-0.084031
-0.081107
-0.092808
-0.081340
-0.081375
-0.089383
-0.067364
-0.082537
-0.080975
-0.079605
-0.076135
-0.087537
-0.083856
-0.089074
-0.090375
-0.090244
-0.092497
-0.086541
-0.090259
-0.085146
-0.089273
-0.088663
-0.083816
-0.088948
-0.080645
-0.088201
-0.086431
-0.088111
-0.086497
-0.089529
-0.090833
-0.088062
-0.090492
-0.089062
-0.091410
-0.093277
-0.091511
-0.092533
-0.091067
-0.092722
-0.091543
-0.090997
-0.092686
-0.090802
-0.093373
-0.092736
-0.089503
-0.093436
-0.089385
-0.092184
-0.091369
-0.090451
-0.090436
-0.091170
-0.092820
-0.090526
-0.092406
-0.089100
-0.091779
-0.091923
-0.088194
-0.090246
-0.063589
0.218918
0.615350
0.391254
0.028999
0.058743
0.000674
0.192227
0.194243
0.105997
0.023841
0.027513
0.095231
0.142726
0.101447
0.066990
0.058039
0.039710
-0.012064
-0.032225
-0.038954
-0.049937
-0.056766
-0.065623
-0.076324
-0.080756
-0.075849
-0.080472
-0.075826
-0.085188
-0.076071
-0.072310
-0.067988
-0.067441
-0.067364
-0.066635
-0.058155
-0.051919
-0.056872
-0.056210
-0.055180
-0.062573
-0.073102
-0.082858
-0.080188
-0.071575
-0.065520
-0.080637
-0.088616
-0.089165
-0.084568
-0.084074
-0.089058
-0.090176
-0.093837
-0.085936
-0.084446
-0.090094
-0.091356
-0.092286
-0.089076
-0.081334
-0.080227
-0.085623
-0.087380
-0.084610
-0.079905
-0.081851
-0.083319
-0.084710
-0.084440
-0.087353
-0.090004
-0.090132
-0.091282
-0.090834
-0.092435
-0.092581
-0.093770
-0.092161
-0.091559
-0.090347
-0.091333
-0.090880
-0.090033
-0.087480
-0.089154
-0.090800
-0.090059
-0.091196
-0.087252
-0.087663
-0.088478
-0.088860
-0.087474
-0.088718
-0.092941
-0.090946
-0.090997
-0.088428
-0.038756
1.656852
0.892445
0.819332
0.281616
0.283349
0.607213
0.510043
0.161636
0.219445
0.188163
-0.002610
0.105300
0.035455
-0.000231
-0.018709
-0.021742
-0.039799
-0.051553
-0.046804
-0.045334
-0.060626
-0.054185
-0.057594
-0.075961
-0.065495
-0.074404
-0.081084
-0.073406
-0.083515
-0.081731
-0.080237
-0.084866
-0.086064
-0.083874
-0.085861
-0.087165
-0.082053
-0.083804
-0.079138
-0.073786
-0.066993
-0.076495
-0.072473
-0.071302
-0.076602
-0.073867
-0.073730
-0.080671
-0.087871
-0.086336
-0.083522
-0.090100
-0.093139
-0.081398
-0.088616
-0.083265
-0.086363
-0.089862
-0.081545
-0.080232
-0.091099
-0.090008
-0.086847
-0.091127
-0.088790
-0.088542
-0.087735
-0.088571
-0.089289
-0.090407
-0.090640
-0.091232
-0.090655
-0.091469
-0.091752
-0.091327
-0.092776
-0.092129
-0.091845
-0.092695
-0.092134
-0.092707
-0.093060
-0.092318
-0.093150
-0.093028
-0.091069
-0.091263
-0.092564
-0.090849
-0.091209
-0.091948
-0.088297
-0.090971
-0.089974
-0.089499
-0.091422
-0.090256
-0.089963
-0.075250
0.172627
0.540984
0.491683
0.115781
-0.007762
-0.065665
0.110227
0.086796
-0.042055
-0.049668
0.004178
-0.032264
-0.029064
-0.030699
-0.030725
-0.044647
-0.056661
-0.065012
-0.067405
-0.074827
-0.074690
-0.078704
-0.086798
-0.086479
-0.088564
-0.091824
-0.091336
-0.092012
-0.088691
-0.089809
-0.086804
-0.085756
-0.086593
-0.084894
-0.085019
-0.083543
-0.083142
-0.081769
-0.083808
-0.083723
-0.085053
-0.085608
-0.089182
-0.092651
-0.087652
-0.086427
-0.089027
-0.091634
-0.089912
-0.087333
-0.089626
-0.090035
-0.092201
-0.092512
-0.090479
-0.087362
-0.091628
-0.091744
-0.092714
-0.089324
-0.088656
-0.091511
-0.094090
-0.091170
-0.091830
-0.091814
-0.090780
-0.091717
-0.091401
-0.092372
-0.092502
-0.092798
-0.093147
-0.092902
-0.093819
-0.093446
-0.094380
-0.093816
-0.094018
-0.093930
-0.093751
-0.093350
-0.093597
-0.093218
-0.093281
-0.092181
-0.092851
-0.092847
-0.092181
-0.094000
-0.092408
-0.093190
-0.092986
-0.093755
-0.094050
-0.092818
-0.092886
-0.094319
-0.093359
-2.597469
0.781305
-1.302260
-4.173087
-0.094462
-0.094464
0.224720
0.242426
0.822726
-0.233163
-0.094460
-0.094464
0.118828
0.087183
0.364133
-0.187014
-0.094462
-0.094464
-0.155975
1.070595
1.680193
-2.031998
-0.094461
-0.094464
0.062417
0.350764
0.799657
-0.746988
-0.094461
-0.094463
-0.162488
2.599564
3.957733
-4.077376
-0.094461
-0.094465
5.706744
1.305440
7.655473
2.933214
-0.094462
-0.094463
2.404381
-0.053041
0.506988
0.017214
-0.029237
-0.085775
-0.091512
-0.092962
-0.090118
-0.089646
-0.092691
-0.091410
-0.092425
-0.092070
-0.091631
-0.093123
-0.092312
-0.092373
-0.091276
-0.092844
-0.092309
-0.092193
-0.092293
-0.088469
-0.088019
-0.059139
-0.086493
-0.091149
-0.092081
-0.066664
-0.080983
-0.087825
-0.093494
-0.091067
-0.090369
-0.090854
-0.091753
-0.092713
-0.091352
-0.091151
-0.091495
-0.092441
-0.092617
-0.091562
-0.091466
-0.091713
-0.092753
-0.092439
-0.091168
-0.091068
-0.091540
-0.093937
-0.086520
-0.090920
-0.092021
-0.093251
-0.088022
-0.090020
-0.093204
-0.092674
-0.091604
-0.091487
-0.092116
-0.092497
-0.092230
-0.091875
-0.091905
-0.092226
-0.092344
-0.092318
-0.091974
-0.092065
-0.092316
-0.092353
-0.091811
-0.091278
-0.091655
-0.091511
-0.092149
-0.092219
-0.092716
-0.092569
-0.091682
-0.093318
-0.093399
-0.093245
-0.092333
-0.092031
-0.092263
-0.092980
-0.092851
-0.091662
-0.092709
-0.092882
-0.093143
-0.091798
-0.092305
-0.092620
-0.092222
-0.092269
0.223683
0.135724
-0.056430
-0.053980
-0.079786
-0.083233
-0.090648
-0.093077
-0.093527
-0.092178
-0.092996
-0.093650
-0.092944
-0.092824
-0.092670
-0.093783
-0.093636
-0.093808
-0.092986
-0.093566
-0.093724
-0.093748
-0.093634
-0.092372
-0.090533
-0.091840
-0.087948
-0.093941
-0.089882
-0.092815
-0.091598
-0.092580
-0.093195
-0.094031
-0.094214
-0.093839
-0.094064
-0.094172
-0.094335
-0.093819
-0.093968
-0.094186
-0.094199
-0.094135
-0.094030
-0.094091
-0.094261
-0.094402
-0.093937
-0.094143
-0.093761
-0.093468
-0.093755
-0.093217
-0.093941
-0.093560
-0.093823
-0.093671
-0.093881
-0.094321
-0.094335
-0.094150
-0.094132
-0.094331
-0.094365
-0.094247
-0.094117
-0.094219
-0.094320
-0.094223
-0.094243
-0.094236
-0.094378
-0.094312
-0.094216
-0.094087
-0.094190
-0.094339
-0.094257
-0.094269
-0.093847
-0.094098
-0.093918
-0.094026
-0.094285
-0.094407
-0.094205
-0.094165
-0.094232
-0.094332
-0.094296
-0.094231
-0.094295
-0.094041
-0.094383
-0.094286
-0.094252
-0.094338
-0.094351
-0.094225
0.118032
0.023761
-0.052608
-0.070078
-0.091115
-0.088480
-0.090490
-0.091061
-0.091739
-0.092997
-0.092850
-0.093554
-0.092722
-0.092367
-0.092403
-0.092154
-0.093896
-0.093209
-0.093548
-0.093515
-0.093778
-0.093964
-0.093380
-0.092706
-0.091915
-0.092528
-0.091036
-0.093377
-0.092147
-0.092835
-0.092483
-0.093646
-0.094043
-0.094121
-0.094020
-0.093973
-0.093937
-0.094133
-0.093929
-0.094242
-0.094192
-0.094305
-0.094135
-0.094124
-0.094089
-0.094064
-0.094190
-0.094281
-0.094202
-0.094265
-0.093930
-0.093578
-0.094127
-0.093962
-0.094039
-0.093720
-0.094269
-0.093932
-0.094080
-0.094300
-0.094263
-0.094232
-0.094260
-0.094272
-0.094302
-0.094191
-0.094208
-0.094267
-0.094214
-0.094292
-0.094252
-0.094298
-0.094294
-0.094302
-0.094237
-0.094181
-0.094250
-0.094452
-0.094173
-0.094093
-0.094278
-0.094411
-0.094008
-0.094134
-0.094392
-0.094374
-0.094285
-0.094241
-0.094271
-0.094291
-0.094271
-0.094326
-0.094294
-0.094209
-0.094272
-0.094332
-0.094214
-0.094282
-0.094295
-0.094288
-0.028648
0.693181
0.062402
0.063768
-0.033767
-0.054408
-0.082229
-0.086844
-0.087122
-0.087374
-0.090080
-0.092298
-0.091609
-0.090469
-0.090966
-0.092666
-0.093728
-0.091933
-0.091538
-0.092150
-0.093650
-0.091110
-0.091544
-0.085685
-0.080721
-0.089441
-0.073160
-0.092861
-0.078336
-0.084531
-0.084982
-0.088096
-0.089394
-0.093103
-0.093079
-0.092155
-0.092204
-0.093193
-0.093852
-0.093121
-0.092634
-0.093002
-0.093809
-0.093705
-0.092946
-0.092836
-0.093330
-0.094292
-0.092886
-0.093005
-0.091140
-0.091442
-0.093334
-0.090645
-0.093240
-0.091173
-0.090860
-0.092745
-0.093062
-0.093481
-0.093921
-0.093717
-0.093750
-0.094000
-0.094377
-0.093932
-0.093865
-0.093922
-0.094219
-0.093999
-0.093910
-0.093878
-0.094145
-0.094371
-0.093930
-0.093534
-0.093728
-0.093218
-0.093391
-0.093635
-0.092834
-0.093968
-0.092904
-0.092356
-0.094284
-0.094197
-0.093463
-0.093411
-0.093803
-0.094239
-0.093684
-0.093913
-0.094076
-0.093342
-0.094245
-0.094303
-0.093930
-0.094105
-0.094137
-0.093899
0.062448
0.168888
0.068640
-0.049963
-0.076820
-0.088288
-0.091064
-0.092055
-0.092548
-0.092820
-0.093347
-0.093310
-0.093367
-0.093516
-0.093754
-0.093822
-0.093639
-0.093638
-0.093685
-0.093941
-0.093824
-0.093457
-0.093285
-0.092054
-0.088738
-0.083918
-0.089685
-0.093847
-0.086463
-0.088631
-0.092307
-0.093199
-0.093986
-0.094204
-0.094122
-0.094158
-0.094247
-0.094315
-0.094196
-0.094195
-0.094246
-0.094287
-0.094292
-0.094216
-0.094224
-0.094274
-0.094322
-0.094242
-0.094154
-0.094125
-0.094118
-0.092922
-0.092077
-0.093887
-0.094021
-0.092173
-0.093547
-0.094108
-0.094250
-0.094439
-0.094357
-0.094328
-0.094358
-0.094390
-0.094367
-0.094294
-0.094314
-0.094408
-0.094233
-0.094299
-0.094320
-0.094344
-0.094357
-0.094327
-0.094290
-0.094292
-0.094258
-0.094391
-0.093737
-0.093594
-0.094255
-0.094196
-0.093370
-0.094211
-0.094396
-0.094429
-0.094332
-0.094316
-0.094356
-0.094361
-0.094315
-0.094004
-0.094317
-0.094314
-0.094220
-0.094037
-0.094271
-0.094312
-0.094352
-0.094321
-0.046724
1.806164
0.048535
0.016654
-0.064460
-0.091907
-0.089270
-0.091759
-0.091149
-0.089529
-0.089368
-0.091305
-0.093099
-0.091611
-0.090637
-0.091084
-0.092843
-0.093533
-0.091728
-0.091193
-0.092088
-0.093938
-0.090074
-0.090009
-0.080721
-0.078259
-0.043647
-0.082219
-0.052253
-0.091176
-0.088207
-0.091857
-0.092829
-0.093417
-0.094080
-0.093029
-0.092666
-0.093008
-0.093991
-0.093849
-0.093017
-0.093037
-0.093443
-0.094227
-0.093586
-0.092987
-0.093044
-0.093743
-0.094012
-0.092352
-0.092805
-0.090302
-0.089447
-0.084000
-0.089122
-0.085845
-0.093218
-0.092386
-0.093628
-0.093938
-0.094268
-0.093870
-0.093519
-0.093609
-0.093806
-0.094133
-0.094347
-0.093620
-0.093903
-0.094175
-0.094038
-0.093814
-0.093657
-0.093813
-0.094212
-0.093981
-0.093114
-0.093489
-0.092320
-0.091893
-0.090878
-0.091622
-0.091316
-0.093470
-0.093115
-0.093884
-0.094225
-0.094202
-0.093871
-0.093502
-0.093735
-0.093265
-0.093080
-0.093248
-0.093202
-0.093310
-0.093972
-0.093667
-0.093995
-0.094085
