-2.122810
1.572019
1.037382
-9.540874
-0.100314
-0.100299
0.046486
1.203265
2.979852
-8.358549
-0.100318
-0.100259
1.506012
1.367307
4.303211
-2.309016
-0.100312
-0.100308
-0.150018
1.830590
11.152730
-3.761613
-0.100303
-0.100275
-0.055207
3.845046
7.014086
-9.034501
-0.100310
-0.100311
-0.081378
1.513061
3.534362
-3.903183
-0.100309
-0.100309
10.414565
-0.097661
10.417406
10.409110
-0.100311
-0.100312
6.974280
2.239618
11.458160
3.994402
-0.100308
-0.100313
1.918069
0.437558
0.439183
0.312972
-0.065218
-0.032338
0.247210
0.248080
0.048877
0.121776
0.048461
0.152495
0.151376
-0.014979
-0.008956
0.023641
-0.069050
0.057916
0.022558
-0.015911
0.032889
-0.016608
-0.026076
0.000650
-0.037727
-0.013481
-0.027134
-0.042073
-0.024676
-0.059153
-0.045927
-0.048845
-0.071579
-0.044093
-0.049068
-0.069412
-0.056354
-0.070218
-0.083358
-0.071889
-0.074377
-0.072285
-0.059160
-0.082808
-0.082990
-0.085498
-0.087529
-0.079696
-0.094664
-0.090988
-0.098283
-0.094223
-0.089352
-0.094623
-0.098336
-0.092460
-0.087939
-0.098243
-0.094357
-0.088450
-0.088432
-0.091412
-0.093683
-0.093302
-0.090469
-0.088978
-0.091355
-0.097169
-0.090666
-0.095744
-0.092577
-0.088169
-0.095609
-0.093128
-0.089445
-0.096433
-0.090892
-0.092817
-0.096112
-0.091293
-0.095391
-0.094140
-0.095982
-0.097398
-0.092792
-0.096762
-0.095029
-0.094006
-0.097679
-0.094700
-0.094886
-0.095399
-0.097505
-0.094327
-0.098021
-0.095285
-0.094372
-0.097444
-0.095647
-0.094768
0.046315
0.084757
0.084239
0.038591
0.103190
0.138576
0.148220
0.136004
-0.014329
-0.049202
0.031681
0.079292
0.058376
0.063070
0.094562
0.044734
0.053669
0.084173
0.090146
0.084248
0.088219
0.052925
0.045979
0.029415
0.023281
0.007986
0.017317
0.008298
0.003215
0.006325
-0.002789
0.006543
-0.010609
-0.008772
-0.016139
-0.032317
-0.041376
-0.055107
-0.074367
-0.063551
-0.074612
-0.071568
-0.068702
-0.070055
-0.081251
-0.093638
-0.076117
-0.080870
-0.087200
-0.094235
-0.097265
-0.095811
-0.096020
-0.094782
-0.098666
-0.093256
-0.095899
-0.093501
-0.092107
-0.095405
-0.091968
-0.093068
-0.094978
-0.096476
-0.089379
-0.086155
-0.087027
-0.083742
-0.088657
-0.090992
-0.086777
-0.086699
-0.087316
-0.085111
-0.088347
-0.087098
-0.088283
-0.085437
-0.086558
-0.085973
-0.085807
-0.087761
-0.086492
-0.087007
-0.086320
-0.087772
-0.090525
-0.089628
-0.089223
-0.092599
-0.090423
-0.094760
-0.093902
-0.093828
-0.093206
-0.091734
-0.092495
-0.094178
-0.097076
-0.096701
1.510845
0.387903
0.341161
0.427094
0.169840
0.212175
0.114643
0.020081
0.087254
-0.002241
-0.005577
0.053692
-0.018749
-0.019867
0.036670
-0.092495
-0.021021
-0.032732
-0.068605
-0.055014
-0.080230
-0.079336
-0.097040
-0.076225
-0.091593
-0.093263
-0.080211
-0.084102
-0.092919
-0.098745
-0.085501
-0.095841
-0.077093
-0.092678
-0.087602
-0.078194
-0.084421
-0.084022
-0.093220
-0.082331
-0.084761
-0.092660
-0.085447
-0.078199
-0.092081
-0.081821
-0.093742
-0.096450
-0.082569
-0.096395
-0.089397
-0.093907
-0.093114
-0.096033
-0.098641
-0.093897
-0.090174
-0.095049
-0.091594
-0.096891
-0.093314
-0.093938
-0.093581
-0.097464
-0.096612
-0.089665
-0.094932
-0.094144
-0.095371
-0.094324
-0.095294
-0.098349
-0.097800
-0.095367
-0.098367
-0.097905
-0.097464
-0.097834
-0.096733
-0.099992
-0.098489
-0.096041
-0.098438
-0.098002
-0.098243
-0.098382
-0.098620
-0.097979
-0.099411
-0.099495
-0.096727
-0.098182
-0.098928
-0.099464
-0.095392
-0.095967
-0.098570
-0.098886
-0.097378
-0.096638
-0.052746
0.226868
0.544453
0.214885
0.112223
0.141486
0.117619
0.260177
0.289850
0.187897
0.018569
0.163376
0.185798
0.162281
0.153781
0.135514
0.069380
0.061065
0.082190
0.055394
0.067435
0.063298
0.048741
0.042934
0.044278
0.029944
0.024196
0.015976
0.001806
-0.002132
-0.008382
-0.016791
-0.022490
-0.019642
-0.033486
-0.036756
-0.043794
-0.055646
-0.049820
-0.044064
-0.052814
-0.056924
-0.062110
-0.077806
-0.085682
-0.073018
-0.064170
-0.080253
-0.085127
-0.092484
-0.095714
-0.091814
-0.096074
-0.094701
-0.098219
-0.088712
-0.094919
-0.097380
-0.095166
-0.096504
-0.089949
-0.085704
-0.080904
-0.094866
-0.091616
-0.084170
-0.087028
-0.086022
-0.085852
-0.087946
-0.090081
-0.089546
-0.088665
-0.088435
-0.087793
-0.086228
-0.089733
-0.086919
-0.089138
-0.091340
-0.089068
-0.092636
-0.090556
-0.089037
-0.091366
-0.092394
-0.091985
-0.090566
-0.090976
-0.093036
-0.091651
-0.093866
-0.090219
-0.091622
-0.094199
-0.091112
-0.095179
-0.097225
-0.093977
-0.091735
-0.043310
1.758741
0.883836
1.056332
0.008446
0.587678
0.916551
0.227772
0.219209
0.125733
0.049716
0.178261
0.150004
-0.058284
-0.051416
-0.005210
-0.071580
-0.012860
-0.015959
-0.048167
-0.029802
-0.059950
-0.067824
-0.073781
-0.076250
-0.096756
-0.095503
-0.074445
-0.094706
-0.073940
-0.085410
-0.081205
-0.073772
-0.085603
-0.080648
-0.087568
-0.083167
-0.096758
-0.094300
-0.087262
-0.090227
-0.082526
-0.067837
-0.077806
-0.080504
-0.081851
-0.086851
-0.063905
-0.086030
-0.088826
-0.086947
-0.082322
-0.098155
-0.093723
-0.081490
-0.088717
-0.084076
-0.090312
-0.097578
-0.075183
-0.097085
-0.095520
-0.091711
-0.093036
-0.090658
-0.094260
-0.089566
-0.095670
-0.095809
-0.091575
-0.094417
-0.094263
-0.092006
-0.097364
-0.092717
-0.096959
-0.094628
-0.095281
-0.094388
-0.093285
-0.096834
-0.093965
-0.094231
-0.095075
-0.094510
-0.096429
-0.094921
-0.094528
-0.095445
-0.096337
-0.095402
-0.094104
-0.096881
-0.094796
-0.094202
-0.096138
-0.093120
-0.096815
-0.097669
-0.092537
-0.081192
0.165519
0.666823
0.506381
0.024726
-0.000251
0.130805
0.196808
0.049704
0.032258
-0.023916
-0.004345
0.031825
-0.023885
-0.019505
-0.046832
-0.061454
-0.073003
-0.079240
-0.065981
-0.075641
-0.071475
-0.069349
-0.077007
-0.074400
-0.079738
-0.077536
-0.081408
-0.082950
-0.081508
-0.086405
-0.084563
-0.087706
-0.090175
-0.090225
-0.090195
-0.090262
-0.089508
-0.088418
-0.086885
-0.086770
-0.086267
-0.087531
-0.094462
-0.092386
-0.092592
-0.091509
-0.087830
-0.092780
-0.097449
-0.092767
-0.095406
-0.096578
-0.096336
-0.099668
-0.093199
-0.094702
-0.098180
-0.097623
-0.096104
-0.092341
-0.093580
-0.097948
-0.097349
-0.097935
-0.095995
-0.096780
-0.096764
-0.096927
-0.097798
-0.098216
-0.097954
-0.097543
-0.097817
-0.097535
-0.098223
-0.098050
-0.098240
-0.098850
-0.097959
-0.099337
-0.098525
-0.098423
-0.098908
-0.098503
-0.099468
-0.099186
-0.098885
-0.098708
-0.098752
-0.098998
-0.097670
-0.099564
-0.098158
-0.097466
-0.099086
-0.098796
-0.098482
-0.098930
-0.097043
-2.899750
0.970770
-1.564759
-4.843473
-0.100311
-0.100313
0.229016
0.174035
0.647267
-0.255849
-0.100310
-0.100312
0.015924
0.034608
0.209234
-0.178344
-0.100309
-0.100314
-0.135383
0.934463
0.766287
-2.518510
-0.100313
-0.100309
-0.008986
0.320062
0.537525
-0.788797
-0.100310
-0.100313
-0.193792
2.697245
4.412338
-3.806050
-0.100309
-0.100313
5.971423
1.547156
8.327815
3.033619
-0.100310
-0.100313
2.702218
-0.012300
0.638119
-0.038945
0.005871
-0.094210
-0.096452
-0.096231
-0.096453
-0.095752
-0.096184
-0.098876
-0.097788
-0.094482
-0.097441
-0.098630
-0.095835
-0.097943
-0.098271
-0.096954
-0.097984
-0.095213
-0.095652
-0.085164
-0.099907
-0.059275
-0.092951
-0.097992
-0.096337
-0.068706
-0.093213
-0.091935
-0.098152
-0.098713
-0.099108
-0.098803
-0.098785
-0.099338
-0.099096
-0.099055
-0.099039
-0.099399
-0.099407
-0.098773
-0.099147
-0.099375
-0.098833
-0.098966
-0.098498
-0.098169
-0.095854
-0.099101
-0.092758
-0.098003
-0.098243
-0.099167
-0.093219
-0.098563
-0.098777
-0.099817
-0.100104
-0.100192
-0.100100
-0.100043
-0.100124
-0.099950
-0.100248
-0.100218
-0.100123
-0.099617
-0.100164
-0.100165
-0.100053
-0.100262
-0.100113
-0.099985
-0.099805
-0.098177
-0.099918
-0.097107
-0.099132
-0.099442
-0.099141
-0.096994
-0.098843
-0.099136
-0.099304
-0.099456
-0.099413
-0.099229
-0.099381
-0.099375
-0.099551
-0.099167
-0.099125
-0.099387
-0.099532
-0.099407
-0.099505
-0.099743
0.229038
0.087947
-0.090512
-0.060845
-0.087606
-0.092474
-0.095666
-0.098131
-0.099172
-0.097442
-0.098737
-0.099775
-0.099698
-0.099492
-0.099584
-0.099684
-0.100089
-0.099544
-0.099147
-0.100073
-0.099488
-0.099404
-0.098627
-0.097867
-0.096335
-0.099326
-0.095649
-0.099394
-0.095616
-0.099345
-0.098025
-0.099703
-0.099744
-0.099765
-0.100132
-0.100128
-0.099911
-0.100051
-0.100192
-0.100195
-0.100165
-0.100186
-0.100155
-0.100240
-0.100187
-0.100119
-0.100282
-0.100135
-0.100167
-0.099933
-0.099654
-0.099396
-0.099924
-0.099430
-0.099911
-0.099198
-0.099927
-0.099789
-0.100234
-0.100205
-0.100156
-0.100270
-0.100237
-0.100202
-0.100184
-0.100259
-0.100286
-0.100254
-0.100216
-0.100244
-0.100250
-0.100267
-0.100249
-0.100265
-0.100244
-0.100271
-0.100149
-0.100016
-0.099910
-0.100101
-0.100025
-0.100089
-0.099842
-0.100100
-0.100105
-0.100299
-0.100270
-0.100237
-0.100282
-0.100214
-0.100217
-0.100089
-0.100203
-0.100230
-0.100205
-0.100102
-0.100175
-0.100220
-0.100288
-0.100264
0.015219
-0.014468
-0.075605
-0.068139
-0.094319
-0.097629
-0.098697
-0.099225
-0.098997
-0.099235
-0.098413
-0.099345
-0.099192
-0.099701
-0.099394
-0.099514
-0.099984
-0.099191
-0.099801
-0.099546
-0.100261
-0.099496
-0.099511
-0.099368
-0.097143
-0.099251
-0.097754
-0.100106
-0.098166
-0.099114
-0.098651
-0.099653
-0.100104
-0.100255
-0.100135
-0.100116
-0.100032
-0.100161
-0.100164
-0.100279
-0.100092
-0.100032
-0.100263
-0.100221
-0.100246
-0.100109
-0.100180
-0.100186
-0.100134
-0.100083
-0.099973
-0.099651
-0.100103
-0.099787
-0.100169
-0.099687
-0.100053
-0.099961
-0.100211
-0.100166
-0.100224
-0.100267
-0.100183
-0.100268
-0.100141
-0.100248
-0.100213
-0.100227
-0.100246
-0.100182
-0.100234
-0.100197
-0.100264
-0.100263
-0.100229
-0.100266
-0.100278
-0.100235
-0.099935
-0.100170
-0.100104
-0.100264
-0.100107
-0.100097
-0.100106
-0.100211
-0.100230
-0.100242
-0.100199
-0.100263
-0.100202
-0.100166
-0.100223
-0.100129
-0.100261
-0.100140
-0.100211
-0.100225
-0.100195
-0.100252
-0.066083
0.418139
0.370542
0.089568
-0.047515
-0.073562
-0.086071
-0.091095
-0.092741
-0.094328
-0.095304
-0.096002
-0.096397
-0.096945
-0.097074
-0.097174
-0.097501
-0.097317
-0.097400
-0.097469
-0.097178
-0.097687
-0.095191
-0.094043
-0.080747
-0.074477
-0.088919
-0.098274
-0.086103
-0.079219
-0.089757
-0.094846
-0.097379
-0.097891
-0.098486
-0.098835
-0.098932
-0.099056
-0.099239
-0.099229
-0.099281
-0.099318
-0.099321
-0.099379
-0.099327
-0.099219
-0.099279
-0.099104
-0.099057
-0.098835
-0.098237
-0.096085
-0.095609
-0.098591
-0.099221
-0.096884
-0.095648
-0.098082
-0.098840
-0.099556
-0.099684
-0.099849
-0.099979
-0.099952
-0.099909
-0.100081
-0.100185
-0.100063
-0.100012
-0.100125
-0.100303
-0.100278
-0.100170
-0.100168
-0.100079
-0.099923
-0.099909
-0.099400
-0.098595
-0.098393
-0.099558
-0.099873
-0.098608
-0.098130
-0.099100
-0.099254
-0.099551
-0.099596
-0.099629
-0.099669
-0.099337
-0.099149
-0.099641
-0.099973
-0.099415
-0.099151
-0.099531
-0.099901
-0.099935
-0.099933
-0.008701
0.036143
0.140213
-0.002150
-0.072541
-0.086387
-0.091520
-0.092488
-0.093983
-0.094742
-0.095041
-0.095807
-0.096065
-0.096435
-0.096631
-0.096803
-0.097171
-0.097288
-0.097462
-0.097562
-0.097526
-0.098067
-0.098224
-0.097605
-0.092741
-0.088808
-0.094473
-0.098137
-0.094802
-0.090533
-0.095564
-0.098416
-0.097898
-0.098520
-0.098621
-0.098651
-0.098782
-0.098739
-0.098848
-0.098870
-0.098849
-0.098948
-0.098926
-0.098975
-0.099001
-0.098916
-0.099036
-0.098941
-0.098854
-0.098768
-0.099166
-0.099065
-0.097279
-0.098897
-0.098175
-0.098225
-0.099291
-0.099676
-0.099610
-0.099747
-0.099545
-0.099584
-0.099547
-0.099539
-0.099481
-0.099373
-0.099541
-0.099517
-0.099587
-0.099495
-0.099463
-0.099506
-0.099559
-0.099542
-0.099633
-0.099613
-0.099721
-0.099759
-0.098751
-0.098442
-0.099674
-0.099285
-0.099960
-0.098904
-0.099062
-0.099237
-0.099341
-0.099381
-0.099391
-0.099404
-0.099303
-0.099401
-0.099766
-0.099333
-0.099757
-0.099397
-0.099336
-0.099447
-0.099476
-0.099431
-0.025612
1.861568
0.108005
0.065417
-0.061286
-0.079184
-0.083108
-0.087977
-0.088672
-0.091049
-0.091832
-0.092094
-0.093765
-0.093620
-0.094227
-0.095083
-0.094617
-0.095692
-0.095537
-0.095324
-0.096432
-0.095766
-0.094887
-0.096548
-0.090329
-0.091816
-0.046259
-0.096883
-0.058263
-0.090697
-0.087154
-0.095571
-0.096078
-0.096086
-0.097067
-0.097171
-0.097065
-0.097650
-0.097403
-0.097533
-0.097845
-0.097641
-0.097950
-0.097906
-0.097723
-0.098116
-0.097733
-0.097889
-0.098017
-0.097056
-0.098871
-0.095782
-0.097179
-0.085813
-0.097916
-0.093812
-0.099677
-0.098973
-0.099611
-0.099464
-0.099534
-0.099139
-0.099340
-0.099215
-0.099194
-0.099162
-0.098476
-0.099082
-0.098962
-0.099018
-0.099064
-0.099130
-0.099034
-0.099296
-0.099160
-0.099258
-0.099771
-0.098986
-0.099572
-0.097872
-0.093465
-0.098929
-0.096457
-0.098641
-0.097926
-0.098613
-0.098507
-0.098583
-0.098647
-0.098387
-0.098567
-0.098218
-0.098915
-0.099041
-0.099116
-0.098419
-0.098644
-0.098484
-0.098674
-0.098757
