390 132 955 1
382 140 959 2
378 136 959 3
378 136 955 4
382 136 959 5
382 140 963 6
378 140 963 7
378 140 959 8
378 140 959 9
374 140 963 10
382 140 963 11
374 140 955 12
374 132 955 13
378 128 959 14
378 136 963 15
374 132 963 16
378 132 959 17
386 132 955 18
382 132 955 19
378 136 959 20
374 136 959 21
374 136 955 22
374 124 955 23
370 120 955 24
374 132 955 25
378 128 963 26
382 128 963 27
386 132 959 28
386 132 959 29
386 136 963 30
382 132 963 31
382 136 959 32
386 132 959 33
386 132 959 34
382 140 955 35
378 136 955 36
378 136 963 37
378 136 959 38
378 140 959 39
378 140 955 40
382 132 955 41
386 128 967 42
378 132 967 43
370 132 955 44
370 136 955 45
378 132 955 46
382 128 947 47
390 136 951 48
390 128 955 49
386 132 959 50
393 136 955 51
393 132 951 52
386 132 951 53
386 132 959 54
390 132 963 55
393 136 967 56
393 132 963 57
378 132 959 58
374 136 959 59
370 136 959 60
366 140 959 61
366 140 959 62
366 144 963 63
366 152 959 64
362 148 951 65
362 144 951 66
378 148 967 67
374 144 971 68
347 144 963 69
308 156 967 70
249 191 978 71
89 191 1185 72
62 499 1349 73
-11 1092 1567 74
-596 1010 1661 75
-1064 729 1606 76
-1267 639 1610 77
-1333 471 1587 78
-1107 405 1645 79
-791 354 1618 80
-432 370 1606 81
-66 429 1575 82
237 448 1462 83
448 393 1298 84
616 304 1150 85
803 187 1095 86
982 70 1037 87
1142 -11 811 88
1372 15 549 89
1571 46 269 90
1739 124 54 91
2215 627 -397 92
1240 799 113 93
-136 -577 1041 94
1041 -456 1911 95
1037 705 1704 96
-97 23 791 97
284 167 936 98
967 612 1267 99
932 370 1333 100
370 304 986 101
292 42 920 102
378 35 967 103
405 195 982 104
432 144 990 105
444 89 1002 106
429 93 978 107
432 93 978 108
421 109 975 109
405 128 955 110
390 144 939 111
393 156 928 112
401 136 928 113
390 120 936 114
401 109 928 115
421 89 928 116
425 85 932 117
405 120 904 118
374 117 932 119
351 66 1002 120
339 46 994 121
308 74 975 122
269 167 990 123
308 253 1060 124
425 347 1134 125
780 565 1540 126
1727 573 2265 127
2250 659 2652 128
1115 830 2757 129
3588 -241 4882 130
2999 214 4317 131
-932 1306 1337 132
-670 752 936 133
-335 631 951 134
11 549 1072 135
335 241 1205 136
592 -7 1318 137
760 -89 1380 138
912 -78 1470 139
1095 -54 1618 140
1275 3 1794 141
1388 148 1961 142
1552 300 2008 143
1946 390 1786 144
2414 327 1177 145
2796 -70 358 146
3525 -249 -514 147
3701 -183 -967 148
3237 -97 -487 149
1376 475 128 150
-620 -2184 -31 151
1462 -3580 1532 152
2457 335 2343 153
764 760 1181 154
733 261 1107 155
943 596 1361 156
405 -58 1193 157
218 214 928 158
432 156 1029 159
436 132 1002 160
432 144 982 161
421 159 959 162
417 171 947 163
409 156 947 164
413 159 947 165
429 171 947 166
397 152 936 167
405 163 912 168
456 191 885 169
425 214 850 170
409 257 764 171
409 249 838 172
351 144 975 173
315 58 951 174
276 27 955 175
249 66 986 176
351 292 1025 177
409 421 1080 178
452 608 1298 179
904 928 1723 180
1599 959 2191 181
1665 850 2620 182
-783 156 1860 183
-744 475 2410 184
495 1220 2722 185
-483 764 1209 186
-347 448 819 187
-89 397 768 188
218 432 912 189
526 319 1103 190
737 117 1197 191
885 11 1267 192
1041 31 1404 193
1244 89 1630 194
1431 163 1887 195
1622 366 2086 196
2051 542 2070 197
2683 522 1470 198
2987 -89 397 199
3907 -553 -382 200
4321 -741 -1251 201
3607 -432 74 202
1002 -7 1926 203
1158 -924 2484 204
2375 -27 2460 205
592 1025 1181 206
877 479 1068 207
1127 132 1244 208
249 327 842 209
113 475 936 210
432 74 1099 211
464 117 1017 212
448 128 986 213
425 144 975 214
409 175 951 215
401 187 928 216
405 167 932 217
432 163 951 218
374 156 975 219
386 128 955 220
471 136 912 221
464 156 900 222
464 144 912 223
436 159 951 224
378 183 943 225
343 152 932 226
319 101 943 227
292 42 939 228
354 109 936 229
413 347 920 230
429 464 963 231
1060 464 1571 232
1848 468 2347 233
2067 608 2433 234
1583 912 2683 235
705 518 1115 236
483 721 1357 237
78 1329 2538 238
-429 936 1197 239
-269 487 842 240
42 335 897 241
386 327 1088 242
643 136 1205 243
842 -19 1294 244
1033 11 1427 245
1158 54 1509 246
1306 144 1688 247
1528 276 2008 248
1833 393 2133 249
2281 526 1712 250
2741 429 815 251
2811 -31 159 252
3611 -557 -284 253
3954 -881 -783 254
1911 -136 136 255
-557 861 776 256
366 -452 1556 257
1848 -1411 2363 258
1158 495 1583 259
647 495 1158 260
854 748 1232 261
963 858 1349 262
347 -358 1119 263
284 39 1010 264
452 117 1053 265
475 117 1006 266
475 140 986 267
432 167 963 268
401 179 947 269
393 171 932 270
393 171 920 271
405 175 928 272
421 152 932 273
417 163 912 274
421 175 893 275
421 148 881 276
386 117 916 277
417 81 990 278
401 74 1045 279
300 89 1014 280
234 89 975 281
234 140 998 282
273 276 1002 283
319 374 1060 284
1548 565 2031 285
2499 663 2628 286
1891 627 2386 287
1193 573 2921 288
4410 85 5686 289
3697 772 5042 290
-553 1345 1700 291
-491 581 1037 292
-280 296 780 293
109 378 881 294
429 405 1045 295
682 218 1158 296
889 58 1259 297
1025 35 1353 298
1209 105 1528 299
1435 183 1821 300
1665 327 2164 301
2168 432 2281 302
2843 471 1571 303
3135 -93 249 304
3755 -530 -378 305
4368 -702 -1103 306
2897 -128 -826 307
284 1602 1142 308
253 167 2187 309
1688 -1911 3377 310
1435 479 2679 311
932 963 1166 312
1189 877 1493 313
1349 967 1661 314
959 -315 1294 315
491 31 920 316
421 105 1010 317
436 117 998 318
417 117 986 319
413 152 947 320
401 183 920 321
405 163 932 322
390 253 1006 323
448 249 959 324
471 117 1021 325
421 159 1060 326
440 163 932 327
425 113 939 328
405 117 975 329
374 113 986 330
319 85 978 331
312 39 967 332
288 62 943 333
362 237 986 334
425 421 1064 335
397 526 955 336
877 620 1365 337
1891 811 2176 338
1844 916 2527 339
-475 456 1922 340
-612 990 2382 341
202 1591 2613 342
-577 998 1326 343
-382 592 916 344
0 456 986 345
343 390 1158 346
627 132 1306 347
826 -136 1396 348
963 -187 1450 349
1103 -70 1524 350
1271 78 1719 351
1423 245 2031 352
1852 425 2226 353
2648 542 1922 354
3159 245 799 355
3361 -319 -230 356
4391 -588 -990 357
4204 -464 -1404 358
2090 -315 -50 359
249 -1068 893 360
1770 -2176 1809 361
2613 -11 2156 362
678 1240 1107 363
939 604 1294 364
1045 300 1536 365
50 113 1049 366
-3 592 858 367
409 257 1021 368
452 163 1017 369
464 109 986 370
448 132 959 371
413 179 963 372
417 183 943 373
440 171 939 374
448 175 939 375
456 179 920 376
444 241 717 377
448 234 737 378
436 120 912 379
468 191 663 380
460 159 737 381
397 39 1029 382
421 35 1021 383
327 35 990 384
179 81 951 385
148 245 939 386
202 409 967 387
647 514 1333 388
1435 803 1953 389
1895 1033 2289 390
1645 1080 2480 391
-495 534 1996 392
-889 811 2113 393
109 1454 2297 394
-362 1006 1365 395
-343 546 830 396
-136 312 694 397
171 421 830 398
464 440 1045 399
686 230 1166 400
877 105 1267 401
1049 136 1411 402
1240 218 1595 403
1470 323 1836 404
1704 526 2070 405
2203 604 2047 406
2893 409 1400 407
3038 -417 280 408
3786 -698 -748 409
4095 -733 -1610 410
1450 1076 -1322 411
-1158 2125 300 412
-3 -783 1716 413
1957 -1318 2269 414
1318 678 1606 415
776 163 1123 416
2449 -436 1571 417
2082 542 1380 418
464 390 1033 419
503 39 1072 420
448 97 1025 421
456 132 1017 422
440 187 1006 423
397 214 978 424
393 195 959 425
421 179 943 426
425 167 928 427
425 163 916 428
405 191 928 429
393 187 916 430
432 234 709 431
425 241 783 432
425 136 1002 433
444 74 1014 434
405 85 1033 435
296 156 982 436
230 93 943 437
257 97 943 438
343 319 963 439
304 440 982 440
1173 495 1774 441
2316 620 2351 442
2137 702 2410 443
1404 670 2897 444
2375 721 2811 445
2168 1255 2928 446
7 1341 2340 447
-546 756 1029 448
-315 421 760 449
58 425 869 450
374 483 1017 451
647 312 1154 452
854 117 1279 453
998 78 1365 454
1189 152 1497 455
1415 273 1723 456
1630 471 2000 457
2078 518 2133 458
2722 432 1731 459
3061 -132 600 460
3396 -503 -210 461
4301 -826 -1084 462
2460 908 -1489 463
-120 2191 1142 464
507 -608 2601 465
1509 -1563 2258 466
1419 655 1996 467
838 705 1212 468
998 838 1396 469
1329 990 1848 470
955 -230 1614 471
507 -70 1107 472
417 85 1006 473
456 140 986 474
444 140 975 475
409 171 967 476
378 191 936 477
386 159 928 478
421 136 939 479
487 109 1041 480
471 113 1033 481
417 140 924 482
436 140 920 483
444 140 928 484
444 81 967 485
401 93 971 486
323 171 963 487
280 202 959 488
296 152 947 489
308 148 932 490
351 335 975 491
397 549 1205 492
678 600 1388 493
1368 608 1981 494
1782 709 2320 495
1384 858 2538 496
-678 858 850 497
-202 1049 1575 498
729 1240 2936 499
-471 858 1115 500
-323 390 772 501
0 304 815 502
308 409 955 503
538 308 1072 504
737 128 1173 505
924 81 1287 506
1099 117 1443 507
1306 187 1673 508
1485 265 1907 509
1727 378 2106 510
2250 417 1989 511
2909 284 1181 512
3221 -464 113 513
4254 -939 -834 514
3061 58 -1407 515
1626 1002 -183 516
620 -881 237 517
1407 -1891 1914 518
2574 596 2897 519
822 1072 967 520
1205 1131 1341 521
1641 780 2254 522
986 -354 1786 523
518 11 1049 524
436 113 986 525
460 152 986 526
471 148 994 527
448 167 982 528
417 191 943 529
405 171 928 530
409 171 924 531
429 183 928 532
448 171 928 533
468 152 928 534
444 152 904 535
405 167 889 536
405 136 932 537
436 81 986 538
390 124 939 539
284 167 889 540
261 124 908 541
241 97 912 542
308 257 951 543
382 382 1025 544
413 534 1076 545
1411 783 2180 546
2172 768 2769 547
1661 791 2421 548
276 581 2410 549
323 807 2804 550
573 1294 2687 551
-421 943 1501 552
-456 444 834 553
-132 323 776 554
237 475 939 555
452 432 1037 556
616 234 1119 557
822 136 1255 558
998 140 1415 559
1173 183 1602 560
1353 276 1829 561
1657 429 2113 562
2312 401 2191 563
3084 343 1489 564
3318 -421 167 565
4083 -1049 -733 566
4403 -725 -1489 567
1560 -756 -312 568
-690 -573 1552 569
1166 -1216 2402 570
1790 -518 2262 571
659 959 1298 572
928 744 1310 573
858 354 1314 574
425 265 1049 575
354 245 1064 576
413 0 1123 577
405 93 1002 578
425 117 994 579
429 113 982 580
409 136 951 581
393 148 947 582
386 120 951 583
405 113 947 584
448 50 916 585
448 27 904 586
425 78 936 587
393 183 986 588
362 206 1014 589
351 66 947 590
327 70 932 591
323 113 990 592
300 74 1002 593
253 70 928 594
362 265 998 595
491 460 1166 596
585 561 1099 597
975 822 1318 598
1688 1068 1989 599
1708 1162 2468 600
-811 725 1606 601
-721 760 2086 602
460 1244 2511 603
-569 951 1119 604
-405 538 776 605
-81 425 807 606
234 499 928 607
491 390 1068 608
682 132 1177 609
908 50 1329 610
1127 101 1521 611
1298 132 1680 612
1446 230 1868 613
1723 436 2145 614
2242 425 2148 615
2831 249 1407 616
3038 -499 261 617
3954 -846 -760 618
4161 -643 -1560 619
1614 939 -226 620
-1259 670 900 621
409 -1524 1751 622
2328 -507 2546 623
1041 967 1458 624
963 627 1279 625
1076 70 2047 626
748 468 1719 627
600 557 971 628
510 195 1014 629
471 120 1006 630
471 144 994 631
448 144 975 632
432 159 959 633
460 183 943 634
448 187 916 635
432 187 916 636
436 187 928 637
432 148 928 638
436 132 904 639
460 179 885 640
413 206 900 641
386 113 986 642
432 101 939 643
417 159 900 644
343 144 943 645
284 113 920 646
269 120 959 647
335 265 1029 648
323 390 1049 649
421 456 1131 650
1134 674 1825 651
1770 947 2265 652
1595 971 2336 653
-483 464 1774 654
-573 830 2265 655
319 1423 2577 656
-452 920 1294 657
-323 448 861 658
-42 304 842 659
335 374 1049 660
592 280 1205 661
780 66 1306 662
959 -39 1423 663
1119 46 1567 664
1298 179 1747 665
1478 273 1996 666
1809 358 2187 667
2570 604 1899 668
3299 448 819 669
3385 -436 -265 670
4059 -674 -783 671
3116 70 -1903 672
2176 358 421 673
1794 -280 2020 674
1443 -280 1708 675
1517 811 2180 676
616 631 1123 677
1002 1010 1287 678
1563 483 1872 679
1072 -631 1716 680
542 -46 1201 681
483 42 1049 682
440 128 1006 683
436 144 986 684
413 167 959 685
409 179 939 686
390 237 963 687
393 210 967 688
421 124 943 689
425 105 943 690
460 62 947 691
460 74 939 692
409 113 916 693
401 93 943 694
362 148 990 695
296 230 986 696
257 222 967 697
276 175 967 698
312 163 936 699
354 269 924 700
432 499 1181 701
573 659 1271 702
741 947 1251 703
1154 1127 1778 704
1415 928 2437 705
81 487 2304 706
-222 947 2464 707
187 1458 2457 708
-397 877 1478 709
-374 409 881 710
-140 284 737 711
183 436 873 712
491 421 1084 713
737 249 1232 714
904 140 1314 715
1056 148 1443 716
1302 234 1673 717
1497 327 1895 718
1790 401 2102 719
2390 452 2028 720
3022 358 1185 721
3112 -588 42 722
4032 -893 -600 723
4235 -585 -1255 724
436 1322 7 725
-2531 1181 1251 726
378 -1485 1891 727
2137 -998 2710 728
951 861 1708 729
943 659 1170 730
1053 526 1259 731
635 526 1021 732
257 -331 982 733
413 -81 1080 734
401 46 1006 735
421 109 982 736
413 136 951 737
425 144 947 738
440 148 951 739
413 136 951 740
421 78 955 741
436 89 951 742
432 113 939 743
374 195 975 744
308 280 1076 745
378 187 1025 746
417 109 932 747
382 128 865 748
354 144 877 749
288 89 936 750
253 23 955 751
202 93 967 752
257 265 1045 753
319 401 1080 754
518 581 1185 755
1236 659 1731 756
2316 378 2870 757
1953 468 3162 758
-959 393 1677 759
-709 495 2129 760
518 1084 2542 761
-475 928 1134 762
-386 538 725 763
-105 464 764 764
230 491 971 765
503 331 1158 766
702 109 1263 767
881 3 1380 768
1045 -15 1528 769
1216 23 1692 770
1392 136 1930 771
1618 113 2187 772
2230 234 2098 773
2901 354 1166 774
3221 -503 11 775
4083 -885 -787 776
4130 -503 -1443 777
787 -581 -1271 778
-1368 -705 1181 779
1404 -1345 2928 780
2320 -429 2106 781
682 916 1158 782
733 624 1014 783
752 343 1212 784
405 499 1060 785
374 479 955 786
413 128 994 787
421 117 998 788
417 132 971 789
413 136 975 790
409 156 971 791
413 156 951 792
409 120 951 793
393 113 951 794
397 124 943 795
413 113 943 796
421 89 951 797
456 78 932 798
425 105 916 799
401 136 955 800
374 89 959 801
312 74 955 802
292 58 967 803
241 31 963 804
226 117 951 805
358 280 1041 806
468 421 1193 807
1010 620 1782 808
1723 643 2133 809
1950 639 2230 810
1505 670 2831 811
-713 273 1396 812
-413 709 1860 813
581 1158 2733 814
-393 631 1103 815
-273 335 752 816
0 405 807 817
343 464 1025 818
596 206 1181 819
764 7 1271 820
912 -15 1392 821
1068 23 1544 822
1271 101 1766 823
1462 312 2028 824
1981 409 2184 825
2800 479 1758 826
3260 19 448 827
3627 -553 -456 828
4165 -526 -998 829
3256 978 -2258 830
397 772 -97 831
-97 -1119 2160 832
1345 -1060 1782 833
1146 510 1575 834
499 526 1010 835
838 686 1185 836
1017 772 1380 837
444 -152 1154 838
358 230 1010 839
432 50 1115 840
417 58 1064 841
425 156 959 842
401 156 967 843
409 179 943 844
401 171 932 845
397 140 947 846
409 136 943 847
409 105 928 848
401 85 928 849
401 105 947 850
421 105 928 851
452 78 920 852
436 105 955 853
366 58 1021 854
308 27 998 855
265 85 978 856
191 93 986 857
222 187 932 858
319 491 1084 859
460 674 1376 860
780 768 1548 861
1396 936 1911 862
1427 900 2332 863
-105 518 2067 864
-97 729 2460 865
234 1240 2441 866
-534 1014 1322 867
-401 581 873 868
-148 390 791 869
163 487 932 870
475 417 1138 871
709 148 1255 872
850 23 1294 873
1006 58 1415 874
1205 117 1614 875
1407 183 1872 876
1645 432 2113 877
2203 468 2109 878
2847 339 1388 879
3084 -241 128 880
3806 -678 -569 881
4145 -690 -1193 882
1934 1396 -729 883
-1068 1454 678 884
27 -1345 2187 885
1653 -1193 2340 886
943 631 1294 887
487 471 1072 888
616 292 1049 889
955 514 1326 890
549 0 1220 891
390 222 1025 892
409 113 1056 893
370 144 1002 894
401 152 971 895
417 159 947 896
417 163 947 897
413 148 955 898
386 136 955 899
386 97 939 900
401 89 939 901
432 78 959 902
436 70 951 903
405 97 924 904
421 120 943 905
397 171 1002 906
362 31 1064 907
339 -42 1068 908
288 54 1021 909
245 78 978 910
323 202 1010 911
405 370 1033 912
503 569 1080 913
928 651 1524 914
1435 713 1911 915
1240 869 2106 916
-452 499 1747 917
-464 897 2199 918
128 1458 2367 919
-518 959 1240 920
-397 526 815 921
-128 409 795 922
273 514 1041 923
565 362 1232 924
709 62 1255 925
854 -39 1337 926
1033 -7 1485 927
1216 35 1669 928
1361 140 1899 929
1727 234 2195 930
2429 362 2082 931
3026 351 1029 932
3217 -366 -218 933
3923 -542 -846 934
4032 -374 -1177 935
799 -526 -1092 936
-1314 -865 546 937
1189 -1747 2796 938
1985 -335 2542 939
561 1201 1088 940
600 354 967 941
830 495 1127 942
908 518 1361 943
815 -35 1419 944
518 89 1162 945
444 109 1049 946
429 117 994 947
409 140 975 948
405 156 947 949
390 163 936 950
393 124 951 951
393 97 959 952
390 109 955 953
429 74 928 954
429 39 939 955
401 74 959 956
401 113 951 957
393 109 943 958
413 46 975 959
401 3 1010 960
358 -35 1006 961
261 -39 990 962
175 140 943 963
210 354 978 964
452 557 1380 965
1244 666 2148 966
2000 487 2445 967
1794 709 2355 968
764 799 2613 969
3439 -319 4933 970
3159 175 4500 971
-557 1205 1482 972
-499 717 889 973
-156 542 865 974
132 530 990 975
351 362 1088 976
526 93 1189 977
694 -85 1306 978
877 -105 1446 979
1025 -42 1595 980
1205 35 1813 981
1439 152 2098 982
1918 175 2297 983
2531 468 1782 984
3112 210 425 985
3623 -733 -468 986
4212 -807 -932 987
3342 -588 -897 988
1216 -195 682 989
354 -659 889 990
1271 -1092 1341 991
1599 319 2035 992
487 624 975 993
678 553 1033 994
1427 -7 1556 995
990 -280 1400 996
464 374 1045 997
421 144 1010 998
390 144 1002 999
378 171 975 1000
432 214 978 1001
444 210 955 1002
401 140 936 1003
390 113 951 1004
390 117 951 1005
393 156 963 1006
362 179 1088 1007
343 206 1092 1008
378 179 990 1009
413 117 967 1010
390 -3 959 1011
347 -19 982 1012
288 93 986 1013
218 74 959 1014
214 117 928 1015
362 335 1041 1016
464 530 1045 1017
659 725 1228 1018
1216 787 1692 1019
1743 729 1887 1020
1680 842 2230 1021
-510 592 1575 1022
-604 1006 1992 1023
331 1419 2464 1024
-553 733 1189 1025
-425 300 748 1026
-101 335 791 1027
261 440 1029 1028
514 323 1185 1029
678 128 1275 1030
838 42 1372 1031
1041 109 1544 1032
1283 148 1817 1033
1466 152 2070 1034
1774 152 2242 1035
2480 218 2074 1036
3147 58 951 1037
3467 -690 -312 1038
4321 -456 -1006 1039
4134 -171 -1263 1040
2460 889 300 1041
405 -815 308 1042
1080 -2714 908 1043
2172 280 2133 1044
854 1201 1056 1045
846 670 1158 1046
1181 -3 1349 1047
807 -179 1185 1048
510 386 1103 1049
456 156 1049 1050
413 117 998 1051
409 144 978 1052
401 148 978 1053
405 159 959 1054
405 159 943 1055
386 136 939 1056
378 144 936 1057
397 156 943 1058
425 132 951 1059
421 81 932 1060
397 74 912 1061
401 85 947 1062
468 159 846 1063
471 120 877 1064
374 35 1006 1065
296 35 978 1066
237 62 955 1067
241 218 943 1068
323 456 1111 1069
624 651 1427 1070
1064 772 1739 1071
1521 830 2035 1072
1454 963 2304 1073
319 760 2480 1074
1454 202 3689 1075
1540 659 3478 1076
-468 1021 1556 1077
-468 514 889 1078
-132 362 842 1079
187 429 978 1080
471 319 1166 1081
682 62 1298 1082
838 -54 1384 1083
1010 -39 1505 1084
1173 31 1645 1085
1314 159 1844 1086
1579 386 2137 1087
2168 487 2121 1088
2772 401 1290 1089
2979 -273 128 1090
3825 -487 -639 1091
4176 -635 -1392 1092
1696 2238 -1255 1093
-331 1739 222 1094
1017 -1497 1524 1095
1942 -877 2223 1096
1185 546 1790 1097
721 1185 1123 1098
694 616 1162 1099
1170 253 1240 1100
947 -253 1146 1101
409 -7 1010 1102
413 93 1010 1103
421 132 1002 1104
429 128 967 1105
405 140 951 1106
397 171 943 1107
425 140 943 1108
417 117 951 1109
413 113 936 1110
429 81 904 1111
452 70 951 1112
405 163 1041 1113
390 214 1006 1114
401 97 975 1115
343 105 924 1116
335 152 947 1117
354 58 1021 1118
308 23 978 1119
273 140 963 1120
405 370 1134 1121
577 503 1283 1122
951 631 1649 1123
1521 670 1934 1124
1934 596 2090 1125
1661 725 2558 1126
-943 429 1205 1127
-612 604 1926 1128
780 1131 2862 1129
-386 807 1127 1130
-343 409 698 1131
-58 343 760 1132
276 409 990 1133
542 253 1166 1134
741 19 1263 1135
885 -46 1361 1136
1025 3 1482 1137
1248 70 1712 1138
1462 183 2031 1139
1833 269 2297 1140
2535 339 2012 1141
3159 206 850 1142
3506 -647 -370 1143
4247 -951 -986 1144
3775 -573 -943 1145
1926 1068 807 1146
237 -167 670 1147
1041 -1817 893 1148
1946 421 2090 1149
768 780 1201 1150
869 939 1228 1151
1302 475 1860 1152
939 -335 1762 1153
600 109 1115 1154
514 93 986 1155
417 120 1006 1156
401 128 986 1157
393 144 955 1158
393 144 932 1159
393 117 943 1160
393 97 959 1161
386 113 947 1162
393 120 947 1163
421 70 939 1164
432 195 616 1165
401 222 616 1166
436 144 854 1167
432 105 846 1168
397 85 951 1169
351 128 955 1170
292 62 967 1171
284 74 982 1172
265 171 975 1173
280 308 955 1174
436 440 1080 1175
1170 588 1719 1176
1743 670 2094 1177
1505 819 2219 1178
799 815 2772 1179
3736 -214 5148 1180
3471 191 4695 1181
-362 1189 1657 1182
-452 678 916 1183
-183 432 772 1184
152 464 955 1185
429 351 1158 1186
659 89 1290 1187
787 -50 1372 1188
920 -58 1466 1189
1123 -3 1630 1190
1310 62 1856 1191
1563 152 2070 1192
2106 269 1996 1193
2831 409 1314 1194
3248 -335 66 1195
3611 -787 -600 1196
3942 -616 -1002 1197
1443 -292 -1439 1198
-904 179 834 1199
1474 -674 3159 1200
2328 -237 2343 1201
549 748 1088 1202
1010 1244 1294 1203
1634 315 2070 1204
842 -436 1618 1205
444 327 1033 1206
503 117 998 1207
448 113 943 1208
440 175 986 1209
429 191 963 1210
421 210 939 1211
425 206 928 1212
429 195 920 1213
405 195 912 1214
401 206 904 1215
436 175 908 1216
448 124 936 1217
425 140 932 1218
397 175 900 1219
386 132 912 1220
413 62 963 1221
421 89 982 1222
312 132 951 1223
234 117 943 1224
253 140 936 1225
347 284 943 1226
507 452 971 1227
557 709 1193 1228
967 861 1641 1229
1376 893 1953 1230
1396 951 2390 1231
698 581 2831 1232
1482 624 4270 1233
1181 1103 3841 1234
-581 971 1579 1235
-366 592 1053 1236
-35 456 1045 1237
323 468 1166 1238
647 343 1287 1239
850 175 1329 1240
975 105 1376 1241
1146 152 1513 1242
1341 249 1727 1243
1575 499 1942 1244
2070 631 2024 1245
2726 639 1622 1246
3162 187 604 1247
3525 -405 -296 1248
4059 -479 -990 1249
3861 -226 -1064 1250
2063 1021 483 1251
167 -499 916 1252
1056 -1747 1622 1253
1755 686 2125 1254
549 787 1029 1255
744 686 1119 1256
994 245 1427 1257
421 -218 1197 1258
393 401 998 1259
507 93 1080 1260
413 105 1006 1261
405 89 982 1262
421 97 978 1263
421 128 963 1264
405 140 943 1265
386 124 936 1266
393 136 939 1267
409 132 955 1268
417 117 959 1269
440 124 939 1270
452 109 928 1271
432 109 928 1272
390 105 861 1273
374 70 908 1274
378 62 1014 1275
288 66 986 1276
198 97 951 1277
210 214 967 1278
362 409 1111 1279
713 436 1384 1280
1583 627 2238 1281
2187 690 2636 1282
1875 546 2496 1283
1251 666 2983 1284
4032 171 5038 1285
3615 585 4672 1286
-195 1228 1922 1287
-456 666 1006 1288
-304 374 748 1289
74 421 904 1290
405 382 1119 1291
631 113 1220 1292
842 -35 1310 1293
998 -46 1400 1294
1115 3 1517 1295
1306 117 1758 1296
1536 241 2086 1297
1934 370 2234 1298
2597 444 1688 1299
3104 19 534 1300
3443 -487 -152 1301
4122 -741 -756 1302
2765 780 -2008 1303
113 1283 760 1304
218 -904 3088 1305
1571 -1485 2145 1306
1384 409 1665 1307
456 834 904 1308
776 733 1084 1309
1758 -152 1528 1310
1259 -939 1497 1311
487 124 1189 1312
522 93 1064 1313
464 105 1021 1314
448 132 986 1315
436 167 947 1316
425 175 932 1317
409 152 939 1318
327 -23 1037 1319
335 -15 1021 1320
421 140 924 1321
417 113 932 1322
413 85 963 1323
417 93 955 1324
432 81 939 1325
413 58 959 1326
378 81 986 1327
312 105 994 1328
273 70 963 1329
280 74 947 1330
343 276 978 1331
401 479 994 1332
436 538 893 1333
756 577 1279 1334
1404 780 1879 1335
1513 881 2230 1336
534 616 2581 1337
2293 -54 4371 1338
2433 401 4165 1339
-128 1060 1739 1340
-331 518 951 1341
-113 276 795 1342
234 397 990 1343
487 304 1166 1344
666 0 1248 1345
842 -117 1361 1346
986 -89 1509 1347
1142 -66 1719 1348
1341 -19 2000 1349
1657 78 2289 1350
2363 179 2246 1351
3108 417 1212 1352
3311 -499 -159 1353
3970 -768 -768 1354
4137 -413 -1329 1355
440 811 -588 1356
-1669 1692 1567 1357
698 -109 2644 1358
1493 -897 2382 1359
959 627 1560 1360
998 768 1287 1361
1123 811 1517 1362
1021 764 1521 1363
612 -241 1263 1364
421 74 1072 1365
452 171 1045 1366
440 206 1006 1367
409 187 959 1368
413 191 943 1369
421 198 939 1370
421 195 924 1371
409 195 928 1372
405 206 924 1373
417 198 924 1374
421 171 928 1375
436 156 1045 1376
432 136 1041 1377
413 152 971 1378
397 93 990 1379
370 66 959 1380
335 159 963 1381
218 144 932 1382
140 191 908 1383
335 354 990 1384
405 393 1037 1385
276 530 1045 1386
1212 776 2028 1387
1989 834 2589 1388
1532 822 2398 1389
319 577 2433 1390
339 994 2956 1391
491 1388 2796 1392
-393 850 1485 1393
-362 452 881 1394
-113 370 780 1395
179 510 900 1396
468 514 1080 1397
729 347 1224 1398
893 257 1298 1399
1025 288 1392 1400
1224 351 1571 1401
1450 464 1829 1402
1774 647 2051 1403
2347 530 1887 1404
2917 323 1068 1405
2987 -429 46 1406
3833 -780 -362 1407
4254 -713 -1037 1408
799 -803 -822 1409
-1587 -144 1185 1410
1017 -557 2819 1411
2067 -390 2632 1412
553 850 1263 1413
487 600 873 1414
1692 -425 1341 1415
1606 7 1170 1416
534 639 873 1417
405 214 994 1418
432 113 998 1419
413 140 971 1420
425 132 959 1421
440 144 959 1422
425 152 947 1423
421 124 943 1424
409 128 939 1425
409 159 939 1426
421 156 943 1427
417 120 928 1428
425 144 928 1429
444 183 936 1430
468 117 947 1431
440 101 943 1432
347 171 932 1433
312 191 982 1434
292 136 971 1435
261 113 924 1436
319 273 1006 1437
327 429 1119 1438
413 577 1115 1439
1076 655 1532 1440
1571 741 1903 1441
1513 978 2324 1442
-772 518 1813 1443
-807 553 2145 1444
491 1209 2499 1445
-448 1033 1138 1446
-312 631 791 1447
-11 479 858 1448
276 421 1006 1449
510 167 1134 1450
709 -31 1251 1451
912 -46 1384 1452
1021 -19 1474 1453
1220 35 1696 1454
1392 128 1973 1455
1501 230 2160 1456
1985 335 2148 1457
2605 440 1318 1458
2960 -405 93 1459
3806 -807 -440 1460
4028 -526 -1041 1461
1177 -557 -1372 1462
-842 152 280 1463
1528 -312 2714 1464
2016 -19 2488 1465
358 694 1021 1466
768 503 1021 1467
1134 807 1407 1468
846 444 1318 1469
499 183 1072 1470
362 128 1060 1471
440 105 1041 1472
448 167 1010 1473
425 183 978 1474
413 202 959 1475
417 198 943 1476
421 183 947 1477
409 171 936 1478
401 183 924 1479
417 187 932 1480
417 179 904 1481
401 171 893 1482
425 148 885 1483
413 152 881 1484
382 101 1002 1485
413 35 1088 1486
382 89 1010 1487
284 136 936 1488
198 152 904 1489
241 249 904 1490
362 362 975 1491
452 479 1049 1492
1193 741 1817 1493
1634 686 2078 1494
1084 826 1766 1495
709 924 2616 1496
3560 -15 5019 1497
2987 585 4504 1498
-499 1372 1747 1499
-417 577 963 1500
-202 261 721 1501
97 405 819 1502
362 553 971 1503
608 436 1123 1504
822 280 1244 1505
998 280 1372 1506
1181 323 1536 1507
1415 390 1790 1508
1638 600 2094 1509
2129 499 2215 1510
2753 257 1669 1511
3010 -319 538 1512
3798 -768 -284 1513
4364 -768 -1353 1514
2796 1875 -1361 1515
-292 1825 241 1516
136 -1653 1739 1517
2000 -893 2464 1518
1271 1068 1712 1519
585 620 920 1520
705 456 1060 1521
733 187 1287 1522
390 -471 1201 1523
386 15 1045 1524
421 81 1002 1525
460 148 1002 1526
448 167 990 1527
401 175 955 1528
397 179 943 1529
409 140 947 1530
393 128 951 1531
397 140 947 1532
444 85 928 1533
456 78 924 1534
421 117 951 1535
421 97 924 1536
413 70 912 1537
393 128 865 1538
347 230 861 1539
366 148 963 1540
351 15 1002 1541
284 85 971 1542
315 269 959 1543
335 417 967 1544
417 491 1021 1545
1185 608 1719 1546
1891 627 2250 1547
1677 713 2301 1548
694 510 2550 1549
3318 -577 4570 1550
3065 163 4176 1551
-608 1255 1454 1552
-526 678 943 1553
-198 487 904 1554
120 471 1053 1555
401 300 1212 1556
624 3 1326 1557
787 -136 1392 1558
912 -117 1450 1559
1088 -42 1622 1560
1302 58 1868 1561
1462 175 2106 1562
1965 214 2223 1563
2757 386 1657 1564
3131 -97 280 1565
3650 -581 -510 1566
4153 -639 -1056 1567
1926 -378 -1099 1568
-284 -288 865 1569
1033 -1599 2718 1570
1462 -491 2113 1571
612 1076 998 1572
865 499 1119 1573
928 214 1197 1574
791 288 1017 1575
682 245 1033 1576
444 50 1056 1577
397 124 1014 1578
409 159 990 1579
405 179 947 1580
397 202 916 1581
397 191 924 1582
409 148 943 1583
397 132 959 1584
390 152 951 1585
397 148 947 1586
405 113 936 1587
417 120 920 1588
413 136 916 1589
436 117 916 1590
440 167 881 1591
382 46 897 1592
296 46 951 1593
234 136 967 1594
187 136 963 1595
191 323 916 1596
370 487 967 1597
655 592 1322 1598
959 741 1626 1599
1540 854 1918 1600
1552 920 2297 1601
401 702 2379 1602
1606 241 3755 1603
1365 760 3365 1604
-655 1134 1271 1605
-390 620 861 1606
-113 448 795 1607
210 522 936 1608
464 440 1088 1609
690 234 1212 1610
893 140 1333 1611
1056 136 1466 1612
1259 206 1669 1613
1427 312 1887 1614
1614 495 2094 1615
2211 468 2125 1616
2925 249 1376 1617
3092 -347 105 1618
3903 -674 -663 1619
4157 -647 -1368 1620
1758 702 -19 1621
-939 549 1450 1622
546 -1669 2109 1623
1805 -920 2375 1624
698 959 1158 1625
600 510 951 1626
776 596 1209 1627
1345 214 1872 1628
1111 -522 1852 1629
561 156 1189 1630
479 101 1072 1631
456 148 998 1632
429 167 967 1633
444 183 955 1634
440 175 959 1635
405 144 955 1636
401 136 943 1637
401 144 928 1638
421 128 928 1639
421 105 951 1640
429 136 951 1641
432 159 939 1642
409 124 932 1643
386 105 889 1644
335 156 900 1645
296 148 986 1646
261 159 998 1647
253 183 951 1648
374 269 994 1649
510 581 1232 1650
682 721 1205 1651
1025 916 1404 1652
1548 1220 1864 1653
1677 1154 2226 1654
-456 822 1887 1655
-471 990 2445 1656
378 1236 2507 1657
-577 924 1119 1658
-331 631 807 1659
-66 518 815 1660
265 499 975 1661
569 323 1154 1662
787 89 1267 1663
912 23 1341 1664
1021 93 1427 1665
1240 191 1622 1666
1423 339 1868 1667
1731 390 2070 1668
2445 319 1918 1669
3053 237 1010 1670
3108 -230 -3 1671
3974 -518 -635 1672
4134 -421 -1181 1673
1181 -967 -226 1674
-1127 -1248 1766 1675
1142 -1758 2827 1676
2051 -432 2265 1677
651 1400 1189 1678
768 448 1068 1679
752 -42 928 1680
507 249 819 1681
413 323 834 1682
475 171 889 1683
421 66 1025 1684
429 128 975 1685
440 148 963 1686
448 152 967 1687
421 163 943 1688
417 152 939 1689
413 144 939 1690
421 152 936 1691
386 241 967 1692
351 195 1006 1693
347 15 1072 1694
386 156 838 1695
425 167 783 1696
436 58 986 1697
401 120 936 1698
288 78 936 1699
249 70 943 1700
304 159 920 1701
393 409 1014 1702
596 596 1302 1703
1482 709 2187 1704
2090 526 2519 1705
1801 456 2269 1706
1302 725 2831 1707
2211 518 2769 1708
1571 986 2347 1709
-425 1326 1817 1710
-452 721 990 1711
-206 468 791 1712
78 487 858 1713
378 460 1025 1714
647 230 1205 1715
822 7 1279 1716
982 -27 1384 1717
1173 54 1595 1718
1392 113 1852 1719
1610 195 2129 1720
2028 234 2160 1721
2726 354 1591 1722
3170 -74 362 1723
3662 -581 -483 1724
4208 -542 -1072 1725
2067 1228 -1528 1726
-748 2078 744 1727
-296 -456 2230 1728
1376 -1435 2203 1729
1513 655 1973 1730
850 881 1115 1731
920 744 1275 1732
1248 401 1333 1733
858 -487 1197 1734
401 120 1072 1735
444 152 1041 1736
429 163 982 1737
425 163 955 1738
417 179 939 1739
397 179 932 1740
382 156 939 1741
386 144 943 1742
374 292 596 1743
393 284 596 1744
421 117 963 1745
421 105 963 1746
417 140 928 1747
417 148 936 1748
386 81 1010 1749
347 89 1060 1750
343 89 1033 1751
304 54 1006 1752
257 128 967 1753
327 315 1037 1754
343 471 1080 1755
417 553 994 1756
939 643 1482 1757
1532 854 1934 1758
1489 893 2148 1759
66 425 1957 1760
-35 795 2566 1761
179 1333 2585 1762
-616 959 1236 1763
-405 592 897 1764
-93 479 912 1765
257 503 1088 1766
542 315 1251 1767
737 23 1329 1768
904 -81 1419 1769
1068 -39 1521 1770
1251 27 1673 1771
1400 148 1934 1772
1708 343 2234 1773
2351 471 2078 1774
2983 362 1064 1775
3299 -448 -78 1776
4048 -748 -764 1777
4212 -561 -1177 1778
2254 -46 358 1779
-296 409 1216 1780
1131 -955 2242 1781
2195 -468 2932 1782
624 1201 1365 1783
752 526 1193 1784
1092 741 1361 1785
1400 542 1770 1786
1025 -304 1735 1787
425 7 1142 1788
405 58 1017 1789
432 132 986 1790
440 163 975 1791
421 179 959 1792
401 187 939 1793
401 171 936 1794
413 167 936 1795
417 171 928 1796
432 132 908 1797
421 113 908 1798
440 105 889 1799
444 148 873 1800
409 198 920 1801
436 113 1006 1802
436 70 1056 1803
343 85 994 1804
261 132 951 1805
234 202 939 1806
292 331 967 1807
444 585 1220 1808
647 670 1209 1809
1095 893 1478 1810
1630 1095 2063 1811
1493 971 2503 1812
-1134 666 1497 1813
-561 791 2250 1814
904 1197 2792 1815
-471 951 967 1816
-327 522 670 1817
-89 417 686 1818
214 507 846 1819
526 468 1056 1820
756 288 1189 1821
928 183 1244 1822
1111 191 1392 1823
1333 222 1638 1824
1560 257 1891 1825
1817 351 2125 1826
2371 308 2078 1827
2995 206 1220 1828
3283 -553 7 1829
4204 -955 -975 1830
4130 -456 -1563 1831
1879 -456 120 1832
-468 -534 947 1833
858 -1357 1774 1834
2063 -1041 2722 1835
659 916 1314 1836
534 612 971 1837
897 678 1193 1838
1446 249 1478 1839
1088 -635 1450 1840
429 66 1092 1841
436 132 1021 1842
425 163 994 1843
421 167 982 1844
409 202 955 1845
405 214 932 1846
401 187 932 1847
397 171 936 1848
401 175 943 1849
405 159 936 1850
401 144 943 1851
390 136 924 1852
405 136 904 1853
425 136 920 1854
444 144 963 1855
405 120 1025 1856
319 93 1014 1857
253 54 936 1858
179 89 885 1859
265 315 924 1860
405 401 1014 1861
627 425 1244 1862
1392 705 2000 1863
1922 772 2343 1864
1513 659 2262 1865
620 503 2605 1866
2874 0 4629 1867
2628 549 4266 1868
-429 1103 1595 1869
-417 495 904 1870
-183 284 725 1871
163 448 881 1872
452 479 1080 1873
698 296 1228 1874
912 159 1337 1875
1029 120 1407 1876
1177 179 1575 1877
1384 261 1848 1878
1614 378 2137 1879
2129 370 2191 1880
2804 296 1427 1881
3069 -323 237 1882
3888 -674 -452 1883
4169 -503 -1333 1884
916 1396 -561 1885
-1743 1922 799 1886
-167 -783 1684 1887
1361 -1560 2421 1888
1123 538 1528 1889
678 1041 975 1890
780 592 1115 1891
1365 -31 1462 1892
936 -600 1407 1893
366 179 1056 1894
460 179 1017 1895
452 156 1002 1896
440 152 990 1897
413 167 963 1898
409 171 951 1899
409 148 943 1900
401 148 943 1901
405 187 947 1902
393 230 1111 1903
339 241 1216 1904
335 234 1127 1905
366 241 1056 1906
393 175 990 1907
425 124 951 1908
382 144 932 1909
292 136 912 1910
257 117 916 1911
269 167 912 1912
331 323 943 1913
366 429 1045 1914
908 495 1606 1915
1731 417 2176 1916
1918 510 2250 1917
1544 764 2702 1918
-1002 456 1248 1919
-850 752 1688 1920
491 1216 2683 1921
-534 748 1072 1922
-323 386 811 1923
3 417 893 1924
331 487 1068 1925
627 265 1232 1926
819 -11 1326 1927
959 -78 1392 1928
1111 -7 1485 1929
1310 97 1696 1930
1470 265 1989 1931
1926 343 2195 1932
2675 471 1817 1933
3155 167 608 1934
3525 -479 -319 1935
4262 -670 -982 1936
4017 429 -2581 1937
1236 386 -409 1938
553 -975 2542 1939
1708 -542 3038 1940
1232 811 2515 1941
842 655 1138 1942
1138 694 1228 1943
1478 608 1532 1944
1002 -198 1446 1945
518 19 1119 1946
448 105 1021 1947
421 152 978 1948
409 163 959 1949
421 175 963 1950
425 179 947 1951
429 167 928 1952
409 167 932 1953
397 187 924 1954
397 296 702 1955
417 269 713 1956
421 140 928 1957
393 175 900 1958
390 191 916 1959
366 159 939 1960
323 171 932 1961
343 175 971 1962
292 163 982 1963
218 179 924 1964
296 249 951 1965
315 382 1014 1966
585 495 1306 1967
1419 655 2028 1968
1938 698 2207 1969
1567 748 2223 1970
596 627 2632 1971
2694 -23 4613 1972
2437 510 4188 1973
-526 1158 1497 1974
-413 639 924 1975
-128 452 822 1976
163 518 916 1977
471 491 1088 1978
741 292 1248 1979
904 120 1326 1980
1010 70 1388 1981
1181 136 1567 1982
1372 198 1813 1983
1579 319 2031 1984
2156 366 2098 1985
2847 319 1446 1986
3088 -300 163 1987
3825 -721 -639 1988
4173 -624 -1205 1989
897 -1010 -803 1990
-1322 -397 1002 1991
1259 -620 2460 1992
2039 -308 2145 1993
631 920 1068 1994
733 464 1025 1995
748 300 978 1996
308 600 791 1997
312 405 1029 1998
425 31 1115 1999
432 78 1029 2000
413 132 998 2001
421 144 975 2002
417 175 967 2003
409 175 951 2004
405 140 943 2005
390 132 939 2006
386 144 932 2007
393 140 936 2008
444 81 916 2009
499 54 897 2010
440 101 912 2011
397 183 881 2012
354 198 897 2013
319 140 982 2014
331 117 1014 2015
280 97 990 2016
265 113 936 2017
358 257 1002 2018
413 390 1049 2019
811 549 1571 2020
1314 717 1860 2021
1692 600 1860 2022
1673 674 2445 2023
-557 686 1918 2024
-698 1049 2125 2025
210 1329 2297 2026
-647 807 1053 2027
-397 522 803 2028
11 495 986 2029
312 432 1107 2030
569 191 1224 2031
787 -50 1337 2032
936 -132 1415 2033
1049 -66 1485 2034
1244 31 1677 2035
1419 152 1973 2036
1766 237 2211 2037
2445 444 1950 2038
3053 374 904 2039
3248 -409 -195 2040
3962 -577 -737 2041
4091 -487 -1033 2042
1072 -1025 -464 2043
-1092 -951 694 2044
1524 -1049 2421 2045
2230 81 2542 2046
600 1216 1259 2047
830 542 1201 2048
893 319 1037 2049
1084 140 1193 2050
904 58 1361 2051
421 113 1119 2052
448 117 1049 2053
436 163 1002 2054
429 167 967 2055
421 187 943 2056
413 195 943 2057
413 171 943 2058
401 171 932 2059
393 187 924 2060
409 156 932 2061
409 128 928 2062
401 148 904 2063
354 226 889 2064
331 226 912 2065
366 148 939 2066
362 214 897 2067
358 237 908 2068
292 159 967 2069
206 183 951 2070
312 335 1021 2071
518 600 1263 2072
604 752 1263 2073
1049 885 1727 2074
1641 1021 2312 2075
1443 881 2554 2076
-893 483 2148 2077
-304 799 3065 2078
787 1205 3018 2079
-588 783 1131 2080
-331 460 850 2081
-23 495 897 2082
292 573 1072 2083
581 390 1236 2084
787 136 1333 2085
955 50 1419 2086
1119 74 1544 2087
1329 128 1766 2088
1493 269 2012 2089
1899 354 2141 2090
2628 436 1801 2091
3174 93 729 2092
3513 -569 -296 2093
4087 -721 -955 2094
3588 226 -2094 2095
1423 694 846 2096
-27 -838 2184 2097
1017 -1751 639 2098
1540 78 1337 2099
713 666 1150 2100
854 674 1158 2101
1349 46 1345 2102
998 -678 1306 2103
405 195 1084 2104
429 171 1049 2105
421 183 1006 2106
413 179 975 2107
417 198 959 2108
413 187 924 2109
417 159 928 2110
397 159 939 2111
382 183 932 2112
397 210 928 2113
405 179 908 2114
475 210 752 2115
487 245 830 2116
374 237 1002 2117
378 163 943 2118
405 117 967 2119
393 124 1010 2120
354 50 1010 2121
210 81 990 2122
171 163 963 2123
319 300 990 2124
331 448 1029 2125
421 592 1095 2126
1076 624 1595 2127
1653 596 1930 2128
1478 807 2129 2129
-347 651 1782 2130
-721 978 1934 2131
-105 1419 2121 2132
-620 932 1224 2133
-382 483 920 2134
-15 401 975 2135
280 471 1056 2136
526 315 1170 2137
768 120 1310 2138
920 19 1372 2139
1068 11 1489 2140
1298 101 1719 2141
1450 218 1930 2142
1716 331 2059 2143
2382 417 1903 2144
3030 292 982 2145
3276 -347 -58 2146
3966 -748 -702 2147
4028 -557 -1134 2148
1735 -202 -897 2149
-612 -741 -15 2150
1056 -1669 2160 2151
1946 -237 2538 2152
401 1006 975 2153
803 432 1017 2154
951 202 994 2155
323 156 721 2156
269 97 963 2157
425 78 1068 2158
409 105 1010 2159
440 140 982 2160
436 148 971 2161
429 187 947 2162
417 191 928 2163
401 152 936 2164
390 156 916 2165
460 249 717 2166
487 226 737 2167
425 97 928 2168
417 109 928 2169
405 152 928 2170
401 113 943 2171
370 81 928 2172
366 78 955 2173
331 50 986 2174
257 62 971 2175
253 148 959 2176
386 284 1041 2177
499 401 1158 2178
795 542 1439 2179
1427 592 1891 2180
1911 565 2187 2181
1825 744 2421 2182
-362 690 1821 2183
-780 1107 2028 2184
-15 1365 2199 2185
-643 748 1181 2186
-327 425 908 2187
19 409 971 2188
347 436 1131 2189
627 226 1279 2190
822 -35 1357 2191
1017 -78 1466 2192
1197 7 1606 2193
1372 93 1797 2194
1583 230 2059 2195
2031 413 2074 2196
2679 592 1517 2197
3030 -39 370 2198
3517 -507 -335 2199
4040 -561 -955 2200
3716 -440 -1045 2201
2199 1240 475 2202
-11 -869 27 2203
982 -2776 897 2204
2148 179 2246 2205
1060 932 1306 2206
975 725 1251 2207
737 444 1166 2208
140 -23 943 2209
152 315 858 2210
397 241 986 2211
401 171 998 2212
452 175 998 2213
448 202 978 2214
432 206 943 2215
417 195 936 2216
401 187 939 2217
405 191 932 2218
425 191 924 2219
413 140 916 2220
397 140 908 2221
413 195 900 2222
413 163 924 2223
386 81 936 2224
393 117 959 2225
390 144 975 2226
315 156 939 2227
249 214 928 2228
269 273 916 2229
354 347 971 2230
479 448 1302 2231
1076 553 1821 2232
2004 366 2187 2233
1895 471 2137 2234
1302 780 2574 2235
639 140 1181 2236
35 764 1006 2237
-202 1489 2117 2238
-382 678 1150 2239
-234 362 842 2240
50 440 873 2241
362 526 1017 2242
620 370 1158 2243
819 171 1287 2244
1033 -31 1396 2245
1220 -11 1563 2246
1392 191 1805 2247
1575 401 2035 2248
2031 440 2121 2249
2714 405 1618 2250
2991 -74 393 2251
3510 -503 -378 2252
4130 -627 -1002 2253
2511 97 -893 2254
592 1973 1493 2255
-89 -343 1080 2256
1380 -2527 1934 2257
2265 440 3084 2258
752 1006 1111 2259
596 140 1014 2260
916 491 1232 2261
549 366 1123 2262
296 214 975 2263
409 27 1088 2264
409 105 1033 2265
432 175 982 2266
444 163 978 2267
425 159 963 2268
401 163 943 2269
393 156 943 2270
393 148 955 2271
409 152 951 2272
421 136 947 2273
440 113 928 2274
440 124 920 2275
409 152 908 2276
405 128 924 2277
429 62 1041 2278
425 62 1006 2279
323 117 908 2280
237 144 928 2281
257 187 936 2282
374 257 990 2283
479 432 1271 2284
475 631 1244 2285
811 838 1290 2286
1439 998 1758 2287
1497 1025 2262 2288
175 694 2055 2289
-128 1072 2328 2290
132 1454 2433 2291
-448 861 1298 2292
-405 456 772 2293
-113 382 772 2294
261 491 978 2295
546 401 1166 2296
729 171 1244 2297
865 31 1290 2298
1033 54 1454 2299
1248 136 1684 2300
1427 253 1899 2301
1778 378 2152 2302
2464 378 2024 2303
3026 280 1041 2304
3135 -315 -42 2305
3923 -624 -690 2306
4106 -432 -1209 2307
783 -713 -1618 2308
-1380 -815 -530 2309
1384 -975 2043 2310
2191 -128 2519 2311
608 1037 1279 2312
639 503 1049 2313
858 549 1177 2314
741 425 1142 2315
530 -179 1134 2316
468 19 1080 2317
409 113 982 2318
429 175 978 2319
452 210 998 2320
440 202 959 2321
432 195 943 2322
409 171 936 2323
409 156 939 2324
421 159 939 2325
425 163 939 2326
429 159 943 2327
421 163 920 2328
421 179 908 2329
386 183 908 2330
386 124 936 2331
378 105 1014 2332
315 202 1017 2333
269 156 967 2334
222 140 955 2335
253 284 943 2336
331 358 982 2337
382 456 1189 2338
1127 577 1868 2339
1957 518 2195 2340
1786 627 2191 2341
1197 713 2765 2342
3151 331 4013 2343
2355 912 3506 2344
-553 1294 1719 2345
-425 569 1014 2346
-288 300 725 2347
58 448 861 2348
413 534 1076 2349
647 335 1177 2350
783 152 1248 2351
955 156 1361 2352
1162 214 1532 2353
1396 292 1786 2354
1638 510 2055 2355
2199 507 2106 2356
2870 386 1435 2357
3092 -136 257 2358
3650 -592 -323 2359
4137 -717 -982 2360
3400 -245 -54 2361
530 257 1825 2362
54 -725 2460 2363
1560 -230 2449 2364
916 1084 1571 2365
421 507 1029 2366
912 1037 1283 2367
986 943 1341 2368
452 -339 1123 2369
413 -120 1092 2370
405 163 1017 2371
421 191 990 2372
448 187 990 2373
421 210 955 2374
397 210 928 2375
401 183 924 2376
401 175 924 2377
405 183 932 2378
401 175 943 2379
382 163 959 2380
370 171 947 2381
339 78 967 2382
397 109 834 2383
448 218 858 2384
405 202 975 2385
452 93 990 2386
370 -7 1025 2387
175 42 939 2388
179 202 885 2389
284 374 943 2390
553 471 1349 2391
1407 694 2269 2392
2070 666 2655 2393
1661 666 2468 2394
612 643 2659 2395
3217 -315 4886 2396
2808 261 4313 2397
-682 1212 1376 2398
-452 608 912 2399
-183 405 787 2400
152 487 912 2401
452 479 1092 2402
666 304 1193 2403
822 156 1232 2404
982 144 1372 2405
1212 230 1645 2406
1427 296 1903 2407
1622 390 2117 2408
2137 323 2129 2409
2784 171 1478 2410
3018 -351 304 2411
3677 -725 -460 2412
4071 -705 -1134 2413
3225 464 -292 2414
460 737 1134 2415
-210 -1037 1649 2416
1099 -1384 2004 2417
893 440 1407 2418
655 717 1006 2419
752 612 1131 2420
846 624 1271 2421
479 27 1236 2422
409 300 1080 2423
460 156 1053 2424
448 148 994 2425
425 148 951 2426
413 187 955 2427
401 191 939 2428
401 171 939 2429
405 167 943 2430
397 171 936 2431
409 159 939 2432
417 140 943 2433
405 144 928 2434
390 175 912 2435
405 128 982 2436
390 113 1010 2437
393 156 986 2438
405 140 967 2439
327 159 928 2440
234 167 951 2441
214 214 943 2442
351 331 971 2443
534 503 1205 2444
647 604 1248 2445
846 897 1353 2446
1365 1166 1786 2447
1521 959 2191 2448
-292 690 1708 2449
-386 1060 2125 2450
241 1255 2320 2451
-553 741 1111 2452
-312 413 811 2453
-42 432 815 2454
241 573 924 2455
538 510 1111 2456
744 339 1224 2457
861 206 1263 2458
1017 202 1407 2459
1271 276 1665 2460
1435 331 1895 2461
1669 436 2094 2462
2184 323 2012 2463
2714 11 1290 2464
3077 -452 315 2465
4044 -791 -694 2466
4098 -569 -1556 2467
975 -893 -1279 2468
-1275 -916 530 2469
1275 -947 2554 2470
2187 -253 2332 2471
507 1045 1049 2472
565 522 959 2473
666 343 897 2474
1220 -42 1396 2475
1131 -362 1641 2476
401 78 1095 2477
417 206 834 2478
425 261 799 2479
417 152 975 2480
390 152 963 2481
390 156 955 2482
397 128 955 2483
390 109 955 2484
393 113 951 2485
452 159 807 2486
456 128 803 2487
405 58 924 2488
390 89 924 2489
397 144 897 2490
417 156 807 2491
339 171 826 2492
280 109 967 2493
315 0 998 2494
245 66 951 2495
206 214 951 2496
339 276 1049 2497
390 429 1127 2498
1006 577 1833 2499
1899 475 2445 2500
1840 698 2429 2501
686 764 2550 2502
3205 -577 4621 2503
3003 46 4321 2504
-639 1345 1532 2505
-491 717 1017 2506
-167 499 947 2507
81 460 1025 2508
362 300 1181 2509
608 81 1326 2510
803 -39 1419 2511
982 -46 1540 2512
1181 11 1704 2513
1349 93 1875 2514
1544 308 2090 2515
2020 444 2145 2516
2597 475 1567 2517
2940 -54 413 2518
3549 -417 -249 2519
4130 -713 -990 2520
3825 -581 -1053 2521
1700 397 -148 2522
-546 -1064 -93 2523
1095 -2109 1470 2524
2121 202 2410 2525
764 998 1310 2526
772 292 1107 2527
994 347 1150 2528
1021 452 1361 2529
807 288 1361 2530
491 35 1092 2531
429 97 1037 2532
432 148 990 2533
448 159 978 2534
417 179 963 2535
397 187 951 2536
401 171 939 2537
401 175 928 2538
409 187 928 2539
401 156 920 2540
401 144 920 2541
413 156 924 2542
378 171 908 2543
378 148 932 2544
429 124 975 2545
382 19 1049 2546
284 15 1010 2547
202 58 912 2548
148 97 943 2549
226 300 928 2550
319 386 951 2551
362 495 978 2552
1255 635 2051 2553
1911 709 2535 2554
1423 702 2082 2555
510 518 2453 2556
2496 -23 4360 2557
2363 464 4052 2558
-386 1060 1618 2559
-362 588 978 2560
-218 413 737 2561
101 514 881 2562
440 503 1119 2563
643 249 1224 2564
830 85 1326 2565
1037 66 1462 2566
1189 109 1606 2567
1329 195 1844 2568
1575 370 2176 2569
2004 374 2226 2570
2542 362 1552 2571
2952 -97 405 2572
3615 -444 -296 2573
4165 -620 -1060 2574
3486 -362 -893 2575
1279 1704 1056 2576
-214 -401 643 2577
815 -3205 1240 2578
1501 -156 2468 2579
702 1103 1212 2580
717 331 1049 2581
1142 698 1427 2582
561 635 1263 2583
237 374 936 2584
432 210 932 2585
421 140 959 2586
425 105 994 2587
436 117 967 2588
429 136 967 2589
413 159 947 2590
413 148 932 2591
401 136 932 2592
393 144 928 2593
503 132 861 2594
514 109 869 2595
413 97 932 2596
405 109 924 2597
374 132 939 2598
382 62 1049 2599
405 15 1115 2600
351 50 1053 2601
249 54 998 2602
183 148 943 2603
323 327 1049 2604
526 429 1232 2605
1166 608 1868 2606
1840 604 2285 2607
1755 569 2304 2608
1306 585 2753 2609
780 -54 1170 2610
682 495 1400 2611
128 1251 2347 2612
-510 702 978 2613
-237 425 803 2614
132 456 971 2615
421 468 1134 2616
616 210 1201 2617
799 -27 1283 2618
1029 -19 1443 2619
1205 19 1579 2620
1353 70 1743 2621
1517 261 1992 2622
1977 351 2172 2623
2620 471 1719 2624
3038 132 534 2625
3455 -401 -308 2626
4157 -627 -978 2627
3198 -296 -889 2628
1251 1778 1649 2629
-109 -140 1329 2630
924 -2523 916 2631
1848 237 2106 2632
553 900 1092 2633
702 386 978 2634
1150 608 1326 2635
483 335 1205 2636
171 206 1029 2637
417 78 1021 2638
417 74 1010 2639
436 81 1017 2640
421 113 986 2641
413 140 971 2642
409 152 959 2643
409 140 947 2644
393 128 947 2645
386 136 936 2646
386 124 924 2647
331 191 967 2648
343 191 967 2649
413 128 924 2650
390 74 986 2651
417 50 1025 2652
432 70 1041 2653
374 66 1072 2654
269 27 1017 2655
191 27 978 2656
245 195 955 2657
288 370 982 2658
417 464 1103 2659
1095 627 1696 2660
1719 830 2176 2661
1552 842 2445 2662
413 569 2694 2663
1029 245 3463 2664
967 733 3030 2665
-592 1014 1361 2666
-440 534 877 2667
-140 401 830 2668
163 421 963 2669
436 265 1127 2670
670 19 1267 2671
858 -70 1368 2672
1029 -39 1501 2673
1236 -7 1700 2674
1407 136 1922 2675
1677 370 2172 2676
2293 581 2145 2677
2928 549 1287 2678
3135 -405 -81 2679
3681 -343 -830 2680
3958 -315 -1372 2681
1684 370 -854 2682
-1131 1314 959 2683
471 -257 2289 2684
2230 -1123 2523 2685
1267 557 1649 2686
631 690 1029 2687
826 534 1224 2688
881 31 1357 2689
393 -936 1185 2690
425 -7 1033 2691
432 78 994 2692
421 78 1002 2693
432 85 986 2694
425 74 963 2695
421 97 947 2696
409 109 955 2697
397 101 951 2698
397 159 967 2699
409 167 963 2700
413 113 939 2701
413 97 943 2702
448 74 924 2703
452 54 908 2704
421 74 943 2705
405 113 947 2706
390 89 955 2707
358 54 982 2708
300 78 986 2709
273 171 963 2710
319 300 990 2711
393 444 1177 2712
783 620 1696 2713
1532 588 2215 2714
2121 487 2437 2715
1794 717 2835 2716
-608 425 1025 2717
-635 503 1173 2718
343 1056 2277 2719
-553 861 861 2720
-362 620 756 2721
-15 452 986 2722
230 222 1119 2723
514 -74 1283 2724
760 -304 1407 2725
893 -335 1431 2726
1021 -253 1517 2727
1209 -132 1665 2728
1329 66 1809 2729
1489 327 2020 2730
1961 538 2035 2731
2523 631 1458 2732
2956 15 366 2733
3510 -429 -425 2734
3892 -444 -1158 2735
3584 -105 -1119 2736
1396 947 -66 2737
-81 -986 -42 2738
1333 -3112 1049 2739
1883 -198 1926 2740
1021 1505 1271 2741
713 612 1181 2742
744 413 1107 2743
343 245 943 2744
159 179 877 2745
374 93 994 2746
413 101 998 2747
432 148 951 2748
444 195 943 2749
444 187 955 2750
417 179 932 2751
409 171 932 2752
421 175 928 2753
440 187 928 2754
440 175 920 2755
444 156 924 2756
444 159 924 2757
413 167 854 2758
358 144 811 2759
425 210 725 2760
495 175 834 2761
421 54 1084 2762
339 50 1029 2763
261 136 975 2764
210 265 932 2765
335 382 947 2766
549 569 1255 2767
698 709 1489 2768
1232 663 1957 2769
1560 756 2031 2770
1294 861 2160 2771
-815 651 1306 2772
-222 748 2172 2773
971 998 2819 2774
-468 756 939 2775
-370 409 659 2776
-78 409 776 2777
222 483 978 2778
534 327 1197 2779
752 109 1318 2780
865 27 1365 2781
1025 3 1470 2782
1197 42 1626 2783
1318 148 1786 2784
1439 280 1977 2785
1801 421 2031 2786
2332 549 1528 2787
2772 113 596 2788
3334 -280 -117 2789
3783 -382 -982 2790
3549 -214 -1099 2791
1329 -159 -284 2792
-1146 -1716 608 2793
916 -2297 2102 2794
2332 62 2262 2795
932 1306 1349 2796
694 507 1111 2797
682 62 978 2798
659 351 1056 2799
495 475 1103 2800
397 97 1010 2801
409 7 1029 2802
425 74 986 2803
460 109 978 2804
444 105 986 2805
401 109 959 2806
413 89 955 2807
401 78 982 2808
393 97 975 2809
393 97 994 2810
393 85 982 2811
429 81 936 2812
421 54 943 2813
429 74 955 2814
452 93 951 2815
401 113 951 2816
370 132 951 2817
382 89 932 2818
374 117 912 2819
366 237 916 2820
401 312 1006 2821
452 327 1049 2822
1068 401 1684 2823
1922 413 2324 2824
1852 456 2184 2825
1384 549 2496 2826
-113 159 959 2827
-191 577 1287 2828
335 1134 2410 2829
-429 678 1037 2830
-253 393 897 2831
54 323 1064 2832
362 144 1251 2833
631 -132 1380 2834
791 -257 1415 2835
908 -237 1443 2836
1095 -120 1599 2837
1298 35 1782 2838
1423 202 1938 2839
1708 432 2035 2840
2269 690 1743 2841
2749 464 838 2842
3069 -183 -27 2843
3701 -460 -721 2844
3755 -507 -1177 2845
2238 577 370 2846
-198 659 1571 2847
1267 -616 2242 2848
2632 -588 2714 2849
772 674 1443 2850
202 670 783 2851
573 351 998 2852
908 495 1259 2853
471 167 1103 2854
312 222 908 2855
304 46 893 2856
308 89 932 2857
456 97 1033 2858
483 35 1006 2859
386 78 1002 2860
327 124 978 2861
386 81 967 2862
397 70 967 2863
366 42 990 2864
339 54 986 2865
374 78 951 2866
417 31 955 2867
393 50 959 2868
390 81 963 2869
393 74 982 2870
343 78 1002 2871
312 81 982 2872
331 117 951 2873
382 222 1006 2874
421 288 1103 2875
522 382 1134 2876
1212 280 1575 2877
1992 15 2164 2878
1801 514 2581 2879
-702 456 1926 2880
-612 546 2492 2881
530 1290 2640 2882
-573 1037 1010 2883
-374 612 834 2884
15 436 1056 2885
300 206 1201 2886
491 -198 1255 2887
674 -425 1306 2888
826 -378 1361 2889
939 -237 1419 2890
1072 -54 1556 2891
1228 156 1829 2892
1443 358 2160 2893
1883 370 2226 2894
2574 624 1634 2895
3003 191 468 2896
3525 -487 -226 2897
4212 -705 -830 2898
3201 136 -1856 2899
315 -327 776 2900
339 -1677 2991 2901
1766 -764 2051 2902
928 499 1411 2903
261 253 783 2904
936 729 1173 2905
1224 733 1524 2906
639 -105 1158 2907
475 315 936 2908
417 222 1002 2909
432 183 994 2910
460 163 971 2911
448 171 967 2912
440 171 971 2913
440 175 963 2914
425 175 947 2915
409 191 932 2916
401 214 908 2917
390 210 904 2918
409 179 920 2919
460 140 904 2920
448 117 881 2921
440 101 916 2922
452 109 885 2923
429 70 928 2924
397 62 1014 2925
331 117 975 2926
265 144 943 2927
245 195 912 2928
300 292 975 2929
335 417 1123 2930
1076 518 1755 2931
1747 546 2191 2932
1634 561 2187 2933
1290 635 2687 2934
343 440 1193 2935
413 885 1610 2936
241 1263 2624 2937
-491 713 1146 2938
-187 413 955 2939
93 432 998 2940
339 452 1111 2941
616 237 1275 2942
850 42 1396 2943
982 35 1423 2944
1099 89 1505 2945
1271 136 1735 2946
1509 288 2059 2947
1883 409 2148 2948
2386 475 1704 2949
2854 288 858 2950
3260 -171 89 2951
4040 -596 -741 2952
4036 -499 -1146 2953
1821 159 -912 2954
-308 -1400 -846 2955
1415 -2453 1290 2956
2301 292 2410 2957
491 967 1041 2958
409 308 819 2959
1115 760 1337 2960
1049 308 1419 2961
546 70 1049 2962
436 109 1111 2963
471 97 1103 2964
471 148 986 2965
464 171 971 2966
421 198 951 2967
397 202 936 2968
401 179 928 2969
413 156 912 2970
425 230 694 2971
436 222 717 2972
409 234 990 2973
401 245 982 2974
413 195 928 2975
425 132 959 2976
436 42 1010 2977
444 46 1033 2978
370 101 1025 2979
276 101 967 2980
273 109 936 2981
343 354 1025 2982
362 577 1095 2983
374 612 998 2984
764 674 1209 2985
1521 819 1809 2986
1540 908 2297 2987
23 561 2304 2988
-11 647 2691 2989
366 1162 2476 2990
-413 1002 1298 2991
-401 588 811 2992
-89 436 826 2993
280 448 1049 2994
538 300 1201 2995
741 54 1287 2996
947 -62 1380 2997
1053 -54 1423 2998
1146 31 1528 2999
1345 152 1836 3000
1556 265 2117 3001
1879 366 2094 3002
2410 514 1571 3003
2753 70 522 3004
3432 -464 -230 3005
4270 -858 -885 3006
3970 -705 -803 3007
1563 1021 639 3008
-483 -230 74 3009
1322 -1934 897 3010
2219 308 2258 3011
752 612 1189 3012
772 409 1084 3013
1006 460 1302 3014
869 -7 1556 3015
682 397 1392 3016
421 179 1056 3017
413 109 1021 3018
432 156 990 3019
444 187 971 3020
432 210 936 3021
432 202 924 3022
417 183 939 3023
401 183 943 3024
397 195 893 3025
413 222 1021 3026
452 296 822 3027
409 202 768 3028
354 97 1002 3029
397 109 928 3030
432 89 971 3031
413 81 1010 3032
323 97 978 3033
241 54 943 3034
218 101 920 3035
265 390 1006 3036
366 585 1287 3037
776 588 1443 3038
1563 507 2016 3039
1774 487 2332 3040
1556 663 2316 3041
-897 600 982 3042
-768 783 1735 3043
674 1123 2749 3044
-417 799 1099 3045
-300 382 748 3046
-35 339 795 3047
288 444 978 3048
549 288 1170 3049
780 23 1314 3050
939 -19 1388 3051
1068 42 1489 3052
1224 97 1657 3053
1337 241 1883 3054
1587 413 2172 3055
2074 553 1981 3056
2628 471 1103 3057
3084 -339 241 3058
4122 -620 -573 3059
4215 -354 -1333 3060
822 -241 -858 3061
-1294 35 1084 3062
1318 -471 2414 3063
2340 -421 2230 3064
783 1025 1306 3065
690 1017 1064 3066
744 452 1146 3067
362 709 1084 3068
534 366 1193 3069
588 54 1084 3070
425 19 1045 3071
444 31 1010 3072
448 117 967 3073
440 152 959 3074
440 156 963 3075
444 152 951 3076
425 171 955 3077
409 105 967 3078
429 54 955 3079
468 97 920 3080
471 159 881 3081
456 206 858 3082
468 198 877 3083
479 171 936 3084
436 136 978 3085
366 132 971 3086
327 124 932 3087
347 140 924 3088
358 241 908 3089
370 335 1045 3090
522 409 1134 3091
1138 624 1528 3092
1836 885 2086 3093
1735 975 2527 3094
-752 339 1872 3095
-764 659 2273 3096
510 1407 2570 3097
-440 998 1119 3098
-386 635 752 3099
-101 491 799 3100
218 444 986 3101
526 237 1170 3102
764 27 1263 3103
897 -50 1275 3104
1014 -62 1337 3105
1177 46 1524 3106
1341 195 1751 3107
1532 421 1961 3108
2047 581 2063 3109
2694 600 1641 3110
2956 183 549 3111
3307 -218 -191 3112
4079 -713 -873 3113
2445 429 -1103 3114
234 1536 2067 3115
744 -241 2979 3116
1641 -705 1961 3117
1294 737 1942 3118
783 546 1162 3119
1033 401 1017 3120
850 518 791 3121
495 -120 936 3122
432 0 1053 3123
413 140 1014 3124
440 167 990 3125
432 159 928 3126
436 175 912 3127
429 210 936 3128
413 202 928 3129
409 198 932 3130
429 136 920 3131
425 120 900 3132
405 179 893 3133
397 195 893 3134
393 159 912 3135
413 113 928 3136
432 101 951 3137
432 105 967 3138
390 132 986 3139
312 152 990 3140
257 128 947 3141
261 183 893 3142
351 335 967 3143
370 444 1076 3144
975 440 1560 3145
1918 362 2304 3146
1840 518 2199 3147
1548 780 2328 3148
-1142 460 1407 3149
-1095 729 2016 3150
596 1209 2765 3151
-487 780 1173 3152
-308 425 838 3153
-7 386 885 3154
339 464 1056 3155
624 315 1197 3156
811 93 1287 3157
1006 35 1411 3158
1150 93 1513 3159
1306 206 1669 3160
1489 468 1930 3161
1872 569 2063 3162
2523 577 1712 3163
2952 214 744 3164
3155 -374 -93 3165
4044 -713 -822 3166
4071 -577 -1248 3167
-920 1524 702 3168
-4013 2199 2067 3169
768 -780 3513 3170
2546 -1111 3455 3171
772 990 1236 3172
850 464 1166 3173
928 444 1279 3174
-140 417 787 3175
-362 -269 737 3176
526 120 1088 3177
456 109 990 3178
456 128 982 3179
460 156 971 3180
440 152 943 3181
444 159 943 3182
452 148 951 3183
436 144 936 3184
425 159 932 3185
421 148 932 3186
413 132 943 3187
432 120 943 3188
444 89 885 3189
417 117 897 3190
386 187 916 3191
351 195 916 3192
335 124 943 3193
304 70 959 3194
308 109 932 3195
390 273 955 3196
452 374 1014 3197
721 362 1045 3198
1119 546 1302 3199
1649 737 1891 3200
1680 631 2386 3201
569 249 2616 3202
799 386 3307 3203
819 1103 2901 3204
-351 1099 1396 3205
-444 538 787 3206
-113 343 811 3207
276 374 1037 3208
526 148 1166 3209
709 -159 1220 3210
897 -210 1318 3211
1033 -167 1404 3212
1177 -81 1548 3213
1353 89 1809 3214
1567 405 2067 3215
2094 596 2082 3216
2753 569 1361 3217
2901 -101 179 3218
3693 -390 -409 3219
4208 -565 -1177 3220
3069 666 -444 3221
308 928 1228 3222
358 -1384 1883 3223
1716 -955 2269 3224
846 955 1599 3225
432 717 924 3226
819 752 1154 3227
939 620 1372 3228
464 -78 1244 3229
503 257 1138 3230
471 140 1029 3231
444 128 990 3232
456 128 967 3233
464 132 959 3234
444 163 947 3235
432 163 936 3236
432 74 1053 3237
448 70 1045 3238
417 253 947 3239
393 226 947 3240
417 117 928 3241
444 101 928 3242
471 93 932 3243
491 144 904 3244
413 191 889 3245
276 183 928 3246
261 128 943 3247
312 152 932 3248
401 288 939 3249
440 440 1025 3250
507 561 1115 3251
791 666 1205 3252
1766 741 1392 3253
2226 873 2421 3254
553 803 2940 3255
631 261 2971 3256
1010 647 2765 3257
-315 1232 1591 3258
-452 795 932 3259
-171 471 842 3260
140 401 943 3261
444 308 1099 3262
713 78 1240 3263
897 -74 1314 3264
1002 -42 1380 3265
1158 46 1536 3266
1404 117 1797 3267
1649 276 2074 3268
2148 393 2180 3269
2843 452 1626 3270
3170 -35 304 3271
3654 -534 -475 3272
4274 -686 -1053 3273
3888 -421 -1209 3274
1189 904 912 3275
-499 -1193 865 3276
1704 -2441 1719 3277
2180 702 2632 3278
588 924 1025 3279
666 468 1131 3280
994 327 1302 3281
448 93 1025 3282
214 491 830 3283
452 175 1014 3284
448 152 963 3285
444 171 975 3286
436 163 975 3287
421 183 928 3288
425 183 928 3289
421 175 932 3290
425 187 928 3291
518 175 924 3292
522 136 920 3293
448 156 900 3294
460 152 869 3295
471 183 791 3296
429 187 795 3297
409 128 822 3298
417 128 904 3299
323 113 971 3300
280 120 893 3301
331 191 916 3302
405 378 939 3303
331 561 916 3304
936 503 1224 3305
1556 627 1887 3306
1868 698 2605 3307
2145 608 3338 3308
-1049 483 1497 3309
-916 600 1957 3310
955 1025 3034 3311
-370 822 1127 3312
-304 401 729 3313
-50 393 741 3314
300 538 939 3315
561 401 1092 3316
772 206 1193 3317
986 171 1329 3318
1150 159 1446 3319
1345 210 1630 3320
1544 370 1879 3321
1891 460 2152 3322
2492 339 2016 3323
2983 105 1010 3324
3217 -499 -54 3325
4286 -939 -807 3326
4278 -612 -1283 3327
113 1825 702 3328
-2800 2847 1677 3329
479 -374 2616 3330
2059 -702 3201 3331
686 943 1450 3332
815 327 1240 3333
737 573 1322 3334
897 448 1669 3335
807 -93 1575 3336
429 202 1056 3337
448 152 998 3338
468 163 1017 3339
456 202 998 3340
436 191 947 3341
409 183 928 3342
390 202 912 3343
409 195 920 3344
440 187 928 3345
452 210 947 3346
448 179 947 3347
425 128 932 3348
432 144 916 3349
444 167 900 3350
393 156 928 3351
343 163 932 3352
351 163 908 3353
300 167 893 3354
261 187 904 3355
390 300 994 3356
483 335 971 3357
421 335 986 3358
1142 378 1521 3359
1973 503 2464 3360
2043 881 2402 3361
1891 1072 2343 3362
-1045 331 1287 3363
-951 269 1938 3364
783 994 2819 3365
-331 815 1158 3366
-202 452 819 3367
62 421 838 3368
358 530 967 3369
577 425 1072 3370
803 226 1209 3371
1025 132 1361 3372
1154 124 1431 3373
1314 198 1583 3374
1482 378 1848 3375
1844 565 2086 3376
2496 514 1895 3377
2944 210 928 3378
3143 -226 -27 3379
4032 -534 -733 3380
4024 -495 -1185 3381
-651 581 105 3382
-3935 1649 1255 3383
-15 -19 2979 3384
1852 -1053 3272 3385
764 822 1470 3386
885 733 1240 3387
924 799 1275 3388
1290 495 1380 3389
924 -647 1283 3390
491 -93 1119 3391
503 54 1053 3392
483 136 1002 3393
432 140 982 3394
417 148 975 3395
413 163 955 3396
405 152 936 3397
421 152 924 3398
432 148 928 3399
444 97 912 3400
495 93 936 3401
495 191 748 3402
487 187 698 3403
499 124 838 3404
464 62 893 3405
452 11 1010 3406
354 78 986 3407
292 78 936 3408
308 74 904 3409
323 226 897 3410
425 397 967 3411
663 440 1224 3412
1560 686 2262 3413
2047 616 2433 3414
1762 499 2125 3415
1415 733 2691 3416
908 772 1427 3417
733 1189 1751 3418
226 1310 2503 3419
-347 733 1150 3420
-234 284 795 3421
66 273 854 3422
378 429 1041 3423
663 304 1193 3424
842 81 1271 3425
994 -7 1353 3426
1138 31 1458 3427
1329 167 1657 3428
1575 374 1961 3429
1872 460 2121 3430
2336 393 1797 3431
2757 265 955 3432
3143 -198 144 3433
4239 -717 -881 3434
4122 -479 -1349 3435
1641 -811 -97 3436
-596 -1142 401 3437
1146 -1290 1669 3438
2191 -163 2511 3439
624 1275 1259 3440
452 468 986 3441
939 889 1138 3442
1661 276 1743 3443
1134 -670 1708 3444
413 0 1123 3445
444 50 1037 3446
468 136 998 3447
468 167 990 3448
440 195 955 3449
429 195 936 3450
432 171 936 3451
417 175 928 3452
401 152 955 3453
401 152 955 3454
429 120 900 3455
432 105 900 3456
429 120 920 3457
425 97 928 3458
401 93 955 3459
331 152 982 3460
327 159 1017 3461
296 113 986 3462
191 117 912 3463
237 171 932 3464
370 280 994 3465
401 448 971 3466
1298 510 1731 3467
2031 331 2059 3468
1700 436 1895 3469
1345 663 2566 3470
300 378 1259 3471
120 842 1540 3472
132 1310 2445 3473
-444 756 1107 3474
-241 421 815 3475
109 468 943 3476
417 538 1099 3477
600 331 1170 3478
780 109 1251 3479
982 46 1384 3480
1142 74 1521 3481
1302 144 1704 3482
1454 296 1934 3483
1794 413 2109 3484
2359 409 1821 3485
2808 187 881 3486
3135 -280 23 3487
3950 -705 -861 3488
3888 -604 -1326 3489
1649 -655 -436 3490
-1076 -1080 312 3491
744 -1462 1895 3492
2355 -183 2593 3493
670 1341 1333 3494
585 456 1068 3495
951 826 1290 3496
1267 791 1950 3497
1060 -339 1899 3498
600 -89 1189 3499
452 70 1037 3500
432 132 994 3501
444 140 990 3502
436 159 963 3503
429 171 951 3504
429 156 947 3505
421 156 928 3506
370 85 1014 3507
374 74 1014 3508
429 136 928 3509
425 132 939 3510
409 148 916 3511
401 156 908 3512
405 89 963 3513
370 66 990 3514
335 93 990 3515
300 97 990 3516
234 152 943 3517
249 276 912 3518
370 378 986 3519
413 448 1142 3520
1127 616 1794 3521
1895 514 2043 3522
1778 479 2063 3523
1322 698 2636 3524
1111 624 1474 3525
861 1029 1571 3526
93 1287 2258 3527
-319 776 1131 3528
-237 417 756 3529
-11 425 787 3530
308 514 1029 3531
573 323 1220 3532
756 81 1306 3533
928 15 1400 3534
1095 19 1517 3535
1275 39 1688 3536
1380 89 1887 3537
1587 226 2078 3538
2129 382 2024 3539
2753 362 1306 3540
3123 -292 214 3541
3981 -635 -811 3542
4036 -526 -1524 3543
1680 -530 245 3544
-600 -253 2012 3545
1072 -1333 2909 3546
2164 -429 2503 3547
557 1084 854 3548
538 230 904 3549
729 354 939 3550
1025 347 1489 3551
928 -15 1614 3552
382 66 936 3553
417 140 908 3554
440 179 1010 3555
452 230 990 3556
432 226 924 3557
425 214 924 3558
444 202 936 3559
448 195 939 3560
436 198 928 3561
432 202 920 3562
436 183 928 3563
444 167 924 3564
452 167 912 3565
425 175 916 3566
409 171 916 3567
397 179 963 3568
323 230 963 3569
296 210 897 3570
331 167 900 3571
409 237 932 3572
413 354 939 3573
514 596 1162 3574
1407 764 1766 3575
2148 596 2152 3576
1782 577 2094 3577
1107 682 2453 3578
1836 994 2394 3579
1696 1524 2683 3580
109 1240 2414 3581
-284 526 1107 3582
-136 284 815 3583
97 347 799 3584
362 468 924 3585
620 425 1072 3586
819 296 1173 3587
975 249 1275 3588
1158 319 1427 3589
1396 413 1680 3590
1599 522 1957 3591
1969 713 2148 3592
2550 608 1786 3593
2979 35 776 3594
3315 -483 -50 3595
4329 -791 -947 3596
2733 748 -2028 3597
854 2312 1306 3598
596 -471 2741 3599
1450 -1934 2320 3600
1950 741 2570 3601
335 776 803 3602
737 553 1103 3603
1029 514 1528 3604
616 -42 1345 3605
639 421 1111 3606
483 124 1037 3607
464 105 1006 3608
448 163 975 3609
448 167 959 3610
436 163 959 3611
421 167 947 3612
417 152 936 3613
405 163 920 3614
413 187 924 3615
487 249 737 3616
479 222 741 3617
432 140 939 3618
432 148 920 3619
378 89 951 3620
390 78 982 3621
440 117 1002 3622
374 117 1002 3623
284 81 959 3624
269 105 939 3625
386 312 994 3626
475 468 1095 3627
471 573 1064 3628
647 776 1162 3629
1337 881 1700 3630
1478 815 2191 3631
487 592 2480 3632
2468 -280 4399 3633
2453 245 4165 3634
-269 1173 1680 3635
-374 592 939 3636
-191 335 729 3637
132 479 873 3638
440 499 1076 3639
682 230 1224 3640
838 70 1298 3641
975 50 1407 3642
1138 70 1571 3643
1298 144 1778 3644
1435 276 2028 3645
1891 432 2207 3646
2581 475 1766 3647
2932 -105 592 3648
3474 -616 -257 3649
4247 -826 -990 3650
3252 -335 -1033 3651
1638 1965 1314 3652
448 -304 1002 3653
1641 -3346 1119 3654
2195 -78 2090 3655
440 1092 713 3656
780 475 1045 3657
1528 -62 2012 3658
1236 -269 1926 3659
604 491 1205 3660
425 198 1045 3661
440 152 978 3662
432 156 986 3663
382 81 990 3664
397 85 963 3665
421 163 939 3666
401 128 939 3667
405 117 943 3668
417 101 947 3669
347 167 1021 3670
343 167 1014 3671
425 85 943 3672
440 66 904 3673
444 42 924 3674
425 85 1002 3675
335 124 994 3676
269 70 963 3677
249 105 928 3678
343 319 947 3679
354 456 893 3680
405 491 897 3681
721 631 1154 3682
1368 729 1645 3683
1638 643 2246 3684
951 600 2831 3685
3919 -300 5253 3686
3490 124 4629 3687
-405 1197 1493 3688
-397 721 881 3689
-191 487 744 3690
191 483 939 3691
514 390 1142 3692
721 128 1240 3693
908 -23 1337 3694
1049 -46 1431 3695
1209 -15 1583 3696
1411 70 1852 3697
1606 237 2129 3698
2028 382 2203 3699
2659 456 1544 3700
3045 -214 374 3701
3806 -670 -347 3702
4223 -838 -1138 3703
2086 530 -1201 3704
-1017 1131 0 3705
128 -1002 1704 3706
1704 -994 2566 3707
815 744 1700 3708
510 425 1021 3709
1037 1053 1376 3710
1782 647 1716 3711
1092 -760 1411 3712
413 23 1088 3713
440 117 1006 3714
452 167 990 3715
448 167 998 3716
444 175 990 3717
432 167 959 3718
429 136 943 3719
417 144 936 3720
405 171 924 3721
425 136 881 3722
432 113 877 3723
417 152 932 3724
413 152 932 3725
421 124 912 3726
386 89 916 3727
347 117 959 3728
339 163 994 3729
300 124 971 3730
265 85 936 3731
276 218 900 3732
390 382 978 3733
487 440 1127 3734
1017 503 1712 3735
1833 468 2312 3736
1856 542 2219 3737
1435 713 2418 3738
-1111 526 1579 3739
-659 815 2324 3740
908 1259 2917 3741
-351 861 1275 3742
-257 351 877 3743
27 269 893 3744
366 397 1095 3745
588 269 1209 3746
737 70 1255 3747
904 35 1333 3748
1072 50 1458 3749
1255 113 1661 3750
1400 210 1907 3751
1645 390 2109 3752
2156 534 1977 3753
2722 409 1279 3754
3116 -370 296 3755
4095 -846 -612 3756
4020 -588 -1131 3757
1384 58 -1002 3758
-620 -46 -503 3759
1563 -1029 1513 3760
2441 0 2289 3761
444 772 939 3762
573 448 873 3763
893 261 990 3764
452 288 932 3765
370 386 998 3766
483 97 904 3767
483 120 947 3768
456 81 1010 3769
421 124 975 3770
425 132 959 3771
417 120 959 3772
405 109 955 3773
421 128 916 3774
425 140 912 3775
401 269 612 3776
409 261 620 3777
436 93 928 3778
432 97 900 3779
378 105 924 3780
343 120 963 3781
323 163 967 3782
323 124 955 3783
304 93 939 3784
284 120 912 3785
397 304 1041 3786
510 464 1119 3787
861 542 1384 3788
1524 557 2078 3789
1907 639 2343 3790
1626 912 2421 3791
-819 464 1587 3792
-709 429 2078 3793
557 1103 2542 3794
-464 994 1154 3795
-339 608 858 3796
31 514 971 3797
284 495 1025 3798
479 288 1088 3799
748 97 1294 3800
635 -167 1146 3801
854 -152 1185 3802
1333 81 1634 3803
1361 128 1883 3804
1528 273 2133 3805
1996 386 2141 3806
2620 -179 1407 3807
2991 -729 245 3808
3619 -557 -483 3809
3006 -179 -1072 3810
932 -581 -553 3811
-612 -764 1154 3812
1466 -1150 2640 3813
2663 -210 2379 3814
639 908 1107 3815
557 666 1033 3816
795 741 1162 3817
803 179 1341 3818
647 81 1314 3819
327 152 990 3820
417 120 1006 3821
432 167 998 3822
413 195 959 3823
429 202 939 3824
436 191 932 3825
432 179 947 3826
429 183 939 3827
425 183 928 3828
409 187 916 3829
401 191 912 3830
436 187 916 3831
425 159 916 3832
393 136 912 3833
382 117 908 3834
393 113 943 3835
401 156 1002 3836
323 156 975 3837
276 171 916 3838
249 257 908 3839
308 335 924 3840
429 409 1076 3841
585 639 1298 3842
647 1010 1201 3843
1170 1209 1524 3844
1563 1115 2226 3845
-261 530 1719 3846
-374 869 2141 3847
304 1485 2316 3848
-522 955 1099 3849
-358 491 815 3850
-66 401 842 3851
187 471 932 3852
417 405 1021 3853
643 257 1146 3854
854 156 1283 3855
1049 120 1423 3856
1259 144 1610 3857
1439 222 1809 3858
1638 440 2051 3859
2117 503 2141 3860
2780 354 1571 3861
3053 -148 343 3862
3716 -499 -530 3863
4262 -787 -1251 3864
3143 -569 62 3865
335 54 1821 3866
479 -889 2367 3867
1626 -939 2402 3868
616 744 1345 3869
195 565 795 3870
713 721 1099 3871
990 651 1407 3872
393 -171 889 3873
358 218 752 3874
468 198 1017 3875
471 183 998 3876
456 179 975 3877
456 171 971 3878
421 187 955 3879
421 183 947 3880
417 183 936 3881
405 179 920 3882
417 156 924 3883
417 132 932 3884
413 132 932 3885
425 140 936 3886
429 148 928 3887
409 159 920 3888
386 136 967 3889
413 70 1045 3890
429 42 1056 3891
339 58 1014 3892
234 148 971 3893
241 300 904 3894
358 351 939 3895
518 401 1115 3896
1322 561 1985 3897
1817 440 2238 3898
1587 487 2047 3899
1201 647 2433 3900
156 85 1185 3901
269 522 1661 3902
374 1255 2410 3903
-343 842 1049 3904
-296 479 702 3905
-15 456 807 3906
312 510 1025 3907
518 315 1134 3908
682 85 1209 3909
865 -3 1306 3910
1014 -35 1419 3911
1181 19 1606 3912
1384 183 1911 3913
1762 343 2301 3914
2726 651 2332 3915
3533 581 1505 3916
3591 -354 -15 3917
4153 -249 -1392 3918
3599 -120 -1743 3919
1248 -319 752 3920
815 -776 2772 3921
1458 -296 2226 3922
1220 971 1708 3923
471 663 971 3924
374 405 647 3925
1045 66 1014 3926
822 -195 1131 3927
475 19 1002 3928
448 152 998 3929
440 124 998 3930
464 132 978 3931
452 152 963 3932
432 156 967 3933
429 136 971 3934
425 136 955 3935
409 152 936 3936
409 156 932 3937
417 144 932 3938
413 148 936 3939
417 148 939 3940
448 253 709 3941
429 249 694 3942
390 171 955 3943
401 159 1006 3944
417 132 1010 3945
390 128 967 3946
300 159 947 3947
222 276 967 3948
191 288 959 3949
269 362 1103 3950
347 444 1275 3951
1388 569 2273 3952
2086 659 2601 3953
1618 670 2047 3954
600 588 1922 3955
1836 -54 2991 3956
1595 93 2581 3957
-663 725 686 3958
-386 741 565 3959
-136 612 725 3960
3 409 791 3961
81 296 709 3962
206 191 702 3963
460 89 885 3964
725 23 1131 3965
1064 -31 1443 3966
1376 -42 1649 3967
1610 -27 1680 3968
1969 74 1649 3969
2242 343 1384 3970
2316 471 865 3971
2250 124 280 3972
2379 -300 -113 3973
2527 -409 -1107 3974
912 -659 -1158 3975
85 -175 1158 3976
659 -276 1739 3977
877 -854 1482 3978
1322 713 1696 3979
2059 -27 1899 3980
1641 -916 1794 3981
444 206 1072 3982
358 206 1010 3983
374 195 928 3984
409 175 936 3985
448 171 955 3986
421 163 971 3987
417 152 975 3988
421 144 963 3989
405 148 955 3990
405 132 959 3991
409 140 947 3992
390 152 943 3993
401 140 947 3994
413 136 947 3995
405 140 951 3996
397 136 943 3997
390 136 943 3998
397 136 943 3999
401 136 932 4000
405 136 939 4001
413 136 955 4002
417 136 947 4003
436 132 951 4004
425 136 951 4005
401 140 943 4006
397 136 951 4007
413 140 955 4008
425 132 963 4009
432 128 963 4010
413 128 951 4011
393 136 955 4012
378 144 955 4013
358 156 947 4014
370 159 947 4015
386 152 947 4016
370 156 947 4017
374 156 951 4018
386 144 963 4019
382 148 963 4020
386 152 959 4021
382 152 955 4022
370 152 947 4023
386 152 959 4024
401 148 951 4025
405 144 947 4026
397 144 951 4027
390 144 947 4028
401 144 955 4029
401 144 955 4030
393 148 943 4031
390 148 943 4032
390 152 947 4033
393 148 955 4034
397 144 959 4035
401 140 963 4036
401 140 947 4037
405 148 951 4038
405 136 959 4039
401 132 947 4040
405 144 951 4041
397 148 947 4042
393 148 943 4043
397 148 943 4044
405 144 947 4045
409 140 947 4046
405 144 947 4047
397 144 943 4048
397 148 943 4049
401 148 947 4050
393 144 951 4051
397 144 955 4052
401 144 943 4053
397 148 939 4054
397 144 943 4055
397 144 951 4056
397 152 951 4057
390 148 951 4058
390 148 951 4059
386 152 955 4060
386 152 955 4061
390 148 947 4062
390 148 943 4063
393 148 943 4064
