397 159 947 1
393 159 947 2
390 159 947 3
393 163 943 4
393 163 951 5
390 163 951 6
390 159 947 7
393 156 947 8
393 156 947 9
393 163 951 10
397 167 951 11
397 163 943 12
393 159 943 13
393 159 939 14
393 159 939 15
393 159 947 16
393 163 947 17
393 159 947 18
401 156 943 19
393 159 943 20
390 156 947 21
393 156 947 22
390 163 947 23
390 171 943 24
390 163 943 25
393 163 947 26
393 163 951 27
390 159 951 28
397 167 947 29
401 159 955 30
401 152 955 31
413 163 978 32
405 175 982 33
386 175 955 34
382 167 947 35
382 171 947 36
382 171 951 37
382 171 947 38
378 179 955 39
347 179 955 40
319 183 967 41
280 198 1002 42
280 128 1088 43
362 546 1302 44
351 908 1439 45
46 744 1396 46
-292 752 1326 47
-651 834 1290 48
-1010 518 1306 49
-1010 140 1478 50
-822 50 1692 51
-581 -19 1758 52
-288 50 1743 53
11 179 1630 54
269 331 1446 55
444 432 1216 56
588 421 1045 57
795 351 1080 58
971 241 1092 59
1103 97 850 60
1310 -31 530 61
1540 -66 276 62
1692 -58 97 63
2211 70 -62 64
2172 144 608 65
1060 261 1185 66
1103 604 1649 67
1056 417 1770 68
148 105 959 69
152 273 799 70
596 401 1092 71
768 401 1251 72
518 288 1119 73
561 237 1318 74
577 273 1326 75
378 218 994 76
409 191 978 77
401 183 982 78
397 167 982 79
417 159 971 80
425 171 959 81
421 183 963 82
421 179 963 83
405 183 947 84
386 195 939 85
378 191 936 86
382 179 932 87
397 171 928 88
397 167 936 89
382 148 939 90
370 136 939 91
366 156 951 92
382 175 959 93
390 152 990 94
382 62 994 95
269 113 939 96
198 241 936 97
351 308 971 98
413 393 971 99
604 542 1166 100
1314 686 1938 101
1626 503 2070 102
1485 557 1883 103
1189 744 2398 104
202 -152 1454 105
152 42 1821 106
85 900 2390 107
-573 588 1162 108
-312 436 1010 109
93 499 1162 110
382 436 1255 111
577 210 1294 112
756 35 1372 113
947 15 1497 114
1099 50 1645 115
1212 132 1794 116
1372 273 1981 117
1813 327 2117 118
2472 858 1638 119
2737 284 530 120
3049 -432 -159 121
3619 -58 -741 122
3467 -245 -971 123
2262 776 772 124
-23 978 1294 125
1146 -799 1723 126
2141 -577 2390 127
608 834 1337 128
432 608 986 129
616 729 1127 130
776 705 1232 131
569 117 1138 132
487 312 1076 133
358 249 1037 134
432 175 1021 135
460 171 1014 136
448 175 998 137
444 183 978 138
425 187 959 139
405 191 939 140
405 206 928 141
413 198 928 142
409 195 924 143
413 198 912 144
425 187 900 145
413 179 904 146
409 152 928 147
417 140 959 148
405 132 998 149
315 167 986 150
269 195 959 151
280 222 947 152
323 319 951 153
331 413 1021 154
647 503 1326 155
1419 678 1770 156
1930 624 2035 157
1723 557 2086 158
764 585 2094 159
2921 214 3942 160
3057 546 4173 161
-19 1010 1918 162
-452 666 990 163
-335 448 721 164
-66 507 807 165
230 499 1017 166
518 276 1232 167
694 50 1333 168
815 -39 1368 169
959 -23 1482 170
1107 70 1638 171
1259 226 1825 172
1719 362 2168 173
2457 702 1992 174
2901 522 795 175
2925 -401 -136 176
3794 -526 -569 177
3279 117 -1895 178
1021 -66 -1353 179
-124 -764 319 180
1337 -546 2051 181
2024 612 2468 182
378 608 963 183
464 491 881 184
787 620 1150 185
846 343 1146 186
869 308 1123 187
471 89 1076 188
421 128 1006 189
429 136 1014 190
421 140 978 191
421 152 959 192
421 144 955 193
401 128 955 194
393 148 947 195
409 148 939 196
452 105 955 197
366 132 1002 198
319 85 1049 199
390 50 1010 200
362 128 932 201
378 167 943 202
382 163 963 203
335 124 971 204
331 89 978 205
308 101 963 206
315 245 920 207
366 386 912 208
538 483 1138 209
932 713 1599 210
1493 733 1836 211
1899 678 2000 212
1322 744 2269 213
-460 85 2016 214
-709 234 2223 215
-113 1064 2160 216
-518 939 1138 217
-436 663 791 218
-11 503 1029 219
323 327 1244 220
510 58 1302 221
682 -124 1368 222
838 -167 1439 223
955 -148 1505 224
1111 -85 1680 225
1240 31 1899 226
1454 257 2051 227
2020 479 1918 228
2640 401 1177 229
2889 -113 269 230
3654 -374 -436 231
3946 -620 -1111 232
1255 -1181 85 233
-865 -510 1961 234
975 -549 2652 235
1727 -393 2457 236
709 963 1466 237
588 553 1053 238
893 932 1290 239
881 752 1368 240
323 -89 1095 241
308 222 998 242
452 159 1033 243
440 183 994 244
429 171 978 245
432 202 986 246
417 202 971 247
409 175 943 248
417 171 936 249
409 187 928 250
417 195 936 251
440 163 951 252
432 156 939 253
405 167 865 254
370 163 854 255
347 245 850 256
401 214 920 257
378 89 1037 258
312 58 959 259
241 113 893 260
218 265 893 261
343 378 904 262
421 382 885 263
499 510 947 264
1357 748 1782 265
1899 783 2223 266
1509 760 2090 267
912 565 2457 268
3685 -58 4754 269
3287 565 4461 270
-347 1189 1673 271
-370 510 1002 272
-249 210 713 273
46 354 807 274
323 510 994 275
526 358 1115 276
717 167 1220 277
928 144 1392 278
1142 171 1563 279
1298 198 1704 280
1489 374 1977 281
1922 546 2215 282
2597 585 1805 283
3053 159 499 284
3435 -432 -390 285
4243 -709 -1006 286
4282 448 -2078 287
1505 495 -600 288
3 -1111 1641 289
1380 -994 2593 290
1450 581 2195 291
444 752 916 292
600 444 994 293
885 507 1138 294
776 148 1127 295
795 234 1154 296
495 132 1014 297
444 128 986 298
444 117 1014 299
425 132 1014 300
425 128 986 301
405 136 959 302
378 152 947 303
382 140 939 304
393 124 939 305
405 120 951 306
417 109 951 307
483 144 897 308
464 159 846 309
378 140 893 310
351 159 924 311
304 175 900 312
288 132 928 313
292 74 928 314
304 152 920 315
397 351 939 316
444 448 904 317
631 444 955 318
1021 585 1384 319
1501 768 1774 320
1673 717 2113 321
604 401 2324 322
2410 -335 4005 323
2901 206 4274 324
198 1037 1961 325
-335 585 873 326
-249 335 635 327
85 421 826 328
358 452 1037 329
549 222 1158 330
741 23 1232 331
924 -31 1376 332
1134 -23 1595 333
1326 3 1751 334
1415 81 1899 335
1587 183 2125 336
2102 382 2051 337
2609 401 1158 338
3073 -409 50 339
3806 -553 -791 340
3825 -425 -1212 341
861 -425 -1868 342
-1072 -152 -534 343
1747 -737 2453 344
2226 -89 2351 345
343 791 990 346
241 171 815 347
772 729 1150 348
1209 460 1450 349
815 -284 1290 350
464 144 1080 351
444 93 1053 352
417 109 1021 353
425 140 1006 354
393 167 955 355
393 171 939 356
405 152 959 357
393 136 955 358
432 132 971 359
444 136 975 360
405 132 955 361
432 101 963 362
436 93 959 363
390 89 978 364
374 66 994 365
327 120 971 366
269 183 967 367
257 97 971 368
237 27 951 369
261 175 951 370
382 440 1049 371
620 530 1290 372
1154 620 1868 373
1684 729 2211 374
1712 600 2059 375
1431 694 2312 376
-912 128 1353 377
-694 237 2004 378
846 1166 2847 379
-179 955 1349 380
-323 491 830 381
-70 323 815 382
273 382 990 383
468 261 1099 384
674 -23 1224 385
904 -148 1353 386
1072 -105 1462 387
1205 7 1622 388
1368 128 1891 389
1618 315 2254 390
2117 604 2176 391
2726 577 1228 392
3069 -468 171 393
3911 -772 -432 394
4157 -592 -1158 395
986 -514 -1864 396
-1216 405 -565 397
1166 -456 2449 398
2043 -284 2675 399
351 709 932 400
604 499 858 401
1166 358 1068 402
491 105 834 403
304 70 916 404
456 -35 1033 405
436 89 998 406
429 120 990 407
417 144 982 408
397 273 768 409
397 261 768 410
413 124 978 411
409 179 986 412
409 195 975 413
401 140 947 414
417 101 932 415
444 50 932 416
452 74 928 417
440 136 912 418
366 187 900 419
312 198 908 420
308 148 943 421
319 46 959 422
327 58 943 423
405 273 990 424
522 429 1092 425
546 448 1037 426
686 577 1193 427
1255 713 1719 428
1583 744 2250 429
975 702 2632 430
3946 -124 4804 431
3892 382 4824 432
35 1271 2082 433
-304 627 1092 434
-191 292 811 435
105 300 916 436
374 280 1107 437
596 46 1220 438
776 -81 1310 439
924 -62 1392 440
1072 15 1509 441
1263 156 1731 442
1485 319 2020 443
1844 557 2145 444
2414 674 1751 445
2897 195 768 446
3201 -448 15 447
4102 -748 -729 448
4028 -631 -1216 449
1848 1006 -296 450
128 292 -249 451
1688 -1462 1427 452
2277 319 2523 453
744 955 1060 454
955 729 1177 455
803 315 1326 456
148 -85 975 457
253 339 854 458
448 210 1017 459
425 191 1014 460
417 191 978 461
425 210 955 462
425 226 932 463
413 198 928 464
401 144 939 465
393 124 943 466
405 101 1002 467
417 93 1002 468
397 78 1010 469
393 85 998 470
413 136 924 471
393 81 978 472
362 62 1010 473
354 128 982 474
331 97 971 475
257 66 955 476
300 167 939 477
495 378 1080 478
631 522 1337 479
1115 725 1938 480
1700 748 2285 481
1805 690 2262 482
1302 811 2624 483
565 588 1396 484
717 1010 1868 485
304 1329 2632 486
-503 713 1142 487
-300 347 850 488
31 386 943 489
312 436 1092 490
553 202 1224 491
787 0 1349 492
877 -70 1396 493
1017 -35 1517 494
1283 85 1766 495
1493 237 2043 496
1887 300 2242 497
2550 436 1801 498
3201 -66 733 499
3416 -772 -179 500
4200 -869 -885 501
3693 -514 -2039 502
1411 -413 -97 503
1427 -854 2613 504
1751 35 2059 505
581 760 1095 506
440 425 819 507
721 553 811 508
624 487 897 509
386 187 1021 510
288 105 990 511
421 132 1021 512
421 210 986 513
425 198 978 514
409 210 943 515
409 202 916 516
397 183 947 517
382 175 959 518
386 183 943 519
393 167 939 520
405 120 932 521
409 120 924 522
401 276 698 523
390 284 709 524
358 140 978 525
358 167 967 526
327 230 916 527
257 152 912 528
210 140 943 529
206 280 943 530
339 413 978 531
362 518 1053 532
982 565 1747 533
1930 569 2386 534
1907 803 2425 535
1076 900 2667 536
1992 269 2694 537
1649 686 2593 538
-405 1326 1942 539
-592 791 1041 540
-300 471 885 541
85 487 1010 542
362 452 1119 543
577 257 1189 544
733 113 1236 545
889 81 1333 546
1103 117 1528 547
1329 206 1755 548
1470 351 1973 549
1751 483 2160 550
2410 499 1926 551
3045 210 900 552
3451 -354 -113 553
4332 -834 -939 554
3186 -323 -1064 555
1708 1501 1485 556
967 -273 1567 557
1497 -2277 975 558
1985 269 1895 559
495 1092 1037 560
709 487 1029 561
1080 538 1287 562
499 245 1072 563
261 42 978 564
417 35 1045 565
401 148 1002 566
378 175 971 567
386 163 955 568
386 183 939 569
382 198 943 570
401 191 939 571
386 187 939 572
390 163 982 573
421 120 982 574
409 120 947 575
409 144 943 576
393 159 947 577
421 144 978 578
413 183 1002 579
397 210 1017 580
335 117 998 581
163 50 947 582
144 148 877 583
300 343 924 584
382 429 1041 585
1006 452 1524 586
1758 417 2250 587
1829 518 2367 588
1415 686 2410 589
-663 245 1384 590
-518 561 1934 591
429 1240 2628 592
-475 861 1228 593
-343 444 861 594
-58 382 865 595
273 475 1037 596
561 343 1209 597
733 105 1271 598
893 46 1349 599
1111 89 1540 600
1337 128 1751 601
1482 253 1907 602
1680 479 2070 603
2184 538 2031 604
2757 351 1251 605
3116 -249 97 606
4212 -709 -858 607
4243 -549 -1368 608
1497 2082 468 609
-1197 1548 1684 610
776 -2137 2199 611
2129 -702 2433 612
756 1349 1326 613
858 354 1251 614
947 631 1384 615
725 776 1306 616
382 -304 1209 617
354 -132 1142 618
331 136 1029 619
366 210 1021 620
405 144 986 621
397 136 959 622
397 167 955 623
397 140 963 624
393 97 916 625
397 89 908 626
386 109 951 627
386 109 943 628
417 113 924 629
429 89 943 630
440 66 975 631
405 89 959 632
335 120 955 633
273 105 955 634
265 97 924 635
374 218 963 636
421 425 998 637
655 507 1205 638
1310 651 1883 639
1887 655 2289 640
1864 600 2265 641
1571 846 2870 642
1244 799 1267 643
994 1259 1462 644
366 1368 2667 645
-308 538 1158 646
-234 159 791 647
89 265 861 648
436 386 1072 649
682 202 1212 650
854 15 1248 651
986 3 1345 652
1173 105 1571 653
1353 222 1821 654
1552 479 2047 655
2199 569 2184 656
2956 518 1536 657
3065 -70 183 658
3506 -393 -351 659
4212 -721 -978 660
3182 393 -2538 661
218 265 -986 662
538 -1583 2172 663
1922 -573 2519 664
666 569 1384 665
234 66 846 666
846 885 1240 667
1365 850 1864 668
920 -421 1774 669
471 -7 1193 670
425 156 1053 671
421 175 1014 672
436 167 986 673
421 148 978 674
413 132 975 675
413 124 971 676
393 132 959 677
378 152 947 678
382 152 928 679
401 144 932 680
393 144 936 681
378 136 904 682
405 128 912 683
413 97 971 684
354 85 1006 685
288 93 1006 686
276 58 959 687
257 117 900 688
370 265 971 689
464 425 1002 690
577 518 1084 691
1131 776 1583 692
1665 772 2043 693
1700 651 2184 694
1255 776 2702 695
4157 397 5011 696
3510 990 4430 697
-347 1474 1684 698
-300 698 1092 699
-148 335 830 700
144 347 908 701
386 382 1029 702
678 249 1212 703
904 105 1333 704
971 23 1318 705
1103 74 1446 706
1326 159 1731 707
1497 284 1992 708
1844 432 2067 709
2418 612 1684 710
2960 261 807 711
3490 -495 -35 712
4262 -873 -900 713
3307 218 -2340 714
916 1092 569 715
97 -284 2546 716
1474 -1154 2554 717
1739 678 2780 718
378 986 873 719
904 690 1162 720
1220 842 1770 721
698 265 1478 722
624 503 1076 723
452 265 990 724
401 120 994 725
425 120 994 726
432 140 982 727
421 167 955 728
401 175 947 729
390 163 943 730
393 175 932 731
413 167 920 732
425 140 916 733
417 152 955 734
425 144 924 735
432 128 889 736
425 97 924 737
390 97 955 738
319 156 971 739
273 156 951 740
292 140 943 741
374 237 975 742
401 382 1037 743
499 542 1138 744
943 838 1357 745
1782 877 1985 746
1883 760 2546 747
939 721 2886 748
3818 -319 5109 749
3771 85 4812 750
15 1216 1911 751
-343 674 967 752
-241 292 674 753
113 308 842 754
421 347 1064 755
627 156 1158 756
803 -11 1224 757
967 -46 1337 758
1142 23 1497 759
1337 124 1704 760
1513 280 1957 761
1977 390 2148 762
2655 479 1739 763
3123 163 569 764
3474 -436 -296 765
4188 -744 -943 766
3092 709 -2145 767
546 900 105 768
183 -1228 1493 769
1435 -569 1934 770
1462 1173 2538 771
674 553 1127 772
904 811 1322 773
1010 475 1548 774
608 -495 1361 775
429 50 1181 776
421 101 1115 777
436 187 994 778
401 198 963 779
382 218 936 780
390 413 647 781
374 378 643 782
351 144 963 783
397 124 947 784
436 124 908 785
417 120 936 786
491 226 741 787
530 265 760 788
409 237 936 789
358 191 920 790
315 132 924 791
257 159 943 792
265 101 975 793
261 120 936 794
343 284 947 795
401 444 978 796
483 530 1064 797
861 741 1497 798
1552 850 1977 799
1622 943 2425 800
604 744 2808 801
994 460 3260 802
826 967 2792 803
-503 1131 1474 804
-464 705 924 805
-195 549 877 806
120 518 986 807
440 386 1170 808
666 144 1279 809
854 -11 1345 810
1017 -39 1450 811
1181 11 1587 812
1365 120 1797 813
1560 304 2117 814
2043 475 2265 815
2749 557 1680 816
3108 -78 429 817
3595 -581 -331 818
4200 -690 -1041 819
3927 -565 -998 820
2811 861 694 821
557 -241 351 822
854 -2047 1298 823
1809 280 2308 824
639 748 1056 825
826 276 1142 826
1002 573 1224 827
990 -74 1548 828
815 167 1435 829
354 195 1014 830
370 128 1002 831
409 159 994 832
421 179 978 833
409 195 951 834
409 191 943 835
417 183 924 836
401 187 912 837
405 179 939 838
417 132 924 839
409 113 916 840
413 148 928 841
401 179 912 842
390 148 932 843
429 7 1037 844
401 54 1056 845
292 144 963 846
210 156 936 847
202 234 885 848
315 366 904 849
487 616 1154 850
276 815 889 851
323 1177 854 852
1177 1450 1575 853
1415 1134 2148 854
-932 468 1216 855
-655 620 1953 856
682 1181 2761 857
-315 943 1329 858
-226 499 908 859
-19 370 830 860
241 495 959 861
495 444 1092 862
733 218 1212 863
943 117 1357 864
1084 124 1443 865
1255 195 1610 866
1435 339 1872 867
1727 491 2098 868
2297 491 1934 869
2889 335 1193 870
3096 -374 312 871
3958 -655 -616 872
4235 -686 -1392 873
1349 -1591 -296 874
-1006 -1267 846 875
1446 -1509 1899 876
2281 -468 2176 877
319 1357 861 878
198 390 748 879
721 565 1173 880
460 510 1380 881
105 -241 1240 882
409 -42 1056 883
421 39 1033 884
432 66 1053 885
425 89 1033 886
405 124 975 887
413 136 951 888
417 97 959 889
386 93 951 890
378 120 939 891
409 105 936 892
479 46 885 893
475 54 885 894
421 105 916 895
409 109 873 896
386 0 889 897
339 -3 963 898
312 62 998 899
292 35 1002 900
300 70 990 901
366 214 1014 902
362 425 1002 903
452 674 1064 904
1092 729 1634 905
1911 643 2215 906
1879 897 2784 907
-1532 265 885 908
-1411 132 1197 909
604 1029 2535 910
-581 947 947 911
-390 616 744 912
-23 546 893 913
249 417 1002 914
444 117 1080 915
690 -50 1255 916
924 -74 1419 917
1017 -101 1446 918
1080 3 1532 919
1255 315 1848 920
1653 620 2207 921
2254 627 2145 922
2765 538 1322 923
2987 -66 159 924
3818 -354 -651 925
4059 -475 -1251 926
1587 1485 -1567 927
-975 1895 288 928
175 -947 2531 929
1622 -764 2273 930
990 947 1384 931
503 534 1138 932
678 647 1177 933
1162 651 1306 934
889 -327 1306 935
491 -11 1146 936
460 132 1033 937
429 206 975 938
421 210 947 939
429 241 951 940
409 245 920 941
413 237 908 942
413 241 920 943
425 226 920 944
429 191 897 945
452 179 889 946
464 198 916 947
425 206 908 948
436 175 912 949
436 105 959 950
397 93 986 951
335 132 959 952
308 117 912 953
339 105 916 954
413 269 982 955
382 468 1010 956
471 553 1072 957
1411 768 1957 958
2020 858 2324 959
1634 678 2234 960
670 499 2749 961
2421 3 4539 962
2390 464 4137 963
-327 1053 1591 964
-436 530 881 965
-195 343 756 966
109 471 912 967
421 393 1131 968
666 113 1275 969
838 7 1283 970
982 11 1368 971
1158 39 1602 972
1341 140 1825 973
1579 405 2043 974
2082 631 1981 975
2655 705 1314 976
2995 159 284 977
3463 -382 -382 978
3853 -709 -819 979
2905 -113 -1563 980
218 101 916 981
269 -304 2913 982
2008 -70 2550 983
1368 179 2148 984
842 448 1170 985
1080 725 1251 986
885 581 1205 987
296 23 920 988
245 31 900 989
436 198 1049 990
429 265 1041 991
409 175 939 992
405 175 916 993
417 202 943 994
413 187 947 995
421 179 939 996
425 191 920 997
429 187 920 998
440 175 920 999
440 183 897 1000
417 202 869 1001
401 202 897 1002
440 175 959 1003
452 140 982 1004
401 97 978 1005
339 120 955 1006
300 167 928 1007
296 249 920 1008
354 343 963 1009
432 370 1084 1010
1017 510 1669 1011
1883 358 2184 1012
1926 308 2152 1013
1474 639 2277 1014
-838 651 1310 1015
-503 912 2098 1016
865 1197 2745 1017
-323 850 1150 1018
-304 440 768 1019
-15 354 822 1020
288 413 1017 1021
569 315 1177 1022
752 144 1236 1023
1162 163 1829 1024
1423 230 1981 1025
1384 269 1614 1026
1485 366 1747 1027
1638 526 1911 1028
1981 787 1887 1029
2347 518 1201 1030
2546 -15 331 1031
3377 -351 -234 1032
3966 -978 -947 1033
4512 -97 -1084 1034
2152 386 932 1035
378 -904 2577 1036
1696 -659 2538 1037
1025 795 1657 1038
444 592 850 1039
838 631 1049 1040
1146 666 1501 1041
881 -179 1427 1042
534 62 994 1043
452 159 1002 1044
425 124 1006 1045
409 128 971 1046
409 132 963 1047
425 148 963 1048
409 152 955 1049
397 144 955 1050
393 148 951 1051
374 85 1049 1052
382 54 1049 1053
393 93 924 1054
413 93 920 1055
413 117 928 1056
351 124 951 1057
323 120 1002 1058
304 132 1006 1059
269 70 1006 1060
241 50 1006 1061
245 195 963 1062
315 351 967 1063
432 464 1072 1064
908 600 1571 1065
1641 698 2078 1066
1552 733 2297 1067
530 663 2609 1068
3116 -397 4527 1069
3412 7 4500 1070
97 1154 1992 1071
-327 655 959 1072
-218 315 674 1073
85 366 826 1074
382 397 1060 1075
616 187 1197 1076
830 39 1322 1077
967 -3 1404 1078
1115 7 1532 1079
1337 97 1782 1080
1501 230 2028 1081
1766 421 2090 1082
2351 651 1688 1083
2971 237 799 1084
3404 -510 -117 1085
4102 -702 -1017 1086
2823 0 -990 1087
1509 1665 2039 1088
717 -152 2094 1089
1337 -2020 50 1090
2035 491 826 1091
499 772 975 1092
780 659 1076 1093
982 666 1466 1094
479 23 1322 1095
448 358 1115 1096
468 140 1064 1097
436 163 998 1098
421 191 963 1099
390 195 943 1100
401 202 920 1101
417 179 936 1102
397 159 959 1103
386 156 947 1104
397 159 939 1105
417 163 947 1106
425 152 939 1107
417 156 920 1108
393 117 947 1109
343 132 990 1110
382 202 1002 1111
436 171 1021 1112
358 128 1017 1113
265 101 955 1114
245 156 920 1115
362 312 998 1116
378 425 1006 1117
585 460 1209 1118
1287 557 1938 1119
1747 760 2168 1120
1419 889 2090 1121
-608 362 1524 1122
-799 776 1630 1123
237 1450 2067 1124
-276 900 1341 1125
-335 405 834 1126
-167 292 713 1127
120 475 889 1128
397 397 1123 1129
655 124 1283 1130
838 -7 1372 1131
963 -109 1411 1132
1158 -35 1571 1133
1411 191 1868 1134
1657 390 2109 1135
2117 507 2078 1136
2765 581 1450 1137
3092 19 354 1138
3568 -518 -366 1139
3974 -663 -1021 1140
1770 -721 -826 1141
-417 120 1072 1142
1193 -85 2620 1143
1953 -546 2425 1144
624 378 1236 1145
284 503 752 1146
1002 1045 1236 1147
1415 861 1778 1148
904 -124 1439 1149
542 19 982 1150
440 78 1021 1151
401 140 982 1152
417 163 975 1153
421 202 955 1154
425 222 971 1155
421 198 967 1156
417 175 932 1157
417 183 928 1158
425 175 920 1159
429 171 932 1160
413 187 920 1161
393 136 924 1162
370 93 986 1163
393 81 998 1164
444 81 1017 1165
374 128 1010 1166
269 136 959 1167
218 152 920 1168
315 284 889 1169
393 452 943 1170
487 514 1072 1171
1517 663 2254 1172
1992 553 2503 1173
1556 425 1996 1174
1232 698 2698 1175
1634 799 2043 1176
1353 1326 2031 1177
89 1485 2285 1178
-265 760 1173 1179
-222 319 768 1180
54 351 830 1181
362 507 1014 1182
612 378 1150 1183
822 183 1279 1184
846 109 1322 1185
998 163 1450 1186
1361 304 1743 1187
1528 421 1973 1188
1813 413 2086 1189
2402 362 1809 1190
2843 117 873 1191
3291 -323 -85 1192
4176 -694 -975 1193
3919 -464 -1283 1194
1427 -429 -409 1195
-553 -1095 768 1196
1528 -1400 2628 1197
2219 35 2620 1198
405 1259 1002 1199
577 530 1010 1200
1014 881 1349 1201
1384 507 2016 1202
1041 -339 1891 1203
444 58 1084 1204
436 109 1033 1205
432 159 1002 1206
436 171 978 1207
417 171 978 1208
405 198 967 1209
413 210 936 1210
401 202 932 1211
405 198 928 1212
401 195 916 1213
401 191 908 1214
409 210 904 1215
456 183 897 1216
456 140 904 1217
440 101 943 1218
432 132 1006 1219
397 163 1017 1220
339 109 971 1221
276 124 951 1222
284 234 924 1223
351 386 936 1224
370 429 947 1225
737 464 1290 1226
1544 534 2219 1227
1911 577 2379 1228
1634 659 2242 1229
-499 386 1622 1230
-514 647 2168 1231
429 1181 2546 1232
-429 877 1255 1233
-292 487 869 1234
-66 409 799 1235
253 546 967 1236
487 456 1127 1237
694 171 1255 1238
897 46 1392 1239
1060 42 1517 1240
1240 58 1677 1241
1396 152 1887 1242
1649 405 2109 1243
2262 565 2047 1244
2901 479 1224 1245
3166 -261 171 1246
3942 -651 -663 1247
4169 -542 -1267 1248
943 -737 -1322 1249
-1314 -175 -109 1250
1271 -460 2160 1251
2067 -284 2488 1252
538 756 1251 1253
557 432 1017 1254
900 651 1193 1255
573 206 1119 1256
230 -460 1060 1257
366 -27 1072 1258
405 136 1010 1259
409 167 971 1260
417 163 951 1261
444 175 947 1262
440 175 951 1263
401 167 947 1264
382 187 939 1265
401 179 936 1266
429 128 936 1267
366 179 1053 1268
378 179 1056 1269
432 101 959 1270
401 93 947 1271
421 85 967 1272
432 66 1029 1273
339 117 1017 1274
269 85 975 1275
257 70 928 1276
347 292 978 1277
401 499 951 1278
421 620 807 1279
705 733 1150 1280
1521 842 1739 1281
1622 897 2106 1282
-89 616 2020 1283
-3 631 2460 1284
546 1166 2523 1285
-327 1131 1485 1286
-339 627 986 1287
-66 405 924 1288
202 409 1002 1289
401 323 1107 1290
608 120 1228 1291
815 3 1333 1292
971 0 1423 1293
1154 74 1579 1294
1361 167 1801 1295
1536 351 2000 1296
1977 522 2106 1297
2706 569 1731 1298
3104 23 499 1299
3494 -436 -343 1300
4204 -776 -1033 1301
3970 -647 -1095 1302
2000 1384 803 1303
-50 -569 479 1304
1407 -2371 1427 1305
2277 893 2531 1306
565 826 998 1307
709 475 1123 1308
975 553 1368 1309
959 -144 1595 1310
885 409 1400 1311
491 261 1041 1312
471 159 1029 1313
448 171 978 1314
440 187 959 1315
436 198 936 1316
429 202 936 1317
393 198 947 1318
390 198 943 1319
421 195 939 1320
429 183 932 1321
471 152 893 1322
464 152 889 1323
370 109 986 1324
374 85 1002 1325
413 97 994 1326
362 156 975 1327
319 214 908 1328
300 191 924 1329
265 198 939 1330
273 253 885 1331
335 354 959 1332
518 436 1201 1333
1224 713 2000 1334
1665 717 1977 1335
1595 577 1770 1336
1322 690 2585 1337
577 674 1454 1338
783 1115 1922 1339
526 1255 2597 1340
-347 686 1084 1341
-226 393 783 1342
54 448 865 1343
339 542 1006 1344
553 366 1092 1345
741 202 1185 1346
967 187 1349 1347
1131 179 1474 1348
1275 253 1602 1349
1454 421 1825 1350
1723 507 2035 1351
2137 499 1887 1352
2457 448 1134 1353
2749 97 397 1354
3927 -585 -362 1355
3989 -803 -1365 1356
2967 -113 -39 1357
1115 234 1794 1358
737 -698 2293 1359
1688 -499 2449 1360
873 920 1497 1361
432 616 963 1362
748 752 1173 1363
1080 487 1556 1364
815 -237 1513 1365
569 148 1111 1366
510 89 1041 1367
456 113 1014 1368
432 144 990 1369
409 159 975 1370
413 175 951 1371
409 175 943 1372
393 159 943 1373
393 167 947 1374
475 140 982 1375
491 109 986 1376
421 136 939 1377
413 148 920 1378
393 156 904 1379
386 148 920 1380
378 144 955 1381
331 175 967 1382
265 148 943 1383
241 66 932 1384
269 89 936 1385
347 300 947 1386
456 534 1068 1387
682 592 1287 1388
1517 444 1848 1389
2176 374 2632 1390
2133 276 2827 1391
1411 308 2698 1392
1755 499 2207 1393
1731 1014 2507 1394
288 1173 2425 1395
-214 612 1173 1396
-226 300 721 1397
31 339 783 1398
405 495 1064 1399
666 354 1220 1400
795 132 1271 1401
932 89 1365 1402
1092 132 1517 1403
1326 230 1762 1404
1501 362 1973 1405
1770 456 2031 1406
2289 534 1716 1407
2761 253 893 1408
3299 -319 50 1409
4122 -803 -951 1410
3814 -600 -1287 1411
179 1427 514 1412
-3026 1209 1517 1413
-464 -1189 2106 1414
1571 -893 2421 1415
830 811 1423 1416
651 624 1181 1417
787 635 1236 1418
573 202 1138 1419
144 -624 986 1420
374 46 959 1421
397 78 951 1422
417 136 1010 1423
432 156 959 1424
471 113 932 1425
448 156 963 1426
413 163 936 1427
405 152 939 1428
401 152 932 1429
401 148 936 1430
393 156 932 1431
401 183 908 1432
436 187 889 1433
471 222 811 1434
475 171 826 1435
444 105 955 1436
362 175 951 1437
327 152 908 1438
351 89 912 1439
347 159 920 1440
347 327 955 1441
390 440 1092 1442
596 499 1158 1443
1017 729 1532 1444
1614 791 1914 1445
1501 678 2020 1446
-58 315 2028 1447
-296 717 2340 1448
265 1337 2328 1449
-128 951 1485 1450
-234 471 854 1451
-128 265 666 1452
198 397 889 1453
491 397 1115 1454
682 179 1205 1455
822 46 1275 1456
967 39 1396 1457
1173 113 1599 1458
1368 206 1840 1459
1548 390 2047 1460
2024 534 2070 1461
2675 526 1497 1462
2975 -140 339 1463
3623 -616 -401 1464
4075 -612 -1076 1465
3533 -308 -963 1466
1817 1723 1287 1467
167 -358 908 1468
1384 -2808 713 1469
1903 214 1778 1470
546 1123 936 1471
624 362 986 1472
783 312 1033 1473
113 230 811 1474
101 253 932 1475
432 120 1064 1476
401 120 1010 1477
421 159 986 1478
436 171 982 1479
436 163 971 1480
429 171 963 1481
432 163 951 1482
409 167 936 1483
401 175 924 1484
432 148 908 1485
409 78 967 1486
386 105 967 1487
413 163 908 1488
452 183 846 1489
425 234 760 1490
366 202 877 1491
347 152 978 1492
288 128 932 1493
253 105 947 1494
292 198 947 1495
440 358 1014 1496
639 479 1263 1497
1329 635 2039 1498
1665 553 2004 1499
1567 468 1731 1500
1376 557 2425 1501
-709 292 1762 1502
-491 663 2117 1503
620 1170 2503 1504
-335 787 1170 1505
-335 386 717 1506
-42 370 795 1507
327 503 1072 1508
581 335 1216 1509
713 54 1240 1510
885 -15 1333 1511
1060 15 1478 1512
1236 85 1680 1513
1396 218 1918 1514
1677 378 2129 1515
2262 487 1985 1516
2847 397 1092 1517
3123 -327 7 1518
3923 -772 -760 1519
4114 -705 -1099 1520
975 -659 -1493 1521
-1170 -760 -390 1522
1501 -1216 2480 1523
2250 117 2730 1524
460 1021 1177 1525
561 409 1025 1526
861 557 1017 1527
764 596 904 1528
596 187 1045 1529
436 -19 1021 1530
397 136 990 1531
401 156 978 1532
417 156 959 1533
425 171 951 1534
444 167 963 1535
425 156 963 1536
421 152 943 1537
405 159 920 1538
405 163 908 1539
417 144 912 1540
448 93 994 1541
448 93 998 1542
386 218 975 1543
393 249 924 1544
436 152 912 1545
421 101 1029 1546
343 109 1017 1547
269 148 967 1548
237 179 928 1549
351 288 951 1550
510 491 1025 1551
608 682 1189 1552
967 819 1458 1553
1700 764 1899 1554
1645 756 2324 1555
448 588 2382 1556
2184 -50 4067 1557
2258 390 3958 1558
-288 967 1587 1559
-401 546 912 1560
-163 436 807 1561
152 522 939 1562
417 440 1103 1563
655 210 1240 1564
834 78 1314 1565
967 42 1388 1566
1138 93 1560 1567
1302 171 1782 1568
1478 347 2012 1569
1953 507 2141 1570
2616 522 1665 1571
2964 -46 460 1572
3506 -530 -343 1573
4095 -795 -1103 1574
2238 171 -1181 1575
382 1723 1673 1576
-19 -257 1903 1577
1201 -1942 1946 1578
1961 276 2624 1579
503 885 939 1580
822 635 1146 1581
1427 42 1454 1582
791 -366 1170 1583
448 397 1049 1584
475 136 1017 1585
452 89 1010 1586
479 97 1010 1587
448 152 975 1588
436 163 951 1589
432 156 947 1590
425 163 939 1591
425 191 932 1592
425 187 932 1593
409 152 932 1594
429 117 924 1595
475 187 721 1596
471 214 616 1597
440 124 838 1598
425 101 959 1599
374 156 947 1600
284 214 951 1601
261 159 951 1602
273 132 920 1603
308 261 939 1604
323 429 967 1605
331 596 908 1606
717 682 1177 1607
1489 768 1700 1608
1528 815 2106 1609
425 549 2265 1610
2289 -152 4048 1611
2180 366 3845 1612
-452 1107 1482 1613
-327 647 975 1614
-156 452 807 1615
101 518 912 1616
429 436 1166 1617
686 144 1329 1618
826 -11 1368 1619
971 -42 1446 1620
1142 -7 1618 1621
1306 117 1864 1622
1524 308 2098 1623
1969 471 2047 1624
2519 518 1431 1625
2819 -214 366 1626
3529 -674 -417 1627
3985 -643 -1150 1628
2671 -241 -651 1629
1037 1415 1521 1630
140 -487 1146 1631
998 -1926 1942 1632
1606 639 2648 1633
865 858 1053 1634
768 308 850 1635
612 191 908 1636
448 -156 1123 1637
397 -85 1068 1638
393 -35 1029 1639
436 70 1010 1640
432 113 975 1641
436 132 963 1642
440 148 955 1643
432 148 936 1644
421 148 924 1645
413 132 1006 1646
432 105 1014 1647
405 31 963 1648
386 39 939 1649
429 124 893 1650
452 124 885 1651
456 124 908 1652
409 144 939 1653
347 167 947 1654
339 124 932 1655
339 124 904 1656
432 288 943 1657
542 503 1025 1658
682 627 1255 1659
1259 756 1926 1660
1782 651 2258 1661
1778 569 2250 1662
1333 733 2757 1663
2609 651 2975 1664
2219 1158 2757 1665
-50 1396 2000 1666
-347 713 978 1667
-280 351 635 1668
-7 390 760 1669
354 464 1056 1670
647 257 1251 1671
803 11 1302 1672
943 -42 1376 1673
1111 7 1501 1674
1279 85 1665 1675
1427 249 1914 1676
1766 429 2121 1677
2386 627 1836 1678
2921 327 850 1679
3252 -526 -93 1680
4013 -682 -725 1681
4192 -152 -1821 1682
3350 370 124 1683
1337 -468 1333 1684
1072 -1088 1298 1685
1614 351 1965 1686
386 682 920 1687
752 822 1064 1688
1544 31 1723 1689
1072 -612 1657 1690
627 175 1189 1691
546 50 1045 1692
460 85 1017 1693
444 117 994 1694
429 163 959 1695
429 163 936 1696
417 136 939 1697
401 136 947 1698
401 136 939 1699
397 140 932 1700
405 124 932 1701
405 109 963 1702
444 89 963 1703
413 23 1010 1704
386 62 978 1705
370 120 936 1706
319 101 982 1707
323 105 963 1708
304 78 967 1709
276 105 963 1710
347 234 951 1711
417 323 1010 1712
565 370 1158 1713
1427 452 1969 1714
1852 569 2226 1715
1540 725 2078 1716
893 666 2472 1717
3611 -323 4426 1718
3685 128 4418 1719
19 1228 1821 1720
-386 783 889 1721
-230 468 717 1722
74 460 877 1723
339 452 1053 1724
530 195 1154 1725
686 -58 1228 1726
858 -74 1341 1727
1029 -15 1489 1728
1185 31 1638 1729
1298 156 1833 1730
1595 440 2152 1731
2187 604 2121 1732
2702 510 1240 1733
2917 -179 132 1734
3814 -557 -627 1735
4095 -600 -1322 1736
1259 331 -343 1737
-1170 1630 1173 1738
-390 -608 830 1739
1454 -2059 1536 1740
1677 312 1961 1741
744 858 1123 1742
698 347 1099 1743
861 397 1119 1744
1025 46 1641 1745
861 113 1669 1746
444 105 1095 1747
425 109 1017 1748
440 167 986 1749
421 187 920 1750
405 195 904 1751
405 195 939 1752
417 183 939 1753
413 191 936 1754
413 171 936 1755
413 128 943 1756
413 132 928 1757
405 159 904 1758
370 109 861 1759
354 113 861 1760
393 85 951 1761
464 39 1017 1762
440 144 1033 1763
273 105 986 1764
148 132 963 1765
214 323 990 1766
308 362 978 1767
417 413 1111 1768
1361 620 2102 1769
1973 670 2340 1770
1790 659 2082 1771
1318 682 2655 1772
3377 234 4227 1773
2850 713 3954 1774
-358 1220 1731 1775
-460 620 869 1776
-312 390 620 1777
-19 491 752 1778
269 522 959 1779
518 315 1127 1780
705 105 1259 1781
842 19 1380 1782
1002 27 1536 1783
1212 66 1747 1784
1368 179 1961 1785
1739 343 2215 1786
2496 709 1914 1787
3147 464 690 1788
3229 -569 -374 1789
4009 -354 -764 1790
2640 440 -1357 1791
1224 1279 1310 1792
456 -226 1946 1793
963 -1396 1595 1794
2074 822 2453 1795
815 955 1119 1796
791 612 1084 1797
791 483 1177 1798
585 -70 1173 1799
530 171 1053 1800
444 214 1017 1801
432 214 1010 1802
452 198 998 1803
425 214 959 1804
409 222 928 1805
401 218 916 1806
397 202 928 1807
351 105 1053 1808
362 89 1049 1809
374 78 1041 1810
374 74 1045 1811
432 159 932 1812
425 171 912 1813
386 113 900 1814
393 89 959 1815
444 105 1017 1816
362 93 971 1817
261 124 912 1818
261 187 885 1819
351 308 900 1820
425 425 982 1821
538 581 1228 1822
838 858 1478 1823
1454 971 1907 1824
1560 865 2390 1825
288 495 2285 1826
518 729 3057 1827
561 1166 2866 1828
-530 795 1326 1829
-401 429 854 1830
-159 425 780 1831
156 569 936 1832
464 468 1142 1833
655 222 1212 1834
819 101 1302 1835
1037 78 1470 1836
1212 93 1618 1837
1372 226 1833 1838
1673 464 2078 1839
2215 534 1957 1840
2850 460 1236 1841
3108 -230 144 1842
3708 -518 -682 1843
3981 -358 -1244 1844
624 -315 -1002 1845
-1638 -46 1212 1846
1095 -756 2745 1847
1914 -483 2254 1848
585 1099 1271 1849
604 791 916 1850
1010 764 1294 1851
978 538 1606 1852
569 -444 1482 1853
413 -136 1076 1854
378 50 1006 1855
413 81 1010 1856
448 93 1002 1857
448 97 986 1858
429 97 963 1859
393 109 967 1860
378 195 811 1861
382 198 811 1862
390 105 955 1863
397 93 939 1864
436 62 939 1865
460 46 936 1866
421 85 932 1867
413 101 947 1868
393 78 959 1869
343 81 955 1870
358 101 955 1871
358 128 955 1872
343 183 971 1873
417 245 1025 1874
487 296 1103 1875
698 444 1259 1876
1119 507 1259 1877
1661 475 1614 1878
1641 577 2187 1879
612 538 2316 1880
2453 -534 4075 1881
2624 -163 4095 1882
-62 1017 1751 1883
-358 659 943 1884
-183 432 811 1885
140 409 978 1886
429 253 1170 1887
647 -19 1298 1888
834 -136 1376 1889
975 -132 1446 1890
1134 -85 1579 1891
1310 35 1786 1892
1462 308 2028 1893
1879 569 2043 1894
2558 694 1540 1895
3034 23 510 1896
3510 -542 -265 1897
4009 -608 -959 1898
2546 7 -889 1899
877 1556 1673 1900
351 42 1575 1901
1298 -1567 1115 1902
1833 347 2004 1903
507 897 1002 1904
612 378 920 1905
1068 721 1302 1906
491 382 1049 1907
183 -27 861 1908
405 31 1033 1909
436 120 1006 1910
432 167 990 1911
421 156 971 1912
417 175 971 1913
417 171 971 1914
425 156 955 1915
409 163 943 1916
397 175 939 1917
378 31 1123 1918
378 11 1107 1919
405 132 916 1920
413 120 916 1921
405 144 920 1922
444 175 869 1923
479 148 881 1924
397 120 959 1925
296 144 982 1926
210 179 947 1927
245 249 900 1928
405 370 998 1929
553 471 1205 1930
1220 600 1977 1931
1829 553 2203 1932
2094 553 2293 1933
1684 690 2835 1934
-241 218 1361 1935
-280 518 1595 1936
273 1193 2355 1937
-436 834 1068 1938
-315 464 756 1939
-7 436 830 1940
257 475 971 1941
507 300 1131 1942
713 81 1251 1943
877 7 1349 1944
1084 42 1497 1945
1275 113 1673 1946
1419 237 1875 1947
1708 405 2078 1948
2215 456 1965 1949
2722 327 1177 1950
2967 -273 113 1951
3779 -549 -674 1952
3915 -397 -1267 1953
2043 -312 -54 1954
331 -709 928 1955
1446 -1517 1614 1956
1934 -280 2164 1957
663 1251 1209 1958
737 565 1127 1959
978 783 1400 1960
370 873 1119 1961
66 -15 893 1962
374 3 1014 1963
401 113 998 1964
417 163 975 1965
425 159 978 1966
425 179 971 1967
425 187 951 1968
425 171 936 1969
401 171 932 1970
393 179 932 1971
409 159 932 1972
397 97 967 1973
382 124 955 1974
401 163 912 1975
401 113 924 1976
351 109 975 1977
351 89 1041 1978
390 42 1037 1979
327 93 986 1980
257 167 959 1981
261 273 912 1982
327 393 924 1983
390 425 998 1984
1181 499 1778 1985
1914 573 2164 1986
1634 741 1996 1987
1154 686 2468 1988
46 -101 1368 1989
-128 409 1583 1990
31 1228 2242 1991
-452 776 1064 1992
-284 503 791 1993
3 534 865 1994
312 565 1037 1995
557 351 1158 1996
733 136 1263 1997
900 74 1384 1998
1080 46 1521 1999
1263 89 1712 2000
1396 226 1922 2001
1649 374 2125 2002
2191 425 2024 2003
2691 323 1220 2004
2940 -120 206 2005
3962 -479 -639 2006
4013 -351 -1197 2007
1489 600 0 2008
-811 1563 1154 2009
-491 -421 1111 2010
1248 -2125 1790 2011
1528 382 1743 2012
725 748 1189 2013
631 323 1064 2014
881 807 1263 2015
627 234 1251 2016
417 253 1006 2017
448 66 1084 2018
401 152 1002 2019
413 202 947 2020
499 214 928 2021
475 202 939 2022
413 171 959 2023
429 163 959 2024
413 175 951 2025
386 171 939 2026
401 144 939 2027
436 152 959 2028
436 187 959 2029
468 183 924 2030
456 156 900 2031
393 128 865 2032
347 105 928 2033
351 70 1041 2034
312 78 982 2035
222 179 920 2036
276 280 916 2037
370 366 978 2038
440 468 1365 2039
822 581 1610 2040
1836 499 2125 2041
1938 518 2289 2042
1185 643 2316 2043
390 448 1306 2044
218 807 1548 2045
117 1107 2258 2046
-397 713 1014 2047
-269 499 721 2048
-58 546 725 2049
198 635 861 2050
503 510 1088 2051
725 284 1220 2052
885 179 1283 2053
1041 183 1407 2054
1259 245 1610 2055
1517 362 1864 2056
1813 631 2137 2057
2351 549 1957 2058
2901 148 1037 2059
3049 -429 167 2060
4161 -717 -561 2061
4212 -600 -1314 2062
982 -834 -1287 2063
-1010 -819 -261 2064
1532 -1236 2203 2065
2421 -163 2745 2066
612 1302 1170 2067
561 475 1002 2068
959 635 1205 2069
1084 783 1677 2070
772 54 1657 2071
491 -3 1103 2072
456 97 1029 2073
436 175 986 2074
425 175 967 2075
421 175 967 2076
425 167 955 2077
429 144 947 2078
401 152 951 2079
382 163 939 2080
393 159 932 2081
413 144 943 2082
417 136 939 2083
417 156 916 2084
409 156 916 2085
401 152 947 2086
339 171 971 2087
339 144 1002 2088
343 120 982 2089
237 163 924 2090
234 218 920 2091
386 327 912 2092
456 386 959 2093
499 460 1142 2094
1177 627 1794 2095
1731 725 2090 2096
1638 690 2164 2097
1072 491 2558 2098
4098 -315 4812 2099
3935 237 4789 2100
-3 1138 1942 2101
-300 542 963 2102
-276 284 616 2103
-15 479 717 2104
323 686 978 2105
608 518 1173 2106
772 234 1236 2107
893 136 1283 2108
1084 179 1450 2109
1314 226 1684 2110
1482 304 1899 2111
1790 354 2094 2112
2453 362 1938 2113
3088 117 1045 2114
3276 -518 -113 2115
4219 -631 -1049 2116
4106 -327 -1392 2117
2445 635 -101 2118
351 -1216 616 2119
1634 -3373 1914 2120
2663 -245 2418 2121
573 1345 1021 2122
659 549 1123 2123
744 522 1220 2124
358 475 1068 2125
393 331 1056 2126
444 74 1068 2127
386 74 1017 2128
405 109 986 2129
421 152 963 2130
413 152 955 2131
421 152 959 2132
417 144 959 2133
393 156 936 2134
397 171 947 2135
358 35 971 2136
366 3 947 2137
417 109 936 2138
417 101 920 2139
448 89 916 2140
460 105 916 2141
405 101 939 2142
354 109 1002 2143
331 81 994 2144
280 54 955 2145
296 163 893 2146
354 354 971 2147
526 456 1220 2148
947 581 1610 2149
1349 471 1638 2150
1727 440 1770 2151
1665 709 2394 2152
-405 483 1782 2153
-608 659 1961 2154
167 1080 2176 2155
-581 842 1084 2156
-351 581 873 2157
-23 542 978 2158
245 448 1076 2159
483 214 1185 2160
702 31 1314 2161
865 -58 1396 2162
990 -70 1470 2163
1181 3 1669 2164
1372 124 1938 2165
1645 288 2145 2166
2262 413 2047 2167
2925 378 1162 2168
3088 -257 7 2169
3958 -674 -717 2170
3147 -198 -1064 2171
1450 635 -234 2172
171 -503 -74 2173
1353 -2047 1287 2174
2199 15 2137 2175
339 912 822 2176
776 549 1053 2177
955 452 1267 2178
663 183 1014 2179
698 436 943 2180
522 163 1049 2181
440 159 1002 2182
429 163 967 2183
413 163 971 2184
401 175 959 2185
417 167 951 2186
417 156 951 2187
409 163 939 2188
397 175 936 2189
386 159 936 2190
491 163 869 2191
503 156 869 2192
401 163 932 2193
397 152 904 2194
397 156 885 2195
343 144 920 2196
382 70 959 2197
405 66 967 2198
284 93 939 2199
226 140 920 2200
308 257 971 2201
358 409 1095 2202
397 526 1049 2203
721 557 1115 2204
1376 776 1688 2205
1505 877 2082 2206
421 577 2059 2207
1996 97 3763 2208
1918 577 3576 2209
-596 1056 1263 2210
-475 627 830 2211
-105 561 900 2212
214 553 1049 2213
409 339 1123 2214
604 120 1212 2215
803 50 1318 2216
955 27 1415 2217
1111 7 1556 2218
1283 66 1747 2219
1415 198 1973 2220
1805 292 2121 2221
2398 393 1700 2222
2788 124 530 2223
3287 -452 -315 2224
3903 -666 -881 2225
2258 304 -1384 2226
916 1595 1497 2227
276 -374 2632 2228
1138 -2343 2113 2229
2055 -23 2328 2230
561 1041 1025 2231
608 448 998 2232
702 635 1170 2233
397 440 1060 2234
468 226 1041 2235
452 62 1056 2236
390 109 1017 2237
409 159 994 2238
448 175 955 2239
432 187 959 2240
397 187 955 2241
393 167 947 2242
393 171 943 2243
401 183 928 2244
397 175 920 2245
401 167 920 2246
413 171 920 2247
413 191 932 2248
362 249 951 2249
343 183 986 2250
390 85 1029 2251
335 101 982 2252
253 109 939 2253
234 113 943 2254
226 226 869 2255
323 354 861 2256
354 440 877 2257
1021 495 1505 2258
1840 366 2133 2259
1762 491 1985 2260
1353 733 2347 2261
-510 269 1618 2262
-312 569 2156 2263
460 1111 2589 2264
-503 694 1060 2265
-280 429 815 2266
11 487 881 2267
304 549 1037 2268
546 339 1150 2269
744 140 1240 2270
943 97 1376 2271
1146 74 1532 2272
1318 93 1684 2273
1454 210 1903 2274
1743 331 2152 2275
2269 304 1989 2276
2741 159 1092 2277
3108 -230 58 2278
4266 -659 -881 2279
4130 -347 -1361 2280
1115 -717 -752 2281
-783 -1567 561 2282
1614 -1579 2499 2283
2242 -202 2691 2284
409 1216 1197 2285
253 522 811 2286
729 744 1142 2287
904 616 1357 2288
487 -120 1248 2289
432 202 1095 2290
413 187 998 2291
417 218 955 2292
436 163 975 2293
456 132 978 2294
452 140 959 2295
421 152 947 2296
393 159 939 2297
397 159 932 2298
401 140 924 2299
397 128 924 2300
397 128 928 2301
397 124 924 2302
393 144 924 2303
386 187 963 2304
401 148 1014 2305
401 58 1041 2306
382 15 1029 2307
319 97 998 2308
237 195 971 2309
288 265 900 2310
468 460 1017 2311
690 635 1446 2312
1513 729 2379 2313
1946 491 2449 2314
1618 507 2004 2315
1107 725 2453 2316
2269 202 2952 2317
2051 588 2886 2318
-140 1209 1911 2319
-464 764 978 2320
-214 522 846 2321
105 557 978 2322
319 503 1068 2323
522 257 1170 2324
733 81 1306 2325
893 66 1622 2326
1041 54 1727 2327
1232 81 1696 2328
1427 237 1973 2329
1716 397 2152 2330
2215 444 1872 2331
2757 366 994 2332
2901 -140 7 2333
3658 -561 -557 2334
3939 -627 -943 2335
1497 -936 167 2336
-877 -386 1887 2337
936 -339 2745 2338
2063 74 2468 2339
682 1056 1310 2340
565 421 1017 2341
936 900 1263 2342
889 811 1263 2343
358 -230 1068 2344
327 -50 1064 2345
444 148 1064 2346
409 183 986 2347
464 195 975 2348
452 202 963 2349
409 198 951 2350
409 187 951 2351
386 175 955 2352
386 183 943 2353
401 191 932 2354
405 171 928 2355
409 171 932 2356
413 179 928 2357
390 191 916 2358
362 113 955 2359
335 93 986 2360
335 206 959 2361
386 148 1010 2362
312 81 1010 2363
195 156 912 2364
265 257 869 2365
335 339 932 2366
510 393 1197 2367
1290 686 2020 2368
1719 694 2176 2369
1517 596 2024 2370
1072 612 2538 2371
2429 499 2956 2372
2195 1053 2909 2373
-74 1201 1969 2374
-366 546 1021 2375
-237 300 748 2376
31 409 826 2377
292 514 982 2378
557 393 1154 2379
737 206 1236 2380
858 140 1290 2381
1060 167 1474 2382
1287 241 1719 2383
1419 319 1891 2384
1591 351 2000 2385
2141 315 1934 2386
2675 159 1267 2387
2995 -382 280 2388
4091 -776 -795 2389
3954 -382 -1497 2390
1622 444 109 2391
-659 452 1326 2392
538 -924 1751 2393
1875 -1641 2343 2394
939 210 1552 2395
464 815 912 2396
495 354 932 2397
756 347 1029 2398
249 105 873 2399
109 261 869 2400
335 97 955 2401
362 140 967 2402
386 152 975 2403
405 159 975 2404
417 175 951 2405
401 171 936 2406
378 163 947 2407
370 167 959 2408
374 152 955 2409
378 144 943 2410
401 78 1056 2411
409 74 1049 2412
401 105 978 2413
436 85 975 2414
440 46 963 2415
382 97 975 2416
347 136 963 2417
315 58 982 2418
237 89 971 2419
230 249 978 2420
362 397 1127 2421
452 510 1255 2422
1197 514 1914 2423
1872 678 2238 2424
1575 877 2082 2425
417 631 2168 2426
2125 -530 3759 2427
2059 -140 3517 2428
-682 1006 1185 2429
-499 674 822 2430
-120 538 943 2431
148 452 1076 2432
378 226 1197 2433
624 3 1353 2434
819 -97 1443 2435
904 -120 1458 2436
1033 -97 1560 2437
1209 3 1778 2438
1314 140 1973 2439
1571 237 2024 2440
2133 499 1762 2441
2741 288 1021 2442
3276 -542 66 2443
3825 -698 -869 2444
3705 -483 -1150 2445
1602 -39 241 2446
-440 222 1049 2447
1595 -631 2004 2448
2375 -159 2515 2449
639 846 1306 2450
663 429 1029 2451
998 803 1251 2452
1209 483 1368 2453
783 -218 1232 2454
390 101 1056 2455
440 152 1033 2456
436 171 1002 2457
429 183 951 2458
413 202 943 2459
405 198 943 2460
382 179 955 2461
382 179 947 2462
401 191 936 2463
393 167 928 2464
390 152 939 2465
393 144 955 2466
405 140 932 2467
405 148 912 2468
397 124 936 2469
366 163 963 2470
327 265 994 2471
343 140 1014 2472
253 89 1006 2473
159 206 975 2474
257 273 881 2475
444 499 1068 2476
534 690 1314 2477
791 748 1259 2478
1548 631 1661 2479
1677 522 2223 2480
928 553 2605 2481
3233 210 4598 2482
2991 702 4422 2483
-191 1193 1868 2484
-405 651 967 2485
-202 405 783 2486
124 452 928 2487
362 429 1060 2488
573 241 1158 2489
780 132 1275 2490
904 89 1376 2491
1080 105 1540 2492
1318 175 1758 2493
1489 296 1926 2494
1712 401 2000 2495
2207 405 1805 2496
2644 245 1080 2497
2932 -144 261 2498
3892 -666 -752 2499
3880 -475 -1349 2500
417 1485 101 2501
-1836 1415 1150 2502
819 -1185 2000 2503
1981 -1279 2359 2504
795 776 1310 2505
409 460 978 2506
694 475 1053 2507
1571 253 1478 2508
1146 -444 1423 2509
452 315 1088 2510
479 120 1033 2511
436 156 978 2512
421 167 986 2513
429 183 967 2514
425 187 939 2515
417 187 928 2516
405 195 932 2517
409 195 924 2518
425 191 916 2519
429 175 912 2520
417 156 912 2521
421 140 998 2522
440 136 1002 2523
444 109 920 2524
444 93 955 2525
386 156 959 2526
312 195 924 2527
292 163 936 2528
265 159 955 2529
280 234 916 2530
335 347 967 2531
499 397 1220 2532
1322 581 1879 2533
1875 526 1973 2534
1692 491 1953 2535
1271 682 2488 2536
-97 507 1177 2537
85 920 1758 2538
503 1228 2667 2539
-300 670 1193 2540
-222 276 807 2541
0 269 811 2542
288 417 990 2543
585 347 1193 2544
768 136 1240 2545
877 81 1259 2546
1076 187 1419 2547
1341 300 1669 2548
1505 432 1852 2549
1747 717 1950 2550
2265 783 1727 2551
2741 452 1006 2552
2948 -195 304 2553
4059 -600 -444 2554
4122 -444 -1212 2555
491 -936 -1930 2556
-1505 -1548 -27 2557
1290 -1950 2780 2558
2359 -152 2535 2559
768 1439 1368 2560
187 440 756 2561
721 721 1037 2562
1407 148 1614 2563
943 -382 1474 2564
452 202 1123 2565
460 101 1033 2566
413 159 998 2567
401 187 955 2568
409 195 928 2569
409 206 943 2570
397 187 943 2571
409 167 947 2572
421 187 939 2573
444 179 920 2574
456 167 916 2575
429 183 916 2576
440 195 908 2577
456 175 916 2578
429 152 916 2579
436 159 943 2580
413 163 963 2581
331 171 951 2582
300 163 951 2583
276 163 924 2584
347 304 893 2585
436 413 963 2586
362 413 959 2587
869 561 1419 2588
1708 436 1953 2589
1817 432 1914 2590
1326 670 2269 2591
-351 471 1400 2592
-74 811 2168 2593
608 1088 2870 2594
-397 639 1162 2595
-308 413 787 2596
7 507 885 2597
339 546 1092 2598
585 347 1212 2599
729 140 1248 2600
908 66 1349 2601
1119 89 1524 2602
1294 152 1704 2603
1443 280 1930 2604
1840 479 2109 2605
2359 565 1797 2606
2749 300 920 2607
3135 -397 66 2608
3892 -670 -799 2609
3864 -530 -1341 2610
807 -241 -1595 2611
-990 0 -635 2612
1688 -682 1907 2613
2394 -15 2554 2614
635 1142 1255 2615
347 464 768 2616
951 990 1209 2617
1497 725 1918 2618
1103 -354 1700 2619
510 46 1041 2620
432 148 998 2621
456 109 1002 2622
456 124 990 2623
436 148 967 2624
425 159 959 2625
417 148 955 2626
343 128 1037 2627
331 136 1037 2628
409 140 939 2629
413 128 932 2630
390 42 904 2631
397 39 897 2632
425 105 924 2633
436 117 959 2634
401 175 959 2635
358 198 943 2636
284 105 939 2637
245 42 916 2638
304 163 916 2639
393 374 928 2640
386 460 955 2641
889 464 1489 2642
1602 370 2160 2643
1770 479 2219 2644
1583 795 2285 2645
-932 413 1244 2646
-783 397 1829 2647
639 1014 2538 2648
-429 885 1166 2649
-354 468 822 2650
-35 397 889 2651
323 475 1088 2652
534 323 1177 2653
694 89 1228 2654
920 -15 1380 2655
1142 -62 1528 2656
1255 -11 1618 2657
1353 167 1829 2658
1638 354 2160 2659
2059 499 2078 2660
2433 565 1345 2661
2706 15 444 2662
3412 -300 -152 2663
4001 -651 -1080 2664
3654 -460 -963 2665
1708 397 -202 2666
-85 -612 -234 2667
1474 -1532 1521 2668
2109 19 2601 2669
729 1279 1427 2670
327 456 912 2671
702 725 1072 2672
978 643 1294 2673
530 -62 1189 2674
393 136 1076 2675
436 19 1119 2676
440 62 1014 2677
456 109 986 2678
413 152 971 2679
409 175 951 2680
409 167 951 2681
401 163 939 2682
405 167 928 2683
390 163 928 2684
397 148 936 2685
401 124 932 2686
397 144 939 2687
413 144 936 2688
397 136 939 2689
335 202 1002 2690
315 230 1014 2691
390 132 1025 2692
358 50 1045 2693
222 58 986 2694
187 163 900 2695
351 312 1053 2696
530 444 1298 2697
1283 600 2121 2698
1875 487 2273 2699
1575 448 1957 2700
1279 569 2593 2701
-198 -78 1345 2702
-374 390 1544 2703
105 1240 2304 2704
-542 752 1017 2705
-300 468 795 2706
66 546 932 2707
327 526 1064 2708
565 269 1189 2709
791 109 1267 2710
936 27 1322 2711
1053 -7 1470 2712
1240 54 1700 2713
1415 163 1981 2714
1786 304 2203 2715
2382 370 1918 2716
2784 323 920 2717
3010 -171 -7 2718
3861 -471 -635 2719
3053 366 -2004 2720
1661 436 -858 2721
549 -1478 686 2722
1384 -1911 1977 2723
2184 288 2636 2724
351 943 963 2725
409 452 834 2726
920 791 1162 2727
624 222 1197 2728
440 -241 1162 2729
440 85 1056 2730
421 128 990 2731
401 120 1021 2732
374 140 990 2733
393 144 959 2734
413 136 967 2735
397 120 967 2736
382 132 967 2737
429 163 943 2738
436 171 932 2739
409 163 951 2740
413 136 936 2741
401 163 939 2742
358 226 967 2743
347 159 947 2744
362 128 928 2745
331 144 932 2746
319 97 932 2747
327 78 943 2748
284 152 955 2749
347 296 1014 2750
393 390 1033 2751
549 460 1103 2752
1111 475 1700 2753
1567 479 2078 2754
1599 670 2172 2755
975 698 2507 2756
2819 230 3716 2757
2710 705 3712 2758
-163 1201 1930 2759
-491 651 994 2760
-261 432 842 2761
113 487 1060 2762
425 397 1271 2763
612 105 1345 2764
752 -74 1368 2765
924 -109 1443 2766
1053 -89 1536 2767
1216 7 1712 2768
1427 179 2031 2769
1743 265 2207 2770
2219 581 1735 2771
2706 503 776 2772
3069 -390 50 2773
3829 -624 -666 2774
3911 -553 -1134 2775
1649 -538 198 2776
-510 226 1290 2777
1158 -62 2055 2778
2148 -206 2558 2779
717 826 1450 2780
343 487 838 2781
744 760 1029 2782
1524 -39 1739 2783
1205 -733 1755 2784
557 358 990 2785
468 226 877 2786
409 81 1014 2787
421 140 990 2788
421 159 971 2789
409 167 963 2790
417 156 955 2791
413 156 947 2792
390 167 932 2793
397 175 924 2794
421 187 928 2795
440 265 690 2796
397 132 748 2797
362 23 1010 2798
421 179 889 2799
421 167 861 2800
390 89 986 2801
351 109 1029 2802
284 117 998 2803
269 120 963 2804
335 230 947 2805
382 358 967 2806
573 354 1014 2807
1064 514 1431 2808
1739 565 2024 2809
1794 565 2246 2810
1037 612 2476 2811
2691 288 3396 2812
2531 811 3373 2813
-54 1271 1950 2814
-370 725 1017 2815
-222 397 768 2816
23 425 826 2817
288 471 998 2818
538 288 1170 2819
748 101 1267 2820
873 42 1314 2821
1010 50 1435 2822
1236 120 1684 2823
1404 230 1907 2824
1591 382 2051 2825
1969 444 1942 2826
2418 413 1365 2827
2694 -136 429 2828
3584 -678 -386 2829
3818 -573 -1103 2830
1840 366 -249 2831
23 2125 1801 2832
-292 -312 1283 2833
1244 -2562 1411 2834
1758 354 2043 2835
620 1010 1158 2836
635 206 1072 2837
854 573 1146 2838
1134 280 1450 2839
975 -23 1458 2840
452 3 1142 2841
409 81 1037 2842
413 156 982 2843
413 163 982 2844
417 163 982 2845
409 156 963 2846
421 144 939 2847
401 148 939 2848
370 156 963 2849
491 144 717 2850
479 120 674 2851
370 117 897 2852
413 132 924 2853
413 148 908 2854
390 167 990 2855
382 50 1092 2856
397 23 1041 2857
351 105 986 2858
265 128 994 2859
210 218 943 2860
319 347 924 2861
503 507 1068 2862
705 600 1322 2863
795 768 1357 2864
1318 869 1739 2865
1567 694 2289 2866
553 362 2312 2867
2242 -210 3810 2868
2195 362 3685 2869
-343 1017 1548 2870
-436 546 869 2871
-210 421 760 2872
144 522 971 2873
429 452 1154 2874
635 222 1228 2875
826 89 1255 2876
975 31 1341 2877
1123 19 1509 2878
1310 58 1704 2879
1466 136 1957 2880
1751 261 2141 2881
2215 366 1883 2882
2667 300 978 2883
2932 -198 -97 2884
3900 -510 -842 2885
3974 -417 -1068 2886
998 -678 -1638 2887
-1131 -1528 -787 2888
1189 -1758 2113 2889
2226 140 2558 2890
577 1197 1138 2891
331 393 873 2892
772 666 1103 2893
1287 120 1665 2894
963 -405 1680 2895
468 105 1123 2896
440 85 1021 2897
409 144 994 2898
452 152 975 2899
452 167 963 2900
432 163 967 2901
417 148 955 2902
401 156 947 2903
390 163 928 2904
405 163 928 2905
413 152 932 2906
413 148 936 2907
432 120 912 2908
448 124 951 2909
421 187 986 2910
335 156 955 2911
323 120 943 2912
343 97 975 2913
269 117 1014 2914
230 179 967 2915
323 261 920 2916
390 409 947 2917
596 569 1310 2918
1419 741 2258 2919
1957 620 2640 2920
1766 600 2347 2921
1248 655 2585 2922
1868 366 2398 2923
1505 881 2273 2924
-202 1197 1899 2925
-483 608 959 2926
-214 444 838 2927
109 514 963 2928
323 401 1060 2929
577 195 1205 2930
795 66 1298 2931
885 -27 1314 2932
1010 -23 1411 2933
1240 74 1665 2934
1400 191 1907 2935
1567 370 2016 2936
2067 487 1942 2937
2554 460 1306 2938
2730 -42 362 2939
3673 -627 -491 2940
3771 -588 -1318 2941
1251 1797 -1372 2942
-986 2133 -27 2943
-705 -1123 1548 2944
1037 -1872 2437 2945
1610 390 1926 2946
912 791 1115 2947
815 440 1131 2948
1138 144 1540 2949
881 -440 1509 2950
499 183 1068 2951
487 148 1041 2952
479 167 1014 2953
432 198 1025 2954
382 191 971 2955
390 206 924 2956
409 210 928 2957
405 183 924 2958
382 171 924 2959
386 198 916 2960
409 198 924 2961
401 171 928 2962
413 124 924 2963
382 93 811 2964
362 117 822 2965
401 93 971 2966
390 124 978 2967
362 144 982 2968
351 39 998 2969
308 42 982 2970
249 183 916 2971
312 315 936 2972
413 366 1053 2973
694 315 1170 2974
1255 471 1684 2975
1645 791 2004 2976
1524 713 2425 2977
370 187 2328 2978
510 538 2648 2979
635 1193 2616 2980
-319 963 1294 2981
-276 569 811 2982
-120 390 702 2983
144 475 850 2984
413 425 1049 2985
643 167 1185 2986
799 23 1263 2987
951 23 1400 2988
1173 66 1614 2989
1365 113 1836 2990
1501 198 2043 2991
1833 304 2168 2992
2351 514 1712 2993
2741 58 639 2994
3361 -627 -187 2995
3974 -698 -1041 2996
3642 -471 -1099 2997
1688 7 -101 2998
-709 -530 46 2999
932 -1372 1485 3000
2148 -686 2464 3001
600 819 1244 3002
249 421 764 3003
647 444 947 3004
1439 386 1953 3005
1142 -198 2031 3006
546 300 1177 3007
456 101 1053 3008
448 74 1029 3009
452 81 1021 3010
429 117 998 3011
405 159 959 3012
401 152 951 3013
405 132 951 3014
390 140 943 3015
386 144 943 3016
393 140 939 3017
397 120 928 3018
413 120 932 3019
425 140 924 3020
405 159 924 3021
436 156 920 3022
460 81 982 3023
386 31 1017 3024
300 58 982 3025
257 120 963 3026
261 210 908 3027
374 308 967 3028
479 405 1103 3029
963 475 1700 3030
1563 358 2074 3031
1700 452 1992 3032
1372 651 2176 3033
-627 89 1376 3034
-319 152 1996 3035
600 893 2351 3036
-425 869 1017 3037
-288 585 819 3038
-74 503 846 3039
187 522 975 3040
429 378 1127 3041
620 128 1251 3042
815 15 1353 3043
963 15 1423 3044
1099 58 1540 3045
1314 113 1794 3046
1497 198 2043 3047
1821 327 2106 3048
2301 456 1653 3049
2659 152 627 3050
3120 -245 -70 3051
3833 -444 -787 3052
2940 -261 -854 3053
2223 947 1080 3054
932 -717 772 3055
1170 -2788 1068 3056
2082 -288 2301 3057
581 1232 1170 3058
343 452 916 3059
690 690 1123 3060
791 487 1197 3061
429 120 1119 3062
378 234 1084 3063
436 120 1095 3064
397 156 1029 3065
436 136 982 3066
429 171 963 3067
432 167 955 3068
440 156 963 3069
421 163 951 3070
409 171 939 3071
417 163 924 3072
425 144 916 3073
425 148 924 3074
417 163 924 3075
425 159 900 3076
413 136 908 3077
370 152 936 3078
351 163 971 3079
366 117 1010 3080
335 101 982 3081
261 167 955 3082
284 276 889 3083
354 354 889 3084
444 413 1076 3085
1127 491 1708 3086
1770 386 1953 3087
1680 460 1751 3088
1345 647 2109 3089
-569 327 1337 3090
-339 475 1934 3091
624 924 2468 3092
-374 783 1056 3093
-300 510 748 3094
-62 468 791 3095
198 542 920 3096
436 452 1053 3097
651 265 1181 3098
834 156 1298 3099
975 128 1431 3100
1170 183 1618 3101
1365 261 1770 3102
1501 397 1934 3103
1903 514 2094 3104
2445 386 1638 3105
2694 -124 565 3106
3334 -362 -136 3107
4040 -686 -1041 3108
2269 959 -1762 3109
456 2254 908 3110
46 -678 2429 3111
1540 -2074 2655 3112
2211 312 2663 3113
557 1185 1056 3114
581 366 986 3115
900 674 1224 3116
822 542 1216 3117
670 42 1080 3118
464 70 971 3119
421 144 986 3120
413 148 978 3121
417 148 955 3122
436 171 947 3123
425 179 939 3124
417 163 939 3125
401 163 939 3126
409 171 928 3127
351 448 1021 3128
390 487 1045 3129
444 191 939 3130
409 156 928 3131
413 171 924 3132
405 89 963 3133
444 78 1049 3134
436 124 994 3135
339 120 928 3136
269 179 955 3137
249 210 939 3138
347 253 943 3139
534 421 1115 3140
596 620 1131 3141
678 842 1166 3142
1333 920 1708 3143
1599 791 2293 3144
483 534 2269 3145
1298 304 3264 3146
1411 635 3162 3147
-280 877 1392 3148
-393 616 791 3149
-167 514 713 3150
120 577 861 3151
366 503 1033 3152
588 304 1150 3153
744 144 1205 3154
897 117 1322 3155
1092 152 1513 3156
1287 195 1723 3157
1427 300 1918 3158
1751 425 2059 3159
2359 534 1817 3160
2827 296 916 3161
3022 -288 11 3162
3825 -530 -698 3163
3775 -378 -1111 3164
390 -565 -1407 3165
-1961 -405 370 3166
686 -850 2593 3167
1782 -518 2168 3168
534 1150 1193 3169
491 737 900 3170
604 514 1053 3171
1099 117 1474 3172
955 -167 1396 3173
471 308 1002 3174
440 93 1025 3175
479 120 1010 3176
444 124 1006 3177
409 144 975 3178
417 144 955 3179
425 140 951 3180
429 132 959 3181
429 136 951 3182
393 31 1010 3183
386 46 998 3184
444 124 900 3185
507 132 850 3186
495 132 904 3187
425 128 955 3188
413 156 928 3189
386 159 975 3190
335 132 986 3191
347 97 936 3192
351 152 904 3193
393 273 971 3194
432 335 1002 3195
468 425 994 3196
733 612 1127 3197
1435 670 1684 3198
1692 620 2250 3199
850 518 2429 3200
3545 -409 4535 3201
3315 39 4184 3202
-323 1115 1384 3203
-401 756 783 3204
-245 581 670 3205
46 542 838 3206
335 425 1029 3207
553 191 1162 3208
694 -3 1197 3209
822 -50 1244 3210
982 11 1388 3211
1115 66 1556 3212
1216 132 1747 3213
1423 292 1981 3214
1801 468 1985 3215
2312 624 1505 3216
2718 245 666 3217
3459 -393 -159 3218
4017 -780 -1173 3219
4286 -386 -889 3220
2367 -3 858 3221
23 -908 1025 3222
647 -1290 1548 3223
1232 351 2008 3224
713 838 1099 3225
807 643 1240 3226
1060 218 1357 3227
588 -175 1068 3228
393 382 994 3229
479 202 939 3230
468 163 936 3231
401 183 967 3232
393 187 959 3233
413 183 947 3234
429 179 951 3235
421 171 947 3236
432 136 897 3237
432 120 897 3238
421 136 936 3239
557 175 834 3240
553 198 822 3241
425 148 908 3242
452 148 928 3243
409 171 939 3244
370 140 955 3245
362 109 967 3246
308 148 943 3247
261 187 908 3248
280 222 865 3249
343 335 912 3250
296 460 928 3251
776 510 1279 3252
1521 546 1981 3253
1630 666 1977 3254
1439 756 1864 3255
-39 347 1443 3256
-421 772 1708 3257
214 1357 2141 3258
-218 900 1329 3259
-323 483 776 3260
-191 354 659 3261
113 499 846 3262
382 432 1056 3263
581 175 1166 3264
705 42 1209 3265
811 19 1302 3266
951 23 1423 3267
1142 113 1614 3268
1368 284 1879 3269
1712 417 2063 3270
2343 577 1946 3271
2995 487 1185 3272
3162 -234 27 3273
4095 -694 -994 3274
3884 -440 -1474 3275
826 -241 -1341 3276
-776 -928 -148 3277
1306 -1805 1626 3278
1914 -495 1852 3279
526 885 1205 3280
565 413 1111 3281
702 354 943 3282
869 382 873 3283
791 124 936 3284
456 101 943 3285
436 124 1017 3286
429 171 990 3287
421 167 967 3288
425 183 947 3289
421 187 939 3290
429 159 943 3291
401 152 924 3292
390 171 924 3293
409 175 936 3294
425 128 924 3295
429 113 924 3296
429 120 939 3297
417 237 815 3298
425 315 748 3299
460 191 893 3300
409 156 975 3301
335 140 967 3302
280 171 951 3303
245 226 908 3304
366 253 920 3305
491 374 994 3306
624 538 1173 3307
1099 709 1704 3308
1556 686 2008 3309
1634 604 2125 3310
1193 635 2613 3311
2238 304 2909 3312
1774 709 2597 3313
-315 1162 1735 3314
-421 682 990 3315
-218 456 799 3316
19 444 865 3317
304 468 1033 3318
569 308 1177 3319
721 93 1228 3320
850 39 1318 3321
1053 85 1497 3322
1302 144 1727 3323
1443 241 1918 3324
1680 440 2043 3325
2234 616 1883 3326
2823 444 1131 3327
3038 -292 187 3328
3736 -655 -627 3329
3783 -518 -1158 3330
1189 -553 -1415 3331
-678 -358 -152 3332
1185 -569 2094 3333
1836 -549 2308 3334
491 518 1248 3335
354 534 850 3336
842 897 1111 3337
815 725 1267 3338
331 0 1099 3339
378 280 1021 3340
405 163 1029 3341
390 167 994 3342
413 156 959 3343
425 152 916 3344
405 191 924 3345
417 195 955 3346
413 179 943 3347
405 195 932 3348
401 191 932 3349
397 183 932 3350
413 171 928 3351
421 163 916 3352
425 171 900 3353
429 191 908 3354
386 179 897 3355
409 191 943 3356
378 210 990 3357
343 167 971 3358
292 195 932 3359
202 292 893 3360
323 347 978 3361
382 390 1037 3362
487 659 1353 3363
1302 826 2047 3364
1844 600 2172 3365
1443 643 1930 3366
1010 686 2242 3367
1731 510 2336 3368
1439 1002 2429 3369
-27 1162 2028 3370
-308 538 1045 3371
-195 261 764 3372
46 378 822 3373
347 561 990 3374
592 518 1115 3375
756 366 1173 3376
897 331 1255 3377
1056 335 1380 3378
1279 343 1602 3379
1423 421 1778 3380
1583 608 1891 3381
2168 526 1836 3382
2745 214 1228 3383
2913 -81 319 3384
3693 -436 -585 3385
3884 -362 -1201 3386
2094 705 -42 3387
-538 351 1388 3388
19 -1146 1797 3389
1478 -1318 1911 3390
932 374 1392 3391
534 971 1025 3392
659 612 1154 3393
904 522 1294 3394
565 70 1080 3395
421 265 936 3396
374 214 947 3397
405 234 947 3398
432 237 990 3399
413 214 967 3400
405 202 951 3401
393 195 943 3402
397 183 947 3403
405 183 947 3404
401 187 943 3405
401 175 943 3406
405 156 939 3407
409 179 936 3408
401 198 947 3409
390 198 959 3410
378 163 986 3411
343 159 959 3412
354 163 971 3413
335 132 975 3414
241 218 936 3415
234 335 916 3416
393 374 975 3417
666 538 1302 3418
1142 670 1532 3419
1583 569 1887 3420
1532 612 2016 3421
1224 709 1969 3422
-370 534 1895 3423
-312 838 2515 3424
327 1115 2367 3425
-456 678 1076 3426
-312 358 764 3427
-101 409 756 3428
191 569 916 3429
448 487 1092 3430
647 300 1201 3431
834 261 1306 3432
986 237 1415 3433
1158 265 1567 3434
1353 378 1778 3435
1552 495 1989 3436
1946 479 2008 3437
2527 343 1501 3438
2765 -179 530 3439
3439 -573 -335 3440
3829 -608 -1212 3441
3420 -288 -846 3442
2000 1677 924 3443
-78 -409 588 3444
787 -2733 1150 3445
1638 132 2031 3446
663 1064 1064 3447
538 358 1021 3448
780 647 1146 3449
705 526 1181 3450
198 27 1033 3451
136 78 955 3452
374 171 990 3453
390 198 975 3454
421 187 975 3455
425 171 982 3456
425 156 967 3457
417 163 951 3458
390 179 943 3459
378 175 936 3460
382 167 932 3461
390 163 936 3462
397 159 939 3463
401 152 932 3464
378 148 924 3465
374 113 943 3466
405 66 1014 3467
417 156 1049 3468
386 163 998 3469
288 159 959 3470
230 245 893 3471
382 327 904 3472
479 393 1037 3473
627 503 1275 3474
522 822 1205 3475
1037 916 1485 3476
1509 717 2106 3477
627 518 2254 3478
3100 -62 4407 3479
2878 343 4173 3480
-386 932 1454 3481
-339 471 893 3482
-136 354 741 3483
140 507 877 3484
409 530 1060 3485
600 315 1146 3486
748 198 1212 3487
924 183 1365 3488
1107 159 1548 3489
1275 183 1731 3490
1411 296 1930 3491
1731 421 2039 3492
2320 440 1731 3493
2878 11 1002 3494
3209 -432 124 3495
3759 -631 -897 3496
3981 -136 -1049 3497
1895 900 2343 3498
-362 -507 2784 3499
904 -1739 1478 3500
1638 -54 2012 3501
421 939 1002 3502
237 499 838 3503
713 709 1181 3504
861 538 1248 3505
573 113 1154 3506
499 241 1142 3507
417 136 1033 3508
386 140 990 3509
421 148 986 3510
382 159 959 3511
378 152 951 3512
401 120 963 3513
397 101 971 3514
382 117 959 3515
390 136 943 3516
397 120 951 3517
405 105 955 3518
417 113 932 3519
417 241 780 3520
362 304 799 3521
312 195 920 3522
343 136 924 3523
339 105 982 3524
257 113 978 3525
222 156 939 3526
319 273 963 3527
468 448 1060 3528
616 604 1283 3529
1170 713 1840 3530
1638 538 2051 3531
1653 464 2028 3532
1298 631 2507 3533
393 152 1392 3534
159 585 1462 3535
62 1232 2148 3536
-343 733 1053 3537
-253 436 733 3538
39 456 822 3539
339 487 1041 3540
553 245 1170 3541
713 66 1236 3542
865 54 1337 3543
1017 39 1466 3544
1193 74 1634 3545
1357 218 1860 3546
1610 503 2039 3547
2113 655 1872 3548
2589 475 1127 3549
2847 -136 269 3550
3802 -565 -592 3551
3981 -542 -1294 3552
1298 -409 -144 3553
-1310 288 1989 3554
19 -421 2745 3555
1392 -982 2156 3556
756 663 1345 3557
413 627 990 3558
358 265 908 3559
889 581 1134 3560
1056 276 1372 3561
721 202 1251 3562
479 93 1099 3563
456 159 1041 3564
440 226 967 3565
405 210 936 3566
409 202 947 3567
401 195 955 3568
401 179 951 3569
405 183 939 3570
401 198 928 3571
413 191 920 3572
413 183 924 3573
487 159 959 3574
479 159 959 3575
397 198 928 3576
401 148 963 3577
421 46 1025 3578
358 183 971 3579
280 226 928 3580
276 171 955 3581
273 300 920 3582
417 382 1017 3583
585 561 1337 3584
908 651 1560 3585
1310 729 1860 3586
1454 982 1860 3587
1400 865 1883 3588
7 401 1618 3589
-276 850 1977 3590
136 1244 2176 3591
-417 752 1177 3592
-312 460 811 3593
-120 464 752 3594
167 624 908 3595
429 569 1072 3596
627 339 1185 3597
776 195 1263 3598
936 148 1368 3599
1123 167 1556 3600
1240 171 1716 3601
1326 171 1852 3602
1618 245 1961 3603
2301 386 1774 3604
2874 179 873 3605
3194 -327 -109 3606
3931 -573 -885 3607
3685 -491 -1205 3608
1911 904 15 3609
-23 -148 651 3610
1158 -2230 1965 3611
1996 -167 2367 3612
530 1107 963 3613
565 417 1002 3614
729 499 959 3615
674 300 998 3616
479 -19 1119 3617
358 101 1053 3618
425 140 1049 3619
417 179 1021 3620
432 198 986 3621
436 210 959 3622
409 198 947 3623
401 175 955 3624
405 167 955 3625
401 179 939 3626
401 175 928 3627
409 148 939 3628
413 128 932 3629
417 148 912 3630
417 163 908 3631
397 171 885 3632
397 136 932 3633
401 148 990 3634
347 206 951 3635
296 202 908 3636
265 234 893 3637
351 335 912 3638
436 366 959 3639
592 514 1349 3640
1142 655 1833 3641
1716 495 1930 3642
1727 530 1914 3643
1368 709 2187 3644
-479 491 1579 3645
-241 822 2265 3646
643 1201 2640 3647
-366 705 1123 3648
-249 331 772 3649
-15 366 791 3650
292 534 978 3651
596 487 1170 3652
725 273 1212 3653
807 183 1228 3654
1021 241 1419 3655
1306 300 1700 3656
1470 374 1864 3657
1626 499 1969 3658
2078 553 1903 3659
2574 409 1318 3660
2854 -218 468 3661
3857 -655 -401 3662
3822 -557 -1462 3663
799 729 -819 3664
-1665 1193 783 3665
-159 -397 2028 3666
1528 -1076 2999 3667
1298 577 2219 3668
690 854 1127 3669
514 253 955 3670
963 744 1240 3671
347 273 1045 3672
62 42 842 3673
444 156 986 3674
425 171 963 3675
432 179 1017 3676
436 195 975 3677
413 191 943 3678
405 191 947 3679
409 183 955 3680
409 187 947 3681
421 187 936 3682
417 163 936 3683
401 167 932 3684
464 269 776 3685
483 253 776 3686
421 183 955 3687
432 206 877 3688
432 136 908 3689
370 156 1006 3690
319 198 959 3691
284 175 920 3692
273 257 897 3693
397 347 947 3694
448 354 947 3695
456 432 936 3696
1127 530 1571 3697
1879 526 2180 3698
1774 604 2028 3699
1333 663 2148 3700
-436 390 1454 3701
-237 612 2109 3702
651 990 2570 3703
-284 698 1119 3704
-253 413 752 3705
-62 401 729 3706
230 530 924 3707
538 475 1146 3708
725 249 1236 3709
838 136 1263 3710
998 148 1396 3711
1236 159 1638 3712
1411 179 1856 3713
1579 253 2024 3714
1969 362 2004 3715
2476 397 1407 3716
2730 -159 405 3717
3463 -499 -315 3718
3705 -573 -1072 3719
2043 3 -678 3720
386 1571 1361 3721
-195 -339 1220 3722
1107 -2468 1407 3723
1762 -31 2164 3724
635 1263 1134 3725
514 347 939 3726
850 612 1146 3727
1123 503 1283 3728
1017 19 1224 3729
581 132 1053 3730
429 124 1006 3731
429 152 978 3732
436 163 955 3733
429 175 947 3734
409 183 947 3735
401 167 939 3736
397 144 943 3737
397 144 947 3738
401 136 943 3739
397 120 932 3740
405 124 928 3741
409 152 920 3742
382 218 943 3743
378 202 982 3744
366 109 1033 3745
351 78 1017 3746
343 93 963 3747
288 128 975 3748
273 214 939 3749
347 347 943 3750
335 444 900 3751
401 475 830 3752
733 553 1080 3753
1290 733 1517 3754
1446 694 1977 3755
585 425 2223 3756
2702 -280 4052 3757
2776 78 4028 3758
-187 873 1571 3759
-421 612 834 3760
-222 503 741 3761
101 522 928 3762
386 417 1134 3763
600 159 1236 3764
733 0 1255 3765
900 -11 1365 3766
1103 35 1544 3767
1251 159 1692 3768
1427 354 1922 3769
1840 507 2109 3770
2363 522 1778 3771
2811 280 854 3772
3127 -253 15 3773
3876 -588 -705 3774
2722 -58 -1064 3775
1521 869 304 3776
510 -253 429 3777
1053 -1587 1189 3778
2125 -11 2320 3779
604 1056 1115 3780
510 518 932 3781
842 631 1115 3782
834 409 1509 3783
663 62 1536 3784
487 159 1095 3785
448 140 1029 3786
413 198 978 3787
390 210 971 3788
393 206 963 3789
413 198 947 3790
405 179 947 3791
393 183 947 3792
401 198 932 3793
405 198 924 3794
530 195 943 3795
534 191 947 3796
448 179 928 3797
452 171 920 3798
409 179 932 3799
378 81 990 3800
390 105 1053 3801
409 148 1029 3802
315 97 963 3803
245 187 928 3804
273 315 873 3805
366 382 908 3806
335 452 951 3807
897 561 1466 3808
1723 382 2031 3809
1719 409 1992 3810
1396 686 2336 3811
-421 136 1653 3812
-522 370 1942 3813
292 1033 2312 3814
-432 698 1056 3815
-273 464 799 3816
-31 507 842 3817
226 604 971 3818
534 475 1181 3819
733 237 1287 3820
822 132 1302 3821
1025 167 1478 3822
1267 206 1684 3823
1400 218 1797 3824
1567 390 1977 3825
2035 542 2004 3826
2675 471 1357 3827
2862 -206 292 3828
3623 -460 -323 3829
4040 -335 -1181 3830
3443 -198 -951 3831
1392 1411 557 3832
-452 74 187 3833
986 -2051 838 3834
1844 292 1848 3835
803 1037 1166 3836
534 230 1017 3837
877 815 1228 3838
737 604 1240 3839
269 120 936 3840
226 105 920 3841
374 167 1006 3842
382 210 978 3843
421 226 963 3844
417 237 959 3845
417 214 955 3846
405 183 951 3847
390 183 947 3848
386 191 943 3849
405 183 939 3850
397 167 936 3851
397 156 939 3852
425 175 947 3853
425 210 955 3854
405 210 947 3855
409 159 978 3856
343 109 1014 3857
284 132 1006 3858
241 132 971 3859
167 218 932 3860
230 339 920 3861
370 374 1006 3862
452 475 1154 3863
1060 639 1684 3864
1758 549 1891 3865
1684 479 1860 3866
1279 620 2414 3867
822 530 1470 3868
565 877 1591 3869
105 1123 2133 3870
-347 663 1045 3871
-249 393 772 3872
-11 440 815 3873
245 546 951 3874
487 464 1103 3875
643 273 1189 3876
760 152 1251 3877
990 163 1446 3878
1236 206 1677 3879
1329 234 1774 3880
1458 393 1891 3881
1914 518 1953 3882
2620 448 1521 3883
2936 -226 471 3884
3478 -514 -354 3885
3872 -557 -1088 3886
3736 234 -1236 3887
1263 417 206 3888
70 -1103 1411 3889
1279 -916 1712 3890
1092 819 1528 3891
495 783 986 3892
390 436 834 3893
795 585 978 3894
620 140 986 3895
510 128 1006 3896
510 78 1076 3897
444 183 1006 3898
413 222 959 3899
413 241 963 3900
413 249 939 3901
413 230 932 3902
417 206 947 3903
421 202 951 3904
413 206 943 3905
401 210 932 3906
409 198 928 3907
409 198 920 3908
405 218 904 3909
397 202 897 3910
358 234 982 3911
362 206 1002 3912
421 214 924 3913
382 113 990 3914
347 -3 1029 3915
276 144 939 3916
195 265 877 3917
300 362 928 3918
390 460 1041 3919
604 588 1236 3920
1010 795 1462 3921
1489 819 1774 3922
1427 737 2129 3923
639 553 2293 3924
3190 -163 4130 3925
2983 304 3954 3926
-269 1021 1583 3927
-300 542 971 3928
-179 319 733 3929
58 417 822 3930
327 491 1021 3931
530 323 1138 3932
698 187 1209 3933
873 163 1345 3934
1072 140 1524 3935
1244 171 1680 3936
1372 280 1875 3937
1626 448 2086 3938
2067 534 1930 3939
2390 362 1119 3940
2741 -362 304 3941
3747 -795 -432 3942
3771 -565 -1154 3943
1376 -717 144 3944
-916 -195 1614 3945
670 -503 2187 3946
1864 -861 2258 3947
780 616 1372 3948
409 549 932 3949
592 483 1002 3950
873 518 1166 3951
815 46 1189 3952
768 222 1166 3953
534 128 1060 3954
468 183 1014 3955
440 234 978 3956
429 214 963 3957
448 202 959 3958
440 183 947 3959
417 175 939 3960
405 183 928 3961
401 191 932 3962
405 191 928 3963
405 179 924 3964
409 163 916 3965
417 183 908 3966
401 218 904 3967
405 206 939 3968
397 179 963 3969
417 253 943 3970
432 245 932 3971
300 175 939 3972
222 249 951 3973
276 304 904 3974
339 358 947 3975
553 471 1240 3976
1146 737 1813 3977
1630 635 2020 3978
1622 432 2000 3979
1224 577 2246 3980
-117 413 1275 3981
171 709 1918 3982
608 1076 2507 3983
-331 702 1045 3984
-284 378 686 3985
-50 382 737 3986
230 514 928 3987
499 444 1119 3988
682 253 1205 3989
795 132 1220 3990
947 124 1345 3991
1170 167 1587 3992
1361 198 1805 3993
1509 292 1992 3994
1833 393 2047 3995
2425 432 1649 3996
2839 -109 612 3997
3533 -627 -347 3998
4040 -678 -1189 3999
3026 479 -1595 4000
608 1017 -54 4001
-354 -858 1115 4002
1068 -1404 1989 4003
1505 557 2180 4004
542 998 1056 4005
358 315 869 4006
889 822 1166 4007
760 569 1259 4008
456 101 1173 4009
503 58 1197 4010
483 54 1072 4011
421 195 998 4012
444 195 982 4013
456 179 967 4014
444 198 955 4015
425 206 936 4016
413 206 936 4017
413 198 939 4018
401 191 924 4019
409 183 920 4020
429 179 928 4021
425 179 928 4022
405 191 924 4023
413 171 939 4024
390 163 939 4025
358 187 920 4026
354 148 936 4027
315 124 924 4028
269 210 897 4029
288 312 904 4030
390 354 920 4031
397 386 1017 4032
483 538 1287 4033
702 889 1388 4034
1326 967 1782 4035
1583 858 2156 4036
397 546 1875 4037
1041 288 2811 4038
1193 682 2749 4039
-327 807 1189 4040
-370 549 729 4041
-159 546 709 4042
62 627 850 4043
292 581 1010 4044
526 452 1146 4045
698 296 1263 4046
850 183 1326 4047
1037 152 1415 4048
1236 222 1614 4049
1388 284 1809 4050
1563 401 2020 4051
1961 487 2070 4052
2472 417 1528 4053
2757 -109 565 4054
3599 -604 -362 4055
3981 -549 -1466 4056
1704 807 -967 4057
-351 2051 1014 4058
-241 -265 1131 4059
1072 -2102 1571 4060
1454 249 2242 4061
585 1435 1368 4062
132 354 815 4063
522 452 869 4064
861 354 1037 4065
409 148 854 4066
312 269 838 4067
374 42 994 4068
409 70 1017 4069
448 117 1006 4070
440 120 986 4071
425 136 978 4072
429 156 963 4073
436 152 955 4074
421 167 955 4075
417 167 939 4076
421 163 928 4077
425 156 924 4078
421 140 924 4079
413 132 924 4080
448 117 858 4081
452 120 854 4082
417 132 936 4083
397 101 986 4084
393 101 1021 4085
386 113 1010 4086
288 163 971 4087
222 241 936 4088
323 261 893 4089
440 390 998 4090
592 596 1263 4091
1294 705 1957 4092
1704 370 2106 4093
1458 354 1552 4094
1150 705 1774 4095
-202 276 1255 4096
245 54 1864 4097
842 557 2254 4098
-300 756 838 4099
-362 663 565 4100
-105 616 752 4101
148 487 963 4102
362 269 1053 4103
553 42 1084 4104
709 -97 1095 4105
842 -85 1158 4106
955 -74 1290 4107
1064 -89 1454 4108
1244 42 1673 4109
1575 296 1911 4110
2031 538 1930 4111
2398 596 1431 4112
2538 89 600 4113
2870 -358 50 4114
3318 -444 -729 4115
2737 -280 -1154 4116
1123 -124 561 4117
-573 0 1415 4118
499 -592 1556 4119
1470 -514 2055 4120
854 904 1462 4121
1107 659 1314 4122
776 444 1080 4123
510 596 877 4124
335 280 939 4125
319 440 721 4126
518 366 783 4127
518 144 971 4128
452 74 1010 4129
413 105 982 4130
421 148 963 4131
409 144 924 4132
417 132 916 4133
421 128 939 4134
413 124 939 4135
417 132 939 4136
421 148 943 4137
425 140 943 4138
417 140 947 4139
409 144 943 4140
417 136 939 4141
409 144 939 4142
409 144 939 4143
425 132 936 4144
421 144 936 4145
421 152 943 4146
429 144 939 4147
425 140 936 4148
421 144 932 4149
429 132 936 4150
436 128 936 4151
432 144 939 4152
429 148 939 4153
425 152 936 4154
425 156 939 4155
436 144 936 4156
429 156 936 4157
417 171 939 4158
421 163 939 4159
421 159 936 4160
417 156 932 4161
417 159 932 4162
421 171 936 4163
421 175 936 4164
417 171 936 4165
413 163 936 4166
401 171 936 4167
401 175 939 4168
397 175 939 4169
401 175 939 4170
409 175 939 4171
413 179 932 4172
409 183 932 4173
413 175 932 4174
421 175 928 4175
413 171 932 4176
405 171 936 4177
405 175 932 4178
405 171 936 4179
409 171 939 4180
405 171 936 4181
405 179 939 4182
409 179 939 4183
405 175 939 4184
405 175 943 4185
405 175 936 4186
409 175 936 4187
421 171 939 4188
421 179 939 4189
413 179 939 4190
409 175 936 4191
409 175 939 4192
409 171 932 4193
409 171 932 4194
401 171 936 4195
405 171 939 4196
413 171 936 4197
409 175 932 4198
405 179 936 4199
409 175 939 4200
413 179 936 4201
405 183 936 4202
401 175 939 4203
409 175 936 4204
409 175 932 4205
405 175 939 4206
409 175 939 4207
405 179 936 4208
405 175 932 4209
409 175 932 4210
405 175 936 4211
405 171 939 4212
405 171 939 4213
409 175 939 4214
409 179 939 4215
405 179 943 4216
405 179 943 4217
401 175 939 4218
405 171 936 4219
405 171 939 4220
401 171 943 4221
397 179 936 4222
397 179 928 4223
401 171 936 4224
