-2.446614
3.230498
3.333329
-16.227647
-0.089586
-0.089555
0.006129
1.291459
4.249625
-5.215243
-0.089580
-0.089562
2.150055
1.104471
5.342461
-1.236059
-0.089582
-0.089568
0.105246
0.568330
3.007551
-1.907275
-0.089571
-0.089549
-0.701447
1.378520
1.391860
-6.329356
-0.089585
-0.089562
0.013270
0.937677
3.858994
-3.567117
-0.089578
-0.089558
11.852017
-0.088877
11.853162
11.850777
-0.089578
-0.089580
7.206986
1.811182
9.561520
4.094058
-0.089578
-0.089583
2.259048
0.759774
0.731700
0.751606
0.744867
0.723519
0.696484
0.605780
0.461123
0.326557
0.228090
0.164418
0.135051
0.129488
0.125288
0.116325
0.089042
0.049526
0.012656
-0.019443
-0.047421
-0.068550
-0.084840
-0.076979
-0.066222
-0.056600
-0.048522
-0.042810
-0.038929
-0.038874
-0.044285
-0.052256
-0.059296
-0.064162
-0.064568
-0.061996
-0.059724
-0.058558
-0.059973
-0.064522
-0.070199
-0.075520
-0.080517
-0.084785
-0.087854
-0.086752
-0.084270
-0.082232
-0.080527
-0.079609
-0.079466
-0.080202
-0.082242
-0.085042
-0.087380
-0.086946
-0.085090
-0.083791
-0.083363
-0.083699
-0.084637
-0.085964
-0.086997
-0.087362
-0.087199
-0.086856
-0.086582
-0.086375
-0.086288
-0.086276
-0.086331
-0.086457
-0.086618
-0.086791
-0.086836
-0.086717
-0.086550
-0.086392
-0.086299
-0.086288
-0.086344
-0.086439
-0.086547
-0.086612
-0.086633
-0.086629
-0.086610
-0.086590
-0.086573
-0.086566
-0.086573
-0.086591
-0.086623
-0.086659
-0.086688
-0.086691
-0.086660
-0.086621
-0.086585
-0.086563
0.004941
-0.048204
0.025258
0.087412
0.161812
0.226974
0.287803
0.317691
0.301235
0.202626
0.100105
0.042628
0.029420
0.066708
0.093195
0.074342
0.034046
-0.008513
-0.040804
-0.063950
-0.074811
-0.076352
-0.076556
-0.077355
-0.079049
-0.078922
-0.073138
-0.063672
-0.053836
-0.045006
-0.041539
-0.048059
-0.060997
-0.070316
-0.070456
-0.064693
-0.061464
-0.064983
-0.073133
-0.081191
-0.086756
-0.086728
-0.084723
-0.083885
-0.083787
-0.083615
-0.083486
-0.082911
-0.082050
-0.081283
-0.081043
-0.081506
-0.083212
-0.086113
-0.088933
-0.087773
-0.087397
-0.087560
-0.088555
-0.087991
-0.086721
-0.086153
-0.086139
-0.086359
-0.086663
-0.086917
-0.087097
-0.087220
-0.087321
-0.087407
-0.087511
-0.087663
-0.087841
-0.088017
-0.088090
-0.087998
-0.087936
-0.088007
-0.088113
-0.088219
-0.088243
-0.088203
-0.088207
-0.088253
-0.088314
-0.088375
-0.088426
-0.088466
-0.088499
-0.088530
-0.088559
-0.088591
-0.088623
-0.088647
-0.088654
-0.088639
-0.088618
-0.088619
-0.088633
-0.088645
2.162110
0.175579
0.174367
0.207459
0.233213
0.248378
0.221384
0.137916
0.050334
-0.014354
-0.023415
-0.001698
0.017759
0.020761
0.011203
-0.010773
-0.039824
-0.074600
-0.076528
-0.063209
-0.057301
-0.056013
-0.055563
-0.056237
-0.057536
-0.059092
-0.063112
-0.070178
-0.081972
-0.080390
-0.070062
-0.063399
-0.061185
-0.063066
-0.068060
-0.075483
-0.081968
-0.080750
-0.074666
-0.069706
-0.069282
-0.071318
-0.073890
-0.075805
-0.076960
-0.078007
-0.078552
-0.079020
-0.078942
-0.077871
-0.076198
-0.075188
-0.076009
-0.077501
-0.079046
-0.079891
-0.079667
-0.078962
-0.078319
-0.078093
-0.078344
-0.079021
-0.079636
-0.079818
-0.079814
-0.079774
-0.079787
-0.079817
-0.079863
-0.079914
-0.079950
-0.080007
-0.080112
-0.080298
-0.080441
-0.080504
-0.080521
-0.080516
-0.080521
-0.080546
-0.080598
-0.080669
-0.080754
-0.080822
-0.080853
-0.080873
-0.080890
-0.080910
-0.080930
-0.080950
-0.080969
-0.080987
-0.081009
-0.081037
-0.081072
-0.081091
-0.081093
-0.081086
-0.081078
-0.081073
0.108372
0.062455
0.027628
0.024985
0.044398
0.055090
0.067123
0.071503
0.061765
0.036383
0.007845
-0.022474
-0.045897
-0.061607
-0.061662
-0.053405
-0.049179
-0.049271
-0.052253
-0.056724
-0.062731
-0.067387
-0.070379
-0.071157
-0.071044
-0.069710
-0.067857
-0.067541
-0.068484
-0.071237
-0.075862
-0.081886
-0.086875
-0.084031
-0.079912
-0.076427
-0.074598
-0.074314
-0.075824
-0.078174
-0.080563
-0.082411
-0.083284
-0.083279
-0.083121
-0.082544
-0.082863
-0.083201
-0.083805
-0.084581
-0.085069
-0.084988
-0.084309
-0.083465
-0.082978
-0.082910
-0.083214
-0.083698
-0.084302
-0.084768
-0.084952
-0.084882
-0.084744
-0.084654
-0.084628
-0.084683
-0.084759
-0.084844
-0.084922
-0.084988
-0.085036
-0.085057
-0.085072
-0.085084
-0.085108
-0.085160
-0.085229
-0.085299
-0.085355
-0.085404
-0.085437
-0.085455
-0.085464
-0.085473
-0.085484
-0.085499
-0.085518
-0.085538
-0.085557
-0.085573
-0.085585
-0.085594
-0.085598
-0.085602
-0.085607
-0.085616
-0.085629
-0.085642
-0.085652
-0.085658
0.506340
0.270034
0.397903
0.417326
0.325482
0.238593
0.132597
0.030912
-0.020693
-0.024609
-0.012984
-0.005847
-0.000305
0.004813
0.006776
0.008480
-0.000955
-0.026127
-0.054366
-0.074342
-0.068019
-0.058255
-0.057343
-0.058086
-0.059161
-0.066492
-0.076159
-0.075862
-0.066672
-0.058709
-0.056741
-0.058107
-0.060050
-0.062854
-0.065618
-0.068656
-0.072203
-0.076163
-0.079834
-0.077740
-0.073282
-0.070833
-0.070451
-0.072338
-0.073890
-0.075280
-0.075623
-0.075347
-0.073890
-0.073147
-0.073383
-0.074866
-0.076649
-0.077545
-0.077846
-0.077872
-0.077769
-0.077632
-0.077426
-0.077235
-0.076998
-0.076957
-0.077316
-0.077788
-0.078172
-0.078322
-0.078334
-0.078386
-0.078444
-0.078479
-0.078607
-0.078793
-0.078963
-0.079064
-0.079078
-0.079098
-0.079144
-0.079197
-0.079252
-0.079301
-0.079345
-0.079382
-0.079429
-0.079501
-0.079572
-0.079630
-0.079664
-0.079685
-0.079710
-0.079734
-0.079756
-0.079790
-0.079828
-0.079856
-0.079868
-0.079864
-0.079863
-0.079865
-0.079868
-0.079872
0.021617
0.111659
0.041302
0.064421
0.126751
0.152502
0.171152
0.178737
0.161096
0.114911
0.065457
0.021474
-0.004538
-0.031002
-0.054966
-0.063982
-0.055685
-0.047941
-0.044460
-0.045617
-0.051346
-0.055742
-0.057903
-0.059071
-0.060226
-0.059374
-0.057676
-0.058763
-0.061904
-0.067327
-0.074858
-0.081961
-0.082123
-0.077871
-0.074851
-0.071271
-0.068187
-0.066586
-0.067487
-0.069947
-0.072801
-0.075493
-0.076988
-0.077257
-0.077563
-0.077288
-0.077886
-0.078290
-0.079103
-0.079820
-0.079792
-0.079162
-0.078156
-0.077345
-0.077191
-0.077519
-0.077997
-0.078439
-0.079072
-0.079718
-0.080144
-0.080229
-0.080145
-0.080042
-0.079982
-0.080044
-0.080138
-0.080230
-0.080317
-0.080409
-0.080476
-0.080503
-0.080540
-0.080587
-0.080659
-0.080766
-0.080873
-0.080955
-0.081014
-0.081080
-0.081141
-0.081185
-0.081211
-0.081232
-0.081253
-0.081276
-0.081306
-0.081336
-0.081363
-0.081387
-0.081409
-0.081425
-0.081434
-0.081446
-0.081461
-0.081481
-0.081503
-0.081521
-0.081532
-0.081538
-2.817280
0.260431
-2.409670
-3.615898
-0.089580
-0.089581
-0.039608
0.251479
0.475832
-0.463647
-0.089578
-0.089583
0.112738
0.023241
0.430899
-0.004447
-0.089574
-0.089576
1.331591
1.068883
2.336642
-0.806349
-0.089580
-0.089582
0.411262
0.018460
0.557012
0.127251
-0.089579
-0.089580
-2.534556
0.084809
-2.298695
-2.875095
-0.089580
-0.089581
6.860287
0.910397
8.359791
5.711749
-0.089577
-0.089583
2.638718
0.137148
-0.022783
-0.049860
-0.061979
-0.068232
-0.072858
-0.073142
-0.077508
-0.075836
-0.077158
-0.079795
-0.072991
-0.083616
-0.082592
-0.084127
-0.083887
-0.084812
-0.084377
-0.085564
-0.084788
-0.086131
-0.086352
-0.084915
-0.087206
-0.086213
-0.086845
-0.086688
-0.087124
-0.086947
-0.087517
-0.087235
-0.088184
-0.087916
-0.087171
-0.087546
-0.087410
-0.087787
-0.087798
-0.088007
-0.087984
-0.088232
-0.088169
-0.088465
-0.088117
-0.087838
-0.088012
-0.088169
-0.088294
-0.088344
-0.088376
-0.088398
-0.088433
-0.088436
-0.088433
-0.088361
-0.088329
-0.088438
-0.088518
-0.088519
-0.088541
-0.088538
-0.088556
-0.088559
-0.088571
-0.088564
-0.088574
-0.088576
-0.088620
-0.088634
-0.088633
-0.088643
-0.088647
-0.088656
-0.088661
-0.088667
-0.088670
-0.088677
-0.088684
-0.088698
-0.088700
-0.088705
-0.088708
-0.088713
-0.088716
-0.088720
-0.088722
-0.088726
-0.088728
-0.088735
-0.088738
-0.088738
-0.088740
-0.088741
-0.088743
-0.088744
-0.088745
-0.088745
-0.088747
-0.088746
-0.034443
0.127018
-0.021867
-0.044438
-0.054672
-0.060870
-0.067642
-0.069446
-0.074873
-0.073624
-0.073832
-0.081924
-0.071834
-0.080068
-0.079621
-0.080923
-0.081037
-0.082246
-0.082024
-0.083078
-0.082401
-0.083010
-0.083782
-0.082282
-0.084498
-0.084183
-0.084602
-0.084607
-0.084938
-0.084828
-0.085146
-0.084923
-0.085197
-0.085379
-0.085297
-0.085930
-0.085831
-0.085914
-0.085957
-0.086027
-0.086035
-0.086141
-0.086138
-0.086228
-0.086418
-0.086471
-0.086564
-0.086592
-0.086572
-0.086646
-0.086660
-0.086721
-0.086758
-0.086813
-0.086837
-0.086961
-0.086933
-0.086969
-0.087009
-0.087011
-0.087060
-0.087076
-0.087116
-0.087136
-0.087169
-0.087186
-0.087233
-0.087222
-0.087256
-0.087274
-0.087288
-0.087311
-0.087326
-0.087345
-0.087359
-0.087375
-0.087391
-0.087405
-0.087411
-0.087428
-0.087436
-0.087448
-0.087458
-0.087468
-0.087477
-0.087485
-0.087492
-0.087502
-0.087504
-0.087512
-0.087518
-0.087522
-0.087527
-0.087530
-0.087534
-0.087537
-0.087539
-0.087541
-0.087543
-0.087541
0.115919
-0.025648
-0.053064
-0.070487
-0.074944
-0.076508
-0.079559
-0.081494
-0.083556
-0.083389
-0.085206
-0.083541
-0.081651
-0.083557
-0.084936
-0.085214
-0.085283
-0.085819
-0.085989
-0.086384
-0.086189
-0.086244
-0.085822
-0.085897
-0.086680
-0.086967
-0.086946
-0.086967
-0.087110
-0.087138
-0.087238
-0.087110
-0.087115
-0.087087
-0.087400
-0.087659
-0.087671
-0.087593
-0.087616
-0.087659
-0.087682
-0.087714
-0.087673
-0.087726
-0.087831
-0.087995
-0.087979
-0.087961
-0.087933
-0.087971
-0.087995
-0.088026
-0.088045
-0.088058
-0.088102
-0.088158
-0.088173
-0.088156
-0.088170
-0.088179
-0.088204
-0.088221
-0.088239
-0.088251
-0.088265
-0.088284
-0.088301
-0.088302
-0.088309
-0.088322
-0.088332
-0.088344
-0.088353
-0.088363
-0.088370
-0.088379
-0.088388
-0.088395
-0.088398
-0.088406
-0.088412
-0.088418
-0.088424
-0.088429
-0.088433
-0.088438
-0.088443
-0.088447
-0.088449
-0.088452
-0.088455
-0.088458
-0.088461
-0.088463
-0.088464
-0.088466
-0.088467
-0.088468
-0.088469
-0.088469
1.346078
0.611728
0.177040
0.083468
0.034155
0.012929
-0.008174
-0.015871
-0.029490
-0.030569
-0.033610
-0.072879
-0.032990
-0.048610
-0.052348
-0.057008
-0.057381
-0.060896
-0.060924
-0.064248
-0.063213
-0.066110
-0.072086
-0.063375
-0.067483
-0.069146
-0.070248
-0.070438
-0.071614
-0.071657
-0.072908
-0.072405
-0.074126
-0.075563
-0.072298
-0.074226
-0.075324
-0.075417
-0.075725
-0.076125
-0.076304
-0.076760
-0.076698
-0.077549
-0.077893
-0.076621
-0.077693
-0.078245
-0.078145
-0.078444
-0.078563
-0.078767
-0.078911
-0.079050
-0.079319
-0.079442
-0.079159
-0.079624
-0.079800
-0.079816
-0.079980
-0.080054
-0.080180
-0.080258
-0.080371
-0.080466
-0.080535
-0.080536
-0.080718
-0.080780
-0.080836
-0.080913
-0.080972
-0.081038
-0.081093
-0.081156
-0.081206
-0.081241
-0.081292
-0.081357
-0.081389
-0.081432
-0.081468
-0.081505
-0.081537
-0.081570
-0.081599
-0.081625
-0.081640
-0.081677
-0.081695
-0.081711
-0.081729
-0.081743
-0.081756
-0.081766
-0.081775
-0.081782
-0.081786
-0.081786
0.411422
-0.016586
-0.083127
-0.080492
-0.083101
-0.083900
-0.085336
-0.085653
-0.086897
-0.087076
-0.085194
-0.085863
-0.085029
-0.087930
-0.086995
-0.087500
-0.087453
-0.087804
-0.087766
-0.088119
-0.087933
-0.088013
-0.088343
-0.088089
-0.088121
-0.088096
-0.088294
-0.088305
-0.088445
-0.088439
-0.088584
-0.088493
-0.088697
-0.088896
-0.088409
-0.088456
-0.088590
-0.088658
-0.088692
-0.088746
-0.088757
-0.088812
-0.088787
-0.088900
-0.088880
-0.088625
-0.088770
-0.088858
-0.088857
-0.088884
-0.088895
-0.088907
-0.088917
-0.088921
-0.088941
-0.088915
-0.088876
-0.088952
-0.088966
-0.088962
-0.088975
-0.088978
-0.088986
-0.088989
-0.088996
-0.088998
-0.088996
-0.089001
-0.089021
-0.089021
-0.089024
-0.089030
-0.089033
-0.089037
-0.089040
-0.089044
-0.089045
-0.089047
-0.089053
-0.089058
-0.089059
-0.089062
-0.089064
-0.089066
-0.089068
-0.089070
-0.089071
-0.089073
-0.089074
-0.089077
-0.089078
-0.089079
-0.089080
-0.089081
-0.089082
-0.089082
-0.089083
-0.089083
-0.089084
-0.089084
2.354027
0.013904
-0.032463
-0.067300
-0.076713
-0.081520
-0.083983
-0.084888
-0.085721
-0.083129
-0.074281
-0.086220
-0.084856
-0.079509
-0.084762
-0.085659
-0.086527
-0.086846
-0.087009
-0.087155
-0.086400
-0.085422
-0.088159
-0.087149
-0.086449
-0.088073
-0.088087
-0.088291
-0.088266
-0.088268
-0.088246
-0.087952
-0.087976
-0.088831
-0.088190
-0.088294
-0.088896
-0.088792
-0.088846
-0.088785
-0.088784
-0.088765
-0.088696
-0.088807
-0.089090
-0.088773
-0.088945
-0.089130
-0.089046
-0.089064
-0.089044
-0.089059
-0.089062
-0.089074
-0.089118
-0.089183
-0.089108
-0.089175
-0.089207
-0.089185
-0.089196
-0.089198
-0.089209
-0.089216
-0.089229
-0.089245
-0.089254
-0.089249
-0.089269
-0.089273
-0.089273
-0.089278
-0.089283
-0.089288
-0.089293
-0.089301
-0.089307
-0.089307
-0.089313
-0.089318
-0.089319
-0.089322
-0.089325
-0.089328
-0.089331
-0.089334
-0.089337
-0.089339
-0.089339
-0.089344
-0.089344
-0.089344
-0.089346
-0.089347
-0.089348
-0.089349
-0.089350
-0.089351
-0.089350
-0.089350
