-2.343433
3.340016
3.081763
-18.647421
-0.085114
-0.085062
0.087921
1.035082
3.745915
-2.737383
-0.085100
-0.085091
2.373843
0.491741
3.595852
-0.994283
-0.085114
-0.085044
0.026266
0.472900
2.686697
-1.024256
-0.085093
-0.085064
-0.279389
0.928587
1.089182
-4.108975
-0.085111
-0.085086
-0.128830
0.551558
1.949456
-3.879255
-0.085110
-0.085051
12.524357
-0.084027
12.525889
12.522848
-0.085103
-0.085108
6.864801
1.342968
8.813126
3.601258
-0.085104
-0.085107
2.163586
0.538223
0.577443
0.619022
0.713507
0.732906
0.736671
0.674588
0.627919
0.566086
0.490972
0.411188
0.325442
0.241396
0.164532
0.089757
0.033523
-0.012176
-0.041152
-0.062945
-0.070394
-0.065469
-0.057229
-0.047851
-0.036135
-0.027357
-0.019419
-0.015021
-0.011205
-0.012808
-0.016903
-0.023284
-0.032022
-0.041190
-0.051135
-0.060819
-0.068952
-0.076252
-0.081629
-0.084057
-0.081265
-0.079297
-0.077463
-0.075546
-0.073810
-0.072552
-0.071738
-0.071565
-0.071991
-0.073419
-0.075188
-0.077383
-0.079681
-0.081797
-0.083336
-0.083107
-0.082177
-0.081338
-0.080753
-0.080435
-0.080288
-0.080230
-0.080215
-0.080243
-0.080320
-0.080401
-0.080511
-0.080606
-0.080669
-0.080655
-0.080612
-0.080559
-0.080535
-0.080538
-0.080573
-0.080620
-0.080669
-0.080709
-0.080742
-0.080769
-0.080784
-0.080771
-0.080741
-0.080689
-0.080642
-0.080609
-0.080630
-0.080693
-0.080803
-0.080937
-0.081071
-0.081184
-0.081241
-0.081256
-0.081224
-0.081173
-0.081106
-0.081059
-0.081024
-0.081006
0.083849
0.140780
0.150081
0.225990
0.246614
0.242140
0.220398
0.154714
0.059000
-0.030786
-0.052333
-0.027070
-0.000487
-0.008326
-0.032128
-0.048848
-0.055033
-0.058131
-0.063645
-0.066993
-0.072186
-0.070826
-0.065089
-0.061230
-0.060219
-0.060972
-0.063153
-0.067632
-0.073759
-0.079333
-0.081277
-0.081185
-0.080879
-0.082653
-0.081847
-0.078040
-0.076084
-0.075283
-0.076069
-0.077563
-0.080630
-0.082630
-0.081565
-0.079830
-0.079196
-0.079442
-0.080589
-0.082357
-0.082880
-0.082749
-0.083470
-0.083494
-0.083152
-0.082630
-0.082011
-0.082006
-0.082630
-0.083285
-0.083542
-0.083320
-0.082976
-0.082829
-0.082828
-0.082933
-0.082980
-0.083013
-0.083036
-0.083052
-0.083093
-0.083073
-0.083006
-0.083000
-0.083012
-0.083002
-0.082991
-0.082990
-0.083018
-0.083078
-0.083115
-0.083107
-0.083053
-0.083013
-0.083010
-0.083049
-0.083103
-0.083115
-0.083115
-0.083145
-0.083152
-0.083142
-0.083121
-0.083080
-0.083081
-0.083142
-0.083212
-0.083235
-0.083210
-0.083171
-0.083152
-0.083147
2.385564
-0.029835
-0.031296
0.024273
0.067513
0.067317
0.040687
0.009720
0.003756
-0.009915
-0.024499
-0.039733
-0.046258
-0.047627
-0.043328
-0.031391
-0.029347
-0.032644
-0.039987
-0.040792
-0.044101
-0.045850
-0.047107
-0.045546
-0.049058
-0.051778
-0.053873
-0.054947
-0.058812
-0.061703
-0.062894
-0.062956
-0.062402
-0.061979
-0.061985
-0.064366
-0.066537
-0.067855
-0.068161
-0.069674
-0.070048
-0.070448
-0.070876
-0.071796
-0.071875
-0.072362
-0.072857
-0.073111
-0.072710
-0.072591
-0.072696
-0.072950
-0.073313
-0.073667
-0.073931
-0.073981
-0.074120
-0.074266
-0.074394
-0.074441
-0.074602
-0.074755
-0.074904
-0.075028
-0.075176
-0.075278
-0.075383
-0.075502
-0.075637
-0.075750
-0.075851
-0.075946
-0.076043
-0.076130
-0.076208
-0.076279
-0.076355
-0.076416
-0.076477
-0.076535
-0.076595
-0.076638
-0.076688
-0.076733
-0.076768
-0.076784
-0.076809
-0.076839
-0.076871
-0.076904
-0.076934
-0.076955
-0.076963
-0.076976
-0.076985
-0.076989
-0.076980
-0.076987
-0.076994
-0.077003
0.028356
0.055608
-0.012094
0.003384
0.013068
0.024733
0.036610
0.043696
0.032848
0.021529
0.014077
0.007090
-0.001285
-0.013907
-0.030134
-0.041587
-0.050821
-0.059069
-0.063597
-0.068812
-0.071364
-0.071548
-0.072263
-0.070841
-0.069276
-0.067750
-0.066343
-0.065886
-0.066552
-0.066911
-0.067785
-0.069717
-0.072568
-0.075745
-0.078064
-0.079723
-0.080943
-0.081118
-0.080861
-0.080231
-0.079797
-0.079705
-0.079593
-0.079460
-0.079874
-0.080183
-0.080714
-0.081291
-0.081754
-0.082308
-0.082616
-0.082507
-0.082213
-0.081981
-0.081865
-0.081760
-0.081738
-0.081801
-0.081894
-0.082018
-0.082137
-0.082227
-0.082322
-0.082405
-0.082456
-0.082513
-0.082552
-0.082588
-0.082623
-0.082656
-0.082700
-0.082749
-0.082798
-0.082841
-0.082876
-0.082908
-0.082931
-0.082951
-0.082973
-0.082991
-0.083010
-0.083036
-0.083060
-0.083087
-0.083112
-0.083132
-0.083152
-0.083160
-0.083154
-0.083141
-0.083131
-0.083125
-0.083117
-0.083115
-0.083121
-0.083133
-0.083147
-0.083157
-0.083165
-0.083171
0.100092
0.198864
0.181205
0.266309
0.237611
0.156098
0.079109
0.020648
-0.002621
-0.016582
-0.033516
-0.041933
-0.040649
-0.043676
-0.049749
-0.063036
-0.074810
-0.080736
-0.078189
-0.071891
-0.068415
-0.064658
-0.065726
-0.067977
-0.075783
-0.079608
-0.081779
-0.081380
-0.079620
-0.078167
-0.076998
-0.077159
-0.077547
-0.076430
-0.074690
-0.073617
-0.073376
-0.073954
-0.073728
-0.074807
-0.076586
-0.078397
-0.078486
-0.077465
-0.076740
-0.076580
-0.076313
-0.076198
-0.076439
-0.076845
-0.077234
-0.077350
-0.077392
-0.077556
-0.077745
-0.077931
-0.078094
-0.078257
-0.078439
-0.078432
-0.078364
-0.078306
-0.078333
-0.078390
-0.078453
-0.078512
-0.078602
-0.078673
-0.078715
-0.078742
-0.078763
-0.078790
-0.078818
-0.078848
-0.078883
-0.078914
-0.078957
-0.079004
-0.079047
-0.079071
-0.079082
-0.079092
-0.079113
-0.079128
-0.079146
-0.079172
-0.079203
-0.079231
-0.079248
-0.079262
-0.079282
-0.079303
-0.079322
-0.079340
-0.079360
-0.079381
-0.079380
-0.079364
-0.079346
-0.079344
-0.054087
-0.027542
-0.003415
-0.047896
-0.014365
0.007949
0.032036
0.052631
0.042058
0.019820
0.012769
0.011371
0.016016
0.013490
0.001058
-0.009221
-0.017087
-0.024928
-0.029223
-0.036935
-0.041720
-0.045160
-0.046583
-0.046633
-0.045139
-0.045272
-0.046348
-0.048786
-0.051588
-0.052540
-0.053711
-0.055861
-0.058776
-0.061886
-0.063392
-0.064616
-0.066060
-0.067200
-0.068157
-0.068050
-0.067899
-0.067817
-0.068129
-0.068591
-0.069625
-0.070302
-0.070890
-0.071257
-0.071593
-0.072079
-0.072291
-0.072298
-0.072276
-0.072345
-0.072548
-0.072660
-0.072735
-0.072852
-0.073003
-0.073237
-0.073455
-0.073663
-0.073843
-0.074005
-0.074134
-0.074274
-0.074396
-0.074516
-0.074629
-0.074740
-0.074863
-0.074980
-0.075088
-0.075188
-0.075279
-0.075367
-0.075439
-0.075506
-0.075568
-0.075632
-0.075695
-0.075762
-0.075818
-0.075869
-0.075913
-0.075955
-0.075997
-0.076026
-0.076044
-0.076058
-0.076076
-0.076097
-0.076107
-0.076112
-0.076118
-0.076131
-0.076151
-0.076165
-0.076177
-0.076183
-2.872816
0.248862
-2.569730
-3.656785
-0.085107
-0.085104
0.126611
0.175180
0.383779
-0.436357
-0.085106
-0.085106
0.385795
0.158115
0.676188
0.030894
-0.085104
-0.085108
2.069489
0.731318
3.014872
0.175732
-0.085106
-0.085105
0.470996
0.001381
0.577538
0.344828
-0.085104
-0.085108
-2.149856
0.213322
-1.167819
-2.588401
-0.085098
-0.085093
6.112525
0.283700
7.180507
5.747641
-0.085100
-0.085101
2.709600
0.123668
-0.002218
-0.039769
-0.050703
-0.057155
-0.060805
-0.065066
-0.067235
-0.062016
-0.066387
-0.078936
-0.076099
-0.075359
-0.076278
-0.076689
-0.077300
-0.077530
-0.078279
-0.079447
-0.076256
-0.076182
-0.079093
-0.079283
-0.079386
-0.079694
-0.079862
-0.080081
-0.080119
-0.080380
-0.081709
-0.080722
-0.080421
-0.080844
-0.080977
-0.081048
-0.081164
-0.081273
-0.081381
-0.081328
-0.081315
-0.081958
-0.081747
-0.081725
-0.081827
-0.081889
-0.081943
-0.081985
-0.082045
-0.082110
-0.082051
-0.082088
-0.082303
-0.082306
-0.082325
-0.082364
-0.082398
-0.082433
-0.082462
-0.082499
-0.082552
-0.082544
-0.082549
-0.082597
-0.082625
-0.082648
-0.082673
-0.082697
-0.082716
-0.082733
-0.082753
-0.082778
-0.082793
-0.082808
-0.082824
-0.082839
-0.082852
-0.082866
-0.082885
-0.082892
-0.082902
-0.082914
-0.082924
-0.082934
-0.082943
-0.082951
-0.082959
-0.082963
-0.082970
-0.082984
-0.082986
-0.082991
-0.082997
-0.082999
-0.083002
-0.083005
-0.083008
-0.083011
-0.083008
-0.083007
0.129315
0.075761
-0.028747
-0.053163
-0.059298
-0.065675
-0.069470
-0.070910
-0.074310
-0.077856
-0.067507
-0.071438
-0.076192
-0.076543
-0.077405
-0.077833
-0.078385
-0.078824
-0.079070
-0.078846
-0.080957
-0.081679
-0.080381
-0.080643
-0.080836
-0.080974
-0.081078
-0.081249
-0.081327
-0.081582
-0.081336
-0.080864
-0.081879
-0.081931
-0.081954
-0.082067
-0.082144
-0.082186
-0.082294
-0.082302
-0.082180
-0.082720
-0.082485
-0.082538
-0.082620
-0.082651
-0.082703
-0.082753
-0.082783
-0.082837
-0.082953
-0.082839
-0.082884
-0.082942
-0.082970
-0.083003
-0.083029
-0.083057
-0.083084
-0.083106
-0.083115
-0.083160
-0.083196
-0.083202
-0.083220
-0.083238
-0.083256
-0.083271
-0.083286
-0.083304
-0.083319
-0.083332
-0.083342
-0.083357
-0.083369
-0.083381
-0.083392
-0.083401
-0.083416
-0.083421
-0.083430
-0.083439
-0.083447
-0.083454
-0.083461
-0.083467
-0.083474
-0.083482
-0.083480
-0.083486
-0.083492
-0.083495
-0.083499
-0.083502
-0.083505
-0.083507
-0.083509
-0.083509
-0.083513
-0.083515
0.388978
0.067443
-0.032792
-0.053306
-0.062149
-0.066821
-0.070599
-0.073089
-0.075303
-0.078248
-0.070018
-0.077281
-0.077079
-0.077671
-0.078243
-0.078847
-0.079064
-0.079450
-0.079762
-0.080012
-0.080571
-0.080914
-0.080938
-0.081055
-0.081192
-0.081301
-0.081500
-0.081594
-0.081689
-0.081764
-0.082187
-0.081528
-0.082248
-0.082304
-0.082367
-0.082432
-0.082480
-0.082547
-0.082603
-0.082645
-0.082430
-0.083002
-0.082684
-0.082788
-0.082850
-0.082902
-0.082942
-0.082987
-0.083029
-0.083073
-0.083158
-0.083069
-0.083169
-0.083182
-0.083206
-0.083231
-0.083258
-0.083279
-0.083302
-0.083322
-0.083341
-0.083366
-0.083389
-0.083404
-0.083421
-0.083437
-0.083452
-0.083468
-0.083480
-0.083496
-0.083508
-0.083523
-0.083531
-0.083544
-0.083555
-0.083565
-0.083575
-0.083582
-0.083597
-0.083599
-0.083609
-0.083616
-0.083624
-0.083630
-0.083636
-0.083643
-0.083648
-0.083654
-0.083654
-0.083662
-0.083665
-0.083667
-0.083672
-0.083674
-0.083676
-0.083678
-0.083679
-0.083680
-0.083682
-0.083683
2.055116
0.469920
0.039150
-0.003803
-0.025496
-0.037329
-0.044436
-0.048614
-0.050128
-0.038613
-0.058206
-0.064956
-0.072353
-0.072978
-0.073065
-0.073475
-0.074024
-0.074659
-0.075386
-0.078003
-0.067987
-0.066908
-0.075340
-0.075683
-0.076189
-0.076589
-0.076936
-0.077252
-0.077564
-0.077416
-0.080853
-0.078789
-0.078008
-0.078359
-0.078589
-0.078776
-0.078940
-0.079088
-0.079217
-0.079432
-0.078889
-0.080139
-0.079636
-0.079895
-0.079968
-0.080054
-0.080136
-0.080212
-0.080278
-0.080320
-0.080163
-0.080351
-0.080866
-0.080754
-0.080799
-0.080846
-0.080897
-0.080945
-0.080997
-0.081055
-0.081165
-0.081093
-0.081065
-0.081171
-0.081217
-0.081259
-0.081297
-0.081341
-0.081367
-0.081393
-0.081419
-0.081467
-0.081492
-0.081512
-0.081536
-0.081559
-0.081581
-0.081599
-0.081630
-0.081639
-0.081659
-0.081676
-0.081692
-0.081706
-0.081720
-0.081733
-0.081743
-0.081748
-0.081766
-0.081794
-0.081790
-0.081800
-0.081809
-0.081808
-0.081814
-0.081819
-0.081824
-0.081831
-0.081818
-0.081812
0.471047
-0.025457
-0.075480
-0.081351
-0.082734
-0.083429
-0.083877
-0.084127
-0.084189
-0.082035
-0.082939
-0.082316
-0.083110
-0.083856
-0.084102
-0.084223
-0.084305
-0.084348
-0.084323
-0.084105
-0.084867
-0.084560
-0.084704
-0.084718
-0.084731
-0.084739
-0.084743
-0.084746
-0.084728
-0.084566
-0.084678
-0.084590
-0.084856
-0.084912
-0.084899
-0.084899
-0.084904
-0.084911
-0.084927
-0.084967
-0.084767
-0.084934
-0.084777
-0.084873
-0.084892
-0.084901
-0.084907
-0.084913
-0.084917
-0.084924
-0.084974
-0.084926
-0.084946
-0.084927
-0.084932
-0.084935
-0.084938
-0.084940
-0.084942
-0.084942
-0.084943
-0.084951
-0.084956
-0.084956
-0.084956
-0.084957
-0.084958
-0.084960
-0.084961
-0.084963
-0.084963
-0.084965
-0.084965
-0.084967
-0.084968
-0.084969
-0.084970
-0.084969
-0.084971
-0.084970
-0.084972
-0.084973
-0.084974
-0.084974
-0.084975
-0.084976
-0.084976
-0.084978
-0.084976
-0.084978
-0.084977
-0.084977
-0.084978
-0.084978
-0.084978
-0.084978
-0.084978
-0.084979
-0.084979
-0.084980
1.969116
0.011021
0.032209
-0.003679
-0.022457
-0.034181
-0.041555
-0.046238
-0.048460
-0.043967
-0.052579
-0.063350
-0.070877
-0.070132
-0.070436
-0.070923
-0.071536
-0.072086
-0.072556
-0.072019
-0.071661
-0.072180
-0.073504
-0.074546
-0.075125
-0.075603
-0.076021
-0.076453
-0.076922
-0.077751
-0.077690
-0.077116
-0.076548
-0.077066
-0.077381
-0.077625
-0.077826
-0.077988
-0.078120
-0.078173
-0.078851
-0.079357
-0.079564
-0.079320
-0.079341
-0.079403
-0.079482
-0.079562
-0.079638
-0.079701
-0.079654
-0.079739
-0.079887
-0.080047
-0.080121
-0.080189
-0.080253
-0.080314
-0.080374
-0.080434
-0.080485
-0.080518
-0.080556
-0.080608
-0.080658
-0.080703
-0.080747
-0.080786
-0.080822
-0.080857
-0.080897
-0.080930
-0.080959
-0.080986
-0.081014
-0.081041
-0.081066
-0.081097
-0.081123
-0.081145
-0.081159
-0.081178
-0.081195
-0.081212
-0.081228
-0.081243
-0.081256
-0.081264
-0.081277
-0.081292
-0.081306
-0.081315
-0.081324
-0.081331
-0.081336
-0.081341
-0.081345
-0.081347
-0.081347
-0.081347
