-1.838037
1.708877
0.765353
-8.126562
-0.110902
-0.110891
0.008859
0.442607
2.743104
-0.803502
-0.110889
-0.110870
1.963453
0.918677
3.448859
-0.791094
-0.110901
-0.110899
0.013215
1.098941
3.168351
-2.227194
-0.110898
-0.110899
0.269166
3.505334
7.673020
-5.356822
-0.110897
-0.110900
-0.049201
1.082667
1.994286
-4.487088
-0.110901
-0.110889
13.000486
-0.109780
13.002877
12.998622
-0.110897
-0.110901
7.665447
2.722740
13.230334
2.950988
-0.110896
-0.110900
1.613601
0.677632
0.742521
0.176926
0.063235
0.043788
0.093878
0.031629
0.038024
0.079858
0.015213
-0.061159
-0.086109
-0.055515
-0.074914
-0.073974
-0.093482
-0.089495
-0.054209
-0.083119
-0.067367
-0.094178
-0.081824
-0.097151
-0.075042
-0.089544
-0.084224
-0.098928
-0.094006
-0.099701
-0.087364
-0.090363
-0.096153
-0.104718
-0.099160
-0.102301
-0.107863
-0.106467
-0.094850
-0.086797
-0.094539
-0.096743
-0.105437
-0.104112
-0.102715
-0.102337
-0.095249
-0.099267
-0.106513
-0.105302
-0.102602
-0.103650
-0.109982
-0.102812
-0.101923
-0.102946
-0.102464
-0.104056
-0.102834
-0.104387
-0.108271
-0.106315
-0.106273
-0.106969
-0.109279
-0.109846
-0.108696
-0.106395
-0.107130
-0.105986
-0.108610
-0.108775
-0.109807
-0.107374
-0.108622
-0.107408
-0.110026
-0.109159
-0.109711
-0.107189
-0.107776
-0.108590
-0.109491
-0.109890
-0.109990
-0.110113
-0.108560
-0.107897
-0.107503
-0.108286
-0.109377
-0.110630
-0.109116
-0.108121
-0.107957
-0.107238
-0.108288
-0.109294
-0.108617
-0.109124
0.009856
0.042514
0.091377
0.007415
-0.000044
0.018327
-0.047510
-0.054552
-0.053181
-0.014661
-0.039580
-0.048194
-0.059910
-0.065632
-0.060699
-0.067553
-0.069102
-0.088641
-0.083816
-0.091882
-0.084925
-0.097612
-0.101352
-0.103877
-0.095103
-0.093288
-0.103056
-0.105490
-0.102828
-0.096718
-0.102451
-0.099249
-0.101465
-0.096674
-0.099341
-0.097279
-0.100301
-0.102548
-0.099651
-0.100908
-0.098424
-0.105987
-0.105512
-0.108193
-0.102034
-0.107211
-0.105875
-0.107099
-0.109390
-0.109942
-0.108487
-0.108905
-0.108192
-0.107648
-0.106949
-0.107275
-0.108248
-0.106645
-0.107334
-0.105889
-0.107408
-0.106231
-0.108577
-0.106509
-0.107822
-0.107151
-0.109185
-0.107743
-0.108804
-0.108361
-0.109368
-0.109040
-0.109560
-0.110019
-0.107839
-0.110144
-0.109954
-0.109029
-0.109187
-0.109261
-0.109311
-0.108989
-0.109622
-0.108753
-0.109436
-0.108838
-0.110320
-0.108807
-0.109951
-0.108954
-0.110347
-0.110058
-0.109794
-0.109280
-0.109514
-0.110245
-0.109360
-0.110338
-0.109932
-0.109892
1.951519
0.441764
0.115751
0.143221
-0.072846
0.036916
-0.035126
-0.013688
-0.046517
0.050902
-0.057590
0.010544
-0.076086
-0.025362
-0.064461
-0.075521
-0.056482
-0.081102
-0.056163
-0.096984
-0.064970
-0.100398
-0.074833
-0.093643
-0.087634
-0.090692
-0.095650
-0.086888
-0.098717
-0.088048
-0.095681
-0.090498
-0.089787
-0.096027
-0.091187
-0.100864
-0.093036
-0.102066
-0.079083
-0.100144
-0.089954
-0.096137
-0.096291
-0.098710
-0.095044
-0.097190
-0.099872
-0.102487
-0.096228
-0.097600
-0.103193
-0.103972
-0.097507
-0.100952
-0.103979
-0.103361
-0.100202
-0.106915
-0.098792
-0.102899
-0.101823
-0.103955
-0.102269
-0.100625
-0.104340
-0.101898
-0.104914
-0.101011
-0.105442
-0.100995
-0.103967
-0.103227
-0.103349
-0.103162
-0.104238
-0.103424
-0.103737
-0.104449
-0.103820
-0.103191
-0.105932
-0.102978
-0.105720
-0.104232
-0.104527
-0.104117
-0.106698
-0.103142
-0.104097
-0.105482
-0.104091
-0.105092
-0.104261
-0.104788
-0.104387
-0.103646
-0.104898
-0.104552
-0.103294
-0.103904
0.007026
0.499597
0.220538
0.180436
0.128455
0.077457
0.030140
-0.065828
-0.012361
-0.013777
-0.029431
-0.058511
-0.052022
-0.055504
-0.058916
-0.061731
-0.063002
-0.069795
-0.081049
-0.082836
-0.095677
-0.100731
-0.104057
-0.107130
-0.107198
-0.105836
-0.107140
-0.106396
-0.105006
-0.100183
-0.100110
-0.098616
-0.096211
-0.095357
-0.099923
-0.094811
-0.102202
-0.097949
-0.107024
-0.098491
-0.105604
-0.100132
-0.107521
-0.102749
-0.099867
-0.106785
-0.104984
-0.104474
-0.103055
-0.104147
-0.110757
-0.105703
-0.101067
-0.103320
-0.104976
-0.104123
-0.107032
-0.102603
-0.107546
-0.103221
-0.107125
-0.104600
-0.105944
-0.105220
-0.104663
-0.106900
-0.104293
-0.107787
-0.104844
-0.107065
-0.106070
-0.106615
-0.106241
-0.106816
-0.106665
-0.106490
-0.106385
-0.107418
-0.105562
-0.107886
-0.105460
-0.108258
-0.105170
-0.108420
-0.104985
-0.107617
-0.106222
-0.106748
-0.106491
-0.106947
-0.106406
-0.106267
-0.108057
-0.105503
-0.107318
-0.106847
-0.107180
-0.108105
-0.106058
-0.107132
0.249344
2.055888
1.082585
0.249610
-0.002405
0.144997
0.128649
-0.032854
0.111235
0.103246
0.009185
-0.016529
-0.096091
-0.042073
-0.059685
-0.047759
-0.088012
-0.069209
-0.087408
-0.079165
-0.094443
-0.074577
-0.093663
-0.082813
-0.092213
-0.093647
-0.093329
-0.094169
-0.089524
-0.096050
-0.085439
-0.104554
-0.088525
-0.104903
-0.090630
-0.106766
-0.088975
-0.109439
-0.085702
-0.086791
-0.103363
-0.089774
-0.098109
-0.100611
-0.098490
-0.095653
-0.093081
-0.093057
-0.087843
-0.093363
-0.100116
-0.090918
-0.088963
-0.097201
-0.093260
-0.090528
-0.098630
-0.093830
-0.093545
-0.097024
-0.096118
-0.097405
-0.091843
-0.100203
-0.094294
-0.097206
-0.096780
-0.097036
-0.096357
-0.097562
-0.097457
-0.096094
-0.098911
-0.096337
-0.098068
-0.097146
-0.098517
-0.095886
-0.099610
-0.095928
-0.098178
-0.097598
-0.097970
-0.097374
-0.098531
-0.097120
-0.096972
-0.100235
-0.096300
-0.098308
-0.098385
-0.098478
-0.097859
-0.097771
-0.100230
-0.096693
-0.100175
-0.099490
-0.097723
-0.100258
-0.069126
0.510291
0.202785
0.018697
0.070698
0.200686
0.026597
-0.007776
0.036602
-0.066121
0.005195
-0.060195
-0.018302
-0.066376
-0.047267
-0.062526
-0.058703
-0.066870
-0.064959
-0.074495
-0.075225
-0.074353
-0.077980
-0.079730
-0.081079
-0.080542
-0.083971
-0.082263
-0.087234
-0.084361
-0.089358
-0.083880
-0.093718
-0.084657
-0.094431
-0.086840
-0.092639
-0.089737
-0.093276
-0.089453
-0.094837
-0.090671
-0.091628
-0.096835
-0.089117
-0.091153
-0.092328
-0.093928
-0.094246
-0.093467
-0.098197
-0.098791
-0.097015
-0.100035
-0.101329
-0.098213
-0.099382
-0.098952
-0.100720
-0.097981
-0.100849
-0.098434
-0.100207
-0.099564
-0.099706
-0.100438
-0.099442
-0.100899
-0.099953
-0.100835
-0.100302
-0.100897
-0.100682
-0.101281
-0.100857
-0.101432
-0.100974
-0.101626
-0.101133
-0.101821
-0.101104
-0.102466
-0.101143
-0.102301
-0.101793
-0.101854
-0.102295
-0.101910
-0.102346
-0.102188
-0.102480
-0.102026
-0.102603
-0.102250
-0.102330
-0.101852
-0.101576
-0.102209
-0.100822
-0.100888
-3.042261
0.464760
-2.184183
-4.031184
-0.110898
-0.110902
0.106975
0.065426
0.355992
-0.258934
-0.110900
-0.110900
0.005246
0.107708
0.357777
-0.287154
-0.110897
-0.110902
-0.266571
1.887237
3.775038
-2.560945
-0.110897
-0.110902
-0.088879
0.067508
0.290136
-0.291385
-0.110896
-0.110901
0.093078
2.516607
3.826742
-3.180183
-0.110897
-0.110903
6.856350
1.542758
9.748194
4.926628
-0.110896
-0.110902
2.819759
0.115076
0.203808
-0.006236
-0.092435
-0.084988
-0.090118
-0.094527
-0.097474
-0.098072
-0.097468
-0.102147
-0.101935
-0.102441
-0.102218
-0.102563
-0.104022
-0.104219
-0.104062
-0.104890
-0.105857
-0.101843
-0.097687
-0.097707
-0.106280
-0.105459
-0.102422
-0.098596
-0.106784
-0.107546
-0.107398
-0.107457
-0.107850
-0.107752
-0.107600
-0.108313
-0.108132
-0.108219
-0.108334
-0.107992
-0.108559
-0.108558
-0.108445
-0.108568
-0.108620
-0.108777
-0.107013
-0.107682
-0.106887
-0.109110
-0.108901
-0.105452
-0.109273
-0.109095
-0.108937
-0.109115
-0.109209
-0.109185
-0.109194
-0.109283
-0.109311
-0.109294
-0.109307
-0.109267
-0.109413
-0.109394
-0.109372
-0.109409
-0.109455
-0.109485
-0.109218
-0.109606
-0.109611
-0.109490
-0.109304
-0.109518
-0.109093
-0.110163
-0.109564
-0.109633
-0.109756
-0.109653
-0.109643
-0.109657
-0.109746
-0.109656
-0.109679
-0.109711
-0.109673
-0.109746
-0.109716
-0.109697
-0.109755
-0.109734
-0.109688
-0.109594
-0.110151
-0.109073
-0.109639
-0.110040
0.108264
-0.032207
-0.015137
-0.106487
-0.103375
-0.104217
-0.108953
-0.108697
-0.108371
-0.109142
-0.108184
-0.108450
-0.109357
-0.108955
-0.108836
-0.109386
-0.108652
-0.110235
-0.109818
-0.109680
-0.109895
-0.109821
-0.108006
-0.105099
-0.107795
-0.108507
-0.106942
-0.108233
-0.110257
-0.110458
-0.110447
-0.110423
-0.110516
-0.110186
-0.110200
-0.110240
-0.110389
-0.110438
-0.110381
-0.110488
-0.110595
-0.110446
-0.110427
-0.110454
-0.110293
-0.110387
-0.110556
-0.109406
-0.110301
-0.110637
-0.110654
-0.109578
-0.110613
-0.110562
-0.110550
-0.110621
-0.110597
-0.110548
-0.110697
-0.110490
-0.110570
-0.110610
-0.110549
-0.110588
-0.110646
-0.110478
-0.110603
-0.110572
-0.110551
-0.110602
-0.110591
-0.110473
-0.110426
-0.110349
-0.110524
-0.110387
-0.110773
-0.110563
-0.110616
-0.110737
-0.110609
-0.110629
-0.110628
-0.110562
-0.110626
-0.110639
-0.110606
-0.110637
-0.110654
-0.110617
-0.110649
-0.110622
-0.110622
-0.110621
-0.110618
-0.110632
-0.110527
-0.110620
-0.110728
-0.110659
0.004741
0.040308
-0.085606
-0.105014
-0.106369
-0.106738
-0.106867
-0.107620
-0.107025
-0.104940
-0.110161
-0.106659
-0.108944
-0.109224
-0.107870
-0.108156
-0.107825
-0.109472
-0.109549
-0.108938
-0.109327
-0.108884
-0.109172
-0.106240
-0.108608
-0.109504
-0.106476
-0.109876
-0.109715
-0.109847
-0.109828
-0.110047
-0.109988
-0.109708
-0.110226
-0.109850
-0.110334
-0.110181
-0.109976
-0.110438
-0.109922
-0.110362
-0.110307
-0.110267
-0.110336
-0.110348
-0.110331
-0.110276
-0.109972
-0.110146
-0.109560
-0.110534
-0.110427
-0.110455
-0.110369
-0.110402
-0.110335
-0.110303
-0.110343
-0.110479
-0.110325
-0.110380
-0.110379
-0.110407
-0.110282
-0.110408
-0.110440
-0.110399
-0.110364
-0.110391
-0.110339
-0.110364
-0.110246
-0.110499
-0.110378
-0.110168
-0.110442
-0.110410
-0.110384
-0.110417
-0.110421
-0.110418
-0.110422
-0.110504
-0.110380
-0.110480
-0.110460
-0.110411
-0.110478
-0.110441
-0.110487
-0.110458
-0.110444
-0.110492
-0.110462
-0.110472
-0.110481
-0.110627
-0.110350
-0.110348
0.023706
1.064601
0.398854
0.200108
0.141707
0.094393
0.057338
0.032479
0.014865
0.000692
-0.010366
-0.019360
-0.026920
-0.033293
-0.038661
-0.043332
-0.047296
-0.050854
-0.053877
-0.056569
-0.059100
-0.061261
-0.062744
-0.065049
-0.060477
-0.051787
-0.071358
-0.072524
-0.072819
-0.074764
-0.076338
-0.077414
-0.078372
-0.079298
-0.080138
-0.080910
-0.081651
-0.082328
-0.082965
-0.083584
-0.084156
-0.084694
-0.085231
-0.085697
-0.086134
-0.086797
-0.087623
-0.087474
-0.087509
-0.093308
-0.088067
-0.089072
-0.089698
-0.089581
-0.089867
-0.090208
-0.090453
-0.090677
-0.090914
-0.091126
-0.091336
-0.091537
-0.091732
-0.091918
-0.092095
-0.092260
-0.092431
-0.092577
-0.092735
-0.092936
-0.093053
-0.092950
-0.093289
-0.093738
-0.090898
-0.093928
-0.093834
-0.093326
-0.093981
-0.094091
-0.094101
-0.094204
-0.094290
-0.094346
-0.094408
-0.094470
-0.094522
-0.094573
-0.094623
-0.094667
-0.094710
-0.094751
-0.094789
-0.094828
-0.094872
-0.094920
-0.094931
-0.094947
-0.095332
-0.095331
-0.086923
0.006422
-0.075919
-0.081610
-0.098025
-0.102593
-0.105790
-0.107098
-0.108125
-0.108782
-0.109112
-0.109386
-0.109602
-0.109750
-0.109851
-0.109933
-0.109997
-0.110060
-0.109911
-0.109840
-0.109517
-0.108484
-0.108329
-0.108820
-0.106124
-0.107557
-0.109406
-0.109331
-0.108969
-0.110076
-0.110204
-0.110354
-0.110475
-0.110483
-0.110557
-0.110581
-0.110612
-0.110644
-0.110647
-0.110650
-0.110663
-0.110641
-0.110665
-0.110634
-0.110590
-0.110581
-0.110189
-0.110363
-0.110354
-0.110232
-0.109814
-0.110351
-0.110319
-0.110501
-0.110614
-0.110679
-0.110703
-0.110723
-0.110737
-0.110738
-0.110743
-0.110746
-0.110746
-0.110746
-0.110745
-0.110744
-0.110739
-0.110724
-0.110714
-0.110681
-0.110634
-0.110571
-0.110620
-0.110433
-0.110680
-0.110690
-0.110717
-0.110722
-0.110823
-0.110842
-0.110852
-0.110885
-0.110882
-0.110883
-0.110879
-0.110875
-0.110872
-0.110867
-0.110864
-0.110862
-0.110855
-0.110855
-0.110847
-0.110837
-0.110835
-0.110776
-0.110815
-0.110824
-0.110727
-0.110685
0.081175
1.640263
0.219277
0.212173
0.072464
0.043424
0.017467
-0.001233
-0.015006
-0.025511
-0.033987
-0.040976
-0.046732
-0.051501
-0.055673
-0.059059
-0.062305
-0.064828
-0.067149
-0.069257
-0.071213
-0.071978
-0.075312
-0.044173
-0.083279
-0.068742
-0.061426
-0.082316
-0.086036
-0.084933
-0.085581
-0.086207
-0.086818
-0.087430
-0.087953
-0.088529
-0.089013
-0.089493
-0.089942
-0.090351
-0.090775
-0.091139
-0.091492
-0.091808
-0.092107
-0.092463
-0.091538
-0.093440
-0.091320
-0.097104
-0.088727
-0.100419
-0.094510
-0.095552
-0.095583
-0.095652
-0.095824
-0.095974
-0.096109
-0.096267
-0.096406
-0.096547
-0.096678
-0.096808
-0.096931
-0.097053
-0.097155
-0.097261
-0.097365
-0.097445
-0.097391
-0.098041
-0.095544
-0.100764
-0.096137
-0.099051
-0.097988
-0.098613
-0.098616
-0.098438
-0.098651
-0.098611
-0.098661
-0.098704
-0.098745
-0.098781
-0.098816
-0.098852
-0.098882
-0.098916
-0.098939
-0.098969
-0.098992
-0.099009
-0.099039
-0.098997
-0.099005
-0.100141
-0.098840
-0.098855
