-1.907841
2.409932
1.071780
-11.567886
-0.109724
-0.109707
-0.164458
0.367838
0.912673
-1.277010
-0.109718
-0.109718
2.073785
1.140561
4.406462
-0.907418
-0.109721
-0.109721
-0.307352
0.931190
1.769517
-2.463636
-0.109720
-0.109720
0.226458
3.970958
8.415955
-6.027495
-0.109718
-0.109721
-0.138086
1.683051
3.616760
-4.170321
-0.109718
-0.109719
11.235415
-0.108265
11.238697
11.232793
-0.109717
-0.109719
7.995255
3.172065
13.789508
4.015933
-0.109717
-0.109722
1.689585
0.838323
1.043391
0.555414
0.331296
0.211027
0.066294
0.034503
-0.039969
0.066766
0.048369
0.031590
0.004380
-0.000840
-0.021327
-0.049838
-0.053570
-0.061973
-0.072722
-0.094296
-0.094034
-0.092626
-0.075308
-0.078064
-0.077300
-0.082723
-0.072559
-0.078828
-0.082560
-0.088174
-0.087631
-0.098379
-0.103635
-0.103426
-0.104078
-0.101654
-0.102773
-0.100567
-0.105321
-0.099261
-0.085362
-0.085191
-0.075977
-0.087102
-0.094084
-0.096731
-0.101371
-0.100615
-0.103311
-0.094787
-0.097823
-0.097682
-0.102409
-0.100235
-0.105758
-0.104535
-0.106866
-0.104834
-0.108867
-0.108986
-0.106780
-0.109235
-0.104901
-0.108191
-0.105628
-0.107343
-0.104588
-0.108222
-0.106772
-0.107559
-0.106682
-0.106307
-0.105818
-0.105220
-0.107392
-0.108303
-0.106978
-0.108145
-0.105853
-0.105298
-0.100918
-0.104651
-0.101754
-0.106484
-0.106546
-0.108673
-0.107725
-0.107935
-0.108527
-0.106641
-0.108355
-0.107514
-0.108402
-0.108187
-0.108262
-0.108604
-0.107808
-0.108746
-0.107766
-0.109074
-0.060919
-0.023725
0.058781
0.022469
0.040923
-0.006950
-0.028934
-0.055312
-0.069963
-0.101854
-0.037487
-0.059029
-0.065182
-0.080289
-0.083386
-0.103661
-0.082862
-0.095777
-0.066793
-0.087915
-0.074352
-0.093755
-0.086043
-0.102738
-0.103771
-0.095457
-0.101357
-0.091587
-0.098608
-0.095656
-0.100913
-0.107573
-0.105873
-0.102967
-0.102681
-0.101694
-0.104730
-0.103558
-0.104472
-0.107794
-0.103347
-0.106783
-0.102231
-0.105147
-0.103902
-0.103662
-0.104075
-0.104436
-0.102047
-0.107653
-0.100970
-0.106507
-0.104614
-0.106595
-0.105396
-0.105414
-0.105472
-0.105289
-0.104384
-0.105612
-0.106157
-0.105424
-0.107758
-0.105236
-0.108180
-0.104774
-0.108942
-0.104882
-0.108840
-0.106256
-0.107615
-0.108420
-0.105996
-0.107680
-0.106311
-0.106641
-0.106480
-0.106552
-0.106415
-0.107344
-0.106128
-0.107144
-0.106217
-0.107207
-0.106608
-0.106719
-0.106605
-0.106808
-0.106579
-0.107529
-0.106590
-0.107579
-0.107407
-0.106885
-0.107799
-0.106693
-0.107612
-0.106814
-0.107514
-0.106843
2.055063
0.549298
0.279183
0.047064
0.075162
0.084604
-0.019687
0.028417
-0.044916
-0.012397
0.000248
0.001141
-0.008501
-0.019386
-0.021768
-0.057800
-0.049063
-0.067870
-0.067777
-0.069359
-0.084418
-0.068158
-0.102004
-0.067682
-0.102160
-0.065734
-0.102779
-0.061587
-0.106012
-0.067503
-0.103667
-0.078687
-0.095232
-0.079867
-0.100459
-0.084355
-0.100594
-0.091618
-0.090407
-0.097057
-0.097923
-0.088006
-0.091338
-0.098629
-0.091019
-0.095107
-0.092854
-0.098157
-0.091683
-0.102554
-0.088549
-0.102821
-0.089023
-0.104162
-0.090449
-0.101869
-0.092695
-0.101637
-0.094766
-0.099697
-0.096713
-0.098812
-0.098245
-0.098407
-0.098151
-0.098295
-0.098952
-0.097752
-0.097878
-0.099140
-0.097626
-0.100194
-0.097094
-0.099808
-0.099082
-0.099484
-0.099760
-0.099534
-0.098702
-0.100283
-0.100024
-0.097891
-0.099721
-0.100429
-0.099165
-0.099790
-0.099936
-0.100191
-0.099583
-0.100709
-0.098887
-0.100848
-0.099333
-0.100590
-0.099652
-0.100270
-0.100026
-0.100404
-0.099998
-0.100309
0.098036
0.382759
0.253227
0.191277
0.034839
0.028462
-0.065534
-0.058525
-0.011662
-0.049336
-0.061765
-0.017944
-0.090499
-0.051286
-0.101484
-0.073057
-0.097297
-0.080497
-0.096435
-0.082287
-0.094908
-0.085825
-0.092125
-0.089099
-0.091372
-0.089943
-0.095588
-0.088188
-0.098532
-0.088234
-0.109213
-0.094258
-0.099206
-0.101443
-0.096597
-0.096845
-0.099765
-0.094906
-0.096926
-0.105576
-0.100817
-0.101471
-0.097304
-0.100376
-0.104942
-0.100762
-0.100023
-0.106749
-0.098037
-0.102238
-0.102598
-0.099200
-0.104214
-0.102048
-0.102285
-0.103843
-0.101901
-0.104651
-0.101598
-0.105119
-0.101604
-0.105149
-0.101613
-0.105481
-0.102024
-0.105129
-0.102877
-0.104484
-0.103655
-0.103800
-0.104969
-0.103270
-0.104028
-0.104678
-0.102603
-0.104965
-0.103586
-0.103700
-0.104218
-0.105536
-0.103719
-0.104519
-0.103803
-0.105285
-0.104619
-0.104305
-0.103932
-0.105085
-0.103803
-0.104565
-0.104655
-0.104197
-0.104822
-0.104633
-0.104452
-0.104951
-0.104281
-0.105164
-0.104142
-0.105208
0.204546
2.451603
1.044254
0.377716
0.095453
0.123657
-0.040463
-0.063094
0.044945
-0.026034
0.053964
-0.096753
-0.019069
-0.095269
-0.052869
-0.065042
-0.079688
-0.068620
-0.086797
-0.071375
-0.083482
-0.073829
-0.084450
-0.081960
-0.079887
-0.088732
-0.075554
-0.098142
-0.073735
-0.102662
-0.074444
-0.105137
-0.087122
-0.090697
-0.093744
-0.087661
-0.088311
-0.090617
-0.084696
-0.094410
-0.101179
-0.081316
-0.097762
-0.093273
-0.099391
-0.098595
-0.097501
-0.100137
-0.096341
-0.098476
-0.096217
-0.099600
-0.098375
-0.098410
-0.099185
-0.097085
-0.101223
-0.097303
-0.101073
-0.097208
-0.101782
-0.097133
-0.101862
-0.098176
-0.100449
-0.099106
-0.100219
-0.100232
-0.099236
-0.100961
-0.099311
-0.101489
-0.100228
-0.100036
-0.100300
-0.100924
-0.099535
-0.102199
-0.100084
-0.101569
-0.103716
-0.098031
-0.103032
-0.102147
-0.100703
-0.102376
-0.100711
-0.101538
-0.101198
-0.101250
-0.101183
-0.101799
-0.101164
-0.101553
-0.101439
-0.101336
-0.101802
-0.101129
-0.101953
-0.100917
-0.059969
0.822920
0.597412
0.130339
0.150380
0.051918
0.081712
0.000470
0.026255
-0.029984
-0.025362
-0.042196
-0.057566
-0.056255
-0.064714
-0.072086
-0.066024
-0.075167
-0.074986
-0.073612
-0.080387
-0.078718
-0.079272
-0.084773
-0.081466
-0.084350
-0.085955
-0.083107
-0.087857
-0.084737
-0.087365
-0.089635
-0.086332
-0.093970
-0.088818
-0.097226
-0.093314
-0.096678
-0.090473
-0.095377
-0.098420
-0.089675
-0.091884
-0.095255
-0.093555
-0.090878
-0.094709
-0.093583
-0.096479
-0.095120
-0.097697
-0.096178
-0.097951
-0.096985
-0.097567
-0.097914
-0.097378
-0.098071
-0.097758
-0.098421
-0.097813
-0.098956
-0.097905
-0.099114
-0.098466
-0.098887
-0.098888
-0.098872
-0.099328
-0.098978
-0.099678
-0.099501
-0.099936
-0.099864
-0.100456
-0.099810
-0.100754
-0.098974
-0.099907
-0.099307
-0.100507
-0.098358
-0.100329
-0.099521
-0.100063
-0.099355
-0.100652
-0.100168
-0.100697
-0.100424
-0.100627
-0.100423
-0.100586
-0.100400
-0.100478
-0.100454
-0.100430
-0.100519
-0.100370
-0.100638
-3.249035
0.453595
-2.490634
-4.171783
-0.109719
-0.109723
0.278473
0.263559
0.799687
-0.195130
-0.109719
-0.109724
0.021996
0.254737
0.572925
-0.394493
-0.109718
-0.109724
-0.306922
2.110751
3.139882
-3.365289
-0.109718
-0.109723
-0.260950
0.804783
1.020902
-1.636089
-0.109720
-0.109723
1.016738
3.027584
4.459401
-3.587199
-0.109720
-0.109724
6.902818
0.312174
7.394841
5.854322
-0.109722
-0.109718
3.027980
0.268932
-0.023331
-0.036771
-0.084778
-0.095174
-0.098918
-0.098054
-0.104684
-0.103611
-0.105418
-0.105384
-0.105232
-0.105076
-0.105964
-0.105491
-0.105325
-0.104295
-0.099289
-0.094578
-0.105813
-0.099909
-0.101112
-0.102606
-0.107279
-0.108109
-0.108541
-0.108546
-0.108728
-0.108979
-0.108948
-0.108893
-0.109123
-0.108786
-0.109218
-0.109262
-0.109211
-0.109074
-0.107669
-0.106254
-0.108053
-0.107733
-0.107434
-0.107417
-0.109007
-0.108958
-0.108941
-0.108974
-0.109106
-0.109023
-0.109098
-0.109112
-0.109071
-0.109180
-0.109055
-0.109082
-0.109117
-0.109118
-0.108369
-0.108780
-0.108622
-0.109159
-0.108242
-0.109191
-0.109248
-0.109342
-0.109356
-0.109340
-0.109273
-0.109347
-0.109310
-0.109323
-0.109340
-0.109304
-0.109340
-0.109329
-0.109305
-0.109259
-0.109245
-0.108990
-0.109106
-0.109268
-0.109104
-0.109063
-0.109293
-0.109296
-0.109312
-0.109327
-0.109344
-0.109328
-0.109343
-0.109345
-0.109333
-0.109350
-0.109333
-0.109347
-0.109314
-0.109415
-0.109320
-0.109457
0.275776
0.146018
-0.076141
-0.077523
-0.085858
-0.092053
-0.095302
-0.097080
-0.100357
-0.100004
-0.100262
-0.101087
-0.101028
-0.103008
-0.103219
-0.104006
-0.104599
-0.104270
-0.103814
-0.108403
-0.101531
-0.107521
-0.102731
-0.105358
-0.105756
-0.105737
-0.105845
-0.106087
-0.106021
-0.106466
-0.106586
-0.106722
-0.106853
-0.106679
-0.106829
-0.106847
-0.106894
-0.107036
-0.107140
-0.106017
-0.108175
-0.106307
-0.108291
-0.107501
-0.107548
-0.107636
-0.107660
-0.107664
-0.107736
-0.107657
-0.107699
-0.107733
-0.107769
-0.107885
-0.107871
-0.107913
-0.107936
-0.107930
-0.107963
-0.108314
-0.107449
-0.108332
-0.107502
-0.108039
-0.108014
-0.108012
-0.108042
-0.108074
-0.108078
-0.108142
-0.108138
-0.108141
-0.108146
-0.108121
-0.108161
-0.108165
-0.108182
-0.108196
-0.108213
-0.108100
-0.108500
-0.108095
-0.108485
-0.108207
-0.108258
-0.108274
-0.108272
-0.108268
-0.108277
-0.108265
-0.108282
-0.108294
-0.108297
-0.108310
-0.108298
-0.108300
-0.108301
-0.108323
-0.108235
-0.108359
0.020033
0.139303
-0.075034
-0.075608
-0.087119
-0.093850
-0.097941
-0.098946
-0.100065
-0.100609
-0.101401
-0.102298
-0.102502
-0.103152
-0.103558
-0.104578
-0.105329
-0.105548
-0.101503
-0.107264
-0.102411
-0.108657
-0.101716
-0.106744
-0.106247
-0.106114
-0.106165
-0.106464
-0.106601
-0.106808
-0.106866
-0.106959
-0.107090
-0.107113
-0.107173
-0.107111
-0.107146
-0.107286
-0.107844
-0.105980
-0.108429
-0.106618
-0.108785
-0.107337
-0.107755
-0.107845
-0.107869
-0.107835
-0.107854
-0.107864
-0.107908
-0.107936
-0.107952
-0.107999
-0.108034
-0.108096
-0.108108
-0.108085
-0.107957
-0.108648
-0.107642
-0.108481
-0.107580
-0.108375
-0.108155
-0.108164
-0.108197
-0.108244
-0.108256
-0.108275
-0.108275
-0.108285
-0.108299
-0.108295
-0.108303
-0.108301
-0.108327
-0.108342
-0.108407
-0.108141
-0.108648
-0.108238
-0.108639
-0.108255
-0.108418
-0.108412
-0.108404
-0.108397
-0.108405
-0.108409
-0.108418
-0.108422
-0.108425
-0.108434
-0.108434
-0.108434
-0.108420
-0.108474
-0.108357
-0.108518
0.092392
1.374572
0.171570
0.118069
0.054474
0.018034
-0.005188
-0.020875
-0.032470
-0.041247
-0.048258
-0.053972
-0.058729
-0.062853
-0.066404
-0.069631
-0.072401
-0.074024
-0.063176
-0.069039
-0.056186
-0.079096
-0.066680
-0.085545
-0.084450
-0.084725
-0.085375
-0.086146
-0.086892
-0.087619
-0.088292
-0.088921
-0.089510
-0.090050
-0.090564
-0.091046
-0.091559
-0.092266
-0.094300
-0.087949
-0.097087
-0.088518
-0.095423
-0.093066
-0.094414
-0.094879
-0.095197
-0.095450
-0.095689
-0.095910
-0.096126
-0.096331
-0.096527
-0.096716
-0.096890
-0.097050
-0.097171
-0.097221
-0.096970
-0.098650
-0.095583
-0.099831
-0.096291
-0.098863
-0.098273
-0.098338
-0.098449
-0.098568
-0.098675
-0.098778
-0.098873
-0.098963
-0.099048
-0.099130
-0.099212
-0.099295
-0.099394
-0.099454
-0.099675
-0.098904
-0.100338
-0.098678
-0.100261
-0.099332
-0.099827
-0.099849
-0.099867
-0.099888
-0.099911
-0.099935
-0.099958
-0.099978
-0.099996
-0.100011
-0.100020
-0.100021
-0.100006
-0.100166
-0.099826
-0.100479
0.046657
0.458427
0.114292
0.001572
-0.023148
-0.042484
-0.054569
-0.062483
-0.068724
-0.073262
-0.077069
-0.080150
-0.082583
-0.084820
-0.086559
-0.088326
-0.089894
-0.090384
-0.087973
-0.096489
-0.081737
-0.102395
-0.089293
-0.095180
-0.095902
-0.096143
-0.096574
-0.097063
-0.097456
-0.097868
-0.098216
-0.098552
-0.098883
-0.099161
-0.099452
-0.099682
-0.099921
-0.100298
-0.100454
-0.099207
-0.103431
-0.098808
-0.101734
-0.101420
-0.101615
-0.101849
-0.101989
-0.102104
-0.102235
-0.102346
-0.102464
-0.102571
-0.102669
-0.102774
-0.102862
-0.102960
-0.103038
-0.103071
-0.103162
-0.103425
-0.102331
-0.104447
-0.102873
-0.103514
-0.103570
-0.103592
-0.103661
-0.103729
-0.103781
-0.103838
-0.103886
-0.103935
-0.103983
-0.104023
-0.104068
-0.104106
-0.104150
-0.104194
-0.104245
-0.104098
-0.104683
-0.103805
-0.104627
-0.104299
-0.104379
-0.104412
-0.104422
-0.104433
-0.104449
-0.104461
-0.104475
-0.104486
-0.104495
-0.104505
-0.104510
-0.104513
-0.104519
-0.104539
-0.104426
-0.104687
1.028534
1.961545
0.326985
0.261196
0.143383
0.090310
0.055052
0.030379
0.012616
-0.001509
-0.012521
-0.021578
-0.029312
-0.035684
-0.041534
-0.046727
-0.051432
-0.057772
-0.054299
-0.084980
-0.023780
-0.083727
-0.054807
-0.065928
-0.065667
-0.067652
-0.069258
-0.070747
-0.072162
-0.073385
-0.074547
-0.075600
-0.076541
-0.077443
-0.078207
-0.078920
-0.079557
-0.079867
-0.081604
-0.076928
-0.091105
-0.075360
-0.088325
-0.085014
-0.086227
-0.086395
-0.086725
-0.087050
-0.087366
-0.087703
-0.088019
-0.088336
-0.088650
-0.088943
-0.089249
-0.089532
-0.089806
-0.090129
-0.089945
-0.091711
-0.086616
-0.093950
-0.088295
-0.090920
-0.090718
-0.091104
-0.091336
-0.091548
-0.091741
-0.091908
-0.092071
-0.092218
-0.092355
-0.092491
-0.092611
-0.092733
-0.092861
-0.092934
-0.093325
-0.092779
-0.094972
-0.091882
-0.094811
-0.093457
-0.093765
-0.093714
-0.093751
-0.093789
-0.093827
-0.093869
-0.093904
-0.093938
-0.093970
-0.093995
-0.094017
-0.094033
-0.094009
-0.094124
-0.093572
-0.094540
