-2.455734
3.101388
0.978470
-16.339846
-0.091706
-0.091663
0.242242
1.098608
4.972764
-1.731505
-0.091688
-0.091673
2.525841
0.525797
4.413974
-0.163615
-0.091698
-0.091672
0.105700
0.687795
3.549283
-0.801876
-0.091686
-0.091663
-0.648447
1.778551
0.937211
-8.050740
-0.091705
-0.091673
-0.059135
0.356076
0.853558
-2.216794
-0.091703
-0.091667
12.884217
-0.090633
12.886128
12.882437
-0.091697
-0.091699
7.466831
1.798426
9.770834
3.913728
-0.091697
-0.091701
2.272301
0.726064
0.700975
0.749852
0.795343
0.748049
0.660257
0.501417
0.380760
0.264933
0.190584
0.148160
0.121775
0.097969
0.055644
0.015451
-0.036436
-0.080814
-0.065420
-0.044010
-0.033078
-0.025259
-0.021664
-0.021134
-0.021176
-0.023083
-0.029951
-0.039460
-0.052303
-0.061769
-0.071366
-0.076365
-0.078313
-0.080139
-0.083399
-0.089226
-0.087646
-0.081465
-0.076072
-0.072028
-0.070634
-0.070742
-0.071249
-0.072641
-0.074592
-0.076867
-0.079705
-0.083397
-0.087108
-0.089812
-0.089248
-0.088032
-0.087573
-0.087843
-0.088126
-0.088219
-0.088226
-0.088715
-0.089384
-0.090375
-0.090834
-0.090160
-0.089476
-0.089001
-0.088703
-0.088560
-0.088553
-0.088602
-0.088705
-0.088783
-0.088773
-0.088667
-0.088583
-0.088543
-0.088581
-0.088666
-0.088774
-0.088852
-0.088886
-0.088887
-0.088881
-0.088886
-0.088914
-0.088938
-0.088953
-0.088969
-0.089020
-0.089082
-0.089153
-0.089184
-0.089163
-0.089113
-0.089059
-0.089012
-0.088980
-0.088968
-0.088968
-0.088988
-0.089022
-0.089055
0.239230
0.186032
0.237617
0.251774
0.271214
0.242391
0.190479
0.112175
-0.005529
-0.017711
-0.020414
-0.034623
-0.052508
-0.045884
-0.031539
-0.043867
-0.061781
-0.072569
-0.080584
-0.080320
-0.077153
-0.075969
-0.073896
-0.070784
-0.068625
-0.066780
-0.067304
-0.071423
-0.077271
-0.087354
-0.081613
-0.082384
-0.083861
-0.085015
-0.082736
-0.084426
-0.090957
-0.087173
-0.084194
-0.082649
-0.083146
-0.084163
-0.085823
-0.087157
-0.088343
-0.089629
-0.090129
-0.089460
-0.089080
-0.088986
-0.090078
-0.091127
-0.090224
-0.090341
-0.090298
-0.090112
-0.089862
-0.090454
-0.090363
-0.089960
-0.089659
-0.089650
-0.089767
-0.089943
-0.090112
-0.090274
-0.090379
-0.090417
-0.090406
-0.090366
-0.090375
-0.090437
-0.090553
-0.090589
-0.090606
-0.090606
-0.090584
-0.090561
-0.090575
-0.090634
-0.090649
-0.090618
-0.090629
-0.090633
-0.090632
-0.090627
-0.090665
-0.090656
-0.090627
-0.090605
-0.090612
-0.090634
-0.090663
-0.090681
-0.090694
-0.090708
-0.090709
-0.090701
-0.090688
-0.090692
2.534658
-0.053537
-0.007027
0.010352
-0.006785
-0.038330
-0.025114
0.042794
0.048945
0.065796
0.059490
0.041084
0.014819
-0.021470
-0.037352
-0.059503
-0.049482
-0.047506
-0.051673
-0.056076
-0.054578
-0.055690
-0.057545
-0.060011
-0.066180
-0.070922
-0.073214
-0.075802
-0.082672
-0.090800
-0.088500
-0.081945
-0.079119
-0.078757
-0.081452
-0.082952
-0.085998
-0.084811
-0.082293
-0.081118
-0.080609
-0.079367
-0.078387
-0.077907
-0.077951
-0.078703
-0.079481
-0.079830
-0.080369
-0.081609
-0.082702
-0.082782
-0.082848
-0.082403
-0.082212
-0.082376
-0.082961
-0.083379
-0.083918
-0.083964
-0.083943
-0.083973
-0.084012
-0.083969
-0.083943
-0.083944
-0.083947
-0.083988
-0.084015
-0.084036
-0.084069
-0.084140
-0.084173
-0.084214
-0.084244
-0.084279
-0.084318
-0.084377
-0.084450
-0.084513
-0.084544
-0.084573
-0.084582
-0.084602
-0.084639
-0.084693
-0.084736
-0.084783
-0.084796
-0.084807
-0.084822
-0.084834
-0.084835
-0.084832
-0.084830
-0.084828
-0.084837
-0.084844
-0.084851
-0.084855
0.107069
0.097638
0.041373
0.076419
0.091850
0.105730
0.099636
0.092806
0.062706
0.035193
0.014888
-0.003033
-0.018534
-0.032501
-0.046972
-0.067065
-0.080992
-0.086409
-0.078833
-0.072950
-0.070860
-0.070356
-0.069719
-0.071244
-0.071198
-0.073178
-0.075370
-0.078557
-0.080929
-0.084057
-0.086267
-0.087054
-0.087679
-0.087980
-0.088580
-0.089083
-0.090333
-0.090059
-0.088444
-0.086910
-0.085757
-0.085105
-0.085159
-0.084878
-0.085431
-0.085584
-0.086431
-0.087414
-0.088565
-0.089403
-0.089685
-0.089268
-0.089047
-0.088892
-0.088865
-0.088919
-0.089036
-0.089265
-0.089632
-0.089869
-0.089970
-0.089899
-0.089751
-0.089637
-0.089545
-0.089503
-0.089474
-0.089471
-0.089490
-0.089519
-0.089531
-0.089543
-0.089521
-0.089513
-0.089509
-0.089530
-0.089559
-0.089594
-0.089620
-0.089635
-0.089634
-0.089637
-0.089639
-0.089646
-0.089657
-0.089671
-0.089693
-0.089722
-0.089740
-0.089749
-0.089746
-0.089735
-0.089724
-0.089713
-0.089705
-0.089700
-0.089700
-0.089707
-0.089719
-0.089731
0.456418
0.515877
0.507072
0.536907
0.419775
0.290496
0.172619
0.133637
0.091565
0.047037
0.017489
-0.014649
-0.042640
-0.056775
-0.067840
-0.075817
-0.070598
-0.069695
-0.069738
-0.075976
-0.086542
-0.083010
-0.075551
-0.071119
-0.062048
-0.060444
-0.062766
-0.066140
-0.067227
-0.069543
-0.072535
-0.074785
-0.077789
-0.079677
-0.079837
-0.080261
-0.079350
-0.079777
-0.078787
-0.077758
-0.077565
-0.080290
-0.082716
-0.085657
-0.087599
-0.088578
-0.086289
-0.085052
-0.084695
-0.084880
-0.084736
-0.085005
-0.085151
-0.085441
-0.085632
-0.085614
-0.085583
-0.085456
-0.085347
-0.085311
-0.085205
-0.085131
-0.085290
-0.085578
-0.085822
-0.086022
-0.086175
-0.086218
-0.086193
-0.086226
-0.086327
-0.086408
-0.086492
-0.086558
-0.086612
-0.086626
-0.086642
-0.086665
-0.086696
-0.086714
-0.086745
-0.086769
-0.086800
-0.086825
-0.086840
-0.086853
-0.086858
-0.086862
-0.086869
-0.086868
-0.086872
-0.086899
-0.086937
-0.086970
-0.086996
-0.087013
-0.087011
-0.086998
-0.086994
-0.086996
-0.053126
0.059807
-0.035759
-0.044019
-0.032144
-0.007894
-0.003188
0.005184
-0.007517
-0.032949
-0.032715
-0.035805
-0.040676
-0.037997
-0.041855
-0.053963
-0.060507
-0.066758
-0.068607
-0.066894
-0.066742
-0.068213
-0.069126
-0.071632
-0.073307
-0.077870
-0.081602
-0.084497
-0.085823
-0.084439
-0.084263
-0.085000
-0.084708
-0.084531
-0.084335
-0.083034
-0.083784
-0.084161
-0.084699
-0.084401
-0.083750
-0.082580
-0.082536
-0.081916
-0.082293
-0.082208
-0.082937
-0.083519
-0.084062
-0.084276
-0.084415
-0.084289
-0.084584
-0.084760
-0.084918
-0.085111
-0.085181
-0.085237
-0.085429
-0.085574
-0.085709
-0.085782
-0.085777
-0.085773
-0.085771
-0.085788
-0.085809
-0.085842
-0.085894
-0.085940
-0.085965
-0.085999
-0.086008
-0.086041
-0.086075
-0.086121
-0.086164
-0.086206
-0.086235
-0.086265
-0.086287
-0.086321
-0.086349
-0.086374
-0.086400
-0.086419
-0.086438
-0.086464
-0.086485
-0.086504
-0.086517
-0.086521
-0.086524
-0.086527
-0.086531
-0.086533
-0.086536
-0.086542
-0.086545
-0.086547
-3.091166
0.386412
-2.575746
-3.791807
-0.091697
-0.091701
0.167432
0.013515
0.323846
-0.036002
-0.091696
-0.091700
0.437393
0.113118
0.678345
0.084798
-0.091697
-0.091700
1.881362
0.922480
2.844795
-0.402283
-0.091699
-0.091697
0.559908
0.075834
0.849936
0.297384
-0.091696
-0.091699
-1.819319
0.677120
0.028864
-2.503909
-0.091692
-0.091696
5.647724
0.223457
6.225312
5.276082
-0.091694
-0.091699
2.914256
0.215311
0.002897
-0.036762
-0.046886
-0.062402
-0.064261
-0.069653
-0.072205
-0.073250
-0.065467
-0.082896
-0.072155
-0.075995
-0.079923
-0.078609
-0.081614
-0.081317
-0.082093
-0.083575
-0.082917
-0.082349
-0.084485
-0.083977
-0.083420
-0.085004
-0.084272
-0.085180
-0.085357
-0.085203
-0.086376
-0.085723
-0.086134
-0.086164
-0.086836
-0.086113
-0.086851
-0.086584
-0.086768
-0.087093
-0.086763
-0.087462
-0.087173
-0.087486
-0.087317
-0.087782
-0.087517
-0.087733
-0.087761
-0.087740
-0.087938
-0.087817
-0.088017
-0.088041
-0.088108
-0.088100
-0.088235
-0.088233
-0.088280
-0.088338
-0.088342
-0.088411
-0.088415
-0.088454
-0.088508
-0.088524
-0.088550
-0.088589
-0.088616
-0.088637
-0.088672
-0.088686
-0.088715
-0.088732
-0.088753
-0.088774
-0.088791
-0.088808
-0.088824
-0.088843
-0.088853
-0.088872
-0.088884
-0.088897
-0.088906
-0.088921
-0.088929
-0.088938
-0.088948
-0.088953
-0.088963
-0.088966
-0.088973
-0.088981
-0.088982
-0.088986
-0.088992
-0.088992
-0.088994
-0.088997
0.167251
-0.019400
-0.089884
-0.081209
-0.087646
-0.086459
-0.089204
-0.088316
-0.088311
-0.089999
-0.086870
-0.091252
-0.087878
-0.091293
-0.089835
-0.090805
-0.090172
-0.090840
-0.090518
-0.090415
-0.090707
-0.091060
-0.091314
-0.090528
-0.091241
-0.090820
-0.091084
-0.090900
-0.091047
-0.091058
-0.090872
-0.091031
-0.091532
-0.091382
-0.091024
-0.091272
-0.091148
-0.091200
-0.091187
-0.091171
-0.091272
-0.091113
-0.091207
-0.091463
-0.091381
-0.091248
-0.091310
-0.091304
-0.091291
-0.091319
-0.091287
-0.091344
-0.091292
-0.091320
-0.091393
-0.091373
-0.091350
-0.091356
-0.091366
-0.091359
-0.091372
-0.091365
-0.091379
-0.091373
-0.091379
-0.091394
-0.091393
-0.091392
-0.091393
-0.091398
-0.091397
-0.091401
-0.091404
-0.091406
-0.091406
-0.091409
-0.091412
-0.091413
-0.091414
-0.091415
-0.091418
-0.091417
-0.091420
-0.091423
-0.091423
-0.091423
-0.091424
-0.091425
-0.091425
-0.091427
-0.091426
-0.091428
-0.091428
-0.091429
-0.091431
-0.091431
-0.091430
-0.091430
-0.091431
-0.091430
0.437752
0.047480
-0.066177
-0.080146
-0.085391
-0.082417
-0.083910
-0.087391
-0.088920
-0.087822
-0.081317
-0.090468
-0.083637
-0.087366
-0.088509
-0.089065
-0.088834
-0.089018
-0.089295
-0.089882
-0.089666
-0.089654
-0.090461
-0.089079
-0.089591
-0.089931
-0.090045
-0.090030
-0.090108
-0.090062
-0.090268
-0.090179
-0.091049
-0.090692
-0.090337
-0.090350
-0.090491
-0.090511
-0.090521
-0.090571
-0.090497
-0.090517
-0.090509
-0.091068
-0.090803
-0.090778
-0.090732
-0.090771
-0.090776
-0.090792
-0.090818
-0.090799
-0.090766
-0.090796
-0.090935
-0.090889
-0.090908
-0.090903
-0.090912
-0.090918
-0.090930
-0.090943
-0.090946
-0.090931
-0.090950
-0.090971
-0.090973
-0.090982
-0.090988
-0.090992
-0.090997
-0.091004
-0.091015
-0.091016
-0.091016
-0.091022
-0.091027
-0.091031
-0.091035
-0.091039
-0.091041
-0.091043
-0.091048
-0.091056
-0.091055
-0.091058
-0.091059
-0.091062
-0.091063
-0.091065
-0.091067
-0.091068
-0.091067
-0.091070
-0.091073
-0.091073
-0.091074
-0.091073
-0.091075
-0.091075
1.858893
0.479881
0.201951
0.092809
0.049559
0.017399
0.003554
-0.011576
-0.019444
-0.020079
-0.026723
-0.064643
-0.054475
-0.051502
-0.056398
-0.056022
-0.059839
-0.060090
-0.061809
-0.063572
-0.061441
-0.062328
-0.069323
-0.071166
-0.069532
-0.071633
-0.071220
-0.072496
-0.072914
-0.073050
-0.074531
-0.072963
-0.072932
-0.074537
-0.076560
-0.075854
-0.076960
-0.076955
-0.077383
-0.077939
-0.077768
-0.078881
-0.078301
-0.078085
-0.078271
-0.079287
-0.079194
-0.079617
-0.079816
-0.079948
-0.080301
-0.080287
-0.080741
-0.080848
-0.080780
-0.080811
-0.081103
-0.081203
-0.081348
-0.081497
-0.081583
-0.081734
-0.081807
-0.081959
-0.082106
-0.082145
-0.082204
-0.082303
-0.082386
-0.082459
-0.082546
-0.082604
-0.082671
-0.082732
-0.082807
-0.082875
-0.082927
-0.082977
-0.083026
-0.083078
-0.083118
-0.083170
-0.083206
-0.083234
-0.083265
-0.083306
-0.083335
-0.083364
-0.083391
-0.083413
-0.083438
-0.083454
-0.083477
-0.083497
-0.083502
-0.083510
-0.083526
-0.083528
-0.083531
-0.083537
0.563220
-0.000718
-0.041690
-0.059715
-0.068301
-0.073227
-0.075935
-0.078384
-0.079503
-0.079437
-0.082120
-0.087367
-0.084637
-0.084852
-0.085404
-0.085647
-0.086158
-0.086360
-0.086644
-0.086896
-0.086508
-0.087270
-0.088051
-0.087920
-0.087949
-0.088169
-0.088197
-0.088365
-0.088471
-0.088528
-0.088698
-0.088455
-0.088819
-0.088889
-0.089027
-0.089029
-0.089152
-0.089175
-0.089237
-0.089319
-0.089331
-0.089437
-0.089364
-0.089521
-0.089464
-0.089570
-0.089585
-0.089641
-0.089672
-0.089698
-0.089745
-0.089761
-0.089803
-0.089830
-0.089870
-0.089856
-0.089896
-0.089916
-0.089940
-0.089962
-0.089979
-0.090002
-0.090018
-0.090035
-0.090062
-0.090076
-0.090084
-0.090100
-0.090114
-0.090127
-0.090140
-0.090151
-0.090164
-0.090173
-0.090184
-0.090197
-0.090206
-0.090214
-0.090222
-0.090231
-0.090238
-0.090246
-0.090253
-0.090259
-0.090264
-0.090270
-0.090275
-0.090280
-0.090285
-0.090288
-0.090292
-0.090295
-0.090298
-0.090302
-0.090304
-0.090305
-0.090307
-0.090308
-0.090309
-0.090309
1.618976
0.370232
0.100086
0.036694
0.006285
-0.015892
-0.025042
-0.035864
-0.041296
-0.042221
-0.041042
-0.070847
-0.064774
-0.065941
-0.067805
-0.067237
-0.069918
-0.069862
-0.071030
-0.072371
-0.070400
-0.069983
-0.075204
-0.077570
-0.076794
-0.078095
-0.077651
-0.078574
-0.078839
-0.078891
-0.080113
-0.078505
-0.078088
-0.079177
-0.081216
-0.080779
-0.081589
-0.081539
-0.081848
-0.082277
-0.082150
-0.083081
-0.082352
-0.082021
-0.082094
-0.083056
-0.082994
-0.083319
-0.083458
-0.083547
-0.083815
-0.083821
-0.084186
-0.084174
-0.084068
-0.084076
-0.084326
-0.084396
-0.084502
-0.084609
-0.084667
-0.084775
-0.084836
-0.084950
-0.085042
-0.085055
-0.085096
-0.085169
-0.085227
-0.085278
-0.085340
-0.085376
-0.085421
-0.085466
-0.085522
-0.085568
-0.085604
-0.085639
-0.085673
-0.085710
-0.085738
-0.085775
-0.085797
-0.085814
-0.085835
-0.085867
-0.085886
-0.085907
-0.085926
-0.085941
-0.085959
-0.085971
-0.085988
-0.086000
-0.086001
-0.086007
-0.086019
-0.086021
-0.086023
-0.086027
