-2.216034
2.090197
3.344060
-11.875348
-0.114351
-0.114318
0.203934
1.441759
7.389549
-2.085570
-0.114334
-0.114310
2.094978
2.521008
13.661886
-0.325801
-0.114335
-0.114316
0.127618
1.116453
5.320839
-1.512417
-0.114337
-0.114322
-0.848813
1.362427
2.369602
-4.793837
-0.114346
-0.114342
-0.738991
1.641525
3.385524
-4.425757
-0.114346
-0.114344
11.464260
-0.113608
11.465028
11.463024
-0.114345
-0.114347
6.341227
1.577682
8.333064
3.803776
-0.114345
-0.114349
1.981203
0.440051
0.098392
0.157017
0.261289
0.286492
0.371832
0.438404
0.430808
0.407591
0.329186
0.262858
0.210033
0.122225
0.060249
0.001076
-0.048555
-0.070593
-0.090426
-0.101484
-0.106302
-0.106626
-0.103194
-0.106501
-0.089726
-0.085070
-0.083320
-0.065968
-0.063608
-0.062020
-0.057266
-0.067605
-0.066572
-0.071959
-0.084576
-0.086477
-0.097984
-0.105377
-0.104089
-0.110076
-0.111919
-0.111426
-0.111588
-0.111054
-0.112712
-0.107901
-0.108501
-0.109042
-0.104189
-0.107321
-0.106392
-0.105531
-0.110512
-0.107361
-0.109976
-0.111996
-0.110276
-0.112748
-0.112329
-0.111878
-0.112435
-0.112303
-0.112306
-0.112317
-0.112474
-0.112432
-0.112378
-0.112516
-0.112577
-0.112346
-0.112648
-0.112487
-0.112525
-0.112626
-0.112512
-0.112633
-0.112613
-0.112601
-0.112643
-0.112676
-0.112570
-0.112681
-0.112753
-0.112456
-0.112843
-0.112646
-0.112495
-0.112969
-0.112466
-0.112748
-0.112809
-0.112529
-0.112832
-0.112705
-0.112639
-0.112816
-0.112649
-0.112741
-0.112748
-0.112704
0.198079
0.133140
0.055031
0.277033
0.240693
0.181459
0.268203
0.248783
0.233636
0.226747
0.139019
0.110710
0.109313
0.036001
0.002148
-0.022355
-0.061840
-0.063518
-0.089952
-0.105389
-0.097491
-0.102580
-0.100506
-0.107363
-0.090331
-0.092878
-0.087937
-0.074825
-0.084110
-0.078167
-0.074698
-0.088895
-0.083066
-0.081842
-0.098474
-0.093327
-0.097188
-0.109162
-0.104077
-0.110166
-0.109744
-0.108616
-0.107961
-0.108630
-0.111273
-0.106075
-0.110153
-0.108314
-0.105103
-0.112005
-0.106709
-0.106712
-0.113848
-0.107943
-0.108884
-0.112201
-0.109153
-0.110491
-0.110894
-0.110230
-0.110828
-0.110798
-0.110767
-0.110790
-0.110876
-0.110840
-0.110779
-0.111089
-0.110847
-0.110962
-0.111146
-0.110936
-0.111104
-0.111128
-0.111086
-0.111152
-0.111158
-0.111147
-0.111201
-0.111242
-0.111162
-0.111331
-0.111264
-0.111156
-0.111454
-0.111210
-0.111224
-0.111493
-0.111215
-0.111312
-0.111464
-0.111229
-0.111405
-0.111388
-0.111294
-0.111451
-0.111362
-0.111363
-0.111417
-0.111356
2.105808
0.546037
0.688024
0.445572
0.487644
0.578435
0.381873
0.393665
0.354211
0.195160
0.223567
0.162570
0.088476
0.121920
0.044068
0.012624
0.020029
-0.059918
-0.064640
-0.065552
-0.094789
-0.101451
-0.090531
-0.070354
-0.090884
-0.070406
-0.055339
-0.083394
-0.059934
-0.065131
-0.087328
-0.064055
-0.080205
-0.086921
-0.072045
-0.095395
-0.089362
-0.087158
-0.111379
-0.099030
-0.099920
-0.103972
-0.105711
-0.102145
-0.099092
-0.110386
-0.099176
-0.099209
-0.111269
-0.098732
-0.103900
-0.107463
-0.100759
-0.107246
-0.105380
-0.103158
-0.107909
-0.105103
-0.105371
-0.106846
-0.105951
-0.106140
-0.106464
-0.106567
-0.106379
-0.106534
-0.106908
-0.106511
-0.106854
-0.106935
-0.106820
-0.107060
-0.106987
-0.107100
-0.107172
-0.107142
-0.107233
-0.107319
-0.107283
-0.107297
-0.107525
-0.107326
-0.107405
-0.107683
-0.107320
-0.107606
-0.107685
-0.107385
-0.107771
-0.107626
-0.107503
-0.107858
-0.107581
-0.107662
-0.107815
-0.107618
-0.107754
-0.107750
-0.107687
-0.107767
0.133745
0.242536
0.319274
0.134828
0.057224
0.140007
0.082473
0.109248
0.129398
0.052654
0.078943
0.037284
-0.005476
-0.001117
-0.063743
-0.066022
-0.067228
-0.102737
-0.088631
-0.089842
-0.101821
-0.102163
-0.105477
-0.094991
-0.103996
-0.101673
-0.088627
-0.103580
-0.093630
-0.089797
-0.103180
-0.087476
-0.098108
-0.100906
-0.096124
-0.112168
-0.101342
-0.103038
-0.110762
-0.105794
-0.106733
-0.107360
-0.107678
-0.107458
-0.106030
-0.109583
-0.107622
-0.105757
-0.110624
-0.106201
-0.107647
-0.109935
-0.106306
-0.109797
-0.108361
-0.108163
-0.109673
-0.108544
-0.108921
-0.109259
-0.109002
-0.109182
-0.109275
-0.109346
-0.109286
-0.109334
-0.109485
-0.109464
-0.109487
-0.109614
-0.109534
-0.109637
-0.109671
-0.109681
-0.109749
-0.109739
-0.109783
-0.109821
-0.109831
-0.109841
-0.109927
-0.109900
-0.109882
-0.110016
-0.109902
-0.109994
-0.110063
-0.109911
-0.110106
-0.110018
-0.110014
-0.110133
-0.110017
-0.110082
-0.110118
-0.110046
-0.110123
-0.110096
-0.110100
-0.110115
0.601601
0.518518
0.255584
0.157754
0.253803
-0.042830
0.188477
0.102447
0.030041
0.113936
-0.021256
-0.001762
0.030509
-0.089371
-0.014302
-0.041740
-0.089002
-0.057638
-0.072359
-0.067961
-0.071031
-0.077077
-0.083636
-0.091097
-0.082962
-0.080794
-0.096509
-0.072386
-0.090683
-0.090218
-0.077346
-0.100530
-0.086274
-0.084847
-0.102231
-0.085175
-0.093592
-0.096180
-0.093657
-0.096912
-0.095731
-0.094821
-0.094622
-0.095240
-0.097380
-0.096227
-0.097762
-0.099098
-0.095394
-0.099944
-0.098164
-0.097548
-0.100474
-0.098273
-0.099239
-0.100393
-0.099121
-0.100240
-0.100106
-0.100191
-0.100570
-0.100762
-0.100856
-0.100977
-0.101048
-0.101176
-0.101247
-0.101472
-0.101552
-0.101611
-0.101790
-0.101824
-0.101944
-0.102058
-0.102105
-0.102200
-0.102262
-0.102319
-0.102406
-0.102493
-0.102528
-0.102618
-0.102683
-0.102637
-0.102819
-0.102783
-0.102804
-0.102950
-0.102862
-0.102954
-0.103028
-0.102943
-0.103067
-0.103042
-0.103045
-0.103121
-0.103092
-0.103117
-0.103128
-0.103094
0.498084
0.665230
0.531275
0.299308
0.242985
0.146205
-0.017117
0.065074
0.070359
-0.026761
0.024780
-0.014296
-0.062005
-0.027345
-0.076696
-0.073920
-0.050400
-0.080314
-0.102654
-0.087007
-0.100188
-0.102760
-0.086676
-0.084497
-0.105397
-0.096556
-0.092541
-0.112810
-0.092963
-0.093535
-0.110480
-0.092784
-0.102018
-0.103634
-0.096007
-0.107555
-0.103615
-0.099844
-0.106045
-0.103261
-0.101715
-0.105467
-0.107499
-0.104281
-0.104323
-0.106896
-0.103889
-0.104693
-0.107896
-0.104731
-0.106143
-0.107273
-0.105227
-0.107376
-0.106682
-0.106168
-0.107434
-0.106978
-0.106951
-0.107564
-0.107252
-0.107158
-0.107435
-0.107561
-0.107493
-0.107701
-0.107778
-0.107674
-0.107809
-0.107887
-0.107880
-0.107995
-0.107990
-0.108041
-0.108111
-0.108109
-0.108193
-0.108251
-0.108229
-0.108268
-0.108340
-0.108303
-0.108364
-0.108454
-0.108377
-0.108459
-0.108502
-0.108430
-0.108557
-0.108516
-0.108499
-0.108604
-0.108548
-0.108567
-0.108630
-0.108564
-0.108588
-0.108609
-0.108595
-0.108617
-2.664105
0.364992
-2.150257
-3.861120
-0.114347
-0.114344
-0.041986
0.066783
0.308534
-0.252910
-0.114342
-0.114347
-0.184524
0.071953
0.188465
-0.390541
-0.114342
-0.114347
1.934303
1.462312
4.192539
-0.423697
-0.114344
-0.114348
-0.339713
0.084454
0.154665
-0.543038
-0.114341
-0.114344
-2.035831
0.710084
-1.096954
-3.222427
-0.114345
-0.114348
6.690196
1.545038
8.845907
4.241523
-0.114344
-0.114348
2.426867
0.130510
0.032532
-0.023227
-0.042395
-0.058337
-0.068393
-0.073983
-0.080451
-0.085384
-0.081157
-0.078988
-0.086455
-0.091691
-0.093766
-0.096366
-0.097918
-0.098626
-0.099788
-0.099482
-0.098904
-0.102818
-0.103641
-0.103382
-0.103483
-0.103599
-0.103718
-0.103840
-0.104048
-0.104141
-0.104788
-0.106299
-0.105117
-0.105090
-0.105527
-0.105782
-0.106170
-0.106537
-0.106801
-0.107149
-0.107403
-0.107250
-0.107288
-0.107641
-0.107863
-0.107968
-0.108091
-0.108171
-0.108212
-0.108284
-0.108279
-0.108279
-0.108596
-0.108647
-0.108680
-0.108748
-0.108817
-0.108889
-0.108960
-0.109030
-0.109096
-0.109174
-0.109260
-0.109280
-0.109327
-0.109382
-0.109431
-0.109473
-0.109516
-0.109557
-0.109597
-0.109633
-0.109664
-0.109700
-0.109734
-0.109766
-0.109791
-0.109818
-0.109848
-0.109874
-0.109897
-0.109919
-0.109939
-0.109956
-0.109974
-0.109988
-0.110002
-0.110026
-0.110036
-0.110046
-0.110057
-0.110067
-0.110076
-0.110084
-0.110093
-0.110100
-0.110107
-0.110113
-0.110111
-0.110112
-0.039865
0.009360
-0.083152
-0.099934
-0.106299
-0.110549
-0.110017
-0.111368
-0.111225
-0.110301
-0.107847
-0.106824
-0.113002
-0.113213
-0.113058
-0.112880
-0.113155
-0.112964
-0.113120
-0.113287
-0.112458
-0.113899
-0.112634
-0.112888
-0.113091
-0.113301
-0.113557
-0.113644
-0.113839
-0.113913
-0.113492
-0.114295
-0.113634
-0.114047
-0.114192
-0.114127
-0.114059
-0.113975
-0.113875
-0.113805
-0.113698
-0.113995
-0.114200
-0.113955
-0.113911
-0.113900
-0.113914
-0.113947
-0.113963
-0.113997
-0.114028
-0.114045
-0.114117
-0.114046
-0.114059
-0.114070
-0.114074
-0.114082
-0.114080
-0.114078
-0.114074
-0.114054
-0.114077
-0.114083
-0.114084
-0.114084
-0.114087
-0.114088
-0.114091
-0.114092
-0.114094
-0.114095
-0.114099
-0.114103
-0.114102
-0.114102
-0.114108
-0.114110
-0.114107
-0.114108
-0.114109
-0.114110
-0.114112
-0.114114
-0.114116
-0.114117
-0.114118
-0.114121
-0.114118
-0.114120
-0.114121
-0.114121
-0.114123
-0.114122
-0.114121
-0.114120
-0.114118
-0.114122
-0.114122
-0.114122
-0.042762
0.005447
-0.081421
-0.094404
-0.099050
-0.101393
-0.105518
-0.104946
-0.107144
-0.108653
-0.104602
-0.103000
-0.109169
-0.109757
-0.109762
-0.110570
-0.110809
-0.110891
-0.111329
-0.111577
-0.109944
-0.111393
-0.111707
-0.111809
-0.111837
-0.112035
-0.111971
-0.112138
-0.112139
-0.112199
-0.112095
-0.112682
-0.111961
-0.112326
-0.112450
-0.112502
-0.112568
-0.112686
-0.112688
-0.112789
-0.112945
-0.112702
-0.112631
-0.112870
-0.112914
-0.112917
-0.112970
-0.112982
-0.112999
-0.113026
-0.113052
-0.112975
-0.113084
-0.113075
-0.113095
-0.113111
-0.113133
-0.113145
-0.113166
-0.113178
-0.113193
-0.113210
-0.113230
-0.113221
-0.113240
-0.113252
-0.113263
-0.113272
-0.113283
-0.113292
-0.113301
-0.113311
-0.113315
-0.113322
-0.113331
-0.113339
-0.113342
-0.113347
-0.113356
-0.113362
-0.113366
-0.113372
-0.113376
-0.113380
-0.113384
-0.113388
-0.113388
-0.113396
-0.113397
-0.113400
-0.113402
-0.113405
-0.113406
-0.113408
-0.113411
-0.113412
-0.113413
-0.113415
-0.113412
-0.113414
1.962074
0.823596
0.267361
0.136113
0.072761
0.035591
0.010653
-0.007045
-0.020315
-0.027207
-0.042113
-0.032254
-0.049762
-0.056111
-0.060876
-0.064779
-0.068053
-0.070839
-0.073145
-0.074950
-0.071349
-0.084917
-0.080399
-0.082128
-0.083265
-0.084292
-0.085219
-0.086094
-0.086886
-0.087595
-0.086773
-0.093618
-0.089171
-0.090544
-0.091287
-0.091964
-0.092597
-0.093202
-0.093770
-0.094302
-0.094700
-0.095079
-0.095565
-0.095931
-0.096322
-0.096659
-0.096965
-0.097247
-0.097512
-0.097759
-0.098000
-0.097787
-0.098903
-0.098713
-0.098934
-0.099136
-0.099339
-0.099526
-0.099711
-0.099888
-0.100058
-0.100171
-0.100472
-0.100516
-0.100664
-0.100798
-0.100941
-0.101046
-0.101167
-0.101278
-0.101385
-0.101487
-0.101574
-0.101677
-0.101763
-0.101846
-0.101926
-0.102001
-0.102073
-0.102140
-0.102204
-0.102264
-0.102320
-0.102372
-0.102421
-0.102466
-0.102496
-0.102572
-0.102585
-0.102620
-0.102651
-0.102679
-0.102705
-0.102722
-0.102744
-0.102760
-0.102770
-0.102797
-0.102788
-0.102796
0.112507
0.008898
-0.073637
-0.089349
-0.096121
-0.099662
-0.102122
-0.104183
-0.105835
-0.107103
-0.101731
-0.100247
-0.106601
-0.108124
-0.109030
-0.109621
-0.110098
-0.110485
-0.110712
-0.110794
-0.109365
-0.110791
-0.111422
-0.111504
-0.111519
-0.111532
-0.111553
-0.111585
-0.111633
-0.111708
-0.111695
-0.112157
-0.111487
-0.111770
-0.111911
-0.112038
-0.112152
-0.112263
-0.112380
-0.112495
-0.112628
-0.112376
-0.112296
-0.112544
-0.112623
-0.112667
-0.112693
-0.112712
-0.112729
-0.112742
-0.112755
-0.112692
-0.112794
-0.112801
-0.112823
-0.112842
-0.112863
-0.112884
-0.112905
-0.112925
-0.112946
-0.112969
-0.112989
-0.112983
-0.113003
-0.113018
-0.113032
-0.113043
-0.113055
-0.113067
-0.113078
-0.113089
-0.113094
-0.113104
-0.113114
-0.113123
-0.113127
-0.113134
-0.113144
-0.113151
-0.113158
-0.113163
-0.113169
-0.113174
-0.113178
-0.113182
-0.113183
-0.113191
-0.113193
-0.113197
-0.113200
-0.113202
-0.113204
-0.113207
-0.113210
-0.113212
-0.113214
-0.113215
-0.113213
-0.113215
1.796583
0.413884
0.059000
-0.014801
-0.043805
-0.059744
-0.069506
-0.075811
-0.079540
-0.086840
-0.087294
-0.080732
-0.098136
-0.095823
-0.095919
-0.096469
-0.097199
-0.098057
-0.099115
-0.100768
-0.095469
-0.102661
-0.100723
-0.101087
-0.102015
-0.102804
-0.103498
-0.104090
-0.104556
-0.104675
-0.103967
-0.107610
-0.104701
-0.106074
-0.106414
-0.106571
-0.106666
-0.106731
-0.106786
-0.106842
-0.107351
-0.107003
-0.107057
-0.107572
-0.107563
-0.107670
-0.107805
-0.107953
-0.108105
-0.108263
-0.108441
-0.108176
-0.108744
-0.108607
-0.108690
-0.108780
-0.108861
-0.108929
-0.108992
-0.109048
-0.109090
-0.109129
-0.109252
-0.109231
-0.109308
-0.109357
-0.109411
-0.109446
-0.109494
-0.109535
-0.109575
-0.109619
-0.109645
-0.109683
-0.109715
-0.109748
-0.109772
-0.109798
-0.109830
-0.109851
-0.109875
-0.109898
-0.109920
-0.109940
-0.109960
-0.109979
-0.109983
-0.110018
-0.110019
-0.110032
-0.110045
-0.110056
-0.110064
-0.110070
-0.110079
-0.110081
-0.110084
-0.110095
-0.110087
-0.110094
