-1.720010
1.627909
0.422742
-8.246997
-0.108205
-0.108191
-0.037213
0.408005
2.518520
-0.801952
-0.108190
-0.108166
2.122214
0.860093
3.525839
-0.305126
-0.108202
-0.108201
-0.050138
1.152626
3.174870
-2.105194
-0.108199
-0.108200
0.296965
3.343623
7.270464
-5.289221
-0.108199
-0.108201
-0.134647
0.872507
2.174270
-3.222383
-0.108201
-0.108196
13.379357
-0.106419
13.383052
13.376289
-0.108198
-0.108201
7.641172
2.468123
12.826507
3.482349
-0.108197
-0.108202
1.502463
0.632710
0.686191
0.239426
0.114588
0.008809
0.031866
0.023403
-0.019301
0.051395
0.047177
-0.005074
-0.021327
-0.073065
-0.057613
-0.084423
-0.045839
-0.068228
-0.086346
-0.064726
-0.082557
-0.066049
-0.100357
-0.091517
-0.092870
-0.104118
-0.091242
-0.092099
-0.092598
-0.078338
-0.099129
-0.087694
-0.100961
-0.085321
-0.094240
-0.095373
-0.090133
-0.098192
-0.081646
-0.090899
-0.087329
-0.090289
-0.104162
-0.098809
-0.097148
-0.102540
-0.095907
-0.100316
-0.094678
-0.102109
-0.102204
-0.099764
-0.095220
-0.106379
-0.101278
-0.107438
-0.100862
-0.100739
-0.104953
-0.094865
-0.097954
-0.103206
-0.099194
-0.106274
-0.101559
-0.105756
-0.102449
-0.102249
-0.105250
-0.101660
-0.107510
-0.102815
-0.105527
-0.105252
-0.103837
-0.106757
-0.103841
-0.105309
-0.104148
-0.103338
-0.106431
-0.103367
-0.107449
-0.104066
-0.105722
-0.104827
-0.104863
-0.105899
-0.101915
-0.105584
-0.104007
-0.103334
-0.107162
-0.103929
-0.105466
-0.105204
-0.105375
-0.106635
-0.103913
-0.104505
-0.038878
0.011186
0.022749
-0.044492
0.016514
0.002341
0.011897
0.019194
-0.019750
-0.013729
-0.074844
-0.055736
-0.061448
-0.062742
-0.068729
-0.069693
-0.055884
-0.073549
-0.061006
-0.084317
-0.081279
-0.095152
-0.091808
-0.098979
-0.102951
-0.097598
-0.102835
-0.096555
-0.102400
-0.094796
-0.093519
-0.092196
-0.089388
-0.094899
-0.093964
-0.100824
-0.094334
-0.102156
-0.099778
-0.100882
-0.098822
-0.097256
-0.099689
-0.097631
-0.103214
-0.102175
-0.105118
-0.105365
-0.104821
-0.106528
-0.106051
-0.106108
-0.106221
-0.107065
-0.103208
-0.104720
-0.101476
-0.103366
-0.103362
-0.104729
-0.105339
-0.104057
-0.106733
-0.104216
-0.105083
-0.103971
-0.105102
-0.104003
-0.105204
-0.106015
-0.105987
-0.107012
-0.107053
-0.108081
-0.106853
-0.107203
-0.107376
-0.106646
-0.106880
-0.105850
-0.106473
-0.105209
-0.106504
-0.106195
-0.106762
-0.106386
-0.107388
-0.107184
-0.106617
-0.107051
-0.106302
-0.106395
-0.105894
-0.107050
-0.107032
-0.106995
-0.107660
-0.107072
-0.107993
-0.107844
2.113364
0.351195
0.121893
0.201141
-0.042111
0.039598
0.004681
-0.057599
-0.089200
-0.001948
0.012525
-0.022016
-0.006996
-0.083744
-0.041462
-0.089293
-0.053767
-0.062450
-0.084018
-0.066117
-0.100450
-0.060348
-0.077950
-0.073579
-0.068340
-0.086344
-0.068386
-0.101791
-0.072093
-0.099481
-0.088735
-0.088915
-0.095818
-0.082685
-0.101337
-0.085053
-0.097183
-0.088171
-0.084081
-0.097343
-0.085192
-0.099859
-0.100558
-0.096795
-0.094613
-0.103121
-0.095378
-0.096284
-0.097231
-0.100828
-0.101973
-0.100260
-0.097583
-0.100526
-0.103009
-0.099413
-0.100909
-0.102901
-0.101748
-0.095253
-0.106386
-0.097353
-0.102786
-0.102370
-0.101907
-0.104034
-0.100619
-0.105172
-0.101760
-0.103856
-0.102719
-0.101120
-0.105167
-0.100392
-0.106546
-0.100851
-0.105369
-0.101986
-0.103555
-0.104842
-0.102719
-0.105644
-0.102536
-0.104739
-0.103407
-0.103744
-0.104451
-0.101531
-0.106717
-0.101567
-0.103299
-0.105713
-0.102760
-0.103710
-0.105299
-0.103765
-0.103064
-0.104412
-0.104296
-0.103777
-0.059790
0.494870
0.211727
0.136532
0.130844
0.131644
0.138260
0.016722
0.057819
0.034001
-0.019414
-0.021688
-0.069441
-0.042290
-0.086954
-0.058417
-0.080596
-0.067160
-0.073603
-0.086369
-0.079025
-0.104042
-0.089647
-0.097376
-0.096305
-0.093735
-0.101270
-0.093324
-0.099267
-0.095267
-0.092278
-0.099469
-0.088646
-0.104830
-0.091564
-0.106105
-0.092490
-0.097038
-0.096893
-0.093078
-0.098212
-0.089650
-0.102027
-0.092898
-0.093947
-0.102014
-0.096380
-0.099972
-0.101218
-0.103567
-0.103613
-0.100074
-0.100742
-0.099411
-0.103468
-0.095351
-0.104821
-0.099101
-0.098040
-0.105190
-0.098558
-0.105701
-0.099920
-0.103622
-0.101784
-0.102460
-0.102746
-0.101028
-0.104363
-0.101218
-0.103915
-0.102552
-0.102827
-0.103618
-0.102556
-0.103657
-0.102815
-0.102884
-0.103753
-0.101918
-0.104768
-0.101709
-0.104295
-0.102779
-0.103504
-0.103500
-0.102315
-0.104701
-0.101732
-0.105153
-0.101834
-0.103196
-0.104468
-0.100812
-0.105724
-0.102709
-0.102174
-0.104582
-0.103192
-0.103683
0.274965
1.967988
0.985708
0.256548
0.149969
0.168815
0.093425
-0.066098
0.054839
0.118726
-0.000763
0.023591
-0.024894
-0.047465
-0.042156
-0.077328
-0.047172
-0.101311
-0.053097
-0.091199
-0.063067
-0.083098
-0.081161
-0.079813
-0.088740
-0.084070
-0.090646
-0.081609
-0.097609
-0.078594
-0.102487
-0.082855
-0.100920
-0.086163
-0.092393
-0.090328
-0.088586
-0.095315
-0.082378
-0.099126
-0.087344
-0.087184
-0.101480
-0.097606
-0.088285
-0.103357
-0.090193
-0.092185
-0.089745
-0.099635
-0.094048
-0.087375
-0.097184
-0.093007
-0.094229
-0.092962
-0.096561
-0.097670
-0.089960
-0.101113
-0.094769
-0.094356
-0.098991
-0.094753
-0.098158
-0.095321
-0.098150
-0.095997
-0.097077
-0.096825
-0.096306
-0.097791
-0.096411
-0.098100
-0.096874
-0.098166
-0.096560
-0.098421
-0.096401
-0.098378
-0.097124
-0.098158
-0.098083
-0.097361
-0.098637
-0.097033
-0.099208
-0.096426
-0.098182
-0.099161
-0.095329
-0.099413
-0.098912
-0.095853
-0.100127
-0.097398
-0.098528
-0.097705
-0.098630
-0.100249
-0.067805
0.427016
0.188825
0.000186
0.122004
-0.061921
-0.015464
-0.087048
0.024543
-0.056343
-0.059416
-0.044667
-0.076429
-0.065611
-0.075085
-0.062425
-0.087253
-0.068869
-0.080674
-0.080650
-0.081354
-0.084315
-0.084726
-0.086959
-0.088104
-0.087507
-0.090363
-0.087558
-0.090541
-0.090781
-0.089364
-0.096182
-0.087719
-0.097887
-0.091060
-0.093610
-0.093327
-0.094605
-0.094413
-0.093012
-0.099098
-0.091605
-0.097721
-0.094673
-0.098778
-0.092590
-0.096544
-0.095576
-0.096656
-0.098342
-0.099653
-0.098207
-0.100132
-0.098954
-0.099911
-0.100626
-0.101218
-0.098829
-0.100154
-0.100608
-0.099391
-0.101114
-0.100073
-0.101164
-0.100250
-0.101247
-0.101050
-0.100437
-0.101493
-0.100786
-0.101210
-0.101355
-0.101342
-0.101680
-0.101531
-0.101801
-0.101553
-0.101687
-0.101821
-0.101429
-0.102413
-0.101356
-0.102396
-0.102168
-0.101788
-0.102379
-0.101971
-0.102291
-0.101776
-0.102586
-0.102018
-0.102088
-0.102562
-0.102532
-0.101933
-0.102156
-0.102232
-0.101590
-0.101956
-0.101878
-3.084356
0.418675
-2.561078
-4.251504
-0.108203
-0.108201
-0.085878
0.239204
0.366301
-0.790509
-0.108202
-0.108202
-0.055994
0.182283
0.686844
-0.522989
-0.108198
-0.108201
-0.109415
2.401725
3.826473
-3.138373
-0.108199
-0.108204
-0.084717
0.168345
0.524560
-0.539731
-0.108199
-0.108202
-0.533817
1.498210
2.169633
-2.401583
-0.108198
-0.108204
6.968591
1.703379
10.146191
4.330646
-0.108199
-0.108203
2.870420
0.142541
0.144292
-0.005381
-0.095646
-0.097527
-0.102609
-0.103053
-0.102071
-0.101691
-0.103291
-0.106045
-0.105379
-0.105480
-0.106208
-0.105661
-0.105298
-0.106951
-0.106610
-0.106921
-0.105917
-0.106804
-0.093836
-0.091606
-0.103501
-0.105996
-0.094624
-0.101313
-0.101987
-0.105680
-0.105277
-0.105530
-0.105537
-0.106161
-0.106266
-0.106200
-0.106241
-0.106285
-0.106290
-0.106354
-0.106467
-0.106472
-0.106169
-0.106196
-0.106130
-0.106378
-0.104880
-0.106745
-0.103892
-0.106495
-0.105959
-0.104944
-0.104581
-0.106894
-0.106539
-0.106653
-0.106699
-0.106803
-0.106655
-0.106663
-0.106746
-0.106694
-0.106695
-0.106756
-0.106670
-0.106615
-0.106637
-0.106688
-0.106710
-0.106716
-0.106655
-0.106728
-0.105224
-0.107278
-0.106781
-0.106188
-0.106503
-0.107347
-0.106882
-0.106973
-0.107001
-0.106910
-0.106858
-0.106904
-0.106910
-0.106826
-0.106863
-0.106873
-0.106794
-0.106835
-0.106879
-0.106831
-0.106844
-0.106844
-0.106840
-0.106760
-0.106679
-0.107330
-0.106828
-0.106785
-0.083763
0.105315
0.006586
-0.080438
-0.085390
-0.104781
-0.102563
-0.104077
-0.105467
-0.103777
-0.105113
-0.105088
-0.103476
-0.105832
-0.105796
-0.105517
-0.106358
-0.105444
-0.105644
-0.106001
-0.104664
-0.107535
-0.102104
-0.101207
-0.103383
-0.105245
-0.100464
-0.105811
-0.105691
-0.107829
-0.106937
-0.107051
-0.106997
-0.106834
-0.107118
-0.106898
-0.106857
-0.107291
-0.107129
-0.107150
-0.107147
-0.107056
-0.107222
-0.107257
-0.107201
-0.107476
-0.106640
-0.107303
-0.106355
-0.106857
-0.106190
-0.107587
-0.107035
-0.107420
-0.107256
-0.107367
-0.107376
-0.107396
-0.107455
-0.107383
-0.107463
-0.107558
-0.107472
-0.107471
-0.107458
-0.107494
-0.107540
-0.107518
-0.107519
-0.107552
-0.107416
-0.107819
-0.107317
-0.107014
-0.107500
-0.108158
-0.107188
-0.107404
-0.107595
-0.107535
-0.107556
-0.107579
-0.107584
-0.107575
-0.107623
-0.107617
-0.107572
-0.107580
-0.107597
-0.107614
-0.107601
-0.107596
-0.107619
-0.107619
-0.107609
-0.107678
-0.107532
-0.107359
-0.107834
-0.107714
-0.051742
-0.060650
0.051027
-0.053849
-0.046037
-0.065371
-0.072183
-0.079754
-0.083967
-0.086915
-0.088748
-0.090106
-0.091479
-0.093372
-0.094338
-0.095323
-0.096023
-0.096262
-0.097074
-0.098413
-0.098901
-0.102089
-0.097594
-0.104801
-0.100151
-0.097009
-0.095332
-0.099065
-0.099121
-0.100893
-0.101085
-0.101529
-0.101521
-0.101776
-0.101743
-0.101868
-0.102157
-0.102343
-0.102386
-0.102578
-0.102663
-0.102658
-0.102953
-0.103077
-0.103100
-0.103320
-0.102587
-0.104042
-0.101883
-0.102463
-0.103177
-0.103344
-0.103888
-0.103876
-0.103821
-0.103852
-0.103820
-0.103917
-0.103869
-0.103970
-0.104070
-0.104066
-0.104087
-0.104160
-0.104146
-0.104157
-0.104279
-0.104240
-0.104251
-0.104286
-0.104183
-0.104599
-0.103816
-0.104551
-0.104638
-0.104469
-0.104865
-0.104506
-0.104580
-0.104628
-0.104580
-0.104633
-0.104602
-0.104670
-0.104685
-0.104649
-0.104686
-0.104703
-0.104674
-0.104704
-0.104749
-0.104698
-0.104733
-0.104752
-0.104726
-0.104798
-0.104591
-0.104916
-0.104833
-0.104671
-0.104130
1.469702
0.567574
0.032648
0.117462
0.037123
0.017887
-0.000622
-0.014559
-0.025112
-0.033633
-0.040311
-0.045895
-0.050598
-0.054669
-0.057975
-0.061062
-0.063502
-0.065864
-0.067948
-0.067540
-0.078437
-0.047200
-0.067551
-0.088818
-0.057847
-0.081290
-0.092764
-0.079682
-0.087636
-0.086193
-0.086919
-0.087429
-0.087920
-0.088385
-0.088839
-0.089296
-0.089751
-0.090194
-0.090590
-0.091006
-0.091354
-0.091744
-0.092059
-0.092324
-0.092970
-0.090467
-0.095928
-0.097950
-0.091102
-0.097575
-0.097651
-0.093265
-0.096136
-0.095417
-0.095752
-0.095947
-0.096108
-0.096280
-0.096465
-0.096644
-0.096823
-0.096995
-0.097156
-0.097326
-0.097483
-0.097660
-0.097815
-0.097997
-0.098180
-0.098210
-0.099540
-0.098812
-0.097268
-0.099094
-0.098211
-0.097274
-0.098223
-0.098197
-0.098364
-0.098550
-0.098636
-0.098760
-0.098851
-0.098929
-0.099000
-0.099064
-0.099119
-0.099174
-0.099219
-0.099263
-0.099295
-0.099328
-0.099346
-0.099386
-0.099439
-0.099050
-0.098803
-0.099108
-0.098746
-0.081389
0.058990
-0.048304
-0.038781
-0.076553
-0.090567
-0.092709
-0.095312
-0.096978
-0.098515
-0.099346
-0.100271
-0.100760
-0.101577
-0.101942
-0.102415
-0.102635
-0.102996
-0.103220
-0.103481
-0.102914
-0.102671
-0.105091
-0.103071
-0.104987
-0.102433
-0.106303
-0.102341
-0.106742
-0.106006
-0.105608
-0.105668
-0.105701
-0.105743
-0.105762
-0.105820
-0.105859
-0.105938
-0.105956
-0.106017
-0.106045
-0.106111
-0.106147
-0.106209
-0.106233
-0.106508
-0.106120
-0.106000
-0.106474
-0.105448
-0.105864
-0.105605
-0.106962
-0.105902
-0.106107
-0.106234
-0.106258
-0.106291
-0.106321
-0.106350
-0.106373
-0.106395
-0.106404
-0.106425
-0.106433
-0.106449
-0.106453
-0.106462
-0.106460
-0.106470
-0.106331
-0.106511
-0.106321
-0.106215
-0.106586
-0.106627
-0.106919
-0.106378
-0.106722
-0.106761
-0.106660
-0.106718
-0.106720
-0.106719
-0.106722
-0.106724
-0.106726
-0.106730
-0.106731
-0.106736
-0.106739
-0.106744
-0.106747
-0.106751
-0.106753
-0.106867
-0.106655
-0.106833
-0.107001
-0.106830
0.324798
0.832011
0.327082
0.166448
0.071955
0.036584
0.009458
-0.007961
-0.020830
-0.030736
-0.038586
-0.044910
-0.050243
-0.054565
-0.058370
-0.061590
-0.064457
-0.066895
-0.069091
-0.070969
-0.072843
-0.074555
-0.071721
-0.084092
-0.084605
-0.063625
-0.083192
-0.077782
-0.085395
-0.084724
-0.085752
-0.086204
-0.086760
-0.087319
-0.087836
-0.088342
-0.088831
-0.089279
-0.089730
-0.090148
-0.090558
-0.090929
-0.091308
-0.091659
-0.092001
-0.092407
-0.092320
-0.095031
-0.091583
-0.090712
-0.096613
-0.092695
-0.095712
-0.094491
-0.094771
-0.094852
-0.094999
-0.095168
-0.095323
-0.095486
-0.095642
-0.095791
-0.095941
-0.096082
-0.096221
-0.096350
-0.096485
-0.096609
-0.096737
-0.096883
-0.096940
-0.097607
-0.095931
-0.097607
-0.097988
-0.096236
-0.098252
-0.097044
-0.097261
-0.097554
-0.097450
-0.097587
-0.097648
-0.097717
-0.097774
-0.097826
-0.097874
-0.097917
-0.097956
-0.097990
-0.098023
-0.098049
-0.098072
-0.098091
-0.098083
-0.098167
-0.097628
-0.098570
-0.097870
-0.097448
