-2.052152
2.225685
1.278699
-13.260195
-0.097225
-0.097192
-0.111118
0.517363
2.909724
-3.388320
-0.097216
-0.097180
1.923154
0.940968
3.827973
-1.484310
-0.097221
-0.097215
-0.148227
0.882346
1.969622
-2.596632
-0.097219
-0.097215
-0.127934
2.741906
6.115063
-6.021849
-0.097217
-0.097216
-0.175531
1.354759
3.699983
-5.298891
-0.097218
-0.097211
11.922521
-0.094120
11.929063
11.915999
-0.097217
-0.097218
6.761542
2.500207
12.903821
2.048585
-0.097215
-0.097217
1.850594
0.090833
0.405703
0.740618
0.514021
-0.055100
0.294234
0.241837
0.080610
0.179864
0.226473
0.122619
0.139899
0.245955
0.133672
0.114969
0.219616
0.134041
0.103845
0.156105
0.085869
0.072663
0.111786
0.042282
0.025868
0.039514
-0.002035
-0.023405
-0.012409
-0.009378
-0.056699
-0.022709
-0.036186
-0.079534
-0.024649
-0.047890
-0.079875
-0.051237
-0.089776
-0.052166
-0.055225
-0.090028
-0.051911
-0.067429
-0.068358
-0.053147
-0.061152
-0.065450
-0.053767
-0.051750
-0.064593
-0.052130
-0.047645
-0.064687
-0.052515
-0.046964
-0.067678
-0.050987
-0.049731
-0.069858
-0.058121
-0.056398
-0.069345
-0.071037
-0.068237
-0.073106
-0.080994
-0.077367
-0.075069
-0.088763
-0.084137
-0.075845
-0.081760
-0.089463
-0.088339
-0.087921
-0.081156
-0.083357
-0.092754
-0.088175
-0.085520
-0.088278
-0.087751
-0.084802
-0.084566
-0.086799
-0.084425
-0.082450
-0.083753
-0.083977
-0.081013
-0.080463
-0.084497
-0.084023
-0.082602
-0.082930
-0.081139
-0.080204
-0.082892
-0.083388
-0.085974
-0.077291
-0.056801
-0.020046
-0.006227
0.012872
-0.015453
-0.052789
-0.009130
-0.024831
-0.066975
-0.010927
-0.022403
-0.068261
0.012637
-0.007338
-0.051544
-0.000881
0.008293
-0.014908
-0.017981
-0.005289
-0.026048
-0.023559
-0.005851
-0.035199
-0.026042
-0.012639
-0.046155
-0.052710
-0.044364
-0.062371
-0.066200
-0.059839
-0.077557
-0.086687
-0.081339
-0.089210
-0.082731
-0.094832
-0.079204
-0.069545
-0.081678
-0.073204
-0.066994
-0.075731
-0.067620
-0.059026
-0.068941
-0.070351
-0.067376
-0.073684
-0.074768
-0.070763
-0.081271
-0.080691
-0.077214
-0.081657
-0.090346
-0.082873
-0.084462
-0.093857
-0.087858
-0.087502
-0.094326
-0.091881
-0.090948
-0.093765
-0.095189
-0.092408
-0.091474
-0.093312
-0.093181
-0.092099
-0.091697
-0.093070
-0.092714
-0.092570
-0.091843
-0.093821
-0.093963
-0.094155
-0.096617
-0.094486
-0.095276
-0.094756
-0.095240
-0.093766
-0.090905
-0.093927
-0.091177
-0.088915
-0.088050
-0.087353
-0.086881
-0.086796
-0.085881
-0.084260
-0.085043
-0.084423
1.904125
0.321346
0.270136
0.157562
0.101332
-0.070532
0.060024
0.083273
-0.013611
-0.044247
0.016016
-0.066849
-0.032373
-0.014961
-0.074080
-0.006397
-0.049187
-0.049754
-0.009201
-0.087535
-0.042512
-0.038188
-0.061602
-0.039144
-0.027985
-0.047835
-0.048098
-0.043756
-0.063235
-0.065992
-0.044805
-0.069762
-0.068862
-0.053817
-0.087898
-0.065302
-0.065493
-0.091456
-0.061169
-0.074653
-0.082355
-0.067017
-0.083340
-0.078080
-0.073130
-0.084148
-0.083306
-0.076105
-0.078487
-0.078075
-0.073793
-0.077086
-0.083655
-0.075861
-0.079946
-0.090030
-0.081002
-0.086614
-0.091967
-0.087449
-0.088021
-0.092130
-0.093123
-0.088296
-0.091764
-0.091892
-0.083915
-0.086580
-0.092990
-0.088179
-0.087780
-0.086251
-0.085394
-0.086092
-0.090577
-0.088287
-0.087701
-0.086659
-0.086235
-0.088809
-0.091089
-0.087976
-0.086479
-0.091570
-0.091562
-0.089807
-0.093834
-0.093747
-0.092436
-0.093155
-0.096167
-0.091335
-0.089824
-0.091848
-0.092281
-0.089391
-0.090923
-0.091059
-0.088579
-0.089637
-0.040686
0.156415
0.244015
0.194924
0.148648
0.131083
0.021041
0.004745
0.044235
-0.024818
-0.075907
-0.019429
-0.020879
-0.074012
-0.023135
-0.018829
-0.068775
-0.054749
-0.022277
-0.030985
-0.075979
-0.055762
-0.053919
-0.065986
-0.057285
-0.065939
-0.081604
-0.065059
-0.065929
-0.083230
-0.078795
-0.078152
-0.088025
-0.082959
-0.081987
-0.089791
-0.090374
-0.087893
-0.092785
-0.088819
-0.085059
-0.091179
-0.087924
-0.085584
-0.089988
-0.085837
-0.081215
-0.083948
-0.088467
-0.081961
-0.083025
-0.085747
-0.082486
-0.087321
-0.090731
-0.085422
-0.083688
-0.088397
-0.094296
-0.087985
-0.089992
-0.094257
-0.092892
-0.090406
-0.092909
-0.093712
-0.091091
-0.092141
-0.093711
-0.092707
-0.092842
-0.094450
-0.095755
-0.095331
-0.094908
-0.094200
-0.093589
-0.093193
-0.093734
-0.095104
-0.093170
-0.093358
-0.095407
-0.095790
-0.093507
-0.094295
-0.096431
-0.093527
-0.093214
-0.094179
-0.094807
-0.092334
-0.090448
-0.092346
-0.093273
-0.091678
-0.091378
-0.091973
-0.090278
-0.090777
-0.063962
1.070230
1.323482
0.550680
0.067777
0.197410
-0.009998
-0.037947
-0.066665
-0.043834
0.023771
0.000264
-0.075040
0.013233
0.026212
-0.069990
-0.023925
-0.021443
-0.089799
-0.059708
-0.067736
-0.092560
-0.078406
-0.078903
-0.089367
-0.065161
-0.085573
-0.081866
-0.070742
-0.080140
-0.084727
-0.073322
-0.072171
-0.084625
-0.079090
-0.070226
-0.080618
-0.084613
-0.075778
-0.077184
-0.085625
-0.081968
-0.075165
-0.083174
-0.083542
-0.077131
-0.082180
-0.083423
-0.080340
-0.081149
-0.086831
-0.090975
-0.088392
-0.092232
-0.094226
-0.093439
-0.089090
-0.087839
-0.093035
-0.083008
-0.079227
-0.089988
-0.082876
-0.081161
-0.081481
-0.079622
-0.084563
-0.079333
-0.084143
-0.082106
-0.079807
-0.089995
-0.088104
-0.086480
-0.079874
-0.082815
-0.090054
-0.084276
-0.088125
-0.087627
-0.087301
-0.085534
-0.087625
-0.086279
-0.085782
-0.086396
-0.087790
-0.089260
-0.086233
-0.088460
-0.090943
-0.088366
-0.088937
-0.089590
-0.087422
-0.087873
-0.087927
-0.088027
-0.086416
-0.085915
0.000422
0.336890
0.499428
0.327512
0.026179
0.159989
0.115312
0.035504
0.103756
0.089957
0.007113
0.037936
0.044784
-0.026063
-0.004346
-0.002815
-0.019977
-0.025022
0.001965
-0.019581
-0.022362
-0.014455
-0.031769
-0.034824
-0.036680
-0.042858
-0.052610
-0.051752
-0.060779
-0.072789
-0.069349
-0.075559
-0.080451
-0.081851
-0.085342
-0.087677
-0.086278
-0.089072
-0.087348
-0.089832
-0.088597
-0.084821
-0.087133
-0.082422
-0.083120
-0.083452
-0.080470
-0.079838
-0.079790
-0.081386
-0.079446
-0.080338
-0.079683
-0.078162
-0.082440
-0.080450
-0.081260
-0.083506
-0.087295
-0.086995
-0.090018
-0.093548
-0.092582
-0.094376
-0.095673
-0.092590
-0.095262
-0.093619
-0.092312
-0.095404
-0.090832
-0.091514
-0.095415
-0.095469
-0.095739
-0.093853
-0.093234
-0.095628
-0.093182
-0.092579
-0.093994
-0.092681
-0.091805
-0.093464
-0.092265
-0.091687
-0.092629
-0.091776
-0.091812
-0.091373
-0.092008
-0.091496
-0.090728
-0.092406
-0.092297
-0.092557
-0.093404
-0.093559
-0.093568
-0.094357
-3.053001
0.327469
-2.469758
-3.898746
-0.097218
-0.097221
0.046942
0.109865
0.378354
-0.349875
-0.097218
-0.097220
0.122995
0.170765
0.602061
-0.321014
-0.097218
-0.097220
-0.040356
1.865976
3.184284
-3.208051
-0.097217
-0.097221
-0.014958
0.524689
1.244646
-1.005320
-0.097216
-0.097219
-0.400150
2.237876
3.509931
-3.617803
-0.097216
-0.097221
6.525797
1.103829
9.052286
5.322425
-0.097215
-0.097219
2.856253
0.063811
0.099560
-0.003120
0.023370
-0.065344
-0.087675
-0.083561
-0.088727
-0.090326
-0.092351
-0.089995
-0.093314
-0.092229
-0.091213
-0.092118
-0.093436
-0.094239
-0.092753
-0.094127
-0.093571
-0.094286
-0.095976
-0.093503
-0.093826
-0.094942
-0.095162
-0.095592
-0.094628
-0.095517
-0.093724
-0.094539
-0.092542
-0.087805
-0.090069
-0.088843
-0.092186
-0.094122
-0.094040
-0.088680
-0.095069
-0.090707
-0.093111
-0.095114
-0.095164
-0.096081
-0.095374
-0.095789
-0.095334
-0.095360
-0.096608
-0.095804
-0.095499
-0.095678
-0.095857
-0.095695
-0.095535
-0.096306
-0.095991
-0.095765
-0.096304
-0.095859
-0.096196
-0.095995
-0.096081
-0.096141
-0.095978
-0.096926
-0.095322
-0.095107
-0.095919
-0.096736
-0.094962
-0.095790
-0.096259
-0.095426
-0.093953
-0.095650
-0.096864
-0.095235
-0.096108
-0.095929
-0.096141
-0.096117
-0.095931
-0.096070
-0.095629
-0.095625
-0.096193
-0.096330
-0.096423
-0.096170
-0.095991
-0.095609
-0.095888
-0.096171
-0.096039
-0.096187
-0.096325
-0.096061
0.046281
0.029866
-0.038551
-0.087139
-0.067205
-0.079399
-0.093127
-0.086355
-0.091500
-0.092275
-0.092139
-0.091593
-0.092716
-0.093139
-0.093077
-0.094415
-0.094827
-0.094409
-0.095180
-0.094334
-0.095033
-0.093693
-0.095168
-0.095726
-0.095231
-0.094975
-0.095157
-0.095678
-0.095871
-0.095910
-0.095047
-0.096575
-0.093889
-0.093391
-0.094947
-0.095886
-0.095067
-0.096527
-0.093721
-0.093763
-0.094863
-0.096806
-0.096689
-0.095970
-0.096618
-0.096200
-0.096311
-0.096247
-0.096319
-0.096589
-0.096445
-0.096208
-0.096316
-0.096519
-0.096484
-0.096442
-0.096412
-0.096442
-0.096390
-0.096364
-0.096554
-0.096548
-0.096551
-0.096688
-0.096630
-0.096641
-0.096640
-0.096916
-0.096503
-0.096676
-0.096758
-0.096590
-0.096408
-0.096215
-0.096474
-0.096140
-0.096045
-0.096059
-0.096604
-0.096360
-0.096415
-0.096544
-0.096493
-0.096513
-0.096494
-0.096563
-0.096689
-0.096748
-0.096725
-0.096415
-0.096395
-0.096498
-0.096750
-0.096742
-0.096679
-0.096543
-0.096559
-0.096566
-0.096572
-0.096653
0.123451
0.042053
0.022304
-0.057620
-0.077823
-0.096215
-0.092604
-0.096464
-0.096035
-0.096212
-0.095979
-0.096155
-0.095747
-0.094938
-0.096587
-0.097013
-0.095832
-0.096571
-0.096502
-0.096975
-0.096899
-0.096176
-0.096791
-0.096856
-0.096097
-0.096608
-0.096776
-0.096947
-0.096860
-0.097176
-0.096926
-0.096491
-0.096863
-0.094531
-0.094594
-0.092254
-0.094613
-0.096495
-0.094581
-0.093238
-0.095284
-0.096656
-0.097098
-0.096951
-0.097089
-0.097045
-0.097127
-0.096977
-0.097147
-0.097053
-0.096789
-0.097100
-0.097105
-0.097105
-0.097031
-0.097100
-0.096919
-0.097143
-0.096996
-0.097159
-0.097115
-0.096978
-0.097137
-0.097206
-0.097098
-0.097216
-0.097123
-0.097095
-0.097053
-0.097093
-0.096465
-0.096611
-0.096162
-0.096557
-0.096961
-0.096619
-0.096253
-0.096754
-0.097091
-0.097150
-0.097174
-0.097116
-0.097165
-0.097121
-0.097145
-0.097127
-0.097049
-0.096802
-0.096944
-0.097123
-0.096870
-0.096878
-0.096986
-0.096786
-0.097178
-0.097037
-0.097151
-0.097103
-0.097126
-0.097168
-0.030553
1.191238
0.339846
0.089370
0.016086
-0.013180
-0.053701
-0.040172
-0.053534
-0.058435
-0.063773
-0.065743
-0.070154
-0.071117
-0.073645
-0.075476
-0.075835
-0.078640
-0.078626
-0.079994
-0.081121
-0.081274
-0.083097
-0.082599
-0.084152
-0.084133
-0.084700
-0.086018
-0.085378
-0.087120
-0.085701
-0.088726
-0.083105
-0.086834
-0.077867
-0.084583
-0.062617
-0.087108
-0.073497
-0.071889
-0.091725
-0.086433
-0.090983
-0.088012
-0.088656
-0.089535
-0.088786
-0.089661
-0.089398
-0.089811
-0.090298
-0.090057
-0.089543
-0.089747
-0.089800
-0.089318
-0.090037
-0.090485
-0.090812
-0.090538
-0.091117
-0.090778
-0.091400
-0.091102
-0.091426
-0.091683
-0.091412
-0.092805
-0.090771
-0.093417
-0.092828
-0.095914
-0.089373
-0.088281
-0.091596
-0.085936
-0.088192
-0.089329
-0.091528
-0.090299
-0.091156
-0.090962
-0.091310
-0.091385
-0.090958
-0.091817
-0.090825
-0.092378
-0.090296
-0.091306
-0.093829
-0.090085
-0.091204
-0.092159
-0.091293
-0.091803
-0.091424
-0.091767
-0.091832
-0.091598
-0.015471
0.232149
0.168963
0.010142
-0.080199
-0.074758
-0.086616
-0.091051
-0.090411
-0.091864
-0.092760
-0.092449
-0.093712
-0.093448
-0.094121
-0.094272
-0.094208
-0.094931
-0.094454
-0.094857
-0.095087
-0.094808
-0.095550
-0.094911
-0.095552
-0.095373
-0.095288
-0.095933
-0.095141
-0.095978
-0.095780
-0.095026
-0.095071
-0.091924
-0.090424
-0.086613
-0.092377
-0.094395
-0.092157
-0.086745
-0.093870
-0.095836
-0.096551
-0.096057
-0.095910
-0.096481
-0.095880
-0.096441
-0.096094
-0.096161
-0.096392
-0.096055
-0.096202
-0.096318
-0.096489
-0.096274
-0.096001
-0.096483
-0.096270
-0.096323
-0.096500
-0.096183
-0.096568
-0.096266
-0.096387
-0.096483
-0.096204
-0.096607
-0.096163
-0.096532
-0.095648
-0.096422
-0.094366
-0.096649
-0.096413
-0.096009
-0.094404
-0.096543
-0.096428
-0.096425
-0.096810
-0.096347
-0.096626
-0.096519
-0.096385
-0.096802
-0.096198
-0.096693
-0.095914
-0.096745
-0.096240
-0.096354
-0.096159
-0.097038
-0.096138
-0.096762
-0.096392
-0.096534
-0.096608
-0.096411
0.216824
1.487054
0.340227
-0.036048
-0.037599
-0.016534
-0.060211
-0.064803
-0.070756
-0.074479
-0.076668
-0.079170
-0.080485
-0.081804
-0.082978
-0.084047
-0.085471
-0.085217
-0.086178
-0.086891
-0.087539
-0.088074
-0.088292
-0.088905
-0.088978
-0.089594
-0.089712
-0.090181
-0.090645
-0.090676
-0.092451
-0.092123
-0.088571
-0.085743
-0.085857
-0.072354
-0.068991
-0.090966
-0.069759
-0.079410
-0.090948
-0.092745
-0.093471
-0.091410
-0.092237
-0.092065
-0.092420
-0.092505
-0.092669
-0.092954
-0.092975
-0.092364
-0.092596
-0.092650
-0.093268
-0.093122
-0.092447
-0.093004
-0.093316
-0.093416
-0.093459
-0.093532
-0.093541
-0.093701
-0.093617
-0.093856
-0.093812
-0.093854
-0.094178
-0.095203
-0.095709
-0.093126
-0.089638
-0.088342
-0.093739
-0.093593
-0.090348
-0.092404
-0.092822
-0.093874
-0.093643
-0.093718
-0.093779
-0.093794
-0.093623
-0.093742
-0.093688
-0.094101
-0.094720
-0.093906
-0.090293
-0.095368
-0.094713
-0.093985
-0.093586
-0.093880
-0.093792
-0.094094
-0.094006
-0.094047
