-1.936394
1.837152
0.600303
-9.645907
-0.103637
-0.103621
0.045707
0.520103
2.713610
-0.945943
-0.103625
-0.103612
1.921947
1.013862
4.039082
-1.076047
-0.103634
-0.103632
-0.389375
1.342559
3.084321
-3.373122
-0.103632
-0.103631
0.056838
3.393231
6.936153
-5.805271
-0.103631
-0.103633
-0.118639
2.094516
6.516079
-4.555733
-0.103628
-0.103626
12.036760
-0.101669
12.040719
12.033647
-0.103631
-0.103634
7.819625
2.708588
13.660511
4.372095
-0.103629
-0.103633
1.727665
0.574283
0.792458
0.516749
0.171348
0.102278
-0.001291
-0.032195
0.009443
0.007855
0.033776
0.019659
-0.003997
-0.024785
-0.066981
-0.067825
-0.073548
-0.076684
-0.077396
-0.089959
-0.087620
-0.088234
-0.077967
-0.063326
-0.072039
-0.069570
-0.068265
-0.076229
-0.072468
-0.084200
-0.094055
-0.095690
-0.095262
-0.092740
-0.096347
-0.096338
-0.093835
-0.093005
-0.084424
-0.081522
-0.082246
-0.088021
-0.094103
-0.097338
-0.099631
-0.098553
-0.095047
-0.093425
-0.089201
-0.088638
-0.095840
-0.101699
-0.098987
-0.091857
-0.091769
-0.097684
-0.098608
-0.099302
-0.100547
-0.099097
-0.098164
-0.097088
-0.097328
-0.096084
-0.096137
-0.097831
-0.098807
-0.099973
-0.100231
-0.101457
-0.101220
-0.101084
-0.102243
-0.100384
-0.099490
-0.099123
-0.099310
-0.098793
-0.099326
-0.099428
-0.099726
-0.101848
-0.101626
-0.101398
-0.101298
-0.101286
-0.101728
-0.100563
-0.100485
-0.099395
-0.098640
-0.099642
-0.099859
-0.101415
-0.101316
-0.100705
-0.101179
-0.101366
-0.102540
-0.103010
0.050055
-0.070474
0.041976
0.083184
0.025396
0.092504
0.029181
0.053838
0.019622
-0.009815
-0.013797
-0.086640
-0.049906
-0.083013
-0.065874
-0.096533
-0.081534
-0.092771
-0.101012
-0.094149
-0.088224
-0.095926
-0.093523
-0.100002
-0.093099
-0.098887
-0.097195
-0.094255
-0.095443
-0.097847
-0.098427
-0.100379
-0.094211
-0.097683
-0.097681
-0.098798
-0.096387
-0.097824
-0.097770
-0.099027
-0.094109
-0.097442
-0.086263
-0.096912
-0.088585
-0.094895
-0.095339
-0.094375
-0.102709
-0.096331
-0.100091
-0.098952
-0.100937
-0.099996
-0.100746
-0.096108
-0.100596
-0.094920
-0.099651
-0.096369
-0.098730
-0.099612
-0.097762
-0.101547
-0.098420
-0.101220
-0.099702
-0.101224
-0.099563
-0.100900
-0.100864
-0.101417
-0.099718
-0.101268
-0.100285
-0.101210
-0.101035
-0.100498
-0.101277
-0.100523
-0.100400
-0.101143
-0.100792
-0.101554
-0.100721
-0.100429
-0.101724
-0.100788
-0.101929
-0.100437
-0.102047
-0.100078
-0.100686
-0.100046
-0.099080
-0.102421
-0.099096
-0.101786
-0.100376
-0.100221
1.906325
0.331515
0.251818
0.234518
0.026150
0.143137
-0.004749
0.023309
0.003486
-0.012876
0.014020
-0.004526
0.041615
-0.042091
-0.001341
-0.072758
-0.040947
-0.068196
-0.065106
-0.053455
-0.092971
-0.067871
-0.084055
-0.068112
-0.064759
-0.084796
-0.060149
-0.101612
-0.064252
-0.088476
-0.080180
-0.084474
-0.091808
-0.075042
-0.092138
-0.077697
-0.085756
-0.080699
-0.072806
-0.091233
-0.070332
-0.099808
-0.080538
-0.093806
-0.082223
-0.090790
-0.085216
-0.083424
-0.095914
-0.087520
-0.086573
-0.089534
-0.093292
-0.093998
-0.087537
-0.088644
-0.096517
-0.086951
-0.095381
-0.088376
-0.094719
-0.087478
-0.093131
-0.090212
-0.086826
-0.097563
-0.087947
-0.096252
-0.090188
-0.094454
-0.092168
-0.090513
-0.094812
-0.090759
-0.095366
-0.091584
-0.092852
-0.093873
-0.091197
-0.096012
-0.090799
-0.094989
-0.092006
-0.094025
-0.094406
-0.092142
-0.096242
-0.091179
-0.096196
-0.091599
-0.093527
-0.094529
-0.092625
-0.095257
-0.092192
-0.096423
-0.092262
-0.094907
-0.092553
-0.093091
0.185066
0.413409
0.386830
0.366171
0.240457
0.178595
0.152448
0.032620
0.018437
-0.037010
-0.044068
-0.074305
-0.070538
-0.088312
-0.071316
-0.093649
-0.081172
-0.085216
-0.088017
-0.096077
-0.089698
-0.087434
-0.092607
-0.089019
-0.098067
-0.091354
-0.098587
-0.093349
-0.097420
-0.097688
-0.098118
-0.096586
-0.093369
-0.099447
-0.098411
-0.100904
-0.096382
-0.101211
-0.098343
-0.100048
-0.098947
-0.097054
-0.093323
-0.099733
-0.088126
-0.090187
-0.091990
-0.090309
-0.094961
-0.095935
-0.098769
-0.099140
-0.101046
-0.102898
-0.097007
-0.091141
-0.096832
-0.096018
-0.095042
-0.100384
-0.097722
-0.101362
-0.101891
-0.103010
-0.101607
-0.102382
-0.101791
-0.102469
-0.101734
-0.101966
-0.101457
-0.102852
-0.101990
-0.102572
-0.101712
-0.102259
-0.102324
-0.102171
-0.102503
-0.101961
-0.102466
-0.102545
-0.102821
-0.102174
-0.102095
-0.102446
-0.102840
-0.102434
-0.102406
-0.102256
-0.102571
-0.101286
-0.103161
-0.100140
-0.100025
-0.101215
-0.100343
-0.103001
-0.100545
-0.100444
0.052311
1.912177
1.253786
0.010428
0.125351
0.068928
-0.038460
0.020174
-0.052651
0.050018
-0.021318
0.014652
-0.030815
-0.042056
-0.063906
-0.082467
-0.079318
-0.087118
-0.077443
-0.081264
-0.092925
-0.087819
-0.091106
-0.084684
-0.086572
-0.088455
-0.091292
-0.092021
-0.094471
-0.089563
-0.092854
-0.089401
-0.094146
-0.095029
-0.094850
-0.092338
-0.096780
-0.092570
-0.098075
-0.084903
-0.097248
-0.088536
-0.093480
-0.098133
-0.096972
-0.096896
-0.098930
-0.096544
-0.098106
-0.096116
-0.099917
-0.093990
-0.091920
-0.094684
-0.103301
-0.098251
-0.099900
-0.099088
-0.098944
-0.099067
-0.099934
-0.097381
-0.103021
-0.098226
-0.099895
-0.101943
-0.101137
-0.102046
-0.101460
-0.102496
-0.102306
-0.101863
-0.102224
-0.102362
-0.102741
-0.102857
-0.102743
-0.102725
-0.102728
-0.102764
-0.103526
-0.102969
-0.103250
-0.102714
-0.103122
-0.103183
-0.102605
-0.103563
-0.102194
-0.102618
-0.101575
-0.101082
-0.102588
-0.101531
-0.102845
-0.103156
-0.101518
-0.101347
-0.099993
-0.102825
-0.066130
0.828695
0.808841
0.358656
0.472828
0.083168
0.107137
0.092683
-0.025370
0.040946
-0.051592
0.007513
-0.043897
-0.037211
-0.031491
-0.069353
-0.047621
-0.069159
-0.057845
-0.071416
-0.065155
-0.072239
-0.070948
-0.072842
-0.076150
-0.074671
-0.078943
-0.076103
-0.081339
-0.077861
-0.081492
-0.080234
-0.081611
-0.084726
-0.081146
-0.086307
-0.080114
-0.088523
-0.080127
-0.088641
-0.082844
-0.085243
-0.086461
-0.081250
-0.088869
-0.079228
-0.088371
-0.078129
-0.080838
-0.091657
-0.082094
-0.088357
-0.089018
-0.090821
-0.083018
-0.097430
-0.087660
-0.092015
-0.089556
-0.089728
-0.091003
-0.088565
-0.091143
-0.088997
-0.090416
-0.090206
-0.089845
-0.091103
-0.089751
-0.091296
-0.089913
-0.091690
-0.090490
-0.091616
-0.090871
-0.091537
-0.091368
-0.091557
-0.091653
-0.091543
-0.091953
-0.091721
-0.092160
-0.091786
-0.092326
-0.091958
-0.092492
-0.092317
-0.092258
-0.093095
-0.091964
-0.093433
-0.092004
-0.093526
-0.091731
-0.091774
-0.093649
-0.090690
-0.092858
-0.091344
-3.253804
0.213370
-2.680287
-3.818827
-0.103631
-0.103634
-0.007808
0.157091
0.322211
-0.530076
-0.103633
-0.103634
-0.040743
0.223717
0.691101
-0.473324
-0.103630
-0.103634
-1.246624
1.466866
1.720879
-3.763118
-0.103631
-0.103635
-0.094266
0.572238
0.829416
-1.136906
-0.103632
-0.103636
0.551281
1.758560
3.010180
-2.469299
-0.103632
-0.103636
6.605530
1.177111
8.916407
5.170608
-0.103630
-0.103635
3.044056
-0.017379
0.014035
0.048459
-0.050688
-0.074960
-0.083677
-0.086982
-0.090178
-0.092305
-0.092843
-0.093297
-0.095405
-0.095025
-0.096060
-0.096467
-0.096359
-0.097528
-0.098096
-0.098512
-0.099256
-0.101378
-0.100567
-0.086682
-0.100229
-0.099662
-0.100260
-0.102077
-0.093620
-0.098158
-0.099104
-0.099061
-0.099356
-0.099520
-0.099669
-0.099756
-0.100020
-0.100046
-0.100184
-0.100317
-0.100258
-0.100413
-0.100423
-0.100432
-0.100454
-0.100481
-0.100375
-0.100244
-0.099722
-0.100747
-0.102417
-0.101582
-0.101371
-0.102059
-0.099050
-0.101292
-0.101729
-0.101526
-0.101467
-0.101476
-0.101483
-0.101417
-0.101459
-0.101522
-0.101479
-0.101566
-0.101534
-0.101562
-0.101613
-0.101526
-0.101698
-0.101711
-0.101766
-0.101504
-0.100601
-0.102053
-0.101817
-0.101901
-0.102109
-0.101923
-0.101028
-0.101435
-0.101584
-0.101646
-0.101675
-0.101693
-0.101720
-0.101727
-0.101711
-0.101754
-0.101740
-0.101755
-0.101765
-0.101812
-0.101826
-0.101634
-0.102042
-0.101838
-0.101922
-0.102150
-0.009096
0.033097
0.000046
-0.061073
-0.080369
-0.082442
-0.087680
-0.091820
-0.089767
-0.092000
-0.092989
-0.094899
-0.095481
-0.095732
-0.096187
-0.096653
-0.097493
-0.098316
-0.097604
-0.098922
-0.098955
-0.098643
-0.097571
-0.098210
-0.097529
-0.098723
-0.100737
-0.099472
-0.098187
-0.098911
-0.100807
-0.100792
-0.100918
-0.101040
-0.101139
-0.100999
-0.100921
-0.101178
-0.101329
-0.101402
-0.101396
-0.101285
-0.101427
-0.101605
-0.101687
-0.101704
-0.101747
-0.101896
-0.101291
-0.101027
-0.101551
-0.102154
-0.101664
-0.101427
-0.101730
-0.101747
-0.101856
-0.101961
-0.102025
-0.101928
-0.102045
-0.102040
-0.102043
-0.102057
-0.102068
-0.102112
-0.102137
-0.102126
-0.102154
-0.102114
-0.102202
-0.102198
-0.102216
-0.102236
-0.102127
-0.101940
-0.102160
-0.102517
-0.102190
-0.101999
-0.102176
-0.102368
-0.102308
-0.102329
-0.102356
-0.102312
-0.102303
-0.102292
-0.102337
-0.102355
-0.102333
-0.102336
-0.102325
-0.102340
-0.102303
-0.102273
-0.102309
-0.102369
-0.102358
-0.102207
-0.040124
0.101475
-0.034414
-0.045051
-0.076603
-0.084818
-0.087236
-0.089773
-0.089133
-0.092209
-0.094083
-0.095000
-0.093284
-0.096289
-0.095231
-0.097712
-0.097843
-0.097829
-0.097534
-0.098365
-0.098549
-0.098759
-0.098890
-0.099167
-0.097507
-0.094027
-0.096131
-0.100827
-0.102970
-0.099485
-0.100116
-0.100441
-0.100528
-0.100549
-0.100591
-0.100746
-0.100858
-0.100688
-0.100742
-0.100718
-0.100960
-0.101109
-0.101109
-0.101088
-0.101253
-0.101308
-0.101342
-0.101247
-0.100989
-0.102142
-0.102931
-0.101168
-0.100586
-0.101048
-0.101470
-0.101548
-0.101590
-0.101601
-0.101630
-0.101588
-0.101679
-0.101742
-0.101780
-0.101654
-0.101801
-0.101687
-0.101842
-0.101841
-0.101825
-0.101778
-0.101842
-0.101878
-0.101922
-0.101970
-0.101808
-0.101712
-0.101868
-0.102123
-0.102516
-0.102095
-0.101812
-0.101969
-0.102023
-0.102023
-0.102011
-0.101994
-0.102015
-0.102051
-0.102049
-0.102000
-0.102045
-0.102033
-0.102076
-0.102066
-0.102051
-0.102192
-0.102143
-0.101854
-0.101830
-0.102124
1.025208
0.923107
0.318736
-0.022366
-0.054269
-0.071560
-0.081555
-0.088055
-0.091333
-0.093667
-0.095367
-0.096582
-0.097483
-0.098326
-0.098849
-0.099453
-0.099983
-0.100368
-0.100644
-0.101057
-0.100731
-0.100500
-0.096034
-0.098242
-0.079114
-0.069757
-0.079691
-0.088924
-0.091137
-0.095883
-0.101783
-0.101374
-0.101438
-0.101756
-0.101944
-0.102117
-0.102275
-0.102404
-0.102501
-0.102617
-0.102689
-0.102774
-0.102859
-0.102956
-0.103000
-0.102976
-0.102878
-0.102589
-0.102098
-0.100026
-0.098429
-0.098921
-0.095717
-0.099231
-0.103272
-0.101663
-0.102662
-0.102922
-0.103013
-0.103086
-0.103134
-0.103186
-0.103235
-0.103282
-0.103316
-0.103360
-0.103410
-0.103455
-0.103487
-0.103488
-0.103434
-0.103241
-0.103349
-0.102899
-0.102923
-0.101402
-0.100718
-0.103046
-0.101061
-0.101607
-0.102997
-0.103001
-0.103098
-0.103179
-0.103249
-0.103299
-0.103326
-0.103354
-0.103376
-0.103400
-0.103407
-0.103412
-0.103437
-0.103468
-0.103365
-0.103132
-0.102835
-0.102503
-0.102370
-0.102399
-0.092864
0.354563
0.018734
-0.068459
-0.087766
-0.092808
-0.094532
-0.096053
-0.097091
-0.097752
-0.098395
-0.098847
-0.099177
-0.099512
-0.099800
-0.100086
-0.100281
-0.100512
-0.100653
-0.100804
-0.100977
-0.100700
-0.099108
-0.102183
-0.093186
-0.092887
-0.097037
-0.093609
-0.100181
-0.099937
-0.101437
-0.101674
-0.101681
-0.101749
-0.101818
-0.101854
-0.101911
-0.101950
-0.101988
-0.102026
-0.102066
-0.102099
-0.102120
-0.102158
-0.102171
-0.102204
-0.102242
-0.102200
-0.102029
-0.101787
-0.100615
-0.101986
-0.100364
-0.102421
-0.102947
-0.102242
-0.102450
-0.102501
-0.102521
-0.102531
-0.102542
-0.102551
-0.102562
-0.102570
-0.102581
-0.102592
-0.102601
-0.102611
-0.102614
-0.102659
-0.102707
-0.102544
-0.102645
-0.102567
-0.102940
-0.102971
-0.101700
-0.102728
-0.102094
-0.102520
-0.102705
-0.102664
-0.102687
-0.102686
-0.102694
-0.102700
-0.102702
-0.102707
-0.102709
-0.102712
-0.102714
-0.102722
-0.102719
-0.102709
-0.102663
-0.102711
-0.103142
-0.102473
-0.102435
-0.103079
0.536820
1.206372
0.004005
0.003840
-0.070932
-0.080555
-0.083804
-0.086624
-0.088649
-0.090226
-0.091661
-0.092791
-0.093794
-0.094545
-0.095253
-0.095867
-0.096332
-0.096868
-0.097382
-0.097716
-0.098247
-0.099192
-0.098099
-0.087632
-0.087202
-0.072537
-0.085363
-0.079102
-0.091392
-0.097486
-0.098933
-0.099045
-0.099240
-0.099466
-0.099605
-0.099731
-0.099876
-0.099983
-0.100089
-0.100181
-0.100255
-0.100337
-0.100393
-0.100458
-0.100508
-0.100491
-0.100636
-0.100742
-0.100336
-0.098958
-0.094659
-0.101460
-0.096905
-0.100240
-0.099659
-0.101406
-0.101564
-0.101486
-0.101464
-0.101476
-0.101486
-0.101502
-0.101524
-0.101541
-0.101557
-0.101580
-0.101601
-0.101622
-0.101632
-0.101598
-0.101663
-0.101726
-0.101833
-0.101432
-0.100994
-0.101554
-0.099820
-0.102166
-0.099229
-0.101287
-0.101441
-0.101677
-0.101700
-0.101699
-0.101722
-0.101731
-0.101740
-0.101755
-0.101760
-0.101767
-0.101769
-0.101769
-0.101802
-0.101828
-0.101798
-0.101416
-0.101099
-0.103024
-0.103052
-0.101098
