-2.333330
2.787901
4.163111
-15.142769
-0.099775
-0.099736
-0.132454
0.754229
3.037335
-2.377228
-0.099763
-0.099752
2.290228
1.050847
4.680515
-0.736021
-0.099771
-0.099759
-0.119848
0.430499
1.931666
-1.687457
-0.099764
-0.099745
-0.567853
1.566062
1.246908
-5.056745
-0.099772
-0.099760
-0.359931
1.076560
2.640014
-4.323049
-0.099772
-0.099748
12.264348
-0.098496
12.266571
12.262074
-0.099766
-0.099768
7.072066
1.518688
9.175513
4.077182
-0.099767
-0.099770
2.129535
0.526381
0.507809
0.541892
0.576567
0.611450
0.592278
0.545525
0.444452
0.360698
0.296845
0.250271
0.200478
0.157282
0.132948
0.092699
0.060137
0.019591
-0.013941
-0.041815
-0.064562
-0.079701
-0.092411
-0.093140
-0.083943
-0.075314
-0.065492
-0.057113
-0.052423
-0.049609
-0.053654
-0.055450
-0.059045
-0.059916
-0.060831
-0.062941
-0.065170
-0.069842
-0.073191
-0.078733
-0.083020
-0.087334
-0.091032
-0.093892
-0.096354
-0.098003
-0.097038
-0.095189
-0.093076
-0.091367
-0.090424
-0.090564
-0.092127
-0.093719
-0.094881
-0.094532
-0.093931
-0.094013
-0.094801
-0.096102
-0.097641
-0.098946
-0.098683
-0.098161
-0.097991
-0.098075
-0.098216
-0.098364
-0.098427
-0.098363
-0.098230
-0.098084
-0.098042
-0.098208
-0.098514
-0.098754
-0.098698
-0.098457
-0.098300
-0.098302
-0.098446
-0.098601
-0.098663
-0.098603
-0.098520
-0.098482
-0.098485
-0.098503
-0.098524
-0.098537
-0.098533
-0.098517
-0.098489
-0.098469
-0.098488
-0.098551
-0.098616
-0.098627
-0.098573
-0.098508
-0.062579
-0.077268
-0.069905
-0.060590
-0.013044
0.058972
0.114124
0.171101
0.168871
0.127307
0.030495
-0.046318
-0.033369
0.014223
0.027400
0.011820
-0.024990
-0.057230
-0.082575
-0.094738
-0.095875
-0.092622
-0.092221
-0.092057
-0.091418
-0.092386
-0.093092
-0.092992
-0.088948
-0.080195
-0.071753
-0.069110
-0.074785
-0.085898
-0.096361
-0.086598
-0.077397
-0.076010
-0.080204
-0.086835
-0.092474
-0.095138
-0.095223
-0.094843
-0.094500
-0.094423
-0.094375
-0.094389
-0.094743
-0.095519
-0.097321
-0.098204
-0.095382
-0.092865
-0.092010
-0.093429
-0.095575
-0.096372
-0.094928
-0.093757
-0.093757
-0.094536
-0.095178
-0.095484
-0.095541
-0.095569
-0.095571
-0.095602
-0.095638
-0.095668
-0.095731
-0.095814
-0.095910
-0.095963
-0.095921
-0.095814
-0.095796
-0.095880
-0.095965
-0.095956
-0.095897
-0.095889
-0.095953
-0.096018
-0.096055
-0.096070
-0.096081
-0.096089
-0.096100
-0.096110
-0.096119
-0.096131
-0.096143
-0.096161
-0.096179
-0.096184
-0.096158
-0.096130
-0.096133
-0.096164
2.301179
0.234689
0.227572
0.228454
0.221543
0.199877
0.105801
0.000058
-0.044912
-0.005083
0.002505
0.011764
-0.005695
-0.027056
-0.054851
-0.086043
-0.068446
-0.048323
-0.044803
-0.055080
-0.066546
-0.075851
-0.083495
-0.087221
-0.085655
-0.081072
-0.074742
-0.068771
-0.070446
-0.079229
-0.090305
-0.089836
-0.083807
-0.079978
-0.077859
-0.079515
-0.081870
-0.087562
-0.092546
-0.087478
-0.082877
-0.082861
-0.084384
-0.086144
-0.087819
-0.089042
-0.089729
-0.089646
-0.088897
-0.087565
-0.086474
-0.087332
-0.089573
-0.090456
-0.090112
-0.089634
-0.089052
-0.089007
-0.089229
-0.089874
-0.090495
-0.090688
-0.090354
-0.090117
-0.090212
-0.090412
-0.090608
-0.090782
-0.090912
-0.090992
-0.091023
-0.091010
-0.091004
-0.091089
-0.091225
-0.091325
-0.091373
-0.091376
-0.091398
-0.091434
-0.091507
-0.091581
-0.091631
-0.091639
-0.091644
-0.091674
-0.091715
-0.091754
-0.091789
-0.091819
-0.091841
-0.091855
-0.091860
-0.091857
-0.091867
-0.091896
-0.091922
-0.091929
-0.091921
-0.091914
-0.084452
-0.066285
-0.008747
0.005281
0.025139
0.046239
0.047186
0.038878
0.016088
-0.014160
-0.041390
-0.062889
-0.070684
-0.065505
-0.057320
-0.055789
-0.058083
-0.065963
-0.075208
-0.085291
-0.090068
-0.091989
-0.091121
-0.091297
-0.092422
-0.095112
-0.094920
-0.090830
-0.087107
-0.084477
-0.084358
-0.085711
-0.088585
-0.092352
-0.097071
-0.096376
-0.093365
-0.090786
-0.089390
-0.089472
-0.090480
-0.092448
-0.093519
-0.094471
-0.094217
-0.094210
-0.094285
-0.094993
-0.095285
-0.095506
-0.094840
-0.094101
-0.093623
-0.093591
-0.093989
-0.094542
-0.095219
-0.095538
-0.095462
-0.095211
-0.094972
-0.094843
-0.094906
-0.095074
-0.095241
-0.095347
-0.095399
-0.095433
-0.095478
-0.095528
-0.095592
-0.095628
-0.095638
-0.095622
-0.095611
-0.095629
-0.095671
-0.095732
-0.095781
-0.095810
-0.095816
-0.095814
-0.095815
-0.095831
-0.095858
-0.095884
-0.095904
-0.095918
-0.095929
-0.095940
-0.095952
-0.095966
-0.095976
-0.095981
-0.095979
-0.095975
-0.095974
-0.095980
-0.095990
-0.096001
0.348351
0.507173
0.483644
0.455240
0.296192
0.103211
-0.065033
0.008626
0.025475
0.020549
0.008857
0.006800
-0.003499
-0.017092
-0.021806
-0.038039
-0.072490
-0.072751
-0.048356
-0.040483
-0.046508
-0.057271
-0.066020
-0.069232
-0.066254
-0.060548
-0.057828
-0.062126
-0.072574
-0.079616
-0.075258
-0.072293
-0.071856
-0.070621
-0.070158
-0.071244
-0.071931
-0.073767
-0.077364
-0.081485
-0.080778
-0.077379
-0.076009
-0.077213
-0.079063
-0.080663
-0.081064
-0.080438
-0.079241
-0.079144
-0.080719
-0.082484
-0.082982
-0.082716
-0.082493
-0.082493
-0.082420
-0.082525
-0.082781
-0.082973
-0.083315
-0.083956
-0.084269
-0.084212
-0.084124
-0.084224
-0.084450
-0.084676
-0.084849
-0.084947
-0.084997
-0.085064
-0.085204
-0.085382
-0.085526
-0.085589
-0.085650
-0.085717
-0.085786
-0.085860
-0.085932
-0.086010
-0.086105
-0.086177
-0.086217
-0.086247
-0.086291
-0.086345
-0.086398
-0.086442
-0.086475
-0.086495
-0.086510
-0.086537
-0.086576
-0.086607
-0.086614
-0.086617
-0.086622
-0.086625
0.146991
0.099629
0.142012
0.200150
0.205050
0.213138
0.199018
0.170724
0.109105
0.041279
-0.013892
-0.062374
-0.072790
-0.050823
-0.029898
-0.018872
-0.020410
-0.031209
-0.046148
-0.059300
-0.069604
-0.074379
-0.075659
-0.077133
-0.079314
-0.080867
-0.078574
-0.074274
-0.069345
-0.066445
-0.067339
-0.071277
-0.076376
-0.081967
-0.086694
-0.086615
-0.084187
-0.080472
-0.077594
-0.077131
-0.078325
-0.080520
-0.082462
-0.084046
-0.084464
-0.084866
-0.085324
-0.086172
-0.086473
-0.086296
-0.085506
-0.084666
-0.084226
-0.084569
-0.085371
-0.086200
-0.087066
-0.087533
-0.087598
-0.087444
-0.087161
-0.086987
-0.087055
-0.087293
-0.087553
-0.087787
-0.087950
-0.088078
-0.088204
-0.088326
-0.088442
-0.088512
-0.088550
-0.088562
-0.088593
-0.088663
-0.088766
-0.088881
-0.088980
-0.089052
-0.089095
-0.089119
-0.089140
-0.089177
-0.089229
-0.089282
-0.089333
-0.089373
-0.089407
-0.089439
-0.089470
-0.089498
-0.089519
-0.089531
-0.089535
-0.089536
-0.089544
-0.089560
-0.089579
-0.089595
-3.670115
0.337425
-2.812228
-4.179614
-0.099764
-0.099769
-0.265810
0.154593
0.305575
-0.626879
-0.099765
-0.099767
0.242526
0.032534
0.426269
-0.100076
-0.099770
-0.099765
0.112251
1.245289
2.809887
-1.566690
-0.099764
-0.099769
0.808392
0.783078
1.697448
-0.976205
-0.099768
-0.099769
-2.297953
2.245473
2.808421
-4.362836
-0.099763
-0.099768
7.891084
0.909310
8.980814
6.091664
-0.099768
-0.099770
3.465991
0.197892
-0.019115
-0.072765
-0.086908
-0.091420
-0.091230
-0.093089
-0.090840
-0.086887
-0.091562
-0.084612
-0.081080
-0.096762
-0.098563
-0.098916
-0.098802
-0.099678
-0.099033
-0.099551
-0.099599
-0.096585
-0.094154
-0.096332
-0.098022
-0.098797
-0.099284
-0.098901
-0.099223
-0.099194
-0.098971
-0.099062
-0.097701
-0.098156
-0.099574
-0.098400
-0.099436
-0.099340
-0.099672
-0.099469
-0.099530
-0.099662
-0.099611
-0.099366
-0.099329
-0.098733
-0.098713
-0.099390
-0.099380
-0.099432
-0.099470
-0.099406
-0.099484
-0.099432
-0.099421
-0.099487
-0.099457
-0.099542
-0.099497
-0.099520
-0.099499
-0.099521
-0.099520
-0.099513
-0.099537
-0.099529
-0.099541
-0.099535
-0.099503
-0.099502
-0.099518
-0.099526
-0.099524
-0.099531
-0.099530
-0.099530
-0.099537
-0.099533
-0.099545
-0.099546
-0.099546
-0.099543
-0.099545
-0.099545
-0.099546
-0.099548
-0.099549
-0.099552
-0.099550
-0.099545
-0.099546
-0.099549
-0.099550
-0.099550
-0.099551
-0.099551
-0.099551
-0.099551
-0.099550
-0.099555
0.062003
0.067153
-0.046574
-0.073518
-0.076500
-0.083626
-0.087937
-0.087919
-0.088649
-0.089366
-0.081898
-0.093923
-0.096233
-0.092422
-0.095068
-0.094939
-0.094927
-0.095914
-0.095548
-0.095994
-0.095736
-0.095665
-0.093931
-0.096556
-0.098367
-0.096798
-0.097370
-0.097033
-0.097130
-0.097497
-0.097282
-0.097688
-0.097315
-0.096513
-0.097268
-0.097502
-0.097889
-0.097704
-0.097951
-0.097784
-0.097916
-0.097979
-0.097970
-0.098228
-0.098218
-0.097502
-0.097912
-0.098145
-0.098115
-0.098163
-0.098203
-0.098172
-0.098263
-0.098239
-0.098318
-0.098342
-0.098358
-0.098272
-0.098301
-0.098362
-0.098362
-0.098397
-0.098405
-0.098412
-0.098441
-0.098434
-0.098476
-0.098496
-0.098479
-0.098492
-0.098503
-0.098515
-0.098522
-0.098535
-0.098540
-0.098551
-0.098559
-0.098563
-0.098569
-0.098580
-0.098584
-0.098589
-0.098596
-0.098601
-0.098605
-0.098611
-0.098613
-0.098621
-0.098625
-0.098624
-0.098627
-0.098630
-0.098633
-0.098635
-0.098637
-0.098638
-0.098640
-0.098641
-0.098641
-0.098642
0.245068
-0.043441
-0.050613
-0.071708
-0.077054
-0.081048
-0.085852
-0.086549
-0.089397
-0.090689
-0.089038
-0.088753
-0.091167
-0.093663
-0.093750
-0.094515
-0.094429
-0.094685
-0.094935
-0.094862
-0.095310
-0.095105
-0.096249
-0.096894
-0.096370
-0.096436
-0.096496
-0.096677
-0.096719
-0.096855
-0.096951
-0.096993
-0.097223
-0.096820
-0.096708
-0.097126
-0.097287
-0.097375
-0.097436
-0.097504
-0.097531
-0.097575
-0.097596
-0.097596
-0.097687
-0.097817
-0.097841
-0.097814
-0.097841
-0.097878
-0.097907
-0.097947
-0.097977
-0.098010
-0.098042
-0.098075
-0.098036
-0.098033
-0.098092
-0.098111
-0.098135
-0.098155
-0.098171
-0.098190
-0.098204
-0.098220
-0.098233
-0.098259
-0.098274
-0.098279
-0.098292
-0.098301
-0.098313
-0.098323
-0.098333
-0.098344
-0.098353
-0.098360
-0.098367
-0.098375
-0.098382
-0.098390
-0.098396
-0.098402
-0.098408
-0.098413
-0.098418
-0.098423
-0.098428
-0.098432
-0.098435
-0.098438
-0.098440
-0.098443
-0.098445
-0.098447
-0.098449
-0.098450
-0.098451
-0.098451
0.139421
0.645801
0.301013
0.143261
0.085741
0.043229
0.022533
0.005588
-0.010763
-0.014143
-0.016992
-0.021795
-0.059909
-0.044515
-0.051320
-0.053313
-0.054679
-0.059215
-0.059142
-0.062279
-0.063867
-0.061403
-0.063960
-0.071322
-0.072750
-0.070493
-0.073215
-0.073095
-0.074088
-0.075483
-0.075133
-0.077264
-0.077319
-0.075981
-0.075020
-0.079593
-0.079604
-0.079577
-0.080704
-0.080452
-0.081295
-0.081661
-0.081630
-0.082927
-0.082211
-0.082572
-0.082490
-0.083655
-0.083558
-0.083930
-0.084297
-0.084335
-0.084785
-0.084866
-0.085134
-0.085726
-0.085384
-0.085443
-0.085728
-0.086015
-0.086096
-0.086303
-0.086440
-0.086558
-0.086740
-0.086801
-0.086971
-0.087150
-0.087222
-0.087281
-0.087397
-0.087501
-0.087582
-0.087683
-0.087758
-0.087841
-0.087932
-0.087974
-0.088055
-0.088120
-0.088184
-0.088236
-0.088294
-0.088343
-0.088389
-0.088438
-0.088473
-0.088517
-0.088559
-0.088584
-0.088608
-0.088637
-0.088661
-0.088680
-0.088700
-0.088713
-0.088726
-0.088737
-0.088741
-0.088751
0.819249
0.431962
0.103403
0.029110
-0.003006
-0.024577
-0.036754
-0.045707
-0.054553
-0.058531
-0.067532
-0.040803
-0.059367
-0.067173
-0.071483
-0.072962
-0.074542
-0.076819
-0.077448
-0.078922
-0.080497
-0.079575
-0.083305
-0.085617
-0.082647
-0.083342
-0.084572
-0.084742
-0.085345
-0.086087
-0.086149
-0.086948
-0.087820
-0.087566
-0.085804
-0.088477
-0.088121
-0.088443
-0.088899
-0.088912
-0.089277
-0.089522
-0.089499
-0.089920
-0.089729
-0.091320
-0.090650
-0.090896
-0.090848
-0.091039
-0.091191
-0.091246
-0.091437
-0.091531
-0.091591
-0.091936
-0.091651
-0.091861
-0.092047
-0.092150
-0.092210
-0.092313
-0.092389
-0.092454
-0.092543
-0.092596
-0.092646
-0.092753
-0.092839
-0.092865
-0.092928
-0.092981
-0.093027
-0.093080
-0.093124
-0.093166
-0.093217
-0.093241
-0.093286
-0.093315
-0.093355
-0.093385
-0.093417
-0.093444
-0.093470
-0.093496
-0.093517
-0.093535
-0.093561
-0.093581
-0.093593
-0.093609
-0.093621
-0.093632
-0.093643
-0.093651
-0.093657
-0.093663
-0.093666
-0.093669
2.125844
1.299328
0.450719
0.250623
0.160397
0.106156
0.071177
0.046479
0.025917
0.008862
-0.017055
0.062612
0.018513
-0.022993
-0.024649
-0.028773
-0.033249
-0.037401
-0.040483
-0.043185
-0.046418
-0.043758
-0.057818
-0.062817
-0.052644
-0.056998
-0.058733
-0.059977
-0.061423
-0.062869
-0.063921
-0.064987
-0.068055
-0.066571
-0.061945
-0.068593
-0.068759
-0.069754
-0.070464
-0.071012
-0.071671
-0.072312
-0.072664
-0.072767
-0.072715
-0.077463
-0.075591
-0.075561
-0.075916
-0.076355
-0.076710
-0.077025
-0.077389
-0.077752
-0.078006
-0.078754
-0.077976
-0.078515
-0.079086
-0.079289
-0.079523
-0.079762
-0.079977
-0.080175
-0.080374
-0.080567
-0.080661
-0.080953
-0.081218
-0.081271
-0.081428
-0.081566
-0.081701
-0.081833
-0.081957
-0.082073
-0.082201
-0.082277
-0.082386
-0.082466
-0.082572
-0.082658
-0.082739
-0.082814
-0.082884
-0.082950
-0.083012
-0.083056
-0.083127
-0.083187
-0.083214
-0.083254
-0.083288
-0.083319
-0.083345
-0.083368
-0.083386
-0.083400
-0.083413
-0.083416
