-1.911371
1.662113
0.328138
-9.192239
-0.103244
-0.103225
-0.127472
0.310315
1.387822
-1.751713
-0.103234
-0.103226
1.984979
0.924445
4.389257
0.035144
-0.103240
-0.103240
-0.273752
1.089452
2.070859
-2.657195
-0.103239
-0.103239
0.004808
3.602699
8.123139
-5.890454
-0.103237
-0.103239
-0.045232
1.339512
3.375592
-2.518544
-0.103236
-0.103238
12.617124
-0.100481
12.623693
12.613881
-0.103235
-0.103237
7.668990
2.535749
13.014365
3.673434
-0.103236
-0.103240
1.717342
0.591050
0.679602
0.277747
0.176907
0.085856
0.105660
0.054392
0.013161
0.076456
0.040627
0.028329
-0.030465
-0.015295
-0.025212
-0.054780
-0.047127
-0.080741
-0.074338
-0.087645
-0.089863
-0.060477
-0.090362
-0.035075
-0.076207
-0.048991
-0.076781
-0.048885
-0.085643
-0.068369
-0.085322
-0.085894
-0.084924
-0.087083
-0.077969
-0.075987
-0.090310
-0.079557
-0.083528
-0.064746
-0.092675
-0.070957
-0.091214
-0.085305
-0.083018
-0.091092
-0.077457
-0.098823
-0.075442
-0.089276
-0.089608
-0.089158
-0.082212
-0.092741
-0.087369
-0.091517
-0.080896
-0.097343
-0.085531
-0.086099
-0.095644
-0.084287
-0.095248
-0.083193
-0.098495
-0.086799
-0.092941
-0.088952
-0.093523
-0.091222
-0.089831
-0.093367
-0.088355
-0.092853
-0.089445
-0.092340
-0.088686
-0.090113
-0.091335
-0.090880
-0.093089
-0.091221
-0.092458
-0.092573
-0.090306
-0.094590
-0.089962
-0.095065
-0.087616
-0.098070
-0.088081
-0.094959
-0.091361
-0.092256
-0.094962
-0.088883
-0.096157
-0.089992
-0.094378
-0.091444
-0.055223
-0.051254
0.004359
0.043675
-0.034081
0.011652
0.016578
-0.066410
-0.013683
-0.085266
-0.046257
-0.060071
-0.052066
-0.076882
-0.053865
-0.077095
-0.055365
-0.063356
-0.062183
-0.069203
-0.065147
-0.072152
-0.059811
-0.077648
-0.069356
-0.070734
-0.071221
-0.070409
-0.075689
-0.070315
-0.070399
-0.070808
-0.075795
-0.071503
-0.072688
-0.071773
-0.075011
-0.074753
-0.072933
-0.078789
-0.073151
-0.078590
-0.074786
-0.078858
-0.075547
-0.075276
-0.080506
-0.076169
-0.081841
-0.079256
-0.080924
-0.081432
-0.080271
-0.079407
-0.082460
-0.077714
-0.082944
-0.079514
-0.083240
-0.081500
-0.081448
-0.084116
-0.081703
-0.082669
-0.083764
-0.082071
-0.083981
-0.082808
-0.084981
-0.083713
-0.084243
-0.083331
-0.085645
-0.083795
-0.085229
-0.084311
-0.084722
-0.085676
-0.084152
-0.085721
-0.084754
-0.086038
-0.085133
-0.085879
-0.085036
-0.086552
-0.085564
-0.086166
-0.086140
-0.085489
-0.086713
-0.085496
-0.086231
-0.086472
-0.085640
-0.087265
-0.085486
-0.087084
-0.085557
-0.086033
1.976726
0.439959
0.132936
0.113135
-0.025821
0.080444
-0.057386
-0.018052
-0.091250
0.018036
-0.008282
0.036730
-0.020694
-0.030978
-0.047935
-0.041655
-0.055105
-0.084153
-0.069111
-0.101493
-0.057248
-0.080752
-0.054303
-0.065388
-0.063052
-0.070968
-0.071593
-0.065079
-0.084262
-0.072987
-0.090165
-0.079988
-0.100207
-0.083665
-0.090094
-0.089514
-0.087103
-0.087701
-0.078584
-0.087160
-0.077850
-0.101756
-0.090712
-0.099052
-0.091808
-0.099610
-0.091314
-0.096639
-0.094100
-0.098746
-0.093736
-0.093231
-0.097513
-0.099807
-0.091541
-0.097231
-0.095944
-0.098507
-0.094747
-0.101687
-0.090841
-0.098010
-0.092646
-0.098500
-0.092609
-0.095036
-0.097723
-0.095961
-0.098305
-0.095754
-0.100051
-0.094477
-0.099359
-0.094230
-0.096896
-0.095900
-0.095883
-0.097665
-0.095259
-0.098650
-0.094635
-0.100252
-0.096437
-0.098888
-0.097502
-0.097816
-0.097755
-0.096268
-0.098416
-0.094297
-0.100505
-0.095763
-0.099814
-0.096325
-0.099218
-0.097236
-0.099179
-0.097141
-0.099017
-0.098014
0.069923
0.383750
0.288109
0.325014
0.129148
0.101972
0.037159
-0.076469
-0.044938
-0.067145
-0.083127
-0.066209
-0.083447
-0.069302
-0.059343
-0.077280
-0.067781
-0.085032
-0.070111
-0.092167
-0.076814
-0.091158
-0.076820
-0.093154
-0.081099
-0.092222
-0.081827
-0.093544
-0.085446
-0.097642
-0.090750
-0.095308
-0.089562
-0.099810
-0.092889
-0.098242
-0.092574
-0.099225
-0.094585
-0.101986
-0.096718
-0.096991
-0.101310
-0.097080
-0.093712
-0.098080
-0.091692
-0.096213
-0.101195
-0.101659
-0.100383
-0.096351
-0.095897
-0.097947
-0.097631
-0.098762
-0.100895
-0.099416
-0.102466
-0.100484
-0.100858
-0.102516
-0.100781
-0.099763
-0.101645
-0.099391
-0.102969
-0.100694
-0.102437
-0.100715
-0.102466
-0.100489
-0.102458
-0.100946
-0.102155
-0.100640
-0.101729
-0.100657
-0.102405
-0.101585
-0.101936
-0.101322
-0.102081
-0.101651
-0.102075
-0.101444
-0.102132
-0.101403
-0.102372
-0.101880
-0.102755
-0.102799
-0.102399
-0.102177
-0.101875
-0.101334
-0.102026
-0.101135
-0.102636
-0.102662
-0.011152
2.075331
1.117513
0.350096
0.215051
0.211028
0.142717
-0.023363
0.108680
0.043703
0.051898
0.044809
-0.052156
-0.031683
-0.048370
-0.024189
-0.089316
-0.056308
-0.079447
-0.053994
-0.083123
-0.064707
-0.078766
-0.078611
-0.076391
-0.082224
-0.082105
-0.079726
-0.084429
-0.086674
-0.079235
-0.094475
-0.081304
-0.090098
-0.083608
-0.087752
-0.088441
-0.089310
-0.082137
-0.081421
-0.090046
-0.078987
-0.095504
-0.091180
-0.088197
-0.094103
-0.088721
-0.091616
-0.084751
-0.094324
-0.092221
-0.087611
-0.097870
-0.093998
-0.090507
-0.093737
-0.093321
-0.092019
-0.097286
-0.092767
-0.093940
-0.094881
-0.095054
-0.094215
-0.092403
-0.097723
-0.094491
-0.096106
-0.095241
-0.097071
-0.094999
-0.097401
-0.095684
-0.096253
-0.096790
-0.096056
-0.096384
-0.097014
-0.096356
-0.096361
-0.097507
-0.095525
-0.097650
-0.096292
-0.097317
-0.096621
-0.097599
-0.096092
-0.097228
-0.096828
-0.095713
-0.098149
-0.096709
-0.097519
-0.096622
-0.096798
-0.096268
-0.095005
-0.096895
-0.096933
-0.058370
0.635498
0.500655
0.090188
0.135175
-0.023156
-0.028438
-0.053260
0.010092
-0.084281
-0.037667
-0.068661
-0.071824
-0.067809
-0.077651
-0.070040
-0.082668
-0.075210
-0.081406
-0.081637
-0.085105
-0.079790
-0.087432
-0.083526
-0.084784
-0.087194
-0.086513
-0.086445
-0.088796
-0.087984
-0.087814
-0.090984
-0.088227
-0.090665
-0.092108
-0.089486
-0.090352
-0.093193
-0.090428
-0.091752
-0.094318
-0.089454
-0.095749
-0.090586
-0.092927
-0.090915
-0.096912
-0.088304
-0.096252
-0.093310
-0.093532
-0.090430
-0.097816
-0.091776
-0.095401
-0.093776
-0.096864
-0.092197
-0.096175
-0.094762
-0.095618
-0.094796
-0.096103
-0.095339
-0.095370
-0.096277
-0.095337
-0.095698
-0.096210
-0.095610
-0.095773
-0.096412
-0.095687
-0.096013
-0.096317
-0.095972
-0.096224
-0.096457
-0.096097
-0.096338
-0.096579
-0.096103
-0.096525
-0.096615
-0.096127
-0.096469
-0.096678
-0.096107
-0.096563
-0.096862
-0.096036
-0.097066
-0.096276
-0.097171
-0.095948
-0.097750
-0.095663
-0.097471
-0.096108
-0.097732
-3.414151
0.360369
-2.458272
-4.119582
-0.103236
-0.103241
0.044055
0.060237
0.340661
-0.252116
-0.103238
-0.103241
-0.007922
0.255856
0.589562
-0.487491
-0.103238
-0.103243
-1.206646
1.082530
1.078038
-3.404675
-0.103239
-0.103240
-0.254440
0.751035
0.660049
-1.777109
-0.103240
-0.103242
0.748644
2.830447
4.235824
-3.944715
-0.103239
-0.103242
7.021052
0.625075
8.502428
6.124343
-0.103236
-0.103240
3.204777
0.041434
0.138200
0.041149
-0.063876
-0.069649
-0.075240
-0.079516
-0.083608
-0.086136
-0.086102
-0.087144
-0.090293
-0.092176
-0.090955
-0.092253
-0.093512
-0.094960
-0.094641
-0.094988
-0.095716
-0.097594
-0.091685
-0.084311
-0.099040
-0.099977
-0.097716
-0.095083
-0.089052
-0.097964
-0.098574
-0.098535
-0.098562
-0.098774
-0.099246
-0.098877
-0.098940
-0.099218
-0.099758
-0.099344
-0.099431
-0.099562
-0.099965
-0.099781
-0.099826
-0.099992
-0.100341
-0.099819
-0.097102
-0.102663
-0.100321
-0.100285
-0.102469
-0.097934
-0.100214
-0.100642
-0.100464
-0.100434
-0.100478
-0.100629
-0.100499
-0.100519
-0.100548
-0.100741
-0.100612
-0.100599
-0.100635
-0.100772
-0.100710
-0.100717
-0.100759
-0.100693
-0.100873
-0.099640
-0.101673
-0.100957
-0.101065
-0.101503
-0.100321
-0.100615
-0.100992
-0.100887
-0.100892
-0.100900
-0.100940
-0.100905
-0.100916
-0.100902
-0.100955
-0.100935
-0.100918
-0.100931
-0.100963
-0.100955
-0.100941
-0.100971
-0.100678
-0.101146
-0.100742
-0.101312
0.043438
-0.070241
0.001033
-0.073592
-0.100836
-0.094836
-0.098049
-0.095041
-0.097218
-0.099158
-0.097656
-0.099074
-0.100766
-0.100934
-0.100204
-0.100678
-0.101194
-0.100742
-0.101149
-0.101560
-0.101128
-0.101578
-0.100857
-0.096214
-0.100148
-0.101885
-0.101965
-0.098128
-0.099883
-0.102209
-0.101528
-0.101679
-0.101451
-0.101834
-0.101934
-0.101771
-0.102104
-0.102243
-0.102265
-0.102247
-0.102308
-0.102133
-0.102181
-0.102251
-0.102116
-0.102150
-0.102157
-0.102413
-0.101467
-0.101710
-0.102341
-0.102363
-0.101906
-0.101689
-0.102459
-0.102333
-0.102345
-0.102364
-0.102451
-0.102435
-0.102441
-0.102525
-0.102512
-0.102533
-0.102539
-0.102509
-0.102437
-0.102496
-0.102489
-0.102428
-0.102516
-0.102479
-0.102641
-0.102412
-0.102147
-0.102602
-0.102562
-0.102599
-0.102164
-0.102592
-0.102624
-0.102576
-0.102609
-0.102599
-0.102585
-0.102607
-0.102610
-0.102599
-0.102612
-0.102608
-0.102593
-0.102572
-0.102599
-0.102603
-0.102582
-0.102676
-0.102610
-0.102482
-0.102659
-0.102424
-0.006328
0.143335
-0.076501
-0.061419
-0.083516
-0.088555
-0.094338
-0.096690
-0.098195
-0.098036
-0.099014
-0.099174
-0.100072
-0.101193
-0.100328
-0.100722
-0.099739
-0.101230
-0.101059
-0.100171
-0.101165
-0.101622
-0.102177
-0.100203
-0.097000
-0.098633
-0.096042
-0.099262
-0.098413
-0.100500
-0.100904
-0.101606
-0.101326
-0.101527
-0.101650
-0.101519
-0.101632
-0.101740
-0.101969
-0.101812
-0.101837
-0.101735
-0.102005
-0.101969
-0.101866
-0.102224
-0.102124
-0.102237
-0.101478
-0.101487
-0.100928
-0.101003
-0.101667
-0.101748
-0.102367
-0.102285
-0.102364
-0.102178
-0.102265
-0.102313
-0.102214
-0.102291
-0.102304
-0.102380
-0.102330
-0.102321
-0.102318
-0.102364
-0.102364
-0.102337
-0.102400
-0.102275
-0.102257
-0.102037
-0.102163
-0.102164
-0.102272
-0.102854
-0.102711
-0.102631
-0.102516
-0.102512
-0.102467
-0.102507
-0.102533
-0.102482
-0.102536
-0.102526
-0.102549
-0.102541
-0.102516
-0.102532
-0.102513
-0.102520
-0.102493
-0.102471
-0.102421
-0.102523
-0.102679
-0.102642
0.988468
0.439871
0.525061
-0.030404
-0.025540
-0.059934
-0.065524
-0.072321
-0.076459
-0.080007
-0.082383
-0.084364
-0.085930
-0.087218
-0.088315
-0.089186
-0.089952
-0.090397
-0.090960
-0.091161
-0.091964
-0.089584
-0.093251
-0.067234
-0.084330
-0.095525
-0.086769
-0.076327
-0.093428
-0.097076
-0.098736
-0.098599
-0.098553
-0.098550
-0.098608
-0.098662
-0.098729
-0.098798
-0.098860
-0.098937
-0.099001
-0.099067
-0.099110
-0.099188
-0.099233
-0.099398
-0.099102
-0.099512
-0.095555
-0.099397
-0.101637
-0.101398
-0.100490
-0.096533
-0.099810
-0.099735
-0.099969
-0.099948
-0.099998
-0.100034
-0.100084
-0.100124
-0.100164
-0.100199
-0.100239
-0.100275
-0.100312
-0.100351
-0.100394
-0.100440
-0.100497
-0.100466
-0.100678
-0.099924
-0.101000
-0.100183
-0.101317
-0.100252
-0.098342
-0.100237
-0.100047
-0.100266
-0.100275
-0.100323
-0.100350
-0.100382
-0.100402
-0.100421
-0.100435
-0.100449
-0.100461
-0.100468
-0.100477
-0.100476
-0.100491
-0.100402
-0.100480
-0.100098
-0.100085
-0.100392
0.043915
0.470863
0.079178
-0.072777
-0.096007
-0.096759
-0.100040
-0.100927
-0.101624
-0.101980
-0.102172
-0.102361
-0.102638
-0.102624
-0.102848
-0.102887
-0.102918
-0.102942
-0.103054
-0.103088
-0.102882
-0.103074
-0.102135
-0.094414
-0.085225
-0.098206
-0.090743
-0.091875
-0.099739
-0.102230
-0.102298
-0.102637
-0.102709
-0.102782
-0.102814
-0.102841
-0.102872
-0.102912
-0.102908
-0.102943
-0.102944
-0.102948
-0.102957
-0.102972
-0.102969
-0.102984
-0.102876
-0.102923
-0.101697
-0.099403
-0.101069
-0.101178
-0.099819
-0.102037
-0.103027
-0.102983
-0.103064
-0.103058
-0.103065
-0.103066
-0.103065
-0.103070
-0.103074
-0.103069
-0.103077
-0.103070
-0.103069
-0.103066
-0.103067
-0.103055
-0.103048
-0.102976
-0.102975
-0.102741
-0.101958
-0.102054
-0.102804
-0.101608
-0.102618
-0.103173
-0.103152
-0.103166
-0.103153
-0.103148
-0.103147
-0.103140
-0.103140
-0.103139
-0.103137
-0.103138
-0.103133
-0.103133
-0.103130
-0.103130
-0.103119
-0.103115
-0.103041
-0.102903
-0.102595
-0.102845
0.729866
1.936874
0.250407
-0.064753
-0.050918
-0.047557
-0.055297
-0.061097
-0.065768
-0.069482
-0.072659
-0.075096
-0.077277
-0.079052
-0.080562
-0.081963
-0.082997
-0.083999
-0.084728
-0.085415
-0.085752
-0.087169
-0.088051
-0.068101
-0.046026
-0.092052
-0.057343
-0.089912
-0.093483
-0.098925
-0.096221
-0.095711
-0.095602
-0.095542
-0.095591
-0.095656
-0.095743
-0.095840
-0.095935
-0.096047
-0.096166
-0.096258
-0.096368
-0.096443
-0.096545
-0.096589
-0.096750
-0.097214
-0.094450
-0.092110
-0.097936
-0.098527
-0.092841
-0.095401
-0.097787
-0.097539
-0.097570
-0.097684
-0.097757
-0.097842
-0.097908
-0.097980
-0.098040
-0.098101
-0.098167
-0.098229
-0.098293
-0.098359
-0.098428
-0.098518
-0.098642
-0.098800
-0.099158
-0.099356
-0.098489
-0.096223
-0.100172
-0.094489
-0.096845
-0.098352
-0.098342
-0.098343
-0.098409
-0.098451
-0.098494
-0.098524
-0.098556
-0.098580
-0.098604
-0.098628
-0.098647
-0.098670
-0.098690
-0.098716
-0.098746
-0.098857
-0.098954
-0.098446
-0.097278
-0.098533
