-2.276104
3.393860
1.923694
-19.730905
-0.090312
-0.090263
-0.063643
1.479192
6.573240
-5.354355
-0.090300
-0.090280
1.891265
1.113986
5.036720
-1.192807
-0.090304
-0.090299
0.058109
1.186833
6.149808
-1.550393
-0.090293
-0.090270
-0.782233
1.415104
1.299805
-5.156642
-0.090306
-0.090299
-0.313499
1.072937
3.011940
-3.208845
-0.090303
-0.090297
10.256512
-0.089561
10.257642
10.255008
-0.090303
-0.090304
6.550452
2.268755
9.425637
3.353651
-0.090302
-0.090307
2.088418
0.793645
0.691292
0.616173
0.600572
0.634836
0.685611
0.691888
0.597961
0.479478
0.399781
0.369245
0.330763
0.281796
0.218824
0.171648
0.144999
0.121555
0.079686
0.029834
-0.013527
-0.040083
-0.052745
-0.064223
-0.079679
-0.080356
-0.067273
-0.059722
-0.056601
-0.053626
-0.043701
-0.030871
-0.026460
-0.030986
-0.037686
-0.038147
-0.035551
-0.035282
-0.040882
-0.049079
-0.054547
-0.055357
-0.057264
-0.063811
-0.073480
-0.081448
-0.083034
-0.082905
-0.084835
-0.087560
-0.085369
-0.082699
-0.082043
-0.083785
-0.084707
-0.080709
-0.077637
-0.078245
-0.081794
-0.084761
-0.083598
-0.081451
-0.081511
-0.083895
-0.087376
-0.088164
-0.085760
-0.085182
-0.086511
-0.088425
-0.088590
-0.087742
-0.087468
-0.087745
-0.087967
-0.087783
-0.087584
-0.087719
-0.088180
-0.088265
-0.087758
-0.087500
-0.087765
-0.088176
-0.088259
-0.087966
-0.087773
-0.087867
-0.088057
-0.088130
-0.088046
-0.087963
-0.087979
-0.088034
-0.088061
-0.088050
-0.088033
-0.088035
-0.088044
-0.088046
-0.066358
-0.024922
-0.043634
-0.011797
0.036571
0.127547
0.219685
0.263595
0.301091
0.321804
0.299939
0.255960
0.217613
0.177286
0.146378
0.116703
0.069541
0.017980
-0.016106
-0.042494
-0.063739
-0.076587
-0.084060
-0.086673
-0.086440
-0.086803
-0.087801
-0.088569
-0.083647
-0.075616
-0.065556
-0.059876
-0.057105
-0.050980
-0.045080
-0.045636
-0.049442
-0.054146
-0.055928
-0.055589
-0.059543
-0.069333
-0.076860
-0.079492
-0.081978
-0.084757
-0.086885
-0.087954
-0.087833
-0.087853
-0.087938
-0.088496
-0.088789
-0.087536
-0.085054
-0.083427
-0.084457
-0.086065
-0.083579
-0.082000
-0.082932
-0.085825
-0.087615
-0.085713
-0.084785
-0.086394
-0.089241
-0.088854
-0.087864
-0.087802
-0.088118
-0.088391
-0.088373
-0.088305
-0.088315
-0.088359
-0.088416
-0.088441
-0.088390
-0.088241
-0.088259
-0.088559
-0.088638
-0.088361
-0.088243
-0.088378
-0.088586
-0.088572
-0.088418
-0.088388
-0.088474
-0.088531
-0.088512
-0.088477
-0.088478
-0.088500
-0.088505
-0.088502
-0.088502
-0.088503
1.898477
0.236962
0.300119
0.330912
0.264467
0.137343
0.065544
0.077970
0.039413
-0.008279
-0.028572
-0.066311
-0.074520
-0.081103
-0.064170
-0.051299
-0.042745
-0.034650
-0.050674
-0.068554
-0.055720
-0.049501
-0.059398
-0.072072
-0.079492
-0.082255
-0.078850
-0.068893
-0.062238
-0.066928
-0.082403
-0.080394
-0.072607
-0.073390
-0.074624
-0.078303
-0.081546
-0.082214
-0.083610
-0.080585
-0.078277
-0.075553
-0.076440
-0.083509
-0.086247
-0.079263
-0.078149
-0.080254
-0.082292
-0.083266
-0.083832
-0.082941
-0.080556
-0.079804
-0.082686
-0.085479
-0.083611
-0.082357
-0.082360
-0.082721
-0.083449
-0.083606
-0.083835
-0.083901
-0.083648
-0.083433
-0.083195
-0.083713
-0.084422
-0.084225
-0.083803
-0.083805
-0.084020
-0.084195
-0.084267
-0.084289
-0.084238
-0.084144
-0.084231
-0.084439
-0.084487
-0.084418
-0.084398
-0.084430
-0.084503
-0.084538
-0.084539
-0.084558
-0.084572
-0.084591
-0.084604
-0.084617
-0.084635
-0.084646
-0.084652
-0.084657
-0.084663
-0.084671
-0.084675
-0.084676
0.060793
0.163583
0.238963
0.265123
0.261398
0.217594
0.156366
0.125109
0.123669
0.112027
0.076810
0.037009
0.004134
-0.006337
-0.002862
-0.001081
-0.012487
-0.034846
-0.052445
-0.051841
-0.049944
-0.057599
-0.070506
-0.083174
-0.083972
-0.084076
-0.088134
-0.079026
-0.070751
-0.067424
-0.071755
-0.079977
-0.079232
-0.072339
-0.070260
-0.073026
-0.079315
-0.085760
-0.081935
-0.076572
-0.074603
-0.077389
-0.084059
-0.087446
-0.082193
-0.080445
-0.082016
-0.084702
-0.085976
-0.085436
-0.086321
-0.086903
-0.085092
-0.083070
-0.083046
-0.085438
-0.088313
-0.086450
-0.084374
-0.084012
-0.085023
-0.086708
-0.087277
-0.086237
-0.085267
-0.085183
-0.086040
-0.086867
-0.086673
-0.086103
-0.085982
-0.086216
-0.086445
-0.086452
-0.086432
-0.086517
-0.086557
-0.086477
-0.086387
-0.086463
-0.086639
-0.086705
-0.086617
-0.086534
-0.086557
-0.086652
-0.086716
-0.086702
-0.086665
-0.086658
-0.086691
-0.086724
-0.086731
-0.086724
-0.086721
-0.086729
-0.086739
-0.086743
-0.086743
-0.086744
0.584459
0.479555
0.330760
0.097349
0.069385
0.315077
0.327113
0.162277
-0.007769
0.059256
0.079428
0.033116
-0.060163
-0.028181
0.011239
0.000407
-0.050210
-0.057361
-0.010534
-0.009381
-0.046122
-0.066993
-0.054517
-0.054689
-0.061348
-0.063109
-0.059267
-0.059833
-0.070177
-0.067774
-0.050943
-0.050871
-0.067656
-0.074602
-0.063641
-0.060521
-0.066941
-0.072216
-0.066759
-0.063236
-0.067615
-0.076761
-0.071491
-0.064104
-0.066818
-0.073199
-0.072908
-0.071722
-0.072167
-0.073540
-0.073296
-0.072852
-0.073789
-0.076059
-0.074230
-0.071636
-0.073200
-0.076005
-0.075652
-0.074360
-0.074454
-0.075621
-0.075885
-0.075196
-0.075134
-0.076111
-0.076721
-0.076056
-0.075704
-0.076264
-0.076657
-0.076670
-0.076668
-0.076789
-0.076955
-0.077019
-0.077060
-0.077235
-0.077369
-0.077281
-0.077274
-0.077452
-0.077584
-0.077597
-0.077576
-0.077632
-0.077733
-0.077776
-0.077782
-0.077809
-0.077864
-0.077902
-0.077916
-0.077931
-0.077954
-0.077978
-0.077991
-0.077998
-0.078005
-0.078011
0.124629
0.242403
0.329546
0.292476
0.202326
0.080793
-0.021955
0.048153
0.094586
0.051773
-0.046200
-0.046897
-0.017955
-0.031866
-0.075869
-0.050064
-0.022891
-0.034266
-0.068198
-0.076919
-0.056537
-0.053168
-0.060106
-0.070356
-0.074402
-0.076092
-0.076837
-0.070629
-0.065710
-0.066686
-0.075994
-0.082874
-0.071864
-0.067395
-0.073840
-0.080400
-0.076258
-0.074182
-0.077610
-0.081673
-0.075743
-0.072797
-0.076817
-0.082268
-0.080139
-0.077073
-0.076961
-0.078554
-0.080095
-0.080353
-0.081119
-0.080914
-0.079704
-0.078858
-0.079796
-0.081887
-0.081794
-0.080049
-0.080015
-0.081374
-0.081625
-0.081115
-0.081121
-0.081822
-0.081957
-0.081325
-0.081338
-0.081945
-0.082231
-0.082038
-0.081878
-0.081957
-0.082167
-0.082281
-0.082340
-0.082410
-0.082417
-0.082394
-0.082416
-0.082543
-0.082654
-0.082634
-0.082590
-0.082650
-0.082734
-0.082763
-0.082761
-0.082778
-0.082826
-0.082849
-0.082855
-0.082870
-0.082893
-0.082913
-0.082920
-0.082925
-0.082936
-0.082944
-0.082949
-0.082951
-2.819242
0.351271
-2.192533
-3.437918
-0.090302
-0.090306
0.052818
0.091361
0.386716
-0.218580
-0.090302
-0.090305
0.073993
-0.026515
0.189255
-0.023340
-0.090301
-0.090305
0.561934
1.120116
2.741684
-0.692666
-0.090301
-0.090306
0.360577
0.192645
0.658053
-0.321715
-0.090305
-0.090303
-2.343965
0.847098
0.231536
-3.402615
-0.090299
-0.090299
6.624475
0.635601
7.575565
5.266212
-0.090303
-0.090305
2.633209
0.195855
0.003229
-0.039435
-0.058975
-0.065481
-0.068451
-0.072775
-0.075716
-0.077605
-0.079376
-0.074988
-0.073858
-0.074647
-0.076786
-0.079522
-0.080682
-0.081669
-0.082426
-0.082700
-0.083307
-0.084136
-0.084607
-0.085354
-0.082168
-0.086367
-0.084267
-0.084466
-0.084641
-0.085011
-0.085290
-0.085400
-0.085571
-0.085750
-0.085941
-0.086412
-0.086468
-0.086502
-0.086586
-0.086383
-0.086456
-0.086528
-0.086610
-0.086719
-0.086749
-0.086778
-0.086886
-0.086991
-0.087503
-0.086781
-0.087447
-0.087359
-0.087357
-0.087349
-0.087367
-0.087424
-0.087447
-0.087471
-0.087494
-0.087498
-0.087559
-0.087616
-0.087665
-0.087719
-0.087728
-0.087748
-0.087767
-0.087787
-0.087812
-0.087830
-0.087843
-0.087857
-0.087860
-0.087926
-0.087897
-0.087932
-0.087950
-0.087964
-0.087983
-0.087988
-0.088004
-0.088016
-0.088026
-0.088036
-0.088044
-0.088052
-0.088060
-0.088068
-0.088076
-0.088082
-0.088088
-0.088093
-0.088097
-0.088102
-0.088106
-0.088109
-0.088111
-0.088113
-0.088114
-0.088115
0.054838
0.036387
-0.076933
-0.079863
-0.082367
-0.083369
-0.085426
-0.085360
-0.086975
-0.086685
-0.085712
-0.086336
-0.084607
-0.081540
-0.088958
-0.087589
-0.087718
-0.088190
-0.088154
-0.088427
-0.088430
-0.088563
-0.088555
-0.088821
-0.088013
-0.088436
-0.088696
-0.089032
-0.089073
-0.089173
-0.089154
-0.089263
-0.089234
-0.089345
-0.089395
-0.089031
-0.089854
-0.089942
-0.089073
-0.089538
-0.089529
-0.089516
-0.089569
-0.089565
-0.089605
-0.089613
-0.089632
-0.089561
-0.089709
-0.089594
-0.089679
-0.089679
-0.089700
-0.089708
-0.089726
-0.089725
-0.089743
-0.089739
-0.089751
-0.089786
-0.089679
-0.089764
-0.089856
-0.089780
-0.089799
-0.089802
-0.089805
-0.089816
-0.089814
-0.089820
-0.089824
-0.089830
-0.089824
-0.089840
-0.089834
-0.089843
-0.089845
-0.089847
-0.089851
-0.089853
-0.089856
-0.089859
-0.089860
-0.089862
-0.089867
-0.089865
-0.089866
-0.089871
-0.089871
-0.089874
-0.089874
-0.089875
-0.089877
-0.089877
-0.089878
-0.089879
-0.089879
-0.089880
-0.089880
-0.089880
0.073912
-0.051776
-0.069994
-0.083242
-0.087151
-0.086508
-0.087957
-0.088027
-0.089270
-0.088021
-0.087770
-0.087026
-0.089858
-0.088473
-0.088487
-0.089924
-0.089826
-0.089954
-0.090049
-0.090068
-0.089941
-0.089848
-0.089928
-0.089221
-0.089844
-0.089607
-0.089806
-0.090095
-0.090132
-0.090099
-0.090053
-0.090053
-0.090025
-0.090106
-0.090043
-0.089807
-0.089841
-0.089892
-0.089817
-0.090075
-0.090094
-0.090045
-0.090076
-0.090075
-0.090102
-0.090092
-0.090095
-0.090152
-0.089989
-0.090071
-0.089961
-0.090070
-0.090068
-0.090080
-0.090093
-0.090091
-0.090098
-0.090092
-0.090111
-0.090126
-0.090113
-0.090105
-0.090099
-0.090087
-0.090098
-0.090108
-0.090106
-0.090109
-0.090109
-0.090113
-0.090116
-0.090115
-0.090128
-0.090121
-0.090127
-0.090120
-0.090123
-0.090125
-0.090125
-0.090127
-0.090126
-0.090128
-0.090128
-0.090129
-0.090130
-0.090131
-0.090132
-0.090132
-0.090132
-0.090133
-0.090133
-0.090133
-0.090134
-0.090134
-0.090134
-0.090134
-0.090134
-0.090134
-0.090135
-0.090135
0.580262
0.667076
0.148435
0.083269
0.041414
0.015452
-0.002154
-0.014985
-0.024528
-0.032337
-0.034278
-0.048300
-0.032144
-0.035787
-0.051534
-0.051639
-0.054960
-0.057308
-0.059320
-0.061020
-0.062503
-0.063783
-0.064792
-0.068174
-0.061209
-0.072843
-0.068826
-0.070539
-0.071276
-0.071923
-0.072542
-0.073118
-0.073684
-0.074220
-0.074911
-0.074832
-0.076244
-0.076795
-0.075897
-0.076844
-0.077001
-0.077315
-0.077610
-0.077896
-0.078166
-0.078422
-0.078652
-0.078659
-0.079895
-0.078017
-0.079684
-0.079499
-0.079708
-0.079895
-0.080028
-0.080193
-0.080321
-0.080447
-0.080555
-0.080727
-0.080687
-0.080900
-0.081149
-0.081135
-0.081255
-0.081330
-0.081417
-0.081502
-0.081574
-0.081649
-0.081721
-0.081795
-0.081818
-0.081998
-0.081935
-0.082034
-0.082082
-0.082128
-0.082192
-0.082222
-0.082272
-0.082312
-0.082351
-0.082386
-0.082424
-0.082450
-0.082479
-0.082511
-0.082535
-0.082560
-0.082579
-0.082598
-0.082617
-0.082631
-0.082645
-0.082656
-0.082665
-0.082671
-0.082676
-0.082679
0.361170
0.092499
-0.035924
-0.061123
-0.069490
-0.073696
-0.076348
-0.078021
-0.079141
-0.079602
-0.079050
-0.077696
-0.086138
-0.085251
-0.088652
-0.087181
-0.086858
-0.086786
-0.086781
-0.086823
-0.086876
-0.086953
-0.087057
-0.087150
-0.085526
-0.086343
-0.087240
-0.087369
-0.087441
-0.087496
-0.087541
-0.087582
-0.087617
-0.087653
-0.087679
-0.087586
-0.086664
-0.086786
-0.087876
-0.087946
-0.087950
-0.087965
-0.087991
-0.088020
-0.088048
-0.088075
-0.088102
-0.088145
-0.088244
-0.088014
-0.088177
-0.088209
-0.088243
-0.088277
-0.088306
-0.088339
-0.088369
-0.088399
-0.088434
-0.088484
-0.088577
-0.088487
-0.088392
-0.088459
-0.088498
-0.088526
-0.088543
-0.088556
-0.088575
-0.088592
-0.088607
-0.088619
-0.088629
-0.088657
-0.088653
-0.088666
-0.088676
-0.088685
-0.088695
-0.088701
-0.088709
-0.088717
-0.088723
-0.088729
-0.088735
-0.088745
-0.088751
-0.088752
-0.088756
-0.088760
-0.088765
-0.088769
-0.088770
-0.088772
-0.088775
-0.088776
-0.088778
-0.088779
-0.088780
-0.088780
2.168445
0.447654
0.168430
0.056415
0.016888
-0.005338
-0.019120
-0.028698
-0.035106
-0.039606
-0.039950
-0.026246
-0.067250
-0.081485
-0.068011
-0.068235
-0.068735
-0.069294
-0.069989
-0.070632
-0.071232
-0.071676
-0.071889
-0.067487
-0.070864
-0.073388
-0.079846
-0.077678
-0.077638
-0.077791
-0.078024
-0.078265
-0.078521
-0.078753
-0.079027
-0.078950
-0.075848
-0.076662
-0.080211
-0.080463
-0.080557
-0.080722
-0.080891
-0.081078
-0.081253
-0.081445
-0.081670
-0.082254
-0.081108
-0.080964
-0.080846
-0.081874
-0.082044
-0.082183
-0.082310
-0.082432
-0.082560
-0.082678
-0.082794
-0.082953
-0.083334
-0.083020
-0.082719
-0.082994
-0.083122
-0.083223
-0.083286
-0.083340
-0.083415
-0.083479
-0.083538
-0.083588
-0.083718
-0.083752
-0.083775
-0.083759
-0.083814
-0.083865
-0.083902
-0.083934
-0.083959
-0.083993
-0.084022
-0.084049
-0.084072
-0.084114
-0.084139
-0.084148
-0.084165
-0.084181
-0.084203
-0.084218
-0.084226
-0.084237
-0.084246
-0.084254
-0.084261
-0.084266
-0.084269
-0.084272
