-1.804382
2.377140
0.915751
-11.706064
-0.113185
-0.113166
-0.247793
0.376838
1.412447
-1.097974
-0.113177
-0.113175
2.250775
1.015514
5.161534
0.177499
-0.113179
-0.113181
-0.055231
0.827474
1.723813
-1.879515
-0.113180
-0.113181
0.264256
4.250075
8.382325
-6.760735
-0.113179
-0.113181
-0.170108
1.476320
2.984514
-4.345145
-0.113180
-0.113180
10.921056
-0.111057
10.925641
10.918043
-0.113178
-0.113181
7.898829
3.134148
13.392229
4.130791
-0.113177
-0.113183
1.586262
0.856079
1.036403
0.443968
0.323148
0.101532
0.063521
0.003642
0.093839
0.121482
0.086444
0.056389
0.004743
0.006328
-0.024587
-0.067986
-0.073480
-0.092290
-0.086428
-0.061577
-0.073693
-0.056931
-0.064382
-0.055106
-0.073437
-0.072563
-0.074431
-0.082248
-0.090019
-0.077706
-0.091955
-0.079484
-0.088737
-0.084759
-0.089598
-0.090619
-0.101822
-0.101875
-0.085660
-0.108796
-0.098060
-0.108163
-0.099864
-0.105551
-0.088853
-0.099144
-0.090240
-0.106585
-0.098068
-0.112917
-0.101718
-0.106695
-0.103988
-0.106042
-0.100788
-0.106547
-0.099766
-0.110064
-0.100522
-0.112490
-0.102892
-0.110499
-0.103149
-0.108132
-0.102422
-0.104560
-0.102401
-0.108540
-0.103317
-0.110306
-0.104723
-0.107409
-0.110101
-0.105899
-0.109945
-0.108230
-0.106059
-0.109598
-0.105910
-0.108375
-0.106718
-0.107306
-0.107141
-0.108428
-0.107161
-0.108749
-0.107189
-0.109428
-0.107195
-0.109019
-0.107461
-0.108705
-0.107684
-0.108557
-0.108114
-0.108467
-0.107871
-0.108920
-0.107429
-0.109621
0.017537
0.020854
0.103428
0.039810
-0.015486
-0.018476
-0.076582
-0.066991
-0.060554
-0.090519
-0.105236
-0.093290
-0.104215
-0.094976
-0.090320
-0.082179
-0.081212
-0.084278
-0.082969
-0.090353
-0.096052
-0.101766
-0.108130
-0.106697
-0.109098
-0.103704
-0.109307
-0.109165
-0.101404
-0.105303
-0.109232
-0.101726
-0.108101
-0.109113
-0.110655
-0.107681
-0.108790
-0.109550
-0.107013
-0.111796
-0.108830
-0.109722
-0.109828
-0.110248
-0.107842
-0.108252
-0.110753
-0.108911
-0.110556
-0.111985
-0.107790
-0.112300
-0.107949
-0.112887
-0.108008
-0.112148
-0.109289
-0.111061
-0.110789
-0.110102
-0.110389
-0.110709
-0.110492
-0.112050
-0.109400
-0.112536
-0.110096
-0.112466
-0.110642
-0.111031
-0.110944
-0.110549
-0.111896
-0.110865
-0.111943
-0.110816
-0.111132
-0.111236
-0.110794
-0.111857
-0.110913
-0.112038
-0.110766
-0.111655
-0.111275
-0.111201
-0.111467
-0.111194
-0.111446
-0.111404
-0.111189
-0.111620
-0.111033
-0.111728
-0.111071
-0.111669
-0.111206
-0.111490
-0.111389
-0.111268
2.236467
0.556122
0.100692
-0.029364
0.041227
0.004410
-0.000076
-0.099919
0.019878
-0.024026
0.041166
-0.028533
-0.002104
-0.059406
-0.053329
-0.088441
-0.075892
-0.105071
-0.064546
-0.096686
-0.062387
-0.087002
-0.065453
-0.071003
-0.071956
-0.069358
-0.090312
-0.082457
-0.097689
-0.100596
-0.100158
-0.098619
-0.100776
-0.095491
-0.096559
-0.104583
-0.099721
-0.095850
-0.103666
-0.102393
-0.095687
-0.106551
-0.100044
-0.101594
-0.106169
-0.097052
-0.104791
-0.099470
-0.105505
-0.103971
-0.102576
-0.105236
-0.102714
-0.101579
-0.105339
-0.098574
-0.107806
-0.098114
-0.110883
-0.098438
-0.109082
-0.101769
-0.106938
-0.103518
-0.106990
-0.104104
-0.105166
-0.105121
-0.106238
-0.104703
-0.107499
-0.104879
-0.105066
-0.107634
-0.105688
-0.105038
-0.107244
-0.105650
-0.106524
-0.106115
-0.106160
-0.105650
-0.106896
-0.105731
-0.106968
-0.105379
-0.107582
-0.104988
-0.107480
-0.105473
-0.107011
-0.105832
-0.106738
-0.106462
-0.106273
-0.106846
-0.106411
-0.106554
-0.106820
-0.106232
-0.060083
0.384000
0.155219
0.159968
0.027381
0.009729
-0.073889
-0.092255
-0.055428
-0.076406
-0.057506
-0.084647
-0.084158
-0.104075
-0.100804
-0.108825
-0.104444
-0.107717
-0.103132
-0.112158
-0.101148
-0.107299
-0.104441
-0.104400
-0.106096
-0.098596
-0.102695
-0.100957
-0.101800
-0.107822
-0.111690
-0.103015
-0.106710
-0.104832
-0.107184
-0.109918
-0.109739
-0.108551
-0.108959
-0.109653
-0.105304
-0.111940
-0.111753
-0.108261
-0.111823
-0.109271
-0.108208
-0.111222
-0.108625
-0.112357
-0.109580
-0.111681
-0.110147
-0.111238
-0.110449
-0.110452
-0.111845
-0.110360
-0.112226
-0.110298
-0.111810
-0.110072
-0.111914
-0.109759
-0.112904
-0.111138
-0.111098
-0.112362
-0.110939
-0.111778
-0.111016
-0.110385
-0.111535
-0.111757
-0.111815
-0.110616
-0.111107
-0.111705
-0.111171
-0.111979
-0.111506
-0.111338
-0.112203
-0.111178
-0.111871
-0.111412
-0.111817
-0.111463
-0.111886
-0.111526
-0.111796
-0.111595
-0.111657
-0.111778
-0.111476
-0.111781
-0.111579
-0.111694
-0.111597
-0.111691
0.227060
2.693890
0.636926
0.707590
-0.003832
0.306633
0.016372
0.134176
0.004738
0.135009
-0.024970
0.027076
-0.021720
-0.025050
-0.018840
-0.054000
-0.033172
-0.053615
-0.046095
-0.061589
-0.054941
-0.063704
-0.060019
-0.071911
-0.061063
-0.081641
-0.054713
-0.086292
-0.065939
-0.069260
-0.083149
-0.071080
-0.079344
-0.085793
-0.072620
-0.088953
-0.084987
-0.066413
-0.088054
-0.090333
-0.084654
-0.089953
-0.087289
-0.086192
-0.090045
-0.085115
-0.091131
-0.088051
-0.092081
-0.089005
-0.093218
-0.089434
-0.092979
-0.091232
-0.092997
-0.092282
-0.093094
-0.093327
-0.093270
-0.094231
-0.093452
-0.094273
-0.094251
-0.095208
-0.093253
-0.098120
-0.092183
-0.097500
-0.094601
-0.095594
-0.096201
-0.095496
-0.092893
-0.100656
-0.094393
-0.095772
-0.096627
-0.096602
-0.095922
-0.097995
-0.095360
-0.098115
-0.096567
-0.097217
-0.097217
-0.097247
-0.097191
-0.097465
-0.097300
-0.097524
-0.097512
-0.097296
-0.097766
-0.097564
-0.097683
-0.097507
-0.097754
-0.097509
-0.097832
-0.097467
-0.027865
0.846379
0.355526
0.111285
-0.049101
0.067100
-0.000520
0.001982
-0.048906
-0.022370
-0.036212
-0.050719
-0.042173
-0.055215
-0.064935
-0.061764
-0.071137
-0.067627
-0.075702
-0.074733
-0.077730
-0.079149
-0.080099
-0.082251
-0.085402
-0.084262
-0.084475
-0.088676
-0.081265
-0.090827
-0.083777
-0.092562
-0.082574
-0.088633
-0.089380
-0.090277
-0.087490
-0.085855
-0.093904
-0.089949
-0.091058
-0.091658
-0.094452
-0.091893
-0.094457
-0.093769
-0.095633
-0.094265
-0.096184
-0.095300
-0.095970
-0.096096
-0.096211
-0.096640
-0.096299
-0.096932
-0.096807
-0.097265
-0.096982
-0.097532
-0.097096
-0.097760
-0.097660
-0.097627
-0.098590
-0.097441
-0.098904
-0.098083
-0.099197
-0.098688
-0.099349
-0.098950
-0.099260
-0.100291
-0.099686
-0.099479
-0.099958
-0.099642
-0.100107
-0.099683
-0.100189
-0.099682
-0.100146
-0.100035
-0.100045
-0.100228
-0.100082
-0.100294
-0.100252
-0.100370
-0.100334
-0.100402
-0.100478
-0.100469
-0.100510
-0.100537
-0.100619
-0.100511
-0.100674
-0.100561
-3.293749
0.436732
-2.412504
-3.993483
-0.113178
-0.113184
0.397037
0.235314
0.871408
-0.114631
-0.113179
-0.113183
0.172140
0.179334
0.562656
-0.254540
-0.113180
-0.113183
0.199594
2.254563
3.265958
-3.106373
-0.113179
-0.113184
0.023481
0.748092
1.372409
-1.426206
-0.113180
-0.113182
0.351992
3.337771
4.895805
-3.862761
-0.113179
-0.113184
7.052834
0.427685
7.916337
5.838385
-0.113179
-0.113182
3.062317
0.259860
-0.080171
-0.029378
-0.076456
-0.086497
-0.095978
-0.095547
-0.096220
-0.098793
-0.100191
-0.102352
-0.104051
-0.103770
-0.104557
-0.106314
-0.095806
-0.090420
-0.110162
-0.103177
-0.106698
-0.102576
-0.107351
-0.107718
-0.107844
-0.108430
-0.108640
-0.108660
-0.108765
-0.108665
-0.108696
-0.109201
-0.109141
-0.109256
-0.106381
-0.107053
-0.109802
-0.108470
-0.111300
-0.112099
-0.110749
-0.110670
-0.110555
-0.110780
-0.110785
-0.110716
-0.110726
-0.110690
-0.110720
-0.110875
-0.110862
-0.110862
-0.110913
-0.111154
-0.109760
-0.110269
-0.111332
-0.111081
-0.111025
-0.111106
-0.111138
-0.111094
-0.111148
-0.111207
-0.111230
-0.111271
-0.111268
-0.111226
-0.111310
-0.111363
-0.111650
-0.111163
-0.110697
-0.111140
-0.110696
-0.110952
-0.111427
-0.111352
-0.111355
-0.111327
-0.111358
-0.111383
-0.111387
-0.111397
-0.111394
-0.111388
-0.111405
-0.111407
-0.111369
-0.111449
-0.111588
-0.111410
-0.111327
-0.111465
-0.111460
-0.111445
-0.111446
-0.111457
-0.111449
-0.111445
0.394737
0.131802
-0.100437
-0.096787
-0.106618
-0.105413
-0.107454
-0.107978
-0.108400
-0.107997
-0.108714
-0.109470
-0.109889
-0.110551
-0.110869
-0.110285
-0.111533
-0.103393
-0.111178
-0.106809
-0.110133
-0.112320
-0.111991
-0.112269
-0.112368
-0.112346
-0.112343
-0.112240
-0.112113
-0.112221
-0.112279
-0.112420
-0.112359
-0.112673
-0.112541
-0.112357
-0.111182
-0.111927
-0.111344
-0.112091
-0.112038
-0.112244
-0.112219
-0.112312
-0.112354
-0.112418
-0.112392
-0.112368
-0.112370
-0.112350
-0.112394
-0.112397
-0.112401
-0.112541
-0.111838
-0.112109
-0.112520
-0.112477
-0.112520
-0.112539
-0.112539
-0.112577
-0.112591
-0.112614
-0.112621
-0.112597
-0.112595
-0.112587
-0.112614
-0.112583
-0.112630
-0.112558
-0.112803
-0.112579
-0.112867
-0.112673
-0.112702
-0.112667
-0.112684
-0.112673
-0.112678
-0.112680
-0.112694
-0.112699
-0.112699
-0.112701
-0.112695
-0.112699
-0.112700
-0.112694
-0.112738
-0.112690
-0.112606
-0.112702
-0.112687
-0.112693
-0.112693
-0.112693
-0.112695
-0.112696
0.170306
0.087957
-0.077851
-0.092487
-0.101267
-0.105432
-0.106337
-0.106520
-0.107025
-0.106018
-0.108638
-0.109948
-0.108480
-0.109746
-0.109802
-0.109601
-0.112629
-0.104108
-0.110508
-0.109195
-0.107777
-0.111395
-0.110939
-0.111029
-0.111320
-0.110993
-0.111470
-0.111641
-0.111342
-0.111419
-0.111513
-0.111642
-0.111832
-0.111928
-0.111692
-0.112152
-0.110986
-0.112278
-0.110951
-0.111763
-0.111702
-0.111753
-0.111857
-0.111934
-0.111973
-0.112020
-0.111928
-0.111967
-0.112102
-0.112027
-0.112073
-0.112097
-0.112012
-0.112433
-0.111782
-0.111956
-0.112424
-0.112039
-0.112205
-0.112207
-0.112210
-0.112268
-0.112209
-0.112240
-0.112302
-0.112283
-0.112280
-0.112274
-0.112273
-0.112295
-0.112331
-0.112232
-0.112530
-0.112256
-0.112532
-0.112336
-0.112388
-0.112376
-0.112366
-0.112369
-0.112378
-0.112385
-0.112404
-0.112393
-0.112384
-0.112407
-0.112401
-0.112405
-0.112412
-0.112379
-0.112452
-0.112415
-0.112354
-0.112448
-0.112409
-0.112417
-0.112420
-0.112418
-0.112425
-0.112420
0.190758
1.531460
-0.068081
0.055198
-0.003483
-0.025677
-0.040473
-0.050189
-0.057824
-0.063779
-0.068345
-0.072177
-0.075255
-0.077510
-0.079077
-0.080531
-0.094587
-0.059212
-0.082657
-0.066920
-0.087159
-0.101584
-0.097885
-0.097191
-0.097286
-0.097625
-0.098019
-0.098417
-0.098858
-0.099289
-0.099710
-0.100211
-0.100702
-0.101499
-0.100357
-0.109795
-0.094799
-0.108241
-0.093950
-0.101051
-0.101026
-0.101609
-0.101962
-0.102274
-0.102516
-0.102734
-0.102935
-0.103105
-0.103262
-0.103397
-0.103483
-0.103415
-0.102822
-0.102907
-0.104077
-0.104356
-0.102748
-0.103902
-0.104817
-0.104983
-0.105065
-0.105144
-0.105224
-0.105303
-0.105374
-0.105443
-0.105508
-0.105557
-0.105609
-0.105631
-0.105770
-0.104906
-0.107905
-0.105231
-0.107964
-0.105827
-0.106254
-0.106231
-0.106269
-0.106303
-0.106343
-0.106378
-0.106412
-0.106446
-0.106478
-0.106510
-0.106546
-0.106590
-0.106632
-0.106575
-0.106303
-0.106642
-0.106525
-0.106597
-0.106508
-0.106566
-0.106594
-0.106609
-0.106617
-0.106622
0.014402
0.337298
0.202423
0.029249
-0.007876
-0.029357
-0.043565
-0.053713
-0.061356
-0.067159
-0.071891
-0.075821
-0.079018
-0.081888
-0.084559
-0.087450
-0.090562
-0.079207
-0.084580
-0.092456
-0.083604
-0.091001
-0.092785
-0.093866
-0.094748
-0.095513
-0.096230
-0.096864
-0.097437
-0.097985
-0.098481
-0.098945
-0.099397
-0.099893
-0.101044
-0.098636
-0.097854
-0.103182
-0.102701
-0.101095
-0.101735
-0.102035
-0.102282
-0.102506
-0.102716
-0.102921
-0.103109
-0.103290
-0.103468
-0.103631
-0.103790
-0.103948
-0.104160
-0.105121
-0.104113
-0.104324
-0.105311
-0.104434
-0.104634
-0.104780
-0.104897
-0.105000
-0.105092
-0.105183
-0.105268
-0.105347
-0.105424
-0.105498
-0.105566
-0.105629
-0.105674
-0.106118
-0.105966
-0.105188
-0.105817
-0.106205
-0.106030
-0.106061
-0.106098
-0.106135
-0.106170
-0.106202
-0.106234
-0.106263
-0.106290
-0.106315
-0.106337
-0.106355
-0.106364
-0.106311
-0.106501
-0.106493
-0.106433
-0.106548
-0.106514
-0.106512
-0.106515
-0.106519
-0.106522
-0.106524
0.381595
2.092071
0.510230
0.330923
0.223553
0.156197
0.111814
0.079627
0.055677
0.036680
0.021855
0.009577
-0.000654
-0.009262
-0.016609
-0.021758
-0.035388
-0.017997
-0.021022
-0.035594
-0.034939
-0.047662
-0.049139
-0.052112
-0.054710
-0.057057
-0.059182
-0.061112
-0.062939
-0.064564
-0.066103
-0.067506
-0.068863
-0.070063
-0.071195
-0.076919
-0.062119
-0.084237
-0.072098
-0.075963
-0.076854
-0.077617
-0.078369
-0.079056
-0.079719
-0.080336
-0.080947
-0.081515
-0.082062
-0.082589
-0.083098
-0.083614
-0.083748
-0.085471
-0.084175
-0.084666
-0.086354
-0.085426
-0.086213
-0.086478
-0.086783
-0.087077
-0.087361
-0.087633
-0.087889
-0.088143
-0.088378
-0.088606
-0.088815
-0.089022
-0.089189
-0.089050
-0.091286
-0.087537
-0.091078
-0.089975
-0.090213
-0.090367
-0.090498
-0.090625
-0.090742
-0.090854
-0.090955
-0.091054
-0.091145
-0.091229
-0.091307
-0.091380
-0.091467
-0.091438
-0.091573
-0.091772
-0.091544
-0.091835
-0.091760
-0.091802
-0.091822
-0.091838
-0.091850
-0.091857
