-2.672122
3.598799
1.907882
-16.957744
-0.092979
-0.092952
0.232629
1.401758
6.956768
-0.935683
-0.092961
-0.092937
1.973490
1.125400
4.336388
-3.606855
-0.092979
-0.092942
-0.074643
0.511087
2.549024
-1.513967
-0.092964
-0.092946
-0.982798
2.105071
1.364392
-9.160116
-0.092978
-0.092956
0.032927
0.689157
2.462193
-2.773838
-0.092967
-0.092957
11.727727
-0.092531
11.728217
11.725990
-0.092975
-0.092962
7.071482
2.099467
10.063091
3.136274
-0.092972
-0.092976
2.476859
0.960591
0.931080
0.976595
0.974744
0.873817
0.676820
0.492848
0.312021
0.135441
0.027720
0.048350
0.095174
0.118645
0.113556
0.077121
0.033766
-0.015730
-0.070725
-0.069471
-0.044399
-0.030238
-0.019331
-0.015234
-0.013420
-0.015698
-0.022528
-0.039157
-0.056646
-0.071453
-0.080313
-0.073377
-0.065658
-0.063957
-0.066407
-0.073903
-0.083561
-0.087898
-0.082934
-0.076193
-0.071993
-0.071548
-0.073027
-0.075181
-0.077870
-0.081105
-0.084286
-0.088054
-0.091979
-0.090275
-0.088222
-0.087124
-0.086927
-0.087956
-0.089586
-0.090659
-0.090409
-0.089518
-0.088999
-0.089098
-0.089519
-0.090263
-0.090982
-0.091090
-0.090782
-0.090412
-0.090075
-0.089873
-0.089760
-0.089775
-0.089923
-0.090171
-0.090362
-0.090465
-0.090428
-0.090328
-0.090256
-0.090237
-0.090290
-0.090380
-0.090453
-0.090487
-0.090472
-0.090444
-0.090447
-0.090481
-0.090546
-0.090633
-0.090686
-0.090706
-0.090704
-0.090687
-0.090665
-0.090646
-0.090634
-0.090639
-0.090669
-0.090697
-0.090719
-0.090731
0.230146
0.277056
0.309462
0.303242
0.279394
0.233635
0.206688
0.157327
0.117556
0.155859
0.144246
0.108443
0.056385
0.000140
-0.038080
-0.041048
-0.061884
-0.073224
-0.077440
-0.073020
-0.064888
-0.057623
-0.053431
-0.051492
-0.050599
-0.051990
-0.055313
-0.057913
-0.061222
-0.067288
-0.067208
-0.070624
-0.079248
-0.088867
-0.087507
-0.080858
-0.080808
-0.081380
-0.079667
-0.079852
-0.080100
-0.080607
-0.081724
-0.083576
-0.085341
-0.087111
-0.089189
-0.090989
-0.092090
-0.092083
-0.091034
-0.090628
-0.090276
-0.088962
-0.088636
-0.089050
-0.089997
-0.091178
-0.091494
-0.091623
-0.091728
-0.091592
-0.091491
-0.091322
-0.091187
-0.091123
-0.091114
-0.091162
-0.091273
-0.091411
-0.091554
-0.091680
-0.091797
-0.091854
-0.091926
-0.091988
-0.092002
-0.092022
-0.092009
-0.092032
-0.092101
-0.092199
-0.092310
-0.092371
-0.092423
-0.092478
-0.092514
-0.092547
-0.092570
-0.092588
-0.092608
-0.092633
-0.092665
-0.092705
-0.092753
-0.092801
-0.092848
-0.092887
-0.092902
-0.092922
1.982686
0.112650
0.057615
0.108202
0.136643
0.167418
0.157223
0.150448
0.163316
0.176171
0.170131
0.145029
0.116425
0.072043
0.017744
-0.025531
-0.064031
-0.072373
-0.055124
-0.051525
-0.054701
-0.055253
-0.058554
-0.061155
-0.062226
-0.062518
-0.056947
-0.045658
-0.043058
-0.047406
-0.053829
-0.066104
-0.080438
-0.091118
-0.079800
-0.070421
-0.065622
-0.064416
-0.066061
-0.071713
-0.078187
-0.080621
-0.081038
-0.081823
-0.081991
-0.082570
-0.083024
-0.084092
-0.085957
-0.086505
-0.083979
-0.081833
-0.080400
-0.080243
-0.081361
-0.083053
-0.084883
-0.086050
-0.085886
-0.085254
-0.084485
-0.084092
-0.084328
-0.084605
-0.084815
-0.084999
-0.085116
-0.085196
-0.085293
-0.085359
-0.085462
-0.085680
-0.085882
-0.086004
-0.086043
-0.085972
-0.085910
-0.085903
-0.085970
-0.086105
-0.086251
-0.086374
-0.086440
-0.086440
-0.086423
-0.086396
-0.086395
-0.086441
-0.086482
-0.086511
-0.086537
-0.086557
-0.086573
-0.086592
-0.086603
-0.086616
-0.086641
-0.086651
-0.086645
-0.086637
-0.071148
-0.001639
-0.023269
-0.007577
0.023310
0.039480
0.046843
0.054634
0.046310
0.038501
0.026238
0.010528
-0.004302
-0.022599
-0.040296
-0.056957
-0.072840
-0.080263
-0.080407
-0.075954
-0.072793
-0.071291
-0.069407
-0.068333
-0.067112
-0.067031
-0.067182
-0.068246
-0.069839
-0.073098
-0.077214
-0.081482
-0.085623
-0.087647
-0.087022
-0.084616
-0.082810
-0.081416
-0.081394
-0.082075
-0.082978
-0.084341
-0.085648
-0.086749
-0.087901
-0.088797
-0.089606
-0.089865
-0.089594
-0.089111
-0.088510
-0.087960
-0.087821
-0.087899
-0.088264
-0.088706
-0.089166
-0.089524
-0.089666
-0.089639
-0.089477
-0.089360
-0.089284
-0.089277
-0.089306
-0.089371
-0.089456
-0.089553
-0.089648
-0.089743
-0.089837
-0.089918
-0.089978
-0.090006
-0.090017
-0.090021
-0.090028
-0.090055
-0.090093
-0.090146
-0.090197
-0.090244
-0.090278
-0.090298
-0.090307
-0.090307
-0.090309
-0.090313
-0.090322
-0.090332
-0.090345
-0.090359
-0.090374
-0.090388
-0.090400
-0.090409
-0.090413
-0.090413
-0.090408
-0.090402
0.780302
0.530492
0.730882
0.660229
0.514317
0.253301
0.153478
0.143579
0.124661
0.111176
0.071198
0.026108
-0.011713
-0.047946
-0.060457
-0.063794
-0.062083
-0.071677
-0.085719
-0.067572
-0.054608
-0.058430
-0.061664
-0.067399
-0.073998
-0.084892
-0.085698
-0.085922
-0.087254
-0.084945
-0.082293
-0.078840
-0.077667
-0.078260
-0.079578
-0.082063
-0.082658
-0.082547
-0.081171
-0.081348
-0.084379
-0.083268
-0.079126
-0.077435
-0.076460
-0.076406
-0.077505
-0.080007
-0.081683
-0.081119
-0.081095
-0.081615
-0.081957
-0.082224
-0.082034
-0.081858
-0.081686
-0.081745
-0.082006
-0.082279
-0.082475
-0.082441
-0.082554
-0.082882
-0.083211
-0.083274
-0.083259
-0.083185
-0.083036
-0.083023
-0.083124
-0.083231
-0.083303
-0.083361
-0.083387
-0.083441
-0.083504
-0.083548
-0.083583
-0.083595
-0.083612
-0.083630
-0.083663
-0.083707
-0.083748
-0.083784
-0.083803
-0.083834
-0.083884
-0.083931
-0.083946
-0.083954
-0.083956
-0.083943
-0.083949
-0.083974
-0.083995
-0.084006
-0.084012
-0.084016
0.040946
0.088520
0.092047
0.111650
0.113891
0.101700
0.064901
0.040824
0.009072
-0.027296
-0.043265
-0.051298
-0.042373
-0.037126
-0.028914
-0.029090
-0.032167
-0.037086
-0.048451
-0.058983
-0.063299
-0.060382
-0.057446
-0.055614
-0.053735
-0.056632
-0.061741
-0.067151
-0.069265
-0.070743
-0.070582
-0.070290
-0.070775
-0.071568
-0.073439
-0.075049
-0.077339
-0.078336
-0.079113
-0.078809
-0.077817
-0.077955
-0.079396
-0.080963
-0.082403
-0.083191
-0.083458
-0.082735
-0.082194
-0.082407
-0.082933
-0.083283
-0.083752
-0.083872
-0.083954
-0.083894
-0.083887
-0.083925
-0.084055
-0.084277
-0.084457
-0.084667
-0.084746
-0.084738
-0.084721
-0.084800
-0.084920
-0.085073
-0.085248
-0.085380
-0.085458
-0.085506
-0.085556
-0.085613
-0.085696
-0.085787
-0.085867
-0.085942
-0.085996
-0.086044
-0.086080
-0.086119
-0.086158
-0.086199
-0.086241
-0.086277
-0.086312
-0.086333
-0.086346
-0.086358
-0.086378
-0.086401
-0.086424
-0.086448
-0.086463
-0.086468
-0.086471
-0.086476
-0.086480
-0.086484
-2.866652
0.314036
-2.312241
-3.414499
-0.092971
-0.092976
0.208525
0.019419
0.363209
0.007014
-0.092971
-0.092975
0.337422
0.016645
0.497486
0.024747
-0.092973
-0.092971
1.725183
1.419425
3.184447
-1.931458
-0.092974
-0.092972
0.528871
0.021562
0.732234
0.406001
-0.092969
-0.092974
-1.307473
0.292401
0.181236
-1.710600
-0.092966
-0.092962
5.945063
0.192313
6.407202
5.645284
-0.092970
-0.092975
2.682470
0.189018
-0.081927
-0.074280
-0.076732
-0.075577
-0.077928
-0.081505
-0.084111
-0.088613
-0.070639
-0.089034
-0.078734
-0.088913
-0.088042
-0.087776
-0.087461
-0.087883
-0.088486
-0.089220
-0.089806
-0.087680
-0.089550
-0.089881
-0.089770
-0.089650
-0.089690
-0.089862
-0.090212
-0.090463
-0.090683
-0.090417
-0.091009
-0.090171
-0.091634
-0.090533
-0.090597
-0.090734
-0.090968
-0.091179
-0.091220
-0.091182
-0.090833
-0.091641
-0.090848
-0.091604
-0.091188
-0.091279
-0.091365
-0.091459
-0.091493
-0.091473
-0.091441
-0.091342
-0.091609
-0.091455
-0.091592
-0.091569
-0.091599
-0.091623
-0.091636
-0.091641
-0.091647
-0.091655
-0.091662
-0.091701
-0.091711
-0.091708
-0.091735
-0.091736
-0.091755
-0.091756
-0.091765
-0.091775
-0.091785
-0.091797
-0.091799
-0.091809
-0.091807
-0.091825
-0.091824
-0.091835
-0.091838
-0.091844
-0.091849
-0.091853
-0.091857
-0.091860
-0.091863
-0.091866
-0.091871
-0.091874
-0.091874
-0.091878
-0.091879
-0.091881
-0.091882
-0.091881
-0.091884
-0.091883
0.210233
-0.024671
-0.070956
-0.078880
-0.080112
-0.079090
-0.081173
-0.085169
-0.086257
-0.086458
-0.086384
-0.089543
-0.088073
-0.089894
-0.089935
-0.089653
-0.089532
-0.089633
-0.090021
-0.089999
-0.089951
-0.090257
-0.090374
-0.090607
-0.090927
-0.090957
-0.090940
-0.091070
-0.091133
-0.091153
-0.091092
-0.091051
-0.091318
-0.091041
-0.091374
-0.091399
-0.091413
-0.091443
-0.091566
-0.091631
-0.091609
-0.091588
-0.091587
-0.091737
-0.091537
-0.091722
-0.091696
-0.091705
-0.091736
-0.091790
-0.091826
-0.091827
-0.091838
-0.091858
-0.091895
-0.091861
-0.091904
-0.091902
-0.091911
-0.091928
-0.091944
-0.091958
-0.091967
-0.091980
-0.091994
-0.092001
-0.092010
-0.092018
-0.092025
-0.092030
-0.092041
-0.092046
-0.092053
-0.092060
-0.092068
-0.092075
-0.092079
-0.092085
-0.092090
-0.092095
-0.092098
-0.092104
-0.092107
-0.092110
-0.092114
-0.092118
-0.092121
-0.092124
-0.092127
-0.092129
-0.092131
-0.092133
-0.092135
-0.092136
-0.092138
-0.092139
-0.092140
-0.092140
-0.092141
-0.092141
0.334229
-0.025176
-0.061244
-0.074156
-0.083044
-0.083054
-0.087223
-0.088093
-0.088009
-0.088051
-0.090370
-0.088042
-0.085202
-0.086858
-0.088256
-0.089643
-0.089609
-0.090366
-0.089798
-0.089775
-0.089886
-0.090208
-0.089921
-0.089300
-0.090198
-0.090690
-0.090926
-0.090788
-0.090824
-0.090555
-0.090631
-0.090856
-0.090827
-0.090985
-0.090757
-0.091281
-0.091378
-0.091274
-0.091187
-0.091152
-0.091114
-0.091250
-0.091461
-0.091344
-0.091477
-0.091421
-0.091566
-0.091542
-0.091478
-0.091497
-0.091511
-0.091561
-0.091631
-0.091694
-0.091633
-0.091664
-0.091682
-0.091700
-0.091703
-0.091706
-0.091736
-0.091751
-0.091775
-0.091790
-0.091799
-0.091794
-0.091805
-0.091826
-0.091832
-0.091842
-0.091850
-0.091864
-0.091870
-0.091878
-0.091884
-0.091889
-0.091896
-0.091904
-0.091914
-0.091916
-0.091922
-0.091927
-0.091932
-0.091936
-0.091939
-0.091944
-0.091948
-0.091952
-0.091956
-0.091958
-0.091959
-0.091961
-0.091965
-0.091966
-0.091968
-0.091969
-0.091971
-0.091972
-0.091972
-0.091972
1.688170
0.821678
0.313130
0.151605
0.083285
0.041683
0.013405
-0.004835
-0.015478
-0.021071
-0.030432
-0.034759
-0.001941
-0.018473
-0.031540
-0.040311
-0.046068
-0.049077
-0.050139
-0.050778
-0.052987
-0.058931
-0.053324
-0.051133
-0.056272
-0.060042
-0.062189
-0.062961
-0.062924
-0.062775
-0.063175
-0.064974
-0.068724
-0.064943
-0.067396
-0.069264
-0.069951
-0.069987
-0.069744
-0.069623
-0.069881
-0.070599
-0.071887
-0.073434
-0.071721
-0.073793
-0.074099
-0.073982
-0.073917
-0.074016
-0.074305
-0.074734
-0.075205
-0.075634
-0.075807
-0.075621
-0.076306
-0.076436
-0.076521
-0.076684
-0.076891
-0.077113
-0.077324
-0.077504
-0.077636
-0.077670
-0.077822
-0.078032
-0.078164
-0.078262
-0.078410
-0.078529
-0.078633
-0.078730
-0.078821
-0.078907
-0.078979
-0.079088
-0.079174
-0.079246
-0.079301
-0.079391
-0.079448
-0.079500
-0.079554
-0.079608
-0.079660
-0.079708
-0.079750
-0.079784
-0.079806
-0.079840
-0.079877
-0.079900
-0.079920
-0.079939
-0.079955
-0.079968
-0.079975
-0.079971
0.529044
-0.016838
-0.071018
-0.083671
-0.087222
-0.088637
-0.089478
-0.090027
-0.090119
-0.089175
-0.086832
-0.092185
-0.089189
-0.090866
-0.091712
-0.092019
-0.092146
-0.092233
-0.092311
-0.092329
-0.092101
-0.091635
-0.092817
-0.091936
-0.092361
-0.092549
-0.092619
-0.092648
-0.092671
-0.092699
-0.092709
-0.092606
-0.092519
-0.092942
-0.092487
-0.092697
-0.092757
-0.092779
-0.092791
-0.092801
-0.092813
-0.092817
-0.092770
-0.092831
-0.092891
-0.092732
-0.092829
-0.092844
-0.092851
-0.092857
-0.092862
-0.092866
-0.092866
-0.092856
-0.092925
-0.092890
-0.092861
-0.092888
-0.092891
-0.092892
-0.092895
-0.092897
-0.092898
-0.092899
-0.092899
-0.092916
-0.092906
-0.092907
-0.092913
-0.092914
-0.092912
-0.092915
-0.092916
-0.092917
-0.092918
-0.092919
-0.092922
-0.092921
-0.092922
-0.092925
-0.092925
-0.092923
-0.092925
-0.092926
-0.092927
-0.092927
-0.092928
-0.092928
-0.092929
-0.092929
-0.092931
-0.092931
-0.092930
-0.092931
-0.092931
-0.092931
-0.092931
-0.092931
-0.092932
-0.092932
1.103531
0.065083
0.054846
0.011978
-0.014203
-0.032367
-0.044900
-0.052374
-0.056262
-0.060653
-0.066699
-0.061155
-0.057309
-0.059082
-0.064041
-0.068009
-0.070617
-0.071707
-0.071728
-0.071561
-0.072277
-0.072882
-0.072388
-0.072703
-0.074927
-0.076920
-0.077960
-0.078198
-0.077994
-0.077780
-0.077906
-0.078623
-0.078847
-0.078938
-0.079490
-0.080815
-0.081365
-0.081373
-0.081189
-0.081095
-0.081254
-0.081700
-0.082332
-0.082411
-0.082470
-0.082710
-0.083110
-0.083145
-0.083128
-0.083187
-0.083357
-0.083615
-0.083899
-0.084118
-0.084130
-0.084172
-0.084277
-0.084387
-0.084453
-0.084543
-0.084659
-0.084783
-0.084898
-0.084994
-0.085058
-0.085104
-0.085171
-0.085253
-0.085316
-0.085377
-0.085443
-0.085509
-0.085565
-0.085615
-0.085660
-0.085704
-0.085752
-0.085802
-0.085848
-0.085881
-0.085915
-0.085949
-0.085981
-0.086009
-0.086037
-0.086065
-0.086092
-0.086118
-0.086140
-0.086157
-0.086171
-0.086187
-0.086202
-0.086215
-0.086226
-0.086236
-0.086245
-0.086252
-0.086254
-0.086255
