-1.834926
1.697875
0.133693
-9.761743
-0.104394
-0.104367
-0.120168
0.335858
2.321537
-0.811199
-0.104377
-0.104347
2.038160
0.811864
4.077298
-0.950375
-0.104389
-0.104386
-0.129450
0.944101
2.002762
-2.155045
-0.104387
-0.104388
0.066474
3.443067
7.472458
-5.910036
-0.104386
-0.104388
-0.126432
1.263303
3.690673
-2.713235
-0.104385
-0.104385
12.723911
-0.102680
12.727893
12.721177
-0.104384
-0.104387
7.566083
2.410048
12.663184
4.036514
-0.104384
-0.104389
1.628547
0.542262
0.669845
0.353495
0.214272
0.139406
0.116117
0.071751
0.055121
0.058578
0.040877
0.057416
0.017047
-0.035434
-0.047588
-0.054105
-0.051992
-0.082261
-0.046150
-0.061702
-0.050721
-0.079782
-0.087027
-0.075305
-0.096149
-0.082024
-0.095082
-0.081817
-0.082760
-0.092652
-0.082774
-0.092279
-0.077254
-0.090512
-0.083649
-0.096026
-0.089076
-0.087848
-0.091277
-0.072140
-0.085275
-0.079176
-0.091243
-0.096662
-0.090305
-0.100875
-0.082537
-0.094864
-0.085350
-0.086937
-0.101327
-0.098063
-0.093295
-0.097314
-0.095052
-0.097622
-0.093692
-0.091466
-0.096790
-0.088264
-0.099096
-0.093990
-0.091281
-0.103414
-0.093596
-0.102312
-0.092264
-0.099345
-0.096511
-0.096544
-0.099742
-0.095644
-0.100017
-0.097382
-0.100971
-0.097070
-0.100650
-0.097546
-0.098667
-0.100211
-0.097390
-0.101323
-0.097674
-0.100953
-0.096144
-0.099921
-0.097788
-0.098993
-0.100040
-0.095941
-0.103045
-0.093840
-0.099419
-0.098984
-0.099431
-0.099532
-0.097631
-0.103036
-0.097255
-0.098926
-0.090829
-0.044866
0.006140
0.031591
-0.009252
-0.013017
0.006881
-0.013860
-0.017144
-0.025481
-0.069267
-0.081034
-0.078812
-0.082250
-0.086178
-0.093077
-0.091852
-0.090451
-0.078563
-0.079589
-0.077853
-0.086521
-0.088950
-0.083210
-0.085371
-0.079676
-0.083941
-0.085324
-0.086250
-0.090032
-0.091842
-0.094347
-0.088372
-0.095920
-0.095594
-0.100537
-0.100987
-0.102048
-0.101445
-0.094593
-0.100970
-0.098145
-0.094799
-0.099610
-0.094359
-0.101102
-0.095724
-0.102110
-0.098936
-0.099590
-0.101100
-0.100616
-0.101108
-0.102481
-0.099897
-0.100141
-0.101928
-0.097509
-0.102972
-0.097433
-0.102179
-0.099334
-0.102079
-0.101417
-0.100135
-0.101414
-0.099887
-0.101931
-0.100981
-0.100076
-0.102242
-0.099442
-0.102257
-0.099312
-0.103234
-0.099268
-0.101579
-0.099992
-0.100276
-0.101649
-0.099498
-0.103307
-0.100447
-0.102417
-0.100410
-0.102050
-0.101731
-0.101822
-0.102289
-0.101023
-0.103219
-0.100300
-0.102118
-0.102562
-0.100966
-0.103129
-0.100444
-0.102831
-0.100985
-0.102490
2.027909
0.382151
0.086391
0.073457
-0.079978
0.070920
-0.009269
-0.037605
-0.028166
-0.026972
-0.049498
0.008695
0.027450
-0.065546
-0.024308
-0.079739
-0.030362
-0.099795
-0.045245
-0.083954
-0.058612
-0.083022
-0.066519
-0.085999
-0.076041
-0.084757
-0.080574
-0.085221
-0.081053
-0.086639
-0.081337
-0.084711
-0.084156
-0.088214
-0.078860
-0.094046
-0.075150
-0.101302
-0.074203
-0.095330
-0.080654
-0.089459
-0.088504
-0.096037
-0.088271
-0.089902
-0.094357
-0.089059
-0.091936
-0.095019
-0.092515
-0.091523
-0.095051
-0.095556
-0.098098
-0.093331
-0.097285
-0.098681
-0.096277
-0.096473
-0.100662
-0.093950
-0.096661
-0.097523
-0.095846
-0.097642
-0.095638
-0.100457
-0.095587
-0.101945
-0.096813
-0.101073
-0.097052
-0.101050
-0.097914
-0.100357
-0.098791
-0.100077
-0.099639
-0.099754
-0.100221
-0.099199
-0.101105
-0.098072
-0.101610
-0.099367
-0.100703
-0.099226
-0.099421
-0.100302
-0.097191
-0.102678
-0.099418
-0.100436
-0.098992
-0.101247
-0.099216
-0.099511
-0.100183
-0.100436
-0.072776
0.366005
0.219987
0.215767
0.096086
0.081513
0.057663
-0.027325
-0.029737
-0.091282
-0.091131
-0.055232
-0.091757
-0.099568
-0.067796
-0.095279
-0.083910
-0.094931
-0.068961
-0.094020
-0.074310
-0.099928
-0.086975
-0.093050
-0.096673
-0.094568
-0.097532
-0.097454
-0.095264
-0.100460
-0.095181
-0.102172
-0.092459
-0.100999
-0.093358
-0.101923
-0.093733
-0.103461
-0.096365
-0.096581
-0.103851
-0.096520
-0.097092
-0.102975
-0.093901
-0.097679
-0.094415
-0.096884
-0.103786
-0.100082
-0.096805
-0.099174
-0.100586
-0.102182
-0.100724
-0.095693
-0.100042
-0.099221
-0.101848
-0.099328
-0.102068
-0.099429
-0.101702
-0.101340
-0.099658
-0.102476
-0.100761
-0.100313
-0.101429
-0.100994
-0.099832
-0.101935
-0.100052
-0.101970
-0.100734
-0.101339
-0.101347
-0.101244
-0.101323
-0.101405
-0.101419
-0.101188
-0.101774
-0.101414
-0.101050
-0.101664
-0.101216
-0.101609
-0.101151
-0.101552
-0.102401
-0.100304
-0.102248
-0.101307
-0.101485
-0.102326
-0.100091
-0.102056
-0.100758
-0.102548
0.044066
1.964627
1.100690
0.319615
0.277059
0.080846
0.159388
-0.046786
0.049155
0.044311
0.033476
0.088627
-0.033443
-0.026163
-0.091169
-0.040287
-0.076483
-0.073852
-0.063111
-0.093766
-0.071969
-0.084428
-0.078568
-0.073386
-0.090423
-0.066563
-0.096719
-0.073892
-0.094310
-0.080288
-0.092487
-0.082577
-0.089827
-0.087433
-0.085260
-0.091220
-0.082350
-0.088597
-0.084188
-0.077519
-0.097781
-0.076456
-0.091952
-0.088406
-0.089079
-0.091868
-0.087263
-0.095330
-0.078445
-0.097928
-0.076289
-0.087041
-0.090517
-0.084962
-0.091936
-0.079920
-0.092466
-0.081326
-0.087922
-0.088978
-0.084010
-0.090725
-0.087753
-0.087099
-0.088439
-0.088614
-0.090765
-0.086912
-0.090782
-0.088481
-0.088856
-0.090027
-0.088228
-0.090609
-0.088838
-0.089652
-0.090090
-0.089097
-0.090132
-0.089682
-0.090337
-0.089161
-0.091155
-0.089099
-0.090163
-0.090554
-0.089670
-0.091415
-0.088807
-0.091461
-0.090170
-0.088230
-0.093301
-0.088778
-0.092932
-0.089397
-0.091177
-0.090781
-0.089363
-0.095250
-0.073353
0.563667
0.452373
0.185376
0.081159
-0.028916
0.055488
-0.087865
0.008969
-0.066032
-0.059118
-0.037455
-0.087395
-0.063696
-0.071189
-0.078380
-0.075928
-0.084422
-0.075079
-0.092969
-0.077896
-0.089062
-0.085353
-0.087548
-0.086678
-0.088687
-0.089774
-0.089304
-0.091012
-0.090629
-0.090577
-0.094707
-0.089130
-0.095787
-0.091961
-0.094901
-0.093003
-0.096681
-0.093717
-0.095166
-0.096052
-0.094784
-0.096046
-0.095728
-0.094715
-0.095779
-0.092678
-0.096558
-0.090027
-0.100614
-0.098135
-0.097670
-0.096444
-0.101787
-0.095334
-0.098696
-0.097091
-0.102844
-0.098573
-0.101700
-0.099724
-0.100947
-0.101188
-0.100160
-0.101088
-0.100747
-0.100594
-0.101021
-0.100897
-0.101381
-0.100730
-0.101685
-0.101087
-0.101634
-0.101303
-0.101920
-0.101449
-0.101805
-0.101848
-0.101646
-0.102072
-0.101756
-0.101947
-0.102291
-0.101902
-0.102207
-0.102174
-0.102377
-0.101906
-0.102890
-0.101945
-0.102770
-0.101696
-0.101913
-0.102111
-0.102269
-0.102419
-0.101437
-0.102861
-0.101006
-3.306958
0.343526
-2.490068
-4.101106
-0.104386
-0.104390
0.059309
0.068780
0.307643
-0.281493
-0.104389
-0.104389
-0.019961
0.148927
0.483031
-0.487335
-0.104388
-0.104390
-0.979684
1.403414
2.950535
-3.191353
-0.104384
-0.104385
0.062414
0.279379
0.763825
-0.672496
-0.104388
-0.104388
0.461062
2.617933
3.742602
-3.868487
-0.104388
-0.104391
7.126337
0.990102
9.085436
5.727969
-0.104385
-0.104390
3.094508
-0.056348
0.183654
-0.038180
-0.055094
-0.063921
-0.072032
-0.076415
-0.079320
-0.080360
-0.085893
-0.085490
-0.087979
-0.089066
-0.090370
-0.093006
-0.091963
-0.091582
-0.093855
-0.093661
-0.093548
-0.093103
-0.097671
-0.086992
-0.097692
-0.093449
-0.093931
-0.092850
-0.089465
-0.098866
-0.095603
-0.098199
-0.098332
-0.098461
-0.098428
-0.099305
-0.099032
-0.098890
-0.099162
-0.099317
-0.099349
-0.099302
-0.099307
-0.099815
-0.099618
-0.099751
-0.099913
-0.100363
-0.099605
-0.099949
-0.100007
-0.099702
-0.099636
-0.098745
-0.102839
-0.099888
-0.100935
-0.100762
-0.100764
-0.100796
-0.100878
-0.100828
-0.100787
-0.100971
-0.100949
-0.100992
-0.101058
-0.100996
-0.101268
-0.101094
-0.101245
-0.101340
-0.101479
-0.101381
-0.101247
-0.102162
-0.100295
-0.101495
-0.101660
-0.102071
-0.101098
-0.101459
-0.101608
-0.101479
-0.101492
-0.101508
-0.101579
-0.101515
-0.101568
-0.101604
-0.101619
-0.101609
-0.101526
-0.101777
-0.101315
-0.101725
-0.101660
-0.101643
-0.101735
-0.101050
0.059035
-0.026023
-0.016403
-0.085030
-0.086543
-0.099241
-0.098658
-0.100362
-0.098280
-0.100221
-0.100738
-0.100523
-0.100274
-0.101694
-0.101939
-0.102358
-0.102080
-0.102087
-0.102027
-0.102337
-0.102190
-0.102858
-0.102799
-0.100789
-0.098896
-0.104060
-0.102387
-0.101870
-0.102273
-0.102276
-0.103899
-0.103042
-0.103182
-0.103044
-0.103364
-0.103246
-0.103224
-0.103209
-0.103357
-0.103210
-0.103417
-0.103381
-0.103426
-0.103475
-0.103554
-0.103438
-0.103480
-0.103257
-0.103338
-0.103134
-0.104346
-0.103265
-0.103176
-0.103704
-0.102926
-0.102875
-0.103257
-0.103299
-0.103279
-0.103320
-0.103394
-0.103419
-0.103444
-0.103495
-0.103515
-0.103522
-0.103449
-0.103412
-0.103447
-0.103405
-0.103331
-0.103406
-0.103421
-0.103404
-0.103296
-0.103641
-0.103361
-0.103361
-0.103617
-0.103600
-0.103259
-0.103593
-0.103481
-0.103559
-0.103566
-0.103588
-0.103540
-0.103537
-0.103533
-0.103522
-0.103496
-0.103514
-0.103537
-0.103576
-0.103577
-0.103411
-0.103543
-0.103573
-0.103412
-0.103645
-0.019467
0.045995
-0.029390
-0.066500
-0.077008
-0.085954
-0.090569
-0.091837
-0.095596
-0.096590
-0.096973
-0.096209
-0.097294
-0.098546
-0.100111
-0.100202
-0.099452
-0.100813
-0.100546
-0.100740
-0.100620
-0.101237
-0.100048
-0.098778
-0.096715
-0.096714
-0.100137
-0.097103
-0.102142
-0.102941
-0.103286
-0.102656
-0.102747
-0.102758
-0.102647
-0.102499
-0.102801
-0.102772
-0.102680
-0.102798
-0.102771
-0.102872
-0.102931
-0.102782
-0.102804
-0.102960
-0.103001
-0.103017
-0.103335
-0.103576
-0.103817
-0.102323
-0.103065
-0.101982
-0.102379
-0.102574
-0.102812
-0.103014
-0.102989
-0.103051
-0.103019
-0.103079
-0.103010
-0.103123
-0.103178
-0.103157
-0.103096
-0.103050
-0.103138
-0.103142
-0.103251
-0.103177
-0.103280
-0.103160
-0.103097
-0.103103
-0.103029
-0.103664
-0.103359
-0.103912
-0.103486
-0.103395
-0.103308
-0.103315
-0.103322
-0.103312
-0.103352
-0.103363
-0.103376
-0.103353
-0.103358
-0.103353
-0.103413
-0.103408
-0.103340
-0.103197
-0.103248
-0.103236
-0.103156
-0.103378
0.752346
0.407713
0.738090
0.218927
0.027465
0.016795
-0.005113
-0.021133
-0.033067
-0.042357
-0.049536
-0.055458
-0.060393
-0.064398
-0.067646
-0.070411
-0.072679
-0.074368
-0.075979
-0.077382
-0.078523
-0.078890
-0.078898
-0.093370
-0.084230
-0.092139
-0.076935
-0.076855
-0.066792
-0.074219
-0.079024
-0.083273
-0.084453
-0.085515
-0.086417
-0.087128
-0.087608
-0.087978
-0.088233
-0.088400
-0.088551
-0.088676
-0.088827
-0.089069
-0.089295
-0.089575
-0.089993
-0.090797
-0.089486
-0.090196
-0.090953
-0.090540
-0.089188
-0.090842
-0.098673
-0.097306
-0.095220
-0.095072
-0.094950
-0.094827
-0.094727
-0.094661
-0.094630
-0.094651
-0.094723
-0.094844
-0.095003
-0.095260
-0.095408
-0.095227
-0.095574
-0.095976
-0.096226
-0.096040
-0.096829
-0.096241
-0.092748
-0.094359
-0.096108
-0.096665
-0.094446
-0.094896
-0.095718
-0.095560
-0.095648
-0.095762
-0.095880
-0.095990
-0.096115
-0.096217
-0.096288
-0.096326
-0.096244
-0.096182
-0.096308
-0.096989
-0.097080
-0.097032
-0.096865
-0.096036
0.062290
0.078810
0.061834
-0.017798
-0.070596
-0.079382
-0.083720
-0.086724
-0.089405
-0.091050
-0.092333
-0.093530
-0.094561
-0.095380
-0.096108
-0.096719
-0.097168
-0.097652
-0.097977
-0.098348
-0.098640
-0.099013
-0.100309
-0.101087
-0.093784
-0.092900
-0.097201
-0.094980
-0.103484
-0.099737
-0.099679
-0.100275
-0.100495
-0.100643
-0.100739
-0.100834
-0.100951
-0.101013
-0.101073
-0.101136
-0.101184
-0.101236
-0.101304
-0.101356
-0.101380
-0.101452
-0.101483
-0.101520
-0.101288
-0.101590
-0.103437
-0.101485
-0.101757
-0.100188
-0.101307
-0.102401
-0.102222
-0.102141
-0.102130
-0.102140
-0.102139
-0.102156
-0.102171
-0.102194
-0.102213
-0.102237
-0.102260
-0.102287
-0.102265
-0.102252
-0.102405
-0.102408
-0.102524
-0.102420
-0.102439
-0.102009
-0.101682
-0.102779
-0.102643
-0.103201
-0.102257
-0.102226
-0.102430
-0.102453
-0.102472
-0.102483
-0.102508
-0.102517
-0.102525
-0.102536
-0.102545
-0.102552
-0.102555
-0.102601
-0.102737
-0.102488
-0.102407
-0.102392
-0.102441
-0.102748
0.449834
1.787431
0.187029
-0.014053
-0.030440
-0.050726
-0.059469
-0.065443
-0.069607
-0.072858
-0.075522
-0.077636
-0.079436
-0.081059
-0.082615
-0.084014
-0.085501
-0.086969
-0.088390
-0.089631
-0.090872
-0.092001
-0.094475
-0.081885
-0.081657
-0.068680
-0.089111
-0.065390
-0.100835
-0.087348
-0.091129
-0.092250
-0.092614
-0.092901
-0.093190
-0.093533
-0.093905
-0.094323
-0.094717
-0.095137
-0.095506
-0.095848
-0.096068
-0.096290
-0.096401
-0.096326
-0.096371
-0.096088
-0.095523
-0.091923
-0.096132
-0.093863
-0.093740
-0.099607
-0.096314
-0.096970
-0.097815
-0.097800
-0.097918
-0.098054
-0.098237
-0.098373
-0.098491
-0.098559
-0.098623
-0.098625
-0.098611
-0.098569
-0.098672
-0.098732
-0.098045
-0.098581
-0.098076
-0.098202
-0.098424
-0.099474
-0.100662
-0.095260
-0.099389
-0.095810
-0.096816
-0.098959
-0.098822
-0.098874
-0.098875
-0.098904
-0.098861
-0.098839
-0.098808
-0.098795
-0.098783
-0.098770
-0.098799
-0.098902
-0.099283
-0.098400
-0.099528
-0.099618
-0.098539
-0.099643
