-2.784614
3.781340
0.592011
-16.832598
-0.086593
-0.086568
0.407901
1.310025
5.092324
-2.025896
-0.086579
-0.086574
1.844063
1.539884
3.826120
-5.771506
-0.086595
-0.086550
-0.237929
0.364024
0.244278
-1.636756
-0.086591
-0.086575
-0.761571
1.636646
1.207893
-6.573446
-0.086590
-0.086577
-0.200011
0.692929
0.988641
-3.337380
-0.086594
-0.086560
12.251927
-0.086180
12.252476
12.250800
-0.086586
-0.086585
7.367978
2.028373
10.421918
3.636459
-0.086586
-0.086589
2.605969
1.061041
1.057617
1.088688
1.067030
0.865435
0.626365
0.420974
0.284836
0.132076
0.055838
0.042299
0.022180
0.048164
0.079764
0.084378
0.088020
0.080268
0.049999
0.004977
-0.029912
-0.054067
-0.058949
-0.046618
-0.031589
-0.017025
-0.012574
-0.019926
-0.030237
-0.038709
-0.049934
-0.058425
-0.059817
-0.060690
-0.058833
-0.055046
-0.056086
-0.058200
-0.061315
-0.067483
-0.076723
-0.082804
-0.080506
-0.076780
-0.074089
-0.072647
-0.072351
-0.073807
-0.077398
-0.080750
-0.082700
-0.083608
-0.082584
-0.081770
-0.081719
-0.081701
-0.082066
-0.082906
-0.083249
-0.083365
-0.083091
-0.082442
-0.082034
-0.082085
-0.082336
-0.082699
-0.083124
-0.083524
-0.083787
-0.083796
-0.083688
-0.083662
-0.083728
-0.083845
-0.084060
-0.084310
-0.084503
-0.084657
-0.084778
-0.084845
-0.084913
-0.085008
-0.085105
-0.085217
-0.085346
-0.085438
-0.085513
-0.085557
-0.085560
-0.085575
-0.085638
-0.085721
-0.085810
-0.085891
-0.085951
-0.085980
-0.085971
-0.085961
-0.085980
-0.086006
0.405780
0.363597
0.318626
0.317438
0.292425
0.265314
0.206505
0.108904
-0.015270
-0.045202
0.002301
0.013704
-0.021942
-0.059235
-0.055146
-0.025192
-0.023344
-0.030313
-0.043754
-0.055245
-0.066845
-0.077268
-0.079358
-0.072738
-0.068041
-0.064677
-0.062782
-0.063746
-0.067875
-0.079416
-0.080734
-0.074325
-0.070644
-0.074710
-0.082851
-0.082725
-0.075752
-0.073668
-0.076047
-0.079312
-0.082001
-0.084663
-0.085829
-0.084254
-0.083060
-0.082700
-0.082659
-0.083268
-0.084028
-0.085268
-0.084973
-0.083934
-0.083975
-0.084580
-0.086042
-0.085569
-0.084886
-0.084678
-0.085176
-0.085982
-0.086025
-0.085744
-0.085574
-0.085486
-0.085470
-0.085582
-0.085736
-0.085848
-0.085909
-0.085897
-0.085825
-0.085768
-0.085803
-0.085920
-0.086007
-0.086056
-0.086088
-0.086127
-0.086100
-0.086111
-0.086157
-0.086239
-0.086251
-0.086228
-0.086229
-0.086287
-0.086358
-0.086375
-0.086369
-0.086368
-0.086374
-0.086389
-0.086417
-0.086444
-0.086464
-0.086476
-0.086474
-0.086457
-0.086455
-0.086495
1.852286
0.246040
0.265561
0.307856
0.374073
0.323858
0.246946
0.180063
0.164245
0.159565
0.141766
0.124005
0.111012
0.092825
0.055934
0.034549
0.008862
-0.027004
-0.069518
-0.075153
-0.065573
-0.061090
-0.060761
-0.063171
-0.068891
-0.078857
-0.074457
-0.058741
-0.050190
-0.047521
-0.043251
-0.044330
-0.048299
-0.053635
-0.060539
-0.069406
-0.077448
-0.083584
-0.079800
-0.073318
-0.071707
-0.073752
-0.075355
-0.076861
-0.077823
-0.077926
-0.077153
-0.074476
-0.073280
-0.074704
-0.077112
-0.079013
-0.081331
-0.082461
-0.081905
-0.080704
-0.079467
-0.078618
-0.078400
-0.078338
-0.078787
-0.079648
-0.080141
-0.080235
-0.080262
-0.080258
-0.080243
-0.080299
-0.080437
-0.080699
-0.080849
-0.080846
-0.080806
-0.080778
-0.080725
-0.080751
-0.080876
-0.081023
-0.081143
-0.081250
-0.081293
-0.081291
-0.081264
-0.081225
-0.081200
-0.081211
-0.081230
-0.081288
-0.081371
-0.081410
-0.081417
-0.081424
-0.081433
-0.081443
-0.081456
-0.081470
-0.081495
-0.081489
-0.081457
-0.081432
0.059213
0.065965
0.070530
0.057347
0.029238
-0.018040
-0.052242
-0.053646
-0.049820
-0.052057
-0.054306
-0.062124
-0.070437
-0.072372
-0.072998
-0.069316
-0.071431
-0.076544
-0.077438
-0.074895
-0.071894
-0.072237
-0.072410
-0.073112
-0.074266
-0.076072
-0.078875
-0.078827
-0.077516
-0.078310
-0.079257
-0.079869
-0.079882
-0.079287
-0.078731
-0.078793
-0.079025
-0.079975
-0.079660
-0.079052
-0.079355
-0.079797
-0.080554
-0.080907
-0.081185
-0.081451
-0.081307
-0.081115
-0.080856
-0.081018
-0.081348
-0.081308
-0.081309
-0.081302
-0.081407
-0.081568
-0.081711
-0.081809
-0.081855
-0.081844
-0.081939
-0.082059
-0.082094
-0.082114
-0.082134
-0.082153
-0.082180
-0.082206
-0.082259
-0.082321
-0.082370
-0.082400
-0.082425
-0.082454
-0.082480
-0.082503
-0.082530
-0.082558
-0.082576
-0.082595
-0.082614
-0.082636
-0.082659
-0.082679
-0.082697
-0.082711
-0.082720
-0.082737
-0.082755
-0.082763
-0.082770
-0.082776
-0.082782
-0.082787
-0.082791
-0.082800
-0.082808
-0.082814
-0.082815
-0.082814
0.573819
0.581929
0.517033
0.532323
0.325288
0.085623
-0.040762
-0.064736
-0.056758
-0.043597
-0.013886
0.009196
0.008651
-0.001464
-0.011017
-0.024735
-0.024483
-0.026447
-0.047556
-0.073669
-0.064710
-0.056163
-0.054606
-0.059018
-0.067097
-0.076256
-0.063572
-0.059583
-0.060875
-0.060749
-0.059016
-0.059241
-0.060470
-0.064598
-0.068933
-0.071697
-0.073098
-0.073226
-0.074987
-0.074649
-0.069768
-0.069381
-0.070667
-0.072607
-0.073635
-0.073065
-0.071721
-0.070825
-0.072698
-0.073964
-0.074290
-0.074821
-0.075426
-0.075820
-0.075848
-0.075471
-0.075245
-0.075123
-0.075269
-0.075383
-0.075364
-0.075550
-0.076095
-0.076286
-0.076338
-0.076352
-0.076403
-0.076505
-0.076709
-0.076855
-0.076877
-0.076924
-0.076982
-0.077009
-0.077049
-0.077145
-0.077234
-0.077310
-0.077385
-0.077455
-0.077509
-0.077548
-0.077568
-0.077590
-0.077615
-0.077652
-0.077684
-0.077704
-0.077742
-0.077806
-0.077832
-0.077845
-0.077852
-0.077865
-0.077888
-0.077918
-0.077928
-0.077912
-0.077906
-0.077909
0.017781
0.080798
0.110041
0.097322
0.091668
0.062039
0.061036
0.090202
0.081047
0.050432
0.027085
-0.001273
-0.028505
-0.050801
-0.071471
-0.078286
-0.072797
-0.069439
-0.063529
-0.061392
-0.060225
-0.062141
-0.063296
-0.063611
-0.063863
-0.064738
-0.068371
-0.070510
-0.071822
-0.076006
-0.079867
-0.079916
-0.077529
-0.074566
-0.072290
-0.070825
-0.070212
-0.071878
-0.072706
-0.073211
-0.074616
-0.075653
-0.076508
-0.076810
-0.077117
-0.077605
-0.077849
-0.077924
-0.077530
-0.077426
-0.077310
-0.076740
-0.076627
-0.076719
-0.077035
-0.077482
-0.077927
-0.078335
-0.078595
-0.078589
-0.078641
-0.078702
-0.078673
-0.078683
-0.078735
-0.078798
-0.078856
-0.078903
-0.078964
-0.079037
-0.079112
-0.079176
-0.079249
-0.079332
-0.079390
-0.079427
-0.079458
-0.079481
-0.079491
-0.079514
-0.079548
-0.079593
-0.079642
-0.079688
-0.079731
-0.079763
-0.079779
-0.079799
-0.079818
-0.079827
-0.079838
-0.079850
-0.079862
-0.079871
-0.079878
-0.079889
-0.079903
-0.079917
-0.079926
-0.079933
-3.226311
0.149233
-2.904656
-3.662062
-0.086586
-0.086588
0.237578
0.000495
0.343973
0.049974
-0.086587
-0.086587
0.002746
0.228234
0.532404
-0.301850
-0.086584
-0.086589
-1.536247
1.452289
1.601239
-3.104143
-0.086583
-0.086588
0.294649
0.335603
0.757303
-0.703311
-0.086587
-0.086587
1.239451
1.646668
3.462619
-1.663687
-0.086586
-0.086589
5.581212
0.519871
6.341505
4.734986
-0.086585
-0.086590
3.051629
0.055583
-0.023720
-0.051407
-0.066291
-0.071688
-0.072671
-0.074470
-0.077946
-0.079386
-0.071795
-0.074136
-0.076183
-0.079895
-0.080031
-0.080127
-0.080700
-0.081333
-0.081485
-0.081128
-0.079730
-0.083568
-0.083857
-0.081391
-0.083085
-0.083495
-0.083783
-0.083883
-0.083952
-0.084144
-0.084474
-0.085412
-0.084137
-0.084107
-0.085435
-0.085033
-0.084944
-0.084946
-0.085030
-0.085123
-0.085155
-0.085154
-0.084727
-0.085332
-0.085529
-0.084994
-0.085183
-0.085285
-0.085346
-0.085368
-0.085380
-0.085409
-0.085434
-0.085571
-0.085470
-0.085429
-0.085589
-0.085586
-0.085586
-0.085589
-0.085603
-0.085622
-0.085629
-0.085639
-0.085632
-0.085663
-0.085687
-0.085672
-0.085681
-0.085688
-0.085704
-0.085714
-0.085713
-0.085725
-0.085735
-0.085743
-0.085748
-0.085752
-0.085761
-0.085767
-0.085777
-0.085776
-0.085778
-0.085790
-0.085793
-0.085795
-0.085798
-0.085801
-0.085805
-0.085807
-0.085809
-0.085808
-0.085813
-0.085817
-0.085814
-0.085815
-0.085815
-0.085817
-0.085818
-0.085818
0.236078
-0.028894
-0.077707
-0.075119
-0.078446
-0.079005
-0.081631
-0.081458
-0.082557
-0.081511
-0.083578
-0.081795
-0.082543
-0.083103
-0.083985
-0.084196
-0.084526
-0.084467
-0.084744
-0.084757
-0.085235
-0.084313
-0.084875
-0.085376
-0.085413
-0.085345
-0.085351
-0.085364
-0.085443
-0.085429
-0.085458
-0.085330
-0.085807
-0.085789
-0.085534
-0.085595
-0.085649
-0.085701
-0.085732
-0.085748
-0.085792
-0.085828
-0.085943
-0.085787
-0.085731
-0.085893
-0.085895
-0.085910
-0.085910
-0.085925
-0.085936
-0.085942
-0.085940
-0.085922
-0.085956
-0.086006
-0.085979
-0.085990
-0.085995
-0.086006
-0.086011
-0.086016
-0.086023
-0.086032
-0.086042
-0.086048
-0.086043
-0.086054
-0.086058
-0.086064
-0.086066
-0.086070
-0.086076
-0.086080
-0.086083
-0.086086
-0.086089
-0.086093
-0.086095
-0.086098
-0.086100
-0.086104
-0.086107
-0.086108
-0.086110
-0.086112
-0.086114
-0.086115
-0.086117
-0.086118
-0.086120
-0.086121
-0.086122
-0.086122
-0.086123
-0.086124
-0.086125
-0.086124
-0.086125
-0.086125
-0.001302
0.108496
-0.018489
-0.045964
-0.055749
-0.059236
-0.066952
-0.067728
-0.069647
-0.073144
-0.074598
-0.066962
-0.078460
-0.076939
-0.077200
-0.077811
-0.078633
-0.078581
-0.079349
-0.079856
-0.079646
-0.079733
-0.082243
-0.080206
-0.081021
-0.081308
-0.081484
-0.081629
-0.081950
-0.082015
-0.082095
-0.082535
-0.082295
-0.081885
-0.082826
-0.082731
-0.082812
-0.082930
-0.083006
-0.083031
-0.083132
-0.083231
-0.083082
-0.083411
-0.083597
-0.083413
-0.083530
-0.083585
-0.083614
-0.083674
-0.083730
-0.083769
-0.083803
-0.083932
-0.083843
-0.083892
-0.083970
-0.083991
-0.084022
-0.084060
-0.084084
-0.084114
-0.084141
-0.084168
-0.084168
-0.084227
-0.084238
-0.084255
-0.084278
-0.084296
-0.084316
-0.084336
-0.084349
-0.084366
-0.084381
-0.084399
-0.084408
-0.084423
-0.084436
-0.084447
-0.084461
-0.084467
-0.084478
-0.084489
-0.084497
-0.084505
-0.084513
-0.084520
-0.084526
-0.084532
-0.084538
-0.084540
-0.084549
-0.084551
-0.084553
-0.084557
-0.084559
-0.084559
-0.084563
-0.084562
1.381871
0.861026
0.227571
0.128428
0.073443
0.040978
0.019847
0.004807
-0.006418
-0.011988
-0.017951
0.010642
-0.043828
-0.038049
-0.041726
-0.044403
-0.046771
-0.048930
-0.050853
-0.052528
-0.054613
-0.053728
-0.066198
-0.056165
-0.058911
-0.059833
-0.060752
-0.061613
-0.062406
-0.063148
-0.063883
-0.064700
-0.063511
-0.061417
-0.065847
-0.066089
-0.066607
-0.067058
-0.067462
-0.067833
-0.068170
-0.068464
-0.068302
-0.069971
-0.071090
-0.070291
-0.070522
-0.070749
-0.070989
-0.071237
-0.071476
-0.071721
-0.071953
-0.072471
-0.072042
-0.072220
-0.072558
-0.072766
-0.072950
-0.073115
-0.073267
-0.073429
-0.073567
-0.073706
-0.073733
-0.074023
-0.074108
-0.074213
-0.074314
-0.074410
-0.074524
-0.074621
-0.074692
-0.074777
-0.074854
-0.074949
-0.074994
-0.075072
-0.075137
-0.075199
-0.075267
-0.075297
-0.075350
-0.075408
-0.075455
-0.075498
-0.075538
-0.075575
-0.075610
-0.075640
-0.075669
-0.075685
-0.075729
-0.075743
-0.075759
-0.075773
-0.075785
-0.075791
-0.075807
-0.075805
0.287628
0.191955
-0.011957
-0.036735
-0.049641
-0.057351
-0.062580
-0.066307
-0.069108
-0.070568
-0.073430
-0.065720
-0.070563
-0.073871
-0.075368
-0.076320
-0.077094
-0.077717
-0.078240
-0.078727
-0.079471
-0.075803
-0.078499
-0.080967
-0.080935
-0.081076
-0.081277
-0.081469
-0.081656
-0.081833
-0.081962
-0.081805
-0.083730
-0.083651
-0.082680
-0.082878
-0.083017
-0.083137
-0.083256
-0.083373
-0.083486
-0.083622
-0.083953
-0.083348
-0.083064
-0.083689
-0.083769
-0.083835
-0.083893
-0.083944
-0.083987
-0.084024
-0.084048
-0.083993
-0.084118
-0.084349
-0.084260
-0.084280
-0.084304
-0.084333
-0.084356
-0.084378
-0.084403
-0.084430
-0.084465
-0.084498
-0.084471
-0.084507
-0.084528
-0.084550
-0.084560
-0.084575
-0.084600
-0.084615
-0.084630
-0.084645
-0.084654
-0.084671
-0.084682
-0.084693
-0.084701
-0.084716
-0.084733
-0.084735
-0.084743
-0.084750
-0.084757
-0.084763
-0.084769
-0.084775
-0.084780
-0.084786
-0.084790
-0.084787
-0.084793
-0.084795
-0.084798
-0.084797
-0.084800
-0.084801
1.267287
0.937236
0.339951
0.189695
0.118732
0.076834
0.049366
0.029508
0.014300
0.001131
-0.021287
0.034927
-0.023090
-0.024124
-0.027939
-0.031635
-0.034920
-0.037878
-0.040476
-0.042745
-0.044573
-0.042278
-0.056348
-0.050213
-0.051868
-0.053225
-0.054446
-0.055582
-0.056630
-0.057609
-0.058543
-0.059489
-0.060558
-0.058548
-0.061297
-0.062015
-0.062651
-0.063243
-0.063790
-0.064303
-0.064781
-0.065212
-0.065513
-0.066273
-0.066948
-0.067025
-0.067346
-0.067669
-0.067981
-0.068287
-0.068575
-0.068857
-0.069140
-0.069507
-0.069303
-0.069778
-0.070010
-0.070224
-0.070428
-0.070624
-0.070800
-0.070983
-0.071150
-0.071305
-0.071405
-0.071715
-0.071765
-0.071902
-0.072031
-0.072153
-0.072275
-0.072389
-0.072491
-0.072593
-0.072691
-0.072797
-0.072854
-0.072951
-0.073031
-0.073106
-0.073180
-0.073230
-0.073304
-0.073363
-0.073418
-0.073469
-0.073517
-0.073561
-0.073602
-0.073639
-0.073672
-0.073697
-0.073744
-0.073754
-0.073776
-0.073793
-0.073808
-0.073812
-0.073831
-0.073832
