-1.920623
2.422875
1.049609
-15.887924
-0.101264
-0.101228
0.056794
0.786736
4.689475
-2.197176
-0.101250
-0.101230
2.036880
0.985949
4.555310
-0.581933
-0.101258
-0.101256
0.011977
0.856466
2.874443
-2.132702
-0.101256
-0.101255
-0.026198
2.754131
7.552462
-5.211590
-0.101254
-0.101254
-0.056769
1.425362
4.085333
-3.158275
-0.101255
-0.101255
10.976018
-0.099884
10.979498
10.972226
-0.101256
-0.101255
6.750777
2.774334
13.248793
2.332621
-0.101254
-0.101256
1.722106
0.077055
0.441938
0.855438
0.556247
-0.009975
0.401847
0.293909
0.016331
0.261519
0.138751
0.134294
0.227752
0.129260
0.122511
0.217308
0.151977
0.061978
0.166573
0.113719
0.035370
0.131720
0.068489
0.018596
0.080756
0.011086
-0.009356
0.036365
-0.009402
-0.034057
-0.001605
-0.015407
-0.042235
-0.011085
-0.028167
-0.053951
-0.027540
-0.025685
-0.057387
-0.029616
-0.030939
-0.061644
-0.025896
-0.036731
-0.065121
-0.034160
-0.049709
-0.069524
-0.047145
-0.058046
-0.068579
-0.062383
-0.068159
-0.078367
-0.066525
-0.073299
-0.090370
-0.067930
-0.075435
-0.097873
-0.078676
-0.080508
-0.092407
-0.096689
-0.099697
-0.096205
-0.091547
-0.085153
-0.089663
-0.099428
-0.089987
-0.092075
-0.089496
-0.087221
-0.093707
-0.083536
-0.081060
-0.090255
-0.086543
-0.078385
-0.085830
-0.088437
-0.078505
-0.086211
-0.085892
-0.077126
-0.084741
-0.082193
-0.075708
-0.085141
-0.082737
-0.076290
-0.084581
-0.085678
-0.078972
-0.085943
-0.088093
-0.081617
-0.088883
-0.089612
0.061482
-0.048355
0.023268
0.123460
0.083535
-0.020672
0.047762
-0.001712
-0.045398
0.030716
-0.037361
-0.020454
0.042893
-0.005833
0.001680
0.075304
-0.000938
0.016545
0.038565
-0.011266
0.004843
0.029004
-0.029003
0.000426
0.007580
-0.048273
-0.025013
-0.022263
-0.068227
-0.061615
-0.056791
-0.078602
-0.090787
-0.072542
-0.071780
-0.085236
-0.073624
-0.055345
-0.067009
-0.063387
-0.050593
-0.066163
-0.061577
-0.054714
-0.075056
-0.066482
-0.063432
-0.081868
-0.075548
-0.068531
-0.090158
-0.082924
-0.083225
-0.096501
-0.089516
-0.088793
-0.099501
-0.090407
-0.091579
-0.099489
-0.095873
-0.095068
-0.097492
-0.098046
-0.098798
-0.099088
-0.097521
-0.096873
-0.098547
-0.099292
-0.096365
-0.098401
-0.097566
-0.095331
-0.098690
-0.096740
-0.095216
-0.099178
-0.094379
-0.091897
-0.096640
-0.089257
-0.090469
-0.093200
-0.086043
-0.086344
-0.092070
-0.083461
-0.084704
-0.091802
-0.086401
-0.086279
-0.093401
-0.090601
-0.091036
-0.097429
-0.094843
-0.095517
-0.101081
-0.098249
2.022966
0.332545
0.372158
0.142071
-0.003091
-0.071102
0.062162
0.063740
-0.039294
-0.034907
-0.017496
-0.083464
-0.050415
-0.075162
-0.051713
-0.033232
-0.066215
-0.011636
-0.029078
-0.048638
-0.032612
-0.058190
-0.046940
-0.060444
-0.057312
-0.054687
-0.084607
-0.055676
-0.070229
-0.084353
-0.069248
-0.077872
-0.095745
-0.080428
-0.078585
-0.088001
-0.082043
-0.081653
-0.086167
-0.074362
-0.086601
-0.077176
-0.076690
-0.089353
-0.079027
-0.082067
-0.087005
-0.086406
-0.091826
-0.094061
-0.098170
-0.090027
-0.095217
-0.094393
-0.087969
-0.092603
-0.097819
-0.091058
-0.090910
-0.095554
-0.099670
-0.098871
-0.096324
-0.097625
-0.097940
-0.095642
-0.095195
-0.098608
-0.100669
-0.096982
-0.093102
-0.094804
-0.099032
-0.096028
-0.095478
-0.096609
-0.096453
-0.099033
-0.096422
-0.093481
-0.096225
-0.097108
-0.096298
-0.095300
-0.097713
-0.098362
-0.095011
-0.097747
-0.097947
-0.094796
-0.097243
-0.097133
-0.096752
-0.095381
-0.095208
-0.099091
-0.095246
-0.092175
-0.097479
-0.096295
0.006244
0.096061
0.317378
0.217686
0.048135
0.053223
-0.005937
-0.029860
0.010584
-0.035035
-0.065064
-0.067517
-0.050009
-0.056597
-0.058582
0.003434
-0.043328
-0.063011
-0.024154
-0.059779
-0.055140
-0.036349
-0.071355
-0.047918
-0.035835
-0.077499
-0.047740
-0.049698
-0.081186
-0.052757
-0.068425
-0.076510
-0.062449
-0.083291
-0.070772
-0.072162
-0.087038
-0.069457
-0.081538
-0.082081
-0.072507
-0.088197
-0.081992
-0.079520
-0.093905
-0.083988
-0.081692
-0.096759
-0.087958
-0.085310
-0.096424
-0.094333
-0.096514
-0.097215
-0.097928
-0.095654
-0.095318
-0.100442
-0.098425
-0.097598
-0.095568
-0.095494
-0.097915
-0.100775
-0.100031
-0.100142
-0.099374
-0.098267
-0.097925
-0.097408
-0.098552
-0.099002
-0.097755
-0.099144
-0.099754
-0.099848
-0.097374
-0.098632
-0.098512
-0.095907
-0.098086
-0.097453
-0.097186
-0.098527
-0.096512
-0.096785
-0.098804
-0.094454
-0.094916
-0.098556
-0.093625
-0.094599
-0.097464
-0.093874
-0.095281
-0.096606
-0.094648
-0.095918
-0.096074
-0.095504
-0.043976
1.090822
1.284439
0.614105
0.087018
0.245391
0.005779
0.037817
0.011334
-0.013620
-0.019256
-0.076704
-0.058448
-0.047404
-0.064158
-0.049291
-0.049416
-0.052895
-0.074108
-0.079101
-0.073785
-0.083641
-0.088312
-0.090385
-0.098941
-0.092252
-0.084961
-0.088987
-0.081338
-0.076390
-0.092461
-0.084783
-0.076573
-0.090125
-0.090830
-0.084878
-0.093569
-0.092119
-0.092394
-0.098935
-0.097161
-0.095032
-0.096953
-0.096922
-0.091632
-0.094238
-0.100750
-0.092595
-0.090674
-0.096719
-0.094793
-0.092654
-0.094750
-0.096314
-0.096274
-0.094858
-0.099116
-0.096630
-0.091374
-0.090307
-0.097875
-0.088551
-0.089858
-0.098381
-0.098552
-0.095003
-0.089374
-0.096552
-0.094278
-0.093274
-0.100274
-0.094930
-0.094851
-0.097828
-0.100013
-0.098202
-0.095529
-0.096484
-0.099788
-0.094862
-0.095076
-0.099062
-0.097067
-0.096572
-0.098189
-0.098858
-0.097714
-0.098644
-0.099700
-0.099057
-0.099415
-0.099927
-0.099861
-0.100576
-0.098258
-0.097042
-0.097371
-0.097265
-0.095051
-0.095069
-0.068749
0.194811
0.597567
0.464610
0.152228
-0.005949
0.079543
0.019977
0.034673
0.052782
0.020962
0.003705
0.008626
-0.020030
-0.003737
-0.011891
-0.030135
-0.012911
-0.032578
-0.040685
-0.044023
-0.046555
-0.056609
-0.052905
-0.053143
-0.064599
-0.056334
-0.060119
-0.066256
-0.062586
-0.071087
-0.070619
-0.068231
-0.075063
-0.074189
-0.073991
-0.079843
-0.075233
-0.078394
-0.083620
-0.080993
-0.084923
-0.086322
-0.086431
-0.088887
-0.088981
-0.088812
-0.088725
-0.090824
-0.088710
-0.091389
-0.090659
-0.090499
-0.093466
-0.091067
-0.091311
-0.095478
-0.094619
-0.094069
-0.099805
-0.095394
-0.095382
-0.096981
-0.097896
-0.099698
-0.098562
-0.096135
-0.094503
-0.097256
-0.098680
-0.098451
-0.098995
-0.097537
-0.097270
-0.097841
-0.096934
-0.096792
-0.098440
-0.096822
-0.096774
-0.096946
-0.095863
-0.095830
-0.096471
-0.096407
-0.096202
-0.097182
-0.096376
-0.096948
-0.097256
-0.096585
-0.097180
-0.096778
-0.096415
-0.096903
-0.096564
-0.096258
-0.096594
-0.096132
-0.096076
-3.010078
0.349722
-2.170160
-3.736138
-0.101255
-0.101259
0.128695
0.176702
0.652829
-0.237057
-0.101255
-0.101259
0.031145
0.116263
0.437576
-0.317238
-0.101256
-0.101259
-0.152442
1.715295
2.285890
-3.060934
-0.101256
-0.101260
-0.168947
0.373435
0.610849
-0.982831
-0.101257
-0.101259
-0.215152
2.193579
3.483856
-2.523855
-0.101255
-0.101260
6.174255
1.123710
8.772940
4.657578
-0.101254
-0.101257
2.810393
0.007521
0.183258
-0.078309
-0.012517
-0.095304
-0.096708
-0.094249
-0.097355
-0.098473
-0.096357
-0.096837
-0.095146
-0.098450
-0.096677
-0.099144
-0.097769
-0.099124
-0.099307
-0.100955
-0.098874
-0.100202
-0.099592
-0.098680
-0.099216
-0.099375
-0.097799
-0.098947
-0.092132
-0.096910
-0.091030
-0.094768
-0.097248
-0.097944
-0.090349
-0.098771
-0.097347
-0.096986
-0.099327
-0.099057
-0.099960
-0.100106
-0.099889
-0.100067
-0.100053
-0.100327
-0.100334
-0.100720
-0.100539
-0.100616
-0.100893
-0.100683
-0.100588
-0.100459
-0.100399
-0.100302
-0.100553
-0.100654
-0.100549
-0.100851
-0.099929
-0.099297
-0.099283
-0.099553
-0.100549
-0.101035
-0.099989
-0.098968
-0.099823
-0.099204
-0.100420
-0.100349
-0.100684
-0.100309
-0.100497
-0.100907
-0.100784
-0.100776
-0.100879
-0.100889
-0.100885
-0.100818
-0.100884
-0.100696
-0.100788
-0.100636
-0.100740
-0.100734
-0.100889
-0.100901
-0.100882
-0.100849
-0.100621
-0.100661
-0.100699
-0.100257
-0.100846
-0.100665
-0.100923
-0.099481
0.126876
0.081906
-0.035863
-0.092464
-0.082138
-0.088946
-0.093087
-0.095150
-0.097665
-0.096395
-0.098541
-0.098671
-0.097663
-0.098415
-0.097849
-0.098986
-0.099783
-0.098896
-0.098968
-0.100290
-0.099512
-0.099426
-0.098834
-0.099070
-0.099995
-0.100213
-0.099856
-0.099596
-0.099189
-0.100688
-0.098936
-0.097094
-0.098752
-0.096938
-0.099585
-0.098762
-0.099652
-0.099026
-0.099349
-0.099628
-0.100132
-0.100098
-0.100166
-0.099884
-0.099838
-0.099992
-0.100084
-0.100231
-0.100191
-0.100140
-0.100240
-0.100288
-0.100141
-0.100068
-0.100061
-0.100261
-0.100396
-0.100447
-0.100312
-0.100255
-0.100217
-0.100699
-0.100154
-0.100648
-0.099458
-0.099583
-0.100857
-0.099952
-0.100377
-0.100121
-0.100126
-0.100241
-0.100285
-0.100465
-0.100305
-0.100278
-0.100290
-0.100344
-0.100426
-0.100411
-0.100370
-0.100419
-0.100417
-0.100354
-0.100360
-0.100316
-0.100377
-0.100472
-0.100441
-0.100452
-0.100427
-0.100382
-0.100360
-0.100477
-0.100273
-0.100686
-0.099992
-0.100239
-0.100450
-0.100301
0.031603
0.012764
-0.005703
-0.073108
-0.079143
-0.096409
-0.096866
-0.098001
-0.098830
-0.100346
-0.099342
-0.100153
-0.099859
-0.100708
-0.100190
-0.099967
-0.100653
-0.099819
-0.100211
-0.100845
-0.099774
-0.100217
-0.100129
-0.100445
-0.100193
-0.100448
-0.100679
-0.100406
-0.099287
-0.099165
-0.097538
-0.097404
-0.100799
-0.099459
-0.097582
-0.099143
-0.100019
-0.100704
-0.100804
-0.101229
-0.101086
-0.101184
-0.101147
-0.101176
-0.101134
-0.101140
-0.101076
-0.101120
-0.101103
-0.100955
-0.100986
-0.101070
-0.100925
-0.101071
-0.101100
-0.101163
-0.101117
-0.101124
-0.101114
-0.101116
-0.101024
-0.100712
-0.100678
-0.100168
-0.101120
-0.100950
-0.100500
-0.100583
-0.100993
-0.100980
-0.101116
-0.101163
-0.101144
-0.101060
-0.101238
-0.101141
-0.101192
-0.101230
-0.101166
-0.101191
-0.101139
-0.101117
-0.101134
-0.101175
-0.101164
-0.101231
-0.101214
-0.101187
-0.101143
-0.101150
-0.101147
-0.101206
-0.101189
-0.101032
-0.101107
-0.100785
-0.101114
-0.101157
-0.100993
-0.100906
-0.049501
1.116836
0.245671
0.043800
0.016991
-0.089471
-0.096595
-0.100705
-0.100311
-0.100569
-0.100906
-0.100635
-0.100588
-0.100178
-0.100068
-0.099839
-0.099895
-0.100112
-0.100271
-0.100641
-0.100990
-0.100921
-0.100643
-0.100233
-0.099954
-0.099485
-0.098987
-0.098177
-0.092335
-0.088630
-0.090845
-0.071308
-0.095289
-0.086888
-0.078094
-0.097231
-0.089419
-0.099775
-0.100920
-0.100560
-0.100941
-0.100684
-0.100265
-0.100174
-0.100035
-0.099962
-0.100030
-0.100159
-0.100387
-0.100606
-0.100716
-0.100654
-0.100461
-0.100275
-0.100161
-0.100117
-0.100182
-0.100311
-0.100549
-0.100973
-0.100525
-0.097702
-0.099981
-0.095023
-0.097888
-0.099319
-0.094729
-0.100244
-0.097784
-0.099924
-0.100557
-0.100461
-0.100774
-0.099876
-0.100318
-0.099927
-0.100209
-0.100306
-0.100365
-0.100458
-0.100527
-0.100524
-0.100456
-0.100373
-0.100291
-0.100257
-0.100266
-0.100331
-0.100428
-0.100520
-0.100587
-0.100656
-0.100460
-0.099099
-0.100820
-0.098378
-0.099679
-0.100101
-0.098925
-0.099894
-0.032906
0.186690
0.055810
-0.042934
-0.082450
-0.092995
-0.092207
-0.094029
-0.095148
-0.096149
-0.096693
-0.096983
-0.097397
-0.097580
-0.097781
-0.098019
-0.098377
-0.098612
-0.098821
-0.098942
-0.099026
-0.099057
-0.099088
-0.099257
-0.099385
-0.099552
-0.099945
-0.099901
-0.098377
-0.098516
-0.093831
-0.094496
-0.098519
-0.098448
-0.095498
-0.093914
-0.099616
-0.097510
-0.098188
-0.098627
-0.098795
-0.099097
-0.099104
-0.099129
-0.099159
-0.099179
-0.099231
-0.099306
-0.099395
-0.099461
-0.099489
-0.099493
-0.099487
-0.099482
-0.099483
-0.099535
-0.099593
-0.099659
-0.099742
-0.099722
-0.099547
-0.100064
-0.098941
-0.098110
-0.099957
-0.099809
-0.097971
-0.098867
-0.099423
-0.099385
-0.099525
-0.099481
-0.099635
-0.099865
-0.099449
-0.099659
-0.099598
-0.099609
-0.099644
-0.099674
-0.099698
-0.099703
-0.099686
-0.099672
-0.099660
-0.099659
-0.099666
-0.099695
-0.099717
-0.099726
-0.099719
-0.099665
-0.099600
-0.099812
-0.099166
-0.099442
-0.100066
-0.099537
-0.099189
-0.100100
0.018183
1.446694
0.348912
0.017003
-0.028057
-0.095612
-0.094439
-0.093189
-0.094292
-0.095147
-0.095639
-0.096326
-0.096587
-0.096715
-0.096801
-0.096807
-0.096781
-0.096838
-0.097013
-0.097183
-0.097191
-0.096993
-0.096817
-0.096317
-0.095948
-0.095571
-0.094702
-0.094395
-0.087692
-0.091089
-0.081402
-0.070609
-0.089665
-0.082303
-0.076201
-0.094558
-0.091875
-0.091298
-0.093662
-0.094302
-0.095531
-0.096095
-0.096276
-0.096554
-0.096539
-0.096601
-0.096703
-0.096803
-0.096933
-0.097041
-0.097122
-0.097134
-0.097097
-0.097058
-0.097074
-0.097114
-0.097246
-0.097381
-0.097416
-0.097420
-0.097106
-0.096579
-0.099268
-0.091488
-0.093955
-0.094376
-0.091289
-0.098534
-0.095475
-0.096130
-0.097555
-0.096386
-0.098112
-0.096752
-0.097136
-0.097153
-0.096929
-0.096992
-0.097042
-0.097107
-0.097154
-0.097155
-0.097137
-0.097092
-0.097055
-0.097046
-0.097075
-0.097110
-0.097157
-0.097153
-0.097068
-0.096953
-0.096721
-0.096663
-0.097205
-0.094614
-0.097538
-0.095958
-0.096861
-0.098203
