-1.818920
2.272782
0.973562
-11.305098
-0.109006
-0.108987
-0.234133
0.385417
1.620554
-1.012545
-0.108995
-0.108989
2.058369
1.133201
4.051479
-0.479158
-0.109002
-0.109003
-0.260735
1.091151
2.053142
-2.610421
-0.109001
-0.109002
0.290809
4.223145
9.015977
-6.721348
-0.109000
-0.109003
0.035796
1.484068
4.072819
-2.771563
-0.108998
-0.108999
11.536011
-0.107039
11.540470
11.534233
-0.108997
-0.109001
7.751035
3.085440
13.455438
3.855874
-0.108998
-0.109003
1.602532
0.793154
0.976974
0.514865
0.273400
0.187020
0.071508
0.063939
0.037129
0.072737
0.070388
0.040047
-0.029371
-0.080684
-0.069277
-0.056280
-0.052824
-0.075148
-0.061066
-0.082448
-0.080206
-0.079650
-0.067698
-0.081680
-0.083064
-0.085447
-0.092697
-0.089150
-0.082783
-0.072484
-0.082030
-0.081314
-0.087674
-0.085351
-0.087870
-0.088272
-0.088607
-0.087787
-0.084620
-0.097531
-0.103506
-0.099348
-0.094715
-0.091523
-0.099914
-0.098955
-0.101363
-0.101052
-0.096868
-0.096852
-0.092399
-0.099899
-0.099521
-0.104444
-0.101530
-0.103843
-0.102043
-0.105090
-0.104645
-0.103258
-0.105608
-0.102077
-0.104902
-0.102658
-0.107579
-0.103470
-0.107234
-0.103207
-0.106173
-0.102295
-0.105071
-0.104212
-0.101418
-0.105412
-0.102426
-0.106973
-0.103471
-0.107474
-0.103306
-0.106263
-0.107282
-0.105446
-0.106928
-0.106680
-0.104380
-0.108683
-0.104903
-0.108651
-0.104303
-0.107928
-0.104551
-0.106815
-0.106754
-0.105869
-0.107421
-0.106180
-0.107687
-0.106214
-0.107977
-0.105848
0.013409
-0.018020
0.084372
0.015724
-0.017788
0.030554
-0.035606
-0.065979
-0.057233
-0.069933
-0.054118
-0.052638
-0.048468
-0.056749
-0.069536
-0.065871
-0.083829
-0.087973
-0.077342
-0.085509
-0.087687
-0.092133
-0.088405
-0.101873
-0.096048
-0.095010
-0.095485
-0.099977
-0.093130
-0.102391
-0.097877
-0.104843
-0.103993
-0.104836
-0.101202
-0.101411
-0.100766
-0.106562
-0.100582
-0.106949
-0.105750
-0.107505
-0.108392
-0.103311
-0.105796
-0.101745
-0.105040
-0.104668
-0.105322
-0.103550
-0.105981
-0.101894
-0.105640
-0.102567
-0.107047
-0.103516
-0.108838
-0.106235
-0.105536
-0.106504
-0.106854
-0.107464
-0.106784
-0.107220
-0.106747
-0.107170
-0.106545
-0.107090
-0.105898
-0.106516
-0.106386
-0.106179
-0.107106
-0.107106
-0.106254
-0.108223
-0.106153
-0.107421
-0.106289
-0.107693
-0.107202
-0.108092
-0.107312
-0.107594
-0.106805
-0.107406
-0.106836
-0.107965
-0.107197
-0.107337
-0.107806
-0.107032
-0.107582
-0.107255
-0.107426
-0.107572
-0.107375
-0.107526
-0.107461
-0.107595
2.043731
0.536001
0.306611
0.074668
0.063854
0.061125
-0.043098
0.018381
-0.039229
0.007592
-0.037520
0.033563
-0.061600
-0.000355
-0.093162
-0.040573
-0.103580
-0.062627
-0.101158
-0.060357
-0.091609
-0.069778
-0.085028
-0.082937
-0.085013
-0.080184
-0.080482
-0.079179
-0.080166
-0.086765
-0.076692
-0.101851
-0.083108
-0.097096
-0.088825
-0.100201
-0.087213
-0.105425
-0.091749
-0.092981
-0.097929
-0.100959
-0.093917
-0.094262
-0.103727
-0.093205
-0.100922
-0.094134
-0.100405
-0.092746
-0.103549
-0.091589
-0.100297
-0.095516
-0.098865
-0.098755
-0.097867
-0.100466
-0.098372
-0.100581
-0.097582
-0.101835
-0.097278
-0.103008
-0.097716
-0.103261
-0.097359
-0.103071
-0.097653
-0.103045
-0.097775
-0.101215
-0.099760
-0.100513
-0.099893
-0.101455
-0.099832
-0.101340
-0.101756
-0.100264
-0.100536
-0.102796
-0.101178
-0.100357
-0.101694
-0.101661
-0.100849
-0.101540
-0.101247
-0.100974
-0.101206
-0.101603
-0.100547
-0.102179
-0.100634
-0.102250
-0.100717
-0.102220
-0.100817
-0.102266
0.049630
0.355642
0.297275
0.322511
0.093716
0.160868
-0.052085
-0.013019
-0.084020
-0.032948
-0.059853
-0.022354
-0.065375
-0.053325
-0.091875
-0.084479
-0.092372
-0.100928
-0.096613
-0.096520
-0.099839
-0.098819
-0.098505
-0.101005
-0.102180
-0.094002
-0.099006
-0.090452
-0.096160
-0.092030
-0.094539
-0.099469
-0.096492
-0.101163
-0.100095
-0.094898
-0.097838
-0.099900
-0.090744
-0.103416
-0.102587
-0.105618
-0.104192
-0.095522
-0.098369
-0.099234
-0.101599
-0.103577
-0.103495
-0.102767
-0.102903
-0.102567
-0.102676
-0.105109
-0.103382
-0.106613
-0.103519
-0.106024
-0.104653
-0.105590
-0.104880
-0.105898
-0.104940
-0.105872
-0.105142
-0.105781
-0.104491
-0.106438
-0.104265
-0.107083
-0.103772
-0.107517
-0.104209
-0.107143
-0.104799
-0.106637
-0.104125
-0.107413
-0.103663
-0.105233
-0.105590
-0.106547
-0.105954
-0.105447
-0.104081
-0.107156
-0.105072
-0.106321
-0.105431
-0.106599
-0.105291
-0.106815
-0.105355
-0.106538
-0.105599
-0.106362
-0.105835
-0.106142
-0.105961
-0.106193
0.266825
2.651154
1.032787
0.313995
0.103870
0.121385
0.047490
-0.043634
0.132749
-0.014894
0.108621
-0.038204
-0.003354
-0.075637
-0.057237
-0.074884
-0.080213
-0.071237
-0.075728
-0.075294
-0.079717
-0.079511
-0.081078
-0.081720
-0.084083
-0.089543
-0.082008
-0.090748
-0.076771
-0.090374
-0.077904
-0.081664
-0.094704
-0.080248
-0.097039
-0.080604
-0.095792
-0.080181
-0.097804
-0.079654
-0.087968
-0.096196
-0.082066
-0.092355
-0.092889
-0.092211
-0.091671
-0.096306
-0.089183
-0.097728
-0.092415
-0.094904
-0.097995
-0.095533
-0.098718
-0.096207
-0.099410
-0.097107
-0.098585
-0.097612
-0.098712
-0.098121
-0.098953
-0.098284
-0.099267
-0.098655
-0.100111
-0.098530
-0.100268
-0.098310
-0.101622
-0.097522
-0.101183
-0.098737
-0.099638
-0.098886
-0.100116
-0.098198
-0.100835
-0.098949
-0.097340
-0.103314
-0.098421
-0.098908
-0.100744
-0.099167
-0.100105
-0.099866
-0.100085
-0.099770
-0.101150
-0.099540
-0.101118
-0.100123
-0.100839
-0.100263
-0.100749
-0.100433
-0.100652
-0.100421
0.018576
0.730977
0.557442
0.108880
0.066108
-0.040078
0.025993
-0.082073
-0.024838
-0.041637
-0.061377
-0.048345
-0.069445
-0.057409
-0.075536
-0.082069
-0.073730
-0.087411
-0.079180
-0.086055
-0.085163
-0.087340
-0.086643
-0.090068
-0.088705
-0.089537
-0.091307
-0.087584
-0.092369
-0.088745
-0.093511
-0.092141
-0.091120
-0.097235
-0.092238
-0.098422
-0.095578
-0.100076
-0.094216
-0.094736
-0.099789
-0.100920
-0.093936
-0.098817
-0.099710
-0.098460
-0.100812
-0.097010
-0.100056
-0.095776
-0.100279
-0.096815
-0.099403
-0.098121
-0.098503
-0.099837
-0.098209
-0.100080
-0.098887
-0.099884
-0.099428
-0.099904
-0.099626
-0.100155
-0.099722
-0.100295
-0.099713
-0.100375
-0.099970
-0.100040
-0.100304
-0.100145
-0.100437
-0.100275
-0.100860
-0.100379
-0.101885
-0.100746
-0.101896
-0.100403
-0.101238
-0.101604
-0.101472
-0.100617
-0.101880
-0.101056
-0.102007
-0.101064
-0.101510
-0.101093
-0.101361
-0.101158
-0.101283
-0.101307
-0.101159
-0.101481
-0.101200
-0.101459
-0.101290
-0.101436
-3.305278
0.393063
-2.419111
-4.082432
-0.108999
-0.109004
0.254746
0.230426
0.835357
-0.138161
-0.108999
-0.109004
-0.107629
0.155473
0.320777
-0.424453
-0.108999
-0.109004
-0.734401
1.915794
2.771662
-3.317833
-0.108999
-0.109003
-0.289639
0.548670
0.560288
-1.278560
-0.109001
-0.109005
1.591353
2.532096
4.384983
-2.953768
-0.109002
-0.109004
6.623316
0.317079
7.389510
6.022348
-0.108999
-0.109003
3.087114
0.203953
0.021563
-0.035879
-0.069893
-0.086072
-0.087003
-0.091376
-0.096788
-0.097371
-0.098521
-0.100032
-0.100845
-0.102079
-0.101988
-0.101152
-0.101657
-0.101054
-0.084875
-0.096108
-0.103296
-0.098883
-0.099041
-0.103979
-0.105670
-0.106529
-0.107086
-0.106300
-0.106124
-0.106636
-0.106536
-0.106259
-0.106524
-0.106704
-0.106810
-0.106976
-0.107277
-0.107528
-0.107592
-0.105199
-0.104922
-0.106523
-0.105108
-0.104872
-0.106863
-0.106698
-0.106684
-0.107009
-0.106998
-0.106893
-0.107082
-0.107177
-0.107064
-0.107069
-0.107147
-0.107104
-0.107050
-0.107166
-0.106853
-0.107460
-0.108039
-0.107132
-0.106718
-0.108045
-0.107290
-0.107542
-0.107526
-0.107440
-0.107528
-0.107564
-0.107482
-0.107521
-0.107616
-0.107590
-0.107567
-0.107635
-0.107645
-0.107521
-0.107652
-0.107073
-0.107572
-0.107866
-0.107666
-0.107245
-0.107641
-0.107591
-0.107652
-0.107669
-0.107652
-0.107671
-0.107689
-0.107664
-0.107653
-0.107679
-0.107677
-0.107666
-0.107670
-0.107810
-0.107699
-0.107728
0.253836
0.121533
-0.057161
-0.083876
-0.099692
-0.098614
-0.100117
-0.102347
-0.100891
-0.103320
-0.102727
-0.103649
-0.104590
-0.103480
-0.105454
-0.105122
-0.105142
-0.108474
-0.105539
-0.105560
-0.103093
-0.107537
-0.103057
-0.103972
-0.105265
-0.105881
-0.106069
-0.106292
-0.106464
-0.106431
-0.106764
-0.106741
-0.106888
-0.107082
-0.106741
-0.107078
-0.106940
-0.106575
-0.107379
-0.107173
-0.107751
-0.106790
-0.108715
-0.107582
-0.107348
-0.107496
-0.107457
-0.107502
-0.107555
-0.107539
-0.107512
-0.107568
-0.107552
-0.107615
-0.107720
-0.107602
-0.107743
-0.107668
-0.107401
-0.107856
-0.107595
-0.107893
-0.107315
-0.108037
-0.107976
-0.107853
-0.107927
-0.107879
-0.107896
-0.107940
-0.107934
-0.107927
-0.107936
-0.107906
-0.107911
-0.107964
-0.107918
-0.107988
-0.107983
-0.107723
-0.108049
-0.107919
-0.108048
-0.107793
-0.107964
-0.107999
-0.107962
-0.107999
-0.107979
-0.107980
-0.107997
-0.108002
-0.108013
-0.108013
-0.108014
-0.108003
-0.107996
-0.108031
-0.108019
-0.108084
-0.107824
0.068384
-0.058532
-0.096450
-0.098843
-0.099133
-0.103158
-0.101845
-0.104982
-0.102524
-0.103718
-0.106308
-0.104801
-0.105823
-0.106171
-0.106254
-0.105768
-0.107851
-0.107797
-0.105521
-0.104760
-0.106950
-0.104402
-0.105000
-0.107260
-0.106777
-0.106668
-0.107433
-0.106909
-0.107535
-0.107384
-0.106948
-0.107559
-0.107337
-0.107339
-0.107660
-0.107507
-0.107071
-0.107692
-0.107582
-0.107815
-0.107337
-0.108595
-0.107574
-0.107689
-0.108118
-0.107934
-0.107831
-0.108082
-0.107833
-0.108076
-0.108203
-0.107922
-0.108100
-0.108055
-0.107973
-0.108177
-0.108170
-0.107863
-0.108165
-0.107988
-0.108145
-0.107791
-0.108261
-0.108100
-0.108010
-0.108201
-0.108172
-0.108100
-0.108234
-0.108081
-0.108129
-0.108277
-0.108157
-0.108229
-0.108232
-0.108145
-0.108248
-0.108303
-0.108119
-0.108311
-0.108250
-0.108314
-0.108164
-0.108299
-0.108286
-0.108221
-0.108263
-0.108283
-0.108250
-0.108297
-0.108261
-0.108232
-0.108279
-0.108261
-0.108276
-0.108263
-0.108254
-0.108249
-0.108308
0.516830
1.211865
0.358474
0.030201
-0.009389
-0.024681
-0.041141
-0.044517
-0.056950
-0.062560
-0.063064
-0.072312
-0.072975
-0.073793
-0.082173
-0.078798
-0.081193
-0.095409
-0.090986
-0.062313
-0.071348
-0.088879
-0.072984
-0.078313
-0.090281
-0.087805
-0.089589
-0.092829
-0.090415
-0.092717
-0.093945
-0.092245
-0.094794
-0.094709
-0.093529
-0.096560
-0.094848
-0.093576
-0.099459
-0.099168
-0.092088
-0.094228
-0.100831
-0.098335
-0.096540
-0.099315
-0.097997
-0.098077
-0.099519
-0.098349
-0.098969
-0.099743
-0.098698
-0.099707
-0.099917
-0.098924
-0.100511
-0.099752
-0.098116
-0.101217
-0.102272
-0.099243
-0.097888
-0.101321
-0.101428
-0.100174
-0.101413
-0.100954
-0.100700
-0.101519
-0.100969
-0.101076
-0.101627
-0.101027
-0.101407
-0.101719
-0.101057
-0.101887
-0.101686
-0.100296
-0.101604
-0.102851
-0.101914
-0.100742
-0.101737
-0.102028
-0.101560
-0.101942
-0.101908
-0.101748
-0.102000
-0.101904
-0.101861
-0.102020
-0.101932
-0.101914
-0.101956
-0.102017
-0.102288
-0.102012
0.073166
0.332933
-0.014087
-0.044244
-0.071032
-0.079166
-0.084137
-0.087971
-0.090604
-0.092549
-0.094214
-0.095578
-0.096720
-0.097463
-0.098344
-0.099273
-0.099037
-0.100493
-0.093747
-0.101766
-0.096024
-0.105733
-0.094070
-0.105915
-0.102893
-0.103129
-0.103509
-0.103539
-0.103720
-0.103911
-0.104033
-0.104153
-0.104270
-0.104449
-0.104475
-0.104544
-0.104869
-0.104508
-0.105331
-0.101720
-0.106976
-0.103336
-0.106865
-0.104438
-0.105868
-0.105664
-0.105655
-0.105783
-0.105797
-0.105839
-0.105902
-0.105953
-0.105994
-0.106022
-0.106116
-0.106139
-0.106124
-0.106409
-0.106151
-0.107177
-0.105091
-0.106933
-0.105308
-0.106448
-0.105957
-0.106273
-0.106294
-0.106293
-0.106359
-0.106380
-0.106399
-0.106425
-0.106453
-0.106474
-0.106474
-0.106516
-0.106535
-0.106436
-0.106704
-0.106341
-0.107199
-0.106316
-0.107170
-0.106538
-0.106764
-0.106636
-0.106681
-0.106691
-0.106682
-0.106696
-0.106701
-0.106703
-0.106709
-0.106713
-0.106717
-0.106728
-0.106712
-0.106800
-0.106511
-0.106852
1.591384
1.658614
0.292482
0.119688
0.072678
0.022256
-0.001990
-0.012624
-0.031376
-0.038705
-0.042456
-0.054639
-0.055827
-0.058506
-0.068637
-0.065530
-0.069604
-0.080039
-0.081256
-0.084538
-0.054416
-0.080508
-0.070465
-0.071418
-0.084240
-0.078870
-0.081421
-0.084958
-0.082355
-0.085152
-0.086596
-0.084778
-0.087732
-0.087826
-0.086387
-0.089790
-0.088191
-0.086606
-0.090777
-0.087585
-0.089258
-0.085237
-0.098916
-0.093241
-0.092572
-0.095821
-0.093918
-0.094098
-0.095652
-0.094332
-0.095044
-0.095969
-0.094821
-0.095940
-0.096403
-0.095252
-0.097048
-0.096967
-0.095268
-0.098277
-0.096142
-0.096551
-0.092476
-0.096910
-0.096315
-0.095588
-0.097285
-0.096761
-0.096646
-0.097617
-0.097039
-0.097214
-0.097874
-0.097233
-0.097648
-0.098085
-0.097292
-0.098129
-0.098459
-0.097134
-0.099483
-0.099134
-0.099700
-0.097916
-0.098772
-0.098760
-0.098242
-0.098693
-0.098614
-0.098449
-0.098732
-0.098624
-0.098580
-0.098759
-0.098669
-0.098659
-0.098720
-0.098666
-0.098502
-0.098728
