-1.631555
2.512198
1.142146
-10.609332
-0.116953
-0.116938
-0.198555
0.540575
2.595177
-1.284004
-0.116941
-0.116929
2.298745
1.241411
4.484463
-0.498558
-0.116949
-0.116951
-0.077764
1.085072
2.844302
-1.970910
-0.116947
-0.116949
0.600277
4.066363
8.758259
-5.406662
-0.116946
-0.116950
-0.161160
1.522610
2.827258
-3.457324
-0.116948
-0.116949
11.303694
-0.115499
11.307033
11.301529
-0.116946
-0.116949
8.145799
3.199413
13.643751
3.307912
-0.116946
-0.116951
1.408573
1.012560
1.009644
0.517543
0.386790
0.160885
0.111703
0.026178
0.063428
-0.026951
0.020923
-0.046989
-0.057971
-0.091043
-0.066916
-0.081074
-0.099822
-0.071470
-0.089833
-0.097630
-0.079863
-0.107643
-0.088008
-0.098535
-0.072353
-0.097063
-0.081284
-0.094498
-0.082824
-0.106995
-0.080612
-0.095066
-0.079213
-0.094855
-0.089902
-0.105157
-0.104649
-0.082240
-0.108906
-0.088900
-0.105572
-0.096780
-0.108025
-0.096379
-0.110137
-0.096871
-0.107613
-0.102400
-0.107379
-0.105361
-0.103951
-0.107775
-0.104085
-0.105820
-0.107500
-0.104705
-0.107476
-0.107361
-0.106307
-0.106259
-0.104749
-0.108239
-0.105547
-0.107038
-0.107553
-0.107097
-0.104685
-0.109244
-0.105112
-0.107994
-0.109487
-0.107215
-0.107359
-0.108138
-0.107953
-0.107159
-0.109430
-0.108065
-0.108461
-0.108480
-0.108701
-0.108122
-0.108864
-0.108732
-0.109071
-0.108603
-0.108813
-0.109243
-0.108543
-0.109158
-0.108827
-0.109010
-0.109048
-0.109026
-0.109184
-0.108669
-0.109528
-0.108427
-0.109682
-0.108446
-0.036110
0.010175
0.089197
0.091941
0.050605
0.062115
0.016460
-0.020335
-0.042590
-0.090448
-0.095435
-0.086326
-0.087365
-0.080706
-0.064155
-0.063832
-0.067034
-0.084458
-0.083671
-0.081024
-0.081047
-0.090424
-0.100924
-0.106966
-0.108051
-0.111764
-0.113499
-0.101468
-0.104643
-0.101272
-0.104310
-0.104079
-0.107690
-0.114794
-0.112932
-0.115700
-0.113669
-0.110418
-0.114949
-0.108441
-0.110289
-0.108900
-0.112168
-0.111835
-0.115490
-0.115490
-0.114852
-0.113624
-0.113717
-0.111339
-0.111059
-0.111135
-0.112837
-0.112476
-0.111943
-0.111943
-0.113155
-0.114734
-0.115195
-0.115484
-0.116103
-0.116183
-0.114063
-0.115155
-0.113666
-0.115112
-0.113991
-0.116193
-0.115446
-0.115920
-0.116476
-0.115752
-0.115960
-0.115758
-0.115042
-0.115589
-0.115352
-0.116010
-0.115659
-0.116553
-0.116558
-0.116146
-0.116285
-0.115993
-0.116212
-0.115608
-0.116424
-0.115832
-0.116599
-0.115776
-0.116731
-0.116013
-0.116528
-0.116243
-0.116354
-0.116309
-0.116415
-0.116145
-0.116570
-0.116049
2.284196
0.696543
0.264275
-0.049873
0.100079
-0.031897
-0.038102
-0.063025
0.018860
-0.090573
-0.003987
-0.083831
-0.030990
-0.088965
-0.062808
-0.092591
-0.073260
-0.086702
-0.101104
-0.080935
-0.098425
-0.085999
-0.101998
-0.079019
-0.100558
-0.089643
-0.094218
-0.094782
-0.103094
-0.100730
-0.098920
-0.108078
-0.102278
-0.097246
-0.111304
-0.108472
-0.100052
-0.110137
-0.107714
-0.102539
-0.110586
-0.108450
-0.105150
-0.105588
-0.106914
-0.107161
-0.104956
-0.110117
-0.106069
-0.108819
-0.106911
-0.109725
-0.107325
-0.108573
-0.109522
-0.107806
-0.109725
-0.107350
-0.110907
-0.106476
-0.112455
-0.106858
-0.111168
-0.108533
-0.109444
-0.109699
-0.111146
-0.108516
-0.110415
-0.110735
-0.109893
-0.110551
-0.111156
-0.109370
-0.110987
-0.110710
-0.110594
-0.109959
-0.111292
-0.109582
-0.111577
-0.109909
-0.111171
-0.110372
-0.110886
-0.110544
-0.110859
-0.110832
-0.110650
-0.110969
-0.110723
-0.110985
-0.110671
-0.111022
-0.110905
-0.110942
-0.110875
-0.111021
-0.110856
-0.110847
-0.080839
0.564093
0.133782
0.136315
0.054644
0.081527
-0.026159
-0.008127
0.034970
-0.056779
-0.066527
-0.101371
-0.084212
-0.085571
-0.078682
-0.081841
-0.087080
-0.090187
-0.090406
-0.094649
-0.096966
-0.099008
-0.104165
-0.107281
-0.114824
-0.104036
-0.103922
-0.097525
-0.106451
-0.105289
-0.102914
-0.107113
-0.110546
-0.109607
-0.113586
-0.115185
-0.111651
-0.114229
-0.110801
-0.111525
-0.108872
-0.114555
-0.108539
-0.110438
-0.112010
-0.113585
-0.114438
-0.115377
-0.112779
-0.114963
-0.112703
-0.115676
-0.112806
-0.114920
-0.113691
-0.115573
-0.113696
-0.115991
-0.115361
-0.115994
-0.114586
-0.115225
-0.113881
-0.114674
-0.114565
-0.114991
-0.114818
-0.116522
-0.115865
-0.116485
-0.116344
-0.115999
-0.116433
-0.116669
-0.115010
-0.116018
-0.116156
-0.115177
-0.116451
-0.115728
-0.116914
-0.116275
-0.116557
-0.116330
-0.116440
-0.116452
-0.116443
-0.116469
-0.116580
-0.116577
-0.116539
-0.116730
-0.116582
-0.116752
-0.116623
-0.116857
-0.116481
-0.116897
-0.116494
-0.116744
0.567081
2.626324
0.678111
0.504589
-0.051991
0.201265
-0.034605
0.077590
-0.002396
0.048576
-0.096244
-0.006713
-0.064980
-0.029552
-0.088264
-0.057244
-0.078440
-0.065622
-0.086330
-0.073412
-0.080385
-0.076014
-0.091675
-0.074535
-0.085585
-0.080800
-0.092589
-0.077411
-0.090315
-0.093526
-0.081030
-0.092944
-0.092594
-0.073350
-0.104570
-0.096738
-0.080955
-0.100534
-0.090499
-0.091513
-0.100821
-0.094167
-0.094525
-0.099992
-0.096118
-0.099234
-0.097402
-0.099969
-0.097743
-0.100123
-0.099673
-0.100484
-0.099890
-0.101590
-0.100598
-0.101536
-0.100448
-0.102832
-0.100722
-0.102991
-0.100519
-0.104647
-0.101059
-0.103221
-0.101941
-0.104057
-0.101693
-0.104247
-0.100624
-0.104134
-0.103343
-0.104702
-0.101790
-0.104419
-0.102926
-0.104481
-0.103661
-0.104395
-0.103467
-0.105041
-0.103906
-0.104661
-0.104178
-0.104764
-0.104422
-0.104645
-0.104591
-0.104785
-0.104695
-0.104805
-0.104728
-0.104924
-0.104732
-0.104805
-0.104998
-0.104931
-0.104678
-0.105210
-0.104782
-0.104792
-0.052115
0.874115
0.429839
-0.065293
0.006794
0.005492
-0.061296
0.011486
-0.086131
-0.037767
-0.072057
-0.066293
-0.070484
-0.065592
-0.088786
-0.067115
-0.087859
-0.078842
-0.086412
-0.085213
-0.089265
-0.085077
-0.095255
-0.090699
-0.094485
-0.092604
-0.098888
-0.094955
-0.099410
-0.092988
-0.102849
-0.099962
-0.099656
-0.095052
-0.105511
-0.103641
-0.099073
-0.104103
-0.101006
-0.103911
-0.102107
-0.105300
-0.101650
-0.104005
-0.103585
-0.104926
-0.103540
-0.104527
-0.104205
-0.105658
-0.104443
-0.104839
-0.105208
-0.106057
-0.104781
-0.106088
-0.105352
-0.106424
-0.106142
-0.105677
-0.106449
-0.107031
-0.106282
-0.106804
-0.106370
-0.107482
-0.107695
-0.106088
-0.107936
-0.107348
-0.107631
-0.107458
-0.108310
-0.106966
-0.107917
-0.108159
-0.107693
-0.107946
-0.107761
-0.108131
-0.108118
-0.107923
-0.108060
-0.108239
-0.108084
-0.108279
-0.108114
-0.108321
-0.108307
-0.108286
-0.108298
-0.108430
-0.108364
-0.108381
-0.108428
-0.108471
-0.108391
-0.108511
-0.108354
-0.108534
-3.392368
0.493934
-2.408192
-4.118452
-0.116946
-0.116952
0.440758
0.159052
0.766342
-0.030176
-0.116949
-0.116951
0.183705
0.174996
0.560396
-0.264496
-0.116948
-0.116952
0.155279
1.936430
2.747823
-2.803148
-0.116948
-0.116952
-0.022741
0.573492
0.865133
-1.253649
-0.116949
-0.116951
-0.145629
3.033685
4.885031
-3.476853
-0.116946
-0.116952
7.288188
0.339558
8.324266
6.511525
-0.116947
-0.116951
3.156157
0.303555
-0.036102
-0.079576
-0.101883
-0.108153
-0.108592
-0.113808
-0.112189
-0.113700
-0.114513
-0.114045
-0.116598
-0.116433
-0.115405
-0.104677
-0.108674
-0.103715
-0.106762
-0.107769
-0.105023
-0.111343
-0.112612
-0.113007
-0.113897
-0.113723
-0.114192
-0.114409
-0.114418
-0.114932
-0.114828
-0.115158
-0.115491
-0.113514
-0.110673
-0.114696
-0.111794
-0.113311
-0.115569
-0.115385
-0.115344
-0.115453
-0.115327
-0.115471
-0.115466
-0.115456
-0.115559
-0.115434
-0.115477
-0.115378
-0.114528
-0.114538
-0.116314
-0.115122
-0.116028
-0.116556
-0.116220
-0.116152
-0.116135
-0.116083
-0.116155
-0.116122
-0.116133
-0.116154
-0.116110
-0.116160
-0.116130
-0.116031
-0.116319
-0.116792
-0.116397
-0.116116
-0.116492
-0.116294
-0.116345
-0.116366
-0.116384
-0.116426
-0.116418
-0.116436
-0.116449
-0.116459
-0.116491
-0.116497
-0.116522
-0.116532
-0.116635
-0.116428
-0.116428
-0.116542
-0.116480
-0.116530
-0.116542
-0.116545
-0.116568
-0.116542
-0.116524
-0.116567
-0.116564
-0.116571
0.438535
0.072821
-0.073191
-0.104107
-0.110215
-0.111218
-0.114171
-0.115018
-0.113919
-0.115219
-0.114843
-0.115106
-0.114005
-0.114615
-0.113298
-0.112715
-0.114591
-0.109458
-0.109617
-0.116062
-0.114582
-0.115096
-0.115849
-0.115854
-0.116234
-0.116256
-0.116436
-0.116300
-0.116498
-0.116490
-0.116372
-0.116393
-0.116373
-0.115991
-0.114732
-0.116461
-0.115491
-0.116069
-0.116525
-0.116741
-0.116684
-0.116821
-0.116792
-0.116742
-0.116727
-0.116779
-0.116730
-0.116603
-0.116648
-0.116521
-0.116409
-0.116446
-0.116417
-0.116148
-0.116784
-0.116879
-0.116885
-0.116863
-0.116902
-0.116835
-0.116791
-0.116810
-0.116799
-0.116777
-0.116750
-0.116779
-0.116750
-0.116780
-0.116862
-0.116545
-0.116737
-0.116795
-0.116872
-0.116895
-0.116873
-0.116880
-0.116853
-0.116851
-0.116868
-0.116864
-0.116869
-0.116869
-0.116871
-0.116874
-0.116878
-0.116872
-0.116835
-0.116915
-0.116908
-0.116888
-0.116893
-0.116894
-0.116897
-0.116894
-0.116887
-0.116914
-0.116916
-0.116904
-0.116909
-0.116910
0.181066
0.083849
-0.088702
-0.090760
-0.099537
-0.108434
-0.106500
-0.108141
-0.108516
-0.109733
-0.110512
-0.111018
-0.112914
-0.111060
-0.111713
-0.111716
-0.111064
-0.110047
-0.108373
-0.116618
-0.113399
-0.114262
-0.114596
-0.114408
-0.114325
-0.114370
-0.114570
-0.114608
-0.114763
-0.114965
-0.114756
-0.114800
-0.114770
-0.115388
-0.113717
-0.114939
-0.115720
-0.115055
-0.115416
-0.115425
-0.115462
-0.115349
-0.115424
-0.115475
-0.115490
-0.115552
-0.115569
-0.115559
-0.115487
-0.115534
-0.115680
-0.115178
-0.116140
-0.115616
-0.115696
-0.115799
-0.115801
-0.115835
-0.115740
-0.115799
-0.115809
-0.115825
-0.115845
-0.115843
-0.115858
-0.115804
-0.115868
-0.115897
-0.115841
-0.116057
-0.115795
-0.116076
-0.115929
-0.115968
-0.115969
-0.115932
-0.115962
-0.115967
-0.115979
-0.115987
-0.115988
-0.115996
-0.115983
-0.116009
-0.116012
-0.116023
-0.116010
-0.116016
-0.116096
-0.115995
-0.116033
-0.116027
-0.116024
-0.116033
-0.116025
-0.116044
-0.116053
-0.116034
-0.116043
-0.116039
0.140968
1.205634
0.332388
0.098056
0.032481
0.004177
-0.014758
-0.028830
-0.039395
-0.047489
-0.053874
-0.058893
-0.062967
-0.065309
-0.064519
-0.056278
-0.073674
-0.090877
-0.062569
-0.098586
-0.083512
-0.088886
-0.089899
-0.090837
-0.091681
-0.092523
-0.093252
-0.093963
-0.094609
-0.095206
-0.095693
-0.096089
-0.096201
-0.101439
-0.095583
-0.098235
-0.098284
-0.095807
-0.099687
-0.100069
-0.100342
-0.100590
-0.100865
-0.101098
-0.101347
-0.101562
-0.101770
-0.101960
-0.102115
-0.102152
-0.102579
-0.100939
-0.104930
-0.101010
-0.103075
-0.104674
-0.104295
-0.104190
-0.104220
-0.104305
-0.104395
-0.104492
-0.104587
-0.104682
-0.104773
-0.104842
-0.104886
-0.105012
-0.105406
-0.106716
-0.104360
-0.106565
-0.105991
-0.105853
-0.105830
-0.105891
-0.105966
-0.106037
-0.106088
-0.106170
-0.106220
-0.106284
-0.106341
-0.106406
-0.106502
-0.106732
-0.106599
-0.106284
-0.106814
-0.106463
-0.106644
-0.106647
-0.106679
-0.106735
-0.106702
-0.106735
-0.106753
-0.106712
-0.106793
-0.106786
-0.031124
0.263149
0.107591
0.000853
-0.031103
-0.049078
-0.060559
-0.068836
-0.074708
-0.079475
-0.083297
-0.086225
-0.088824
-0.090896
-0.092759
-0.094642
-0.099936
-0.099957
-0.090198
-0.096706
-0.101753
-0.101311
-0.101771
-0.102319
-0.102858
-0.103366
-0.103862
-0.104308
-0.104729
-0.105142
-0.105517
-0.105906
-0.106343
-0.105957
-0.105861
-0.106400
-0.107716
-0.107673
-0.107489
-0.107734
-0.107952
-0.108144
-0.108330
-0.108496
-0.108655
-0.108810
-0.108948
-0.109077
-0.109192
-0.109276
-0.109147
-0.109729
-0.110598
-0.109418
-0.109563
-0.109925
-0.110068
-0.110165
-0.110248
-0.110331
-0.110403
-0.110478
-0.110549
-0.110612
-0.110678
-0.110739
-0.110801
-0.110867
-0.111144
-0.111135
-0.110437
-0.111018
-0.111236
-0.111166
-0.111190
-0.111221
-0.111256
-0.111287
-0.111316
-0.111351
-0.111381
-0.111408
-0.111434
-0.111460
-0.111484
-0.111504
-0.111473
-0.111442
-0.111635
-0.111608
-0.111567
-0.111589
-0.111603
-0.111609
-0.111617
-0.111634
-0.111646
-0.111643
-0.111639
-0.111644
-0.111651
1.828702
0.610294
0.324458
0.214401
0.147714
0.103243
0.071956
0.048283
0.029981
0.015415
0.003335
-0.006545
-0.014905
-0.021994
-0.024328
-0.044048
-0.047212
-0.004033
-0.058130
-0.051444
-0.053993
-0.056471
-0.058878
-0.061073
-0.063175
-0.065087
-0.066884
-0.068585
-0.070140
-0.071601
-0.073001
-0.074249
-0.077866
-0.070534
-0.075018
-0.082585
-0.077509
-0.079748
-0.080590
-0.081401
-0.082151
-0.082868
-0.083526
-0.084174
-0.084769
-0.085333
-0.085860
-0.086361
-0.086814
-0.087238
-0.085839
-0.092230
-0.086882
-0.087936
-0.089535
-0.089742
-0.090087
-0.090417
-0.090729
-0.091032
-0.091320
-0.091590
-0.091855
-0.092102
-0.092344
-0.092573
-0.092764
-0.093173
-0.094506
-0.091145
-0.094195
-0.093937
-0.093943
-0.094092
-0.094237
-0.094379
-0.094515
-0.094622
-0.094773
-0.094877
-0.094986
-0.095089
-0.095187
-0.095279
-0.095435
-0.095308
-0.095133
-0.096026
-0.095517
-0.095669
-0.095726
-0.095774
-0.095826
-0.095794
-0.095897
-0.095962
-0.095874
-0.095930
-0.095936
