-1.963687
1.791462
0.445579
-8.961080
-0.104070
-0.104050
-0.001472
0.401255
2.865545
-0.982938
-0.104054
-0.104019
2.238073
0.780057
3.726404
0.022724
-0.104067
-0.104065
-0.230647
0.971334
1.977161
-2.406659
-0.104065
-0.104065
0.259995
3.263318
6.679374
-6.005148
-0.104063
-0.104065
-0.144321
1.314764
2.878797
-2.514628
-0.104063
-0.104064
12.732868
-0.102231
12.736985
12.730329
-0.104062
-0.104066
8.079843
2.663542
13.662977
4.708173
-0.104061
-0.104066
1.756332
0.581877
0.748965
0.462414
0.169979
0.105548
0.036673
0.017345
0.041950
0.047275
0.064821
0.040349
-0.006649
-0.043169
-0.081355
-0.070150
-0.097438
-0.080108
-0.100640
-0.096858
-0.086575
-0.084738
-0.091865
-0.089426
-0.095692
-0.095990
-0.097589
-0.093320
-0.094783
-0.093546
-0.097348
-0.098293
-0.101632
-0.097075
-0.102957
-0.097859
-0.099958
-0.090445
-0.087602
-0.078490
-0.081628
-0.090579
-0.090136
-0.097681
-0.095764
-0.093740
-0.097361
-0.086283
-0.089951
-0.098304
-0.100212
-0.094465
-0.092393
-0.093063
-0.095149
-0.101796
-0.097673
-0.099366
-0.099066
-0.094079
-0.096913
-0.093354
-0.095146
-0.101471
-0.100212
-0.102910
-0.102668
-0.101748
-0.102348
-0.102777
-0.102164
-0.100696
-0.101412
-0.102303
-0.101163
-0.102128
-0.101765
-0.102376
-0.100645
-0.103214
-0.102212
-0.102024
-0.101604
-0.102843
-0.101394
-0.102088
-0.100751
-0.101720
-0.097071
-0.099763
-0.097623
-0.099135
-0.102338
-0.100111
-0.102468
-0.101432
-0.100486
-0.100094
-0.097127
-0.101278
0.003036
-0.093603
0.014115
0.037050
0.002541
0.021367
0.007364
-0.005026
0.026450
-0.017348
-0.032927
-0.064577
-0.086602
-0.063500
-0.076982
-0.066428
-0.078300
-0.083355
-0.069998
-0.087258
-0.079567
-0.079723
-0.082496
-0.071524
-0.084488
-0.073770
-0.084498
-0.080619
-0.085396
-0.094431
-0.087927
-0.095194
-0.093590
-0.091853
-0.098715
-0.090908
-0.096663
-0.097219
-0.099617
-0.099160
-0.089884
-0.096387
-0.090398
-0.095242
-0.098085
-0.093536
-0.102825
-0.098073
-0.098666
-0.100000
-0.100201
-0.099988
-0.101729
-0.099659
-0.097786
-0.103856
-0.096222
-0.098745
-0.097795
-0.096334
-0.103140
-0.098533
-0.101495
-0.099091
-0.100401
-0.102334
-0.098767
-0.102362
-0.099155
-0.099870
-0.103113
-0.098542
-0.101812
-0.099227
-0.098683
-0.101190
-0.097719
-0.103737
-0.098700
-0.101254
-0.100663
-0.099536
-0.102590
-0.099621
-0.100870
-0.101507
-0.099648
-0.101703
-0.100666
-0.102017
-0.099700
-0.099225
-0.103305
-0.098819
-0.101839
-0.100483
-0.100457
-0.102435
-0.101261
-0.101101
2.226251
0.344079
0.145354
0.106523
-0.057387
0.032984
0.029792
-0.071966
-0.026400
-0.067711
0.013349
-0.046781
-0.005764
-0.036334
-0.086741
-0.062544
-0.073791
-0.088544
-0.066865
-0.101154
-0.071036
-0.097592
-0.072110
-0.088292
-0.084730
-0.082729
-0.078867
-0.094976
-0.079998
-0.087711
-0.085955
-0.087438
-0.091783
-0.086841
-0.096712
-0.090492
-0.088948
-0.098857
-0.077395
-0.090356
-0.090745
-0.088229
-0.093895
-0.091962
-0.093566
-0.087192
-0.095019
-0.094671
-0.092014
-0.091256
-0.092798
-0.097509
-0.095271
-0.092668
-0.093510
-0.098686
-0.093487
-0.095172
-0.094247
-0.097110
-0.092092
-0.092003
-0.099602
-0.091896
-0.096327
-0.095733
-0.094380
-0.096796
-0.095400
-0.095909
-0.096599
-0.095899
-0.097570
-0.095441
-0.097654
-0.096714
-0.096174
-0.095989
-0.097553
-0.094957
-0.097482
-0.094862
-0.097642
-0.095536
-0.096526
-0.097326
-0.095768
-0.097121
-0.097437
-0.093317
-0.099444
-0.095971
-0.097574
-0.096333
-0.098363
-0.096599
-0.095891
-0.097450
-0.097635
-0.096944
0.029236
0.375008
0.132045
0.163281
0.187123
0.036017
0.118912
0.046013
0.006774
0.027083
-0.058373
-0.069458
-0.045670
-0.093013
-0.060427
-0.088988
-0.061592
-0.086222
-0.076026
-0.084577
-0.087127
-0.093164
-0.085106
-0.096808
-0.083851
-0.092202
-0.089477
-0.092869
-0.093625
-0.095554
-0.092408
-0.100267
-0.088780
-0.096009
-0.091162
-0.090879
-0.099803
-0.097221
-0.096360
-0.092599
-0.095243
-0.097083
-0.090084
-0.096776
-0.092551
-0.090186
-0.101377
-0.096364
-0.097756
-0.097836
-0.097860
-0.101723
-0.099894
-0.101544
-0.095046
-0.098855
-0.098458
-0.093311
-0.102448
-0.097636
-0.097644
-0.101594
-0.099898
-0.100489
-0.098887
-0.099738
-0.100891
-0.098912
-0.101782
-0.099363
-0.100891
-0.099853
-0.100778
-0.099824
-0.100984
-0.099242
-0.101695
-0.099812
-0.101429
-0.100312
-0.101087
-0.100616
-0.101393
-0.099748
-0.102169
-0.099318
-0.101291
-0.100953
-0.101536
-0.100185
-0.099278
-0.102386
-0.099969
-0.098320
-0.103131
-0.098311
-0.101003
-0.101841
-0.100486
-0.100779
0.234590
1.868002
0.993764
0.311512
0.289315
0.073678
0.166005
0.045781
-0.017546
0.117192
-0.016900
0.024401
0.051848
-0.089263
-0.023632
-0.046729
-0.072890
-0.033224
-0.083220
-0.040487
-0.074531
-0.057977
-0.053798
-0.085612
-0.057873
-0.077218
-0.067837
-0.066331
-0.084514
-0.065726
-0.081601
-0.074799
-0.075999
-0.082902
-0.072808
-0.089376
-0.077192
-0.082273
-0.090826
-0.070087
-0.087195
-0.082594
-0.082630
-0.087158
-0.089439
-0.080310
-0.091297
-0.080641
-0.089283
-0.083272
-0.082357
-0.098861
-0.084903
-0.092887
-0.088724
-0.089450
-0.089385
-0.086721
-0.092169
-0.089628
-0.086739
-0.095622
-0.086777
-0.090924
-0.091387
-0.090080
-0.091630
-0.091031
-0.090650
-0.091954
-0.090521
-0.093184
-0.090754
-0.091769
-0.092972
-0.090825
-0.093898
-0.090694
-0.093357
-0.092832
-0.091631
-0.093954
-0.091106
-0.094510
-0.091379
-0.093621
-0.093071
-0.091937
-0.093898
-0.092751
-0.090891
-0.094586
-0.092618
-0.091577
-0.095267
-0.091091
-0.095321
-0.091975
-0.093391
-0.094097
-0.051482
0.517093
0.571516
0.230750
0.029965
-0.011477
-0.037869
-0.025174
-0.044942
-0.050971
-0.060194
-0.081782
-0.042024
-0.080010
-0.074993
-0.077477
-0.078817
-0.078581
-0.084710
-0.081567
-0.084017
-0.085418
-0.081929
-0.090528
-0.081502
-0.091226
-0.086558
-0.087965
-0.091055
-0.088473
-0.092028
-0.090928
-0.092008
-0.092818
-0.092598
-0.092743
-0.093332
-0.095271
-0.090547
-0.094921
-0.092630
-0.095005
-0.092271
-0.094361
-0.091982
-0.094983
-0.090191
-0.101102
-0.091813
-0.091929
-0.095244
-0.096644
-0.095064
-0.090139
-0.097055
-0.095207
-0.097313
-0.095121
-0.096783
-0.095991
-0.096080
-0.096521
-0.096808
-0.095812
-0.096994
-0.096310
-0.097200
-0.096454
-0.097262
-0.097020
-0.096992
-0.097264
-0.096933
-0.097389
-0.097031
-0.097140
-0.097354
-0.097019
-0.097316
-0.097035
-0.097324
-0.097108
-0.097471
-0.096878
-0.097799
-0.096841
-0.097702
-0.097299
-0.097754
-0.097461
-0.097537
-0.097947
-0.097633
-0.097826
-0.097615
-0.097936
-0.096531
-0.097029
-0.099754
-0.096902
-3.491332
0.329062
-2.692346
-4.161233
-0.104063
-0.104067
0.106666
0.042836
0.231815
-0.457613
-0.104070
-0.104054
0.010938
0.241872
0.597957
-0.501191
-0.104063
-0.104067
-1.204124
1.621130
2.511999
-3.897754
-0.104063
-0.104065
-0.229772
0.735439
0.806012
-1.486816
-0.104065
-0.104069
0.587884
1.611329
2.465860
-2.621218
-0.104065
-0.104068
6.731879
0.994117
9.320067
5.600192
-0.104060
-0.104063
3.282691
0.121056
0.031653
0.032091
-0.047933
-0.077446
-0.089023
-0.089233
-0.090693
-0.096205
-0.095217
-0.096909
-0.096259
-0.095902
-0.098368
-0.098812
-0.099579
-0.096968
-0.096820
-0.098222
-0.097417
-0.095673
-0.089319
-0.097802
-0.096089
-0.103408
-0.098476
-0.096162
-0.096708
-0.099999
-0.101531
-0.101882
-0.102540
-0.102526
-0.102314
-0.102235
-0.102333
-0.102488
-0.102121
-0.102381
-0.102651
-0.102599
-0.102331
-0.102059
-0.102077
-0.102089
-0.102273
-0.100996
-0.103642
-0.101543
-0.103602
-0.102438
-0.102564
-0.102775
-0.103743
-0.103257
-0.103029
-0.103199
-0.103346
-0.103253
-0.103370
-0.103316
-0.103366
-0.103345
-0.103295
-0.103391
-0.103402
-0.103569
-0.103444
-0.103257
-0.103269
-0.103504
-0.103553
-0.103016
-0.102402
-0.103326
-0.103795
-0.103077
-0.102998
-0.103724
-0.103784
-0.103647
-0.103552
-0.103581
-0.103696
-0.103757
-0.103771
-0.103728
-0.103797
-0.103750
-0.103717
-0.103784
-0.103817
-0.103934
-0.103916
-0.103831
-0.103650
-0.103488
-0.102849
-0.103144
0.103209
-0.047503
-0.050352
-0.061763
-0.074870
-0.076557
-0.086284
-0.087289
-0.090933
-0.092298
-0.093620
-0.094945
-0.094137
-0.095776
-0.096303
-0.095921
-0.097389
-0.097942
-0.098535
-0.098036
-0.098875
-0.098603
-0.097918
-0.100656
-0.099442
-0.098145
-0.097803
-0.097236
-0.099763
-0.099112
-0.099036
-0.099464
-0.099513
-0.099848
-0.100085
-0.100394
-0.100155
-0.100232
-0.100401
-0.100278
-0.100521
-0.100643
-0.100715
-0.100832
-0.100754
-0.100942
-0.100794
-0.100963
-0.100445
-0.100457
-0.100428
-0.100792
-0.100988
-0.101325
-0.101235
-0.101319
-0.101170
-0.101263
-0.101272
-0.101343
-0.101374
-0.101372
-0.101453
-0.101393
-0.101396
-0.101490
-0.101467
-0.101500
-0.101507
-0.101574
-0.101504
-0.101522
-0.101596
-0.101259
-0.101409
-0.101609
-0.101821
-0.101981
-0.101692
-0.101788
-0.101797
-0.101726
-0.101740
-0.101716
-0.101720
-0.101706
-0.101783
-0.101790
-0.101754
-0.101786
-0.101748
-0.101742
-0.101763
-0.101770
-0.101827
-0.101773
-0.101816
-0.101754
-0.101856
-0.101901
0.011360
0.119907
-0.014593
-0.079966
-0.089749
-0.095157
-0.096201
-0.097421
-0.098091
-0.097876
-0.099253
-0.100811
-0.101513
-0.100761
-0.101251
-0.100836
-0.102059
-0.102905
-0.102206
-0.102783
-0.102186
-0.102206
-0.102339
-0.100342
-0.094860
-0.100953
-0.100863
-0.099501
-0.100088
-0.101675
-0.101916
-0.101870
-0.102318
-0.102186
-0.102496
-0.102808
-0.102636
-0.102666
-0.102600
-0.102712
-0.102938
-0.103012
-0.102879
-0.103013
-0.102923
-0.102971
-0.103029
-0.102504
-0.103575
-0.102076
-0.102458
-0.102282
-0.103344
-0.102441
-0.102850
-0.102839
-0.102880
-0.102986
-0.103012
-0.103124
-0.103108
-0.103069
-0.103053
-0.103111
-0.103111
-0.103163
-0.103104
-0.103097
-0.103183
-0.103174
-0.103250
-0.103255
-0.103100
-0.103034
-0.104018
-0.103231
-0.102548
-0.103375
-0.103316
-0.103205
-0.103178
-0.103213
-0.103181
-0.103235
-0.103214
-0.103177
-0.103224
-0.103226
-0.103256
-0.103237
-0.103194
-0.103181
-0.103230
-0.103228
-0.103280
-0.103298
-0.103306
-0.103487
-0.103076
-0.103131
0.991875
0.925444
0.469863
0.031513
0.030708
0.002682
-0.023282
-0.035501
-0.043630
-0.049457
-0.053634
-0.057490
-0.061447
-0.065605
-0.069387
-0.072214
-0.073761
-0.074397
-0.074984
-0.075544
-0.078178
-0.076598
-0.073318
-0.080668
-0.057195
-0.085637
-0.092776
-0.075715
-0.091692
-0.087441
-0.085840
-0.087564
-0.088876
-0.090073
-0.090605
-0.090565
-0.090317
-0.090217
-0.090478
-0.091081
-0.091858
-0.092491
-0.092742
-0.092519
-0.092058
-0.092050
-0.091899
-0.090695
-0.097383
-0.090674
-0.092142
-0.091849
-0.099591
-0.094411
-0.095045
-0.094580
-0.094268
-0.094491
-0.094931
-0.095376
-0.095666
-0.095703
-0.095559
-0.095391
-0.095355
-0.095521
-0.095853
-0.096211
-0.096405
-0.096363
-0.095988
-0.095950
-0.096048
-0.094547
-0.098619
-0.095939
-0.093521
-0.096992
-0.096678
-0.097120
-0.097180
-0.096772
-0.096558
-0.096508
-0.096655
-0.096901
-0.097111
-0.097180
-0.097085
-0.096910
-0.096771
-0.096770
-0.096930
-0.097209
-0.097466
-0.097440
-0.097303
-0.097484
-0.094835
-0.096754
0.017014
0.483709
-0.029775
-0.073238
-0.098861
-0.099637
-0.100310
-0.101401
-0.101940
-0.102426
-0.102429
-0.102571
-0.102518
-0.102751
-0.102811
-0.102990
-0.103079
-0.103207
-0.103158
-0.103110
-0.103028
-0.103008
-0.100756
-0.100489
-0.085732
-0.103526
-0.088706
-0.100794
-0.101384
-0.102996
-0.102885
-0.102862
-0.102958
-0.103040
-0.103100
-0.103105
-0.103089
-0.103046
-0.103025
-0.103031
-0.103059
-0.103106
-0.103130
-0.103109
-0.103042
-0.102983
-0.102940
-0.102390
-0.103433
-0.099099
-0.103200
-0.100317
-0.103288
-0.103535
-0.103486
-0.103395
-0.103321
-0.103274
-0.103266
-0.103270
-0.103288
-0.103283
-0.103267
-0.103229
-0.103210
-0.103199
-0.103214
-0.103224
-0.103228
-0.103197
-0.103154
-0.103098
-0.102796
-0.102918
-0.101769
-0.103111
-0.102990
-0.102920
-0.103562
-0.103387
-0.103390
-0.103364
-0.103321
-0.103298
-0.103293
-0.103307
-0.103317
-0.103322
-0.103308
-0.103290
-0.103273
-0.103270
-0.103277
-0.103296
-0.103304
-0.103288
-0.103244
-0.103157
-0.102803
-0.103131
0.570565
1.090155
0.120893
-0.008927
-0.068885
-0.075814
-0.081524
-0.084917
-0.087727
-0.090332
-0.092654
-0.094334
-0.095224
-0.095591
-0.095502
-0.095634
-0.096233
-0.097259
-0.098652
-0.099760
-0.100366
-0.100263
-0.094660
-0.095260
-0.074731
-0.095242
-0.066157
-0.086821
-0.099630
-0.099268
-0.099846
-0.099760
-0.099329
-0.099066
-0.099039
-0.099300
-0.099734
-0.100160
-0.100405
-0.100346
-0.100106
-0.099892
-0.099852
-0.100038
-0.100453
-0.100955
-0.101267
-0.102575
-0.098709
-0.094278
-0.099312
-0.094794
-0.098627
-0.101102
-0.100744
-0.101104
-0.101256
-0.101215
-0.101019
-0.100804
-0.100682
-0.100702
-0.100842
-0.101017
-0.101150
-0.101147
-0.101011
-0.100831
-0.100697
-0.100692
-0.100793
-0.101004
-0.101265
-0.100259
-0.097817
-0.101325
-0.102684
-0.102057
-0.100658
-0.100908
-0.101016
-0.101204
-0.101380
-0.101431
-0.101357
-0.101217
-0.101101
-0.101070
-0.101128
-0.101254
-0.101370
-0.101396
-0.101303
-0.101132
-0.100964
-0.100871
-0.100940
-0.100723
-0.101813
-0.101020
