-1.956589
1.450872
0.410241
-7.442888
-0.105175
-0.105168
-0.007982
0.410228
2.495354
-1.005391
-0.105164
-0.105145
2.088667
0.924116
4.268716
-0.637467
-0.105175
-0.105172
-0.200021
1.281725
3.198700
-2.689287
-0.105172
-0.105173
0.128375
3.284430
6.475010
-6.068913
-0.105172
-0.105174
-0.158829
1.351907
2.734173
-5.015399
-0.105174
-0.105169
12.951558
-0.103046
12.956549
12.948426
-0.105170
-0.105174
8.022309
2.481039
13.177941
4.376313
-0.105170
-0.105175
1.752854
0.545020
0.633203
0.185775
0.026514
0.027172
0.024272
0.050689
-0.037891
0.004753
0.021871
-0.036955
-0.028478
-0.056668
-0.041560
-0.070397
-0.060017
-0.098299
-0.085979
-0.067479
-0.075832
-0.063612
-0.074093
-0.047334
-0.058129
-0.037718
-0.060084
-0.057355
-0.083721
-0.074296
-0.094880
-0.079602
-0.103401
-0.092566
-0.092450
-0.093370
-0.086152
-0.099266
-0.086328
-0.099251
-0.082385
-0.101559
-0.089244
-0.092641
-0.100221
-0.089191
-0.099010
-0.094783
-0.098517
-0.094065
-0.101204
-0.102539
-0.094820
-0.097865
-0.097508
-0.099460
-0.093974
-0.095043
-0.102903
-0.094104
-0.096224
-0.096923
-0.098463
-0.097827
-0.097197
-0.100175
-0.097043
-0.100541
-0.098308
-0.098914
-0.098110
-0.098975
-0.098418
-0.096299
-0.098762
-0.095323
-0.097764
-0.096860
-0.099089
-0.097874
-0.101017
-0.097873
-0.100243
-0.098884
-0.100306
-0.099132
-0.099695
-0.099913
-0.099226
-0.100438
-0.098647
-0.099824
-0.098259
-0.101131
-0.099012
-0.098192
-0.100299
-0.101155
-0.100526
-0.100286
-0.005866
-0.016524
0.062415
0.037312
-0.055631
0.010863
-0.042240
-0.008668
-0.023814
-0.011095
-0.010347
-0.035246
-0.053778
-0.077574
-0.061057
-0.069298
-0.046587
-0.078028
-0.072224
-0.090415
-0.070370
-0.084640
-0.078408
-0.100928
-0.095070
-0.097783
-0.095863
-0.102012
-0.088231
-0.092803
-0.085456
-0.098204
-0.091498
-0.096257
-0.086347
-0.094885
-0.092573
-0.100104
-0.095301
-0.095983
-0.090234
-0.093407
-0.096424
-0.096996
-0.100191
-0.098523
-0.103983
-0.100056
-0.103267
-0.103220
-0.103798
-0.104176
-0.102991
-0.102721
-0.103645
-0.101061
-0.103230
-0.100042
-0.101638
-0.099873
-0.099980
-0.099464
-0.102233
-0.102204
-0.102445
-0.102059
-0.100361
-0.102061
-0.101841
-0.103737
-0.101707
-0.103316
-0.101725
-0.103912
-0.103960
-0.103528
-0.103418
-0.104523
-0.103254
-0.102983
-0.102821
-0.103319
-0.103483
-0.103664
-0.102587
-0.103554
-0.102903
-0.104400
-0.103356
-0.104562
-0.102751
-0.104575
-0.102977
-0.104851
-0.103488
-0.104100
-0.104005
-0.104128
-0.104246
-0.104225
2.074783
0.395682
0.126118
0.207901
-0.026908
0.037239
0.022710
-0.056282
-0.008141
0.060028
-0.047998
0.021623
-0.087036
-0.006785
-0.093151
-0.038071
-0.090733
-0.062335
-0.071841
-0.087213
-0.057811
-0.092180
-0.045894
-0.086987
-0.052647
-0.094148
-0.057301
-0.091683
-0.061598
-0.099452
-0.073531
-0.093396
-0.083538
-0.089705
-0.088575
-0.082974
-0.094424
-0.080307
-0.095456
-0.078888
-0.097446
-0.078219
-0.099997
-0.088355
-0.087769
-0.097812
-0.092675
-0.089915
-0.093248
-0.095118
-0.097511
-0.095001
-0.094792
-0.092139
-0.097322
-0.092189
-0.095774
-0.096262
-0.090982
-0.092655
-0.095487
-0.091553
-0.096861
-0.092286
-0.097509
-0.093300
-0.097743
-0.094088
-0.096644
-0.095892
-0.095328
-0.096088
-0.094587
-0.096652
-0.094631
-0.097152
-0.094913
-0.097030
-0.094757
-0.097209
-0.095337
-0.096750
-0.096091
-0.097155
-0.095941
-0.096976
-0.096531
-0.096601
-0.096631
-0.096381
-0.096603
-0.096205
-0.097218
-0.095179
-0.097467
-0.097762
-0.096399
-0.096784
-0.096984
-0.097690
-0.004040
0.385875
0.314622
0.396297
0.170001
0.172382
0.096767
0.020711
0.090422
0.031702
-0.001079
-0.055850
-0.069546
-0.083869
-0.081333
-0.080542
-0.078996
-0.074800
-0.089956
-0.076003
-0.085660
-0.074436
-0.090767
-0.078596
-0.096262
-0.081934
-0.100719
-0.083457
-0.097504
-0.085038
-0.099114
-0.089351
-0.100540
-0.092888
-0.099512
-0.096412
-0.099179
-0.099761
-0.100069
-0.097043
-0.092612
-0.092018
-0.089990
-0.101454
-0.092122
-0.093558
-0.093251
-0.091178
-0.099603
-0.100424
-0.101864
-0.102582
-0.097394
-0.096603
-0.103189
-0.094299
-0.100474
-0.097818
-0.096178
-0.103029
-0.097663
-0.104007
-0.100482
-0.101967
-0.101398
-0.103773
-0.101006
-0.102421
-0.101947
-0.102191
-0.101834
-0.101923
-0.101900
-0.101752
-0.102575
-0.101569
-0.102725
-0.101582
-0.103391
-0.101366
-0.103539
-0.101704
-0.103618
-0.102050
-0.103372
-0.102067
-0.103446
-0.102597
-0.102531
-0.102463
-0.104053
-0.101996
-0.103174
-0.101909
-0.102025
-0.104116
-0.101119
-0.101905
-0.102287
-0.102517
0.113413
1.922019
0.777914
0.482344
0.117650
0.371090
0.215584
0.014432
0.140608
0.005211
-0.003499
-0.049239
-0.042325
-0.067646
-0.075621
-0.059863
-0.086624
-0.066195
-0.079857
-0.070223
-0.082678
-0.078042
-0.076386
-0.091811
-0.083135
-0.090082
-0.082059
-0.094322
-0.084745
-0.092738
-0.086700
-0.087384
-0.090860
-0.091024
-0.091677
-0.088367
-0.095136
-0.093768
-0.091584
-0.092264
-0.093192
-0.093866
-0.086579
-0.101118
-0.084197
-0.087687
-0.092267
-0.087016
-0.085766
-0.093516
-0.094720
-0.089565
-0.095722
-0.088921
-0.098302
-0.086689
-0.099796
-0.093104
-0.092894
-0.100061
-0.095269
-0.098552
-0.096647
-0.098313
-0.097381
-0.098104
-0.098521
-0.097068
-0.098797
-0.097667
-0.098977
-0.097469
-0.098770
-0.098712
-0.098930
-0.098834
-0.098438
-0.099543
-0.098573
-0.099723
-0.098246
-0.099375
-0.098973
-0.099581
-0.098682
-0.099240
-0.099811
-0.099265
-0.099353
-0.099324
-0.099792
-0.099002
-0.099749
-0.098543
-0.098088
-0.099815
-0.097621
-0.097201
-0.098366
-0.099393
-0.025758
0.690748
0.401004
-0.005162
0.132778
0.032493
0.046186
-0.014939
0.059881
-0.026124
0.033040
-0.034545
-0.024830
-0.028793
-0.056135
-0.043698
-0.060763
-0.055238
-0.064120
-0.059783
-0.068517
-0.062071
-0.071455
-0.066289
-0.073959
-0.070090
-0.075790
-0.071498
-0.079858
-0.073258
-0.080257
-0.076296
-0.081407
-0.078323
-0.082887
-0.079015
-0.082866
-0.081386
-0.082174
-0.081558
-0.082068
-0.082463
-0.083296
-0.086470
-0.083533
-0.089352
-0.087947
-0.090218
-0.086350
-0.093329
-0.090868
-0.089513
-0.089413
-0.092098
-0.087469
-0.090123
-0.089163
-0.089456
-0.087521
-0.090010
-0.087064
-0.090107
-0.088700
-0.089069
-0.090163
-0.089949
-0.089972
-0.090625
-0.090412
-0.090751
-0.090642
-0.090850
-0.090767
-0.090971
-0.091098
-0.090996
-0.091254
-0.091104
-0.091663
-0.091120
-0.091735
-0.091360
-0.091834
-0.091526
-0.091902
-0.091406
-0.091808
-0.091785
-0.091482
-0.091509
-0.091802
-0.091426
-0.092108
-0.091758
-0.092226
-0.092860
-0.092644
-0.092626
-0.093485
-0.093520
-3.381924
0.244051
-2.866928
-4.075250
-0.105173
-0.105175
-0.010961
0.148957
0.316829
-0.497187
-0.105174
-0.105175
-0.030864
0.107821
0.417600
-0.316419
-0.105172
-0.105177
-1.037417
0.989958
2.029942
-2.364189
-0.105169
-0.105170
-0.104211
0.389186
0.851291
-0.861859
-0.105172
-0.105176
0.576398
2.546977
3.890062
-3.285372
-0.105173
-0.105177
7.095746
0.951929
8.940070
5.807423
-0.105171
-0.105176
3.169100
-0.023223
0.111034
-0.040601
-0.081740
-0.084302
-0.085777
-0.091322
-0.092277
-0.091735
-0.092437
-0.094944
-0.095778
-0.096800
-0.096282
-0.098647
-0.096084
-0.099285
-0.099198
-0.099844
-0.098214
-0.101245
-0.100745
-0.089657
-0.100566
-0.101191
-0.103313
-0.095276
-0.096779
-0.101348
-0.100885
-0.100733
-0.101298
-0.101498
-0.101245
-0.101088
-0.101777
-0.101637
-0.101771
-0.101803
-0.102076
-0.101533
-0.102220
-0.102176
-0.102250
-0.101892
-0.102633
-0.102248
-0.100682
-0.103018
-0.102308
-0.103409
-0.102177
-0.101230
-0.103275
-0.102417
-0.102762
-0.102674
-0.102966
-0.102646
-0.102804
-0.102883
-0.102905
-0.102870
-0.103002
-0.102897
-0.102909
-0.102992
-0.103116
-0.102976
-0.103057
-0.103089
-0.103114
-0.102679
-0.103197
-0.103290
-0.103767
-0.103008
-0.102649
-0.103657
-0.103059
-0.103357
-0.103200
-0.103382
-0.103173
-0.103316
-0.103251
-0.103317
-0.103275
-0.103329
-0.103258
-0.103317
-0.103308
-0.103380
-0.103310
-0.103350
-0.103398
-0.103331
-0.103051
-0.103512
-0.012066
0.055395
-0.026919
-0.097435
-0.099131
-0.101394
-0.101187
-0.102405
-0.102358
-0.099988
-0.100748
-0.104692
-0.102952
-0.103246
-0.103521
-0.102136
-0.102159
-0.104466
-0.103678
-0.103477
-0.104220
-0.104275
-0.102317
-0.100037
-0.099814
-0.104105
-0.101820
-0.101661
-0.104172
-0.103746
-0.104389
-0.104455
-0.104282
-0.104378
-0.104317
-0.104164
-0.104622
-0.104335
-0.104398
-0.104436
-0.104403
-0.104289
-0.104685
-0.104426
-0.104509
-0.104614
-0.104473
-0.104306
-0.104241
-0.103710
-0.104814
-0.104359
-0.104015
-0.104394
-0.104412
-0.104677
-0.104640
-0.104587
-0.104683
-0.104675
-0.104556
-0.104675
-0.104642
-0.104652
-0.104703
-0.104720
-0.104617
-0.104723
-0.104675
-0.104734
-0.104728
-0.104731
-0.104826
-0.104670
-0.104362
-0.104738
-0.104532
-0.104364
-0.104538
-0.104676
-0.104777
-0.104717
-0.104724
-0.104760
-0.104719
-0.104672
-0.104742
-0.104748
-0.104744
-0.104774
-0.104737
-0.104696
-0.104751
-0.104762
-0.104758
-0.104773
-0.104818
-0.104736
-0.104515
-0.104527
-0.030292
0.035553
-0.092194
-0.065826
-0.087662
-0.092129
-0.096284
-0.097672
-0.099219
-0.097449
-0.099595
-0.101371
-0.100456
-0.101893
-0.101752
-0.102433
-0.102164
-0.102870
-0.102991
-0.102753
-0.103085
-0.104929
-0.103031
-0.101249
-0.101093
-0.101190
-0.100800
-0.100710
-0.100389
-0.102279
-0.102577
-0.102832
-0.102876
-0.103052
-0.102885
-0.103329
-0.103462
-0.103357
-0.103643
-0.103472
-0.103751
-0.103571
-0.103595
-0.103651
-0.103636
-0.103753
-0.103871
-0.103507
-0.102970
-0.103455
-0.103124
-0.103417
-0.103302
-0.103472
-0.103994
-0.104041
-0.103980
-0.103972
-0.104041
-0.104001
-0.104117
-0.104094
-0.104102
-0.104126
-0.104085
-0.104162
-0.104060
-0.104071
-0.104114
-0.104102
-0.104114
-0.104083
-0.103968
-0.103801
-0.104185
-0.104141
-0.104333
-0.104449
-0.104283
-0.104453
-0.104390
-0.104324
-0.104333
-0.104361
-0.104328
-0.104338
-0.104335
-0.104339
-0.104321
-0.104333
-0.104329
-0.104300
-0.104324
-0.104346
-0.104324
-0.104321
-0.104337
-0.104284
-0.104443
-0.104665
0.811378
0.503756
0.338429
-0.039306
0.032967
-0.030472
-0.040126
-0.052534
-0.058455
-0.065087
-0.067861
-0.072448
-0.073872
-0.077360
-0.078235
-0.080934
-0.081237
-0.083551
-0.083004
-0.085373
-0.083675
-0.083950
-0.089664
-0.073744
-0.096032
-0.098736
-0.085483
-0.090705
-0.096758
-0.090825
-0.095313
-0.094200
-0.095198
-0.094945
-0.095501
-0.095388
-0.095859
-0.095778
-0.096231
-0.096166
-0.096568
-0.096519
-0.096883
-0.096791
-0.097191
-0.096878
-0.097468
-0.097301
-0.096752
-0.101455
-0.103041
-0.101954
-0.099350
-0.097248
-0.098457
-0.098056
-0.098510
-0.098451
-0.098689
-0.098649
-0.098848
-0.098812
-0.098990
-0.098963
-0.099125
-0.099101
-0.099271
-0.099224
-0.099422
-0.099318
-0.099575
-0.099358
-0.099622
-0.100321
-0.100094
-0.100982
-0.100781
-0.098686
-0.098882
-0.099719
-0.099098
-0.099649
-0.099455
-0.099695
-0.099591
-0.099749
-0.099669
-0.099792
-0.099724
-0.099827
-0.099772
-0.099855
-0.099806
-0.099862
-0.099818
-0.099808
-0.099716
-0.100035
-0.099514
-0.099754
-0.101597
0.214475
0.015848
-0.045252
-0.084894
-0.089655
-0.092792
-0.094973
-0.095882
-0.097453
-0.097955
-0.098890
-0.099046
-0.099822
-0.100040
-0.100603
-0.100650
-0.101095
-0.101170
-0.101489
-0.101354
-0.102027
-0.099250
-0.099362
-0.100524
-0.097284
-0.094450
-0.098101
-0.101776
-0.102576
-0.103232
-0.102806
-0.103064
-0.102947
-0.103148
-0.103084
-0.103211
-0.103184
-0.103293
-0.103297
-0.103369
-0.103397
-0.103445
-0.103503
-0.103494
-0.103645
-0.103688
-0.103735
-0.104148
-0.102847
-0.101472
-0.102145
-0.103608
-0.104506
-0.103675
-0.103937
-0.103762
-0.103828
-0.103817
-0.103834
-0.103848
-0.103850
-0.103879
-0.103869
-0.103906
-0.103891
-0.103941
-0.103911
-0.103968
-0.103924
-0.104027
-0.103956
-0.104055
-0.103655
-0.103292
-0.103378
-0.104183
-0.104823
-0.103981
-0.103947
-0.104036
-0.104029
-0.104031
-0.104054
-0.104037
-0.104064
-0.104047
-0.104069
-0.104051
-0.104074
-0.104060
-0.104078
-0.104062
-0.104077
-0.104064
-0.104070
-0.104029
-0.103883
-0.103920
-0.104157
0.561008
1.753971
0.072802
-0.025999
-0.031140
-0.043381
-0.059894
-0.061802
-0.071014
-0.070828
-0.077537
-0.076739
-0.082087
-0.080753
-0.085058
-0.083357
-0.087314
-0.085227
-0.089065
-0.086033
-0.089819
-0.085297
-0.093899
-0.075809
-0.056698
-0.091504
-0.065150
-0.090256
-0.102943
-0.101300
-0.097811
-0.099101
-0.097699
-0.098766
-0.097804
-0.098704
-0.098017
-0.098806
-0.098247
-0.098937
-0.098439
-0.099102
-0.098621
-0.099303
-0.098690
-0.099477
-0.098604
-0.100883
-0.096812
-0.097360
-0.101361
-0.100517
-0.094688
-0.101554
-0.099573
-0.100192
-0.099776
-0.100316
-0.100024
-0.100421
-0.100175
-0.100532
-0.100310
-0.100653
-0.100427
-0.100769
-0.100533
-0.100908
-0.100653
-0.101080
-0.100795
-0.101399
-0.101453
-0.101920
-0.100045
-0.100495
-0.100046
-0.097269
-0.101268
-0.100060
-0.100859
-0.100379
-0.100929
-0.100576
-0.100963
-0.100685
-0.100994
-0.100769
-0.101025
-0.100829
-0.101044
-0.100878
-0.101065
-0.100930
-0.101080
-0.100983
-0.101129
-0.101309
-0.100361
-0.098953
