-2.486134
1.817305
0.261296
-7.953544
-0.107019
-0.107011
-0.534261
0.940650
3.783358
-2.664193
-0.107011
-0.107003
2.387796
1.206914
4.643747
-4.070027
-0.107023
-0.106986
1.098882
2.608726
7.221903
-5.627794
-0.107014
-0.107014
-0.556715
5.192211
8.443263
-9.419523
-0.107015
-0.107017
-0.916031
2.442018
3.093686
-8.444687
-0.107018
-0.107010
11.824437
-0.106459
11.825751
11.823193
-0.107013
-0.107013
6.626854
2.088908
9.770402
2.310622
-0.107016
-0.107017
2.267308
0.629269
0.513763
0.440088
0.018985
0.174100
0.229075
0.109627
0.074845
0.149383
-0.031676
0.173409
-0.008198
0.093005
0.064125
-0.059457
0.043189
-0.000517
-0.005647
0.017429
-0.059177
-0.019346
-0.068776
-0.063654
-0.081769
-0.083926
-0.087935
-0.082816
-0.082485
-0.062417
-0.083545
-0.048501
-0.074068
-0.060486
-0.064894
-0.097711
-0.066668
-0.077538
-0.082504
-0.062762
-0.103440
-0.075011
-0.095596
-0.085147
-0.082455
-0.091847
-0.092890
-0.091710
-0.100761
-0.098444
-0.102405
-0.104043
-0.098463
-0.095860
-0.103849
-0.096743
-0.092619
-0.096337
-0.096637
-0.093445
-0.104414
-0.091560
-0.102799
-0.092891
-0.095285
-0.103337
-0.096512
-0.098083
-0.098529
-0.095820
-0.101889
-0.097804
-0.103004
-0.102458
-0.104621
-0.104677
-0.105797
-0.105833
-0.104949
-0.103518
-0.103385
-0.100552
-0.102937
-0.099699
-0.102119
-0.102071
-0.101825
-0.105603
-0.101808
-0.102249
-0.105874
-0.103099
-0.105732
-0.103562
-0.104247
-0.102347
-0.103054
-0.102684
-0.105410
-0.104630
0.317534
0.054981
0.121157
0.259945
0.194214
0.236383
0.074848
0.089995
-0.042542
-0.091306
-0.066260
-0.049881
-0.072420
-0.091144
-0.078302
-0.046464
-0.039434
-0.049855
-0.036247
-0.053164
-0.073682
-0.056939
-0.080302
-0.074682
-0.039591
-0.084120
-0.042962
-0.084202
-0.078723
-0.078582
-0.093768
-0.080313
-0.080801
-0.086662
-0.083139
-0.089155
-0.098283
-0.105249
-0.101583
-0.095776
-0.099009
-0.101295
-0.103199
-0.094002
-0.096791
-0.088270
-0.092830
-0.093991
-0.101576
-0.103763
-0.106546
-0.105989
-0.105223
-0.100214
-0.099466
-0.095529
-0.097803
-0.096370
-0.103302
-0.104701
-0.104562
-0.102660
-0.103365
-0.103517
-0.106727
-0.103317
-0.103311
-0.102223
-0.100307
-0.102374
-0.103189
-0.101363
-0.105395
-0.102945
-0.100372
-0.104217
-0.098338
-0.104357
-0.101719
-0.103222
-0.106246
-0.102796
-0.104311
-0.104372
-0.102992
-0.104114
-0.105362
-0.105099
-0.106445
-0.105207
-0.105256
-0.104975
-0.105542
-0.105030
-0.104333
-0.103931
-0.103665
-0.103652
-0.105684
-0.105645
2.387992
0.286454
0.090094
0.156923
0.258492
0.216303
0.162308
0.157993
0.038974
0.082378
0.086069
-0.028663
0.071545
0.000840
-0.007993
0.025441
-0.055142
-0.001838
-0.041038
-0.053242
-0.039628
-0.083298
-0.064990
-0.092183
-0.081302
-0.101240
-0.086976
-0.096838
-0.080993
-0.094516
-0.072316
-0.085768
-0.078597
-0.071911
-0.089963
-0.069921
-0.086903
-0.080198
-0.075366
-0.096032
-0.077945
-0.086780
-0.091317
-0.085272
-0.090481
-0.087769
-0.090036
-0.097987
-0.101109
-0.102599
-0.106804
-0.105214
-0.105740
-0.102023
-0.098113
-0.097358
-0.095070
-0.094586
-0.099556
-0.095742
-0.096920
-0.100594
-0.094684
-0.101327
-0.097961
-0.097318
-0.102718
-0.097369
-0.102152
-0.100886
-0.100757
-0.104286
-0.102116
-0.105335
-0.103920
-0.106198
-0.104882
-0.106004
-0.104563
-0.105579
-0.102948
-0.105097
-0.102952
-0.103152
-0.103997
-0.102206
-0.104431
-0.101931
-0.103401
-0.104335
-0.102535
-0.105051
-0.103398
-0.104472
-0.104123
-0.102658
-0.104159
-0.104641
-0.105322
-0.105917
1.095749
1.364200
0.946560
0.219535
0.183080
-0.007984
0.101493
0.012323
-0.030299
0.118971
0.031886
0.038421
0.012844
-0.032183
-0.057344
-0.056345
-0.056809
-0.097995
-0.054858
-0.087598
-0.066743
-0.079119
-0.083647
-0.085932
-0.098266
-0.098877
-0.101375
-0.092941
-0.093723
-0.088521
-0.088569
-0.098555
-0.087351
-0.101121
-0.091428
-0.097839
-0.096280
-0.092104
-0.089577
-0.090322
-0.088227
-0.082597
-0.099897
-0.096512
-0.097977
-0.104545
-0.100659
-0.097732
-0.091098
-0.096299
-0.101307
-0.099951
-0.093491
-0.099963
-0.099055
-0.101770
-0.101892
-0.104135
-0.102940
-0.098758
-0.100783
-0.097976
-0.099262
-0.101633
-0.103439
-0.102393
-0.104238
-0.105802
-0.102489
-0.105911
-0.104289
-0.104496
-0.104525
-0.103996
-0.105740
-0.106198
-0.106443
-0.105767
-0.105579
-0.104182
-0.105734
-0.106046
-0.104736
-0.105875
-0.104618
-0.105204
-0.105256
-0.103703
-0.103922
-0.104901
-0.103179
-0.103674
-0.104570
-0.104478
-0.105659
-0.105691
-0.105547
-0.106286
-0.102759
-0.104442
0.339629
2.369381
2.461361
0.022974
0.824159
0.095097
0.286134
0.138545
-0.034898
0.107524
-0.047545
-0.008499
-0.037184
-0.072507
-0.047470
-0.044400
-0.088215
-0.042522
-0.074029
-0.067819
-0.058410
-0.066906
-0.072479
-0.062614
-0.081747
-0.063775
-0.090531
-0.070634
-0.084326
-0.085136
-0.085752
-0.089716
-0.093989
-0.091513
-0.102247
-0.094688
-0.098655
-0.100639
-0.094725
-0.094462
-0.103009
-0.091766
-0.100348
-0.098009
-0.097945
-0.097915
-0.092585
-0.099045
-0.074040
-0.095570
-0.100448
-0.097195
-0.087083
-0.105170
-0.088588
-0.103778
-0.098221
-0.101048
-0.105936
-0.100185
-0.105257
-0.102919
-0.106007
-0.103732
-0.103079
-0.105138
-0.104932
-0.103008
-0.105358
-0.105006
-0.103654
-0.103954
-0.105037
-0.103398
-0.104435
-0.103555
-0.105517
-0.103233
-0.105036
-0.104147
-0.104912
-0.105095
-0.104794
-0.105529
-0.105880
-0.104996
-0.106654
-0.106362
-0.104645
-0.105932
-0.106699
-0.105149
-0.105990
-0.106069
-0.105544
-0.105854
-0.105055
-0.104629
-0.101916
-0.106096
0.695873
1.098334
0.447617
0.507849
0.751926
0.152262
0.254256
0.188409
-0.043987
0.060511
0.013373
-0.066652
-0.000863
-0.064971
-0.047537
-0.053138
-0.071522
-0.074095
-0.081503
-0.095090
-0.085752
-0.097286
-0.094748
-0.097420
-0.101817
-0.100132
-0.102467
-0.099103
-0.100257
-0.100309
-0.098711
-0.103624
-0.097073
-0.100139
-0.099029
-0.096448
-0.097234
-0.098526
-0.094263
-0.102177
-0.093751
-0.096096
-0.101252
-0.090861
-0.096515
-0.096771
-0.085799
-0.097172
-0.096602
-0.099528
-0.105862
-0.103577
-0.102983
-0.097811
-0.093889
-0.103116
-0.097008
-0.099106
-0.103956
-0.099809
-0.102614
-0.104502
-0.101774
-0.104721
-0.104404
-0.104105
-0.104469
-0.105397
-0.105097
-0.106083
-0.105460
-0.105853
-0.106062
-0.105553
-0.106153
-0.106336
-0.106844
-0.105934
-0.106169
-0.105703
-0.106635
-0.106314
-0.105580
-0.106752
-0.105591
-0.105715
-0.106011
-0.105239
-0.105516
-0.106205
-0.104783
-0.105937
-0.105115
-0.104784
-0.105397
-0.103962
-0.102918
-0.104869
-0.103897
-0.105937
-2.878288
0.153210
-2.482841
-3.306309
-0.107015
-0.107018
0.253994
0.231128
0.795590
-0.245411
-0.107013
-0.107018
0.274667
0.121968
0.741305
-0.053259
-0.107013
-0.107016
1.858805
1.554186
4.108488
-0.946000
-0.107015
-0.107019
-0.321130
0.464019
0.759955
-0.935158
-0.107013
-0.107017
-1.219850
1.809885
3.316902
-3.380292
-0.107011
-0.107014
4.798780
0.748636
6.328993
3.725115
-0.107013
-0.107018
2.665974
-0.061147
0.043680
-0.019312
-0.082085
-0.099803
-0.098486
-0.099972
-0.099848
-0.100707
-0.101363
-0.100979
-0.100470
-0.101313
-0.102867
-0.103461
-0.103557
-0.103474
-0.103920
-0.103819
-0.104173
-0.101485
-0.096789
-0.099817
-0.103599
-0.105456
-0.104938
-0.098555
-0.102507
-0.105298
-0.106204
-0.105849
-0.105871
-0.105707
-0.105718
-0.105709
-0.105592
-0.105542
-0.105718
-0.105927
-0.105922
-0.105879
-0.105817
-0.105867
-0.105798
-0.105780
-0.105295
-0.104636
-0.105772
-0.106140
-0.106071
-0.105867
-0.104677
-0.106196
-0.106713
-0.106535
-0.106302
-0.106313
-0.106262
-0.106270
-0.106251
-0.106225
-0.106232
-0.106301
-0.106346
-0.106314
-0.106285
-0.106261
-0.106273
-0.106229
-0.106205
-0.106121
-0.106059
-0.106539
-0.106800
-0.106181
-0.106263
-0.105989
-0.106776
-0.106923
-0.106476
-0.106373
-0.106403
-0.106385
-0.106395
-0.106388
-0.106396
-0.106412
-0.106435
-0.106435
-0.106406
-0.106394
-0.106382
-0.106388
-0.106348
-0.106362
-0.106554
-0.106623
-0.106544
-0.106649
0.256365
0.110350
-0.040001
-0.055920
-0.089327
-0.080653
-0.090198
-0.092028
-0.092292
-0.096193
-0.095913
-0.096939
-0.097706
-0.098483
-0.099248
-0.099827
-0.100857
-0.100132
-0.101319
-0.101522
-0.100868
-0.103080
-0.100467
-0.102646
-0.099531
-0.105352
-0.100233
-0.102287
-0.102261
-0.104224
-0.102898
-0.103760
-0.103683
-0.103604
-0.104020
-0.103836
-0.103961
-0.104039
-0.104138
-0.104238
-0.104306
-0.104433
-0.104286
-0.104525
-0.104506
-0.104421
-0.104812
-0.104283
-0.104920
-0.104268
-0.105329
-0.104154
-0.104821
-0.104653
-0.105158
-0.104763
-0.105031
-0.104977
-0.104964
-0.105082
-0.105010
-0.105064
-0.105089
-0.105121
-0.105150
-0.105162
-0.105196
-0.105144
-0.105232
-0.105216
-0.105183
-0.105337
-0.105119
-0.105424
-0.105134
-0.105522
-0.105003
-0.105410
-0.105234
-0.105471
-0.105264
-0.105398
-0.105361
-0.105350
-0.105403
-0.105362
-0.105393
-0.105401
-0.105410
-0.105417
-0.105405
-0.105428
-0.105393
-0.105429
-0.105437
-0.105373
-0.105511
-0.105340
-0.105560
-0.105255
0.276804
0.018453
-0.014989
-0.076449
-0.093368
-0.088873
-0.095314
-0.096920
-0.100569
-0.098311
-0.100795
-0.099786
-0.102224
-0.102310
-0.101264
-0.102931
-0.102278
-0.103839
-0.102873
-0.103201
-0.102772
-0.104446
-0.102771
-0.101429
-0.103663
-0.105149
-0.103414
-0.101101
-0.104550
-0.105118
-0.104386
-0.104971
-0.105002
-0.105269
-0.104861
-0.105203
-0.105024
-0.105375
-0.105278
-0.105126
-0.105422
-0.105280
-0.105539
-0.105311
-0.105403
-0.105360
-0.105673
-0.105302
-0.105286
-0.106398
-0.105582
-0.105422
-0.104754
-0.105874
-0.105875
-0.105632
-0.105826
-0.105800
-0.105847
-0.105725
-0.105848
-0.105787
-0.105894
-0.105840
-0.105806
-0.105913
-0.105851
-0.105937
-0.105843
-0.105903
-0.105889
-0.105997
-0.105898
-0.105931
-0.106346
-0.105779
-0.105844
-0.105624
-0.106172
-0.106075
-0.105953
-0.106053
-0.106008
-0.106031
-0.105970
-0.106044
-0.105999
-0.106041
-0.106020
-0.106001
-0.106062
-0.106005
-0.106055
-0.106008
-0.106064
-0.106020
-0.106097
-0.106146
-0.105962
-0.106115
1.852329
1.037754
0.088955
-0.007456
-0.073529
-0.045844
-0.063808
-0.070875
-0.075620
-0.079006
-0.081846
-0.084237
-0.086148
-0.087722
-0.089042
-0.090169
-0.091209
-0.092147
-0.092810
-0.093247
-0.092888
-0.099607
-0.091903
-0.092933
-0.075315
-0.092388
-0.073244
-0.098121
-0.099631
-0.102024
-0.097685
-0.099364
-0.099562
-0.099716
-0.099850
-0.100015
-0.100179
-0.100319
-0.100448
-0.100569
-0.100686
-0.100803
-0.100910
-0.100977
-0.101034
-0.101027
-0.102030
-0.100243
-0.100881
-0.097915
-0.101060
-0.097615
-0.105166
-0.102794
-0.103162
-0.101867
-0.102519
-0.102500
-0.102514
-0.102534
-0.102570
-0.102606
-0.102637
-0.102667
-0.102696
-0.102725
-0.102754
-0.102780
-0.102790
-0.102827
-0.102776
-0.103068
-0.102277
-0.102914
-0.101834
-0.103951
-0.102133
-0.104895
-0.103180
-0.103456
-0.102917
-0.103319
-0.103266
-0.103266
-0.103270
-0.103282
-0.103290
-0.103297
-0.103303
-0.103310
-0.103316
-0.103320
-0.103325
-0.103324
-0.103376
-0.103168
-0.103418
-0.102952
-0.104049
-0.102881
0.101899
0.236085
0.051820
-0.025258
-0.047791
-0.059227
-0.068086
-0.073975
-0.078294
-0.081477
-0.084122
-0.086177
-0.087929
-0.089361
-0.090556
-0.091619
-0.092488
-0.093306
-0.093950
-0.094512
-0.094952
-0.095585
-0.095704
-0.094654
-0.096498
-0.103178
-0.093844
-0.096902
-0.099074
-0.099285
-0.099425
-0.099735
-0.099946
-0.100137
-0.100300
-0.100473
-0.100619
-0.100767
-0.100899
-0.101022
-0.101144
-0.101252
-0.101364
-0.101457
-0.101548
-0.101631
-0.101750
-0.101779
-0.101735
-0.102299
-0.103315
-0.101025
-0.102173
-0.102647
-0.102596
-0.102605
-0.102674
-0.102714
-0.102755
-0.102793
-0.102837
-0.102875
-0.102915
-0.102951
-0.102986
-0.103023
-0.103056
-0.103091
-0.103121
-0.103154
-0.103184
-0.103228
-0.103263
-0.103315
-0.103430
-0.103728
-0.102801
-0.103466
-0.103588
-0.103503
-0.103491
-0.103509
-0.103512
-0.103520
-0.103527
-0.103538
-0.103547
-0.103556
-0.103565
-0.103574
-0.103584
-0.103591
-0.103601
-0.103609
-0.103623
-0.103629
-0.103651
-0.103719
-0.103747
-0.103453
1.002385
0.942760
0.641003
0.095646
0.070910
0.028524
0.001777
-0.014539
-0.026751
-0.035867
-0.043117
-0.049000
-0.053691
-0.057717
-0.061179
-0.064013
-0.066484
-0.068614
-0.070359
-0.071886
-0.072598
-0.073688
-0.076382
-0.057271
-0.087910
-0.086515
-0.065876
-0.062769
-0.089258
-0.085032
-0.086226
-0.087090
-0.087547
-0.088047
-0.088491
-0.088924
-0.089334
-0.089699
-0.090066
-0.090414
-0.090719
-0.091016
-0.091291
-0.091533
-0.091764
-0.091902
-0.092174
-0.092550
-0.090042
-0.098429
-0.094044
-0.090088
-0.089683
-0.096865
-0.094761
-0.094979
-0.095120
-0.095165
-0.095259
-0.095353
-0.095453
-0.095554
-0.095648
-0.095748
-0.095844
-0.095931
-0.096019
-0.096102
-0.096180
-0.096262
-0.096333
-0.096397
-0.096818
-0.096066
-0.098934
-0.096492
-0.095502
-0.095577
-0.098734
-0.097211
-0.097323
-0.097329
-0.097307
-0.097320
-0.097337
-0.097358
-0.097381
-0.097402
-0.097427
-0.097450
-0.097470
-0.097494
-0.097517
-0.097541
-0.097584
-0.097626
-0.097568
-0.098542
-0.097227
-0.097896
