-1.870848
2.642106
1.461469
-11.874345
-0.109945
-0.109930
-0.160396
0.566891
1.747728
-1.222943
-0.109938
-0.109938
2.208026
1.235913
4.519504
-1.518697
-0.109942
-0.109940
-0.365059
0.975314
1.472557
-2.444244
-0.109941
-0.109942
0.342865
4.124454
7.959526
-6.670156
-0.109940
-0.109943
-0.142090
1.623559
2.796285
-3.040189
-0.109941
-0.109942
11.117300
-0.108153
11.121476
11.114089
-0.109939
-0.109942
8.242193
3.183396
13.722043
4.643825
-0.109938
-0.109944
1.656836
0.954028
1.169520
0.578574
0.375007
0.154441
0.075619
0.079248
0.083633
0.069067
0.042981
0.025579
-0.014602
-0.041558
-0.043599
-0.071025
-0.064425
-0.101205
-0.095038
-0.080056
-0.090174
-0.075320
-0.084458
-0.076127
-0.071753
-0.073066
-0.068674
-0.076559
-0.081081
-0.090908
-0.094033
-0.086954
-0.085333
-0.075906
-0.089488
-0.095223
-0.104457
-0.090348
-0.084702
-0.095098
-0.091952
-0.102721
-0.097237
-0.104055
-0.093265
-0.102956
-0.092137
-0.104749
-0.097514
-0.104604
-0.101404
-0.103731
-0.104792
-0.103051
-0.104960
-0.106565
-0.101553
-0.109052
-0.101015
-0.107172
-0.100298
-0.104507
-0.100167
-0.105688
-0.102305
-0.107968
-0.102713
-0.107918
-0.100426
-0.108074
-0.101730
-0.107490
-0.108323
-0.102313
-0.109222
-0.102688
-0.107632
-0.104413
-0.107396
-0.104510
-0.107242
-0.104264
-0.107194
-0.104699
-0.107268
-0.105277
-0.106823
-0.105701
-0.106233
-0.106379
-0.105924
-0.106249
-0.106285
-0.105993
-0.106785
-0.105393
-0.107136
-0.105286
-0.106895
-0.105650
-0.067008
0.030064
0.203427
0.104408
0.036519
0.011149
-0.032085
-0.011524
-0.077311
-0.028873
-0.107000
-0.074243
-0.094411
-0.079952
-0.087466
-0.074167
-0.090280
-0.087637
-0.094875
-0.084984
-0.093230
-0.092922
-0.099808
-0.098589
-0.095024
-0.105076
-0.094963
-0.099169
-0.097721
-0.096355
-0.104017
-0.096709
-0.101544
-0.098473
-0.106314
-0.104012
-0.107600
-0.105420
-0.101793
-0.108702
-0.100126
-0.108178
-0.101653
-0.109032
-0.101980
-0.106910
-0.104568
-0.105144
-0.105141
-0.106322
-0.104042
-0.107931
-0.103564
-0.106177
-0.104401
-0.107147
-0.104169
-0.106367
-0.104895
-0.105362
-0.106712
-0.105366
-0.105694
-0.105710
-0.105067
-0.107051
-0.105117
-0.107798
-0.105101
-0.106841
-0.105882
-0.107106
-0.107517
-0.106351
-0.107123
-0.105682
-0.107524
-0.106133
-0.107107
-0.106365
-0.106559
-0.106679
-0.106480
-0.106905
-0.106693
-0.106472
-0.106839
-0.106441
-0.106926
-0.106600
-0.106822
-0.106534
-0.106965
-0.106711
-0.106831
-0.106716
-0.106836
-0.106632
-0.107021
-0.106578
2.184011
0.601409
0.298348
-0.018573
0.173227
0.052660
0.055135
-0.032654
0.086458
-0.052766
0.065225
-0.078787
0.012072
-0.081268
-0.048103
-0.065957
-0.062704
-0.076880
-0.075545
-0.073606
-0.073900
-0.080763
-0.074517
-0.068379
-0.089629
-0.058044
-0.095411
-0.061112
-0.097109
-0.076337
-0.088981
-0.079473
-0.100235
-0.083982
-0.088566
-0.098963
-0.096456
-0.090618
-0.096895
-0.092289
-0.089636
-0.096782
-0.090320
-0.089599
-0.094941
-0.087010
-0.097960
-0.088206
-0.098801
-0.091639
-0.096580
-0.093428
-0.096477
-0.095641
-0.095647
-0.095576
-0.097634
-0.094395
-0.097441
-0.095515
-0.095676
-0.096670
-0.095037
-0.097935
-0.095418
-0.097594
-0.095246
-0.099932
-0.096418
-0.097572
-0.099393
-0.098357
-0.098298
-0.099665
-0.098692
-0.097530
-0.100119
-0.097752
-0.098786
-0.097907
-0.098937
-0.098379
-0.098721
-0.098865
-0.098537
-0.099254
-0.098542
-0.099234
-0.098998
-0.099134
-0.099038
-0.099314
-0.099088
-0.099373
-0.098896
-0.099554
-0.098909
-0.099388
-0.099132
-0.099171
0.150008
0.471175
0.103139
0.230661
0.035455
0.052055
-0.019160
-0.048472
-0.016983
-0.055988
-0.034821
-0.071199
-0.052340
-0.084008
-0.076835
-0.094229
-0.082659
-0.093459
-0.086395
-0.098030
-0.091708
-0.098502
-0.094515
-0.094614
-0.095104
-0.091281
-0.097003
-0.100473
-0.098776
-0.100785
-0.097875
-0.100984
-0.096465
-0.102192
-0.101561
-0.104806
-0.106245
-0.104114
-0.100747
-0.106243
-0.100161
-0.105604
-0.107564
-0.101705
-0.108477
-0.103329
-0.107496
-0.103305
-0.107337
-0.104783
-0.108101
-0.104897
-0.109128
-0.105242
-0.108110
-0.105460
-0.108777
-0.105782
-0.107700
-0.105968
-0.107169
-0.106058
-0.108005
-0.106164
-0.108971
-0.106015
-0.107337
-0.107738
-0.106590
-0.107347
-0.107057
-0.107550
-0.107695
-0.107249
-0.107435
-0.106806
-0.107634
-0.107918
-0.106819
-0.108201
-0.107414
-0.107931
-0.107435
-0.107763
-0.107714
-0.107927
-0.107520
-0.108014
-0.107651
-0.107931
-0.107558
-0.108007
-0.107687
-0.107934
-0.107616
-0.108003
-0.107739
-0.107855
-0.107774
-0.108058
0.319113
2.661849
0.763503
0.434525
0.017657
0.158987
-0.015308
0.089290
0.058303
-0.003922
-0.015951
-0.018050
-0.041908
-0.059588
-0.063844
-0.071382
-0.070030
-0.078739
-0.074803
-0.088377
-0.074796
-0.091854
-0.076424
-0.097466
-0.074042
-0.101834
-0.076556
-0.104466
-0.077130
-0.098360
-0.088798
-0.086444
-0.088987
-0.095920
-0.070561
-0.103718
-0.095791
-0.083621
-0.091786
-0.091419
-0.089722
-0.097420
-0.094631
-0.092806
-0.098018
-0.095255
-0.098917
-0.095864
-0.098977
-0.097229
-0.099508
-0.097913
-0.099683
-0.098709
-0.099961
-0.098764
-0.100631
-0.098974
-0.101262
-0.098934
-0.101717
-0.098612
-0.102382
-0.099447
-0.102383
-0.100097
-0.100016
-0.102106
-0.100679
-0.098033
-0.103074
-0.100093
-0.099606
-0.103336
-0.099455
-0.100620
-0.101939
-0.101110
-0.100854
-0.102256
-0.101111
-0.102414
-0.101255
-0.102197
-0.101580
-0.102103
-0.101791
-0.102085
-0.101838
-0.102059
-0.101980
-0.101944
-0.102153
-0.102132
-0.101923
-0.102155
-0.102003
-0.102117
-0.102187
-0.102150
-0.061849
0.862227
0.586790
-0.013967
-0.053080
0.059807
-0.063885
0.009959
-0.046049
-0.047356
-0.064166
-0.080166
-0.060413
-0.084866
-0.078675
-0.078988
-0.080841
-0.087718
-0.083791
-0.087173
-0.089257
-0.090636
-0.087583
-0.089377
-0.096595
-0.090986
-0.089327
-0.096655
-0.092926
-0.096746
-0.087492
-0.101061
-0.098037
-0.091841
-0.093695
-0.098757
-0.101367
-0.093909
-0.099702
-0.097109
-0.099211
-0.100926
-0.098319
-0.097634
-0.100685
-0.099749
-0.100091
-0.098986
-0.101821
-0.100415
-0.100210
-0.100392
-0.101895
-0.100839
-0.101029
-0.101152
-0.102061
-0.101211
-0.101407
-0.101921
-0.102219
-0.101478
-0.102153
-0.102013
-0.102685
-0.100922
-0.102480
-0.102836
-0.102934
-0.101733
-0.102669
-0.102825
-0.102940
-0.103030
-0.102187
-0.102990
-0.103159
-0.103324
-0.102421
-0.103147
-0.103032
-0.103174
-0.102963
-0.103217
-0.103284
-0.103192
-0.103158
-0.103330
-0.103341
-0.103285
-0.103236
-0.103436
-0.103374
-0.103360
-0.103279
-0.103529
-0.103327
-0.103422
-0.103431
-0.103421
-3.271405
0.347701
-2.550987
-3.921058
-0.109939
-0.109944
0.393467
0.222491
0.885985
-0.079698
-0.109940
-0.109944
-0.025473
0.168563
0.346028
-0.393577
-0.109940
-0.109945
-0.315489
2.533256
3.091219
-3.640530
-0.109940
-0.109945
-0.045188
0.607131
0.893927
-1.537993
-0.109943
-0.109942
0.595831
3.019888
4.434154
-3.964382
-0.109940
-0.109945
6.611727
0.388809
7.361714
5.632288
-0.109941
-0.109942
3.050068
0.202261
-0.052044
-0.064794
-0.090371
-0.098356
-0.098969
-0.100519
-0.104265
-0.104038
-0.104172
-0.104553
-0.105049
-0.104182
-0.103819
-0.098157
-0.105300
-0.098400
-0.106405
-0.099714
-0.102962
-0.107073
-0.108480
-0.108161
-0.108838
-0.108981
-0.108618
-0.108780
-0.108997
-0.108897
-0.108776
-0.109165
-0.109010
-0.108311
-0.109600
-0.106294
-0.107728
-0.108284
-0.108827
-0.108987
-0.108899
-0.108962
-0.108903
-0.108840
-0.108945
-0.108935
-0.108945
-0.108917
-0.108929
-0.108883
-0.108826
-0.107978
-0.108395
-0.109917
-0.109552
-0.108525
-0.108225
-0.108922
-0.109013
-0.109030
-0.109063
-0.109113
-0.109098
-0.109114
-0.109104
-0.109136
-0.109146
-0.109159
-0.109177
-0.109634
-0.109508
-0.108897
-0.108747
-0.109312
-0.109558
-0.109302
-0.109272
-0.109255
-0.109258
-0.109249
-0.109251
-0.109250
-0.109267
-0.109261
-0.109257
-0.109268
-0.109271
-0.109140
-0.109139
-0.109296
-0.109408
-0.109251
-0.109156
-0.109240
-0.109265
-0.109273
-0.109250
-0.109253
-0.109259
-0.109258
0.390590
0.121213
-0.104759
-0.087489
-0.090100
-0.094393
-0.097477
-0.098949
-0.101266
-0.101081
-0.101752
-0.103364
-0.103371
-0.104361
-0.104355
-0.105474
-0.101322
-0.103270
-0.102972
-0.107825
-0.104985
-0.106369
-0.107065
-0.107172
-0.107239
-0.107369
-0.107309
-0.107569
-0.107716
-0.107635
-0.107808
-0.107776
-0.107915
-0.107714
-0.108308
-0.107359
-0.108909
-0.106742
-0.108149
-0.108193
-0.108050
-0.108093
-0.108107
-0.108146
-0.108210
-0.108160
-0.108175
-0.108247
-0.108228
-0.108282
-0.108230
-0.108407
-0.108217
-0.108093
-0.107938
-0.108665
-0.108457
-0.108393
-0.108488
-0.108498
-0.108535
-0.108540
-0.108546
-0.108602
-0.108619
-0.108617
-0.108648
-0.108649
-0.108712
-0.108660
-0.108555
-0.108830
-0.108870
-0.108680
-0.108718
-0.108771
-0.108757
-0.108764
-0.108761
-0.108774
-0.108782
-0.108773
-0.108778
-0.108786
-0.108787
-0.108795
-0.108779
-0.108788
-0.108866
-0.108765
-0.108776
-0.108795
-0.108808
-0.108809
-0.108789
-0.108815
-0.108815
-0.108810
-0.108811
-0.108815
-0.027986
0.074484
-0.105713
-0.068564
-0.081959
-0.088372
-0.091584
-0.095001
-0.096330
-0.098816
-0.100375
-0.100985
-0.102481
-0.102755
-0.103090
-0.105125
-0.099013
-0.106074
-0.100620
-0.107541
-0.101769
-0.105271
-0.105570
-0.105661
-0.105810
-0.105941
-0.106210
-0.106097
-0.106231
-0.106398
-0.106321
-0.106481
-0.106659
-0.106307
-0.107364
-0.106421
-0.107637
-0.106419
-0.107655
-0.107266
-0.107203
-0.107271
-0.107356
-0.107394
-0.107385
-0.107525
-0.107545
-0.107561
-0.107673
-0.107699
-0.107663
-0.107798
-0.107628
-0.107822
-0.107602
-0.107998
-0.107726
-0.107846
-0.107939
-0.107968
-0.107962
-0.107993
-0.108044
-0.108014
-0.108050
-0.108082
-0.108069
-0.108083
-0.108141
-0.108145
-0.108113
-0.108184
-0.108208
-0.108167
-0.108211
-0.108234
-0.108223
-0.108223
-0.108251
-0.108257
-0.108255
-0.108281
-0.108283
-0.108286
-0.108299
-0.108310
-0.108304
-0.108281
-0.108343
-0.108297
-0.108328
-0.108321
-0.108333
-0.108340
-0.108330
-0.108354
-0.108339
-0.108340
-0.108344
-0.108342
0.105830
1.703760
-0.002569
0.108260
0.057017
0.022880
0.000506
-0.015514
-0.027317
-0.036526
-0.043877
-0.049897
-0.054942
-0.059243
-0.063112
-0.068102
-0.036494
-0.100715
-0.049659
-0.083353
-0.068031
-0.077071
-0.080305
-0.081552
-0.082685
-0.083681
-0.084648
-0.085531
-0.086358
-0.087113
-0.087833
-0.088511
-0.089170
-0.088278
-0.096835
-0.081298
-0.093274
-0.085490
-0.092304
-0.092807
-0.092705
-0.093049
-0.093392
-0.093737
-0.094050
-0.094353
-0.094635
-0.094913
-0.095166
-0.095392
-0.095522
-0.096643
-0.093319
-0.098640
-0.096033
-0.096775
-0.097241
-0.096970
-0.097298
-0.097477
-0.097635
-0.097775
-0.097919
-0.098049
-0.098180
-0.098299
-0.098418
-0.098543
-0.098765
-0.098433
-0.099208
-0.098355
-0.098250
-0.099296
-0.098938
-0.099229
-0.099288
-0.099321
-0.099389
-0.099451
-0.099501
-0.099554
-0.099600
-0.099646
-0.099687
-0.099723
-0.099703
-0.099803
-0.099861
-0.099790
-0.100232
-0.099765
-0.099873
-0.099998
-0.099903
-0.100009
-0.100005
-0.099999
-0.100006
-0.100009
-0.055202
0.270785
0.127771
0.022185
-0.012900
-0.032365
-0.045749
-0.054958
-0.061954
-0.067449
-0.071855
-0.075463
-0.078383
-0.081080
-0.083317
-0.085808
-0.092621
-0.081254
-0.074355
-0.084922
-0.089028
-0.090380
-0.091349
-0.092247
-0.092970
-0.093639
-0.094246
-0.094786
-0.095279
-0.095723
-0.096158
-0.096519
-0.096861
-0.097099
-0.094998
-0.098718
-0.100838
-0.097937
-0.099472
-0.099512
-0.099678
-0.099850
-0.100038
-0.100225
-0.100402
-0.100575
-0.100742
-0.100908
-0.101055
-0.101205
-0.101339
-0.101441
-0.102846
-0.101367
-0.100973
-0.102442
-0.101870
-0.102026
-0.102138
-0.102240
-0.102334
-0.102417
-0.102499
-0.102577
-0.102651
-0.102719
-0.102790
-0.102859
-0.102933
-0.103057
-0.102489
-0.103228
-0.103414
-0.102775
-0.103193
-0.103240
-0.103291
-0.103332
-0.103369
-0.103407
-0.103442
-0.103474
-0.103504
-0.103532
-0.103557
-0.103579
-0.103596
-0.103586
-0.103757
-0.103578
-0.103595
-0.103796
-0.103759
-0.103770
-0.103735
-0.103762
-0.103763
-0.103766
-0.103769
-0.103771
0.620207
1.842035
0.547445
0.331105
0.212055
0.145663
0.102556
0.071556
0.048680
0.030916
0.016664
0.005130
-0.004763
-0.012899
-0.020130
-0.027054
-0.032377
-0.070712
0.005395
-0.057272
-0.045988
-0.050573
-0.052187
-0.054317
-0.056447
-0.058419
-0.060257
-0.061991
-0.063565
-0.065068
-0.066402
-0.067701
-0.068873
-0.070190
-0.070853
-0.063853
-0.078429
-0.071831
-0.075101
-0.075341
-0.076296
-0.077089
-0.077801
-0.078461
-0.079091
-0.079673
-0.080243
-0.080767
-0.081290
-0.081771
-0.082254
-0.082447
-0.083093
-0.085747
-0.082713
-0.084801
-0.084456
-0.085047
-0.085306
-0.085584
-0.085856
-0.086125
-0.086381
-0.086633
-0.086866
-0.087097
-0.087308
-0.087512
-0.087683
-0.088055
-0.088021
-0.087792
-0.087936
-0.088344
-0.088731
-0.088769
-0.088949
-0.089071
-0.089201
-0.089318
-0.089428
-0.089530
-0.089627
-0.089717
-0.089802
-0.089884
-0.089973
-0.089974
-0.090158
-0.089954
-0.090445
-0.090296
-0.090234
-0.090439
-0.090326
-0.090403
-0.090408
-0.090429
-0.090441
-0.090448
