-1.867176
1.728311
0.355742
-9.059077
-0.104260
-0.104243
0.024494
0.319041
2.021428
-0.400939
-0.104244
-0.104219
2.058446
0.871284
3.302366
-0.771740
-0.104258
-0.104254
-0.264506
1.040552
1.690799
-2.652908
-0.104256
-0.104256
0.215113
3.384627
6.635724
-5.620761
-0.104254
-0.104257
-0.193340
1.064257
2.212827
-4.017997
-0.104256
-0.104252
13.121868
-0.102910
13.125625
13.119426
-0.104253
-0.104255
7.804983
2.613729
13.038643
3.897131
-0.104252
-0.104257
1.659681
0.677627
0.722736
0.253559
0.134354
0.047853
0.059106
0.064183
0.060233
0.050700
0.027401
-0.008876
-0.071773
-0.079651
-0.072304
-0.037334
-0.050876
-0.061965
-0.052928
-0.067292
-0.053456
-0.079155
-0.060394
-0.073793
-0.058449
-0.075576
-0.070144
-0.072558
-0.078098
-0.077403
-0.087272
-0.081398
-0.094308
-0.088727
-0.094337
-0.079731
-0.088008
-0.081176
-0.082309
-0.096179
-0.087283
-0.103536
-0.089757
-0.095975
-0.088495
-0.085684
-0.099977
-0.099669
-0.093961
-0.097500
-0.096746
-0.103345
-0.092496
-0.096362
-0.096156
-0.091046
-0.101127
-0.092651
-0.098042
-0.098613
-0.099921
-0.098174
-0.093271
-0.102154
-0.095450
-0.102740
-0.095907
-0.101710
-0.096843
-0.100947
-0.096503
-0.097904
-0.097949
-0.097374
-0.100185
-0.096694
-0.102745
-0.097505
-0.103533
-0.097883
-0.103104
-0.097519
-0.101513
-0.098843
-0.098148
-0.102545
-0.099157
-0.102706
-0.098520
-0.103734
-0.098321
-0.100251
-0.100489
-0.098834
-0.101534
-0.100410
-0.101564
-0.099969
-0.101165
-0.101941
0.024672
-0.009787
0.025563
0.019416
0.012514
-0.041291
-0.037106
-0.062031
-0.040620
-0.029581
-0.060143
-0.068232
-0.075407
-0.059013
-0.058284
-0.060801
-0.071213
-0.078313
-0.086965
-0.083456
-0.092168
-0.094505
-0.098570
-0.097447
-0.097328
-0.100574
-0.098702
-0.099489
-0.094540
-0.095378
-0.094395
-0.092538
-0.090390
-0.092543
-0.091022
-0.098196
-0.097140
-0.101180
-0.095282
-0.095648
-0.099311
-0.099661
-0.100587
-0.099018
-0.100408
-0.102072
-0.103967
-0.103797
-0.103268
-0.102855
-0.102550
-0.101615
-0.102819
-0.101269
-0.102659
-0.101509
-0.100906
-0.100510
-0.101079
-0.102063
-0.101493
-0.100817
-0.100597
-0.100928
-0.101517
-0.101865
-0.101965
-0.102424
-0.102895
-0.103522
-0.103546
-0.103668
-0.103862
-0.103704
-0.103756
-0.103481
-0.103008
-0.102956
-0.102608
-0.102408
-0.102482
-0.102193
-0.102649
-0.103004
-0.103460
-0.103230
-0.102220
-0.103059
-0.103196
-0.103030
-0.103008
-0.102792
-0.103573
-0.103703
-0.103937
-0.103477
-0.103801
-0.103739
-0.104006
-0.103952
2.048144
0.349444
0.152903
0.141666
0.002519
0.067375
-0.059664
-0.004079
-0.047781
0.042911
-0.053085
0.044304
-0.051688
-0.025372
-0.077862
-0.025433
-0.051508
-0.053288
-0.052286
-0.072913
-0.042149
-0.085250
-0.044609
-0.087510
-0.048374
-0.093916
-0.055329
-0.097097
-0.066108
-0.094966
-0.074318
-0.088502
-0.079114
-0.084468
-0.083470
-0.077801
-0.089752
-0.075894
-0.099116
-0.083281
-0.095930
-0.085351
-0.098676
-0.085967
-0.092338
-0.093593
-0.092834
-0.090409
-0.093752
-0.096114
-0.097306
-0.092929
-0.097181
-0.097672
-0.095928
-0.093535
-0.099558
-0.091421
-0.103356
-0.094030
-0.101147
-0.093384
-0.101716
-0.094761
-0.099402
-0.096068
-0.097992
-0.098191
-0.096489
-0.098950
-0.095603
-0.100003
-0.095585
-0.100937
-0.095722
-0.101843
-0.096983
-0.101722
-0.097115
-0.101492
-0.097810
-0.101093
-0.097587
-0.098509
-0.100012
-0.099247
-0.099805
-0.098774
-0.100366
-0.098177
-0.101799
-0.098336
-0.099818
-0.100152
-0.099945
-0.099062
-0.099129
-0.099948
-0.099468
-0.100527
0.063508
0.528874
0.168376
0.195728
0.037444
0.089190
-0.014859
-0.074394
-0.026813
-0.077073
-0.042169
-0.087829
-0.044345
-0.072013
-0.054561
-0.074250
-0.069353
-0.079894
-0.082947
-0.083462
-0.096657
-0.082264
-0.100750
-0.081609
-0.101157
-0.084615
-0.103170
-0.088402
-0.099663
-0.092684
-0.096359
-0.091625
-0.094426
-0.092194
-0.092198
-0.096028
-0.092676
-0.101285
-0.092459
-0.103445
-0.095169
-0.099502
-0.096799
-0.093974
-0.100676
-0.100157
-0.095931
-0.097225
-0.099018
-0.101118
-0.099861
-0.094599
-0.102515
-0.097197
-0.100153
-0.097398
-0.099508
-0.098435
-0.098245
-0.101264
-0.097279
-0.102269
-0.097473
-0.102105
-0.098078
-0.101271
-0.098939
-0.100249
-0.099876
-0.099768
-0.100116
-0.099332
-0.100503
-0.099345
-0.100837
-0.099516
-0.100806
-0.099571
-0.101195
-0.099215
-0.101312
-0.099113
-0.100837
-0.099740
-0.100338
-0.100398
-0.099222
-0.101316
-0.099245
-0.101102
-0.099971
-0.100691
-0.099830
-0.101272
-0.100453
-0.099775
-0.100547
-0.100016
-0.101527
-0.100191
0.191148
2.070296
0.815792
0.423698
0.009183
0.137282
0.078714
-0.020924
0.135626
0.016862
0.046198
0.021661
-0.083093
-0.049669
-0.069127
-0.038330
-0.098718
-0.054748
-0.095820
-0.066243
-0.087304
-0.080162
-0.084285
-0.084354
-0.082576
-0.083828
-0.084925
-0.084976
-0.086817
-0.085184
-0.086000
-0.084353
-0.089822
-0.083623
-0.089683
-0.075186
-0.099311
-0.077825
-0.084683
-0.091088
-0.083858
-0.089475
-0.091150
-0.089439
-0.083332
-0.093326
-0.075917
-0.086782
-0.090677
-0.083320
-0.091732
-0.080512
-0.089849
-0.082758
-0.085412
-0.090165
-0.083350
-0.091234
-0.086234
-0.088543
-0.086872
-0.090573
-0.087441
-0.087471
-0.090084
-0.087274
-0.090516
-0.088107
-0.089591
-0.089238
-0.089435
-0.089701
-0.089469
-0.089653
-0.089515
-0.089936
-0.089427
-0.090533
-0.089216
-0.090448
-0.089767
-0.089904
-0.091411
-0.088255
-0.091502
-0.089838
-0.090805
-0.089889
-0.091232
-0.089754
-0.090249
-0.092461
-0.088983
-0.093144
-0.090109
-0.091050
-0.090764
-0.090679
-0.092001
-0.089957
0.000711
0.542379
0.299081
-0.046053
-0.011348
0.050597
0.005975
-0.036789
0.046928
-0.057349
-0.016904
-0.026815
-0.049194
-0.059246
-0.040405
-0.064593
-0.060613
-0.064877
-0.071677
-0.065450
-0.077745
-0.068649
-0.081532
-0.070940
-0.083982
-0.074176
-0.085092
-0.077499
-0.086132
-0.080751
-0.085697
-0.084403
-0.085035
-0.087384
-0.085764
-0.086827
-0.088368
-0.088452
-0.085153
-0.091074
-0.085498
-0.088423
-0.088266
-0.088080
-0.086629
-0.093232
-0.089760
-0.090537
-0.090886
-0.095593
-0.092115
-0.093736
-0.095119
-0.095783
-0.095189
-0.096600
-0.095221
-0.095950
-0.096158
-0.095767
-0.095133
-0.096951
-0.095143
-0.096891
-0.095792
-0.096778
-0.096381
-0.096706
-0.096864
-0.096661
-0.097330
-0.096722
-0.097555
-0.096935
-0.097733
-0.097082
-0.097920
-0.097295
-0.097998
-0.097557
-0.098024
-0.097781
-0.098282
-0.097887
-0.098207
-0.098647
-0.097806
-0.098646
-0.098196
-0.098226
-0.098128
-0.098283
-0.097356
-0.098159
-0.098353
-0.097523
-0.097837
-0.098185
-0.098076
-0.097596
-3.318380
0.279567
-2.786227
-4.012564
-0.104255
-0.104258
0.075339
0.106711
0.344303
-0.344647
-0.104257
-0.104256
-0.091619
0.137659
0.224646
-0.493065
-0.104255
-0.104259
-0.707289
1.260218
2.257231
-2.046847
-0.104251
-0.104256
-0.193677
0.344403
0.652962
-0.772671
-0.104253
-0.104258
0.368276
3.094910
4.482414
-3.797364
-0.104255
-0.104260
7.083272
0.909643
8.791504
5.529964
-0.104254
-0.104258
3.107147
-0.008639
0.143431
-0.084330
-0.075294
-0.088463
-0.087416
-0.087660
-0.094355
-0.093716
-0.094520
-0.095738
-0.096028
-0.096378
-0.097949
-0.099006
-0.097921
-0.098925
-0.098160
-0.098523
-0.098065
-0.094703
-0.091904
-0.096663
-0.098535
-0.098385
-0.094574
-0.100889
-0.102105
-0.101488
-0.101881
-0.101770
-0.101658
-0.101476
-0.101602
-0.101829
-0.101922
-0.101964
-0.101948
-0.101872
-0.101848
-0.102151
-0.102239
-0.102032
-0.102419
-0.101129
-0.102081
-0.102576
-0.102132
-0.100978
-0.102992
-0.102200
-0.102422
-0.102415
-0.102411
-0.102599
-0.102480
-0.102604
-0.102626
-0.102635
-0.102626
-0.102669
-0.102657
-0.102642
-0.102776
-0.102655
-0.102721
-0.102816
-0.102761
-0.103572
-0.101698
-0.102797
-0.102997
-0.103338
-0.101971
-0.102827
-0.102709
-0.102804
-0.102865
-0.102616
-0.102824
-0.102857
-0.102916
-0.102707
-0.102837
-0.102800
-0.102837
-0.102876
-0.102848
-0.102884
-0.102859
-0.102881
-0.102842
-0.102684
-0.102861
-0.102749
-0.102768
-0.102868
-0.102755
-0.102848
0.076251
0.006009
-0.007105
-0.083269
-0.098847
-0.100048
-0.102368
-0.102855
-0.100738
-0.101673
-0.102444
-0.103675
-0.103607
-0.102905
-0.103886
-0.103714
-0.102637
-0.103594
-0.104025
-0.103834
-0.103451
-0.101332
-0.097780
-0.100881
-0.103771
-0.100840
-0.099491
-0.103259
-0.103789
-0.103917
-0.104060
-0.104145
-0.103924
-0.103901
-0.103919
-0.104140
-0.103975
-0.103883
-0.104019
-0.104066
-0.104018
-0.104008
-0.104007
-0.104034
-0.104059
-0.103307
-0.103069
-0.103519
-0.104205
-0.103357
-0.102945
-0.104179
-0.103968
-0.104081
-0.104123
-0.104166
-0.104043
-0.104143
-0.104181
-0.104159
-0.104213
-0.104234
-0.104207
-0.104137
-0.104222
-0.104196
-0.104160
-0.104095
-0.104189
-0.103721
-0.103767
-0.104129
-0.104080
-0.103959
-0.103723
-0.104106
-0.104093
-0.104091
-0.104068
-0.104106
-0.104130
-0.104087
-0.104138
-0.104095
-0.104137
-0.104128
-0.104140
-0.104179
-0.104135
-0.104157
-0.104163
-0.104192
-0.104153
-0.104101
-0.103986
-0.104106
-0.104134
-0.103984
-0.104126
-0.104191
-0.090252
0.050589
-0.091809
-0.061865
-0.078227
-0.080784
-0.086965
-0.086432
-0.088914
-0.091977
-0.093599
-0.094995
-0.094611
-0.095295
-0.097877
-0.096247
-0.097049
-0.098388
-0.098208
-0.098443
-0.098415
-0.100058
-0.097465
-0.102421
-0.098900
-0.099056
-0.099543
-0.100671
-0.101259
-0.101472
-0.101376
-0.101378
-0.101661
-0.101784
-0.101233
-0.101529
-0.101726
-0.101621
-0.101424
-0.101684
-0.101863
-0.101901
-0.101846
-0.102032
-0.102072
-0.102211
-0.101655
-0.101899
-0.101450
-0.102576
-0.101673
-0.102259
-0.102138
-0.102223
-0.102227
-0.102386
-0.102386
-0.102323
-0.102504
-0.102434
-0.102464
-0.102543
-0.102499
-0.102577
-0.102553
-0.102483
-0.102547
-0.102519
-0.102568
-0.102361
-0.102818
-0.102321
-0.102745
-0.102492
-0.102793
-0.102616
-0.102617
-0.102581
-0.102599
-0.102616
-0.102540
-0.102608
-0.102617
-0.102689
-0.102640
-0.102634
-0.102714
-0.102685
-0.102669
-0.102695
-0.102702
-0.102708
-0.102688
-0.102717
-0.102645
-0.102817
-0.102798
-0.102674
-0.102746
-0.102720
0.483421
0.594519
0.422307
0.108452
0.062730
0.040049
0.013973
-0.003481
-0.016224
-0.025892
-0.033736
-0.040150
-0.045510
-0.050061
-0.053952
-0.057376
-0.060269
-0.063050
-0.065416
-0.067732
-0.068111
-0.077096
-0.073410
-0.062575
-0.062099
-0.081034
-0.083859
-0.073709
-0.079158
-0.080404
-0.081091
-0.081697
-0.082313
-0.082848
-0.083366
-0.083840
-0.084281
-0.084721
-0.085142
-0.085537
-0.085932
-0.086312
-0.086731
-0.087275
-0.087590
-0.085360
-0.089686
-0.090854
-0.086092
-0.085926
-0.088971
-0.089615
-0.089301
-0.089721
-0.089919
-0.090177
-0.090380
-0.090526
-0.090697
-0.090912
-0.091074
-0.091201
-0.091342
-0.091473
-0.091589
-0.091677
-0.091763
-0.091751
-0.092015
-0.092164
-0.090858
-0.091748
-0.093940
-0.093044
-0.091633
-0.092761
-0.092706
-0.092661
-0.092717
-0.092625
-0.092791
-0.093110
-0.093035
-0.092864
-0.093107
-0.093139
-0.093158
-0.093204
-0.093249
-0.093297
-0.093328
-0.093347
-0.093229
-0.093798
-0.093688
-0.093047
-0.093056
-0.093672
-0.093815
-0.093396
-0.019134
0.195028
-0.020507
-0.053035
-0.080071
-0.084055
-0.088117
-0.090393
-0.092248
-0.093499
-0.094364
-0.095424
-0.096078
-0.096731
-0.097249
-0.097717
-0.097983
-0.098348
-0.098550
-0.098787
-0.099260
-0.098289
-0.095790
-0.093992
-0.097640
-0.101140
-0.103659
-0.102842
-0.101756
-0.101801
-0.101752
-0.101736
-0.101756
-0.101756
-0.101807
-0.101820
-0.101866
-0.101883
-0.101942
-0.101954
-0.101987
-0.102018
-0.102042
-0.102091
-0.101968
-0.102447
-0.102445
-0.103911
-0.102125
-0.102582
-0.102060
-0.102328
-0.102447
-0.102475
-0.102501
-0.102539
-0.102575
-0.102589
-0.102622
-0.102633
-0.102657
-0.102682
-0.102690
-0.102713
-0.102733
-0.102749
-0.102774
-0.102790
-0.102828
-0.102753
-0.103029
-0.102440
-0.103198
-0.102469
-0.102649
-0.102582
-0.102703
-0.102725
-0.102742
-0.102788
-0.102750
-0.102849
-0.102745
-0.102786
-0.102781
-0.102810
-0.102817
-0.102831
-0.102841
-0.102852
-0.102862
-0.102865
-0.102913
-0.102906
-0.102792
-0.102599
-0.102600
-0.102795
-0.102901
-0.102918
0.352078
2.087218
0.127324
0.179172
0.103209
0.053565
0.026991
0.007792
-0.006611
-0.017314
-0.025881
-0.032894
-0.038624
-0.043558
-0.047487
-0.050960
-0.053942
-0.056327
-0.058370
-0.059792
-0.060999
-0.052270
-0.058812
-0.058086
-0.058612
-0.064045
-0.072204
-0.083816
-0.081353
-0.081056
-0.081282
-0.081636
-0.081988
-0.082416
-0.082866
-0.083251
-0.083698
-0.084083
-0.084520
-0.084895
-0.085279
-0.085676
-0.086062
-0.086410
-0.087080
-0.088550
-0.083947
-0.093332
-0.083944
-0.093381
-0.089258
-0.087914
-0.088809
-0.089003
-0.089258
-0.089423
-0.089735
-0.089809
-0.090127
-0.090229
-0.090377
-0.090563
-0.090691
-0.090878
-0.090999
-0.091169
-0.091311
-0.091505
-0.091515
-0.092184
-0.094257
-0.088464
-0.094323
-0.088662
-0.091846
-0.091527
-0.091584
-0.091740
-0.091908
-0.092201
-0.091619
-0.092425
-0.091693
-0.092234
-0.092206
-0.092262
-0.092325
-0.092377
-0.092431
-0.092452
-0.092510
-0.092524
-0.092606
-0.092019
-0.092190
-0.092261
-0.092269
-0.092311
-0.092168
-0.092655
