-2.645655
0.981426
-0.181272
-5.779698
-0.107312
-0.107312
0.152851
0.260429
1.153008
-1.111122
-0.107312
-0.107308
2.580871
1.104875
4.839252
0.130372
-0.107313
-0.107315
0.052247
1.213107
2.436210
-2.167602
-0.107311
-0.107316
-0.114547
2.804673
4.717574
-5.163001
-0.107312
-0.107316
-0.169420
0.805872
1.461084
-1.641909
-0.107312
-0.107316
13.680268
-0.105293
13.684029
13.677301
-0.107310
-0.107316
9.144562
2.468442
12.719655
4.451710
-0.107312
-0.107317
2.434037
0.372702
0.026906
-0.078845
0.020383
-0.052010
-0.008766
-0.045354
-0.068821
0.025743
0.100304
-0.052029
-0.015224
-0.066936
-0.044207
-0.030119
0.007070
0.074058
0.151769
0.011429
-0.064280
0.010112
-0.085933
-0.043141
-0.038304
-0.019567
0.007969
-0.030601
-0.055896
-0.078171
-0.032805
-0.037098
-0.053485
-0.072360
-0.070502
-0.096631
-0.033915
-0.099022
-0.064569
-0.050552
-0.040636
-0.082467
-0.066091
-0.099826
-0.100534
-0.090395
-0.095970
-0.083113
-0.102855
-0.099034
-0.096312
-0.099045
-0.099390
-0.098774
-0.100403
-0.097827
-0.099080
-0.101184
-0.096365
-0.103258
-0.099691
-0.099515
-0.104430
-0.101135
-0.098877
-0.098472
-0.105422
-0.092512
-0.101024
-0.102344
-0.096915
-0.098428
-0.095271
-0.097106
-0.093938
-0.080103
-0.089971
-0.098987
-0.093913
-0.103986
-0.096607
-0.101019
-0.093866
-0.085925
-0.094230
-0.103184
-0.102258
-0.098526
-0.097609
-0.094354
-0.105163
-0.095072
-0.104089
-0.092547
-0.102350
-0.096302
-0.099989
-0.101657
-0.100879
-0.099682
0.154057
-0.030949
0.046818
-0.072810
-0.044130
-0.061987
-0.056875
-0.090610
-0.081398
-0.059708
-0.066941
-0.068360
-0.080152
-0.082444
-0.068244
-0.093499
-0.067856
-0.078126
-0.050229
-0.087200
-0.084942
-0.091992
-0.095847
-0.066228
-0.080134
-0.082403
-0.074011
-0.059211
-0.096230
-0.090178
-0.064434
-0.079386
-0.093949
-0.100978
-0.088654
-0.099879
-0.093470
-0.093911
-0.099723
-0.091688
-0.097385
-0.100739
-0.102796
-0.100918
-0.097943
-0.105029
-0.098274
-0.102297
-0.102387
-0.105998
-0.104211
-0.104697
-0.104612
-0.104599
-0.106351
-0.103468
-0.106600
-0.106135
-0.106138
-0.105383
-0.106343
-0.105290
-0.105126
-0.105872
-0.107126
-0.105376
-0.105079
-0.105964
-0.106184
-0.104521
-0.105655
-0.103388
-0.105129
-0.102831
-0.104139
-0.102313
-0.105534
-0.104349
-0.106682
-0.106119
-0.102782
-0.103388
-0.103058
-0.103419
-0.102589
-0.107004
-0.105201
-0.101649
-0.102644
-0.105693
-0.105080
-0.104217
-0.105303
-0.103731
-0.104425
-0.105391
-0.105779
-0.104377
-0.106230
-0.103941
2.579065
0.691405
0.074570
-0.040836
-0.045244
-0.041918
-0.054927
-0.056142
-0.067564
-0.059979
-0.075777
-0.089609
-0.081366
-0.104012
-0.086573
-0.101049
-0.069621
-0.077420
-0.033339
-0.057640
-0.086097
-0.083109
-0.051787
-0.093207
-0.072333
-0.049424
-0.040296
-0.065531
-0.078721
-0.083706
-0.062658
-0.072926
-0.081762
-0.075850
-0.085564
-0.072848
-0.093276
-0.098734
-0.085780
-0.091364
-0.092850
-0.093335
-0.100189
-0.101362
-0.104976
-0.103242
-0.104100
-0.103488
-0.100635
-0.102824
-0.101668
-0.103020
-0.106276
-0.106530
-0.104620
-0.099989
-0.098406
-0.105673
-0.100583
-0.105187
-0.104342
-0.105489
-0.104402
-0.104923
-0.102909
-0.104174
-0.103365
-0.105546
-0.104360
-0.106495
-0.105289
-0.105804
-0.103721
-0.104332
-0.104977
-0.098786
-0.100811
-0.106780
-0.103130
-0.103813
-0.103875
-0.105725
-0.097304
-0.096115
-0.101317
-0.106319
-0.103619
-0.102826
-0.103174
-0.103804
-0.104224
-0.100359
-0.103222
-0.103021
-0.105445
-0.102415
-0.104776
-0.105560
-0.103397
-0.105489
0.049107
0.796422
0.012579
-0.052434
0.017623
-0.059044
-0.021788
-0.099293
-0.065130
-0.069494
-0.086057
-0.088992
-0.083556
-0.090784
-0.096018
-0.082706
-0.086470
-0.093349
-0.088637
-0.090745
-0.094123
-0.099827
-0.095172
-0.095586
-0.092577
-0.098690
-0.098981
-0.096315
-0.105548
-0.100064
-0.101221
-0.104811
-0.103443
-0.101149
-0.100174
-0.098843
-0.099607
-0.103861
-0.103213
-0.106215
-0.098985
-0.105476
-0.097647
-0.103230
-0.104425
-0.100971
-0.105452
-0.102121
-0.107132
-0.103291
-0.103265
-0.101125
-0.102933
-0.102894
-0.104457
-0.104801
-0.097700
-0.104985
-0.102377
-0.104602
-0.104115
-0.101645
-0.103854
-0.102712
-0.106227
-0.106846
-0.105087
-0.104712
-0.106410
-0.104224
-0.105183
-0.104567
-0.105215
-0.104223
-0.104157
-0.104658
-0.103949
-0.105641
-0.104019
-0.104171
-0.104665
-0.106144
-0.106272
-0.105332
-0.105256
-0.104480
-0.104983
-0.104626
-0.104510
-0.104967
-0.104779
-0.103760
-0.104796
-0.104132
-0.105176
-0.104381
-0.104721
-0.104592
-0.105379
-0.106034
-0.097060
1.892583
0.028554
0.041329
0.207186
-0.055182
0.056568
-0.029908
-0.047247
-0.067875
-0.017683
-0.080585
-0.069629
-0.095877
-0.087152
-0.098162
-0.058888
-0.060004
-0.043300
-0.053597
-0.078765
-0.064074
-0.070084
-0.092735
-0.079743
-0.081274
-0.067536
-0.079146
-0.073346
-0.087299
-0.091742
-0.092375
-0.079335
-0.088457
-0.092917
-0.086872
-0.100953
-0.086231
-0.096670
-0.098811
-0.088770
-0.096746
-0.089873
-0.095577
-0.093940
-0.092105
-0.101887
-0.093078
-0.098324
-0.098158
-0.103454
-0.091808
-0.095817
-0.097250
-0.099892
-0.097578
-0.084677
-0.100340
-0.093874
-0.101716
-0.098074
-0.094811
-0.100535
-0.097065
-0.102637
-0.104407
-0.102431
-0.097096
-0.102069
-0.102051
-0.102347
-0.099967
-0.101349
-0.102956
-0.098342
-0.102577
-0.099088
-0.102769
-0.098518
-0.097216
-0.102733
-0.101970
-0.104548
-0.100095
-0.098464
-0.098190
-0.098276
-0.100592
-0.099980
-0.104278
-0.101902
-0.101463
-0.098659
-0.099504
-0.100776
-0.099476
-0.101327
-0.097771
-0.102634
-0.101475
-0.044950
0.517009
-0.017065
-0.097210
-0.052152
-0.089261
-0.081305
-0.049690
-0.069074
-0.049756
-0.099080
-0.080604
-0.103653
-0.097717
-0.092204
-0.089081
-0.092184
-0.102487
-0.092631
-0.104414
-0.080991
-0.096046
-0.095346
-0.097004
-0.102494
-0.091359
-0.097296
-0.104724
-0.094766
-0.104764
-0.099111
-0.102636
-0.090392
-0.102416
-0.103323
-0.101397
-0.102909
-0.093518
-0.106064
-0.100757
-0.103580
-0.106499
-0.103465
-0.103149
-0.103325
-0.104271
-0.105138
-0.104837
-0.105145
-0.103264
-0.101186
-0.103541
-0.102735
-0.104024
-0.105653
-0.104332
-0.100411
-0.105406
-0.102561
-0.105334
-0.105234
-0.104021
-0.105630
-0.104777
-0.104351
-0.106431
-0.103988
-0.105345
-0.105867
-0.105317
-0.105702
-0.104305
-0.106002
-0.105464
-0.104943
-0.104439
-0.104970
-0.105348
-0.105997
-0.104624
-0.105956
-0.105455
-0.105263
-0.104155
-0.105231
-0.105145
-0.104980
-0.106286
-0.105444
-0.105851
-0.105752
-0.105452
-0.104667
-0.105065
-0.106302
-0.104967
-0.104769
-0.103927
-0.104897
-0.105907
-2.341211
0.011710
-2.155075
-2.590973
-0.107313
-0.107315
-0.160283
0.079557
0.181888
-0.467878
-0.107311
-0.107316
2.827215
0.039109
3.093483
2.622877
-0.107311
-0.107317
0.023435
0.386968
0.856481
-0.671265
-0.107310
-0.107316
-0.127801
0.086688
0.260935
-0.473671
-0.107310
-0.107314
-0.230447
0.422817
0.406226
-0.999656
-0.107312
-0.107317
8.619845
0.116179
8.901877
8.175227
-0.107314
-0.107314
2.125722
-0.061660
-0.054561
-0.077866
-0.089074
-0.101266
-0.104957
-0.101991
-0.102912
-0.097831
-0.091667
-0.103853
-0.091827
-0.101196
-0.101574
-0.101310
-0.103642
-0.096551
-0.104757
-0.100890
-0.103870
-0.105309
-0.106089
-0.106230
-0.106140
-0.104524
-0.105040
-0.104152
-0.106525
-0.106898
-0.106575
-0.104722
-0.104778
-0.106380
-0.106728
-0.107050
-0.106998
-0.107034
-0.106506
-0.104729
-0.106152
-0.105305
-0.105789
-0.106672
-0.105892
-0.106903
-0.105106
-0.106714
-0.106093
-0.106593
-0.107171
-0.107174
-0.107061
-0.106738
-0.106292
-0.106714
-0.106514
-0.106950
-0.107026
-0.106894
-0.106643
-0.106462
-0.107105
-0.107087
-0.107011
-0.107039
-0.106960
-0.107026
-0.106782
-0.106633
-0.107167
-0.106677
-0.107049
-0.106648
-0.106977
-0.106415
-0.106658
-0.106997
-0.106746
-0.106904
-0.106929
-0.107118
-0.106977
-0.106683
-0.106926
-0.107113
-0.106927
-0.107010
-0.106876
-0.107138
-0.107045
-0.106892
-0.106855
-0.106911
-0.106987
-0.106799
-0.106920
-0.107090
-0.107129
-0.106911
-0.053784
0.010189
-0.050628
-0.093166
-0.103627
-0.103130
-0.104878
-0.103018
-0.104982
-0.104171
-0.104320
-0.103487
-0.104621
-0.104020
-0.105541
-0.105552
-0.104794
-0.104933
-0.105259
-0.106088
-0.106014
-0.106382
-0.106382
-0.106916
-0.106287
-0.107109
-0.106258
-0.104073
-0.103952
-0.106555
-0.104778
-0.105011
-0.106335
-0.106952
-0.106864
-0.106969
-0.106604
-0.107195
-0.106830
-0.107001
-0.106748
-0.106889
-0.106626
-0.107193
-0.106944
-0.106897
-0.106795
-0.107090
-0.107067
-0.106955
-0.107026
-0.107098
-0.107134
-0.107076
-0.107082
-0.107150
-0.106717
-0.106408
-0.106850
-0.106855
-0.106679
-0.106939
-0.107137
-0.107195
-0.107236
-0.107138
-0.107125
-0.107184
-0.107155
-0.107026
-0.107152
-0.107075
-0.107196
-0.107064
-0.107261
-0.107206
-0.107203
-0.107118
-0.107169
-0.107082
-0.107175
-0.107198
-0.107256
-0.107097
-0.107265
-0.107032
-0.106925
-0.107053
-0.107084
-0.107031
-0.107111
-0.107118
-0.107192
-0.107250
-0.107245
-0.107133
-0.107265
-0.107161
-0.107090
-0.107177
2.826303
-0.010281
-0.094397
-0.082012
-0.101433
-0.096095
-0.097720
-0.103733
-0.105547
-0.104389
-0.104079
-0.097966
-0.106620
-0.102834
-0.104430
-0.103683
-0.103377
-0.105333
-0.101500
-0.105706
-0.105997
-0.106415
-0.106086
-0.105340
-0.104833
-0.105741
-0.105274
-0.106452
-0.104799
-0.106798
-0.104545
-0.106629
-0.105687
-0.106745
-0.106451
-0.106670
-0.107252
-0.107020
-0.106433
-0.107061
-0.106097
-0.106943
-0.106774
-0.106529
-0.106171
-0.106785
-0.106448
-0.106590
-0.107200
-0.106739
-0.106860
-0.106867
-0.107080
-0.106860
-0.106882
-0.106466
-0.107118
-0.106427
-0.106800
-0.106718
-0.106703
-0.107179
-0.106900
-0.106751
-0.106798
-0.106960
-0.107004
-0.107006
-0.107051
-0.106562
-0.106961
-0.106790
-0.107029
-0.107018
-0.107095
-0.106923
-0.107087
-0.106966
-0.107082
-0.107081
-0.107064
-0.106981
-0.107161
-0.107035
-0.106889
-0.106971
-0.106946
-0.107041
-0.107168
-0.106950
-0.106990
-0.107008
-0.106968
-0.106895
-0.106880
-0.106886
-0.107176
-0.106964
-0.106956
-0.106995
0.020113
0.234763
-0.050861
-0.069570
-0.092604
-0.097279
-0.097302
-0.099062
-0.100172
-0.101150
-0.102023
-0.102483
-0.102626
-0.102877
-0.103348
-0.103600
-0.104070
-0.104368
-0.104514
-0.104823
-0.104183
-0.104346
-0.104799
-0.105242
-0.105512
-0.104998
-0.104298
-0.101960
-0.101912
-0.104629
-0.099300
-0.101960
-0.105595
-0.105922
-0.105726
-0.105722
-0.105545
-0.105553
-0.105650
-0.105584
-0.105823
-0.105958
-0.105960
-0.105882
-0.105818
-0.105852
-0.105953
-0.106069
-0.106092
-0.106190
-0.106105
-0.105977
-0.105962
-0.105937
-0.106333
-0.106658
-0.105589
-0.105341
-0.105810
-0.106775
-0.105493
-0.106224
-0.106061
-0.106194
-0.106336
-0.106400
-0.106376
-0.106300
-0.106277
-0.106258
-0.106299
-0.106365
-0.106407
-0.106411
-0.106360
-0.106319
-0.106299
-0.106325
-0.106409
-0.106482
-0.106504
-0.106399
-0.106257
-0.106131
-0.106217
-0.106921
-0.105724
-0.106524
-0.106124
-0.106955
-0.106516
-0.106423
-0.106379
-0.106356
-0.106420
-0.106466
-0.106509
-0.106524
-0.106475
-0.106420
-0.085120
-0.003900
-0.028135
-0.075003
-0.082300
-0.095946
-0.103271
-0.103527
-0.103437
-0.103317
-0.104253
-0.104145
-0.104356
-0.104432
-0.104705
-0.104860
-0.104988
-0.105125
-0.105403
-0.105413
-0.105484
-0.105518
-0.105463
-0.105636
-0.106143
-0.103932
-0.104016
-0.104567
-0.104039
-0.106049
-0.103650
-0.102870
-0.106531
-0.106906
-0.106271
-0.106038
-0.106221
-0.106312
-0.106409
-0.106362
-0.106375
-0.106412
-0.106439
-0.106440
-0.106449
-0.106474
-0.106470
-0.106457
-0.106446
-0.106527
-0.106540
-0.106526
-0.106413
-0.106512
-0.106935
-0.107155
-0.105952
-0.105810
-0.106278
-0.106144
-0.106609
-0.106719
-0.106536
-0.106734
-0.106658
-0.106616
-0.106621
-0.106637
-0.106644
-0.106668
-0.106672
-0.106680
-0.106683
-0.106689
-0.106693
-0.106701
-0.106692
-0.106698
-0.106676
-0.106693
-0.106751
-0.106733
-0.106563
-0.106762
-0.106683
-0.106558
-0.106790
-0.106498
-0.106853
-0.106870
-0.106695
-0.106603
-0.106658
-0.106740
-0.106751
-0.106740
-0.106716
-0.106723
-0.106722
-0.106721
0.017337
0.260749
-0.064940
-0.073724
-0.088885
-0.089583
-0.093968
-0.096134
-0.098313
-0.099059
-0.100186
-0.101145
-0.101406
-0.101771
-0.102160
-0.102613
-0.103140
-0.103380
-0.103528
-0.103843
-0.103501
-0.103617
-0.104055
-0.104442
-0.103972
-0.103864
-0.105095
-0.102450
-0.100796
-0.103727
-0.099242
-0.105498
-0.104606
-0.105796
-0.106105
-0.105713
-0.105563
-0.105544
-0.105626
-0.105648
-0.105848
-0.105949
-0.105925
-0.105886
-0.105864
-0.105904
-0.106018
-0.106121
-0.106189
-0.106208
-0.106101
-0.106076
-0.106114
-0.106335
-0.106479
-0.106480
-0.106218
-0.106255
-0.105832
-0.106600
-0.106267
-0.106413
-0.106262
-0.106369
-0.106512
-0.106562
-0.106516
-0.106477
-0.106463
-0.106458
-0.106510
-0.106578
-0.106616
-0.106609
-0.106571
-0.106554
-0.106568
-0.106599
-0.106681
-0.106763
-0.106727
-0.106628
-0.106626
-0.106480
-0.106567
-0.106778
-0.105967
-0.107010
-0.106364
-0.106810
-0.106824
-0.106723
-0.106624
-0.106642
-0.106695
-0.106756
-0.106794
-0.106802
-0.106764
-0.106720
