-2.642994
0.837010
0.045831
-5.110519
-0.116428
-0.116428
0.106850
0.263155
1.386387
-1.061028
-0.116428
-0.116426
2.928076
0.982277
4.868149
0.495333
-0.116430
-0.116431
0.131945
1.042145
1.957133
-2.184700
-0.116429
-0.116433
0.385790
2.514771
4.498234
-5.023119
-0.116429
-0.116433
-0.075253
0.676830
1.273355
-1.623577
-0.116429
-0.116433
13.645138
-0.114927
13.647562
13.641996
-0.116430
-0.116430
9.904504
2.389070
12.998613
4.815907
-0.116431
-0.116431
2.409647
0.120986
0.194872
-0.019302
-0.027976
-0.047736
-0.061207
-0.078481
-0.056940
-0.064210
-0.023957
-0.079315
-0.038374
-0.089477
-0.079813
-0.101308
-0.060638
-0.050744
-0.027269
-0.047769
-0.067353
-0.088518
-0.032730
0.018926
0.004332
-0.057319
-0.065991
-0.062977
-0.082886
-0.015287
0.022043
-0.036405
0.043205
-0.093235
-0.070940
-0.013223
-0.055598
-0.014709
-0.076660
-0.089602
-0.009972
-0.068941
-0.004064
-0.096023
-0.068007
-0.077083
-0.096444
-0.013796
-0.076291
-0.074191
-0.051842
-0.092460
-0.050094
-0.076578
-0.097431
-0.092573
-0.078274
-0.066357
-0.086404
-0.104617
-0.063011
-0.085481
-0.057196
-0.095931
-0.109824
-0.066048
-0.069117
-0.096491
-0.113292
-0.110280
-0.106458
-0.081039
-0.054562
-0.087024
-0.105070
-0.106659
-0.096757
-0.106401
-0.091588
-0.096042
-0.097697
-0.111625
-0.110832
-0.105758
-0.103234
-0.107994
-0.098622
-0.114358
-0.114185
-0.109804
-0.113340
-0.106472
-0.110539
-0.112469
-0.110790
-0.113669
-0.112590
-0.110634
-0.113176
-0.109793
0.109362
-0.101889
-0.047341
-0.053888
-0.071851
-0.101271
-0.108116
-0.096226
-0.089989
-0.091432
-0.069340
-0.115447
-0.086800
-0.086296
-0.101182
-0.101018
-0.090834
-0.070215
-0.103229
-0.074722
-0.110732
-0.085454
-0.078008
-0.078666
-0.088331
-0.077709
-0.097906
-0.084508
-0.098238
-0.094510
-0.072644
-0.066356
-0.054313
-0.091696
-0.084374
-0.088350
-0.069747
-0.052733
-0.080309
-0.074065
-0.070182
-0.100089
-0.083730
-0.093825
-0.058697
-0.066374
-0.100754
-0.091156
-0.107609
-0.082312
-0.094613
-0.101135
-0.085050
-0.104477
-0.091494
-0.105249
-0.099026
-0.080392
-0.093942
-0.084437
-0.109902
-0.107104
-0.086364
-0.108752
-0.098803
-0.087301
-0.089688
-0.101052
-0.104624
-0.107660
-0.113083
-0.099944
-0.110939
-0.111907
-0.108956
-0.108919
-0.114340
-0.104281
-0.113041
-0.103060
-0.111795
-0.109501
-0.113711
-0.113409
-0.111593
-0.113719
-0.113483
-0.115836
-0.114277
-0.113672
-0.113599
-0.114023
-0.115105
-0.114009
-0.112672
-0.114236
-0.116295
-0.113997
-0.114595
-0.114543
2.922047
0.232075
0.462281
-0.011820
0.017902
0.001258
-0.035936
-0.089693
-0.077542
-0.034947
-0.063340
-0.111960
-0.081342
-0.084195
-0.077662
-0.083759
-0.098935
-0.089181
-0.067729
-0.071586
-0.057886
-0.098635
-0.054312
-0.053691
-0.073286
-0.087778
-0.080089
-0.082318
-0.091682
-0.077313
-0.059865
-0.087451
-0.023134
-0.089921
-0.115504
-0.079087
-0.054641
-0.086997
-0.090812
-0.095235
-0.036053
-0.101498
-0.064957
-0.107519
-0.083046
-0.104911
-0.091441
-0.021142
-0.100893
-0.100029
-0.056981
-0.097255
-0.067783
-0.096110
-0.095577
-0.081903
-0.080546
-0.087382
-0.091838
-0.110137
-0.095172
-0.093508
-0.078674
-0.097312
-0.107022
-0.102114
-0.085883
-0.106956
-0.112375
-0.103311
-0.109990
-0.098124
-0.087254
-0.100785
-0.109980
-0.105740
-0.110069
-0.114261
-0.105086
-0.104132
-0.110822
-0.113399
-0.109236
-0.112818
-0.108977
-0.107300
-0.109758
-0.114016
-0.112151
-0.113112
-0.115654
-0.109308
-0.110602
-0.112939
-0.112744
-0.114079
-0.110932
-0.111556
-0.115854
-0.113378
0.123704
0.269247
0.557259
0.051882
-0.042040
-0.059918
-0.039426
-0.066620
-0.076463
-0.095670
-0.048322
-0.053916
-0.075209
-0.084483
-0.071266
-0.091376
-0.099235
-0.086782
-0.092063
-0.092335
-0.101208
-0.088959
-0.111101
-0.105125
-0.084784
-0.098075
-0.086027
-0.109062
-0.108035
-0.105041
-0.097937
-0.088440
-0.101296
-0.094508
-0.110149
-0.105009
-0.109522
-0.101942
-0.106751
-0.105921
-0.102205
-0.111143
-0.114879
-0.115233
-0.105434
-0.098983
-0.098395
-0.109256
-0.113798
-0.108194
-0.111150
-0.112443
-0.107549
-0.108257
-0.111494
-0.110938
-0.107532
-0.106297
-0.106832
-0.112791
-0.112436
-0.108569
-0.104431
-0.111736
-0.110615
-0.111428
-0.114151
-0.110066
-0.115058
-0.108106
-0.112974
-0.109541
-0.115227
-0.113453
-0.114936
-0.114710
-0.112050
-0.114871
-0.114601
-0.113386
-0.113803
-0.112419
-0.113478
-0.115833
-0.112530
-0.114332
-0.113834
-0.113386
-0.115076
-0.114050
-0.114348
-0.114686
-0.112751
-0.115608
-0.115120
-0.115083
-0.111956
-0.115576
-0.115192
-0.110916
0.371015
0.810452
1.390489
0.226695
0.084196
0.035086
0.067893
-0.082850
-0.063394
-0.108733
0.051806
0.024261
-0.038715
-0.042481
-0.028262
-0.073091
-0.068780
-0.050117
-0.047569
-0.073994
-0.085209
-0.081456
-0.110034
-0.082034
-0.078625
-0.085228
-0.077402
-0.109051
-0.102375
-0.079883
-0.086674
-0.059187
-0.058291
-0.084330
-0.110699
-0.086724
-0.101313
-0.067744
-0.101268
-0.092095
-0.080883
-0.084176
-0.075616
-0.104602
-0.109451
-0.085651
-0.067859
-0.085982
-0.105611
-0.103792
-0.089256
-0.096891
-0.114804
-0.108251
-0.111949
-0.090127
-0.092583
-0.082066
-0.112493
-0.111717
-0.102490
-0.094255
-0.091975
-0.107770
-0.110930
-0.092026
-0.103199
-0.104371
-0.109640
-0.110166
-0.105013
-0.111304
-0.099402
-0.110989
-0.107144
-0.112207
-0.114592
-0.115852
-0.114692
-0.113558
-0.105080
-0.109729
-0.113970
-0.113567
-0.106002
-0.110499
-0.106798
-0.107780
-0.110907
-0.109097
-0.110592
-0.109793
-0.104258
-0.112090
-0.114197
-0.113632
-0.108232
-0.116039
-0.113594
-0.106138
-0.078879
0.134151
0.353124
0.005987
-0.072850
-0.065692
-0.066893
-0.101115
-0.098971
-0.102190
-0.079729
-0.098036
-0.107238
-0.105300
-0.096319
-0.105816
-0.112536
-0.100064
-0.097278
-0.112836
-0.100471
-0.100856
-0.100641
-0.100177
-0.101602
-0.105595
-0.096760
-0.109423
-0.112059
-0.109182
-0.088675
-0.097714
-0.113558
-0.103217
-0.110915
-0.112251
-0.106224
-0.106931
-0.102117
-0.103359
-0.107818
-0.108955
-0.110123
-0.111541
-0.100691
-0.115473
-0.113011
-0.107655
-0.111344
-0.099924
-0.101920
-0.111494
-0.103148
-0.103512
-0.104595
-0.108257
-0.115737
-0.112539
-0.110404
-0.110536
-0.112178
-0.115001
-0.113310
-0.114357
-0.109826
-0.112803
-0.111895
-0.112801
-0.111429
-0.111924
-0.115707
-0.111481
-0.113125
-0.112009
-0.112893
-0.115679
-0.115025
-0.114037
-0.113152
-0.111908
-0.114072
-0.113454
-0.114541
-0.115647
-0.114925
-0.115083
-0.113659
-0.113169
-0.114984
-0.114197
-0.115122
-0.114942
-0.113814
-0.115462
-0.114600
-0.115286
-0.113319
-0.115882
-0.115523
-0.113648
-1.772448
0.145618
-1.148036
-2.117064
-0.116425
-0.116430
-0.138211
0.081979
0.242617
-0.546314
-0.116428
-0.116432
3.136465
0.059806
3.525144
2.808147
-0.116426
-0.116430
-0.051830
0.353658
0.760845
-0.871774
-0.116428
-0.116432
-0.105326
0.375523
0.855044
-1.135376
-0.116428
-0.116431
-0.256586
0.541090
0.932844
-1.308952
-0.116427
-0.116432
8.370657
0.419772
9.200282
7.348254
-0.116429
-0.116432
1.540075
-0.097199
0.005676
-0.087519
0.008781
-0.104361
-0.090001
-0.102419
-0.092203
-0.108287
-0.113822
-0.109364
-0.113889
-0.113415
-0.113056
-0.113973
-0.114411
-0.111561
-0.112709
-0.108889
-0.113257
-0.113821
-0.113538
-0.109145
-0.114166
-0.112365
-0.110612
-0.112975
-0.112525
-0.111501
-0.109576
-0.109445
-0.111337
-0.112601
-0.114700
-0.112342
-0.113423
-0.115476
-0.113672
-0.113447
-0.115828
-0.115678
-0.114012
-0.114266
-0.115024
-0.115856
-0.116000
-0.116061
-0.116047
-0.116018
-0.115275
-0.115393
-0.114350
-0.113470
-0.115196
-0.115665
-0.113676
-0.111069
-0.112765
-0.113760
-0.115651
-0.116156
-0.116038
-0.114132
-0.113785
-0.112678
-0.113377
-0.114801
-0.115108
-0.115046
-0.115874
-0.115996
-0.116152
-0.115682
-0.115729
-0.115047
-0.115899
-0.116056
-0.116167
-0.116138
-0.115429
-0.115218
-0.115828
-0.115824
-0.115552
-0.115291
-0.115474
-0.115165
-0.115671
-0.116279
-0.115403
-0.115224
-0.115508
-0.115818
-0.115760
-0.115715
-0.115912
-0.115734
-0.116257
-0.116281
-0.093425
-0.095942
0.010853
-0.083588
-0.102807
-0.088935
-0.094510
-0.107512
-0.107457
-0.107331
-0.104193
-0.114737
-0.114676
-0.113592
-0.113326
-0.114165
-0.115658
-0.112312
-0.113480
-0.114581
-0.114687
-0.112502
-0.113104
-0.114287
-0.113374
-0.114578
-0.115590
-0.114010
-0.114336
-0.113393
-0.114184
-0.115059
-0.113957
-0.113922
-0.115660
-0.114193
-0.115347
-0.115859
-0.113785
-0.114966
-0.113840
-0.115885
-0.115870
-0.115503
-0.114757
-0.115619
-0.115688
-0.115769
-0.115573
-0.115645
-0.115219
-0.113752
-0.115261
-0.115676
-0.115810
-0.115080
-0.115834
-0.115182
-0.115132
-0.114390
-0.114710
-0.115332
-0.115451
-0.114302
-0.114138
-0.115248
-0.115158
-0.115647
-0.115786
-0.116038
-0.115419
-0.115707
-0.116021
-0.116192
-0.115911
-0.115586
-0.116161
-0.116306
-0.115806
-0.115643
-0.116362
-0.115675
-0.116152
-0.115921
-0.116192
-0.115828
-0.116219
-0.116084
-0.115828
-0.115908
-0.115942
-0.115630
-0.116079
-0.116065
-0.115888
-0.116034
-0.115767
-0.116317
-0.116086
-0.115621
3.135583
-0.107493
-0.030458
-0.092556
-0.049186
-0.086598
-0.086894
-0.110714
-0.090317
-0.104839
-0.111292
-0.111651
-0.112569
-0.113667
-0.115175
-0.115032
-0.115821
-0.115761
-0.113835
-0.112154
-0.113883
-0.114372
-0.114662
-0.114248
-0.114003
-0.112185
-0.111547
-0.115164
-0.113493
-0.112516
-0.112241
-0.113546
-0.114660
-0.111752
-0.113885
-0.112653
-0.114734
-0.115270
-0.115279
-0.116037
-0.115390
-0.115332
-0.115599
-0.115089
-0.115909
-0.116164
-0.116069
-0.115929
-0.115836
-0.115702
-0.115819
-0.115984
-0.114763
-0.113509
-0.115149
-0.113855
-0.115058
-0.112669
-0.114380
-0.115409
-0.115383
-0.115721
-0.115813
-0.114671
-0.115177
-0.114192
-0.114108
-0.115851
-0.115682
-0.114993
-0.114656
-0.115467
-0.115855
-0.115403
-0.115952
-0.115837
-0.116213
-0.116267
-0.116112
-0.115751
-0.116038
-0.115928
-0.115459
-0.115642
-0.116167
-0.115542
-0.116184
-0.115683
-0.116051
-0.116023
-0.115317
-0.115746
-0.116057
-0.115779
-0.115667
-0.116013
-0.115892
-0.115980
-0.115935
-0.116227
-0.052940
-0.044404
0.180627
-0.021353
-0.054541
-0.071056
-0.084508
-0.103224
-0.104993
-0.111824
-0.114822
-0.111080
-0.111350
-0.112424
-0.113349
-0.112921
-0.113143
-0.113366
-0.113899
-0.113501
-0.113841
-0.113945
-0.114208
-0.114287
-0.114075
-0.114464
-0.114442
-0.114488
-0.114474
-0.114614
-0.114642
-0.114636
-0.114666
-0.114662
-0.114799
-0.114782
-0.114883
-0.114832
-0.114875
-0.114873
-0.114702
-0.115025
-0.114970
-0.114988
-0.115051
-0.115109
-0.115188
-0.114986
-0.115062
-0.114910
-0.114894
-0.115376
-0.114717
-0.114547
-0.113950
-0.113385
-0.114076
-0.113061
-0.111531
-0.110766
-0.113686
-0.114955
-0.115200
-0.111878
-0.112778
-0.113560
-0.114089
-0.115902
-0.115861
-0.116051
-0.116195
-0.116167
-0.116105
-0.115444
-0.115973
-0.115444
-0.115632
-0.115813
-0.116203
-0.115575
-0.115503
-0.115134
-0.115866
-0.115727
-0.115797
-0.115630
-0.115824
-0.115767
-0.115854
-0.115805
-0.115787
-0.115795
-0.115768
-0.115843
-0.115843
-0.115847
-0.115827
-0.115872
-0.115871
-0.115787
-0.105748
-0.086924
0.187727
-0.053987
0.018357
-0.077172
-0.083111
-0.110127
-0.085749
-0.090111
-0.112177
-0.108027
-0.111168
-0.110435
-0.109809
-0.111078
-0.111717
-0.111898
-0.112189
-0.112352
-0.112599
-0.112622
-0.113051
-0.113280
-0.113397
-0.113823
-0.113555
-0.113817
-0.113946
-0.113834
-0.114101
-0.113890
-0.114096
-0.114167
-0.114243
-0.114476
-0.114371
-0.114478
-0.114446
-0.114615
-0.114623
-0.114625
-0.114239
-0.114683
-0.114695
-0.114692
-0.114798
-0.114631
-0.114680
-0.114915
-0.114643
-0.115299
-0.112974
-0.112460
-0.115846
-0.114357
-0.112975
-0.112537
-0.111707
-0.110019
-0.113409
-0.114937
-0.115517
-0.114150
-0.108993
-0.109815
-0.115414
-0.114811
-0.115572
-0.113745
-0.113514
-0.116101
-0.115441
-0.116048
-0.114669
-0.113231
-0.115191
-0.115099
-0.115019
-0.114251
-0.115695
-0.114553
-0.115217
-0.115430
-0.115382
-0.115574
-0.115403
-0.115023
-0.115431
-0.115303
-0.115350
-0.115354
-0.115230
-0.115369
-0.115323
-0.115397
-0.115423
-0.115212
-0.115324
-0.115312
0.023716
-0.071174
0.298500
-0.074658
0.071233
-0.074693
-0.086599
-0.107071
-0.090649
-0.111294
-0.107445
-0.112744
-0.112698
-0.114178
-0.115402
-0.115172
-0.114626
-0.115307
-0.115186
-0.115224
-0.114842
-0.115331
-0.115671
-0.115230
-0.115653
-0.115401
-0.115751
-0.115583
-0.115702
-0.115837
-0.115624
-0.116025
-0.115723
-0.116025
-0.115728
-0.115751
-0.115951
-0.115812
-0.115959
-0.115644
-0.115866
-0.115793
-0.115963
-0.116086
-0.115850
-0.116023
-0.115691
-0.116088
-0.115771
-0.115763
-0.115778
-0.115449
-0.115411
-0.113667
-0.115783
-0.114734
-0.111462
-0.109615
-0.110139
-0.107661
-0.113008
-0.116158
-0.115323
-0.110479
-0.109149
-0.110279
-0.113298
-0.113797
-0.115336
-0.114818
-0.115298
-0.115930
-0.115829
-0.115011
-0.116110
-0.114046
-0.116023
-0.115945
-0.116379
-0.115225
-0.115685
-0.113894
-0.116106
-0.115339
-0.115809
-0.116000
-0.115982
-0.116091
-0.116224
-0.116369
-0.116303
-0.116218
-0.116338
-0.116235
-0.116326
-0.116209
-0.116274
-0.116160
-0.116305
-0.116392
