-2.567766
0.957749
-0.151487
-5.299987
-0.111644
-0.111645
0.066353
0.284644
1.002355
-0.737860
-0.111642
-0.111646
2.795369
1.041331
4.998224
0.198808
-0.111644
-0.111646
0.025889
0.956322
1.681117
-1.780139
-0.111644
-0.111648
-0.006975
2.720989
4.613445
-5.053400
-0.111644
-0.111648
0.008910
0.763732
1.537191
-1.381543
-0.111643
-0.111648
13.671492
-0.110753
13.673414
13.669698
-0.111643
-0.111643
9.364435
2.513366
13.210702
4.848476
-0.111644
-0.111648
2.340478
0.350781
-0.023733
0.002293
-0.066230
-0.078844
-0.014151
-0.008775
-0.089631
-0.085804
0.015233
0.031635
-0.007750
0.079514
-0.082142
-0.021486
0.140000
0.166764
-0.040049
-0.066604
-0.083576
0.046523
-0.072585
-0.023741
-0.081867
-0.061994
-0.103936
-0.060767
-0.097631
-0.095840
-0.078084
-0.068896
-0.090891
-0.105146
-0.056283
-0.074799
-0.062122
-0.072825
-0.094750
-0.080568
-0.016297
-0.085697
-0.100972
-0.086412
-0.074142
-0.101420
-0.097205
-0.095013
-0.105174
-0.106044
-0.106404
-0.108296
-0.110407
-0.108006
-0.111018
-0.108605
-0.106631
-0.108348
-0.109933
-0.110189
-0.109488
-0.111336
-0.107329
-0.109369
-0.108010
-0.109723
-0.105098
-0.107431
-0.107278
-0.096533
-0.108189
-0.098714
-0.096210
-0.088230
-0.106699
-0.095631
-0.107346
-0.096991
-0.099276
-0.103720
-0.104541
-0.104481
-0.107406
-0.107727
-0.104882
-0.109414
-0.107853
-0.108506
-0.102524
-0.108677
-0.106189
-0.107446
-0.103522
-0.110209
-0.101488
-0.107846
-0.102122
-0.102357
-0.105384
-0.101615
0.068050
-0.032941
-0.020739
-0.080320
-0.085144
-0.073729
-0.069337
-0.076773
-0.102889
-0.100775
-0.070000
-0.097151
-0.067265
-0.016248
-0.064607
-0.075665
-0.065528
-0.034748
-0.028906
-0.050699
-0.032728
-0.067344
-0.070982
-0.067689
-0.096131
-0.090578
-0.099325
-0.081274
-0.097333
-0.078729
-0.096284
-0.096926
-0.083582
-0.102819
-0.069001
-0.096701
-0.087418
-0.071512
-0.098106
-0.097974
-0.092752
-0.101870
-0.103379
-0.097643
-0.102757
-0.110478
-0.101561
-0.109104
-0.107228
-0.111156
-0.108060
-0.108826
-0.111049
-0.110969
-0.110388
-0.108481
-0.110369
-0.109457
-0.110472
-0.111037
-0.109553
-0.110305
-0.110079
-0.109977
-0.109872
-0.108118
-0.109278
-0.109464
-0.110891
-0.104020
-0.106939
-0.109565
-0.108423
-0.107374
-0.108188
-0.103772
-0.102391
-0.108385
-0.109885
-0.110704
-0.107254
-0.106672
-0.110202
-0.106399
-0.108110
-0.107256
-0.106285
-0.109562
-0.105265
-0.108527
-0.107382
-0.107180
-0.108517
-0.107384
-0.108774
-0.109307
-0.109198
-0.106799
-0.110083
-0.110740
2.788155
0.608053
0.116943
-0.035709
-0.075119
-0.062367
-0.058439
-0.059781
-0.088786
-0.105552
-0.064473
-0.043709
-0.096588
-0.030269
-0.092790
-0.050985
-0.018153
0.008668
-0.055140
-0.100765
-0.096533
-0.022250
-0.071011
-0.025891
-0.070570
-0.088831
-0.090962
-0.066842
-0.088283
-0.063843
-0.089529
-0.071349
-0.103811
-0.094537
-0.064011
-0.077592
-0.083919
-0.091594
-0.106245
-0.089031
-0.068604
-0.095921
-0.107615
-0.099700
-0.100072
-0.104444
-0.105550
-0.103275
-0.106824
-0.105168
-0.109377
-0.106182
-0.109902
-0.106787
-0.108371
-0.110013
-0.105119
-0.107471
-0.110698
-0.108028
-0.110458
-0.110102
-0.109231
-0.110061
-0.107967
-0.110168
-0.109103
-0.107821
-0.108560
-0.107050
-0.106680
-0.106074
-0.105220
-0.103096
-0.108258
-0.102136
-0.108916
-0.105139
-0.103435
-0.105320
-0.103865
-0.105114
-0.107342
-0.109780
-0.105536
-0.109690
-0.104372
-0.109395
-0.104178
-0.107913
-0.106612
-0.106691
-0.105048
-0.109478
-0.106359
-0.111030
-0.106605
-0.107427
-0.108414
-0.107983
0.019151
0.631550
-0.050745
-0.094827
-0.050739
-0.070325
-0.067981
-0.067967
-0.082368
-0.102425
-0.099773
-0.090455
-0.094833
-0.081025
-0.105614
-0.099553
-0.108858
-0.105563
-0.074502
-0.109785
-0.101091
-0.099236
-0.090202
-0.101016
-0.103157
-0.105610
-0.108053
-0.100518
-0.099644
-0.101062
-0.108795
-0.106682
-0.100770
-0.110388
-0.100273
-0.104986
-0.103278
-0.108347
-0.104565
-0.106089
-0.110541
-0.108102
-0.110128
-0.109803
-0.107508
-0.108211
-0.109720
-0.111280
-0.110763
-0.109498
-0.110573
-0.107222
-0.109217
-0.110895
-0.110529
-0.109422
-0.107588
-0.107528
-0.109091
-0.110125
-0.110408
-0.110525
-0.110599
-0.110404
-0.108814
-0.110966
-0.111313
-0.110663
-0.110114
-0.110573
-0.110416
-0.110507
-0.110641
-0.110543
-0.109494
-0.110743
-0.111360
-0.110659
-0.110375
-0.109895
-0.110406
-0.110489
-0.110789
-0.111070
-0.108862
-0.110702
-0.111007
-0.110894
-0.109177
-0.111438
-0.110296
-0.110335
-0.109719
-0.110585
-0.111184
-0.110481
-0.111104
-0.111109
-0.111497
-0.110852
-0.018528
1.850768
0.112277
-0.028078
0.003168
-0.044276
0.018970
0.033258
-0.073409
-0.091693
-0.038474
-0.033992
-0.105338
-0.048729
-0.093060
-0.081855
-0.042592
-0.049389
-0.071691
-0.081681
-0.084616
-0.081607
-0.066197
-0.075430
-0.092836
-0.093932
-0.102918
-0.100835
-0.092123
-0.076419
-0.098683
-0.097601
-0.110720
-0.092368
-0.081566
-0.107262
-0.093371
-0.101749
-0.104613
-0.104044
-0.091821
-0.099425
-0.106288
-0.105574
-0.104833
-0.102444
-0.105334
-0.107318
-0.109133
-0.103975
-0.109057
-0.099337
-0.106309
-0.106528
-0.105362
-0.103836
-0.103058
-0.102474
-0.103242
-0.105396
-0.108551
-0.110435
-0.109092
-0.108660
-0.105478
-0.110678
-0.110161
-0.107476
-0.107092
-0.107745
-0.108493
-0.109323
-0.109555
-0.105260
-0.110013
-0.107719
-0.109781
-0.108966
-0.109950
-0.107112
-0.107551
-0.108513
-0.110408
-0.109009
-0.108241
-0.107819
-0.107302
-0.109753
-0.110028
-0.108517
-0.109765
-0.108790
-0.107378
-0.108828
-0.109053
-0.108844
-0.109696
-0.108365
-0.109712
-0.109442
0.004495
0.493736
-0.041075
-0.052964
-0.089851
-0.095788
-0.098501
-0.087362
-0.101572
-0.103751
-0.087721
-0.094753
-0.106598
-0.077831
-0.098848
-0.108397
-0.100466
-0.090486
-0.080956
-0.089873
-0.084462
-0.096543
-0.098115
-0.099733
-0.106895
-0.103289
-0.106651
-0.109938
-0.106478
-0.100976
-0.103106
-0.107752
-0.099606
-0.109188
-0.098968
-0.110201
-0.102286
-0.105318
-0.102952
-0.103498
-0.107881
-0.110035
-0.111545
-0.107391
-0.108934
-0.109627
-0.108698
-0.109798
-0.110802
-0.110073
-0.111434
-0.109990
-0.109947
-0.110548
-0.110597
-0.108478
-0.108096
-0.109462
-0.109363
-0.109032
-0.110480
-0.111336
-0.111203
-0.110352
-0.111239
-0.110728
-0.110347
-0.109675
-0.110936
-0.110794
-0.109787
-0.110941
-0.110352
-0.110952
-0.109856
-0.110015
-0.109424
-0.109237
-0.111139
-0.110591
-0.111229
-0.111147
-0.111178
-0.110823
-0.110320
-0.110200
-0.110009
-0.111321
-0.109682
-0.111390
-0.110721
-0.111041
-0.110584
-0.111478
-0.110882
-0.110138
-0.110218
-0.111354
-0.111183
-0.111224
-1.728896
0.159230
-1.218563
-2.191443
-0.111642
-0.111647
-0.237299
0.037865
-0.003312
-0.472071
-0.111643
-0.111648
3.158605
0.141665
3.572666
2.781356
-0.111642
-0.111648
-0.086745
0.318563
0.813473
-0.579591
-0.111640
-0.111646
-0.093880
0.352108
0.736170
-0.661636
-0.111642
-0.111648
-0.177417
0.702447
1.172785
-1.449323
-0.111643
-0.111647
8.359873
0.365081
9.025694
7.666748
-0.111643
-0.111649
1.506549
0.022680
0.006629
-0.054055
-0.109589
-0.104439
-0.099986
-0.103778
-0.107029
-0.101465
-0.102625
-0.109290
-0.106316
-0.098024
-0.098645
-0.110009
-0.103051
-0.106837
-0.106018
-0.110030
-0.108031
-0.107774
-0.109498
-0.109907
-0.109362
-0.108067
-0.109645
-0.102827
-0.110584
-0.110680
-0.105670
-0.109940
-0.108235
-0.109298
-0.109958
-0.111338
-0.110246
-0.110370
-0.110968
-0.110074
-0.110761
-0.111295
-0.109803
-0.108467
-0.109713
-0.110759
-0.111313
-0.109932
-0.110064
-0.111054
-0.110903
-0.110445
-0.110732
-0.110925
-0.110199
-0.110284
-0.110194
-0.110623
-0.110419
-0.109964
-0.110206
-0.111236
-0.110896
-0.110447
-0.110610
-0.111063
-0.110813
-0.110700
-0.110941
-0.111014
-0.110770
-0.110783
-0.110733
-0.110769
-0.110724
-0.110873
-0.111077
-0.110714
-0.110700
-0.110978
-0.110993
-0.110871
-0.110778
-0.110997
-0.110300
-0.111224
-0.111179
-0.110484
-0.111083
-0.110657
-0.110936
-0.111086
-0.110963
-0.110827
-0.110976
-0.111032
-0.110841
-0.110970
-0.111124
-0.110818
0.015180
-0.010277
-0.089069
-0.100813
-0.107176
-0.099719
-0.106839
-0.107993
-0.107762
-0.106805
-0.108197
-0.108622
-0.109715
-0.110251
-0.107639
-0.107698
-0.110135
-0.108688
-0.111409
-0.109010
-0.111066
-0.109487
-0.110507
-0.109997
-0.110941
-0.111262
-0.110216
-0.109477
-0.110039
-0.110793
-0.109146
-0.110787
-0.111262
-0.111416
-0.110274
-0.110649
-0.110783
-0.111491
-0.110545
-0.111098
-0.110934
-0.111198
-0.110890
-0.111018
-0.111380
-0.111369
-0.110818
-0.110976
-0.111167
-0.111255
-0.111014
-0.111027
-0.111272
-0.111320
-0.111393
-0.110965
-0.111010
-0.111441
-0.111062
-0.111105
-0.111348
-0.111286
-0.111325
-0.111253
-0.111170
-0.111193
-0.111218
-0.111282
-0.111241
-0.111360
-0.111339
-0.111096
-0.111246
-0.111390
-0.111355
-0.111338
-0.111153
-0.111346
-0.111274
-0.111324
-0.111238
-0.111445
-0.111421
-0.111360
-0.111156
-0.111401
-0.111468
-0.111136
-0.111314
-0.111450
-0.111402
-0.111272
-0.111315
-0.111284
-0.111357
-0.111233
-0.111351
-0.111303
-0.111401
-0.111369
3.157795
0.012806
0.008869
-0.084510
-0.083210
-0.109396
-0.109510
-0.108857
-0.108438
-0.103473
-0.109582
-0.106740
-0.103762
-0.107911
-0.108807
-0.108012
-0.107797
-0.105411
-0.110933
-0.108123
-0.110818
-0.110941
-0.110338
-0.110745
-0.110163
-0.107763
-0.109352
-0.104136
-0.110941
-0.109947
-0.107324
-0.108905
-0.109372
-0.109490
-0.111139
-0.111022
-0.111056
-0.111084
-0.110267
-0.110836
-0.111015
-0.110517
-0.110838
-0.111481
-0.111299
-0.110727
-0.110449
-0.111214
-0.110744
-0.111122
-0.111261
-0.111223
-0.111006
-0.111161
-0.110714
-0.110137
-0.110483
-0.111072
-0.110495
-0.110559
-0.111453
-0.111301
-0.111202
-0.111254
-0.111321
-0.111303
-0.111096
-0.111501
-0.111260
-0.111496
-0.111342
-0.111178
-0.111321
-0.111387
-0.111538
-0.111241
-0.111193
-0.111294
-0.111306
-0.111296
-0.111432
-0.111282
-0.111585
-0.111363
-0.110618
-0.111560
-0.111545
-0.110809
-0.111187
-0.111369
-0.111269
-0.111384
-0.111312
-0.111339
-0.111341
-0.111182
-0.111367
-0.111425
-0.111346
-0.111403
-0.086619
0.143054
0.044230
-0.076414
-0.107765
-0.090230
-0.098360
-0.100989
-0.103871
-0.102751
-0.102904
-0.104746
-0.105985
-0.105792
-0.105673
-0.106427
-0.107409
-0.107374
-0.106791
-0.107494
-0.108234
-0.108037
-0.107284
-0.108161
-0.107875
-0.108011
-0.108345
-0.103012
-0.105246
-0.109097
-0.104160
-0.107925
-0.107827
-0.108064
-0.110222
-0.109684
-0.109207
-0.109355
-0.109933
-0.109790
-0.109499
-0.109587
-0.109982
-0.109950
-0.109657
-0.109761
-0.110117
-0.110075
-0.109796
-0.109931
-0.110278
-0.110314
-0.109705
-0.110220
-0.110900
-0.109366
-0.111159
-0.109755
-0.110855
-0.108751
-0.110780
-0.110522
-0.109770
-0.110058
-0.110360
-0.110374
-0.110136
-0.110171
-0.110388
-0.110395
-0.110242
-0.110257
-0.110409
-0.110424
-0.110305
-0.110289
-0.110441
-0.110458
-0.110332
-0.110303
-0.110514
-0.110462
-0.110352
-0.110562
-0.110271
-0.110677
-0.110605
-0.110847
-0.110245
-0.110452
-0.110597
-0.110491
-0.110412
-0.110463
-0.110539
-0.110490
-0.110429
-0.110481
-0.110524
-0.110482
-0.092853
0.199295
-0.036804
-0.065353
-0.070867
-0.098358
-0.100008
-0.102311
-0.103826
-0.104641
-0.105726
-0.106020
-0.106678
-0.107111
-0.107474
-0.107745
-0.107884
-0.108210
-0.108323
-0.108715
-0.108734
-0.108707
-0.108840
-0.108898
-0.107857
-0.110638
-0.107128
-0.105107
-0.106883
-0.108371
-0.104654
-0.110101
-0.110003
-0.107847
-0.109174
-0.109592
-0.109630
-0.109673
-0.109781
-0.109808
-0.109896
-0.109910
-0.109972
-0.110011
-0.110041
-0.110075
-0.110075
-0.110117
-0.110113
-0.110184
-0.110183
-0.110073
-0.110028
-0.109913
-0.110251
-0.110608
-0.109121
-0.110993
-0.109412
-0.111166
-0.110624
-0.110552
-0.110525
-0.110470
-0.110532
-0.110578
-0.110578
-0.110590
-0.110578
-0.110600
-0.110606
-0.110615
-0.110620
-0.110619
-0.110634
-0.110634
-0.110653
-0.110634
-0.110635
-0.110665
-0.110660
-0.110532
-0.110769
-0.110906
-0.110525
-0.110296
-0.110628
-0.110176
-0.111179
-0.110717
-0.110487
-0.110645
-0.110652
-0.110656
-0.110671
-0.110681
-0.110680
-0.110680
-0.110682
-0.110687
-0.045810
0.429370
0.068835
-0.052533
-0.093981
-0.105792
-0.110876
-0.109960
-0.109241
-0.110374
-0.111434
-0.110185
-0.110226
-0.110626
-0.111385
-0.110857
-0.110424
-0.110649
-0.111414
-0.111128
-0.110740
-0.110708
-0.111331
-0.110522
-0.110292
-0.106777
-0.111204
-0.096366
-0.104426
-0.107871
-0.097622
-0.109476
-0.107927
-0.110743
-0.111061
-0.111133
-0.111600
-0.111138
-0.110954
-0.111112
-0.111503
-0.111270
-0.111076
-0.111181
-0.111458
-0.111345
-0.111102
-0.111198
-0.111452
-0.111412
-0.111151
-0.111149
-0.111332
-0.110990
-0.110665
-0.110041
-0.108057
-0.111102
-0.109262
-0.109285
-0.110405
-0.111186
-0.111549
-0.111412
-0.111250
-0.111296
-0.111491
-0.111444
-0.111289
-0.111327
-0.111460
-0.111448
-0.111332
-0.111333
-0.111452
-0.111452
-0.111347
-0.111340
-0.111446
-0.111495
-0.111362
-0.111307
-0.111227
-0.111541
-0.110204
-0.110402
-0.110967
-0.109948
-0.111373
-0.111135
-0.111389
-0.111466
-0.111487
-0.111427
-0.111377
-0.111410
-0.111461
-0.111416
-0.111385
-0.111416
