-2.516271
1.159263
0.158821
-6.596805
-0.112409
-0.112407
0.177723
0.366950
1.425525
-0.948256
-0.112407
-0.112408
2.654921
1.222882
5.626869
0.255279
-0.112406
-0.112411
-0.195474
1.126721
2.164587
-2.056667
-0.112406
-0.112412
-0.361664
2.555843
4.327149
-4.952096
-0.112406
-0.112411
-0.144993
0.865658
1.391387
-1.808810
-0.112407
-0.112412
13.699867
-0.111922
13.700751
13.698890
-0.112408
-0.112406
8.988128
2.491839
12.932799
4.988291
-0.112407
-0.112412
2.289353
0.251273
0.068322
-0.056280
-0.094345
-0.060402
-0.088457
0.032926
0.023250
-0.067668
-0.032094
0.193718
0.071054
-0.038426
0.252376
-0.005673
-0.002736
0.035173
0.008639
-0.028690
0.095931
0.105083
0.029588
-0.009456
-0.040910
0.013508
-0.041778
0.000023
-0.034659
-0.021717
-0.036962
-0.060027
-0.037217
-0.044452
-0.016572
-0.065931
-0.033950
-0.072295
-0.063692
-0.084888
-0.052839
-0.037749
-0.051006
-0.061223
-0.061625
-0.049195
-0.073965
-0.078303
-0.106939
-0.059375
-0.096154
-0.108015
-0.093584
-0.099308
-0.095697
-0.101095
-0.101289
-0.100118
-0.100860
-0.105362
-0.109300
-0.102920
-0.107029
-0.102566
-0.108776
-0.103088
-0.108803
-0.107072
-0.103387
-0.106573
-0.103716
-0.107047
-0.103471
-0.106617
-0.094851
-0.096756
-0.110659
-0.100014
-0.099213
-0.110292
-0.110723
-0.100311
-0.104495
-0.103060
-0.085462
-0.101087
-0.108254
-0.102038
-0.100133
-0.101263
-0.101799
-0.108242
-0.089738
-0.095660
-0.106038
-0.092586
-0.095863
-0.099183
-0.108581
-0.103156
0.179752
0.043680
-0.006029
-0.071105
-0.075527
-0.080296
-0.101482
-0.051019
-0.049232
-0.087366
-0.091479
-0.047613
-0.067961
-0.067862
-0.038319
-0.101043
-0.067740
-0.105722
-0.064870
-0.054290
0.007288
-0.081708
-0.102575
-0.070835
-0.060363
-0.096137
-0.065372
-0.093357
-0.090809
-0.083157
-0.054731
-0.040485
-0.070277
-0.055870
-0.090132
-0.092468
-0.098216
-0.088259
-0.100459
-0.078855
-0.100848
-0.098551
-0.108831
-0.073820
-0.095492
-0.093703
-0.106978
-0.108757
-0.102588
-0.098825
-0.106417
-0.109646
-0.104247
-0.110764
-0.106619
-0.106715
-0.107327
-0.111419
-0.110207
-0.110421
-0.109142
-0.108281
-0.108989
-0.110975
-0.110397
-0.110438
-0.108788
-0.109848
-0.110720
-0.110813
-0.110772
-0.109172
-0.110209
-0.110021
-0.110172
-0.106693
-0.111638
-0.108907
-0.108783
-0.110557
-0.110124
-0.107721
-0.107168
-0.105957
-0.105958
-0.108004
-0.109222
-0.111183
-0.107810
-0.108896
-0.108448
-0.109125
-0.108336
-0.105915
-0.099608
-0.107861
-0.102995
-0.108570
-0.102724
-0.111554
2.649039
0.701899
-0.016328
-0.012232
-0.003791
-0.092802
-0.062648
-0.044017
-0.071647
-0.088743
-0.080110
0.009086
-0.008776
-0.077359
0.015001
-0.044003
-0.055038
-0.008732
-0.049358
-0.040487
0.000493
0.010184
-0.015285
-0.046233
-0.045387
-0.019664
-0.054389
-0.045247
-0.037765
-0.044779
-0.044516
-0.051749
-0.057722
-0.055640
-0.038607
-0.065969
-0.063688
-0.079295
-0.086386
-0.082424
-0.071935
-0.058414
-0.071296
-0.078354
-0.076571
-0.078085
-0.086311
-0.095762
-0.106263
-0.091721
-0.100723
-0.105963
-0.104996
-0.105238
-0.103606
-0.104657
-0.111279
-0.106690
-0.106119
-0.107625
-0.112094
-0.104181
-0.107866
-0.110352
-0.107354
-0.106469
-0.108518
-0.107659
-0.106972
-0.106439
-0.107033
-0.110727
-0.108098
-0.110820
-0.104425
-0.105573
-0.106571
-0.107741
-0.105024
-0.106453
-0.109734
-0.104062
-0.107125
-0.107057
-0.097746
-0.105148
-0.104997
-0.102215
-0.102653
-0.102983
-0.104363
-0.105794
-0.098354
-0.099451
-0.100016
-0.096241
-0.100129
-0.107334
-0.105304
-0.103050
-0.024241
0.739578
0.012643
-0.070329
-0.097325
-0.047361
-0.079343
-0.053175
-0.084046
-0.103987
-0.090155
-0.053999
-0.091426
-0.096756
-0.084747
-0.101451
-0.094202
-0.105604
-0.090370
-0.102494
-0.063970
-0.086580
-0.101563
-0.100423
-0.093871
-0.098280
-0.092294
-0.099071
-0.105507
-0.101694
-0.093166
-0.104398
-0.104319
-0.097958
-0.100320
-0.108826
-0.109518
-0.096914
-0.106522
-0.106943
-0.101245
-0.105688
-0.104206
-0.099464
-0.101009
-0.108641
-0.108403
-0.108658
-0.109404
-0.108291
-0.107793
-0.109916
-0.107344
-0.107561
-0.106937
-0.111568
-0.105154
-0.110340
-0.108632
-0.110646
-0.110121
-0.110672
-0.106286
-0.111440
-0.109729
-0.106948
-0.109324
-0.110116
-0.110222
-0.108997
-0.109650
-0.109206
-0.109483
-0.111180
-0.108153
-0.108104
-0.110200
-0.109532
-0.110757
-0.110369
-0.109860
-0.108424
-0.110275
-0.108100
-0.109471
-0.108125
-0.111051
-0.109063
-0.109668
-0.110120
-0.110134
-0.111088
-0.111624
-0.107491
-0.110747
-0.109273
-0.111274
-0.108447
-0.109579
-0.109990
0.144506
1.678792
0.261988
0.064537
0.023920
0.018900
-0.053379
0.021407
-0.036804
-0.092619
-0.060048
0.032487
-0.011798
-0.078562
0.009043
-0.058915
-0.055527
-0.042811
-0.102521
-0.060517
-0.004376
-0.013131
-0.049248
-0.076573
-0.094435
-0.068598
-0.078696
-0.087997
-0.092464
-0.102986
-0.096812
-0.102061
-0.095185
-0.086850
-0.086527
-0.109392
-0.100319
-0.088453
-0.077297
-0.104476
-0.099049
-0.085963
-0.082939
-0.085150
-0.087963
-0.102998
-0.107608
-0.099154
-0.109906
-0.098667
-0.103164
-0.105706
-0.102547
-0.108236
-0.103547
-0.105945
-0.099042
-0.110782
-0.106990
-0.108652
-0.110510
-0.111303
-0.104089
-0.109982
-0.102609
-0.101518
-0.106801
-0.108858
-0.110824
-0.110173
-0.110903
-0.109446
-0.108138
-0.109306
-0.103965
-0.103500
-0.111738
-0.107809
-0.106881
-0.108365
-0.108973
-0.110701
-0.110692
-0.107325
-0.103432
-0.106310
-0.112032
-0.108531
-0.108499
-0.111370
-0.110519
-0.107065
-0.107713
-0.108478
-0.108767
-0.110131
-0.108219
-0.108402
-0.110584
-0.108461
-0.076807
0.550971
0.013951
-0.012549
-0.079519
-0.088822
-0.085611
-0.104316
-0.084707
-0.096640
-0.090385
-0.106178
-0.090854
-0.093260
-0.080434
-0.095172
-0.099139
-0.096039
-0.093658
-0.094741
-0.080350
-0.100894
-0.103709
-0.107781
-0.101474
-0.097114
-0.096956
-0.105196
-0.107490
-0.103729
-0.099419
-0.096912
-0.101844
-0.099913
-0.108787
-0.110332
-0.103930
-0.105214
-0.108598
-0.101305
-0.105599
-0.107473
-0.109342
-0.099472
-0.108446
-0.105539
-0.105636
-0.108394
-0.106154
-0.108793
-0.108057
-0.108305
-0.110086
-0.109149
-0.109689
-0.108740
-0.110817
-0.110139
-0.110799
-0.110031
-0.109084
-0.110537
-0.110463
-0.109338
-0.107096
-0.110530
-0.110834
-0.111346
-0.110492
-0.111686
-0.111159
-0.110578
-0.110503
-0.110512
-0.110606
-0.110669
-0.111047
-0.109580
-0.111176
-0.110905
-0.110920
-0.112016
-0.109820
-0.110957
-0.110758
-0.110842
-0.110419
-0.110524
-0.109884
-0.111266
-0.110118
-0.110846
-0.110759
-0.111353
-0.108830
-0.111273
-0.109302
-0.111672
-0.109510
-0.110711
-1.788310
0.056381
-1.435026
-2.118541
-0.112406
-0.112409
-0.353244
0.013447
-0.145964
-0.614624
-0.112409
-0.112409
3.143348
0.033365
3.432827
2.819837
-0.112407
-0.112409
-0.198513
0.236827
0.513373
-0.648898
-0.112404
-0.112409
-0.122873
0.245462
0.615462
-0.675198
-0.112405
-0.112411
-0.157527
0.537571
0.977785
-1.101304
-0.112406
-0.112411
8.245509
0.111499
8.591246
7.703082
-0.112409
-0.112409
1.563415
-0.038533
-0.046864
-0.067422
-0.076696
-0.098518
-0.097947
-0.111113
-0.109510
-0.109425
-0.108173
-0.104168
-0.102951
-0.104073
-0.107309
-0.104215
-0.101205
-0.104925
-0.108671
-0.107329
-0.108336
-0.107993
-0.110447
-0.111414
-0.111466
-0.111277
-0.109697
-0.110950
-0.108872
-0.109536
-0.108829
-0.110006
-0.111775
-0.111166
-0.109728
-0.110105
-0.109610
-0.110460
-0.111202
-0.112005
-0.112142
-0.112015
-0.111881
-0.111574
-0.111213
-0.111404
-0.111866
-0.110924
-0.110644
-0.111195
-0.111651
-0.111391
-0.111602
-0.111599
-0.111974
-0.111939
-0.111868
-0.112223
-0.111585
-0.112103
-0.111941
-0.111650
-0.111827
-0.111949
-0.112117
-0.112155
-0.112031
-0.111656
-0.111629
-0.111983
-0.111778
-0.112012
-0.112240
-0.112207
-0.111924
-0.112216
-0.111850
-0.111889
-0.112182
-0.112029
-0.111697
-0.112047
-0.112184
-0.112140
-0.112331
-0.112032
-0.111995
-0.112213
-0.112224
-0.111887
-0.112122
-0.112242
-0.112124
-0.112278
-0.112066
-0.111920
-0.112104
-0.112374
-0.112003
-0.111894
0.128340
-0.048002
-0.058163
-0.103453
-0.095628
-0.106776
-0.105642
-0.105607
-0.107560
-0.109131
-0.109633
-0.108396
-0.104614
-0.107455
-0.105835
-0.108376
-0.108828
-0.111258
-0.109516
-0.108096
-0.109156
-0.112036
-0.110747
-0.111593
-0.111880
-0.111788
-0.109728
-0.111422
-0.111083
-0.110765
-0.110852
-0.109746
-0.111115
-0.110638
-0.110514
-0.111568
-0.111426
-0.111654
-0.110886
-0.112286
-0.112038
-0.111688
-0.111936
-0.112041
-0.111893
-0.110981
-0.111962
-0.111889
-0.111539
-0.111508
-0.111732
-0.111675
-0.111583
-0.111718
-0.112120
-0.111906
-0.111857
-0.112043
-0.112176
-0.111896
-0.111898
-0.111955
-0.111623
-0.112272
-0.112190
-0.111860
-0.111766
-0.112083
-0.111874
-0.112130
-0.112271
-0.111823
-0.112055
-0.112199
-0.111919
-0.112069
-0.111852
-0.112327
-0.111826
-0.112000
-0.112126
-0.112248
-0.112018
-0.112084
-0.112031
-0.112127
-0.112102
-0.112053
-0.112095
-0.112042
-0.112138
-0.112012
-0.112212
-0.112054
-0.112288
-0.111885
-0.112041
-0.112224
-0.111999
-0.112056
3.143671
-0.038679
-0.078826
-0.073003
-0.067056
-0.109658
-0.108515
-0.108499
-0.108710
-0.109410
-0.108255
-0.109156
-0.107698
-0.103832
-0.106013
-0.108790
-0.108346
-0.108765
-0.107920
-0.107196
-0.111620
-0.110356
-0.111263
-0.111938
-0.112328
-0.111733
-0.111682
-0.111132
-0.107120
-0.109549
-0.110150
-0.109681
-0.111427
-0.110861
-0.110863
-0.111221
-0.108712
-0.111697
-0.111949
-0.112327
-0.112125
-0.112069
-0.112211
-0.111702
-0.111969
-0.111389
-0.111648
-0.111352
-0.111599
-0.112201
-0.111492
-0.111384
-0.111957
-0.112087
-0.111999
-0.111914
-0.112019
-0.112157
-0.112249
-0.111886
-0.111817
-0.111454
-0.111744
-0.112019
-0.112044
-0.111855
-0.112303
-0.111897
-0.111836
-0.112278
-0.111949
-0.111913
-0.112098
-0.112215
-0.111907
-0.112237
-0.111895
-0.112048
-0.112083
-0.112120
-0.112090
-0.111942
-0.112136
-0.112102
-0.112139
-0.112021
-0.112061
-0.112217
-0.112158
-0.112085
-0.112014
-0.112101
-0.111938
-0.112091
-0.112164
-0.111830
-0.112036
-0.112308
-0.111986
-0.112069
-0.025414
0.090539
0.011170
-0.054387
-0.110461
-0.096868
-0.103766
-0.104664
-0.105216
-0.106255
-0.105838
-0.107635
-0.107283
-0.107634
-0.108433
-0.108563
-0.108501
-0.108902
-0.109287
-0.109126
-0.109455
-0.109531
-0.109976
-0.109418
-0.109753
-0.110120
-0.109332
-0.109668
-0.109978
-0.110493
-0.110268
-0.103648
-0.108715
-0.106732
-0.110226
-0.110476
-0.109337
-0.111094
-0.110705
-0.110655
-0.110808
-0.110966
-0.110990
-0.110878
-0.111134
-0.111106
-0.110981
-0.111084
-0.111222
-0.111134
-0.111092
-0.111263
-0.111239
-0.111190
-0.111199
-0.111391
-0.111285
-0.111209
-0.111502
-0.111341
-0.111158
-0.110993
-0.110695
-0.111417
-0.111499
-0.111891
-0.110587
-0.110866
-0.111893
-0.111300
-0.111279
-0.111461
-0.111605
-0.111621
-0.111457
-0.111471
-0.111358
-0.111492
-0.111557
-0.111495
-0.111475
-0.111531
-0.111553
-0.111483
-0.111513
-0.111566
-0.111534
-0.111486
-0.111536
-0.111584
-0.111462
-0.111454
-0.111725
-0.111663
-0.111691
-0.110960
-0.111208
-0.111480
-0.111850
-0.111733
-0.105562
0.099579
0.015703
-0.071403
-0.079799
-0.093480
-0.105107
-0.106334
-0.106023
-0.107091
-0.107715
-0.107790
-0.108243
-0.108650
-0.108800
-0.109169
-0.109462
-0.109517
-0.109610
-0.109936
-0.110130
-0.110021
-0.109926
-0.110457
-0.110443
-0.109785
-0.110369
-0.109270
-0.109118
-0.110936
-0.105105
-0.105801
-0.109180
-0.106999
-0.107681
-0.112167
-0.109407
-0.110446
-0.110834
-0.111151
-0.111116
-0.111016
-0.111177
-0.111227
-0.111206
-0.111200
-0.111290
-0.111255
-0.111235
-0.111290
-0.111342
-0.111290
-0.111286
-0.111363
-0.111432
-0.111304
-0.111350
-0.111566
-0.111400
-0.111135
-0.111446
-0.111197
-0.110754
-0.111582
-0.111333
-0.111104
-0.111299
-0.111170
-0.111275
-0.111494
-0.111534
-0.111424
-0.111536
-0.111661
-0.111482
-0.111499
-0.111514
-0.111516
-0.111514
-0.111563
-0.111545
-0.111530
-0.111542
-0.111559
-0.111559
-0.111540
-0.111525
-0.111583
-0.111565
-0.111483
-0.111558
-0.111566
-0.111548
-0.111547
-0.111306
-0.111169
-0.111294
-0.111448
-0.111490
-0.111655
-0.063302
0.331734
-0.044315
-0.036428
-0.089685
-0.100520
-0.083636
-0.094717
-0.097026
-0.099130
-0.099895
-0.101964
-0.102858
-0.103474
-0.104165
-0.104683
-0.105265
-0.105650
-0.105881
-0.106358
-0.106747
-0.106870
-0.107274
-0.107579
-0.108019
-0.107665
-0.109094
-0.106592
-0.106652
-0.109484
-0.102959
-0.095264
-0.105213
-0.099449
-0.106252
-0.111080
-0.108190
-0.108274
-0.110274
-0.109549
-0.109285
-0.109350
-0.109542
-0.109444
-0.109499
-0.109572
-0.109617
-0.109668
-0.109666
-0.109712
-0.109781
-0.109786
-0.109767
-0.109833
-0.109887
-0.109843
-0.109789
-0.109989
-0.109848
-0.110226
-0.110280
-0.109939
-0.111055
-0.110989
-0.110202
-0.111444
-0.110434
-0.109467
-0.110128
-0.110210
-0.109795
-0.110140
-0.110406
-0.110475
-0.110397
-0.110322
-0.110232
-0.110253
-0.110267
-0.110226
-0.110229
-0.110255
-0.110263
-0.110253
-0.110286
-0.110296
-0.110269
-0.110303
-0.110351
-0.110288
-0.110272
-0.110227
-0.110228
-0.110176
-0.109758
-0.109243
-0.109711
-0.109892
-0.110383
-0.110553
