-2.611883
1.146195
0.801794
-6.229321
-0.113555
-0.113555
0.150719
0.297854
1.057870
-0.757129
-0.113555
-0.113557
2.658041
1.085211
5.098751
-0.324821
-0.113555
-0.113557
-0.042648
1.092128
1.988375
-1.877038
-0.113555
-0.113560
-0.032505
2.612832
4.206315
-4.582989
-0.113556
-0.113560
-0.122217
0.749366
1.342366
-1.484293
-0.113555
-0.113560
13.715187
-0.111837
13.718028
13.712809
-0.113555
-0.113561
9.318805
2.447920
13.251828
5.190498
-0.113555
-0.113560
2.376659
0.342423
-0.015085
-0.041523
-0.021901
-0.037556
0.020302
0.070494
0.001800
-0.107174
0.072295
-0.043126
-0.000821
-0.015901
0.105983
-0.048401
0.159522
-0.051128
-0.004318
0.150963
-0.033551
-0.005045
-0.074216
0.135197
0.000022
0.032711
-0.035846
-0.067923
-0.009143
-0.006430
-0.034354
-0.092858
-0.029948
-0.022448
-0.062623
0.015624
-0.065187
-0.056230
-0.073915
-0.031133
-0.078283
-0.070092
-0.050297
-0.101526
-0.080311
-0.097440
-0.105545
-0.101486
-0.084249
-0.104788
-0.109159
-0.109772
-0.106137
-0.109556
-0.103149
-0.104241
-0.101256
-0.104520
-0.111020
-0.108978
-0.110801
-0.105595
-0.105549
-0.105260
-0.106258
-0.104153
-0.108502
-0.106108
-0.109006
-0.102005
-0.102198
-0.110172
-0.094993
-0.100767
-0.094917
-0.104665
-0.105910
-0.087747
-0.104969
-0.099736
-0.107424
-0.086607
-0.098831
-0.099197
-0.104479
-0.097024
-0.093100
-0.098663
-0.099387
-0.103942
-0.096854
-0.099157
-0.111435
-0.098471
-0.095897
-0.097396
-0.108152
-0.097521
-0.103124
-0.099886
0.150066
-0.059736
-0.005821
-0.089572
-0.088663
-0.107329
-0.028730
-0.056066
-0.037947
-0.107621
-0.052358
-0.083698
-0.104608
-0.078510
-0.089275
-0.017670
-0.037645
-0.053533
-0.065917
-0.061204
-0.057427
-0.076981
-0.085103
-0.060461
-0.062057
-0.086238
-0.072571
-0.088478
-0.085885
-0.102165
-0.084825
-0.103698
-0.083482
-0.089647
-0.091525
-0.083977
-0.107915
-0.099556
-0.084199
-0.095232
-0.095841
-0.095913
-0.098873
-0.094513
-0.104188
-0.103064
-0.111775
-0.109839
-0.105751
-0.112698
-0.108540
-0.111824
-0.108580
-0.112618
-0.111800
-0.112628
-0.110822
-0.112434
-0.112764
-0.112779
-0.112641
-0.113247
-0.113005
-0.112527
-0.110353
-0.110551
-0.110203
-0.113388
-0.111420
-0.110930
-0.111466
-0.113144
-0.111211
-0.105029
-0.107839
-0.109176
-0.110896
-0.108749
-0.108474
-0.108825
-0.109717
-0.109010
-0.106381
-0.112244
-0.107991
-0.107995
-0.109263
-0.111909
-0.108462
-0.111427
-0.109420
-0.109052
-0.111107
-0.110780
-0.108597
-0.111191
-0.109211
-0.109202
-0.107655
-0.108771
2.647988
0.607047
0.070243
-0.058047
-0.029296
-0.079205
-0.074036
-0.024117
-0.056078
-0.082707
-0.077922
-0.071304
-0.053971
-0.052716
-0.035119
-0.072027
-0.060169
-0.068676
-0.056961
0.002290
-0.028337
-0.063677
-0.005239
0.035659
-0.031915
-0.029603
0.005804
-0.086972
-0.080172
-0.081802
-0.092250
-0.099531
-0.016952
-0.056944
-0.078127
-0.036669
-0.052045
-0.085779
-0.091973
-0.083280
-0.106319
-0.083866
-0.097089
-0.104349
-0.097742
-0.094673
-0.103919
-0.105307
-0.102113
-0.110001
-0.105752
-0.104437
-0.110857
-0.109228
-0.108739
-0.107029
-0.107012
-0.103790
-0.105909
-0.107864
-0.104435
-0.107883
-0.107733
-0.107820
-0.111028
-0.110804
-0.109410
-0.106995
-0.110037
-0.108486
-0.103515
-0.106467
-0.103987
-0.104013
-0.109521
-0.105587
-0.110191
-0.099601
-0.104563
-0.106998
-0.101132
-0.097567
-0.098454
-0.106888
-0.098282
-0.102840
-0.101466
-0.107286
-0.108016
-0.109561
-0.097984
-0.103728
-0.106118
-0.103903
-0.098188
-0.103153
-0.108931
-0.104335
-0.110397
-0.104173
-0.048301
0.712735
-0.021681
-0.069864
-0.111856
-0.039481
-0.041677
-0.025813
-0.088718
-0.098973
-0.075658
-0.101864
-0.085386
-0.079444
-0.110165
-0.078574
-0.046330
-0.087372
-0.093922
-0.092830
-0.101427
-0.097373
-0.098303
-0.089496
-0.096401
-0.099246
-0.103889
-0.104992
-0.109065
-0.111141
-0.103396
-0.106627
-0.102606
-0.102587
-0.104256
-0.103394
-0.105950
-0.106306
-0.112033
-0.107512
-0.105093
-0.107492
-0.101242
-0.107066
-0.107984
-0.108486
-0.108278
-0.111494
-0.110069
-0.113124
-0.112085
-0.108494
-0.109632
-0.109930
-0.112185
-0.112385
-0.112002
-0.109872
-0.113248
-0.106791
-0.112703
-0.113287
-0.112422
-0.112113
-0.111128
-0.110327
-0.112312
-0.112462
-0.113078
-0.112958
-0.112318
-0.111963
-0.112284
-0.110987
-0.108903
-0.112246
-0.113110
-0.112364
-0.111369
-0.112610
-0.112649
-0.111007
-0.112048
-0.112726
-0.113126
-0.112038
-0.112693
-0.112874
-0.111288
-0.113093
-0.111973
-0.111462
-0.112655
-0.112539
-0.112695
-0.112636
-0.112122
-0.113401
-0.110298
-0.112256
-0.042538
1.732298
0.072595
0.121198
-0.039028
0.158730
0.018795
0.103399
-0.003918
-0.076772
-0.021212
-0.074087
-0.096627
-0.075679
-0.038040
-0.068590
-0.031806
-0.084013
-0.055045
-0.040765
-0.083408
-0.086496
-0.111148
-0.065281
-0.099595
-0.077738
-0.081501
-0.100295
-0.055948
-0.095087
-0.076058
-0.090613
-0.096098
-0.093180
-0.107619
-0.084262
-0.103099
-0.099196
-0.099315
-0.092649
-0.098418
-0.102226
-0.094579
-0.106822
-0.099027
-0.107547
-0.109756
-0.109700
-0.105987
-0.108550
-0.103100
-0.102403
-0.106048
-0.101586
-0.108899
-0.107058
-0.111530
-0.104187
-0.110953
-0.099251
-0.110354
-0.110453
-0.112336
-0.106442
-0.110080
-0.105511
-0.109594
-0.111074
-0.108839
-0.111357
-0.112666
-0.112082
-0.108912
-0.110393
-0.108838
-0.112599
-0.109515
-0.109699
-0.111563
-0.112495
-0.111107
-0.110648
-0.110631
-0.109666
-0.108287
-0.112691
-0.107557
-0.109511
-0.112323
-0.112164
-0.111014
-0.110449
-0.109333
-0.110571
-0.111472
-0.112161
-0.110271
-0.112433
-0.112428
-0.111644
-0.101130
0.474757
-0.029906
-0.051947
-0.098271
-0.085838
-0.075557
-0.075978
-0.101845
-0.107687
-0.100466
-0.102723
-0.093183
-0.101162
-0.088898
-0.071028
-0.088201
-0.087147
-0.083696
-0.088649
-0.086915
-0.087903
-0.107955
-0.101389
-0.087276
-0.104714
-0.090570
-0.106135
-0.100847
-0.097657
-0.103311
-0.102244
-0.101441
-0.107669
-0.097538
-0.105666
-0.110326
-0.109572
-0.104793
-0.101042
-0.102747
-0.108775
-0.108727
-0.105011
-0.107864
-0.110103
-0.109675
-0.113080
-0.112871
-0.111978
-0.112595
-0.111601
-0.110909
-0.112227
-0.112905
-0.112638
-0.112627
-0.110579
-0.112526
-0.108591
-0.112459
-0.112410
-0.113032
-0.112690
-0.112085
-0.111823
-0.112607
-0.113164
-0.113280
-0.112969
-0.112424
-0.112941
-0.112583
-0.110531
-0.111750
-0.111682
-0.111445
-0.112496
-0.110714
-0.110465
-0.112205
-0.113011
-0.110996
-0.112997
-0.110229
-0.113056
-0.112885
-0.111496
-0.112756
-0.112364
-0.112229
-0.112388
-0.110869
-0.112872
-0.112200
-0.113130
-0.112849
-0.112407
-0.110269
-0.112045
-1.837242
0.159817
-1.257449
-2.381137
-0.113553
-0.113557
-0.421760
0.169645
0.113715
-0.763299
-0.113553
-0.113559
3.099435
0.113455
3.618438
2.751283
-0.113552
-0.113556
-0.095993
0.416800
0.837073
-1.126030
-0.113556
-0.113557
-0.191919
0.247619
0.773515
-0.747224
-0.113552
-0.113552
-0.074132
0.589026
1.065046
-1.406122
-0.113555
-0.113559
8.255222
0.225135
8.636247
7.347068
-0.113559
-0.113553
1.611194
0.018605
0.017988
-0.086275
-0.102240
-0.100728
-0.104713
-0.112946
-0.108826
-0.111589
-0.097515
-0.099888
-0.098277
-0.107148
-0.102827
-0.105503
-0.105810
-0.106217
-0.103454
-0.107030
-0.110885
-0.110214
-0.112461
-0.112248
-0.110295
-0.112129
-0.111416
-0.107660
-0.108980
-0.111411
-0.112367
-0.108343
-0.109374
-0.111370
-0.111883
-0.112978
-0.112630
-0.112778
-0.112498
-0.111654
-0.112128
-0.110191
-0.112667
-0.111738
-0.112201
-0.111629
-0.112254
-0.111828
-0.112516
-0.112073
-0.112393
-0.112905
-0.112863
-0.112182
-0.112848
-0.112897
-0.112738
-0.112060
-0.112354
-0.113105
-0.112249
-0.111818
-0.112760
-0.112957
-0.113286
-0.112793
-0.113003
-0.112886
-0.112982
-0.112682
-0.112180
-0.113183
-0.112868
-0.112769
-0.112612
-0.112894
-0.113035
-0.112706
-0.112634
-0.112892
-0.113024
-0.112797
-0.112641
-0.113087
-0.112985
-0.112850
-0.112636
-0.112813
-0.113162
-0.112716
-0.112580
-0.113040
-0.113074
-0.113026
-0.112712
-0.113147
-0.112958
-0.112918
-0.112773
-0.112789
0.196737
0.053536
-0.049676
-0.065048
-0.060976
-0.096700
-0.103409
-0.110598
-0.107318
-0.108136
-0.103377
-0.095604
-0.094481
-0.103869
-0.089213
-0.087893
-0.110322
-0.104129
-0.104979
-0.104366
-0.109905
-0.110314
-0.112888
-0.111932
-0.112086
-0.109654
-0.107313
-0.111507
-0.110231
-0.109559
-0.111344
-0.108635
-0.112243
-0.108285
-0.110020
-0.111473
-0.112634
-0.112282
-0.112530
-0.112457
-0.112084
-0.110802
-0.110021
-0.109473
-0.108072
-0.112797
-0.113122
-0.111254
-0.110589
-0.112174
-0.112436
-0.112450
-0.112140
-0.112175
-0.112496
-0.111914
-0.111443
-0.112171
-0.111318
-0.112367
-0.111508
-0.112357
-0.111611
-0.112114
-0.112680
-0.112560
-0.112252
-0.112348
-0.112414
-0.112785
-0.111918
-0.111295
-0.111632
-0.111391
-0.112635
-0.112638
-0.111898
-0.111848
-0.112557
-0.112468
-0.112262
-0.112282
-0.112180
-0.112485
-0.112281
-0.112034
-0.112315
-0.112130
-0.112633
-0.112206
-0.112545
-0.112160
-0.112476
-0.112653
-0.112217
-0.112052
-0.112377
-0.112485
-0.112422
-0.112032
3.098408
0.000101
-0.027522
-0.049194
-0.100259
-0.098162
-0.109212
-0.106472
-0.107713
-0.111926
-0.104003
-0.109919
-0.105521
-0.105898
-0.104150
-0.103335
-0.110786
-0.110284
-0.107798
-0.107416
-0.112501
-0.110183
-0.110923
-0.111054
-0.109856
-0.111148
-0.108990
-0.108386
-0.110699
-0.111888
-0.112857
-0.109212
-0.108235
-0.111842
-0.111488
-0.112045
-0.111577
-0.111890
-0.112278
-0.111311
-0.112804
-0.111221
-0.111953
-0.111939
-0.111163
-0.112162
-0.111762
-0.111749
-0.111620
-0.112699
-0.112093
-0.112368
-0.112391
-0.112165
-0.112513
-0.112245
-0.112196
-0.112677
-0.112102
-0.112580
-0.111665
-0.111656
-0.112461
-0.112337
-0.112519
-0.112338
-0.112479
-0.112545
-0.112275
-0.112719
-0.112304
-0.112582
-0.112436
-0.112331
-0.112460
-0.112415
-0.112521
-0.112424
-0.112830
-0.112527
-0.112718
-0.112611
-0.112431
-0.112650
-0.112445
-0.112541
-0.112590
-0.112323
-0.112592
-0.112230
-0.112406
-0.112694
-0.112556
-0.112767
-0.112538
-0.112658
-0.112609
-0.112509
-0.112690
-0.112512
-0.099920
0.186928
0.090850
-0.065801
-0.068160
-0.074315
-0.088848
-0.092918
-0.096261
-0.098244
-0.098598
-0.100031
-0.102332
-0.103426
-0.103789
-0.104321
-0.104932
-0.105152
-0.105080
-0.105904
-0.107078
-0.107321
-0.107695
-0.107987
-0.106834
-0.108233
-0.109625
-0.102684
-0.106622
-0.110138
-0.106653
-0.102893
-0.109686
-0.108939
-0.109180
-0.110291
-0.110454
-0.110593
-0.110569
-0.110451
-0.110541
-0.110711
-0.110696
-0.110660
-0.110718
-0.110807
-0.110857
-0.110908
-0.111105
-0.111301
-0.111287
-0.111237
-0.111325
-0.111068
-0.111401
-0.111487
-0.110250
-0.112321
-0.111250
-0.110967
-0.109860
-0.112149
-0.111366
-0.111571
-0.111861
-0.111760
-0.111726
-0.111675
-0.111629
-0.111669
-0.111713
-0.111705
-0.111722
-0.111765
-0.111791
-0.111804
-0.111826
-0.111870
-0.111933
-0.111872
-0.111732
-0.112085
-0.111666
-0.111807
-0.111741
-0.111817
-0.112508
-0.111668
-0.111696
-0.111370
-0.112447
-0.111779
-0.111949
-0.112048
-0.111954
-0.111929
-0.111912
-0.111916
-0.111947
-0.111953
-0.039951
0.066771
0.049244
-0.052206
-0.083191
-0.075723
-0.093432
-0.097430
-0.100112
-0.102555
-0.104465
-0.105384
-0.105769
-0.106211
-0.106552
-0.106783
-0.107063
-0.107428
-0.107920
-0.108297
-0.108559
-0.108888
-0.109239
-0.109386
-0.107380
-0.109825
-0.108237
-0.107572
-0.111976
-0.108076
-0.106545
-0.104505
-0.108635
-0.110379
-0.109760
-0.111502
-0.111533
-0.111611
-0.111645
-0.111599
-0.111445
-0.111313
-0.111276
-0.111283
-0.111333
-0.111430
-0.111558
-0.111686
-0.111746
-0.111783
-0.111742
-0.111704
-0.111619
-0.111149
-0.111690
-0.111330
-0.111706
-0.112448
-0.111205
-0.111341
-0.110820
-0.111837
-0.112367
-0.112187
-0.112575
-0.112383
-0.112298
-0.112224
-0.112153
-0.112088
-0.112060
-0.112074
-0.112102
-0.112141
-0.112181
-0.112214
-0.112222
-0.112190
-0.112237
-0.112160
-0.112212
-0.112223
-0.111924
-0.112241
-0.112034
-0.112484
-0.112702
-0.112073
-0.112276
-0.111977
-0.112474
-0.112548
-0.112378
-0.112492
-0.112328
-0.112303
-0.112284
-0.112266
-0.112254
-0.112252
-0.080080
0.331059
0.094520
-0.069886
-0.071365
-0.069483
-0.092448
-0.096220
-0.099069
-0.102502
-0.103199
-0.104694
-0.105405
-0.105842
-0.106020
-0.106205
-0.106453
-0.106779
-0.107271
-0.107751
-0.108772
-0.108800
-0.109553
-0.109790
-0.107798
-0.110829
-0.111690
-0.102265
-0.106496
-0.106836
-0.103434
-0.103882
-0.106423
-0.107816
-0.108566
-0.110960
-0.111193
-0.111418
-0.111600
-0.111373
-0.111297
-0.111145
-0.111052
-0.111017
-0.111075
-0.111191
-0.111366
-0.111571
-0.111737
-0.111947
-0.111880
-0.111881
-0.111811
-0.111344
-0.112032
-0.111699
-0.110494
-0.113158
-0.110426
-0.111207
-0.110071
-0.110810
-0.111600
-0.111893
-0.112459
-0.112235
-0.112143
-0.112078
-0.111944
-0.111922
-0.111902
-0.111926
-0.111974
-0.112049
-0.112110
-0.112176
-0.112209
-0.112196
-0.112272
-0.112144
-0.112086
-0.112196
-0.111732
-0.112213
-0.111716
-0.111875
-0.112563
-0.111491
-0.112178
-0.111467
-0.112179
-0.112200
-0.112220
-0.112394
-0.112215
-0.112194
-0.112188
-0.112162
-0.112183
-0.112182
