-2.551970
1.372933
0.704425
-7.409054
-0.115251
-0.115250
0.202301
0.572391
1.977921
-1.438039
-0.115249
-0.115249
2.592200
1.155661
6.261699
-0.112305
-0.115249
-0.115251
-0.229306
1.039515
1.887617
-2.070076
-0.115250
-0.115255
-0.083608
2.517697
4.774261
-4.529474
-0.115250
-0.115254
-0.022712
0.818679
1.759951
-1.650694
-0.115250
-0.115255
13.466600
-0.112806
13.470295
13.464069
-0.115249
-0.115256
9.214110
2.571641
13.137304
4.559239
-0.115251
-0.115255
2.338110
0.334068
0.004134
-0.091038
-0.091048
-0.084657
-0.024205
-0.062699
-0.030936
-0.064191
-0.003535
-0.029592
-0.014681
-0.014887
0.106155
0.076010
0.022341
0.303725
0.044952
0.060747
0.199080
0.156643
0.038901
-0.011200
0.184318
0.051672
-0.087388
-0.020822
-0.051528
-0.029383
-0.056109
0.058517
-0.034734
-0.070960
-0.023228
0.060497
-0.016346
-0.074637
-0.013618
-0.034052
-0.060289
-0.094001
-0.006445
-0.031350
-0.087226
-0.075023
-0.065529
-0.094343
-0.064521
-0.093923
-0.097123
-0.100377
-0.093412
-0.094829
-0.095145
-0.095012
-0.097422
-0.099017
-0.093903
-0.096146
-0.100973
-0.095482
-0.097606
-0.093916
-0.101108
-0.094589
-0.092556
-0.097036
-0.098781
-0.089142
-0.095985
-0.094510
-0.087496
-0.075407
-0.095377
-0.099921
-0.073280
-0.101110
-0.084099
-0.088962
-0.086747
-0.088110
-0.096356
-0.090292
-0.103426
-0.098945
-0.086154
-0.095449
-0.093649
-0.107400
-0.074540
-0.093449
-0.092908
-0.094446
-0.088660
-0.110161
-0.101598
-0.084899
-0.106697
-0.076800
0.210238
-0.070020
0.016070
-0.102654
-0.096181
-0.093459
-0.073985
-0.090332
-0.062278
-0.086216
-0.047817
-0.084709
-0.064599
-0.092281
-0.025148
-0.090900
-0.106472
0.031403
0.041618
-0.051555
0.034856
0.008562
-0.066600
0.007280
0.022298
-0.009890
-0.054028
-0.056139
-0.034644
-0.041034
-0.072168
-0.035974
-0.069861
-0.070165
-0.093844
-0.013209
-0.067370
-0.084361
-0.057806
-0.074170
-0.075529
-0.080644
-0.082680
-0.082156
-0.093132
-0.105896
-0.095470
-0.106377
-0.096646
-0.100010
-0.110817
-0.107976
-0.108241
-0.105389
-0.110872
-0.107380
-0.106368
-0.111244
-0.110166
-0.105694
-0.107174
-0.107967
-0.109889
-0.108985
-0.110749
-0.108092
-0.105792
-0.109286
-0.106821
-0.105850
-0.107309
-0.106886
-0.103685
-0.100744
-0.111049
-0.103161
-0.100048
-0.104884
-0.106950
-0.103095
-0.103107
-0.104078
-0.098701
-0.105484
-0.101117
-0.115001
-0.110130
-0.104480
-0.100764
-0.109496
-0.098079
-0.105462
-0.100954
-0.107862
-0.100412
-0.105999
-0.106337
-0.104035
-0.107244
-0.097337
2.601585
0.559704
0.041220
-0.092480
-0.014396
-0.052807
-0.097731
-0.080650
-0.081921
-0.080071
-0.069185
-0.073148
-0.100470
-0.098645
-0.045450
0.017937
-0.079724
0.028043
-0.091562
-0.003378
0.022824
0.028541
0.076850
-0.010541
0.031400
0.005198
-0.032789
-0.007541
-0.030010
-0.012747
-0.029384
0.025742
-0.026595
-0.044005
-0.055867
-0.029175
-0.034685
-0.070623
-0.027881
-0.091241
-0.072543
-0.087707
-0.074477
-0.076845
-0.104762
-0.085577
-0.084047
-0.087742
-0.089178
-0.098653
-0.101566
-0.099985
-0.100685
-0.099128
-0.098863
-0.099711
-0.099157
-0.096614
-0.098635
-0.101867
-0.103439
-0.100528
-0.099607
-0.095894
-0.099735
-0.100625
-0.098702
-0.100675
-0.099281
-0.101154
-0.099022
-0.098355
-0.094263
-0.091837
-0.094554
-0.101092
-0.093255
-0.107556
-0.089588
-0.098178
-0.099047
-0.089238
-0.100056
-0.099701
-0.105030
-0.099760
-0.091339
-0.099232
-0.098703
-0.108766
-0.082293
-0.098923
-0.092818
-0.107670
-0.094997
-0.109570
-0.101859
-0.087688
-0.105897
-0.090095
0.008300
0.680743
-0.033516
-0.070594
-0.086626
-0.058599
-0.068541
-0.090946
-0.097496
-0.072682
-0.077151
-0.108120
-0.103159
-0.084914
-0.075213
-0.077866
-0.101587
-0.099266
-0.066658
-0.079904
-0.085588
-0.102339
-0.061507
-0.106165
-0.073189
-0.099920
-0.079600
-0.111773
-0.086838
-0.104106
-0.105588
-0.108861
-0.100401
-0.101126
-0.089397
-0.098343
-0.094288
-0.101700
-0.101497
-0.109009
-0.108425
-0.100212
-0.114650
-0.111806
-0.107433
-0.109856
-0.112477
-0.108120
-0.114134
-0.110231
-0.111672
-0.114470
-0.113174
-0.109855
-0.114009
-0.114918
-0.112513
-0.110869
-0.113151
-0.110423
-0.109520
-0.112189
-0.113323
-0.113351
-0.110925
-0.112608
-0.113550
-0.112343
-0.111678
-0.114729
-0.112907
-0.112341
-0.111587
-0.113256
-0.110804
-0.113922
-0.114818
-0.114463
-0.109203
-0.113098
-0.111716
-0.110787
-0.113581
-0.114598
-0.111956
-0.111012
-0.110577
-0.110367
-0.114397
-0.113103
-0.112657
-0.113154
-0.113197
-0.111286
-0.112988
-0.111798
-0.112968
-0.110036
-0.113136
-0.112209
-0.096936
1.698579
0.023892
0.049998
-0.068891
-0.018589
-0.012925
-0.105878
-0.050334
-0.085048
-0.053649
-0.035058
-0.084846
-0.088114
-0.032206
-0.060322
-0.030111
-0.007276
-0.060800
-0.083386
-0.006502
-0.051749
-0.037174
-0.055139
-0.019137
-0.103931
-0.048984
-0.083663
-0.072197
-0.069433
-0.085163
-0.099095
-0.076988
-0.085393
-0.077977
-0.063794
-0.082790
-0.086899
-0.093781
-0.091477
-0.092390
-0.106815
-0.106462
-0.090597
-0.102779
-0.106077
-0.097030
-0.113629
-0.107272
-0.109680
-0.112176
-0.104601
-0.110617
-0.108801
-0.107846
-0.108662
-0.111024
-0.113604
-0.104524
-0.112224
-0.106862
-0.109833
-0.109135
-0.110923
-0.111704
-0.110106
-0.111531
-0.110972
-0.114232
-0.111148
-0.110785
-0.109059
-0.113169
-0.108251
-0.113225
-0.111623
-0.106155
-0.112556
-0.110942
-0.111153
-0.107987
-0.108206
-0.109702
-0.112008
-0.110527
-0.113026
-0.107037
-0.110002
-0.110109
-0.111211
-0.109264
-0.113850
-0.111208
-0.109368
-0.112651
-0.104777
-0.108851
-0.112659
-0.111971
-0.109338
-0.027101
0.519033
-0.061027
-0.043221
-0.095510
-0.098827
-0.090867
-0.091409
-0.104241
-0.080835
-0.086541
-0.103927
-0.063596
-0.084469
-0.104352
-0.089176
-0.093555
-0.069431
-0.048466
-0.083350
-0.093579
-0.107150
-0.104189
-0.103512
-0.068732
-0.096124
-0.109589
-0.102360
-0.084302
-0.082895
-0.096546
-0.099221
-0.091599
-0.102688
-0.100982
-0.090205
-0.108380
-0.111388
-0.110914
-0.105877
-0.110620
-0.099607
-0.105818
-0.105722
-0.104821
-0.113501
-0.113938
-0.109080
-0.111033
-0.111032
-0.110276
-0.113410
-0.113780
-0.113033
-0.112533
-0.113496
-0.113170
-0.112168
-0.110554
-0.114801
-0.112819
-0.113081
-0.111601
-0.112912
-0.113722
-0.113525
-0.113722
-0.114175
-0.113345
-0.114071
-0.113768
-0.113206
-0.111735
-0.114311
-0.114403
-0.112937
-0.112613
-0.111660
-0.110827
-0.113462
-0.114524
-0.114247
-0.112808
-0.114415
-0.111023
-0.113644
-0.113709
-0.112151
-0.111237
-0.112703
-0.112467
-0.112604
-0.111030
-0.112275
-0.114216
-0.111996
-0.113087
-0.113555
-0.112478
-0.112867
-1.841784
0.035404
-1.450865
-2.089708
-0.115247
-0.115250
-0.394835
0.069249
0.031600
-0.822375
-0.115250
-0.115250
3.013854
0.040755
3.377985
2.629186
-0.115251
-0.115250
-0.213583
0.168274
0.407516
-0.556514
-0.115247
-0.115252
-0.076093
0.316831
0.674960
-0.717829
-0.115249
-0.115254
-0.027613
0.445977
0.707888
-0.889593
-0.115251
-0.115256
8.151310
0.177513
8.544542
7.518184
-0.115252
-0.115252
1.611921
-0.046120
-0.054686
-0.081577
-0.086546
-0.103950
-0.110968
-0.109175
-0.114633
-0.105593
-0.104048
-0.106073
-0.110113
-0.104818
-0.109575
-0.110284
-0.112089
-0.106693
-0.114063
-0.110635
-0.112108
-0.110160
-0.112553
-0.113991
-0.112231
-0.113780
-0.113986
-0.112331
-0.112662
-0.111737
-0.114257
-0.114375
-0.113162
-0.111656
-0.112808
-0.113063
-0.115126
-0.114164
-0.115035
-0.115064
-0.113514
-0.115004
-0.114354
-0.114831
-0.113614
-0.114853
-0.114112
-0.114611
-0.114048
-0.115009
-0.113842
-0.114757
-0.113833
-0.114901
-0.113944
-0.114369
-0.114259
-0.114510
-0.115136
-0.114411
-0.114418
-0.114674
-0.115088
-0.114303
-0.115021
-0.114319
-0.114573
-0.114720
-0.114593
-0.114823
-0.115021
-0.114491
-0.114891
-0.114515
-0.114972
-0.114554
-0.114869
-0.114465
-0.114732
-0.114559
-0.114863
-0.114818
-0.114726
-0.114613
-0.114831
-0.114614
-0.114885
-0.114758
-0.114873
-0.114918
-0.114733
-0.114746
-0.114885
-0.114948
-0.114561
-0.115022
-0.114566
-0.114955
-0.114510
-0.114812
0.166229
-0.017900
-0.065284
-0.089110
-0.080879
-0.082765
-0.094825
-0.099120
-0.102689
-0.110250
-0.097747
-0.105662
-0.100828
-0.113981
-0.108033
-0.107822
-0.105255
-0.107635
-0.109897
-0.110951
-0.109622
-0.107803
-0.110053
-0.110313
-0.110838
-0.110536
-0.112465
-0.107454
-0.108958
-0.107769
-0.111662
-0.111342
-0.109718
-0.113190
-0.111067
-0.113455
-0.112368
-0.112848
-0.112379
-0.112517
-0.112496
-0.112270
-0.112526
-0.112182
-0.112924
-0.111793
-0.113305
-0.112435
-0.113651
-0.112836
-0.113644
-0.112532
-0.113611
-0.113038
-0.113475
-0.113078
-0.112737
-0.112610
-0.112373
-0.113468
-0.112623
-0.113173
-0.113297
-0.113724
-0.113992
-0.113560
-0.113532
-0.113668
-0.113442
-0.113694
-0.113802
-0.113725
-0.113623
-0.113320
-0.113701
-0.113801
-0.113749
-0.113563
-0.113399
-0.113656
-0.113834
-0.113901
-0.113595
-0.113757
-0.113645
-0.113881
-0.113869
-0.114197
-0.113823
-0.113829
-0.113470
-0.113792
-0.113619
-0.113452
-0.113403
-0.113463
-0.113766
-0.113675
-0.113933
-0.113570
3.012036
-0.050568
-0.075336
-0.047589
-0.081220
-0.106028
-0.112372
-0.111733
-0.112257
-0.109183
-0.102021
-0.108441
-0.110735
-0.112438
-0.105187
-0.105714
-0.105966
-0.110543
-0.111097
-0.114606
-0.110304
-0.110567
-0.113781
-0.112820
-0.112697
-0.113113
-0.113685
-0.107762
-0.114352
-0.111481
-0.113750
-0.113843
-0.114074
-0.113867
-0.112000
-0.114381
-0.113724
-0.114012
-0.113993
-0.114929
-0.113858
-0.113865
-0.114209
-0.114022
-0.114665
-0.112819
-0.114632
-0.113393
-0.114991
-0.114081
-0.115168
-0.113849
-0.114324
-0.114185
-0.114604
-0.114505
-0.114494
-0.114370
-0.113911
-0.114178
-0.113732
-0.114363
-0.114025
-0.114492
-0.114768
-0.114285
-0.114368
-0.114675
-0.114402
-0.114594
-0.114766
-0.114628
-0.114390
-0.114628
-0.114573
-0.114472
-0.114252
-0.114609
-0.114462
-0.114511
-0.114684
-0.114865
-0.114712
-0.114629
-0.114509
-0.114584
-0.114465
-0.114708
-0.114551
-0.114806
-0.114284
-0.114611
-0.114291
-0.114672
-0.114598
-0.114722
-0.114820
-0.114469
-0.114825
-0.114446
-0.016434
0.031044
0.006517
-0.074061
-0.088874
-0.095089
-0.103725
-0.103840
-0.106382
-0.108754
-0.107755
-0.108706
-0.109544
-0.110441
-0.110346
-0.111384
-0.110931
-0.112013
-0.111391
-0.112777
-0.111269
-0.112602
-0.112230
-0.113190
-0.112223
-0.113638
-0.112596
-0.112028
-0.108856
-0.108719
-0.112404
-0.113499
-0.107148
-0.113661
-0.110332
-0.113372
-0.112396
-0.113313
-0.112620
-0.113308
-0.113190
-0.113308
-0.113191
-0.113418
-0.113327
-0.113449
-0.113482
-0.113509
-0.113622
-0.113522
-0.113755
-0.113340
-0.113934
-0.113385
-0.114024
-0.113199
-0.113829
-0.113548
-0.113032
-0.114645
-0.113549
-0.114055
-0.113692
-0.114039
-0.114144
-0.114063
-0.114135
-0.114064
-0.114147
-0.114012
-0.114176
-0.114087
-0.114145
-0.114079
-0.114144
-0.114134
-0.114105
-0.114117
-0.114126
-0.113904
-0.114306
-0.113965
-0.114037
-0.114175
-0.114012
-0.114260
-0.114138
-0.114414
-0.114282
-0.114131
-0.114076
-0.114340
-0.114325
-0.113835
-0.114290
-0.113952
-0.114237
-0.114084
-0.114225
-0.114117
-0.075680
0.130613
0.041903
-0.033094
-0.090013
-0.113899
-0.113349
-0.110323
-0.111351
-0.111541
-0.111935
-0.112688
-0.112500
-0.113073
-0.113102
-0.113458
-0.113064
-0.113630
-0.113359
-0.114017
-0.113781
-0.113852
-0.113858
-0.114350
-0.113384
-0.113917
-0.110993
-0.108988
-0.110512
-0.108701
-0.113931
-0.111890
-0.107660
-0.112719
-0.113270
-0.113596
-0.113698
-0.114279
-0.114040
-0.114391
-0.114077
-0.114366
-0.114281
-0.114387
-0.114342
-0.114388
-0.114406
-0.114386
-0.114501
-0.114381
-0.114586
-0.114446
-0.114627
-0.114420
-0.114793
-0.114575
-0.114585
-0.113279
-0.114208
-0.114462
-0.114151
-0.114861
-0.114196
-0.114079
-0.113826
-0.114305
-0.114432
-0.114529
-0.114538
-0.114510
-0.114600
-0.114514
-0.114620
-0.114534
-0.114622
-0.114558
-0.114623
-0.114787
-0.114559
-0.114382
-0.114741
-0.114396
-0.114408
-0.114864
-0.114535
-0.114585
-0.114174
-0.114179
-0.114613
-0.114658
-0.114633
-0.114559
-0.114752
-0.114478
-0.114979
-0.114876
-0.114867
-0.114782
-0.114834
-0.114789
-0.030590
0.269965
-0.030032
-0.079642
-0.100673
-0.105706
-0.108745
-0.111537
-0.111607
-0.112072
-0.113360
-0.113060
-0.113433
-0.113478
-0.113643
-0.113800
-0.113874
-0.113833
-0.114054
-0.113970
-0.114177
-0.114338
-0.114187
-0.114223
-0.114820
-0.113669
-0.114128
-0.114053
-0.108421
-0.106892
-0.110622
-0.106985
-0.113200
-0.112122
-0.114321
-0.114755
-0.114734
-0.115010
-0.114974
-0.114831
-0.114998
-0.114884
-0.114957
-0.114884
-0.114924
-0.114871
-0.114911
-0.114886
-0.114943
-0.114836
-0.114923
-0.114998
-0.114831
-0.114845
-0.114815
-0.114818
-0.114438
-0.114398
-0.113353
-0.113546
-0.113692
-0.113862
-0.114450
-0.114608
-0.114729
-0.114933
-0.114999
-0.114975
-0.114991
-0.115028
-0.114972
-0.115028
-0.114993
-0.115038
-0.115013
-0.115032
-0.115098
-0.114968
-0.114979
-0.115137
-0.114581
-0.114993
-0.114995
-0.114907
-0.115081
-0.115081
-0.114855
-0.115098
-0.114770
-0.114768
-0.114385
-0.115240
-0.114529
-0.114620
-0.114784
-0.114881
-0.114919
-0.114931
-0.114930
-0.114942
