-2.782961
1.087799
1.181987
-6.072268
-0.113959
-0.113957
0.633894
0.243722
1.627069
-0.206599
-0.113957
-0.113958
2.476914
0.908370
4.883812
0.464181
-0.113959
-0.113962
-0.082137
1.382508
2.003430
-2.932770
-0.113960
-0.113964
-0.003335
2.176073
3.712076
-4.170468
-0.113960
-0.113964
-0.088192
0.670598
1.285083
-1.523659
-0.113960
-0.113964
13.631788
-0.113196
13.634285
13.630895
-0.113952
-0.113945
9.753761
2.412784
13.062529
5.040586
-0.113960
-0.113964
2.550395
0.332896
-0.057465
-0.064131
-0.085034
-0.073675
0.010424
-0.088092
-0.036815
-0.100407
-0.047596
-0.039092
-0.078429
0.118465
0.022985
0.010322
0.093139
0.010069
0.091996
0.049225
-0.060724
-0.066682
0.159830
0.065474
-0.024808
-0.046723
-0.034003
0.057235
-0.003154
-0.031207
-0.011139
-0.021701
-0.076081
-0.050278
-0.064660
-0.032339
-0.040723
0.003704
-0.027206
-0.085057
-0.075947
-0.058472
-0.072352
-0.053554
-0.075165
-0.100862
-0.071520
-0.091068
-0.108222
-0.109323
-0.109207
-0.102616
-0.105635
-0.110472
-0.110760
-0.109011
-0.108619
-0.108459
-0.110122
-0.106835
-0.108904
-0.109149
-0.111396
-0.111861
-0.110207
-0.108957
-0.109061
-0.111624
-0.107805
-0.110244
-0.109416
-0.106140
-0.111162
-0.097054
-0.109456
-0.104210
-0.096935
-0.109411
-0.097230
-0.100565
-0.100088
-0.104738
-0.086435
-0.102265
-0.102802
-0.105887
-0.094943
-0.095210
-0.094249
-0.112115
-0.103634
-0.105758
-0.105336
-0.108366
-0.109657
-0.093826
-0.107055
-0.105123
-0.107975
-0.097245
0.632885
-0.040975
-0.056024
-0.096788
-0.100580
-0.068847
-0.052620
-0.104162
-0.081888
-0.066681
-0.054327
-0.079684
-0.087790
-0.026927
-0.090134
-0.050353
-0.030878
-0.077236
-0.065111
-0.050621
-0.099470
-0.106908
-0.063910
-0.066979
-0.101524
-0.102182
-0.094753
-0.078796
-0.097486
-0.083482
-0.108674
-0.095521
-0.090620
-0.088442
-0.099075
-0.107770
-0.101697
-0.097600
-0.089064
-0.103215
-0.112181
-0.091203
-0.105364
-0.096265
-0.106864
-0.102347
-0.099243
-0.100191
-0.112435
-0.112564
-0.108760
-0.109735
-0.111592
-0.112163
-0.112017
-0.112927
-0.111106
-0.112481
-0.112354
-0.112739
-0.112980
-0.112444
-0.112342
-0.113025
-0.112973
-0.111003
-0.111937
-0.113228
-0.111290
-0.111225
-0.111096
-0.111520
-0.110969
-0.110110
-0.111008
-0.110671
-0.107483
-0.111600
-0.109702
-0.109375
-0.111388
-0.111112
-0.110979
-0.110333
-0.108904
-0.110438
-0.111959
-0.111935
-0.111095
-0.109095
-0.112140
-0.111693
-0.109789
-0.109131
-0.111535
-0.111935
-0.110478
-0.111156
-0.111467
-0.112010
2.472281
0.500047
0.040444
-0.081709
-0.030932
-0.069657
-0.049735
-0.064139
-0.068133
-0.060567
-0.088796
-0.065442
-0.081034
-0.064247
-0.014494
-0.056774
-0.055019
-0.056114
-0.060172
-0.050923
-0.075257
-0.058855
0.009968
-0.041377
-0.074957
-0.103185
-0.055418
-0.018459
-0.056488
-0.070687
-0.044054
-0.069963
-0.090733
-0.074077
-0.105422
-0.078693
-0.061578
-0.068085
-0.073745
-0.091326
-0.095015
-0.092081
-0.098469
-0.091542
-0.101364
-0.108529
-0.091071
-0.108779
-0.106529
-0.112983
-0.108971
-0.107485
-0.108342
-0.108468
-0.108303
-0.112174
-0.112410
-0.109257
-0.111131
-0.107194
-0.113408
-0.111258
-0.112321
-0.112967
-0.110334
-0.112256
-0.110065
-0.111382
-0.113227
-0.112608
-0.111901
-0.107870
-0.112602
-0.108732
-0.108757
-0.110165
-0.106480
-0.110308
-0.107752
-0.106697
-0.104977
-0.107613
-0.104158
-0.107365
-0.111413
-0.110515
-0.102037
-0.099997
-0.103768
-0.111810
-0.109253
-0.110107
-0.108967
-0.110922
-0.109312
-0.103405
-0.108075
-0.110772
-0.110604
-0.107718
-0.089541
0.922755
0.014516
-0.090010
-0.100104
-0.071671
0.002495
-0.085190
-0.110224
-0.081183
-0.109374
-0.079014
-0.084632
-0.080693
-0.101645
-0.091545
-0.074260
-0.110326
-0.068940
-0.098659
-0.111450
-0.095323
-0.088827
-0.105286
-0.102138
-0.101739
-0.110175
-0.108064
-0.104450
-0.106404
-0.107866
-0.106897
-0.104263
-0.106307
-0.112047
-0.107489
-0.108088
-0.107380
-0.106724
-0.110738
-0.107085
-0.106587
-0.104923
-0.108956
-0.109567
-0.110238
-0.110662
-0.108623
-0.111094
-0.113284
-0.112952
-0.110926
-0.112318
-0.113646
-0.109528
-0.111672
-0.111784
-0.111713
-0.111352
-0.108514
-0.112024
-0.110754
-0.111416
-0.110289
-0.112810
-0.113343
-0.111588
-0.112820
-0.113441
-0.113730
-0.112288
-0.112563
-0.113177
-0.112838
-0.112447
-0.112350
-0.111941
-0.113170
-0.112282
-0.113248
-0.112913
-0.113169
-0.112626
-0.113129
-0.113247
-0.112731
-0.112887
-0.112504
-0.112579
-0.113435
-0.112752
-0.112780
-0.113341
-0.112625
-0.112487
-0.113008
-0.112505
-0.112777
-0.112646
-0.113729
-0.013033
1.452325
0.042248
0.040419
-0.067195
-0.063017
0.124011
-0.054984
-0.097569
-0.081782
-0.069466
-0.078239
-0.101397
-0.037368
-0.043994
-0.070880
-0.031956
-0.065805
-0.039806
-0.077740
-0.100428
-0.089062
-0.033928
-0.067975
-0.084609
-0.074947
-0.086280
-0.107987
-0.095852
-0.103672
-0.100118
-0.087425
-0.098731
-0.106947
-0.093092
-0.100136
-0.107174
-0.079269
-0.088388
-0.108506
-0.102876
-0.098773
-0.102347
-0.097984
-0.101645
-0.112364
-0.093847
-0.107750
-0.110705
-0.111492
-0.113641
-0.110498
-0.112278
-0.111078
-0.105591
-0.112361
-0.111930
-0.110171
-0.111642
-0.104605
-0.111162
-0.109987
-0.111867
-0.106181
-0.113194
-0.112092
-0.109288
-0.109857
-0.111801
-0.112569
-0.109749
-0.112338
-0.113518
-0.108657
-0.112599
-0.111002
-0.106547
-0.112510
-0.109589
-0.112818
-0.112279
-0.111197
-0.109648
-0.111897
-0.109186
-0.108569
-0.111626
-0.112795
-0.112214
-0.111755
-0.111325
-0.110023
-0.111915
-0.112710
-0.109669
-0.110300
-0.109370
-0.106925
-0.112624
-0.110591
-0.091066
0.425503
-0.035730
-0.070809
-0.110853
-0.092097
-0.071248
-0.099437
-0.105778
-0.084510
-0.111831
-0.097891
-0.096780
-0.110309
-0.101857
-0.101227
-0.107917
-0.103266
-0.092443
-0.094979
-0.109107
-0.108946
-0.107178
-0.094403
-0.102964
-0.111536
-0.107987
-0.100377
-0.098419
-0.091942
-0.107290
-0.091480
-0.098423
-0.112526
-0.112393
-0.107276
-0.110541
-0.103579
-0.113122
-0.112164
-0.111842
-0.107860
-0.109922
-0.110671
-0.111851
-0.111424
-0.112933
-0.111479
-0.112680
-0.112501
-0.112893
-0.111733
-0.112725
-0.113604
-0.112880
-0.113038
-0.113306
-0.112612
-0.112925
-0.111099
-0.112407
-0.111772
-0.111539
-0.112165
-0.113478
-0.113658
-0.112519
-0.113353
-0.113500
-0.113235
-0.113339
-0.113454
-0.113131
-0.113153
-0.112855
-0.113155
-0.113773
-0.113113
-0.112436
-0.112239
-0.113734
-0.113303
-0.112857
-0.112915
-0.113195
-0.113091
-0.112788
-0.111888
-0.112135
-0.112520
-0.112709
-0.111126
-0.112720
-0.112190
-0.112525
-0.112254
-0.113450
-0.112717
-0.113373
-0.113356
-1.663065
0.204389
-0.979782
-2.109736
-0.113957
-0.113961
-0.374031
0.015200
-0.111185
-0.588071
-0.113957
-0.113963
3.259659
0.056405
3.618912
2.962064
-0.113958
-0.113962
-0.180316
0.336119
0.724546
-0.827684
-0.113957
-0.113961
-0.154827
0.597442
1.247564
-1.149560
-0.113957
-0.113962
-0.060444
0.628731
1.144680
-0.967009
-0.113958
-0.113965
8.300707
0.598219
9.318082
7.179169
-0.113960
-0.113965
1.435908
0.038380
0.041848
-0.069001
-0.102588
-0.111379
-0.105863
-0.109345
-0.109069
-0.103669
-0.107985
-0.106179
-0.109027
-0.107068
-0.108866
-0.107124
-0.105183
-0.107966
-0.113490
-0.107600
-0.109916
-0.109925
-0.113109
-0.113521
-0.112499
-0.112997
-0.113255
-0.111577
-0.107079
-0.107910
-0.112469
-0.110543
-0.108870
-0.110218
-0.112100
-0.112495
-0.112918
-0.112354
-0.112653
-0.112763
-0.113312
-0.112852
-0.112606
-0.113329
-0.113350
-0.112364
-0.112539
-0.113435
-0.113199
-0.112906
-0.113678
-0.113577
-0.113147
-0.113227
-0.113408
-0.113082
-0.113291
-0.113466
-0.112888
-0.111774
-0.113068
-0.112954
-0.113017
-0.112485
-0.113096
-0.113373
-0.113455
-0.113295
-0.113496
-0.113505
-0.113674
-0.113514
-0.113706
-0.113705
-0.113466
-0.113441
-0.113769
-0.113453
-0.113183
-0.113597
-0.113713
-0.113440
-0.113207
-0.113466
-0.113567
-0.113415
-0.113567
-0.113662
-0.113301
-0.112961
-0.113663
-0.113814
-0.113243
-0.113162
-0.113654
-0.113875
-0.113585
-0.113583
-0.113838
-0.113610
0.146044
-0.041736
-0.078438
-0.090756
-0.095611
-0.100549
-0.105020
-0.109471
-0.107353
-0.107350
-0.108627
-0.106188
-0.105354
-0.108006
-0.103476
-0.111782
-0.109675
-0.105618
-0.106336
-0.109461
-0.110331
-0.110865
-0.111549
-0.112103
-0.112581
-0.110808
-0.111640
-0.111167
-0.112952
-0.111850
-0.112901
-0.112128
-0.111995
-0.112997
-0.112597
-0.113293
-0.112731
-0.113520
-0.113174
-0.113113
-0.113171
-0.112574
-0.112874
-0.112968
-0.111644
-0.113273
-0.113819
-0.111972
-0.112496
-0.113215
-0.113211
-0.113371
-0.113444
-0.113434
-0.113558
-0.113076
-0.113360
-0.113270
-0.113745
-0.113495
-0.113544
-0.113560
-0.113340
-0.113818
-0.113549
-0.113799
-0.113408
-0.113650
-0.113566
-0.113507
-0.113508
-0.113354
-0.113515
-0.113486
-0.113107
-0.113669
-0.113871
-0.113245
-0.113524
-0.113745
-0.113611
-0.113756
-0.113730
-0.113701
-0.113703
-0.113468
-0.113660
-0.113676
-0.113775
-0.113813
-0.113641
-0.113777
-0.113618
-0.113711
-0.113776
-0.113810
-0.113417
-0.113632
-0.113637
-0.113536
3.259672
-0.040853
-0.032053
-0.086756
-0.081142
-0.104669
-0.106445
-0.111455
-0.107376
-0.110855
-0.112043
-0.108885
-0.112526
-0.106486
-0.104704
-0.110447
-0.106920
-0.110251
-0.111059
-0.110229
-0.112469
-0.112160
-0.111452
-0.112860
-0.111918
-0.112013
-0.110051
-0.111834
-0.110473
-0.111510
-0.113451
-0.112363
-0.110475
-0.112817
-0.111825
-0.113386
-0.113589
-0.113647
-0.113498
-0.113848
-0.113725
-0.113397
-0.113471
-0.112314
-0.112260
-0.113338
-0.112915
-0.113642
-0.113016
-0.113042
-0.113501
-0.113434
-0.113374
-0.113643
-0.113464
-0.113527
-0.113183
-0.113328
-0.113392
-0.113318
-0.113493
-0.113315
-0.112956
-0.113768
-0.113233
-0.113568
-0.113614
-0.113542
-0.113600
-0.113616
-0.113580
-0.113545
-0.113498
-0.113188
-0.113289
-0.113660
-0.113581
-0.113772
-0.113302
-0.113393
-0.113544
-0.113578
-0.113623
-0.113607
-0.113576
-0.113622
-0.113522
-0.113495
-0.113648
-0.113556
-0.113499
-0.113400
-0.113259
-0.113704
-0.113498
-0.113654
-0.113538
-0.113418
-0.113542
-0.113570
-0.045734
0.126483
0.090827
-0.085497
-0.100915
-0.110527
-0.112580
-0.110630
-0.110279
-0.109914
-0.110697
-0.111351
-0.111217
-0.111696
-0.112250
-0.112481
-0.112789
-0.112760
-0.112706
-0.112775
-0.112330
-0.112086
-0.112045
-0.112228
-0.112775
-0.112597
-0.113193
-0.111952
-0.105425
-0.106069
-0.112602
-0.109833
-0.105025
-0.112728
-0.112495
-0.112920
-0.112810
-0.112702
-0.112593
-0.112559
-0.112762
-0.112934
-0.113022
-0.113208
-0.113347
-0.113388
-0.113335
-0.113167
-0.113177
-0.113098
-0.112970
-0.113103
-0.113009
-0.113112
-0.113309
-0.113348
-0.113771
-0.113195
-0.112136
-0.112032
-0.113900
-0.112993
-0.112360
-0.112986
-0.112890
-0.112999
-0.113034
-0.113093
-0.113139
-0.113212
-0.113355
-0.113445
-0.113491
-0.113525
-0.113466
-0.113397
-0.113247
-0.113063
-0.113490
-0.113306
-0.113270
-0.113701
-0.113225
-0.113345
-0.113531
-0.113534
-0.113621
-0.113329
-0.113013
-0.113345
-0.113509
-0.113351
-0.113650
-0.112940
-0.113053
-0.113199
-0.113280
-0.113386
-0.113456
-0.113519
-0.072055
0.340594
0.085247
-0.054336
-0.076508
-0.106268
-0.107201
-0.110777
-0.111448
-0.111663
-0.112063
-0.112150
-0.112582
-0.112972
-0.113217
-0.113494
-0.113607
-0.113493
-0.113438
-0.113286
-0.113207
-0.113177
-0.113006
-0.112988
-0.113266
-0.112140
-0.110670
-0.108248
-0.105384
-0.101559
-0.112909
-0.106080
-0.104380
-0.111368
-0.110021
-0.113889
-0.112814
-0.113000
-0.113196
-0.113333
-0.113486
-0.113587
-0.113737
-0.113867
-0.113876
-0.113805
-0.113739
-0.113576
-0.113727
-0.113569
-0.113519
-0.113709
-0.113564
-0.113649
-0.113919
-0.113614
-0.113322
-0.112766
-0.112281
-0.111168
-0.113203
-0.112424
-0.111503
-0.113081
-0.112747
-0.113710
-0.113565
-0.113549
-0.113665
-0.113745
-0.113821
-0.113876
-0.113956
-0.113872
-0.113845
-0.113768
-0.113690
-0.113499
-0.113598
-0.113592
-0.113492
-0.113597
-0.113575
-0.113716
-0.113890
-0.113849
-0.113745
-0.113484
-0.113280
-0.112891
-0.113361
-0.113329
-0.112948
-0.113320
-0.113398
-0.113711
-0.113752
-0.113733
-0.113830
-0.113898
-0.060534
0.395500
-0.001644
-0.094290
-0.083606
-0.104715
-0.106112
-0.105474
-0.106341
-0.106756
-0.107578
-0.108196
-0.108875
-0.109303
-0.109894
-0.110480
-0.110640
-0.110819
-0.110953
-0.110909
-0.110823
-0.110866
-0.110835
-0.110932
-0.111439
-0.111236
-0.109696
-0.112655
-0.108622
-0.101423
-0.112647
-0.104782
-0.108740
-0.111265
-0.112360
-0.113008
-0.112521
-0.112549
-0.112578
-0.112598
-0.112760
-0.112875
-0.113007
-0.113084
-0.113150
-0.113167
-0.113120
-0.113006
-0.113023
-0.112944
-0.112865
-0.113049
-0.112963
-0.113063
-0.113227
-0.113175
-0.113047
-0.113752
-0.112443
-0.111472
-0.112900
-0.111886
-0.112704
-0.112501
-0.112969
-0.113085
-0.112991
-0.113067
-0.113134
-0.113200
-0.113297
-0.113346
-0.113377
-0.113366
-0.113320
-0.113296
-0.113231
-0.113034
-0.113308
-0.113069
-0.113039
-0.113375
-0.113110
-0.113324
-0.113383
-0.113329
-0.113360
-0.113423
-0.112925
-0.113038
-0.112964
-0.112792
-0.113277
-0.112818
-0.113102
-0.113196
-0.113190
-0.113273
-0.113338
-0.113382
