-2.625786
1.034562
-0.179519
-6.242101
-0.110846
-0.110845
0.340257
0.389558
1.538926
-0.810197
-0.110844
-0.110846
2.589888
1.092518
5.517626
0.283523
-0.110845
-0.110848
-0.039500
1.199464
2.367064
-2.096923
-0.110844
-0.110850
-0.139959
2.650953
4.158686
-5.223330
-0.110845
-0.110850
-0.084438
0.734965
1.606532
-1.636070
-0.110845
-0.110850
13.532991
-0.109983
13.534948
13.532009
-0.110843
-0.110847
9.305851
2.688615
13.521060
4.724617
-0.110846
-0.110850
2.388441
0.412036
0.004938
-0.056431
-0.052933
-0.039583
-0.061221
-0.020205
-0.065894
-0.085303
0.099816
-0.016066
-0.014451
-0.085070
0.038934
-0.070327
-0.038834
0.030323
0.127143
0.057266
0.033827
-0.002638
-0.015187
0.039842
-0.001019
-0.007755
-0.023599
0.016580
-0.088047
-0.070245
-0.039441
-0.074392
-0.038123
-0.058801
-0.016420
-0.027561
-0.058843
-0.057984
-0.056311
-0.065272
-0.090277
-0.057012
-0.086478
-0.099163
-0.087346
-0.106674
-0.100758
-0.089473
-0.092543
-0.099707
-0.103648
-0.097849
-0.101988
-0.100479
-0.103134
-0.101898
-0.096894
-0.104831
-0.103171
-0.101520
-0.105969
-0.098630
-0.104103
-0.104617
-0.102278
-0.099007
-0.100803
-0.099111
-0.093947
-0.101243
-0.101952
-0.100321
-0.101081
-0.104471
-0.093501
-0.091953
-0.106685
-0.098411
-0.084866
-0.104672
-0.104954
-0.094540
-0.091019
-0.079462
-0.097022
-0.100524
-0.101445
-0.098521
-0.089499
-0.097470
-0.097869
-0.096393
-0.096644
-0.090910
-0.103880
-0.103979
-0.101549
-0.088901
-0.090735
-0.099516
0.337306
-0.038858
0.000846
-0.100224
-0.046826
-0.063540
-0.059536
-0.062709
-0.079765
-0.060889
-0.051720
-0.067942
-0.072916
-0.097066
-0.044617
-0.066666
-0.076304
-0.003331
-0.021274
-0.046682
-0.053918
-0.053851
-0.066541
-0.011062
-0.010012
-0.060453
-0.042124
-0.084031
-0.082659
-0.079344
-0.090520
-0.081569
-0.053325
-0.066836
-0.065537
-0.062846
-0.094723
-0.095839
-0.072769
-0.081722
-0.106416
-0.082968
-0.101991
-0.106121
-0.099828
-0.108273
-0.104194
-0.100229
-0.106865
-0.108041
-0.108937
-0.109136
-0.107509
-0.107723
-0.109130
-0.110447
-0.110801
-0.109281
-0.107955
-0.107670
-0.107635
-0.110578
-0.109401
-0.107721
-0.110150
-0.108143
-0.108239
-0.109600
-0.106274
-0.108639
-0.106341
-0.106302
-0.108214
-0.107751
-0.104572
-0.108546
-0.109998
-0.105228
-0.098366
-0.104637
-0.104371
-0.104109
-0.103063
-0.096890
-0.107294
-0.105151
-0.106191
-0.108325
-0.106272
-0.101252
-0.109281
-0.104393
-0.102273
-0.105570
-0.109879
-0.107151
-0.105313
-0.100396
-0.103284
-0.108171
2.575495
0.640020
0.088202
-0.073935
-0.036248
-0.094231
-0.047232
-0.071057
-0.081387
-0.056065
-0.104281
-0.074934
-0.080854
-0.109390
-0.050288
-0.043408
-0.055570
-0.028080
-0.017882
-0.008976
-0.035826
-0.039356
-0.045185
-0.000324
-0.041774
-0.032129
-0.045865
-0.005035
-0.093981
-0.073089
-0.045620
-0.060331
-0.064303
-0.087447
-0.035952
-0.058475
-0.073584
-0.084660
-0.083216
-0.089167
-0.103488
-0.078952
-0.090593
-0.101473
-0.106330
-0.108936
-0.103724
-0.107139
-0.108607
-0.106716
-0.106375
-0.101309
-0.106385
-0.107687
-0.104597
-0.103026
-0.102075
-0.109604
-0.106255
-0.107090
-0.108770
-0.103149
-0.107920
-0.109594
-0.104727
-0.106059
-0.104580
-0.102724
-0.105778
-0.107228
-0.106017
-0.106769
-0.106341
-0.101634
-0.105511
-0.100970
-0.105884
-0.101735
-0.095470
-0.105926
-0.108980
-0.098934
-0.098205
-0.089201
-0.104084
-0.103027
-0.104325
-0.102127
-0.094253
-0.104336
-0.102401
-0.100621
-0.099071
-0.097084
-0.108520
-0.106876
-0.106420
-0.100646
-0.099107
-0.104146
-0.045404
0.788562
-0.037562
-0.098204
0.013141
-0.043419
-0.077201
-0.064021
-0.083285
-0.043269
-0.050813
-0.086779
-0.092008
-0.104598
-0.076258
-0.074545
-0.075481
-0.072839
-0.081852
-0.079647
-0.095442
-0.092394
-0.089119
-0.104083
-0.100622
-0.108994
-0.106590
-0.091840
-0.105139
-0.100757
-0.101186
-0.096010
-0.108200
-0.110135
-0.098965
-0.105982
-0.101911
-0.104430
-0.102482
-0.105051
-0.107343
-0.099537
-0.102940
-0.107350
-0.107740
-0.109998
-0.107453
-0.105038
-0.107586
-0.107183
-0.109145
-0.105089
-0.109441
-0.105938
-0.109617
-0.110232
-0.107120
-0.106790
-0.106894
-0.106782
-0.109520
-0.108808
-0.107867
-0.109670
-0.108643
-0.110029
-0.107527
-0.107696
-0.108663
-0.109804
-0.109304
-0.109229
-0.109361
-0.108317
-0.108648
-0.108354
-0.109900
-0.107514
-0.107272
-0.108654
-0.109064
-0.109450
-0.109253
-0.108493
-0.109716
-0.109558
-0.109505
-0.109489
-0.108104
-0.110196
-0.108849
-0.108500
-0.110179
-0.109122
-0.109886
-0.109542
-0.110550
-0.110345
-0.108965
-0.109700
-0.072896
1.804931
-0.020361
-0.000863
0.062687
-0.024362
0.005102
-0.022833
-0.072053
-0.036578
-0.009826
-0.062322
-0.071092
-0.103005
-0.086741
-0.054642
-0.090710
-0.080443
-0.026577
-0.031633
-0.043205
-0.085206
-0.082582
-0.103050
-0.099727
-0.098420
-0.090237
-0.084170
-0.074108
-0.088388
-0.099077
-0.102520
-0.087612
-0.098885
-0.105116
-0.107424
-0.094886
-0.090737
-0.084893
-0.101730
-0.095334
-0.097942
-0.100432
-0.102259
-0.104753
-0.108555
-0.105719
-0.099441
-0.109635
-0.107748
-0.110012
-0.100731
-0.106134
-0.105362
-0.109763
-0.104845
-0.101599
-0.104150
-0.104376
-0.101716
-0.106443
-0.105174
-0.106117
-0.107918
-0.107772
-0.106798
-0.106269
-0.107226
-0.105539
-0.109331
-0.109419
-0.110455
-0.109564
-0.109269
-0.108753
-0.105891
-0.109781
-0.104515
-0.103684
-0.104375
-0.108232
-0.110525
-0.108249
-0.106330
-0.107815
-0.108901
-0.107994
-0.108182
-0.106320
-0.105677
-0.108982
-0.108364
-0.109861
-0.108168
-0.108432
-0.110107
-0.109333
-0.108289
-0.107735
-0.108459
-0.088091
0.471250
-0.096614
-0.068699
-0.048231
-0.071885
-0.094293
-0.087928
-0.089174
-0.066169
-0.085332
-0.095850
-0.075959
-0.100114
-0.073149
-0.094632
-0.095840
-0.075373
-0.098094
-0.097917
-0.106593
-0.102131
-0.092657
-0.094992
-0.101006
-0.101859
-0.106005
-0.103656
-0.096100
-0.104812
-0.101201
-0.104814
-0.101565
-0.105383
-0.104235
-0.103423
-0.104759
-0.103266
-0.105675
-0.103487
-0.105418
-0.106692
-0.104188
-0.106123
-0.106683
-0.108642
-0.108433
-0.108630
-0.108416
-0.107977
-0.109802
-0.107696
-0.109482
-0.107740
-0.109900
-0.110505
-0.109467
-0.108039
-0.107844
-0.107357
-0.109150
-0.110483
-0.108922
-0.109830
-0.108777
-0.110099
-0.109193
-0.109287
-0.110282
-0.108868
-0.109060
-0.109803
-0.108622
-0.109395
-0.109082
-0.107785
-0.109464
-0.109240
-0.108905
-0.108908
-0.108562
-0.110439
-0.109179
-0.110614
-0.109864
-0.108957
-0.108954
-0.109601
-0.110184
-0.109226
-0.109999
-0.110575
-0.109921
-0.109822
-0.109390
-0.109915
-0.109887
-0.110104
-0.110290
-0.109156
-1.880640
0.116693
-1.378322
-2.232225
-0.110843
-0.110848
-0.359534
0.052519
-0.038044
-0.680463
-0.110846
-0.110849
3.052847
0.064028
3.426909
2.783389
-0.110843
-0.110847
-0.067837
0.214945
0.426588
-0.510103
-0.110845
-0.110851
-0.087343
0.373152
0.722083
-0.788742
-0.110844
-0.110849
-0.192742
0.563642
0.831983
-1.212503
-0.110845
-0.110850
8.147929
0.408761
8.775043
7.364819
-0.110845
-0.110850
1.658283
0.019141
-0.032757
-0.070009
-0.087150
-0.107136
-0.107455
-0.106147
-0.106319
-0.107313
-0.106757
-0.103253
-0.097898
-0.109835
-0.105097
-0.106331
-0.108010
-0.103866
-0.107250
-0.109060
-0.109227
-0.110271
-0.109830
-0.109635
-0.108810
-0.109798
-0.104601
-0.106711
-0.107341
-0.110139
-0.107626
-0.106955
-0.109165
-0.108792
-0.110584
-0.110628
-0.110332
-0.110534
-0.110756
-0.109971
-0.109909
-0.109491
-0.110098
-0.109926
-0.110528
-0.109590
-0.109637
-0.110001
-0.110625
-0.110669
-0.110549
-0.110757
-0.110755
-0.110399
-0.110626
-0.109457
-0.110422
-0.110557
-0.110476
-0.110274
-0.110281
-0.110051
-0.110159
-0.110529
-0.110475
-0.110446
-0.110557
-0.110630
-0.110468
-0.110376
-0.110340
-0.110532
-0.110467
-0.110645
-0.110510
-0.110710
-0.110571
-0.110520
-0.110584
-0.110667
-0.110619
-0.110570
-0.110652
-0.110529
-0.110148
-0.110616
-0.110659
-0.110558
-0.110633
-0.110431
-0.110572
-0.110584
-0.110779
-0.110763
-0.110770
-0.110668
-0.110668
-0.110398
-0.110674
-0.110751
0.136318
-0.001722
-0.096783
-0.086353
-0.104085
-0.102094
-0.110141
-0.109535
-0.110248
-0.103270
-0.106669
-0.104652
-0.102636
-0.105386
-0.098328
-0.102622
-0.103028
-0.106533
-0.104171
-0.108495
-0.106989
-0.107671
-0.108776
-0.108820
-0.108076
-0.108778
-0.109390
-0.109424
-0.107132
-0.109114
-0.108088
-0.109555
-0.110328
-0.108681
-0.110315
-0.109557
-0.109490
-0.109740
-0.109082
-0.110139
-0.109100
-0.110151
-0.109877
-0.109382
-0.110021
-0.108858
-0.110292
-0.109725
-0.110112
-0.109977
-0.110557
-0.110393
-0.110299
-0.110608
-0.110208
-0.110325
-0.110402
-0.110732
-0.109939
-0.109892
-0.110356
-0.110021
-0.110385
-0.110221
-0.110371
-0.110511
-0.110411
-0.110530
-0.110284
-0.110148
-0.110031
-0.110133
-0.109879
-0.110290
-0.110515
-0.109942
-0.110471
-0.110402
-0.110432
-0.110300
-0.110279
-0.110387
-0.110245
-0.110434
-0.110262
-0.110293
-0.110351
-0.110577
-0.110520
-0.110392
-0.110474
-0.110421
-0.110414
-0.110403
-0.110309
-0.110204
-0.110503
-0.110241
-0.110468
-0.110451
3.053784
0.001190
-0.071651
-0.091930
-0.104587
-0.100796
-0.106373
-0.108812
-0.106464
-0.107220
-0.101916
-0.109270
-0.097714
-0.108602
-0.098650
-0.102388
-0.105220
-0.103197
-0.107466
-0.106772
-0.109726
-0.110444
-0.110353
-0.110482
-0.110245
-0.109110
-0.108049
-0.108464
-0.108132
-0.109899
-0.108265
-0.109003
-0.110258
-0.110139
-0.109635
-0.110540
-0.110272
-0.110179
-0.110186
-0.109581
-0.110220
-0.109148
-0.110037
-0.108831
-0.110181
-0.109230
-0.109658
-0.109925
-0.110263
-0.110683
-0.110793
-0.110734
-0.110714
-0.110720
-0.110522
-0.110279
-0.110555
-0.110550
-0.110349
-0.110318
-0.110607
-0.110560
-0.110611
-0.110423
-0.110611
-0.110717
-0.110676
-0.110830
-0.110585
-0.110416
-0.110442
-0.110238
-0.110196
-0.110738
-0.110299
-0.110669
-0.110401
-0.110764
-0.110734
-0.110698
-0.110687
-0.110757
-0.110682
-0.110578
-0.110440
-0.110643
-0.110743
-0.110617
-0.110686
-0.110675
-0.110703
-0.110687
-0.110696
-0.110798
-0.110703
-0.110618
-0.110784
-0.110416
-0.110688
-0.110738
-0.065765
0.111667
-0.068651
-0.069213
-0.103891
-0.107805
-0.107355
-0.109282
-0.108750
-0.109625
-0.109866
-0.109411
-0.109315
-0.109650
-0.109719
-0.109805
-0.109675
-0.110101
-0.109448
-0.109575
-0.109435
-0.109845
-0.109923
-0.109836
-0.109618
-0.108613
-0.107225
-0.107974
-0.105454
-0.108102
-0.105518
-0.108652
-0.108973
-0.109953
-0.110596
-0.110589
-0.110624
-0.110735
-0.110516
-0.110605
-0.110756
-0.110615
-0.110651
-0.110671
-0.110623
-0.110691
-0.110653
-0.110706
-0.110743
-0.110695
-0.110695
-0.110677
-0.110671
-0.110633
-0.110261
-0.109879
-0.110256
-0.110068
-0.109918
-0.110118
-0.110105
-0.110548
-0.110369
-0.110438
-0.110473
-0.110579
-0.110559
-0.110590
-0.110610
-0.110557
-0.110626
-0.110608
-0.110613
-0.110633
-0.110611
-0.110616
-0.110602
-0.110597
-0.110629
-0.110619
-0.110570
-0.110582
-0.110685
-0.110692
-0.110557
-0.110432
-0.110511
-0.110073
-0.110354
-0.110490
-0.110704
-0.110786
-0.110748
-0.110732
-0.110710
-0.110698
-0.110713
-0.110682
-0.110699
-0.110681
-0.089998
0.225077
-0.055731
-0.078684
-0.102067
-0.104264
-0.108985
-0.108630
-0.109150
-0.109522
-0.109294
-0.109853
-0.110011
-0.109870
-0.110047
-0.110156
-0.110140
-0.110115
-0.110290
-0.110344
-0.110346
-0.110238
-0.110189
-0.110261
-0.109123
-0.110667
-0.107859
-0.107739
-0.101973
-0.106565
-0.104427
-0.108910
-0.108498
-0.110089
-0.110241
-0.110588
-0.110640
-0.110782
-0.110733
-0.110743
-0.110778
-0.110750
-0.110775
-0.110767
-0.110733
-0.110768
-0.110769
-0.110705
-0.110752
-0.110750
-0.110725
-0.110751
-0.110750
-0.110578
-0.110686
-0.110275
-0.110047
-0.109178
-0.109123
-0.110113
-0.110246
-0.110042
-0.110610
-0.110456
-0.110694
-0.110603
-0.110625
-0.110685
-0.110657
-0.110679
-0.110694
-0.110683
-0.110695
-0.110705
-0.110694
-0.110704
-0.110721
-0.110705
-0.110714
-0.110712
-0.110702
-0.110616
-0.110587
-0.110575
-0.110354
-0.110571
-0.110335
-0.109704
-0.110726
-0.110729
-0.110623
-0.110681
-0.110785
-0.110741
-0.110757
-0.110770
-0.110751
-0.110761
-0.110762
-0.110758
-0.032927
0.352655
-0.004173
-0.097855
-0.085264
-0.099531
-0.101511
-0.103560
-0.104677
-0.106088
-0.106315
-0.106965
-0.106976
-0.107509
-0.107828
-0.107782
-0.108160
-0.108383
-0.108345
-0.108468
-0.108484
-0.108892
-0.108933
-0.108909
-0.109414
-0.108412
-0.107020
-0.107061
-0.098412
-0.104033
-0.100307
-0.107089
-0.108980
-0.109990
-0.110072
-0.110028
-0.109999
-0.109933
-0.109867
-0.109927
-0.109900
-0.109953
-0.109925
-0.109940
-0.109984
-0.109954
-0.109979
-0.110008
-0.110031
-0.110039
-0.109997
-0.110024
-0.110110
-0.109962
-0.110285
-0.109002
-0.109384
-0.108550
-0.108758
-0.109978
-0.109135
-0.109622
-0.109612
-0.109942
-0.109994
-0.110031
-0.110063
-0.110095
-0.110101
-0.110120
-0.110124
-0.110137
-0.110145
-0.110147
-0.110168
-0.110164
-0.110165
-0.110167
-0.110179
-0.110183
-0.110188
-0.109999
-0.110170
-0.110102
-0.110340
-0.110172
-0.109916
-0.108677
-0.109967
-0.110263
-0.110508
-0.110363
-0.110295
-0.110269
-0.110264
-0.110259
-0.110250
-0.110245
-0.110248
-0.110247
