-2.572734
0.846674
-0.577364
-5.179806
-0.112602
-0.112604
0.242146
0.355593
1.864473
-0.623368
-0.112600
-0.112601
2.700523
1.123526
4.700163
0.468473
-0.112603
-0.112607
-0.244993
1.204596
1.747145
-2.302642
-0.112602
-0.112608
-0.185173
2.708292
4.355207
-4.740469
-0.112602
-0.112608
0.003784
0.791167
1.623801
-1.358492
-0.112601
-0.112607
13.784401
-0.109740
13.789691
13.781449
-0.112600
-0.112606
9.344574
2.530445
12.893470
4.945123
-0.112603
-0.112608
2.344239
0.324818
0.036870
-0.035267
-0.053001
-0.022179
-0.035723
-0.039377
-0.060231
-0.076978
-0.073714
-0.004069
-0.090081
-0.068018
0.042921
0.046714
-0.068401
0.089485
-0.077371
-0.062125
-0.024146
-0.022434
0.013108
-0.049233
-0.030806
-0.065353
-0.036142
-0.010715
-0.091265
-0.080884
-0.074071
-0.074145
-0.000725
-0.101526
-0.053432
-0.050178
-0.073520
-0.058186
-0.078492
-0.085160
-0.102231
-0.081522
-0.067367
-0.096789
-0.090384
-0.086076
-0.099865
-0.107631
-0.093667
-0.105188
-0.107380
-0.104290
-0.109181
-0.106304
-0.105666
-0.106586
-0.107050
-0.107438
-0.106509
-0.109647
-0.108385
-0.109660
-0.109220
-0.109024
-0.112308
-0.109723
-0.106943
-0.107901
-0.111204
-0.111581
-0.105415
-0.105589
-0.103367
-0.099820
-0.101606
-0.106489
-0.098472
-0.111278
-0.105688
-0.107212
-0.101347
-0.103670
-0.104288
-0.106974
-0.111796
-0.101689
-0.112019
-0.103482
-0.102398
-0.099691
-0.109839
-0.100155
-0.100324
-0.099198
-0.103845
-0.100796
-0.105582
-0.108582
-0.104527
-0.108274
0.241237
0.020216
-0.072953
-0.091236
-0.073667
-0.037196
-0.061359
-0.065215
-0.104712
-0.042317
-0.073610
-0.095215
-0.102796
-0.067162
-0.020796
-0.026410
-0.061195
-0.019115
-0.047572
-0.056136
-0.088291
-0.095865
-0.039853
-0.082222
-0.088444
-0.056212
-0.062867
-0.038089
-0.074490
-0.108662
-0.085915
-0.086520
-0.039921
-0.082992
-0.105016
-0.072888
-0.085406
-0.088310
-0.104922
-0.106207
-0.093214
-0.096710
-0.100199
-0.100183
-0.100158
-0.101344
-0.104775
-0.104895
-0.106604
-0.106237
-0.111837
-0.103467
-0.109472
-0.104928
-0.107864
-0.107682
-0.108787
-0.110479
-0.111892
-0.110132
-0.110269
-0.108617
-0.107204
-0.107882
-0.108945
-0.110439
-0.107283
-0.111558
-0.111052
-0.109204
-0.108270
-0.107709
-0.103797
-0.103524
-0.103889
-0.106013
-0.104925
-0.109470
-0.108218
-0.109346
-0.110291
-0.108666
-0.108568
-0.108266
-0.105153
-0.109142
-0.106454
-0.107971
-0.108217
-0.106200
-0.109886
-0.106079
-0.107167
-0.105877
-0.104107
-0.110719
-0.110832
-0.111672
-0.107214
-0.108425
2.694100
0.697407
0.027119
-0.042455
-0.048922
-0.068869
-0.076696
-0.059266
-0.064114
-0.072265
-0.092729
-0.057843
-0.067846
-0.089395
-0.015669
-0.053169
-0.098894
-0.039623
-0.067946
-0.072599
-0.059881
-0.078456
-0.031671
-0.079291
-0.068743
-0.045168
-0.057883
-0.058595
-0.100966
-0.094853
-0.079013
-0.085885
-0.036809
-0.094827
-0.060601
-0.075189
-0.088010
-0.078436
-0.096243
-0.096879
-0.104841
-0.090655
-0.096042
-0.108120
-0.103470
-0.097030
-0.108909
-0.109694
-0.102346
-0.106838
-0.103104
-0.108061
-0.108193
-0.109686
-0.106956
-0.111345
-0.110619
-0.105909
-0.105740
-0.110624
-0.106440
-0.109432
-0.108531
-0.110476
-0.109490
-0.111749
-0.112297
-0.107480
-0.111741
-0.111302
-0.108227
-0.106433
-0.108060
-0.104879
-0.109255
-0.110599
-0.108151
-0.108491
-0.106191
-0.109086
-0.107775
-0.105109
-0.108860
-0.108274
-0.107211
-0.105874
-0.110591
-0.106885
-0.107328
-0.100930
-0.109272
-0.101484
-0.107002
-0.103734
-0.107347
-0.105623
-0.108133
-0.110747
-0.108791
-0.110662
0.024220
0.794756
-0.007653
-0.023671
-0.037897
-0.042642
-0.039979
-0.076422
-0.092482
-0.099537
-0.106760
-0.088761
-0.102173
-0.102051
-0.088289
-0.100616
-0.094721
-0.091562
-0.105665
-0.108906
-0.108752
-0.100202
-0.103363
-0.084887
-0.091403
-0.103372
-0.106782
-0.107102
-0.095437
-0.101882
-0.104205
-0.104382
-0.109210
-0.110020
-0.104683
-0.103207
-0.101386
-0.106941
-0.111435
-0.107519
-0.111309
-0.109237
-0.108104
-0.111756
-0.107974
-0.107462
-0.110680
-0.109845
-0.111264
-0.109557
-0.109732
-0.109108
-0.110943
-0.108867
-0.109125
-0.109239
-0.112123
-0.111017
-0.106928
-0.112459
-0.108377
-0.107857
-0.109409
-0.110262
-0.111567
-0.110185
-0.109150
-0.111278
-0.110678
-0.111246
-0.110964
-0.111758
-0.111933
-0.110738
-0.111454
-0.109814
-0.110270
-0.112350
-0.110538
-0.110741
-0.109648
-0.110087
-0.110206
-0.110743
-0.111639
-0.110397
-0.110211
-0.110440
-0.111659
-0.112316
-0.112104
-0.111129
-0.111981
-0.112400
-0.111438
-0.111167
-0.109842
-0.111532
-0.110959
-0.111030
-0.031261
1.833415
0.047773
0.135307
0.000845
0.037360
0.014013
-0.049053
-0.065185
-0.093383
-0.077972
-0.049426
-0.093411
-0.103418
-0.055004
-0.063191
-0.093781
-0.070741
-0.076525
-0.087860
-0.091224
-0.063218
-0.081531
-0.054302
-0.081248
-0.092982
-0.094615
-0.091318
-0.069464
-0.071039
-0.085202
-0.083024
-0.105639
-0.101168
-0.095933
-0.094005
-0.084181
-0.106031
-0.096070
-0.107116
-0.100602
-0.093998
-0.104226
-0.102100
-0.102507
-0.102514
-0.110975
-0.107261
-0.107416
-0.108348
-0.105544
-0.104889
-0.109493
-0.105494
-0.107542
-0.107005
-0.110253
-0.109125
-0.100242
-0.111167
-0.103139
-0.102994
-0.105236
-0.108379
-0.110984
-0.107365
-0.106750
-0.109678
-0.109092
-0.108445
-0.109611
-0.112242
-0.110531
-0.108278
-0.109975
-0.109865
-0.107379
-0.108451
-0.110525
-0.109587
-0.103782
-0.108133
-0.108373
-0.109812
-0.111188
-0.107893
-0.107289
-0.108374
-0.109324
-0.112234
-0.111438
-0.109994
-0.111845
-0.111402
-0.110725
-0.108179
-0.109613
-0.107809
-0.108070
-0.109395
0.000571
0.504802
-0.017175
-0.019310
-0.096315
-0.072977
-0.081187
-0.096898
-0.094309
-0.102546
-0.103950
-0.092353
-0.101213
-0.103293
-0.090013
-0.110368
-0.097086
-0.104267
-0.106602
-0.091962
-0.095484
-0.100249
-0.100414
-0.098280
-0.107255
-0.103535
-0.103170
-0.088123
-0.095193
-0.104959
-0.109894
-0.103810
-0.098525
-0.096617
-0.104582
-0.109446
-0.106093
-0.109052
-0.111016
-0.106129
-0.107067
-0.111548
-0.110107
-0.111138
-0.109368
-0.107431
-0.111260
-0.111493
-0.111718
-0.110348
-0.110550
-0.109857
-0.111833
-0.110179
-0.111250
-0.110881
-0.111802
-0.110157
-0.107999
-0.112301
-0.109903
-0.109606
-0.109775
-0.111013
-0.112313
-0.110865
-0.110620
-0.111214
-0.111146
-0.110929
-0.111444
-0.111763
-0.112241
-0.112374
-0.111086
-0.110211
-0.111175
-0.111470
-0.109926
-0.112076
-0.110642
-0.110561
-0.111542
-0.111444
-0.111725
-0.111506
-0.109049
-0.110900
-0.111487
-0.111340
-0.111870
-0.110592
-0.110152
-0.112045
-0.111072
-0.112474
-0.111171
-0.112026
-0.111088
-0.111227
-1.824939
0.165030
-1.261056
-2.146702
-0.112600
-0.112606
-0.298072
0.171549
0.033701
-0.727876
-0.112604
-0.112609
3.151401
0.123107
3.600705
2.804711
-0.112601
-0.112606
-0.045263
0.500859
0.777882
-1.099582
-0.112604
-0.112607
-0.096038
0.447610
0.640296
-1.077002
-0.112604
-0.112607
-0.055168
0.824238
1.383575
-1.620707
-0.112603
-0.112607
8.294073
0.472620
9.159178
7.450096
-0.112602
-0.112608
1.601566
0.050330
-0.010612
-0.101338
-0.092368
-0.102890
-0.105512
-0.105492
-0.109145
-0.105025
-0.100623
-0.110295
-0.104610
-0.098970
-0.104835
-0.104836
-0.107619
-0.100934
-0.109895
-0.110364
-0.105635
-0.109343
-0.110819
-0.110220
-0.112347
-0.109554
-0.110498
-0.109241
-0.109149
-0.108457
-0.111332
-0.108214
-0.106933
-0.111478
-0.110570
-0.112274
-0.111089
-0.111892
-0.111973
-0.110768
-0.111588
-0.112071
-0.110363
-0.111371
-0.111254
-0.110573
-0.112130
-0.110688
-0.112101
-0.112031
-0.110994
-0.111272
-0.111593
-0.111683
-0.111757
-0.111363
-0.111859
-0.111185
-0.112151
-0.111087
-0.111823
-0.110907
-0.110910
-0.111672
-0.111952
-0.112062
-0.111810
-0.112002
-0.112039
-0.111420
-0.111611
-0.111794
-0.111353
-0.112269
-0.112248
-0.111389
-0.112022
-0.112435
-0.112041
-0.111907
-0.111995
-0.111651
-0.111753
-0.112119
-0.111875
-0.111936
-0.112008
-0.111960
-0.111899
-0.111593
-0.112106
-0.111512
-0.111868
-0.112047
-0.112036
-0.111765
-0.112084
-0.111958
-0.111777
-0.111643
0.074081
0.073191
-0.054982
-0.077671
-0.084074
-0.101746
-0.107476
-0.108913
-0.109386
-0.106900
-0.108042
-0.105798
-0.109063
-0.112349
-0.107828
-0.110314
-0.108914
-0.111714
-0.110980
-0.109734
-0.111390
-0.111193
-0.111541
-0.111097
-0.111104
-0.111231
-0.108845
-0.109798
-0.109183
-0.108020
-0.112262
-0.108552
-0.110456
-0.110574
-0.110670
-0.111608
-0.111935
-0.112103
-0.111950
-0.111536
-0.111614
-0.111332
-0.111774
-0.112362
-0.111786
-0.112239
-0.111923
-0.112211
-0.112336
-0.112296
-0.112349
-0.112569
-0.112272
-0.112116
-0.112224
-0.112332
-0.111814
-0.111976
-0.111891
-0.111637
-0.112454
-0.111771
-0.112133
-0.112200
-0.112197
-0.112302
-0.112254
-0.112363
-0.112305
-0.112156
-0.112213
-0.112124
-0.112240
-0.112450
-0.112353
-0.112398
-0.112338
-0.112369
-0.112408
-0.112321
-0.112554
-0.112434
-0.112439
-0.112407
-0.112523
-0.112479
-0.112408
-0.112368
-0.112327
-0.112301
-0.112482
-0.112228
-0.112462
-0.112383
-0.112415
-0.112385
-0.112366
-0.112512
-0.112396
-0.112313
3.149854
0.023618
-0.027915
-0.072850
-0.098934
-0.109319
-0.111833
-0.109418
-0.109598
-0.111253
-0.107594
-0.108775
-0.106839
-0.106635
-0.104992
-0.110045
-0.106978
-0.107553
-0.109551
-0.110784
-0.110234
-0.111789
-0.111796
-0.112046
-0.111805
-0.111211
-0.111767
-0.107946
-0.109434
-0.109292
-0.112116
-0.109324
-0.108131
-0.110799
-0.111220
-0.112508
-0.112355
-0.112356
-0.112433
-0.112344
-0.112201
-0.111713
-0.111558
-0.111642
-0.111257
-0.111750
-0.111937
-0.111513
-0.112290
-0.112030
-0.112204
-0.112244
-0.112319
-0.112414
-0.112098
-0.112007
-0.112447
-0.111226
-0.112116
-0.111651
-0.112340
-0.111630
-0.111372
-0.112007
-0.112200
-0.112410
-0.112340
-0.112306
-0.112402
-0.112200
-0.112279
-0.112038
-0.112219
-0.112010
-0.112226
-0.112127
-0.112292
-0.112165
-0.112420
-0.112132
-0.112351
-0.112209
-0.112262
-0.112419
-0.112218
-0.112309
-0.112321
-0.112028
-0.112241
-0.112040
-0.112366
-0.112050
-0.112136
-0.112211
-0.112290
-0.112305
-0.112399
-0.112118
-0.112351
-0.112115
-0.049849
0.309084
-0.012621
-0.087307
-0.093132
-0.104089
-0.107406
-0.106903
-0.108727
-0.107731
-0.109233
-0.109895
-0.109937
-0.110481
-0.110548
-0.110588
-0.110678
-0.110901
-0.111020
-0.111071
-0.111491
-0.110752
-0.111503
-0.111551
-0.112093
-0.111907
-0.111415
-0.110539
-0.108439
-0.102671
-0.111409
-0.103612
-0.108094
-0.110524
-0.110697
-0.111449
-0.111713
-0.111799
-0.111962
-0.112011
-0.111860
-0.111914
-0.111837
-0.111867
-0.111888
-0.111903
-0.111934
-0.112002
-0.112060
-0.112135
-0.112222
-0.112133
-0.112189
-0.112245
-0.112118
-0.112102
-0.112298
-0.111688
-0.111977
-0.110556
-0.111899
-0.110628
-0.111665
-0.111939
-0.112125
-0.112276
-0.112276
-0.112317
-0.112288
-0.112341
-0.112245
-0.112224
-0.112221
-0.112221
-0.112243
-0.112258
-0.112289
-0.112341
-0.112250
-0.112502
-0.112000
-0.111926
-0.112408
-0.112232
-0.112252
-0.112254
-0.112314
-0.111972
-0.112489
-0.111568
-0.111867
-0.112075
-0.112383
-0.112407
-0.112539
-0.112468
-0.112413
-0.112397
-0.112368
-0.112351
-0.093682
0.266600
-0.007989
-0.076830
-0.108009
-0.101160
-0.105071
-0.107989
-0.108356
-0.108750
-0.109024
-0.109673
-0.109973
-0.110130
-0.110213
-0.110398
-0.110478
-0.110672
-0.110815
-0.110868
-0.110987
-0.111084
-0.111201
-0.111412
-0.110364
-0.111387
-0.110392
-0.108026
-0.107920
-0.101359
-0.109246
-0.106287
-0.107026
-0.111762
-0.111365
-0.110792
-0.111482
-0.111231
-0.111321
-0.111375
-0.111399
-0.111454
-0.111463
-0.111470
-0.111493
-0.111507
-0.111526
-0.111520
-0.111580
-0.111481
-0.111608
-0.111623
-0.111510
-0.111527
-0.111526
-0.111781
-0.111371
-0.111348
-0.110972
-0.109563
-0.110948
-0.111072
-0.110500
-0.111877
-0.111511
-0.111638
-0.111776
-0.111678
-0.111689
-0.111690
-0.111693
-0.111683
-0.111676
-0.111673
-0.111673
-0.111702
-0.111665
-0.111664
-0.111766
-0.111424
-0.111975
-0.112054
-0.111457
-0.111808
-0.111754
-0.111764
-0.111704
-0.112064
-0.111284
-0.111525
-0.111810
-0.111265
-0.111422
-0.111720
-0.111617
-0.111750
-0.111731
-0.111718
-0.111712
-0.111710
-0.060139
0.503673
0.126393
-0.096488
-0.084292
-0.101405
-0.107110
-0.104950
-0.106795
-0.107263
-0.107917
-0.108757
-0.109028
-0.109467
-0.109547
-0.109574
-0.109862
-0.110113
-0.110168
-0.110243
-0.110270
-0.110141
-0.110297
-0.110208
-0.111292
-0.110532
-0.109569
-0.110246
-0.100632
-0.096911
-0.109808
-0.100230
-0.102925
-0.112114
-0.110391
-0.111945
-0.112000
-0.111886
-0.111936
-0.111918
-0.111836
-0.111895
-0.111876
-0.111926
-0.111929
-0.111916
-0.111916
-0.111961
-0.111901
-0.111947
-0.112126
-0.112031
-0.111897
-0.112061
-0.112285
-0.112032
-0.112160
-0.111716
-0.110117
-0.109156
-0.111443
-0.109814
-0.110371
-0.112569
-0.111958
-0.112470
-0.112301
-0.112323
-0.112311
-0.112317
-0.112286
-0.112300
-0.112299
-0.112325
-0.112345
-0.112341
-0.112283
-0.112371
-0.112033
-0.112149
-0.112221
-0.111995
-0.112050
-0.112401
-0.112511
-0.112430
-0.112501
-0.112061
-0.111666
-0.111198
-0.111850
-0.111539
-0.111687
-0.112576
-0.112316
-0.112522
-0.112473
-0.112470
-0.112458
-0.112460
