-2.681071
0.635400
-1.058995
-4.570155
-0.113936
-0.113937
0.483303
0.186767
1.077706
-0.180242
-0.113935
-0.113938
2.535656
0.632877
3.938402
1.053902
-0.113936
-0.113939
-0.213267
0.926926
1.358256
-1.686179
-0.113935
-0.113941
-0.031695
2.350300
4.452650
-4.198387
-0.113936
-0.113940
0.147984
0.478186
1.046698
-0.817801
-0.113936
-0.113940
13.724218
-0.112888
13.725810
13.722392
-0.113935
-0.113940
9.826593
2.150618
13.221631
6.053052
-0.113935
-0.113940
2.445999
0.292420
-0.041679
-0.070790
-0.092037
-0.084042
-0.057346
-0.062972
-0.092414
-0.052873
-0.083731
-0.074382
-0.085947
-0.077783
-0.035910
-0.035994
-0.049158
-0.017956
-0.083200
-0.045817
0.007749
-0.024268
-0.072975
-0.054594
-0.067416
-0.044184
-0.019902
-0.046668
-0.087108
-0.084081
-0.075850
-0.082645
-0.102066
-0.088587
-0.097985
-0.090363
-0.099438
-0.110814
-0.090881
-0.096621
-0.087016
-0.095884
-0.087548
-0.107309
-0.088722
-0.086568
-0.091085
-0.087774
-0.084423
-0.093763
-0.097955
-0.075638
-0.088623
-0.103945
-0.099812
-0.109139
-0.105900
-0.105318
-0.111623
-0.107188
-0.108623
-0.109543
-0.109819
-0.110540
-0.111407
-0.108922
-0.111016
-0.113538
-0.112608
-0.113322
-0.113755
-0.111302
-0.107595
-0.110333
-0.111845
-0.109961
-0.112067
-0.106861
-0.104847
-0.112886
-0.107988
-0.108687
-0.109211
-0.112477
-0.110859
-0.107188
-0.106750
-0.111139
-0.107090
-0.108822
-0.108548
-0.105716
-0.105287
-0.110574
-0.105632
-0.110227
-0.105742
-0.102173
-0.108045
-0.103200
0.482025
0.020169
-0.042667
-0.100422
-0.089602
-0.083211
-0.087278
-0.099063
-0.094934
-0.059663
-0.089923
-0.087926
-0.096229
-0.089097
-0.102560
-0.066145
-0.106770
-0.065109
-0.098082
-0.083289
-0.082620
-0.068104
-0.090811
-0.089635
-0.084262
-0.099964
-0.100518
-0.099350
-0.107918
-0.101590
-0.094214
-0.104139
-0.108750
-0.106663
-0.106516
-0.111448
-0.107046
-0.109667
-0.103438
-0.108310
-0.107018
-0.103990
-0.106408
-0.110424
-0.107566
-0.111998
-0.110760
-0.102951
-0.105098
-0.107969
-0.100965
-0.102284
-0.103058
-0.108300
-0.109170
-0.109384
-0.108536
-0.111384
-0.112484
-0.110424
-0.112124
-0.111493
-0.110390
-0.112873
-0.113353
-0.112283
-0.111578
-0.112016
-0.113181
-0.112527
-0.113027
-0.113573
-0.111802
-0.112721
-0.111290
-0.112799
-0.112149
-0.112025
-0.111297
-0.111188
-0.111402
-0.112310
-0.110665
-0.112356
-0.112631
-0.112530
-0.109975
-0.112144
-0.109073
-0.110243
-0.113216
-0.111808
-0.111759
-0.111111
-0.111208
-0.111921
-0.112512
-0.111601
-0.112519
-0.110811
2.530340
0.350225
0.078378
-0.100849
-0.068602
-0.067721
-0.048117
-0.108503
-0.105045
-0.096870
-0.110206
-0.072916
-0.098723
-0.086981
-0.089925
-0.090304
-0.101393
-0.084947
-0.086383
-0.068368
-0.076929
-0.098926
-0.085839
-0.093853
-0.086053
-0.089080
-0.072352
-0.083873
-0.109874
-0.106953
-0.093807
-0.101535
-0.095295
-0.098489
-0.108840
-0.092639
-0.098995
-0.111822
-0.098001
-0.099032
-0.103255
-0.105176
-0.110875
-0.105167
-0.104026
-0.099257
-0.106636
-0.103003
-0.103450
-0.101001
-0.107005
-0.099958
-0.102724
-0.102689
-0.106703
-0.108906
-0.109890
-0.107996
-0.112227
-0.110945
-0.111684
-0.112622
-0.111635
-0.112477
-0.111021
-0.111973
-0.111847
-0.110467
-0.112320
-0.111263
-0.110369
-0.111398
-0.108649
-0.108504
-0.111200
-0.110761
-0.108549
-0.109022
-0.110128
-0.111337
-0.108684
-0.111480
-0.109555
-0.111989
-0.109601
-0.110461
-0.108711
-0.110806
-0.109308
-0.111374
-0.107729
-0.110100
-0.113139
-0.110584
-0.109791
-0.110213
-0.109622
-0.106690
-0.110048
-0.107190
-0.011071
0.604518
-0.060688
-0.055872
-0.062764
-0.061209
-0.043665
-0.081871
-0.082950
-0.090382
-0.093160
-0.094817
-0.110885
-0.100475
-0.102927
-0.098584
-0.097133
-0.086822
-0.106536
-0.100871
-0.108287
-0.084308
-0.108939
-0.106511
-0.100406
-0.094999
-0.104907
-0.099597
-0.110004
-0.110247
-0.110588
-0.110473
-0.109904
-0.106065
-0.107847
-0.107573
-0.110055
-0.111507
-0.106825
-0.111240
-0.111247
-0.110789
-0.110203
-0.110796
-0.112051
-0.111780
-0.110088
-0.109523
-0.112632
-0.111200
-0.106949
-0.111045
-0.112670
-0.110626
-0.110645
-0.109503
-0.113310
-0.112757
-0.111371
-0.112667
-0.111923
-0.111574
-0.112181
-0.113153
-0.111425
-0.111067
-0.112501
-0.112757
-0.111667
-0.111004
-0.111259
-0.111861
-0.111782
-0.111856
-0.113136
-0.112305
-0.113814
-0.111882
-0.112824
-0.112182
-0.111891
-0.113122
-0.113169
-0.112704
-0.112814
-0.113116
-0.113074
-0.112572
-0.113260
-0.112986
-0.111934
-0.112908
-0.111601
-0.113189
-0.112177
-0.111846
-0.111615
-0.112394
-0.111629
-0.112643
-0.040567
1.592429
0.072598
0.024235
-0.054148
-0.010760
0.052541
-0.065263
-0.103491
-0.090217
-0.100494
-0.057687
-0.097924
-0.088076
-0.060615
-0.079424
-0.105388
-0.070902
-0.101629
-0.083751
-0.080300
-0.091615
-0.091745
-0.081049
-0.101451
-0.091902
-0.085722
-0.092262
-0.098103
-0.102633
-0.111131
-0.105680
-0.108277
-0.106986
-0.106205
-0.104516
-0.112486
-0.110546
-0.108123
-0.108600
-0.107308
-0.113876
-0.102891
-0.107163
-0.110427
-0.108571
-0.110582
-0.108629
-0.102065
-0.105868
-0.108321
-0.105327
-0.107494
-0.110999
-0.107542
-0.111376
-0.112729
-0.107917
-0.110273
-0.113730
-0.106403
-0.111178
-0.112350
-0.112987
-0.109641
-0.108010
-0.111038
-0.113209
-0.109772
-0.110547
-0.106483
-0.113132
-0.105992
-0.109306
-0.110151
-0.109999
-0.112194
-0.111327
-0.112677
-0.112552
-0.111032
-0.112141
-0.112826
-0.112240
-0.112160
-0.111672
-0.113340
-0.112495
-0.110257
-0.113571
-0.111982
-0.111366
-0.112765
-0.111430
-0.110445
-0.112847
-0.111483
-0.110508
-0.111845
-0.111550
0.145013
0.283004
-0.046802
-0.108591
-0.057722
-0.078018
-0.097414
-0.078475
-0.077048
-0.092949
-0.089485
-0.080068
-0.098205
-0.098139
-0.099728
-0.094052
-0.103181
-0.087171
-0.105919
-0.108767
-0.099769
-0.093886
-0.105537
-0.108337
-0.106332
-0.109652
-0.107348
-0.105732
-0.105635
-0.105527
-0.109098
-0.105129
-0.109780
-0.109255
-0.109620
-0.108379
-0.109424
-0.110041
-0.109771
-0.110722
-0.107981
-0.108507
-0.108364
-0.107470
-0.109132
-0.108871
-0.112926
-0.108069
-0.112131
-0.110758
-0.107284
-0.112909
-0.111126
-0.110441
-0.109641
-0.109854
-0.111186
-0.110387
-0.112721
-0.111173
-0.109756
-0.113387
-0.110746
-0.109735
-0.111859
-0.112651
-0.110711
-0.110761
-0.112503
-0.111544
-0.111325
-0.112376
-0.110734
-0.111592
-0.111956
-0.111639
-0.111081
-0.111739
-0.111614
-0.111387
-0.112055
-0.111053
-0.110959
-0.112256
-0.111129
-0.112355
-0.111154
-0.112226
-0.110856
-0.111299
-0.113098
-0.111027
-0.113461
-0.111892
-0.111311
-0.112899
-0.112340
-0.112742
-0.112223
-0.112094
-1.508400
0.188169
-0.877981
-1.870734
-0.113932
-0.113938
-0.215191
0.009580
0.176915
-0.443736
-0.113935
-0.113936
3.344144
0.022459
3.686727
3.134484
-0.113932
-0.113936
0.016423
0.197655
1.178785
-0.356016
-0.113929
-0.113924
-0.139200
0.644000
1.191909
-1.231906
-0.113934
-0.113939
0.222557
0.736741
1.497814
-1.078863
-0.113935
-0.113940
8.404293
0.698249
9.599175
7.122221
-0.113935
-0.113940
1.281583
0.064213
-0.007590
-0.091564
-0.078084
-0.107412
-0.101286
-0.109508
-0.112843
-0.113455
-0.111683
-0.109090
-0.110154
-0.112380
-0.113842
-0.109490
-0.104568
-0.106635
-0.107781
-0.108130
-0.106222
-0.110503
-0.113315
-0.113894
-0.112198
-0.112373
-0.113036
-0.113518
-0.113458
-0.113108
-0.112174
-0.112829
-0.110724
-0.112622
-0.109233
-0.109376
-0.112756
-0.111494
-0.110491
-0.112753
-0.111574
-0.113527
-0.112656
-0.113331
-0.113853
-0.113624
-0.113730
-0.113155
-0.113439
-0.113477
-0.113676
-0.113356
-0.112690
-0.112639
-0.113051
-0.113034
-0.112663
-0.113056
-0.113851
-0.113794
-0.113545
-0.113609
-0.113804
-0.113708
-0.113811
-0.113695
-0.113640
-0.113610
-0.113279
-0.113642
-0.112971
-0.112639
-0.113476
-0.113475
-0.113329
-0.113599
-0.113378
-0.113885
-0.113498
-0.113654
-0.113873
-0.113697
-0.113891
-0.113625
-0.113801
-0.113670
-0.113658
-0.113804
-0.113601
-0.113456
-0.113890
-0.113568
-0.113541
-0.113166
-0.113658
-0.113768
-0.113617
-0.113715
-0.113875
-0.113745
-0.014486
-0.062494
-0.073704
-0.072582
-0.100106
-0.111510
-0.091646
-0.100748
-0.103138
-0.102714
-0.104671
-0.109787
-0.107523
-0.109207
-0.108184
-0.110216
-0.108858
-0.107923
-0.108961
-0.107025
-0.109299
-0.108503
-0.108413
-0.107676
-0.108762
-0.108587
-0.110691
-0.110671
-0.110752
-0.111021
-0.111780
-0.109157
-0.109707
-0.109174
-0.109126
-0.110397
-0.109511
-0.110025
-0.110505
-0.111295
-0.110640
-0.110265
-0.112188
-0.111432
-0.111556
-0.111795
-0.111667
-0.111321
-0.111603
-0.111439
-0.111719
-0.111432
-0.111775
-0.111711
-0.111888
-0.112193
-0.111955
-0.112092
-0.112318
-0.112531
-0.112334
-0.112321
-0.111971
-0.112118
-0.111985
-0.112055
-0.111916
-0.112329
-0.112420
-0.112626
-0.112648
-0.112206
-0.112558
-0.112550
-0.112145
-0.111956
-0.112295
-0.112392
-0.112095
-0.112323
-0.112258
-0.112205
-0.112258
-0.112327
-0.112245
-0.112229
-0.112292
-0.112308
-0.112245
-0.112348
-0.112307
-0.112030
-0.112150
-0.112255
-0.112019
-0.111921
-0.112102
-0.112177
-0.112373
-0.112258
3.344006
-0.057467
-0.077975
-0.050655
-0.094053
-0.105276
-0.109557
-0.112005
-0.109886
-0.111742
-0.111289
-0.111817
-0.112119
-0.111428
-0.113796
-0.111113
-0.107112
-0.111263
-0.110957
-0.109818
-0.106338
-0.112787
-0.110692
-0.112948
-0.112046
-0.112498
-0.112718
-0.112327
-0.113029
-0.112133
-0.112771
-0.111763
-0.111119
-0.111158
-0.111312
-0.112562
-0.112370
-0.113051
-0.112794
-0.111863
-0.111716
-0.112843
-0.112669
-0.113150
-0.113188
-0.113185
-0.113220
-0.113150
-0.113140
-0.113225
-0.113190
-0.113111
-0.112155
-0.112749
-0.113124
-0.113607
-0.112887
-0.112919
-0.113737
-0.113208
-0.113496
-0.113323
-0.113381
-0.113423
-0.113383
-0.113522
-0.113244
-0.113435
-0.113729
-0.112676
-0.113607
-0.112993
-0.113557
-0.113434
-0.113374
-0.113030
-0.113249
-0.113468
-0.113677
-0.113512
-0.113515
-0.113492
-0.113519
-0.113551
-0.113539
-0.113489
-0.113449
-0.113608
-0.113670
-0.113721
-0.113596
-0.113546
-0.113290
-0.113835
-0.113220
-0.113764
-0.113439
-0.113519
-0.113643
-0.113531
0.021385
-0.062269
0.050728
-0.074759
-0.033786
-0.057795
-0.074346
-0.077123
-0.082499
-0.086419
-0.089826
-0.092986
-0.094094
-0.096586
-0.097490
-0.098624
-0.099667
-0.100248
-0.101477
-0.101689
-0.102522
-0.102929
-0.103354
-0.104094
-0.104362
-0.105083
-0.105243
-0.105990
-0.106384
-0.106176
-0.106831
-0.106255
-0.107285
-0.104247
-0.101454
-0.103189
-0.102877
-0.104424
-0.104886
-0.105627
-0.108742
-0.108759
-0.107879
-0.108698
-0.108313
-0.108562
-0.108513
-0.108388
-0.108732
-0.108454
-0.108776
-0.108731
-0.108764
-0.109027
-0.108762
-0.109098
-0.109174
-0.109295
-0.109423
-0.109316
-0.109274
-0.109318
-0.109372
-0.109256
-0.109362
-0.109458
-0.109335
-0.109712
-0.109288
-0.110194
-0.110751
-0.110525
-0.110656
-0.110182
-0.109388
-0.110337
-0.109455
-0.109669
-0.109990
-0.109714
-0.110013
-0.109888
-0.109992
-0.110106
-0.109968
-0.110227
-0.110028
-0.110194
-0.110288
-0.109922
-0.110302
-0.110032
-0.109796
-0.109829
-0.109647
-0.109937
-0.110276
-0.110069
-0.110255
-0.110271
-0.091090
0.369209
0.080567
0.000684
-0.086915
-0.105989
-0.093522
-0.105003
-0.106264
-0.106869
-0.107970
-0.107498
-0.109174
-0.108682
-0.109462
-0.109725
-0.109620
-0.110474
-0.109792
-0.110867
-0.110472
-0.110625
-0.111137
-0.110591
-0.111573
-0.110836
-0.111504
-0.111262
-0.110818
-0.112135
-0.111995
-0.110511
-0.111794
-0.109266
-0.108962
-0.105888
-0.111259
-0.107078
-0.107396
-0.110950
-0.112885
-0.111568
-0.113512
-0.112135
-0.112970
-0.112605
-0.112637
-0.113027
-0.112518
-0.113117
-0.112666
-0.112888
-0.112950
-0.112748
-0.113336
-0.112599
-0.112994
-0.113173
-0.113003
-0.112869
-0.113022
-0.113239
-0.112948
-0.113231
-0.113110
-0.112988
-0.113271
-0.113388
-0.113432
-0.111626
-0.112139
-0.111936
-0.113133
-0.111465
-0.111850
-0.112159
-0.112733
-0.113308
-0.112654
-0.113412
-0.113011
-0.113189
-0.113273
-0.113035
-0.113464
-0.113027
-0.113331
-0.113259
-0.113135
-0.113491
-0.112555
-0.113723
-0.113417
-0.112758
-0.113508
-0.113501
-0.113093
-0.113212
-0.113318
-0.113262
0.217597
0.477215
-0.017377
-0.062644
-0.094225
-0.108518
-0.103104
-0.108244
-0.107882
-0.109253
-0.109454
-0.109300
-0.110657
-0.109989
-0.110950
-0.110751
-0.110924
-0.111592
-0.110958
-0.111964
-0.111352
-0.111707
-0.111804
-0.111662
-0.112348
-0.111585
-0.112417
-0.111730
-0.111946
-0.112379
-0.111271
-0.112743
-0.112030
-0.112984
-0.112405
-0.102808
-0.112186
-0.104762
-0.109957
-0.111994
-0.112774
-0.112426
-0.113585
-0.112716
-0.113210
-0.113024
-0.112954
-0.113385
-0.112873
-0.113424
-0.112988
-0.113196
-0.113257
-0.112963
-0.113527
-0.112821
-0.113303
-0.113561
-0.113392
-0.113162
-0.113255
-0.113422
-0.113201
-0.113494
-0.113305
-0.113287
-0.113703
-0.113100
-0.113670
-0.112823
-0.113098
-0.111532
-0.113269
-0.111154
-0.112773
-0.112665
-0.112955
-0.113470
-0.112957
-0.113530
-0.113123
-0.113350
-0.113340
-0.113182
-0.113550
-0.113150
-0.113522
-0.113266
-0.113195
-0.113692
-0.112888
-0.113596
-0.113431
-0.112501
-0.113238
-0.113662
-0.113109
-0.113434
-0.113261
-0.113207
