-2.467725
1.015139
0.708153
-4.881466
-0.114495
-0.114496
0.138619
0.327319
1.583774
-0.837385
-0.114494
-0.114494
2.820027
1.214276
5.145480
-0.166110
-0.114497
-0.114499
-0.062264
1.156848
1.702946
-2.240349
-0.114496
-0.114501
-0.034980
2.720155
4.106806
-4.927796
-0.114496
-0.114501
-0.034091
0.863647
1.476540
-1.977689
-0.114497
-0.114500
13.623617
-0.113239
13.625132
13.621436
-0.114497
-0.114500
9.401412
2.423787
12.818887
4.874632
-0.114497
-0.114501
2.236220
0.327688
0.002618
-0.042839
0.002271
-0.038863
-0.099177
-0.006460
-0.010125
0.018913
-0.003380
-0.049842
-0.014255
-0.038696
-0.030671
-0.075680
-0.008865
0.027510
0.002264
0.005699
-0.039961
-0.037705
0.110280
0.146461
0.063085
-0.027703
-0.050483
-0.089024
-0.062767
-0.086995
-0.026463
-0.013335
0.054936
-0.076240
-0.025844
-0.046066
-0.020024
-0.098755
-0.059791
-0.096960
-0.097441
-0.109230
-0.098834
-0.102834
-0.108219
-0.103316
-0.101176
-0.094841
-0.101715
-0.099541
-0.109544
-0.105953
-0.104892
-0.110070
-0.110680
-0.105230
-0.106701
-0.112045
-0.109438
-0.104735
-0.107710
-0.111500
-0.110538
-0.102793
-0.109208
-0.111678
-0.109053
-0.109046
-0.106045
-0.109695
-0.107123
-0.111743
-0.100324
-0.093480
-0.108266
-0.100627
-0.110769
-0.082501
-0.105562
-0.099769
-0.099754
-0.103244
-0.093318
-0.093288
-0.112550
-0.109778
-0.094002
-0.086671
-0.100696
-0.097802
-0.099263
-0.105313
-0.101447
-0.110759
-0.104132
-0.110699
-0.104054
-0.103578
-0.106226
-0.106032
0.142657
-0.032848
0.006512
-0.085764
-0.043397
-0.057266
-0.081553
-0.092275
-0.042813
-0.069818
-0.076058
-0.081113
-0.022223
-0.074786
-0.078874
-0.097328
-0.071003
-0.076181
-0.078119
-0.068701
-0.096143
-0.065939
-0.003831
-0.016923
-0.102759
-0.100272
-0.076834
-0.091269
-0.088790
-0.084220
-0.091495
-0.101818
-0.062459
-0.079977
-0.085689
-0.075752
-0.081287
-0.106094
-0.101577
-0.105627
-0.103093
-0.106235
-0.106922
-0.105682
-0.103449
-0.110456
-0.105313
-0.108114
-0.109446
-0.106281
-0.110606
-0.108900
-0.111311
-0.113562
-0.112017
-0.110591
-0.113284
-0.111482
-0.111686
-0.112632
-0.113591
-0.109844
-0.110332
-0.112442
-0.107600
-0.111103
-0.112762
-0.106848
-0.109339
-0.111811
-0.111497
-0.110805
-0.111429
-0.109025
-0.113187
-0.108462
-0.107560
-0.103807
-0.108633
-0.108385
-0.109285
-0.106453
-0.112684
-0.112111
-0.108920
-0.110257
-0.113272
-0.110749
-0.107873
-0.107039
-0.107949
-0.111410
-0.111676
-0.113055
-0.111827
-0.112371
-0.112836
-0.113399
-0.113369
-0.111211
2.813035
0.666118
0.172749
-0.072731
-0.052875
-0.106080
-0.051398
-0.034848
-0.107339
-0.032887
-0.029382
-0.043765
-0.079263
-0.072111
-0.075156
-0.098782
-0.058340
-0.020111
-0.075553
-0.031150
-0.071409
-0.089257
0.062010
0.032208
0.037797
-0.038974
-0.062392
-0.084165
-0.088317
-0.092286
-0.043048
-0.032587
0.002305
-0.094080
-0.055112
-0.068067
-0.044185
-0.107025
-0.086647
-0.100685
-0.103369
-0.103965
-0.103598
-0.106982
-0.109459
-0.107397
-0.111936
-0.104453
-0.107912
-0.107863
-0.108891
-0.108261
-0.109321
-0.110085
-0.110189
-0.109255
-0.106408
-0.111278
-0.108850
-0.106209
-0.111949
-0.111432
-0.112427
-0.108089
-0.113012
-0.112072
-0.110794
-0.107348
-0.109836
-0.111761
-0.110779
-0.111988
-0.104693
-0.105619
-0.109462
-0.106448
-0.109192
-0.092036
-0.112541
-0.102016
-0.101679
-0.111020
-0.099904
-0.100016
-0.113937
-0.109911
-0.099656
-0.094349
-0.109746
-0.100644
-0.103788
-0.106843
-0.106337
-0.111216
-0.108591
-0.111332
-0.109415
-0.108350
-0.109697
-0.110844
-0.068482
0.770703
-0.090949
-0.066198
-0.014283
-0.089346
-0.093592
-0.084974
-0.099405
-0.081847
-0.097431
-0.100413
-0.093488
-0.105153
-0.094340
-0.106016
-0.103603
-0.094837
-0.105009
-0.098230
-0.099207
-0.106325
-0.080700
-0.080690
-0.084283
-0.102365
-0.105880
-0.108635
-0.095867
-0.107682
-0.092527
-0.100996
-0.103969
-0.109204
-0.098484
-0.102494
-0.103527
-0.109822
-0.106984
-0.114004
-0.111007
-0.110612
-0.112425
-0.111258
-0.112090
-0.112693
-0.112562
-0.111305
-0.111449
-0.110182
-0.111647
-0.112079
-0.111764
-0.111244
-0.108882
-0.111752
-0.111443
-0.112600
-0.112404
-0.111885
-0.113893
-0.112816
-0.113711
-0.113970
-0.112464
-0.112893
-0.113182
-0.113125
-0.113967
-0.112846
-0.113937
-0.113273
-0.113621
-0.112917
-0.113483
-0.113231
-0.113531
-0.112047
-0.113543
-0.113711
-0.111560
-0.112190
-0.112725
-0.111355
-0.114100
-0.113046
-0.112657
-0.112279
-0.112209
-0.111138
-0.113102
-0.113172
-0.113961
-0.114076
-0.114172
-0.113533
-0.113271
-0.114293
-0.113462
-0.113699
-0.044327
1.836656
-0.015268
0.107957
0.141255
-0.083973
-0.053871
-0.044024
-0.066006
-0.032851
-0.045183
-0.050254
-0.076476
-0.093534
-0.067967
-0.102275
-0.084294
-0.082244
-0.088776
-0.027462
-0.088609
-0.054565
-0.021363
-0.028081
-0.081023
-0.091840
-0.087455
-0.097244
-0.100440
-0.110097
-0.090373
-0.090685
-0.082459
-0.080462
-0.065064
-0.098507
-0.080909
-0.097070
-0.106582
-0.104450
-0.107914
-0.109214
-0.112874
-0.111682
-0.109939
-0.108687
-0.111835
-0.106063
-0.106081
-0.107360
-0.109208
-0.110211
-0.106388
-0.105806
-0.101275
-0.108790
-0.109266
-0.109018
-0.108493
-0.109020
-0.110501
-0.111123
-0.110264
-0.113039
-0.108778
-0.111104
-0.113041
-0.110290
-0.113258
-0.113740
-0.111948
-0.113243
-0.113295
-0.113177
-0.110147
-0.109811
-0.112477
-0.103391
-0.107255
-0.113056
-0.109980
-0.108676
-0.112981
-0.113443
-0.113765
-0.111695
-0.112126
-0.114055
-0.109382
-0.109227
-0.111845
-0.110278
-0.109694
-0.112057
-0.110890
-0.111815
-0.113430
-0.113497
-0.112623
-0.112556
-0.039111
0.558568
-0.006098
-0.049480
-0.072538
-0.097744
-0.102589
-0.108816
-0.096346
-0.094233
-0.104270
-0.109338
-0.101383
-0.103300
-0.105650
-0.099424
-0.108590
-0.086184
-0.099343
-0.103808
-0.104648
-0.102553
-0.085142
-0.076949
-0.102712
-0.103275
-0.094470
-0.111441
-0.106589
-0.105965
-0.099883
-0.108689
-0.100369
-0.099082
-0.103640
-0.101097
-0.109135
-0.112610
-0.106729
-0.111936
-0.110472
-0.110639
-0.111904
-0.111638
-0.113005
-0.113041
-0.112409
-0.112676
-0.113409
-0.113185
-0.112000
-0.112314
-0.113606
-0.111139
-0.110514
-0.112878
-0.110868
-0.114182
-0.111944
-0.112724
-0.113880
-0.113072
-0.113629
-0.113962
-0.112960
-0.114309
-0.113998
-0.113797
-0.114145
-0.113763
-0.113430
-0.113628
-0.113113
-0.111546
-0.113865
-0.113595
-0.113076
-0.112787
-0.111510
-0.113385
-0.113165
-0.111142
-0.113597
-0.113535
-0.113267
-0.112562
-0.114088
-0.114383
-0.111611
-0.112312
-0.113144
-0.113356
-0.114312
-0.114176
-0.113750
-0.113708
-0.112942
-0.113940
-0.113929
-0.113923
-1.751562
0.112951
-1.284209
-2.179561
-0.114495
-0.114498
0.053366
0.041127
0.384839
-0.151153
-0.114494
-0.114498
3.139196
0.036341
3.478004
2.833840
-0.114494
-0.114495
-0.143578
0.230371
0.426177
-0.795194
-0.114497
-0.114499
-0.112136
0.333095
0.773849
-0.664540
-0.114493
-0.114499
-0.137040
0.734937
1.338751
-1.405106
-0.114495
-0.114500
8.633657
0.260566
9.261671
8.078641
-0.114495
-0.114500
1.523157
-0.046196
0.011437
-0.068968
-0.082532
-0.099307
-0.099716
-0.107880
-0.105754
-0.099061
-0.104212
-0.106605
-0.104396
-0.101726
-0.106851
-0.101492
-0.101446
-0.105393
-0.112155
-0.102773
-0.114106
-0.113011
-0.113426
-0.109945
-0.111123
-0.111880
-0.109707
-0.108851
-0.111097
-0.109623
-0.109588
-0.111901
-0.111433
-0.111988
-0.113199
-0.112270
-0.112647
-0.110541
-0.113483
-0.111186
-0.112362
-0.112128
-0.113484
-0.114340
-0.111948
-0.113869
-0.112850
-0.113748
-0.112464
-0.112956
-0.113161
-0.113331
-0.112727
-0.112872
-0.112662
-0.114256
-0.113854
-0.114168
-0.112722
-0.113458
-0.113114
-0.113457
-0.113464
-0.113721
-0.113363
-0.114098
-0.113276
-0.114053
-0.113472
-0.113010
-0.112918
-0.113386
-0.113577
-0.113437
-0.113739
-0.113176
-0.113841
-0.113696
-0.113598
-0.113642
-0.113694
-0.113751
-0.113672
-0.113172
-0.113372
-0.113224
-0.113488
-0.113821
-0.113743
-0.113837
-0.113630
-0.113553
-0.113721
-0.113468
-0.113794
-0.113499
-0.113620
-0.114030
-0.113513
-0.113680
0.053056
-0.037254
-0.041932
-0.096626
-0.109456
-0.102813
-0.106522
-0.112710
-0.110982
-0.111923
-0.113694
-0.109652
-0.105730
-0.111652
-0.109886
-0.111455
-0.108286
-0.110596
-0.113581
-0.113362
-0.112704
-0.114089
-0.112949
-0.112052
-0.113319
-0.112585
-0.110695
-0.112150
-0.114476
-0.112781
-0.111020
-0.113708
-0.114085
-0.113587
-0.113463
-0.114184
-0.114009
-0.114208
-0.114342
-0.113745
-0.113280
-0.114226
-0.113803
-0.113938
-0.113560
-0.113595
-0.114249
-0.114308
-0.114020
-0.114396
-0.114182
-0.113943
-0.114157
-0.114106
-0.113702
-0.113893
-0.114470
-0.114065
-0.113609
-0.114372
-0.114310
-0.114238
-0.114136
-0.114393
-0.114282
-0.114445
-0.114435
-0.114199
-0.114174
-0.114481
-0.114279
-0.114305
-0.114289
-0.114118
-0.114375
-0.114463
-0.114259
-0.114492
-0.114375
-0.114267
-0.114330
-0.114382
-0.114114
-0.114204
-0.114442
-0.114266
-0.114077
-0.114338
-0.114370
-0.114281
-0.114182
-0.114466
-0.114360
-0.114393
-0.114481
-0.114350
-0.114291
-0.114483
-0.114375
-0.114294
3.138761
-0.066871
-0.045392
-0.069730
-0.070536
-0.113411
-0.103165
-0.112211
-0.110843
-0.109529
-0.112428
-0.108107
-0.113305
-0.114103
-0.113387
-0.112687
-0.112747
-0.110258
-0.112963
-0.113102
-0.113878
-0.113963
-0.112387
-0.112715
-0.108878
-0.111859
-0.110616
-0.112821
-0.113473
-0.112522
-0.111661
-0.112035
-0.112128
-0.113077
-0.113723
-0.113640
-0.113778
-0.113522
-0.113678
-0.113118
-0.113874
-0.114052
-0.114152
-0.114212
-0.114158
-0.114046
-0.113571
-0.113927
-0.113963
-0.113930
-0.113722
-0.113968
-0.113297
-0.113772
-0.113404
-0.114409
-0.114393
-0.114301
-0.113579
-0.113544
-0.113789
-0.114234
-0.114402
-0.114385
-0.114432
-0.114417
-0.114157
-0.114456
-0.114231
-0.114262
-0.114256
-0.114238
-0.114327
-0.114249
-0.114215
-0.114289
-0.114259
-0.114232
-0.114286
-0.113990
-0.114147
-0.114431
-0.114062
-0.114246
-0.114149
-0.114043
-0.114041
-0.114393
-0.114336
-0.114085
-0.114084
-0.114068
-0.114189
-0.114371
-0.114276
-0.114242
-0.114336
-0.114309
-0.114194
-0.114311
-0.085193
0.082272
-0.006186
-0.039213
-0.075779
-0.090552
-0.102996
-0.104671
-0.105475
-0.107763
-0.107227
-0.108276
-0.108698
-0.109310
-0.109729
-0.110151
-0.110363
-0.110522
-0.110954
-0.110404
-0.110978
-0.111312
-0.111295
-0.110917
-0.110471
-0.106017
-0.110826
-0.107911
-0.110652
-0.108787
-0.111902
-0.108874
-0.113363
-0.113369
-0.112486
-0.112767
-0.112869
-0.112705
-0.112970
-0.112946
-0.112947
-0.112973
-0.112998
-0.113006
-0.113042
-0.113110
-0.113078
-0.113230
-0.113183
-0.113143
-0.113177
-0.113230
-0.113484
-0.113934
-0.111519
-0.112826
-0.113645
-0.113514
-0.111895
-0.112855
-0.112687
-0.113210
-0.113534
-0.113330
-0.113352
-0.113398
-0.113324
-0.113378
-0.113400
-0.113398
-0.113418
-0.113430
-0.113426
-0.113429
-0.113462
-0.113414
-0.113458
-0.113497
-0.113429
-0.113385
-0.113426
-0.113371
-0.114196
-0.113512
-0.113323
-0.113446
-0.113937
-0.113608
-0.113773
-0.113515
-0.113059
-0.113519
-0.113504
-0.113566
-0.113596
-0.113535
-0.113544
-0.113572
-0.113545
-0.113556
-0.114280
0.144904
0.046728
-0.048992
-0.072001
-0.107353
-0.100828
-0.108237
-0.109124
-0.109698
-0.110762
-0.111007
-0.111058
-0.111513
-0.112039
-0.111948
-0.112008
-0.112576
-0.112702
-0.112525
-0.112910
-0.113657
-0.114399
-0.112089
-0.111127
-0.109797
-0.105980
-0.107351
-0.112041
-0.108570
-0.106998
-0.112179
-0.113507
-0.112265
-0.112939
-0.112764
-0.113132
-0.113119
-0.112988
-0.113167
-0.113311
-0.113189
-0.113172
-0.113352
-0.113355
-0.113219
-0.113303
-0.113442
-0.113297
-0.113166
-0.113175
-0.113784
-0.112860
-0.112869
-0.112398
-0.113112
-0.113613
-0.112894
-0.112167
-0.113132
-0.113278
-0.113952
-0.113846
-0.113838
-0.113724
-0.113740
-0.113807
-0.113725
-0.113728
-0.113804
-0.113783
-0.113733
-0.113781
-0.113830
-0.113768
-0.113761
-0.113846
-0.113840
-0.113794
-0.113580
-0.113887
-0.113798
-0.113276
-0.113628
-0.113782
-0.113577
-0.113069
-0.113761
-0.113869
-0.113559
-0.113597
-0.113733
-0.113754
-0.113889
-0.113799
-0.113812
-0.113784
-0.113789
-0.113813
-0.113800
-0.094292
0.448493
0.084862
-0.079336
-0.085456
-0.113253
-0.109548
-0.113050
-0.113354
-0.112218
-0.113991
-0.113626
-0.113282
-0.113498
-0.114055
-0.113553
-0.113323
-0.113807
-0.113756
-0.113484
-0.113435
-0.114231
-0.114089
-0.112041
-0.112852
-0.109611
-0.101520
-0.100773
-0.111603
-0.101834
-0.106345
-0.113253
-0.111248
-0.113489
-0.113676
-0.114325
-0.114069
-0.113906
-0.114320
-0.114260
-0.114091
-0.114190
-0.114446
-0.114209
-0.114132
-0.114300
-0.114329
-0.114150
-0.114179
-0.114445
-0.114254
-0.113720
-0.113994
-0.113320
-0.111426
-0.111952
-0.113293
-0.112004
-0.112142
-0.114096
-0.113504
-0.113787
-0.114250
-0.114384
-0.114291
-0.114239
-0.114404
-0.114338
-0.114268
-0.114337
-0.114422
-0.114321
-0.114301
-0.114397
-0.114378
-0.114292
-0.114339
-0.114441
-0.114321
-0.114118
-0.114180
-0.113993
-0.113234
-0.113556
-0.114000
-0.113769
-0.112859
-0.114252
-0.114314
-0.113802
-0.114093
-0.114321
-0.114383
-0.114427
-0.114451
-0.114441
-0.114468
-0.114470
-0.114450
-0.114466
