-2.530923
1.238165
1.256952
-7.229121
-0.113900
-0.113895
0.271801
0.446303
1.682190
-1.085603
-0.113898
-0.113899
2.556028
0.959426
5.719348
0.185036
-0.113898
-0.113900
-0.094006
1.164303
1.958564
-2.338632
-0.113899
-0.113903
-0.086855
2.520375
3.995378
-4.696613
-0.113899
-0.113903
-0.415621
0.460993
0.928178
-1.638496
-0.113898
-0.113901
13.468294
-0.112988
13.470248
13.466949
-0.113897
-0.113903
8.842464
2.444224
12.914513
4.268030
-0.113899
-0.113903
2.297621
0.313204
-0.029597
-0.095877
-0.036642
-0.071626
-0.052410
0.035319
-0.042965
-0.030280
0.104984
-0.029572
-0.062484
0.024436
0.047956
-0.039407
-0.074709
-0.019538
0.113592
-0.003182
-0.069761
0.257188
0.161482
0.088160
0.148909
0.050788
-0.053688
-0.015386
-0.026234
-0.100597
-0.005853
-0.060072
-0.005180
-0.067883
-0.034488
-0.026581
-0.065156
-0.015768
0.027836
-0.024225
-0.023755
-0.012172
-0.077723
-0.076597
-0.081139
-0.080005
-0.080537
-0.092221
-0.077739
-0.092762
-0.104067
-0.107029
-0.101426
-0.108896
-0.099065
-0.099360
-0.106020
-0.103577
-0.104265
-0.103289
-0.104796
-0.100847
-0.103321
-0.112876
-0.104279
-0.105835
-0.102884
-0.105925
-0.104633
-0.099640
-0.105638
-0.102162
-0.099991
-0.102302
-0.107526
-0.103839
-0.097301
-0.112418
-0.099397
-0.105787
-0.088687
-0.096860
-0.111600
-0.076051
-0.089627
-0.095864
-0.096899
-0.098631
-0.100198
-0.098627
-0.102306
-0.103658
-0.093671
-0.111191
-0.095385
-0.090451
-0.096979
-0.093461
-0.098872
-0.090953
0.271886
-0.011022
-0.035676
-0.073514
-0.064381
-0.039276
-0.074171
-0.073552
-0.079316
-0.057992
0.059155
-0.009638
0.000936
0.010503
-0.081251
-0.050205
-0.083997
-0.089347
-0.039595
-0.067101
-0.059947
-0.055141
-0.062922
-0.057686
-0.095539
-0.055599
-0.087258
-0.043359
-0.092015
-0.074235
-0.079592
-0.094785
-0.071318
-0.070683
-0.086573
-0.063306
-0.096383
-0.089121
-0.102528
-0.088649
-0.099274
-0.088324
-0.093704
-0.099607
-0.098541
-0.111403
-0.105671
-0.097139
-0.106710
-0.092966
-0.098545
-0.101578
-0.100675
-0.111838
-0.106111
-0.111046
-0.110640
-0.112614
-0.109250
-0.108401
-0.110556
-0.110532
-0.112515
-0.111639
-0.111887
-0.111369
-0.110618
-0.108871
-0.110050
-0.109977
-0.108972
-0.109297
-0.103238
-0.108827
-0.107952
-0.107944
-0.111761
-0.110113
-0.110838
-0.111192
-0.106286
-0.111641
-0.110185
-0.109213
-0.104689
-0.106687
-0.111591
-0.105649
-0.110689
-0.105795
-0.111995
-0.112181
-0.104780
-0.108239
-0.107739
-0.110354
-0.105801
-0.112621
-0.111418
-0.107994
2.553454
0.477045
0.086148
-0.067735
-0.044645
-0.057573
-0.099552
-0.049546
-0.051980
-0.082303
-0.038825
-0.085070
-0.059223
-0.041606
-0.041868
-0.064330
-0.086250
-0.048097
-0.041347
-0.053884
-0.105306
0.029409
0.035215
-0.018373
-0.006899
-0.008579
-0.094567
-0.032005
-0.051719
-0.075469
-0.030327
-0.091906
-0.032820
-0.059475
-0.059644
-0.046872
-0.091678
-0.057433
-0.057141
-0.075933
-0.063207
-0.077415
-0.095206
-0.098104
-0.104620
-0.098755
-0.088281
-0.101611
-0.099013
-0.104336
-0.104942
-0.111290
-0.106291
-0.110645
-0.103967
-0.109999
-0.106360
-0.107535
-0.107207
-0.109079
-0.112473
-0.105751
-0.108177
-0.112546
-0.108512
-0.107769
-0.108562
-0.110468
-0.109001
-0.109711
-0.106516
-0.111293
-0.105823
-0.108233
-0.108979
-0.108344
-0.106581
-0.110434
-0.110465
-0.106142
-0.100825
-0.104223
-0.108921
-0.098811
-0.096547
-0.105181
-0.103441
-0.103639
-0.110409
-0.108090
-0.109840
-0.111812
-0.095724
-0.109950
-0.097274
-0.102679
-0.100407
-0.103550
-0.105779
-0.103736
-0.097267
0.757993
-0.000256
-0.016744
-0.063017
-0.073238
-0.081861
-0.077375
-0.083388
-0.059929
-0.068546
-0.092443
-0.053193
-0.053658
-0.091871
-0.081156
-0.074081
-0.097183
-0.093073
-0.104455
-0.082053
-0.104548
-0.092686
-0.078946
-0.075667
-0.094224
-0.106868
-0.092694
-0.109537
-0.101345
-0.107193
-0.100758
-0.109887
-0.099872
-0.108487
-0.104396
-0.111892
-0.104562
-0.095004
-0.101344
-0.106422
-0.110713
-0.104578
-0.108434
-0.106797
-0.110407
-0.106490
-0.108652
-0.111346
-0.108634
-0.107225
-0.111990
-0.108741
-0.111519
-0.110636
-0.110635
-0.111160
-0.113003
-0.112945
-0.111445
-0.111792
-0.109309
-0.112577
-0.108585
-0.111583
-0.111955
-0.110987
-0.112146
-0.112605
-0.113280
-0.111797
-0.110630
-0.111095
-0.112029
-0.110830
-0.110428
-0.113050
-0.112518
-0.111586
-0.112272
-0.113095
-0.113611
-0.111936
-0.111544
-0.111788
-0.110974
-0.110396
-0.111454
-0.111420
-0.111439
-0.113315
-0.113280
-0.113585
-0.112151
-0.112732
-0.111758
-0.112113
-0.112827
-0.112667
-0.112727
-0.096338
1.695935
0.060105
0.022340
-0.068623
0.004181
0.003829
0.023305
-0.025934
-0.095302
-0.023204
-0.060678
-0.037938
-0.049686
-0.042096
-0.079562
-0.075685
-0.073306
-0.085129
-0.104518
-0.101258
-0.019627
-0.015667
-0.053493
-0.038630
-0.078177
-0.099963
-0.065278
-0.094961
-0.067038
-0.073771
-0.088447
-0.078956
-0.063212
-0.090667
-0.089630
-0.104154
-0.085257
-0.075753
-0.086668
-0.080105
-0.092383
-0.105536
-0.100099
-0.108423
-0.105965
-0.101967
-0.108058
-0.100131
-0.109060
-0.102972
-0.105543
-0.104276
-0.111075
-0.108354
-0.106066
-0.106505
-0.107708
-0.112490
-0.111672
-0.113539
-0.106433
-0.111196
-0.102387
-0.110893
-0.109847
-0.111641
-0.110238
-0.110111
-0.106383
-0.110373
-0.111728
-0.111349
-0.112274
-0.109798
-0.110452
-0.109500
-0.111789
-0.112081
-0.111887
-0.109430
-0.112905
-0.110705
-0.105393
-0.106191
-0.110677
-0.107875
-0.110652
-0.108405
-0.107657
-0.113230
-0.111348
-0.110211
-0.110011
-0.110076
-0.107077
-0.109499
-0.112119
-0.110664
-0.111699
0.188373
0.216432
-0.034614
-0.022136
-0.082450
-0.030254
-0.092753
-0.049711
-0.082782
-0.103102
-0.065566
-0.103614
-0.039492
-0.067187
-0.053306
-0.082319
-0.088344
-0.104216
-0.099953
-0.088901
-0.092357
-0.071968
-0.073959
-0.078849
-0.092904
-0.110414
-0.094951
-0.091430
-0.099234
-0.091984
-0.094272
-0.108425
-0.096455
-0.093049
-0.099052
-0.104249
-0.100209
-0.107325
-0.101660
-0.101124
-0.098616
-0.103237
-0.107274
-0.100023
-0.108265
-0.107453
-0.105873
-0.110213
-0.102787
-0.110196
-0.101537
-0.111974
-0.107216
-0.110909
-0.110300
-0.106465
-0.109854
-0.108995
-0.109804
-0.111003
-0.109237
-0.109535
-0.111290
-0.112347
-0.110979
-0.108542
-0.110233
-0.109271
-0.110259
-0.109671
-0.109483
-0.110537
-0.109812
-0.111177
-0.109370
-0.111028
-0.107927
-0.111154
-0.111364
-0.111632
-0.111109
-0.110633
-0.112264
-0.106698
-0.109250
-0.108612
-0.110515
-0.111730
-0.108493
-0.109989
-0.109825
-0.110646
-0.109275
-0.110245
-0.111099
-0.108869
-0.109758
-0.110703
-0.109518
-0.110711
-1.571252
0.093768
-1.240093
-1.948836
-0.113898
-0.113902
-0.253535
0.206957
0.421336
-0.786271
-0.113897
-0.113902
3.156643
0.093570
3.728804
2.806567
-0.113897
-0.113899
-0.327131
0.296724
0.965068
-0.850288
-0.113895
-0.113896
-0.137059
0.391633
0.648224
-1.208679
-0.113900
-0.113900
-0.159119
0.526139
0.809333
-1.287712
-0.113899
-0.113902
8.278850
0.661736
9.963914
7.455543
-0.113895
-0.113900
1.343395
0.002053
-0.044546
-0.070788
-0.099772
-0.105038
-0.102124
-0.107999
-0.110563
-0.106416
-0.102366
-0.109150
-0.098584
-0.108033
-0.107650
-0.108754
-0.109768
-0.103472
-0.109190
-0.108195
-0.108791
-0.109717
-0.112396
-0.110875
-0.113013
-0.113234
-0.111075
-0.111594
-0.111373
-0.112994
-0.109141
-0.113245
-0.112824
-0.109431
-0.112685
-0.113123
-0.112937
-0.112698
-0.113133
-0.113428
-0.112908
-0.113203
-0.112213
-0.112694
-0.112485
-0.112962
-0.112127
-0.112871
-0.112701
-0.113181
-0.113405
-0.112122
-0.113762
-0.112977
-0.113121
-0.113769
-0.113634
-0.113119
-0.113594
-0.113714
-0.113229
-0.113258
-0.113222
-0.113570
-0.113215
-0.113263
-0.113337
-0.113470
-0.113519
-0.113514
-0.113477
-0.113557
-0.113516
-0.113245
-0.113695
-0.113389
-0.113533
-0.113671
-0.113676
-0.113551
-0.113080
-0.113475
-0.113362
-0.113574
-0.113790
-0.113704
-0.113406
-0.113685
-0.113736
-0.113499
-0.113480
-0.113390
-0.113770
-0.113368
-0.113881
-0.113391
-0.113316
-0.113685
-0.113766
-0.113720
0.026146
0.072544
-0.068705
-0.020216
-0.068113
-0.093486
-0.086045
-0.099191
-0.099086
-0.102203
-0.102295
-0.107540
-0.095359
-0.096309
-0.106028
-0.097183
-0.103907
-0.111039
-0.105966
-0.113149
-0.108898
-0.110727
-0.111921
-0.110643
-0.109680
-0.110596
-0.111869
-0.112958
-0.111495
-0.107343
-0.109325
-0.108263
-0.109440
-0.108552
-0.108158
-0.113276
-0.111059
-0.112601
-0.110561
-0.111169
-0.111327
-0.111989
-0.111651
-0.112683
-0.112214
-0.111008
-0.112570
-0.110296
-0.110658
-0.111453
-0.110156
-0.110926
-0.111706
-0.111579
-0.111758
-0.112020
-0.111601
-0.111591
-0.111643
-0.111693
-0.112428
-0.112020
-0.111895
-0.112311
-0.111751
-0.111972
-0.110952
-0.111754
-0.111881
-0.111872
-0.112043
-0.111699
-0.111976
-0.112101
-0.112159
-0.111785
-0.112258
-0.112057
-0.112121
-0.112483
-0.112187
-0.112513
-0.112327
-0.112229
-0.112203
-0.112349
-0.112166
-0.112213
-0.112220
-0.112361
-0.112318
-0.112463
-0.112321
-0.112254
-0.112452
-0.112440
-0.112120
-0.112242
-0.112460
-0.112156
3.156943
-0.045795
-0.030848
-0.043318
-0.081702
-0.082535
-0.089392
-0.097008
-0.103548
-0.105105
-0.098936
-0.099889
-0.096717
-0.103317
-0.110654
-0.099643
-0.106890
-0.106613
-0.106715
-0.113008
-0.108369
-0.106552
-0.109566
-0.110393
-0.111387
-0.111189
-0.109300
-0.108688
-0.106411
-0.107285
-0.106996
-0.108912
-0.108837
-0.106363
-0.108838
-0.111187
-0.110506
-0.110937
-0.111939
-0.111710
-0.112154
-0.113022
-0.110833
-0.112016
-0.111770
-0.111145
-0.112990
-0.110880
-0.110907
-0.112613
-0.111081
-0.111563
-0.111347
-0.111255
-0.112129
-0.112103
-0.111980
-0.112230
-0.111487
-0.111914
-0.113321
-0.113290
-0.112344
-0.112663
-0.112584
-0.112356
-0.111865
-0.112300
-0.111981
-0.111955
-0.112208
-0.112111
-0.112302
-0.112627
-0.112203
-0.111981
-0.112549
-0.112584
-0.112446
-0.112339
-0.112300
-0.112722
-0.112620
-0.112391
-0.112160
-0.112287
-0.112507
-0.112406
-0.112493
-0.112411
-0.112091
-0.112193
-0.112176
-0.112181
-0.112498
-0.112303
-0.112110
-0.112463
-0.112759
-0.112504
0.095948
0.138863
-0.010774
-0.042574
-0.077527
-0.074039
-0.094398
-0.097959
-0.098845
-0.101774
-0.101971
-0.102934
-0.104793
-0.106105
-0.105944
-0.106596
-0.107181
-0.107147
-0.107880
-0.107928
-0.109299
-0.108126
-0.109573
-0.109176
-0.109352
-0.109998
-0.111319
-0.108756
-0.108113
-0.106238
-0.108468
-0.102610
-0.102771
-0.107572
-0.108106
-0.111341
-0.109958
-0.112020
-0.110698
-0.111246
-0.111066
-0.111345
-0.111127
-0.111226
-0.111294
-0.111127
-0.111379
-0.111265
-0.111549
-0.111394
-0.111590
-0.111528
-0.111467
-0.111603
-0.111533
-0.111844
-0.111482
-0.111837
-0.111503
-0.111754
-0.112349
-0.113377
-0.112617
-0.112507
-0.111498
-0.112128
-0.111420
-0.111820
-0.111501
-0.111857
-0.111916
-0.111774
-0.112037
-0.111884
-0.112210
-0.112339
-0.112410
-0.112123
-0.112180
-0.112038
-0.112111
-0.112036
-0.112105
-0.112203
-0.112023
-0.112220
-0.112058
-0.112202
-0.112147
-0.112295
-0.112068
-0.111875
-0.111830
-0.112114
-0.111775
-0.111626
-0.111938
-0.112139
-0.112439
-0.112111
-0.090023
0.218189
-0.036245
-0.042948
-0.042253
-0.100382
-0.109946
-0.104784
-0.109213
-0.108826
-0.112272
-0.110723
-0.112170
-0.111225
-0.112035
-0.111909
-0.112074
-0.112442
-0.111981
-0.112694
-0.112003
-0.112845
-0.112727
-0.113067
-0.112432
-0.111608
-0.110649
-0.111224
-0.104893
-0.108818
-0.105857
-0.112183
-0.110590
-0.106730
-0.111084
-0.107730
-0.112407
-0.113147
-0.112695
-0.113294
-0.113216
-0.113363
-0.113104
-0.113466
-0.113120
-0.113608
-0.113103
-0.113487
-0.113248
-0.113401
-0.113402
-0.113312
-0.113487
-0.113307
-0.113547
-0.113083
-0.113316
-0.113050
-0.112967
-0.112392
-0.112765
-0.113602
-0.112586
-0.113761
-0.112436
-0.112969
-0.113177
-0.112378
-0.113579
-0.113439
-0.113244
-0.113615
-0.113338
-0.113834
-0.113555
-0.113548
-0.113516
-0.113830
-0.113480
-0.113680
-0.113402
-0.113534
-0.113548
-0.113477
-0.113646
-0.113491
-0.113717
-0.113483
-0.113560
-0.113356
-0.113483
-0.112906
-0.113092
-0.113128
-0.113497
-0.113273
-0.112989
-0.113623
-0.113316
-0.113722
-0.070679
0.262131
0.108259
-0.011022
-0.091721
-0.089171
-0.095218
-0.099521
-0.103622
-0.103500
-0.106384
-0.106061
-0.107622
-0.107674
-0.108138
-0.108725
-0.108607
-0.109637
-0.109095
-0.110101
-0.109540
-0.110533
-0.109882
-0.110301
-0.110824
-0.110557
-0.112011
-0.113185
-0.109472
-0.109401
-0.099242
-0.113309
-0.110777
-0.101248
-0.111972
-0.111526
-0.112839
-0.111501
-0.112170
-0.111399
-0.111918
-0.111692
-0.111868
-0.111823
-0.111727
-0.112086
-0.111889
-0.112236
-0.111880
-0.112237
-0.112042
-0.112179
-0.112184
-0.112118
-0.112309
-0.111973
-0.112355
-0.111709
-0.112151
-0.111965
-0.111095
-0.111246
-0.112152
-0.112705
-0.112868
-0.110546
-0.111848
-0.112174
-0.112464
-0.112467
-0.112362
-0.112558
-0.112194
-0.112814
-0.112425
-0.112569
-0.112442
-0.112886
-0.112377
-0.112525
-0.112481
-0.112554
-0.112633
-0.112525
-0.112738
-0.112511
-0.112743
-0.112578
-0.112739
-0.112651
-0.112815
-0.113348
-0.112220
-0.111800
-0.112445
-0.112616
-0.112641
-0.112742
-0.112532
-0.112890
