-2.684509
1.217060
-0.008195
-6.086529
-0.111366
-0.111366
0.144882
0.372558
1.448691
-1.209798
-0.111365
-0.111366
2.573746
1.184178
4.961257
-0.110419
-0.111366
-0.111369
-0.222130
0.854671
1.334984
-1.741829
-0.111365
-0.111371
-0.291288
2.944522
4.688324
-5.357383
-0.111366
-0.111370
-0.079790
0.528102
1.070332
-1.343360
-0.111365
-0.111370
13.637603
-0.110265
13.639353
13.635652
-0.111367
-0.111369
9.201355
2.736740
13.313022
4.564829
-0.111366
-0.111371
2.453381
0.433803
-0.026979
-0.008437
-0.095621
-0.066665
-0.064646
0.128600
0.123250
-0.078745
0.059455
0.036245
0.009941
0.020166
0.037567
0.104732
0.018362
0.036434
-0.007008
-0.000634
-0.046035
0.209168
0.000608
0.049976
-0.000236
-0.052541
-0.088205
-0.031218
-0.016204
-0.095135
-0.060016
-0.078520
-0.034493
-0.037998
-0.079906
-0.029141
0.004548
-0.074494
-0.037706
-0.079867
-0.064675
-0.081531
-0.097903
-0.100944
-0.064683
-0.085824
-0.092866
-0.093437
-0.071037
-0.100823
-0.095075
-0.105697
-0.097480
-0.102818
-0.100018
-0.109422
-0.110342
-0.103927
-0.104681
-0.107440
-0.104661
-0.101569
-0.109933
-0.107395
-0.104248
-0.105376
-0.099667
-0.103029
-0.105929
-0.100393
-0.106082
-0.102839
-0.096332
-0.104068
-0.097186
-0.100628
-0.091665
-0.095724
-0.102889
-0.096436
-0.082217
-0.089451
-0.108456
-0.098903
-0.103933
-0.097110
-0.107780
-0.102803
-0.102050
-0.105359
-0.102490
-0.109772
-0.091643
-0.095337
-0.097698
-0.098532
-0.099663
-0.110262
-0.105765
-0.107460
0.143052
0.029181
-0.062821
-0.085393
-0.073177
-0.073744
-0.072755
-0.033552
-0.009376
-0.067109
-0.056564
-0.089249
-0.033272
-0.044057
-0.057440
-0.055760
-0.031064
-0.055013
-0.083896
-0.033813
-0.008291
-0.056072
-0.064617
-0.055737
-0.081270
-0.064506
-0.065409
-0.094705
-0.096579
-0.091924
-0.105155
-0.090339
-0.093412
-0.089761
-0.065792
-0.106581
-0.088142
-0.101687
-0.064820
-0.102543
-0.092652
-0.080621
-0.099700
-0.096133
-0.097762
-0.103865
-0.098378
-0.103634
-0.105428
-0.107444
-0.110820
-0.106278
-0.103066
-0.107249
-0.108531
-0.108970
-0.109948
-0.109112
-0.107776
-0.110642
-0.108349
-0.108616
-0.109683
-0.109740
-0.105579
-0.108756
-0.109644
-0.107634
-0.106915
-0.107312
-0.109715
-0.106215
-0.106650
-0.108489
-0.105636
-0.105912
-0.103972
-0.102053
-0.107454
-0.098383
-0.110072
-0.103511
-0.106721
-0.107992
-0.109215
-0.108780
-0.105935
-0.109407
-0.106417
-0.106786
-0.108449
-0.108473
-0.107753
-0.105855
-0.107949
-0.110309
-0.109468
-0.101954
-0.107611
-0.101917
2.567574
0.714328
0.048132
-0.015259
-0.014561
-0.091082
-0.101642
-0.095762
-0.033106
-0.046829
-0.065254
-0.070220
-0.030784
-0.080131
-0.059080
0.019127
-0.090231
-0.101117
-0.109380
-0.065395
-0.073280
-0.021774
-0.062851
-0.001281
-0.065165
-0.037528
-0.072232
-0.015725
-0.057130
-0.094754
-0.048643
-0.074455
-0.057295
-0.058286
-0.070204
-0.078298
-0.045397
-0.092616
-0.102054
-0.103063
-0.109140
-0.098794
-0.092475
-0.101040
-0.088937
-0.102143
-0.095144
-0.109898
-0.100092
-0.101975
-0.102908
-0.103685
-0.106865
-0.106498
-0.110036
-0.109394
-0.105597
-0.106895
-0.106147
-0.105118
-0.107262
-0.104922
-0.110197
-0.106528
-0.109814
-0.110149
-0.109059
-0.107457
-0.109782
-0.106166
-0.105439
-0.103197
-0.108107
-0.106821
-0.101928
-0.109062
-0.106064
-0.106911
-0.103642
-0.106649
-0.101142
-0.102318
-0.103604
-0.108678
-0.102967
-0.107604
-0.102255
-0.100753
-0.103074
-0.100898
-0.100289
-0.108410
-0.101362
-0.105990
-0.106664
-0.106696
-0.107494
-0.107476
-0.107909
-0.110346
0.001712
0.532181
-0.001414
-0.092739
-0.085610
-0.084683
-0.035588
-0.007633
-0.031168
-0.081869
-0.085820
-0.073469
-0.082497
-0.089010
-0.105760
-0.076936
-0.099796
-0.101554
-0.093465
-0.087125
-0.070932
-0.078321
-0.092092
-0.080333
-0.107608
-0.088194
-0.101654
-0.096967
-0.093342
-0.097091
-0.101642
-0.104029
-0.103169
-0.109401
-0.096744
-0.102425
-0.096027
-0.097749
-0.097658
-0.101746
-0.102754
-0.103448
-0.108113
-0.106965
-0.109013
-0.107445
-0.107051
-0.109716
-0.107740
-0.106919
-0.110430
-0.108918
-0.107913
-0.106707
-0.107188
-0.106860
-0.108607
-0.109811
-0.107053
-0.107558
-0.109917
-0.110176
-0.110319
-0.108828
-0.110119
-0.109962
-0.107278
-0.106696
-0.108379
-0.109754
-0.108684
-0.108921
-0.107923
-0.108613
-0.108647
-0.109986
-0.110760
-0.110120
-0.108896
-0.106516
-0.110424
-0.108975
-0.107766
-0.109030
-0.108020
-0.108951
-0.109834
-0.109084
-0.108709
-0.108706
-0.109934
-0.110234
-0.109957
-0.108768
-0.108409
-0.108444
-0.107893
-0.109440
-0.108516
-0.108369
0.075285
1.964130
-0.027106
0.219989
-0.076384
-0.064120
0.039465
0.192264
0.071814
-0.057161
-0.052710
-0.050019
-0.040626
-0.015765
-0.041921
-0.049846
-0.067602
-0.073492
-0.046825
-0.070950
-0.106596
-0.057419
-0.092313
-0.030580
-0.080698
-0.071694
-0.103905
-0.059269
-0.074768
-0.046939
-0.059307
-0.077883
-0.104113
-0.101312
-0.077101
-0.078102
-0.079249
-0.094585
-0.104841
-0.107559
-0.082840
-0.107687
-0.106686
-0.103105
-0.106995
-0.102677
-0.094961
-0.103103
-0.100023
-0.103301
-0.104629
-0.101350
-0.101304
-0.099648
-0.103357
-0.106134
-0.101854
-0.102672
-0.103317
-0.103109
-0.100941
-0.104579
-0.109896
-0.106375
-0.107962
-0.108516
-0.101559
-0.101014
-0.108603
-0.108363
-0.110231
-0.104619
-0.104355
-0.105867
-0.106715
-0.108368
-0.109223
-0.104010
-0.109506
-0.109654
-0.106011
-0.110396
-0.103498
-0.109858
-0.108431
-0.106127
-0.105842
-0.107269
-0.105662
-0.106937
-0.108627
-0.108938
-0.111153
-0.105280
-0.108227
-0.105975
-0.108370
-0.109742
-0.110379
-0.104203
-0.080069
0.290858
0.025515
-0.063385
-0.088977
-0.085603
-0.097605
-0.076128
-0.055071
-0.063119
-0.089589
-0.081587
-0.077431
-0.084869
-0.098011
-0.061607
-0.084671
-0.083739
-0.093026
-0.097394
-0.079862
-0.091817
-0.092721
-0.089411
-0.091456
-0.101511
-0.097304
-0.102594
-0.098820
-0.102368
-0.098247
-0.101334
-0.101154
-0.105734
-0.101568
-0.101431
-0.104719
-0.108860
-0.098296
-0.104642
-0.109071
-0.106358
-0.105511
-0.104983
-0.100932
-0.107617
-0.103354
-0.107397
-0.106953
-0.107316
-0.106727
-0.105033
-0.106458
-0.107616
-0.108734
-0.109470
-0.109307
-0.106979
-0.109647
-0.110514
-0.107271
-0.110061
-0.110189
-0.109879
-0.109491
-0.109121
-0.109710
-0.110835
-0.109985
-0.110304
-0.110780
-0.109860
-0.110510
-0.110405
-0.108215
-0.109052
-0.109485
-0.108340
-0.108010
-0.109108
-0.110468
-0.108446
-0.108915
-0.109639
-0.110140
-0.109570
-0.111205
-0.110399
-0.109315
-0.107991
-0.110492
-0.110563
-0.110324
-0.109504
-0.110886
-0.109674
-0.110539
-0.108230
-0.111017
-0.110711
-1.824899
0.089967
-1.461150
-2.216431
-0.111365
-0.111368
-0.246355
0.125957
0.145471
-0.723082
-0.111367
-0.111368
3.082938
0.047658
3.273432
2.733988
-0.111368
-0.111367
-0.145687
0.351653
0.758182
-0.650203
-0.111363
-0.111369
-0.055889
0.352174
0.867208
-0.890038
-0.111366
-0.111368
-0.185676
0.578850
0.813806
-1.205585
-0.111366
-0.111371
8.258979
0.389331
9.028569
7.419027
-0.111365
-0.111370
1.602282
0.001460
-0.070143
-0.052668
-0.094743
-0.098639
-0.098271
-0.097643
-0.101529
-0.108304
-0.099481
-0.096496
-0.107945
-0.100871
-0.096551
-0.101853
-0.097664
-0.101987
-0.109822
-0.105381
-0.105926
-0.108867
-0.107465
-0.107165
-0.106235
-0.108562
-0.106834
-0.107468
-0.108627
-0.107662
-0.109863
-0.109511
-0.109450
-0.106994
-0.109903
-0.109312
-0.110319
-0.109869
-0.109776
-0.110737
-0.109882
-0.108166
-0.110358
-0.109707
-0.108876
-0.109252
-0.109365
-0.108755
-0.110343
-0.110472
-0.110091
-0.110256
-0.110053
-0.110095
-0.109667
-0.109918
-0.109769
-0.110814
-0.110192
-0.109696
-0.110216
-0.110388
-0.110314
-0.109749
-0.110144
-0.110187
-0.110181
-0.110383
-0.110334
-0.110432
-0.110765
-0.109820
-0.110598
-0.110116
-0.110121
-0.110307
-0.111028
-0.109926
-0.110273
-0.110758
-0.110615
-0.110543
-0.110614
-0.110599
-0.110625
-0.110184
-0.110665
-0.110796
-0.110701
-0.110286
-0.110504
-0.110593
-0.110223
-0.110260
-0.110543
-0.110452
-0.110174
-0.110250
-0.110509
-0.110257
0.024385
0.018363
-0.054181
-0.056646
-0.057678
-0.083642
-0.098885
-0.100904
-0.104553
-0.110126
-0.098145
-0.106956
-0.103861
-0.105805
-0.097714
-0.104544
-0.100407
-0.104420
-0.108258
-0.106197
-0.107134
-0.109475
-0.107963
-0.109689
-0.106936
-0.109449
-0.102918
-0.109434
-0.106272
-0.107778
-0.111291
-0.108218
-0.110810
-0.106575
-0.109219
-0.107710
-0.110315
-0.109463
-0.109895
-0.110229
-0.108872
-0.110399
-0.109716
-0.109875
-0.109551
-0.109546
-0.109844
-0.109147
-0.110990
-0.109607
-0.110296
-0.110358
-0.109946
-0.110256
-0.109965
-0.110484
-0.109173
-0.110597
-0.110124
-0.109698
-0.110830
-0.110048
-0.110440
-0.109669
-0.110895
-0.110034
-0.110331
-0.110499
-0.110410
-0.110284
-0.110532
-0.110213
-0.110615
-0.110117
-0.111144
-0.110229
-0.110781
-0.110277
-0.110395
-0.110431
-0.110494
-0.110578
-0.110631
-0.110284
-0.110790
-0.110105
-0.110582
-0.110325
-0.111132
-0.110263
-0.110610
-0.110495
-0.110242
-0.110530
-0.110590
-0.110518
-0.110563
-0.110440
-0.110648
-0.110255
3.083137
-0.025415
-0.052143
-0.081959
-0.105778
-0.107950
-0.100749
-0.103612
-0.106258
-0.104896
-0.099563
-0.104375
-0.104692
-0.101982
-0.107875
-0.109720
-0.108637
-0.103512
-0.109125
-0.107920
-0.106355
-0.109554
-0.109409
-0.109181
-0.107721
-0.110624
-0.110711
-0.109379
-0.107416
-0.108853
-0.110683
-0.109031
-0.109866
-0.109164
-0.110161
-0.110296
-0.111275
-0.110785
-0.111185
-0.110000
-0.109918
-0.110034
-0.110157
-0.110002
-0.110519
-0.110366
-0.111109
-0.109971
-0.110882
-0.110316
-0.110540
-0.111212
-0.110744
-0.110791
-0.110190
-0.110648
-0.110994
-0.110828
-0.110396
-0.110326
-0.110814
-0.110355
-0.111172
-0.110677
-0.110645
-0.110804
-0.110869
-0.111049
-0.111081
-0.110677
-0.110958
-0.110895
-0.111159
-0.110721
-0.110900
-0.110736
-0.111137
-0.110690
-0.110854
-0.110644
-0.111005
-0.111071
-0.111062
-0.111008
-0.110751
-0.110670
-0.111004
-0.110969
-0.111078
-0.110754
-0.110924
-0.110603
-0.110879
-0.110887
-0.110912
-0.110929
-0.110902
-0.110937
-0.111137
-0.110956
-0.076105
0.183119
0.023171
-0.080125
-0.089206
-0.102972
-0.104458
-0.106305
-0.108480
-0.107500
-0.108051
-0.108750
-0.107712
-0.109227
-0.109057
-0.108970
-0.109853
-0.109259
-0.109524
-0.110106
-0.108813
-0.110648
-0.109719
-0.109639
-0.110480
-0.107997
-0.110163
-0.110238
-0.104846
-0.104613
-0.110192
-0.105132
-0.105912
-0.108671
-0.109372
-0.110075
-0.110573
-0.110025
-0.110508
-0.110450
-0.110360
-0.110660
-0.110341
-0.110446
-0.110713
-0.110371
-0.110690
-0.110590
-0.110529
-0.110876
-0.110427
-0.110668
-0.110771
-0.110363
-0.110961
-0.110160
-0.110698
-0.110967
-0.110335
-0.109720
-0.110664
-0.110280
-0.109966
-0.110331
-0.110772
-0.110579
-0.110893
-0.110718
-0.110715
-0.110870
-0.110739
-0.110824
-0.110823
-0.110752
-0.110883
-0.110776
-0.110833
-0.110770
-0.110941
-0.110842
-0.110944
-0.110671
-0.110901
-0.110779
-0.110613
-0.110983
-0.110495
-0.111117
-0.110853
-0.110513
-0.110995
-0.110858
-0.110913
-0.110611
-0.110969
-0.110806
-0.110886
-0.110886
-0.110841
-0.110883
-0.051405
0.183088
0.025620
-0.086888
-0.090689
-0.090673
-0.094016
-0.095300
-0.098354
-0.100021
-0.101006
-0.102099
-0.102796
-0.103601
-0.104119
-0.104782
-0.104993
-0.105460
-0.105576
-0.105810
-0.105991
-0.106191
-0.106385
-0.106154
-0.106094
-0.106580
-0.107935
-0.105247
-0.104307
-0.106981
-0.109999
-0.103898
-0.105340
-0.109183
-0.108366
-0.108535
-0.108752
-0.108770
-0.108793
-0.108896
-0.108971
-0.108980
-0.109048
-0.109077
-0.109110
-0.109183
-0.109203
-0.109234
-0.109296
-0.109265
-0.109258
-0.109385
-0.109373
-0.109458
-0.109190
-0.109330
-0.109532
-0.108407
-0.110068
-0.110625
-0.111028
-0.108635
-0.109155
-0.109596
-0.109470
-0.109578
-0.109636
-0.109700
-0.109699
-0.109714
-0.109761
-0.109756
-0.109777
-0.109791
-0.109790
-0.109802
-0.109813
-0.109818
-0.109897
-0.109769
-0.109891
-0.110065
-0.110092
-0.110033
-0.109839
-0.110024
-0.109912
-0.109535
-0.110498
-0.110252
-0.110361
-0.109516
-0.109873
-0.109842
-0.109804
-0.109840
-0.109858
-0.109886
-0.109883
-0.109879
-0.032604
0.363390
-0.051327
-0.028089
-0.094634
-0.087202
-0.093123
-0.096604
-0.097863
-0.100206
-0.100874
-0.101932
-0.103201
-0.103110
-0.104140
-0.104566
-0.104557
-0.105463
-0.105263
-0.105508
-0.106093
-0.105497
-0.106239
-0.106081
-0.104839
-0.106076
-0.106361
-0.100042
-0.109493
-0.103342
-0.110285
-0.099887
-0.106115
-0.108305
-0.108525
-0.109413
-0.109281
-0.109573
-0.109224
-0.109284
-0.109469
-0.109207
-0.109487
-0.109388
-0.109315
-0.109582
-0.109359
-0.109501
-0.109568
-0.109352
-0.109666
-0.109449
-0.109534
-0.109872
-0.108927
-0.109529
-0.109359
-0.107635
-0.109690
-0.110675
-0.110816
-0.107852
-0.108793
-0.109925
-0.109281
-0.109896
-0.109756
-0.109835
-0.109919
-0.109796
-0.109951
-0.109886
-0.109890
-0.109976
-0.109894
-0.109968
-0.109954
-0.109957
-0.109948
-0.109868
-0.110293
-0.110287
-0.110203
-0.110491
-0.109970
-0.109952
-0.110221
-0.109577
-0.110207
-0.110528
-0.110677
-0.109346
-0.109508
-0.110016
-0.109722
-0.109922
-0.109923
-0.109913
-0.109952
-0.109931
