-2.486153
1.071834
0.698449
-6.925738
-0.111518
-0.111511
0.127519
0.384500
1.625728
-1.062940
-0.111515
-0.111515
2.790371
1.238435
6.627397
0.109245
-0.111516
-0.111518
0.017390
1.276167
2.073097
-2.831647
-0.111517
-0.111521
-0.025730
2.550426
4.263560
-4.775952
-0.111517
-0.111521
-0.205264
0.781953
1.252321
-1.789158
-0.111517
-0.111521
13.579549
-0.109349
13.582747
13.576484
-0.111516
-0.111522
9.196978
2.198778
12.255017
4.989227
-0.111518
-0.111521
2.261815
0.261114
0.069929
-0.042963
-0.070444
-0.009375
-0.009615
-0.071118
-0.050691
-0.081874
0.071179
-0.047289
-0.030591
-0.054691
-0.016107
-0.005563
0.194106
0.221436
-0.012007
-0.062806
0.082983
-0.011377
0.005073
0.007705
-0.070846
0.000508
0.040682
0.014074
-0.052815
0.016257
-0.039024
-0.083916
-0.018402
-0.069427
-0.097275
-0.004374
-0.031411
-0.075773
-0.041194
-0.040301
-0.082580
-0.064666
-0.088319
-0.090969
-0.089656
-0.092549
-0.099160
-0.106156
-0.102726
-0.108036
-0.103732
-0.106708
-0.102347
-0.109890
-0.103633
-0.106408
-0.108961
-0.108978
-0.105096
-0.105220
-0.107914
-0.103323
-0.103623
-0.106526
-0.109238
-0.107402
-0.103450
-0.098120
-0.103733
-0.099728
-0.103035
-0.097482
-0.084095
-0.090089
-0.106907
-0.107968
-0.098967
-0.103416
-0.087810
-0.102694
-0.098241
-0.097185
-0.091249
-0.101679
-0.096838
-0.101975
-0.103512
-0.092712
-0.102115
-0.102187
-0.101715
-0.093241
-0.110219
-0.108380
-0.104518
-0.104964
-0.101392
-0.096955
-0.106494
-0.102876
0.131497
0.015777
-0.030039
-0.097469
-0.082479
-0.034367
-0.071755
-0.082686
-0.071469
-0.083457
-0.035461
-0.045846
-0.077724
-0.093655
-0.075190
-0.084629
-0.087320
-0.027864
-0.042642
-0.060740
-0.017070
-0.083576
-0.032806
-0.002389
-0.053346
-0.040915
-0.060656
-0.066963
-0.048609
-0.082254
-0.071612
-0.055029
-0.084195
-0.061248
-0.062763
-0.100714
-0.086305
-0.090128
-0.082584
-0.099891
-0.096527
-0.106938
-0.092936
-0.105231
-0.097827
-0.106356
-0.108528
-0.109843
-0.108236
-0.108243
-0.108933
-0.108617
-0.110416
-0.109935
-0.109119
-0.107725
-0.108749
-0.108640
-0.110995
-0.108203
-0.108704
-0.106883
-0.104356
-0.106902
-0.107358
-0.106926
-0.109097
-0.108059
-0.109512
-0.108416
-0.109040
-0.104830
-0.111076
-0.101718
-0.105826
-0.104410
-0.102794
-0.103220
-0.103592
-0.099864
-0.105338
-0.105272
-0.103211
-0.101967
-0.110479
-0.110793
-0.100972
-0.107231
-0.110213
-0.106254
-0.102191
-0.108844
-0.108075
-0.104790
-0.104681
-0.105724
-0.109367
-0.108399
-0.110332
-0.109837
2.785113
0.703501
0.114696
-0.102373
-0.084458
-0.071745
-0.082193
-0.076614
-0.108231
-0.091751
-0.061844
-0.081874
-0.045631
-0.104208
-0.054213
-0.008085
0.053061
0.055487
-0.039457
-0.047658
0.014438
-0.025774
-0.024957
-0.022913
-0.072784
-0.046929
-0.009840
-0.052906
-0.022503
-0.038587
-0.057693
-0.064700
-0.028364
-0.101620
-0.106733
-0.031359
-0.047590
-0.096020
-0.071083
-0.067767
-0.107754
-0.085449
-0.089059
-0.105870
-0.095693
-0.106193
-0.104600
-0.110888
-0.107372
-0.106974
-0.104794
-0.108984
-0.105717
-0.106595
-0.109093
-0.105520
-0.110521
-0.107740
-0.103223
-0.107108
-0.108960
-0.110765
-0.107759
-0.109790
-0.110728
-0.108828
-0.107624
-0.102942
-0.109361
-0.109681
-0.106463
-0.101831
-0.094295
-0.099670
-0.105822
-0.108082
-0.100045
-0.101879
-0.100294
-0.101503
-0.103837
-0.102049
-0.098605
-0.094559
-0.106352
-0.105390
-0.098124
-0.097389
-0.104887
-0.105907
-0.100861
-0.098720
-0.108896
-0.109070
-0.106129
-0.107147
-0.108003
-0.102069
-0.107883
-0.107218
0.010292
0.846283
0.028167
-0.047850
-0.064001
-0.065894
-0.049695
-0.090552
-0.081826
-0.091781
-0.101417
-0.103662
-0.104214
-0.105505
-0.100875
-0.068500
-0.078838
-0.096313
-0.085287
-0.084143
-0.091671
-0.092438
-0.081666
-0.094927
-0.074670
-0.082262
-0.088028
-0.107060
-0.097257
-0.103734
-0.096887
-0.104271
-0.088354
-0.093382
-0.100430
-0.099722
-0.097119
-0.101765
-0.101498
-0.105795
-0.106919
-0.106945
-0.109499
-0.108622
-0.108580
-0.109517
-0.108145
-0.107844
-0.106494
-0.107272
-0.109641
-0.109244
-0.108691
-0.108841
-0.106798
-0.106809
-0.105353
-0.107452
-0.111145
-0.108544
-0.110104
-0.108606
-0.109804
-0.108729
-0.110820
-0.111153
-0.110928
-0.111027
-0.110981
-0.110902
-0.110560
-0.108809
-0.108618
-0.108693
-0.108688
-0.107607
-0.109771
-0.109869
-0.107210
-0.109153
-0.110972
-0.109019
-0.109186
-0.110121
-0.108855
-0.109320
-0.107595
-0.106805
-0.110470
-0.108256
-0.108623
-0.109952
-0.110707
-0.111141
-0.109970
-0.110080
-0.110781
-0.109619
-0.108907
-0.109654
-0.035052
1.711648
0.152461
0.068360
-0.026628
0.013072
0.017390
-0.056027
-0.056097
-0.061008
-0.067882
-0.073190
-0.078130
-0.089301
-0.071841
-0.072257
-0.016374
-0.034182
-0.102488
-0.068950
-0.059609
-0.070991
-0.058001
-0.066373
-0.060282
-0.086116
-0.062279
-0.035402
-0.046978
-0.048677
-0.095417
-0.097360
-0.096632
-0.082944
-0.099229
-0.083825
-0.078697
-0.100843
-0.096412
-0.094291
-0.104829
-0.094378
-0.105938
-0.110376
-0.102352
-0.109484
-0.104633
-0.104258
-0.100238
-0.106085
-0.109607
-0.109111
-0.106562
-0.106877
-0.101478
-0.105763
-0.102329
-0.102089
-0.109340
-0.108132
-0.108860
-0.107421
-0.107640
-0.107202
-0.110035
-0.109879
-0.109236
-0.108320
-0.111003
-0.108972
-0.110595
-0.108944
-0.102546
-0.106101
-0.107218
-0.107531
-0.108287
-0.108333
-0.103482
-0.108856
-0.107572
-0.108137
-0.104315
-0.105565
-0.102919
-0.108209
-0.108975
-0.105720
-0.109358
-0.106089
-0.107467
-0.105977
-0.109023
-0.109687
-0.109695
-0.109762
-0.108481
-0.107576
-0.109341
-0.107929
-0.015042
0.505524
-0.050935
-0.048426
-0.097730
-0.088151
-0.090569
-0.099801
-0.108781
-0.092782
-0.100809
-0.102393
-0.096912
-0.096216
-0.097806
-0.089456
-0.098205
-0.100075
-0.076128
-0.103123
-0.095858
-0.103570
-0.092759
-0.088011
-0.091634
-0.099202
-0.094847
-0.082791
-0.084217
-0.095706
-0.102287
-0.099648
-0.108958
-0.092818
-0.104804
-0.109537
-0.107598
-0.102906
-0.104139
-0.111104
-0.108364
-0.106839
-0.107084
-0.109953
-0.108974
-0.110541
-0.110275
-0.111149
-0.110078
-0.110553
-0.110748
-0.110563
-0.110505
-0.109284
-0.107692
-0.109963
-0.109346
-0.107736
-0.109757
-0.110448
-0.110933
-0.110975
-0.110115
-0.110322
-0.110378
-0.109587
-0.110468
-0.110303
-0.110219
-0.109811
-0.110268
-0.110034
-0.110863
-0.109660
-0.109727
-0.110228
-0.109795
-0.110256
-0.108920
-0.109574
-0.110028
-0.110940
-0.108933
-0.107588
-0.110612
-0.111415
-0.108280
-0.110585
-0.109406
-0.109806
-0.110420
-0.110717
-0.110302
-0.110329
-0.109680
-0.109885
-0.110418
-0.111128
-0.111094
-0.110943
-1.844982
0.114310
-1.415581
-2.206063
-0.111515
-0.111520
-0.324449
0.113127
0.032967
-0.716654
-0.111517
-0.111522
3.059193
0.096150
3.427424
2.790313
-0.111516
-0.111522
-0.207278
0.362435
0.525856
-0.813241
-0.111516
-0.111522
-0.136747
0.311180
0.632622
-0.941942
-0.111517
-0.111519
-0.191118
0.642082
1.344920
-1.404820
-0.111516
-0.111519
8.219383
0.378849
8.893645
7.528864
-0.111516
-0.111522
1.621172
-0.021521
0.011477
-0.097236
-0.086257
-0.096383
-0.106005
-0.107502
-0.106891
-0.106210
-0.107612
-0.099080
-0.096346
-0.100035
-0.104386
-0.101529
-0.101597
-0.102297
-0.107552
-0.110323
-0.111010
-0.110271
-0.110153
-0.108807
-0.107917
-0.110396
-0.104413
-0.109171
-0.111229
-0.109409
-0.106214
-0.110620
-0.109406
-0.110173
-0.111212
-0.110893
-0.110619
-0.110681
-0.110950
-0.110036
-0.109466
-0.110111
-0.110139
-0.109902
-0.110151
-0.109859
-0.110296
-0.111161
-0.111236
-0.111239
-0.111317
-0.111162
-0.110603
-0.111335
-0.110085
-0.111200
-0.111122
-0.110851
-0.110290
-0.111214
-0.110711
-0.111005
-0.111325
-0.111196
-0.111160
-0.111346
-0.111079
-0.110916
-0.111131
-0.111301
-0.110770
-0.110946
-0.111176
-0.110847
-0.110701
-0.111156
-0.111249
-0.111277
-0.111196
-0.111290
-0.110963
-0.111351
-0.111127
-0.111265
-0.110988
-0.111101
-0.111089
-0.111230
-0.110882
-0.111122
-0.111485
-0.111304
-0.111132
-0.111298
-0.111062
-0.111070
-0.111307
-0.111275
-0.110772
-0.110984
0.101005
0.027844
-0.088766
-0.054573
-0.078457
-0.093355
-0.102837
-0.111121
-0.108861
-0.108431
-0.106600
-0.106110
-0.104202
-0.104997
-0.104866
-0.107915
-0.107795
-0.108639
-0.105990
-0.108775
-0.109528
-0.110589
-0.108537
-0.107457
-0.106976
-0.106034
-0.110564
-0.108758
-0.110408
-0.107497
-0.110388
-0.108036
-0.108785
-0.110342
-0.111075
-0.110858
-0.110891
-0.110352
-0.110883
-0.110068
-0.109972
-0.110384
-0.110785
-0.111287
-0.110776
-0.110421
-0.109879
-0.110712
-0.110921
-0.110959
-0.110574
-0.110529
-0.110848
-0.109873
-0.110926
-0.111341
-0.110863
-0.110232
-0.111265
-0.110671
-0.110532
-0.111082
-0.111116
-0.110873
-0.110880
-0.110758
-0.111032
-0.110830
-0.110932
-0.111207
-0.111214
-0.110971
-0.110875
-0.110879
-0.110873
-0.111225
-0.111113
-0.111044
-0.111057
-0.111186
-0.111370
-0.110500
-0.110982
-0.111219
-0.111100
-0.110701
-0.111106
-0.110774
-0.110939
-0.111134
-0.111070
-0.110755
-0.111030
-0.111088
-0.111232
-0.111066
-0.111094
-0.111200
-0.111152
-0.111030
3.060239
-0.013812
-0.023871
-0.076213
-0.060703
-0.107922
-0.103312
-0.107016
-0.109339
-0.108744
-0.103439
-0.109559
-0.108967
-0.105293
-0.110054
-0.104570
-0.110141
-0.109100
-0.105459
-0.109078
-0.110084
-0.109831
-0.108898
-0.110525
-0.104981
-0.109012
-0.106616
-0.110108
-0.110223
-0.108144
-0.107253
-0.108634
-0.107347
-0.110488
-0.110657
-0.110940
-0.111150
-0.111071
-0.111244
-0.110319
-0.110335
-0.110644
-0.110668
-0.109716
-0.110594
-0.110497
-0.109983
-0.110768
-0.110912
-0.110785
-0.110537
-0.110877
-0.109947
-0.111316
-0.110410
-0.111343
-0.110743
-0.110384
-0.110441
-0.110494
-0.110121
-0.110943
-0.111237
-0.111134
-0.110922
-0.110945
-0.111132
-0.110858
-0.110915
-0.111288
-0.110981
-0.110714
-0.111011
-0.111119
-0.110874
-0.111115
-0.111057
-0.111036
-0.110951
-0.111059
-0.110563
-0.111295
-0.111126
-0.111221
-0.110839
-0.110970
-0.111239
-0.110977
-0.110622
-0.111133
-0.111388
-0.111170
-0.110755
-0.111035
-0.111122
-0.111116
-0.111096
-0.111250
-0.111086
-0.111174
-0.018183
0.219079
-0.063799
-0.087972
-0.106466
-0.108270
-0.109679
-0.109763
-0.109964
-0.110795
-0.110125
-0.110654
-0.110992
-0.111029
-0.110909
-0.110831
-0.110942
-0.111322
-0.110731
-0.111005
-0.110511
-0.110752
-0.111082
-0.110741
-0.109931
-0.108296
-0.107701
-0.103601
-0.108332
-0.104633
-0.110042
-0.110781
-0.110624
-0.110986
-0.111110
-0.111089
-0.111248
-0.111286
-0.111416
-0.111245
-0.111305
-0.111397
-0.111464
-0.111394
-0.111346
-0.111379
-0.111422
-0.111402
-0.111282
-0.111283
-0.111356
-0.111290
-0.111008
-0.110737
-0.110553
-0.110242
-0.110123
-0.110313
-0.110916
-0.111198
-0.111025
-0.111278
-0.111301
-0.111295
-0.111343
-0.111373
-0.111434
-0.111364
-0.111376
-0.111412
-0.111460
-0.111440
-0.111408
-0.111405
-0.111472
-0.111446
-0.111409
-0.111378
-0.111399
-0.111395
-0.111280
-0.111243
-0.111127
-0.111317
-0.110667
-0.111176
-0.111044
-0.111299
-0.110949
-0.111380
-0.111297
-0.111366
-0.111360
-0.111395
-0.111406
-0.111376
-0.111396
-0.111420
-0.111451
-0.111413
-0.083896
0.152284
0.015472
-0.097295
-0.055829
-0.106543
-0.103704
-0.107279
-0.108105
-0.109015
-0.109510
-0.109636
-0.109289
-0.109532
-0.110176
-0.110378
-0.110090
-0.109948
-0.109989
-0.110623
-0.110601
-0.109999
-0.109556
-0.110074
-0.103110
-0.109989
-0.105483
-0.105304
-0.107668
-0.105692
-0.106031
-0.109826
-0.107986
-0.110366
-0.109889
-0.110294
-0.110636
-0.110910
-0.110854
-0.110681
-0.110663
-0.110847
-0.111013
-0.110905
-0.110755
-0.110774
-0.110909
-0.111038
-0.110857
-0.110653
-0.110624
-0.110766
-0.109385
-0.110709
-0.110586
-0.110210
-0.109750
-0.110134
-0.110220
-0.111027
-0.110690
-0.111081
-0.110939
-0.111163
-0.111376
-0.111295
-0.111196
-0.111160
-0.111214
-0.111275
-0.111228
-0.111148
-0.111133
-0.111191
-0.111231
-0.111177
-0.111073
-0.111030
-0.111077
-0.111087
-0.110452
-0.110975
-0.111184
-0.111022
-0.110610
-0.111040
-0.111173
-0.111457
-0.110977
-0.111495
-0.111415
-0.111360
-0.111019
-0.111307
-0.111390
-0.111372
-0.111339
-0.111311
-0.111316
-0.111353
-0.038903
0.354607
0.130454
-0.046123
-0.038304
-0.096536
-0.099053
-0.100661
-0.101839
-0.102760
-0.102907
-0.104513
-0.105387
-0.105842
-0.105667
-0.105793
-0.106373
-0.107241
-0.107226
-0.106878
-0.106676
-0.107148
-0.108156
-0.107532
-0.100381
-0.102357
-0.098236
-0.100333
-0.107525
-0.102829
-0.103001
-0.109842
-0.105554
-0.109540
-0.109631
-0.109595
-0.109230
-0.109292
-0.109538
-0.109927
-0.109840
-0.109608
-0.109582
-0.109818
-0.110056
-0.110009
-0.109837
-0.109773
-0.110008
-0.110268
-0.110326
-0.109926
-0.109085
-0.109436
-0.108759
-0.110108
-0.109287
-0.110799
-0.110012
-0.109703
-0.109230
-0.109983
-0.109894
-0.109840
-0.109878
-0.110030
-0.110169
-0.110164
-0.110069
-0.110064
-0.110192
-0.110304
-0.110274
-0.110176
-0.110206
-0.110321
-0.110455
-0.110409
-0.110330
-0.110352
-0.110961
-0.110799
-0.110021
-0.110395
-0.109304
-0.110167
-0.109893
-0.109934
-0.109623
-0.109997
-0.109862
-0.110179
-0.110502
-0.110305
-0.110234
-0.110194
-0.110238
-0.110297
-0.110310
-0.110241
