-2.642753
1.021490
-0.218785
-5.829055
-0.110264
-0.110263
0.262835
0.313744
1.201143
-0.837508
-0.110262
-0.110265
2.621286
1.123375
5.422380
0.342148
-0.110263
-0.110267
-0.197631
1.149058
1.913985
-2.322107
-0.110263
-0.110268
-0.255380
2.607257
3.841821
-4.715579
-0.110263
-0.110268
-0.070639
0.800925
1.384152
-1.519219
-0.110263
-0.110269
13.806610
-0.109002
13.809209
13.804709
-0.110262
-0.110268
9.185566
2.727195
13.224033
4.570175
-0.110264
-0.110268
2.413361
0.394999
-0.004255
-0.082089
-0.094467
-0.067069
-0.077000
-0.029892
0.011980
-0.057080
-0.049019
-0.022100
-0.059327
-0.082413
-0.101787
-0.093259
-0.053637
-0.013897
-0.024719
0.241814
-0.052112
0.061404
-0.051782
0.009193
0.082062
-0.013823
-0.066480
-0.013866
-0.019983
-0.057328
-0.032437
-0.079255
-0.041288
-0.035608
-0.041464
-0.051012
-0.003405
-0.009621
-0.080079
-0.073298
-0.056490
-0.022839
-0.104837
-0.066599
-0.064537
-0.104522
-0.101105
-0.097135
-0.108198
-0.098003
-0.100946
-0.104141
-0.102295
-0.105671
-0.104434
-0.097604
-0.105018
-0.105577
-0.106890
-0.108946
-0.100600
-0.107952
-0.103891
-0.100426
-0.104822
-0.106275
-0.101624
-0.099946
-0.108405
-0.102499
-0.103756
-0.104971
-0.100312
-0.104369
-0.101503
-0.101831
-0.101536
-0.102694
-0.107306
-0.071941
-0.104560
-0.096375
-0.108939
-0.105631
-0.094544
-0.092754
-0.096792
-0.102994
-0.098097
-0.099246
-0.091550
-0.107397
-0.095900
-0.098589
-0.103952
-0.100964
-0.086848
-0.100405
-0.095409
-0.102666
0.267235
0.034802
-0.053230
-0.067702
-0.067723
-0.070563
-0.093338
-0.088997
-0.041814
-0.056683
-0.076349
-0.098411
-0.089670
-0.093411
-0.105918
-0.076944
-0.079298
-0.097206
-0.071139
0.016111
-0.074626
-0.068463
-0.040926
-0.093167
-0.042559
-0.050428
-0.047176
-0.091108
-0.091303
-0.099383
-0.093400
-0.097853
-0.090494
-0.094387
-0.073749
-0.062615
-0.076128
-0.092689
-0.075513
-0.104485
-0.104639
-0.080626
-0.105584
-0.106574
-0.089984
-0.096636
-0.103258
-0.106378
-0.099615
-0.102357
-0.103244
-0.103146
-0.100992
-0.105346
-0.106766
-0.108140
-0.105153
-0.104350
-0.105935
-0.107466
-0.104851
-0.105147
-0.106104
-0.107716
-0.104813
-0.105893
-0.106761
-0.107316
-0.103551
-0.103651
-0.106670
-0.108590
-0.106440
-0.104548
-0.106566
-0.107832
-0.105004
-0.103965
-0.105978
-0.102550
-0.102796
-0.100695
-0.101669
-0.108158
-0.102735
-0.101802
-0.105158
-0.105840
-0.105652
-0.107515
-0.106707
-0.106836
-0.108128
-0.105174
-0.103357
-0.108017
-0.102608
-0.102104
-0.105944
-0.103503
2.617118
0.671952
-0.016739
-0.062350
-0.039185
-0.089465
-0.099618
-0.069979
-0.061103
-0.058350
-0.081747
-0.092696
-0.076191
-0.103363
-0.097109
-0.069981
-0.089485
-0.038275
-0.082580
0.055294
-0.021022
-0.021380
-0.103286
-0.049089
0.029093
0.010388
-0.087555
-0.076469
-0.080578
-0.071435
-0.053868
-0.083971
-0.079848
-0.071769
-0.070512
-0.055035
-0.034218
-0.057803
-0.077922
-0.087960
-0.074232
-0.077895
-0.101681
-0.085264
-0.085104
-0.101908
-0.099938
-0.104702
-0.104709
-0.100752
-0.102313
-0.107790
-0.102516
-0.104711
-0.103389
-0.105483
-0.105745
-0.104648
-0.103395
-0.099068
-0.104373
-0.105057
-0.105889
-0.108636
-0.106692
-0.105719
-0.110021
-0.108220
-0.104090
-0.109439
-0.107058
-0.108346
-0.108287
-0.106344
-0.104277
-0.107305
-0.108410
-0.104111
-0.107611
-0.095558
-0.097361
-0.098719
-0.107574
-0.106231
-0.099333
-0.094372
-0.105148
-0.103096
-0.102158
-0.103275
-0.104512
-0.105743
-0.107080
-0.103763
-0.101178
-0.101283
-0.099328
-0.101934
-0.102464
-0.104388
-0.021521
0.755027
0.032046
-0.100629
-0.053180
-0.089945
-0.076303
-0.088472
-0.062787
-0.073525
-0.083422
-0.082543
-0.092351
-0.092579
-0.104665
-0.088840
-0.093625
-0.098368
-0.103232
-0.093881
-0.073256
-0.095325
-0.092395
-0.089920
-0.092720
-0.080522
-0.104211
-0.086121
-0.092906
-0.086104
-0.099607
-0.103469
-0.105843
-0.105270
-0.096947
-0.081603
-0.095182
-0.108408
-0.105791
-0.102552
-0.097054
-0.104009
-0.101728
-0.105618
-0.103176
-0.106255
-0.103162
-0.107391
-0.105874
-0.105732
-0.103756
-0.103917
-0.106554
-0.105618
-0.103347
-0.104231
-0.106310
-0.103900
-0.104645
-0.102081
-0.105619
-0.102397
-0.106137
-0.106736
-0.104971
-0.106524
-0.106936
-0.106569
-0.106410
-0.103710
-0.105581
-0.108286
-0.106863
-0.106410
-0.106776
-0.106419
-0.105280
-0.106918
-0.106732
-0.106913
-0.106871
-0.105416
-0.107350
-0.106554
-0.104524
-0.104444
-0.107453
-0.107196
-0.105385
-0.106647
-0.105420
-0.105584
-0.106323
-0.106607
-0.107153
-0.107401
-0.105428
-0.105086
-0.106998
-0.106510
0.035456
1.754859
0.097218
0.049719
0.037712
-0.056350
-0.044724
-0.073239
0.033068
-0.061393
-0.038008
-0.069180
-0.095200
-0.064656
-0.076600
-0.076109
-0.084088
-0.078434
-0.094700
-0.005832
-0.019578
-0.070839
-0.069146
-0.052053
-0.037083
-0.061734
-0.055885
-0.067414
-0.077940
-0.057775
-0.067785
-0.082680
-0.091780
-0.082473
-0.083858
-0.052806
-0.063285
-0.095082
-0.104173
-0.099432
-0.078012
-0.079498
-0.090272
-0.092806
-0.096727
-0.098862
-0.095057
-0.105103
-0.097373
-0.096625
-0.095373
-0.101328
-0.106562
-0.098624
-0.097149
-0.095211
-0.103033
-0.099834
-0.096450
-0.091854
-0.100171
-0.089999
-0.102631
-0.103570
-0.099544
-0.102360
-0.101663
-0.101297
-0.102554
-0.096887
-0.100228
-0.103422
-0.101017
-0.102383
-0.104278
-0.102841
-0.101278
-0.104892
-0.100446
-0.099528
-0.105712
-0.100266
-0.102398
-0.100011
-0.094363
-0.099493
-0.107001
-0.104278
-0.099829
-0.100016
-0.096826
-0.098565
-0.104771
-0.104458
-0.102800
-0.103477
-0.096591
-0.096873
-0.102884
-0.104409
-0.071548
0.517137
-0.033379
-0.070284
-0.077841
-0.095271
-0.090218
-0.092970
-0.091565
-0.081479
-0.086869
-0.080638
-0.096730
-0.105237
-0.108666
-0.079780
-0.095762
-0.096321
-0.088941
-0.096144
-0.090936
-0.098886
-0.086747
-0.098855
-0.094850
-0.096716
-0.088726
-0.083875
-0.096323
-0.098857
-0.100177
-0.105198
-0.100365
-0.086140
-0.106347
-0.090568
-0.099689
-0.106947
-0.100484
-0.106625
-0.104105
-0.106413
-0.107049
-0.106367
-0.103145
-0.107743
-0.103651
-0.105778
-0.107172
-0.107479
-0.105075
-0.106966
-0.107463
-0.106379
-0.104954
-0.106442
-0.107094
-0.106190
-0.106599
-0.104032
-0.106650
-0.103727
-0.107742
-0.108685
-0.107008
-0.107007
-0.107667
-0.107698
-0.107429
-0.105480
-0.106653
-0.109362
-0.107694
-0.107029
-0.107376
-0.108326
-0.106492
-0.106514
-0.108579
-0.107922
-0.107428
-0.106365
-0.107148
-0.107477
-0.106168
-0.107541
-0.109458
-0.108523
-0.106882
-0.107432
-0.104871
-0.107337
-0.107996
-0.107834
-0.107807
-0.106657
-0.107280
-0.105750
-0.107210
-0.107409
-1.883878
0.104352
-1.406587
-2.173024
-0.110260
-0.110265
-0.402730
0.059026
-0.143548
-0.652448
-0.110263
-0.110268
3.104538
0.076973
3.390286
2.773787
-0.110264
-0.110267
-0.173875
0.326495
0.343494
-0.811040
-0.110264
-0.110269
-0.071207
0.302811
0.627713
-0.664698
-0.110263
-0.110267
-0.130029
0.448059
0.809527
-1.107738
-0.110264
-0.110266
8.220302
0.264643
8.757142
7.685971
-0.110263
-0.110269
1.664290
-0.004992
-0.015635
-0.067503
-0.097841
-0.106117
-0.102855
-0.107029
-0.108382
-0.104909
-0.107241
-0.105849
-0.104073
-0.097641
-0.094269
-0.104179
-0.102653
-0.100567
-0.101935
-0.109600
-0.107315
-0.108664
-0.109047
-0.108589
-0.109338
-0.108531
-0.108828
-0.108654
-0.104584
-0.107561
-0.108387
-0.108505
-0.107445
-0.106500
-0.108826
-0.109564
-0.109158
-0.109175
-0.109897
-0.109363
-0.110001
-0.109656
-0.109764
-0.108972
-0.107887
-0.107992
-0.109118
-0.109133
-0.108658
-0.109557
-0.109800
-0.109572
-0.110076
-0.109938
-0.110061
-0.110064
-0.110169
-0.109860
-0.109483
-0.109091
-0.109934
-0.110045
-0.109462
-0.109445
-0.109573
-0.110020
-0.110160
-0.110039
-0.110122
-0.110206
-0.110052
-0.110175
-0.110062
-0.110074
-0.109840
-0.109326
-0.109528
-0.110142
-0.109925
-0.109843
-0.110112
-0.109901
-0.110017
-0.110200
-0.110113
-0.110156
-0.110254
-0.110129
-0.109929
-0.109800
-0.110052
-0.109913
-0.110129
-0.110041
-0.109628
-0.109839
-0.110170
-0.110194
-0.110090
-0.110147
0.183484
0.004787
-0.098560
-0.091250
-0.097175
-0.094480
-0.105906
-0.107657
-0.108303
-0.103404
-0.104748
-0.106045
-0.105030
-0.107860
-0.107239
-0.107448
-0.109080
-0.109628
-0.108115
-0.107135
-0.107849
-0.109388
-0.108752
-0.109178
-0.110003
-0.108831
-0.108230
-0.108195
-0.108900
-0.109313
-0.107896
-0.108136
-0.108259
-0.108346
-0.108682
-0.107903
-0.109955
-0.108771
-0.108999
-0.109024
-0.109319
-0.110143
-0.108888
-0.109538
-0.109417
-0.109650
-0.109891
-0.109720
-0.109783
-0.109317
-0.109549
-0.109800
-0.109971
-0.109521
-0.109529
-0.109581
-0.109716
-0.109519
-0.109038
-0.109704
-0.109109
-0.109509
-0.109382
-0.109283
-0.109739
-0.109563
-0.109972
-0.109601
-0.109684
-0.109834
-0.109759
-0.109906
-0.109565
-0.109870
-0.109754
-0.109813
-0.109915
-0.109709
-0.109825
-0.109719
-0.109843
-0.109844
-0.109771
-0.109620
-0.109682
-0.109790
-0.109748
-0.109628
-0.109551
-0.109869
-0.109708
-0.109823
-0.109854
-0.109674
-0.109982
-0.109859
-0.109904
-0.109853
-0.109747
-0.109914
3.103377
-0.004012
-0.036577
-0.097450
-0.094369
-0.097549
-0.105498
-0.107100
-0.108125
-0.106044
-0.105045
-0.104884
-0.107675
-0.106912
-0.105133
-0.108046
-0.105229
-0.107673
-0.107779
-0.108366
-0.108186
-0.109848
-0.108965
-0.109211
-0.110013
-0.109955
-0.107706
-0.107271
-0.106818
-0.108474
-0.108045
-0.108304
-0.108284
-0.107798
-0.107580
-0.109503
-0.109806
-0.109763
-0.109797
-0.109723
-0.109678
-0.110035
-0.109690
-0.109739
-0.109385
-0.109741
-0.109642
-0.109571
-0.109738
-0.109971
-0.109560
-0.110098
-0.109937
-0.109964
-0.110119
-0.109952
-0.109663
-0.110202
-0.109951
-0.109291
-0.109798
-0.109937
-0.109374
-0.109768
-0.109931
-0.109959
-0.110072
-0.110181
-0.110131
-0.110180
-0.110134
-0.110111
-0.110053
-0.110205
-0.109945
-0.110185
-0.110087
-0.110209
-0.109920
-0.110155
-0.110223
-0.110091
-0.110179
-0.110129
-0.110196
-0.110166
-0.110163
-0.109999
-0.110074
-0.110061
-0.109926
-0.109992
-0.110179
-0.110101
-0.110048
-0.110112
-0.110147
-0.110229
-0.110127
-0.110245
-0.045220
0.190929
-0.078844
-0.065565
-0.084664
-0.101014
-0.098884
-0.103434
-0.104229
-0.105659
-0.105614
-0.106282
-0.106041
-0.106568
-0.106887
-0.107018
-0.107200
-0.107487
-0.107601
-0.107795
-0.107909
-0.107958
-0.107992
-0.108081
-0.108369
-0.107561
-0.108231
-0.106997
-0.105671
-0.107538
-0.103752
-0.107152
-0.103978
-0.105086
-0.107461
-0.108678
-0.108000
-0.108553
-0.108455
-0.108506
-0.108463
-0.108569
-0.108513
-0.108627
-0.108673
-0.108664
-0.108654
-0.108740
-0.108724
-0.108728
-0.108847
-0.108820
-0.108807
-0.108815
-0.108902
-0.108738
-0.109012
-0.109003
-0.109320
-0.108061
-0.107872
-0.108376
-0.107636
-0.109034
-0.109381
-0.109174
-0.108917
-0.109095
-0.108988
-0.109000
-0.109002
-0.109028
-0.108987
-0.109056
-0.109004
-0.108964
-0.108950
-0.109151
-0.109064
-0.109131
-0.109250
-0.109009
-0.108994
-0.109000
-0.109079
-0.108977
-0.109104
-0.109008
-0.108930
-0.108601
-0.109064
-0.108923
-0.109078
-0.109461
-0.109255
-0.109088
-0.109030
-0.109150
-0.109067
-0.109101
-0.070105
0.164641
-0.026774
-0.073355
-0.092367
-0.097664
-0.100857
-0.100510
-0.103323
-0.103857
-0.104813
-0.105751
-0.105544
-0.106127
-0.106669
-0.106485
-0.106877
-0.107451
-0.107247
-0.107407
-0.107829
-0.107710
-0.107520
-0.108093
-0.108750
-0.108081
-0.107664
-0.107788
-0.106238
-0.103162
-0.107476
-0.106836
-0.104031
-0.108730
-0.109709
-0.109443
-0.108662
-0.109119
-0.109370
-0.109101
-0.109310
-0.109368
-0.109147
-0.109332
-0.109402
-0.109239
-0.109417
-0.109485
-0.109286
-0.109435
-0.109508
-0.109382
-0.109397
-0.109599
-0.109487
-0.109285
-0.109422
-0.109338
-0.109181
-0.109716
-0.109068
-0.109155
-0.109275
-0.109218
-0.109778
-0.109694
-0.109474
-0.109832
-0.109767
-0.109667
-0.109805
-0.109753
-0.109686
-0.109852
-0.109809
-0.109738
-0.109892
-0.109695
-0.109697
-0.109858
-0.109716
-0.109799
-0.109776
-0.109884
-0.109857
-0.109745
-0.109934
-0.109923
-0.109849
-0.109966
-0.109607
-0.109628
-0.110034
-0.109453
-0.109946
-0.109765
-0.109802
-0.109990
-0.109840
-0.109829
-0.089642
0.226657
0.090008
-0.082343
-0.097994
-0.097489
-0.104976
-0.108414
-0.108085
-0.108652
-0.108849
-0.108896
-0.109159
-0.109351
-0.109339
-0.109248
-0.109488
-0.109529
-0.109351
-0.109493
-0.109688
-0.109255
-0.109497
-0.109651
-0.109854
-0.109058
-0.107131
-0.109479
-0.102256
-0.100984
-0.106411
-0.107327
-0.101530
-0.104289
-0.108409
-0.107344
-0.109016
-0.109071
-0.108791
-0.109124
-0.109062
-0.109017
-0.109187
-0.109208
-0.109106
-0.109201
-0.109246
-0.109268
-0.109221
-0.109259
-0.109305
-0.109238
-0.109379
-0.109247
-0.109228
-0.109379
-0.109195
-0.109061
-0.108812
-0.106978
-0.109096
-0.109219
-0.107424
-0.108372
-0.109503
-0.109335
-0.109707
-0.109433
-0.109346
-0.109478
-0.109370
-0.109376
-0.109442
-0.109351
-0.109358
-0.109398
-0.109391
-0.109631
-0.109324
-0.109344
-0.109783
-0.109316
-0.109442
-0.109334
-0.109305
-0.109377
-0.109238
-0.109191
-0.109219
-0.108743
-0.110047
-0.109315
-0.109056
-0.109518
-0.109613
-0.109622
-0.109637
-0.109443
-0.109511
-0.109540
