-2.824715
0.824935
0.191529
-4.662598
-0.113137
-0.113138
0.447395
0.320325
1.553812
-0.635428
-0.113139
-0.113138
2.510677
0.907393
4.391946
0.324787
-0.113140
-0.113142
-0.106800
0.944354
1.521088
-1.711859
-0.113138
-0.113144
-0.152232
2.371991
3.340347
-4.503204
-0.113139
-0.113143
0.005865
0.725917
1.759575
-1.768166
-0.113138
-0.113141
13.568229
-0.111916
13.570412
13.567026
-0.113135
-0.113142
9.754492
2.499864
13.361507
5.415567
-0.113139
-0.113144
2.598569
0.367584
-0.041453
-0.072487
-0.100065
-0.096611
-0.086444
-0.068311
-0.096264
-0.048861
-0.065204
0.027838
-0.067403
0.014820
-0.038778
0.009966
0.052834
-0.015918
-0.061890
-0.047793
0.032650
-0.053988
-0.065342
-0.105640
-0.026828
-0.089671
-0.022778
-0.048907
-0.045598
-0.038157
-0.088650
-0.100785
-0.020696
-0.066588
-0.077970
-0.057694
-0.093779
-0.096403
-0.096538
-0.071324
-0.095513
-0.058875
-0.074421
-0.078793
-0.103427
-0.102708
-0.079138
-0.109501
-0.102415
-0.110484
-0.111174
-0.109380
-0.107718
-0.105043
-0.107085
-0.108832
-0.108627
-0.108442
-0.103970
-0.106959
-0.105876
-0.106719
-0.110823
-0.111572
-0.111209
-0.110469
-0.106168
-0.104612
-0.101547
-0.108671
-0.104004
-0.105339
-0.106209
-0.097867
-0.096900
-0.101692
-0.111576
-0.104662
-0.104174
-0.102969
-0.106215
-0.108392
-0.105945
-0.107466
-0.103610
-0.099751
-0.109899
-0.097475
-0.097841
-0.112077
-0.109430
-0.100928
-0.105130
-0.105051
-0.107335
-0.099356
-0.105361
-0.109670
-0.108510
-0.107280
0.448322
-0.058818
-0.021533
-0.081860
-0.087294
-0.095154
-0.081460
-0.075947
-0.086793
-0.059645
-0.094926
-0.064133
-0.035944
-0.084411
-0.039666
-0.083043
-0.049609
-0.043363
-0.106731
-0.051648
-0.060640
-0.050904
-0.102259
-0.062432
-0.084332
-0.005989
-0.093028
-0.065727
-0.045108
-0.069249
-0.081570
-0.066968
-0.057682
-0.109923
-0.062442
-0.082197
-0.075806
-0.103155
-0.089773
-0.100896
-0.089473
-0.099201
-0.099686
-0.093811
-0.105884
-0.106752
-0.097666
-0.104803
-0.110934
-0.105311
-0.111230
-0.110729
-0.109548
-0.109197
-0.112259
-0.109343
-0.112686
-0.111318
-0.109381
-0.111406
-0.109340
-0.112199
-0.110708
-0.111380
-0.111144
-0.112392
-0.111770
-0.110013
-0.107864
-0.110894
-0.110661
-0.107948
-0.109772
-0.105536
-0.109740
-0.109786
-0.106687
-0.110766
-0.108942
-0.109654
-0.108292
-0.108560
-0.108383
-0.109570
-0.104551
-0.106036
-0.105500
-0.106272
-0.106785
-0.108175
-0.107594
-0.104884
-0.111216
-0.107916
-0.107474
-0.105751
-0.106017
-0.110908
-0.108852
-0.107630
2.508277
0.532930
0.053433
-0.079688
-0.088675
-0.092123
-0.061790
-0.089539
-0.100310
-0.067794
-0.085736
-0.048409
-0.110081
-0.069270
-0.076895
-0.055464
-0.013773
-0.059410
-0.077333
-0.052075
-0.066682
-0.065718
-0.091167
-0.094976
-0.027978
-0.083791
-0.049964
-0.089036
-0.054186
-0.077839
-0.106910
-0.088812
-0.061653
-0.075159
-0.103593
-0.057781
-0.085835
-0.092781
-0.091892
-0.098622
-0.108601
-0.081656
-0.087949
-0.094585
-0.108924
-0.104523
-0.098766
-0.107240
-0.105496
-0.109160
-0.109696
-0.106483
-0.109562
-0.106268
-0.109343
-0.110925
-0.107286
-0.106302
-0.104475
-0.109248
-0.105781
-0.107156
-0.109934
-0.111100
-0.109853
-0.110299
-0.106364
-0.107346
-0.105913
-0.108054
-0.109054
-0.108888
-0.109130
-0.105931
-0.102907
-0.105223
-0.108797
-0.105701
-0.104089
-0.109210
-0.108552
-0.109617
-0.106506
-0.108942
-0.103951
-0.104243
-0.107037
-0.102591
-0.104267
-0.112361
-0.107112
-0.105835
-0.107029
-0.110723
-0.108560
-0.102553
-0.108305
-0.108118
-0.111719
-0.109772
-0.110509
0.619837
-0.046877
-0.087391
-0.071213
-0.056605
-0.090081
-0.095382
-0.101462
-0.096271
-0.077721
-0.080888
-0.097680
-0.088780
-0.089789
-0.107144
-0.081846
-0.082703
-0.107180
-0.093438
-0.086334
-0.103421
-0.103043
-0.088073
-0.097520
-0.108914
-0.094242
-0.108606
-0.107031
-0.102469
-0.102357
-0.106784
-0.108165
-0.104162
-0.110011
-0.110760
-0.106586
-0.109473
-0.105879
-0.102170
-0.108368
-0.109304
-0.108678
-0.108938
-0.110020
-0.109235
-0.109046
-0.110664
-0.111864
-0.109404
-0.111552
-0.112237
-0.111013
-0.112672
-0.111489
-0.110661
-0.109926
-0.111812
-0.107466
-0.112011
-0.111040
-0.110237
-0.111300
-0.112845
-0.110775
-0.112209
-0.111303
-0.112592
-0.111040
-0.112524
-0.110552
-0.112721
-0.112887
-0.110644
-0.111681
-0.111154
-0.110717
-0.112776
-0.111679
-0.112548
-0.111433
-0.111198
-0.111060
-0.111421
-0.111657
-0.113054
-0.111768
-0.111792
-0.111827
-0.111893
-0.112027
-0.112480
-0.112091
-0.112185
-0.112014
-0.112045
-0.112242
-0.110963
-0.112633
-0.111012
-0.064405
1.621525
0.031543
0.003855
-0.038665
-0.087877
-0.054615
-0.071582
-0.087748
-0.107804
-0.088192
-0.050449
-0.095156
-0.046712
-0.110208
-0.093468
-0.044287
-0.082835
-0.091815
-0.090375
-0.063037
-0.098253
-0.089208
-0.081530
-0.112106
-0.096639
-0.110458
-0.073870
-0.106604
-0.089699
-0.091964
-0.109388
-0.102558
-0.104524
-0.099400
-0.102503
-0.097435
-0.104168
-0.100487
-0.094054
-0.102771
-0.098540
-0.104028
-0.101760
-0.110464
-0.108399
-0.106053
-0.109287
-0.111887
-0.110930
-0.111388
-0.107436
-0.112140
-0.107129
-0.111852
-0.109161
-0.112605
-0.109852
-0.103525
-0.108998
-0.106953
-0.111558
-0.108878
-0.109554
-0.109467
-0.108959
-0.111561
-0.110919
-0.111838
-0.111238
-0.110648
-0.111222
-0.111675
-0.110912
-0.109779
-0.111725
-0.110158
-0.109477
-0.109636
-0.108620
-0.108809
-0.108990
-0.110235
-0.111640
-0.109560
-0.111861
-0.109464
-0.110805
-0.111281
-0.111528
-0.112336
-0.111086
-0.111798
-0.109394
-0.111403
-0.111007
-0.111123
-0.109579
-0.111337
-0.111621
0.005904
0.420374
0.012146
0.017988
-0.028847
-0.024943
-0.071745
-0.029495
-0.101454
-0.104565
-0.070300
-0.080819
-0.097226
-0.105394
-0.087457
-0.082360
-0.099487
-0.100743
-0.101721
-0.104710
-0.106056
-0.103871
-0.101648
-0.104352
-0.088842
-0.093154
-0.103962
-0.091399
-0.097412
-0.099632
-0.101509
-0.101971
-0.100596
-0.100954
-0.105893
-0.106756
-0.107464
-0.103034
-0.107205
-0.107637
-0.110013
-0.108765
-0.110488
-0.109796
-0.109809
-0.107760
-0.111392
-0.111840
-0.110998
-0.109475
-0.111126
-0.109209
-0.109887
-0.109782
-0.109664
-0.109940
-0.111029
-0.112240
-0.107975
-0.112356
-0.110158
-0.110512
-0.110202
-0.110406
-0.110223
-0.112322
-0.109022
-0.111828
-0.111803
-0.110770
-0.111104
-0.112127
-0.111592
-0.112134
-0.110902
-0.112637
-0.111664
-0.111800
-0.112411
-0.112100
-0.111758
-0.112391
-0.111779
-0.109853
-0.111690
-0.111328
-0.110099
-0.111690
-0.112234
-0.111941
-0.112424
-0.112124
-0.111385
-0.112468
-0.112141
-0.112356
-0.111817
-0.111873
-0.111661
-0.112772
-1.786018
0.204162
-1.195762
-2.179367
-0.113136
-0.113143
-0.113257
0.182959
0.358893
-0.586775
-0.113138
-0.113143
3.201054
0.087650
3.505899
2.815670
-0.113140
-0.113142
0.043137
0.485932
0.916481
-0.845987
-0.113139
-0.113144
0.017685
0.565970
1.072634
-0.901749
-0.113137
-0.113144
-0.224177
0.542175
0.756102
-1.266991
-0.113139
-0.113143
8.610406
0.737972
9.915496
7.422014
-0.113138
-0.113144
1.557966
0.090903
-0.038409
-0.070403
-0.094086
-0.110300
-0.106340
-0.108619
-0.108546
-0.102179
-0.110311
-0.102820
-0.104080
-0.100749
-0.106917
-0.105039
-0.106998
-0.104460
-0.107269
-0.108758
-0.110924
-0.109177
-0.111486
-0.112034
-0.111558
-0.112233
-0.111457
-0.109669
-0.108281
-0.108433
-0.112025
-0.108479
-0.110991
-0.110655
-0.111404
-0.112901
-0.112671
-0.112479
-0.112547
-0.111805
-0.113101
-0.111326
-0.111722
-0.111176
-0.112275
-0.111761
-0.112011
-0.111660
-0.111952
-0.112516
-0.112566
-0.112511
-0.112760
-0.112897
-0.112868
-0.112762
-0.112865
-0.112461
-0.111988
-0.112219
-0.112580
-0.112047
-0.112918
-0.112491
-0.112666
-0.113086
-0.113028
-0.112848
-0.112847
-0.112729
-0.112940
-0.112464
-0.112619
-0.112514
-0.112835
-0.112692
-0.112773
-0.112551
-0.112617
-0.113009
-0.112741
-0.113050
-0.113019
-0.112994
-0.113041
-0.112882
-0.113036
-0.112889
-0.112710
-0.112881
-0.112702
-0.112717
-0.112860
-0.112688
-0.112972
-0.112965
-0.112957
-0.112818
-0.112806
-0.112733
-0.112397
0.092708
-0.099049
-0.104758
-0.097106
-0.103862
-0.103426
-0.105391
-0.108431
-0.105406
-0.105208
-0.108813
-0.108402
-0.105770
-0.104462
-0.110693
-0.105426
-0.108785
-0.109787
-0.110971
-0.108720
-0.110551
-0.111263
-0.111033
-0.111066
-0.111457
-0.110928
-0.112421
-0.110971
-0.108123
-0.112561
-0.108115
-0.112845
-0.112930
-0.111761
-0.111990
-0.111971
-0.111887
-0.112277
-0.111630
-0.112048
-0.112848
-0.112883
-0.111503
-0.111507
-0.112278
-0.111467
-0.112467
-0.112628
-0.112812
-0.111850
-0.112373
-0.112328
-0.112406
-0.112527
-0.112395
-0.112452
-0.112854
-0.112077
-0.111818
-0.112554
-0.111661
-0.112891
-0.112837
-0.112455
-0.112596
-0.112541
-0.112440
-0.112646
-0.112422
-0.112709
-0.112853
-0.112892
-0.112299
-0.112392
-0.112600
-0.112310
-0.112848
-0.112919
-0.112669
-0.112360
-0.112582
-0.112438
-0.112686
-0.112702
-0.112568
-0.112686
-0.112796
-0.112354
-0.112445
-0.112507
-0.112371
-0.112954
-0.112877
-0.112496
-0.112682
-0.112574
-0.112468
-0.112784
-0.112684
3.202226
-0.000588
-0.032281
-0.090564
-0.101410
-0.106053
-0.111066
-0.110712
-0.108082
-0.108061
-0.107571
-0.108511
-0.108280
-0.111780
-0.109357
-0.108087
-0.109650
-0.111996
-0.109527
-0.110915
-0.110067
-0.111378
-0.111695
-0.112292
-0.112560
-0.112770
-0.111741
-0.111122
-0.108332
-0.110988
-0.113041
-0.110345
-0.110358
-0.111653
-0.112333
-0.112199
-0.112795
-0.112749
-0.112327
-0.112454
-0.112682
-0.112229
-0.112379
-0.112833
-0.112419
-0.112528
-0.112328
-0.112994
-0.112237
-0.112668
-0.112508
-0.112729
-0.112812
-0.112853
-0.113006
-0.112984
-0.112827
-0.112562
-0.112076
-0.112903
-0.113011
-0.112442
-0.112515
-0.112681
-0.112856
-0.112827
-0.112934
-0.112889
-0.112813
-0.112874
-0.113055
-0.112737
-0.112848
-0.112889
-0.112855
-0.112990
-0.112758
-0.113017
-0.112653
-0.112872
-0.112875
-0.112931
-0.113035
-0.112927
-0.113020
-0.112990
-0.112980
-0.112837
-0.112769
-0.113052
-0.112974
-0.112780
-0.112721
-0.112910
-0.112868
-0.112953
-0.112954
-0.112903
-0.112913
-0.112879
0.038735
0.306856
-0.054983
-0.096098
-0.108273
-0.101488
-0.111154
-0.111598
-0.111387
-0.111715
-0.111454
-0.111798
-0.112468
-0.112468
-0.112458
-0.112360
-0.112384
-0.112822
-0.112415
-0.112514
-0.112358
-0.112553
-0.112851
-0.112414
-0.112492
-0.111549
-0.112958
-0.112092
-0.109261
-0.103376
-0.110612
-0.104178
-0.111471
-0.111805
-0.112369
-0.111969
-0.112679
-0.112929
-0.112651
-0.112776
-0.112737
-0.112762
-0.112950
-0.112809
-0.112894
-0.112855
-0.112827
-0.112983
-0.112803
-0.112957
-0.112847
-0.112892
-0.112943
-0.112826
-0.113003
-0.112695
-0.113094
-0.112827
-0.112116
-0.111163
-0.112014
-0.111177
-0.112827
-0.112738
-0.112756
-0.112828
-0.112852
-0.112989
-0.112890
-0.112904
-0.112956
-0.112898
-0.112993
-0.112930
-0.112937
-0.112992
-0.112886
-0.113016
-0.112890
-0.112856
-0.112778
-0.112886
-0.112837
-0.112926
-0.113104
-0.112826
-0.113113
-0.112924
-0.112612
-0.112455
-0.112480
-0.112404
-0.112908
-0.112949
-0.112854
-0.113003
-0.112913
-0.112976
-0.112966
-0.112922
0.018083
0.349408
-0.030003
-0.061732
-0.063356
-0.085866
-0.092477
-0.096875
-0.098290
-0.099602
-0.101407
-0.102441
-0.103747
-0.103884
-0.105058
-0.105489
-0.105787
-0.106381
-0.106414
-0.107182
-0.106942
-0.107247
-0.107845
-0.107620
-0.108261
-0.107022
-0.106166
-0.107871
-0.106604
-0.101282
-0.110662
-0.101903
-0.109155
-0.108634
-0.108157
-0.109785
-0.109571
-0.110126
-0.109897
-0.109990
-0.110196
-0.110101
-0.110383
-0.110209
-0.110431
-0.110449
-0.110396
-0.110572
-0.110457
-0.110629
-0.110490
-0.110601
-0.110664
-0.110573
-0.110812
-0.110342
-0.110351
-0.110713
-0.110100
-0.109528
-0.111106
-0.109351
-0.111112
-0.110786
-0.110683
-0.111183
-0.111011
-0.111210
-0.111117
-0.111128
-0.111224
-0.111139
-0.111258
-0.111192
-0.111240
-0.111290
-0.111165
-0.111256
-0.111259
-0.111102
-0.111150
-0.111188
-0.111066
-0.111213
-0.111271
-0.110993
-0.111160
-0.111255
-0.110896
-0.110949
-0.111272
-0.110771
-0.111430
-0.111286
-0.111213
-0.111468
-0.111357
-0.111422
-0.111411
-0.111361
0.001000
0.340187
-0.055658
-0.048251
-0.108725
-0.099168
-0.100484
-0.100638
-0.102640
-0.103562
-0.104852
-0.106032
-0.105886
-0.106957
-0.107010
-0.107571
-0.108005
-0.108048
-0.108736
-0.108667
-0.109253
-0.108966
-0.109302
-0.109712
-0.109778
-0.110790
-0.111411
-0.107527
-0.108719
-0.103410
-0.111279
-0.104307
-0.112420
-0.108217
-0.111890
-0.110451
-0.110805
-0.110464
-0.110689
-0.110778
-0.110759
-0.111039
-0.110804
-0.111078
-0.110979
-0.111051
-0.111185
-0.111057
-0.111270
-0.111246
-0.111417
-0.111309
-0.111455
-0.111509
-0.111360
-0.111843
-0.111610
-0.111141
-0.112464
-0.111651
-0.111885
-0.111952
-0.111651
-0.111018
-0.111921
-0.111428
-0.111623
-0.111488
-0.111551
-0.111612
-0.111557
-0.111688
-0.111566
-0.111672
-0.111646
-0.111624
-0.111773
-0.111594
-0.111673
-0.112043
-0.111949
-0.111940
-0.112236
-0.111872
-0.111734
-0.112121
-0.111785
-0.111790
-0.112672
-0.112249
-0.112057
-0.112617
-0.111713
-0.111568
-0.111948
-0.111682
-0.111785
-0.111740
-0.111718
-0.111803
