-2.674226
0.739523
0.346111
-4.946805
-0.120583
-0.120581
0.320023
0.205894
1.278576
-0.567909
-0.120583
-0.120584
2.622185
0.816576
5.067641
1.015540
-0.120582
-0.120586
-0.134964
1.117087
1.932002
-2.045497
-0.120583
-0.120588
-0.249499
2.080138
3.723877
-3.702851
-0.120583
-0.120588
-0.042565
0.606951
1.107996
-1.155450
-0.120583
-0.120588
13.844014
-0.119537
13.845758
13.842303
-0.120582
-0.120586
9.279712
2.036892
12.350630
5.667767
-0.120584
-0.120588
2.431719
0.157957
-0.005008
-0.112174
-0.074943
-0.097474
-0.074382
-0.086081
-0.063381
-0.083239
-0.042030
-0.026780
-0.095867
-0.072401
-0.027647
-0.119931
-0.077404
-0.076394
-0.056369
-0.011200
-0.042766
0.033675
-0.040750
-0.084930
0.011721
-0.034114
-0.022726
0.048881
-0.114527
-0.017696
-0.048712
-0.035121
-0.026326
-0.062488
-0.033027
-0.022430
-0.022354
-0.025066
-0.035293
-0.071025
-0.054905
-0.049809
-0.053737
-0.106532
-0.076051
-0.103387
-0.049890
-0.093783
-0.087242
-0.074060
-0.099705
-0.100051
-0.070189
-0.095842
-0.088858
-0.100445
-0.112776
-0.107538
-0.114878
-0.105189
-0.104128
-0.111595
-0.104939
-0.104158
-0.110508
-0.105646
-0.110437
-0.111076
-0.107429
-0.112092
-0.115971
-0.109124
-0.114574
-0.108416
-0.104703
-0.106388
-0.108891
-0.110470
-0.103410
-0.109437
-0.108210
-0.105042
-0.114748
-0.118277
-0.110404
-0.104007
-0.113749
-0.099651
-0.114226
-0.099423
-0.114543
-0.108415
-0.116786
-0.101494
-0.108873
-0.097245
-0.108508
-0.103872
-0.095628
-0.099238
0.317317
-0.047873
-0.063985
-0.073199
-0.110469
-0.106437
-0.075219
-0.116228
-0.102358
-0.069746
-0.081796
-0.068357
-0.100396
-0.076686
-0.070579
-0.111912
-0.086896
-0.102565
-0.074112
-0.064312
-0.076033
-0.075328
-0.092778
-0.106373
-0.066627
-0.100685
-0.089144
-0.096634
-0.115656
-0.089179
-0.093929
-0.081957
-0.105320
-0.104422
-0.095199
-0.095715
-0.080834
-0.093011
-0.103386
-0.104734
-0.093492
-0.114313
-0.098492
-0.117637
-0.105065
-0.107663
-0.104639
-0.110160
-0.111069
-0.104708
-0.118834
-0.112312
-0.108129
-0.109243
-0.104799
-0.112207
-0.117235
-0.114545
-0.118088
-0.115309
-0.116174
-0.117752
-0.114648
-0.116951
-0.116388
-0.116644
-0.118859
-0.119423
-0.118577
-0.118804
-0.118545
-0.118363
-0.119474
-0.117714
-0.117688
-0.117801
-0.119188
-0.118990
-0.117338
-0.117961
-0.118485
-0.117253
-0.115746
-0.118514
-0.117701
-0.118408
-0.117731
-0.111863
-0.119868
-0.116401
-0.119575
-0.117261
-0.119747
-0.118377
-0.116967
-0.115974
-0.114419
-0.112802
-0.118529
-0.116296
2.618635
0.455670
-0.085931
-0.064537
-0.085900
-0.107065
-0.089364
-0.100517
-0.100535
-0.105783
-0.097113
-0.109223
-0.102831
-0.093429
-0.075373
-0.074241
-0.099385
-0.093741
-0.083335
-0.052192
-0.075370
-0.052836
-0.082178
-0.090463
-0.065887
-0.068876
-0.077230
-0.022881
-0.086904
-0.067685
-0.087481
-0.039868
-0.061976
-0.085148
-0.069695
-0.048188
-0.034546
-0.038767
-0.051557
-0.095128
-0.074776
-0.085592
-0.062556
-0.117659
-0.108281
-0.097028
-0.079634
-0.105483
-0.097296
-0.104415
-0.102994
-0.112767
-0.094664
-0.110045
-0.103611
-0.108755
-0.109153
-0.112674
-0.111547
-0.111188
-0.109630
-0.116209
-0.112202
-0.112585
-0.115095
-0.111685
-0.112310
-0.117010
-0.112374
-0.116086
-0.116127
-0.113177
-0.115345
-0.112979
-0.109522
-0.109768
-0.113364
-0.114604
-0.110153
-0.113335
-0.111968
-0.111343
-0.116441
-0.114642
-0.111048
-0.106068
-0.117416
-0.105552
-0.113796
-0.103967
-0.114582
-0.110003
-0.118422
-0.109555
-0.114936
-0.105075
-0.110457
-0.113746
-0.105448
-0.111635
-0.101520
0.731302
0.023526
-0.086965
-0.079091
-0.080216
-0.082534
-0.093388
-0.078122
-0.092887
-0.062402
-0.084734
-0.112994
-0.103653
-0.111607
-0.114102
-0.115708
-0.114036
-0.100655
-0.112869
-0.107886
-0.104339
-0.103380
-0.109303
-0.106907
-0.106415
-0.118404
-0.115312
-0.116188
-0.111740
-0.102632
-0.109946
-0.117005
-0.112647
-0.116085
-0.112358
-0.114086
-0.111568
-0.118992
-0.111512
-0.116104
-0.114723
-0.109642
-0.116178
-0.118652
-0.119578
-0.112979
-0.115323
-0.115176
-0.113535
-0.114476
-0.120281
-0.113614
-0.116415
-0.115328
-0.116071
-0.116845
-0.118194
-0.117205
-0.116882
-0.118614
-0.117280
-0.117076
-0.119120
-0.118939
-0.118991
-0.117972
-0.118887
-0.118490
-0.118956
-0.118614
-0.116186
-0.116429
-0.118374
-0.115715
-0.118410
-0.118879
-0.119995
-0.117789
-0.118851
-0.119525
-0.118420
-0.119734
-0.118662
-0.119925
-0.118801
-0.119579
-0.119379
-0.118602
-0.119688
-0.117900
-0.119272
-0.119198
-0.119912
-0.119616
-0.119492
-0.120232
-0.117267
-0.119850
-0.119194
0.013619
1.375298
0.194319
-0.034046
-0.018419
-0.062684
-0.074602
-0.093156
-0.030170
-0.048805
-0.010638
-0.044985
-0.105846
-0.083087
-0.102015
-0.110407
-0.110957
-0.101649
-0.092660
-0.073924
-0.115937
-0.063815
-0.109645
-0.095078
-0.074382
-0.095991
-0.101612
-0.093448
-0.107320
-0.090598
-0.086375
-0.091560
-0.113274
-0.100534
-0.103684
-0.108926
-0.108164
-0.112654
-0.114655
-0.114655
-0.111372
-0.110383
-0.094971
-0.109127
-0.110897
-0.114031
-0.100659
-0.108634
-0.110819
-0.099789
-0.110570
-0.115462
-0.105315
-0.112111
-0.110204
-0.116520
-0.115543
-0.119771
-0.115882
-0.113611
-0.118955
-0.116968
-0.114320
-0.116694
-0.116976
-0.117584
-0.117648
-0.117618
-0.116812
-0.119578
-0.118453
-0.114269
-0.114381
-0.118046
-0.111678
-0.119211
-0.118967
-0.120468
-0.115861
-0.118830
-0.118313
-0.115566
-0.118799
-0.116231
-0.119833
-0.117123
-0.117768
-0.118943
-0.118922
-0.119487
-0.117007
-0.117836
-0.119220
-0.116277
-0.119645
-0.119384
-0.118301
-0.113954
-0.118166
-0.119223
-0.045786
0.386150
-0.096952
-0.085243
-0.094745
-0.088929
-0.108620
-0.109279
-0.116320
-0.115813
-0.109771
-0.115336
-0.104377
-0.116335
-0.111481
-0.106403
-0.105789
-0.112250
-0.110356
-0.105009
-0.109697
-0.102743
-0.109679
-0.116246
-0.100869
-0.115803
-0.112316
-0.109283
-0.113465
-0.113234
-0.116289
-0.106430
-0.110378
-0.112577
-0.113568
-0.109030
-0.112416
-0.111525
-0.111017
-0.116670
-0.113763
-0.115677
-0.114239
-0.118246
-0.116047
-0.117731
-0.115204
-0.117907
-0.117551
-0.115674
-0.120043
-0.115934
-0.118410
-0.119081
-0.117727
-0.119236
-0.119308
-0.120019
-0.117705
-0.119108
-0.118942
-0.119190
-0.119564
-0.118883
-0.119185
-0.119060
-0.119336
-0.119172
-0.119015
-0.118859
-0.119113
-0.119719
-0.117906
-0.119457
-0.118148
-0.119421
-0.119439
-0.119408
-0.120231
-0.119227
-0.119426
-0.120078
-0.118641
-0.119156
-0.119619
-0.119565
-0.119620
-0.119843
-0.120036
-0.119135
-0.119061
-0.119297
-0.119224
-0.119339
-0.118374
-0.119234
-0.118937
-0.118686
-0.119340
-0.119144
-1.431040
0.244162
-0.668194
-2.190185
-0.120584
-0.120585
-0.039957
0.466578
1.064961
-1.008485
-0.120583
-0.120586
3.360887
0.313906
4.091058
2.349923
-0.120585
-0.120584
-0.509641
1.055731
2.255963
-2.279209
-0.120581
-0.120584
-0.383681
0.492323
1.015152
-1.306263
-0.120581
-0.120586
0.591552
0.928449
2.397930
-0.755182
-0.120581
-0.120588
8.528574
0.268700
9.140935
7.799257
-0.120583
-0.120588
1.189320
0.006345
0.064488
-0.018930
-0.073848
-0.095029
-0.093734
-0.102293
-0.109479
-0.111434
-0.114383
-0.112571
-0.109504
-0.109654
-0.111434
-0.108127
-0.109322
-0.113947
-0.118760
-0.113673
-0.113897
-0.118318
-0.111233
-0.118610
-0.113428
-0.117060
-0.118832
-0.117255
-0.118013
-0.117439
-0.118903
-0.117738
-0.120146
-0.118704
-0.110525
-0.113045
-0.119855
-0.118203
-0.115614
-0.115482
-0.117370
-0.116768
-0.116542
-0.117756
-0.117052
-0.118748
-0.118309
-0.118420
-0.118354
-0.117865
-0.119204
-0.117669
-0.119353
-0.117117
-0.119313
-0.118953
-0.117486
-0.118907
-0.118599
-0.118999
-0.118413
-0.119004
-0.118998
-0.119016
-0.118964
-0.118792
-0.119221
-0.119070
-0.119581
-0.119324
-0.119275
-0.117213
-0.119297
-0.119214
-0.118717
-0.118748
-0.120304
-0.118784
-0.119221
-0.118631
-0.119318
-0.118919
-0.119238
-0.119276
-0.119014
-0.119206
-0.118903
-0.119229
-0.119379
-0.119156
-0.118865
-0.119653
-0.118832
-0.118476
-0.119332
-0.118873
-0.119532
-0.118906
-0.119327
-0.119308
-0.042576
0.251686
-0.018094
-0.004154
-0.037910
-0.085258
-0.097033
-0.108284
-0.115512
-0.117565
-0.116435
-0.117521
-0.115237
-0.118066
-0.117098
-0.115779
-0.120097
-0.115916
-0.111633
-0.113487
-0.115217
-0.118599
-0.116982
-0.118107
-0.119467
-0.118183
-0.119608
-0.120231
-0.120065
-0.118911
-0.118235
-0.118572
-0.116638
-0.111358
-0.112359
-0.118629
-0.113139
-0.119617
-0.114246
-0.114978
-0.115952
-0.116008
-0.118173
-0.117641
-0.119014
-0.119493
-0.119709
-0.119594
-0.119749
-0.119269
-0.120078
-0.119270
-0.119589
-0.120321
-0.119710
-0.118614
-0.119095
-0.119480
-0.119567
-0.119345
-0.119557
-0.119951
-0.119628
-0.120060
-0.120033
-0.120080
-0.119663
-0.119776
-0.120002
-0.119779
-0.117866
-0.118944
-0.120062
-0.118978
-0.119911
-0.119205
-0.118929
-0.120177
-0.119295
-0.120054
-0.119702
-0.119890
-0.119994
-0.120198
-0.119983
-0.119860
-0.119981
-0.120027
-0.119533
-0.119890
-0.120188
-0.119907
-0.119561
-0.118996
-0.120161
-0.119892
-0.119686
-0.119812
-0.120056
-0.119901
3.362302
0.004513
0.042191
0.098054
-0.078623
-0.084507
-0.110024
-0.111449
-0.116694
-0.120426
-0.118283
-0.117163
-0.114828
-0.116496
-0.117515
-0.116756
-0.116083
-0.112361
-0.113165
-0.113516
-0.113544
-0.116153
-0.117035
-0.119830
-0.118896
-0.118095
-0.119461
-0.119858
-0.119857
-0.119142
-0.119302
-0.117337
-0.116901
-0.117871
-0.105253
-0.114821
-0.119046
-0.119882
-0.117105
-0.114139
-0.110862
-0.117000
-0.117679
-0.120413
-0.119449
-0.120219
-0.120301
-0.120130
-0.120292
-0.119945
-0.120078
-0.119516
-0.120114
-0.120178
-0.119335
-0.119108
-0.119669
-0.119472
-0.119961
-0.119778
-0.120486
-0.120302
-0.120069
-0.120278
-0.120428
-0.120332
-0.120272
-0.120434
-0.119688
-0.119876
-0.119908
-0.117112
-0.119450
-0.120447
-0.120219
-0.119236
-0.118963
-0.118619
-0.119607
-0.119771
-0.120490
-0.120184
-0.120360
-0.120462
-0.120159
-0.120246
-0.120030
-0.119965
-0.119645
-0.120340
-0.120514
-0.120001
-0.119080
-0.120353
-0.120104
-0.120316
-0.120341
-0.120528
-0.120489
-0.120447
0.265134
0.615405
-0.043656
0.125073
0.133811
-0.025203
-0.059034
-0.093372
-0.106324
-0.107840
-0.109351
-0.111088
-0.111991
-0.113870
-0.113713
-0.114659
-0.115259
-0.114889
-0.115962
-0.115856
-0.115884
-0.116759
-0.116350
-0.116983
-0.117059
-0.116406
-0.117784
-0.117134
-0.117857
-0.116778
-0.113871
-0.112227
-0.108757
-0.099352
-0.106237
-0.115995
-0.103242
-0.119535
-0.109001
-0.117349
-0.105772
-0.104141
-0.113072
-0.115681
-0.117332
-0.118300
-0.117623
-0.117845
-0.118580
-0.118105
-0.117580
-0.118093
-0.117713
-0.118986
-0.118175
-0.118338
-0.117742
-0.117983
-0.118781
-0.118813
-0.118552
-0.118864
-0.118573
-0.118816
-0.119042
-0.118610
-0.119035
-0.118532
-0.119552
-0.118966
-0.116354
-0.116602
-0.118027
-0.115397
-0.118747
-0.116800
-0.118164
-0.115103
-0.116465
-0.118190
-0.119514
-0.118908
-0.119012
-0.119181
-0.118995
-0.119250
-0.117356
-0.117826
-0.117891
-0.118250
-0.118306
-0.118416
-0.118319
-0.117505
-0.119237
-0.119428
-0.119505
-0.118992
-0.118945
-0.119165
0.136015
0.218703
0.037278
0.095148
-0.072773
-0.100987
-0.117125
-0.107813
-0.107666
-0.109580
-0.110335
-0.111632
-0.112870
-0.112675
-0.113859
-0.114103
-0.114358
-0.115056
-0.115030
-0.115529
-0.115716
-0.115798
-0.116421
-0.116098
-0.116661
-0.116888
-0.116747
-0.117261
-0.117078
-0.117627
-0.117455
-0.117702
-0.116455
-0.112768
-0.107668
-0.109843
-0.111393
-0.116964
-0.116380
-0.118690
-0.110854
-0.119191
-0.117682
-0.117955
-0.118596
-0.117857
-0.118174
-0.118288
-0.118084
-0.118239
-0.118272
-0.118091
-0.118662
-0.118661
-0.119005
-0.118528
-0.118656
-0.118530
-0.118524
-0.118614
-0.118728
-0.118598
-0.118794
-0.118740
-0.118764
-0.118984
-0.118790
-0.118944
-0.118573
-0.117866
-0.118032
-0.118913
-0.116800
-0.117481
-0.118292
-0.118350
-0.118999
-0.119654
-0.118591
-0.118610
-0.118637
-0.118957
-0.118846
-0.118782
-0.118824
-0.118599
-0.119347
-0.118931
-0.118185
-0.118938
-0.118980
-0.118760
-0.119715
-0.119323
-0.118297
-0.118895
-0.118953
-0.119059
-0.119050
-0.118965
0.588729
0.540684
0.184871
-0.009436
-0.098675
-0.089936
-0.090454
-0.104147
-0.102780
-0.105619
-0.107502
-0.108283
-0.109044
-0.110504
-0.110434
-0.111588
-0.112069
-0.112056
-0.113226
-0.113371
-0.113773
-0.114228
-0.114193
-0.114840
-0.115030
-0.114925
-0.115874
-0.115616
-0.116009
-0.116465
-0.116312
-0.118577
-0.117029
-0.113465
-0.114627
-0.114520
-0.109537
-0.115745
-0.110086
-0.105629
-0.115549
-0.115781
-0.115945
-0.115647
-0.116192
-0.116802
-0.116662
-0.116817
-0.117107
-0.116854
-0.117607
-0.117116
-0.117140
-0.117060
-0.117093
-0.116924
-0.117764
-0.117320
-0.117570
-0.117588
-0.117538
-0.117799
-0.117608
-0.117740
-0.117868
-0.117646
-0.117988
-0.117773
-0.118027
-0.118225
-0.116337
-0.119563
-0.118829
-0.120196
-0.117707
-0.119410
-0.116121
-0.118475
-0.117706
-0.117874
-0.118126
-0.117908
-0.118144
-0.118232
-0.118054
-0.118214
-0.118089
-0.118849
-0.118608
-0.118246
-0.118223
-0.118054
-0.117884
-0.117667
-0.118091
-0.117969
-0.118212
-0.118066
-0.118134
-0.118223
