-2.624691
0.942822
0.201638
-5.323128
-0.110266
-0.110267
0.024244
0.235304
1.163366
-0.688423
-0.110265
-0.110267
2.738753
1.043093
4.898181
-0.428804
-0.110268
-0.110268
0.000406
1.110049
1.950033
-2.172051
-0.110267
-0.110272
-0.002673
2.526802
4.108087
-4.746085
-0.110268
-0.110272
-0.067234
0.796908
1.320244
-1.683627
-0.110267
-0.110272
13.740834
-0.109137
13.742573
13.738818
-0.110267
-0.110271
9.318958
2.142393
12.374179
5.193106
-0.110268
-0.110271
2.400912
0.279453
0.021315
0.003759
-0.012342
-0.015361
-0.035538
-0.092466
-0.076119
0.024944
-0.028887
0.031575
-0.079342
-0.015549
-0.004331
-0.011580
0.047652
0.006108
-0.004348
0.137221
-0.061309
0.031321
0.085293
-0.001614
-0.092915
-0.010314
0.011481
-0.051843
-0.081529
-0.073663
-0.004164
-0.071294
-0.090840
-0.051342
0.019322
-0.090168
-0.081001
-0.027953
-0.087389
-0.073970
-0.063018
-0.085251
-0.076041
-0.092171
-0.093992
-0.090004
-0.105691
-0.096900
-0.101834
-0.107359
-0.096704
-0.098350
-0.104120
-0.106240
-0.105417
-0.105636
-0.100699
-0.109316
-0.106954
-0.105419
-0.104343
-0.102370
-0.106059
-0.105965
-0.101803
-0.100994
-0.104298
-0.101886
-0.104380
-0.107042
-0.102173
-0.100600
-0.101308
-0.108589
-0.093764
-0.089673
-0.098393
-0.094123
-0.102412
-0.091375
-0.109747
-0.092628
-0.106271
-0.094854
-0.103589
-0.101743
-0.098760
-0.101278
-0.104512
-0.098140
-0.098874
-0.098642
-0.105065
-0.097314
-0.104491
-0.102708
-0.102985
-0.097184
-0.098032
-0.107053
0.023407
-0.026552
0.007473
-0.075632
-0.054671
-0.097815
-0.082627
-0.075959
-0.079801
-0.048613
-0.084704
-0.066461
-0.087721
-0.056807
-0.091530
-0.044797
-0.091454
-0.080310
-0.061299
-0.090290
-0.061730
-0.091255
-0.082723
-0.077743
-0.090661
-0.094641
-0.093555
-0.068556
-0.100747
-0.079882
-0.071779
-0.096087
-0.095621
-0.104751
-0.103723
-0.099668
-0.082286
-0.103085
-0.098971
-0.096314
-0.104835
-0.096675
-0.101721
-0.099604
-0.103569
-0.101160
-0.100767
-0.102784
-0.107102
-0.107957
-0.109442
-0.108208
-0.107653
-0.108021
-0.107949
-0.107199
-0.107281
-0.106523
-0.107865
-0.108490
-0.107852
-0.108554
-0.108758
-0.107597
-0.108117
-0.108624
-0.106890
-0.107678
-0.105406
-0.106548
-0.105500
-0.107613
-0.103881
-0.107233
-0.104998
-0.108994
-0.108926
-0.103834
-0.108369
-0.105131
-0.106766
-0.105541
-0.106947
-0.102701
-0.106305
-0.105108
-0.103452
-0.109025
-0.108118
-0.108695
-0.108611
-0.108427
-0.108294
-0.106655
-0.107115
-0.104780
-0.106617
-0.106522
-0.107427
-0.108002
2.733038
0.606033
0.097439
-0.075269
-0.073495
-0.078836
-0.046894
-0.040386
-0.046723
-0.081361
-0.055379
-0.060940
-0.071246
-0.065771
-0.076783
-0.055164
-0.069465
-0.058620
-0.048955
0.004483
-0.088781
-0.008197
-0.008221
-0.028928
-0.103879
-0.050730
-0.059017
-0.090874
-0.057304
-0.072536
-0.052567
-0.068015
-0.100278
-0.096342
-0.033673
-0.089262
-0.076243
-0.069134
-0.107245
-0.086318
-0.090620
-0.103342
-0.091150
-0.105341
-0.100782
-0.105499
-0.104871
-0.101292
-0.107381
-0.104878
-0.108060
-0.104544
-0.103322
-0.108849
-0.103595
-0.107679
-0.102332
-0.106217
-0.108814
-0.108493
-0.105726
-0.103332
-0.107426
-0.105336
-0.103484
-0.107287
-0.108797
-0.105466
-0.105063
-0.106260
-0.108396
-0.105165
-0.108542
-0.106458
-0.101094
-0.100847
-0.103994
-0.098882
-0.107965
-0.098144
-0.105369
-0.100477
-0.109463
-0.102525
-0.102252
-0.103841
-0.103789
-0.103833
-0.104840
-0.105629
-0.100615
-0.105365
-0.104514
-0.103453
-0.107149
-0.105744
-0.105156
-0.105276
-0.106542
-0.109134
-0.007069
0.736662
-0.043637
-0.055446
-0.050934
-0.065082
-0.078393
-0.106397
-0.084489
-0.063412
-0.099903
-0.081606
-0.080599
-0.069332
-0.100340
-0.066898
-0.089630
-0.093233
-0.090176
-0.088215
-0.099372
-0.084383
-0.102854
-0.086201
-0.095712
-0.088657
-0.094850
-0.091615
-0.103205
-0.095687
-0.097844
-0.093987
-0.104436
-0.102780
-0.097583
-0.096941
-0.099378
-0.107551
-0.105512
-0.102390
-0.105069
-0.109225
-0.100483
-0.109618
-0.102962
-0.104278
-0.103125
-0.105033
-0.104054
-0.104868
-0.106091
-0.105580
-0.106356
-0.103752
-0.106162
-0.105658
-0.103285
-0.106783
-0.104073
-0.106914
-0.104479
-0.105111
-0.107200
-0.105947
-0.106911
-0.106139
-0.105035
-0.107374
-0.106348
-0.105791
-0.104716
-0.106517
-0.105408
-0.106323
-0.105471
-0.106040
-0.106075
-0.104802
-0.106767
-0.107430
-0.106311
-0.106934
-0.105631
-0.104618
-0.104934
-0.105646
-0.105522
-0.105820
-0.107780
-0.106537
-0.106888
-0.106827
-0.105924
-0.105607
-0.106151
-0.106094
-0.106181
-0.106511
-0.107362
-0.105819
-0.015011
1.714098
0.121496
-0.022279
-0.063733
0.065285
-0.056905
-0.061132
-0.066677
-0.037152
-0.083758
-0.088455
-0.109660
-0.067309
-0.072479
-0.052445
-0.054546
-0.068712
-0.044372
-0.055967
-0.100692
-0.079016
-0.056239
-0.070327
-0.093354
-0.055685
-0.083392
-0.084273
-0.079293
-0.100047
-0.082628
-0.086546
-0.100675
-0.097246
-0.076829
-0.080015
-0.098017
-0.098579
-0.104750
-0.088850
-0.108012
-0.099130
-0.092355
-0.098427
-0.093829
-0.102871
-0.102605
-0.101586
-0.100772
-0.097912
-0.103012
-0.099918
-0.101514
-0.101796
-0.105491
-0.099020
-0.098926
-0.106175
-0.097392
-0.099820
-0.097476
-0.100043
-0.105963
-0.101210
-0.105926
-0.104791
-0.102142
-0.103075
-0.103149
-0.104133
-0.102807
-0.104315
-0.104087
-0.100941
-0.105707
-0.101693
-0.101678
-0.102675
-0.103624
-0.103242
-0.103702
-0.102932
-0.098406
-0.100195
-0.101082
-0.102164
-0.103277
-0.102699
-0.105659
-0.101652
-0.104789
-0.104002
-0.100963
-0.102476
-0.104241
-0.104600
-0.102551
-0.104652
-0.102988
-0.102954
-0.071991
0.515710
-0.083244
-0.062366
-0.075623
-0.067843
-0.079644
-0.098613
-0.090200
-0.083252
-0.096802
-0.075101
-0.084481
-0.080852
-0.103752
-0.066871
-0.099381
-0.088013
-0.093460
-0.086420
-0.072142
-0.095052
-0.091271
-0.087236
-0.094580
-0.097703
-0.090558
-0.106941
-0.102796
-0.103455
-0.101032
-0.103616
-0.103851
-0.098762
-0.098825
-0.102075
-0.094685
-0.103563
-0.098058
-0.100677
-0.106505
-0.108282
-0.103017
-0.108830
-0.104231
-0.104656
-0.103502
-0.105897
-0.106087
-0.105259
-0.106418
-0.107375
-0.106405
-0.104890
-0.107561
-0.107375
-0.105619
-0.108606
-0.104262
-0.105840
-0.105927
-0.106955
-0.108202
-0.106259
-0.106818
-0.107552
-0.107411
-0.107498
-0.107041
-0.106349
-0.105753
-0.108848
-0.104952
-0.105384
-0.107410
-0.109041
-0.106567
-0.106261
-0.107030
-0.107088
-0.107296
-0.107155
-0.105735
-0.105664
-0.107911
-0.106573
-0.107493
-0.107148
-0.106882
-0.107640
-0.107813
-0.106945
-0.107237
-0.107006
-0.107480
-0.106435
-0.106955
-0.106320
-0.107299
-0.106728
-2.256211
0.105424
-1.913260
-2.641023
-0.110266
-0.110271
-0.070790
0.038728
0.216344
-0.329663
-0.110265
-0.110270
2.883996
0.096752
3.324206
2.595410
-0.110265
-0.110270
-0.299146
0.155369
0.315285
-0.537433
-0.110262
-0.110267
-0.186206
0.236820
0.705336
-0.557587
-0.110263
-0.110268
0.082703
0.796631
1.490141
-1.500750
-0.110267
-0.110271
8.837975
0.303259
9.347026
7.981471
-0.110269
-0.110269
2.035914
-0.021905
0.000010
-0.068171
-0.091361
-0.104578
-0.100998
-0.108553
-0.108940
-0.106501
-0.100797
-0.101762
-0.098779
-0.107104
-0.094108
-0.102449
-0.106758
-0.099457
-0.106620
-0.107687
-0.108731
-0.108550
-0.107773
-0.108504
-0.109028
-0.106406
-0.104966
-0.106968
-0.108691
-0.109396
-0.107564
-0.106536
-0.106915
-0.109482
-0.109293
-0.109854
-0.109909
-0.109630
-0.109243
-0.109966
-0.108277
-0.108877
-0.108892
-0.108064
-0.109708
-0.109171
-0.108928
-0.109262
-0.109893
-0.110042
-0.109934
-0.109879
-0.109754
-0.109810
-0.109563
-0.108968
-0.109972
-0.109915
-0.110082
-0.109340
-0.109689
-0.109306
-0.109909
-0.109773
-0.110102
-0.110037
-0.109770
-0.109842
-0.110100
-0.109504
-0.109918
-0.109311
-0.109776
-0.110082
-0.109528
-0.110095
-0.109984
-0.109857
-0.109872
-0.109915
-0.110101
-0.110197
-0.109731
-0.109923
-0.109686
-0.109956
-0.109839
-0.109665
-0.110181
-0.109663
-0.109831
-0.110070
-0.110222
-0.110023
-0.109908
-0.109821
-0.110152
-0.109988
-0.109838
-0.110025
-0.070583
-0.044564
-0.042597
-0.088214
-0.076739
-0.106986
-0.097314
-0.103378
-0.105170
-0.105940
-0.105346
-0.104855
-0.104368
-0.106727
-0.107722
-0.107841
-0.103300
-0.109866
-0.107350
-0.105908
-0.108177
-0.108405
-0.108519
-0.107862
-0.108767
-0.105763
-0.108798
-0.108458
-0.109143
-0.108845
-0.109713
-0.107936
-0.107614
-0.108487
-0.109909
-0.109691
-0.109717
-0.109544
-0.108906
-0.109644
-0.110083
-0.109167
-0.109878
-0.109609
-0.109629
-0.108854
-0.109311
-0.110160
-0.109567
-0.109494
-0.109401
-0.109292
-0.109799
-0.109442
-0.109643
-0.109483
-0.109683
-0.109946
-0.109527
-0.109417
-0.110121
-0.109519
-0.110219
-0.109899
-0.109909
-0.109885
-0.109933
-0.110164
-0.109918
-0.109717
-0.110072
-0.109980
-0.109778
-0.109621
-0.109929
-0.109855
-0.109855
-0.109972
-0.109930
-0.109935
-0.109873
-0.110208
-0.109858
-0.110089
-0.110200
-0.109917
-0.109936
-0.110069
-0.109881
-0.109994
-0.110058
-0.110071
-0.110023
-0.109977
-0.109975
-0.109931
-0.110092
-0.110029
-0.109762
-0.109936
2.884030
-0.030162
0.004315
-0.088508
-0.092071
-0.098369
-0.103548
-0.105164
-0.107834
-0.107098
-0.104552
-0.103229
-0.107905
-0.097108
-0.102334
-0.095984
-0.104906
-0.106103
-0.105123
-0.108809
-0.107680
-0.108397
-0.108384
-0.108322
-0.107480
-0.108476
-0.104945
-0.107386
-0.109146
-0.108542
-0.108513
-0.105799
-0.109243
-0.108700
-0.109254
-0.109209
-0.109288
-0.109321
-0.109775
-0.108779
-0.109730
-0.109363
-0.107230
-0.108824
-0.108753
-0.109665
-0.108843
-0.109096
-0.109481
-0.109676
-0.109576
-0.109491
-0.109351
-0.109379
-0.110129
-0.108634
-0.109364
-0.109712
-0.109294
-0.108701
-0.110165
-0.109619
-0.109627
-0.109686
-0.109735
-0.109875
-0.109835
-0.109614
-0.109554
-0.109757
-0.109891
-0.109427
-0.109204
-0.109825
-0.109771
-0.109441
-0.109743
-0.109759
-0.109851
-0.109792
-0.109769
-0.109698
-0.109867
-0.109656
-0.109974
-0.109725
-0.109758
-0.110010
-0.109458
-0.110024
-0.109762
-0.109794
-0.109804
-0.109857
-0.109877
-0.109871
-0.109616
-0.109740
-0.109812
-0.109680
0.079405
0.031557
-0.001215
-0.057043
-0.097523
-0.105527
-0.109054
-0.108518
-0.108563
-0.109702
-0.108744
-0.109137
-0.109272
-0.109367
-0.109353
-0.109449
-0.109541
-0.109474
-0.109813
-0.109559
-0.109357
-0.109545
-0.109550
-0.109430
-0.109811
-0.107484
-0.104710
-0.105039
-0.108027
-0.108305
-0.105772
-0.106536
-0.108155
-0.109650
-0.109707
-0.109994
-0.110008
-0.109921
-0.109955
-0.110037
-0.109991
-0.110038
-0.110028
-0.110011
-0.110022
-0.110038
-0.110055
-0.110032
-0.110096
-0.110007
-0.110021
-0.110083
-0.110031
-0.109951
-0.109339
-0.108866
-0.109468
-0.110041
-0.109718
-0.108943
-0.109571
-0.109898
-0.110137
-0.110199
-0.110144
-0.110113
-0.110140
-0.110105
-0.110133
-0.110135
-0.110133
-0.110124
-0.110127
-0.110137
-0.110137
-0.110156
-0.110126
-0.110116
-0.110127
-0.110146
-0.110177
-0.110206
-0.109988
-0.109836
-0.109801
-0.109937
-0.109937
-0.109930
-0.109810
-0.109973
-0.110129
-0.110180
-0.110185
-0.110154
-0.110133
-0.110150
-0.110157
-0.110159
-0.110161
-0.110152
-0.037369
0.119536
-0.037674
-0.076711
-0.085444
-0.091734
-0.096847
-0.102472
-0.103288
-0.104235
-0.104991
-0.105311
-0.105650
-0.106077
-0.106442
-0.106787
-0.106986
-0.107154
-0.107179
-0.107317
-0.107672
-0.107585
-0.107171
-0.108644
-0.107234
-0.107150
-0.109524
-0.108076
-0.104700
-0.106385
-0.106841
-0.106525
-0.106725
-0.107743
-0.108898
-0.108309
-0.108473
-0.108649
-0.108773
-0.108861
-0.108854
-0.108830
-0.108910
-0.109021
-0.109060
-0.109016
-0.109004
-0.109093
-0.109195
-0.109221
-0.109200
-0.109082
-0.109192
-0.109518
-0.110172
-0.109734
-0.109133
-0.108403
-0.107864
-0.108583
-0.109162
-0.109092
-0.109227
-0.109301
-0.109319
-0.109329
-0.109388
-0.109404
-0.109369
-0.109354
-0.109385
-0.109431
-0.109447
-0.109424
-0.109411
-0.109431
-0.109476
-0.109503
-0.109466
-0.109439
-0.109607
-0.109598
-0.109652
-0.109461
-0.109178
-0.109455
-0.109262
-0.108836
-0.109107
-0.109489
-0.109568
-0.109617
-0.109473
-0.109491
-0.109531
-0.109553
-0.109532
-0.109496
-0.109493
-0.109529
0.077081
0.479721
0.126871
-0.038448
-0.089825
-0.093496
-0.089944
-0.096267
-0.098064
-0.099703
-0.101904
-0.102182
-0.102294
-0.102903
-0.103821
-0.104614
-0.104732
-0.104428
-0.104582
-0.105183
-0.106071
-0.105884
-0.105081
-0.105669
-0.105007
-0.105778
-0.102898
-0.098874
-0.100409
-0.100744
-0.103228
-0.101158
-0.105015
-0.107425
-0.108297
-0.107633
-0.107556
-0.107920
-0.108289
-0.108369
-0.108140
-0.108078
-0.108270
-0.108562
-0.108618
-0.108414
-0.108321
-0.108493
-0.108730
-0.108853
-0.108636
-0.108248
-0.108638
-0.109140
-0.108959
-0.108397
-0.106566
-0.108259
-0.105363
-0.108036
-0.108413
-0.109690
-0.109370
-0.108877
-0.108932
-0.109083
-0.109258
-0.109269
-0.109108
-0.109043
-0.109144
-0.109294
-0.109315
-0.109196
-0.109113
-0.109189
-0.109357
-0.109426
-0.109280
-0.109144
-0.109226
-0.109463
-0.109699
-0.109123
-0.109057
-0.109513
-0.109525
-0.108431
-0.108890
-0.109372
-0.109714
-0.109454
-0.109219
-0.109302
-0.109477
-0.109537
-0.109429
-0.109307
-0.109321
-0.109446
