-2.460143
1.095672
0.002177
-5.744477
-0.115000
-0.114997
0.057775
0.384683
1.879894
-0.919979
-0.114995
-0.114993
2.802366
1.132425
6.411644
0.742445
-0.114996
-0.114999
0.013854
1.074328
2.081107
-2.213327
-0.114998
-0.115002
-0.093922
2.480234
5.130696
-4.802238
-0.114998
-0.115002
-0.113940
0.721526
1.285579
-1.582806
-0.114998
-0.115002
13.532172
-0.114449
13.533389
13.531550
-0.114995
-0.114998
9.039158
2.188773
12.823752
5.017686
-0.114998
-0.115002
2.225829
0.245137
0.000521
-0.051001
-0.076743
-0.070064
-0.063933
-0.081225
-0.076925
0.036315
-0.051084
0.004224
-0.008811
0.087704
-0.057615
-0.075589
0.027490
0.036431
-0.020097
-0.032528
0.016379
0.018156
-0.036226
0.062188
0.093225
0.063307
0.033741
0.021946
0.140927
-0.004938
0.070062
-0.061916
0.060863
0.013684
-0.022955
-0.013232
-0.019966
-0.058427
-0.054182
-0.045296
-0.055199
-0.089093
-0.068359
-0.071119
-0.056910
-0.108924
-0.104376
-0.084813
-0.093517
-0.091434
-0.105968
-0.094363
-0.106093
-0.106855
-0.108655
-0.107362
-0.108379
-0.102703
-0.107514
-0.106721
-0.106221
-0.103222
-0.113289
-0.112878
-0.111391
-0.108054
-0.106452
-0.112373
-0.105286
-0.112077
-0.109561
-0.106992
-0.107521
-0.105955
-0.108879
-0.103015
-0.107450
-0.102044
-0.107154
-0.103185
-0.096648
-0.102879
-0.105643
-0.096172
-0.084805
-0.093022
-0.099074
-0.097818
-0.087169
-0.099629
-0.091722
-0.100028
-0.101088
-0.092192
-0.102847
-0.097924
-0.091751
-0.103190
-0.093269
-0.096422
0.058116
0.022353
-0.043632
-0.105640
-0.091144
-0.101788
-0.105628
-0.094233
-0.089941
-0.063451
-0.061781
-0.063130
-0.090326
-0.090376
-0.038640
-0.100451
-0.091697
-0.023577
-0.073425
-0.071475
-0.052169
-0.057074
0.013216
-0.035610
-0.052045
-0.046027
-0.056321
-0.077055
-0.094507
-0.052460
-0.096550
-0.053065
-0.080726
-0.072386
-0.081718
-0.061681
-0.054140
-0.091377
-0.065244
-0.090589
-0.101126
-0.106308
-0.088586
-0.105502
-0.100471
-0.099704
-0.103844
-0.104535
-0.109359
-0.101601
-0.108022
-0.109006
-0.113607
-0.113610
-0.114060
-0.113750
-0.112359
-0.113001
-0.110425
-0.113408
-0.113097
-0.113575
-0.112638
-0.114712
-0.112954
-0.112356
-0.112786
-0.111657
-0.111612
-0.113886
-0.111962
-0.114079
-0.113113
-0.112305
-0.110877
-0.107873
-0.108810
-0.108097
-0.107912
-0.113731
-0.107884
-0.104788
-0.103787
-0.108429
-0.111943
-0.111362
-0.107796
-0.107738
-0.111312
-0.106983
-0.111898
-0.105229
-0.108983
-0.107023
-0.108228
-0.105506
-0.104193
-0.112940
-0.105917
-0.113368
2.796940
0.565930
0.007153
-0.052505
-0.110908
-0.097706
-0.100080
-0.057692
-0.073163
-0.054754
-0.085338
-0.026381
-0.090208
-0.036572
-0.069122
-0.101433
-0.030266
-0.023113
-0.055256
-0.038955
-0.008444
-0.061139
-0.004578
0.008266
0.042786
0.006436
-0.003243
0.004229
0.081728
-0.020622
-0.028066
-0.083783
0.022688
0.015098
-0.038455
-0.041399
-0.027833
-0.061379
-0.051844
-0.086156
-0.067842
-0.086594
-0.079904
-0.087486
-0.080441
-0.102271
-0.103772
-0.094812
-0.111909
-0.094711
-0.106015
-0.100694
-0.105339
-0.100869
-0.109223
-0.107699
-0.107812
-0.104952
-0.106443
-0.107379
-0.104519
-0.104193
-0.111426
-0.112619
-0.108887
-0.108871
-0.106987
-0.108466
-0.103663
-0.109292
-0.109808
-0.111970
-0.108605
-0.111524
-0.109309
-0.104802
-0.106222
-0.103871
-0.112235
-0.110930
-0.098850
-0.111225
-0.101823
-0.104856
-0.092889
-0.095381
-0.102266
-0.098264
-0.090875
-0.098677
-0.100054
-0.101088
-0.102999
-0.089701
-0.104701
-0.098573
-0.095097
-0.104432
-0.095600
-0.100312
0.006911
0.711515
-0.003366
-0.047115
-0.110946
-0.091923
-0.107239
-0.091376
-0.098786
-0.089589
-0.089922
-0.112462
-0.100759
-0.109329
-0.108314
-0.106508
-0.098646
-0.100921
-0.111247
-0.109818
-0.108010
-0.081289
-0.102696
-0.110187
-0.106116
-0.091842
-0.100530
-0.111387
-0.085419
-0.102601
-0.107565
-0.097004
-0.098975
-0.107038
-0.105437
-0.106226
-0.104078
-0.111706
-0.112346
-0.104339
-0.111404
-0.108147
-0.111616
-0.110760
-0.109352
-0.112063
-0.114407
-0.111985
-0.112251
-0.112870
-0.112451
-0.112647
-0.113263
-0.111768
-0.113075
-0.114152
-0.112566
-0.111847
-0.112474
-0.108685
-0.113757
-0.112556
-0.110537
-0.112259
-0.114001
-0.113334
-0.114070
-0.113881
-0.112592
-0.112265
-0.113215
-0.113109
-0.113482
-0.113567
-0.113368
-0.113896
-0.113749
-0.112991
-0.113042
-0.112725
-0.112680
-0.111610
-0.114847
-0.113827
-0.112103
-0.111741
-0.111846
-0.113384
-0.111742
-0.114122
-0.113882
-0.114689
-0.114187
-0.112269
-0.113617
-0.113830
-0.111595
-0.112742
-0.112844
-0.112097
-0.104864
1.676905
0.139550
-0.028280
-0.031024
-0.051007
-0.072896
-0.064490
-0.073037
-0.064991
-0.069551
-0.071316
-0.072284
-0.059253
-0.094872
-0.104184
-0.060629
-0.060065
-0.066214
-0.078555
-0.084097
-0.068354
-0.076585
-0.071614
-0.066296
-0.045456
-0.066121
-0.110337
-0.020437
-0.072503
-0.105523
-0.076154
-0.052415
-0.101125
-0.077678
-0.076990
-0.089089
-0.097151
-0.085501
-0.105225
-0.095043
-0.101991
-0.099743
-0.108102
-0.106359
-0.105067
-0.111153
-0.098802
-0.110537
-0.106860
-0.113290
-0.108970
-0.111157
-0.109659
-0.108922
-0.114061
-0.109401
-0.108817
-0.108727
-0.100327
-0.110524
-0.110431
-0.104829
-0.108510
-0.112318
-0.111829
-0.112840
-0.112140
-0.109285
-0.108923
-0.110060
-0.110115
-0.112482
-0.110609
-0.110391
-0.109249
-0.109695
-0.107868
-0.109587
-0.109040
-0.111062
-0.108320
-0.112846
-0.107778
-0.110966
-0.105695
-0.107057
-0.112493
-0.102863
-0.111616
-0.112894
-0.109467
-0.111696
-0.107905
-0.110616
-0.105235
-0.109727
-0.110427
-0.105406
-0.113375
-0.112038
0.462877
-0.070169
-0.067314
-0.096873
-0.100694
-0.108227
-0.106496
-0.109144
-0.093988
-0.099858
-0.105381
-0.099287
-0.094961
-0.105802
-0.105497
-0.110878
-0.073989
-0.098174
-0.091330
-0.083304
-0.092183
-0.072372
-0.099346
-0.099443
-0.100024
-0.101091
-0.104629
-0.101032
-0.105362
-0.096862
-0.094938
-0.112043
-0.110043
-0.106785
-0.103915
-0.100739
-0.108320
-0.100079
-0.106892
-0.107323
-0.107262
-0.107544
-0.108426
-0.113062
-0.111642
-0.112655
-0.112064
-0.111117
-0.113500
-0.110982
-0.114604
-0.112928
-0.112657
-0.113455
-0.113692
-0.113428
-0.112030
-0.112461
-0.108681
-0.114090
-0.113201
-0.112502
-0.111920
-0.114605
-0.113549
-0.114430
-0.113979
-0.113502
-0.113032
-0.113877
-0.113753
-0.114007
-0.112416
-0.112642
-0.114102
-0.112265
-0.113016
-0.110800
-0.113243
-0.110625
-0.110495
-0.111311
-0.112169
-0.113467
-0.112402
-0.112332
-0.112855
-0.112393
-0.114307
-0.113914
-0.113397
-0.112623
-0.114043
-0.113903
-0.114603
-0.114323
-0.112779
-0.112466
-0.112497
-1.754929
0.116304
-1.315827
-2.278971
-0.114997
-0.115000
-0.089976
0.082983
0.277298
-0.503398
-0.114996
-0.115002
3.121661
0.065115
3.460393
2.745829
-0.114997
-0.115000
-0.026106
0.440535
0.953090
-0.820420
-0.114997
-0.115001
-0.122920
0.211112
0.300491
-0.665198
-0.114999
-0.115002
-0.174076
0.449720
0.556923
-1.072144
-0.114998
-0.115003
8.394428
0.370635
9.140249
7.624198
-0.114998
-0.115002
1.525755
-0.008015
-0.018543
-0.051402
-0.084980
-0.100785
-0.105323
-0.108906
-0.111991
-0.110584
-0.106359
-0.111411
-0.102318
-0.113407
-0.111730
-0.106722
-0.109302
-0.114659
-0.112158
-0.107438
-0.109904
-0.114062
-0.112140
-0.113703
-0.114190
-0.114020
-0.112457
-0.110158
-0.109913
-0.108803
-0.113940
-0.111291
-0.113402
-0.111641
-0.112671
-0.112768
-0.114550
-0.114487
-0.113840
-0.114075
-0.114765
-0.113483
-0.113339
-0.114497
-0.114383
-0.114266
-0.114080
-0.113916
-0.114210
-0.113454
-0.114444
-0.114367
-0.114279
-0.114978
-0.114873
-0.114796
-0.114693
-0.113945
-0.114051
-0.113159
-0.114265
-0.114082
-0.114424
-0.114501
-0.114517
-0.114328
-0.114546
-0.114425
-0.114431
-0.114817
-0.114598
-0.114449
-0.114839
-0.114820
-0.114709
-0.114635
-0.114523
-0.114507
-0.114688
-0.114647
-0.114963
-0.114559
-0.114605
-0.114741
-0.114713
-0.114674
-0.114703
-0.114521
-0.114616
-0.114561
-0.114432
-0.114505
-0.114786
-0.114552
-0.114663
-0.114481
-0.114496
-0.114690
-0.114807
-0.114805
-0.090759
0.009989
-0.079231
-0.086900
-0.094153
-0.095407
-0.103414
-0.109865
-0.110815
-0.108532
-0.108404
-0.107584
-0.106634
-0.105777
-0.104581
-0.107816
-0.104590
-0.112082
-0.106891
-0.110390
-0.111171
-0.109873
-0.112622
-0.111595
-0.114046
-0.114611
-0.111304
-0.113496
-0.111853
-0.111462
-0.111097
-0.111404
-0.113975
-0.111186
-0.113326
-0.113108
-0.112683
-0.113600
-0.113176
-0.113605
-0.113209
-0.114485
-0.113228
-0.112355
-0.114038
-0.112156
-0.113802
-0.114665
-0.113311
-0.113869
-0.112862
-0.113766
-0.113918
-0.113909
-0.114242
-0.113875
-0.113628
-0.113870
-0.113841
-0.113977
-0.113664
-0.114316
-0.114529
-0.113972
-0.114610
-0.114208
-0.114488
-0.113787
-0.114202
-0.114157
-0.114256
-0.114577
-0.114068
-0.113999
-0.114251
-0.113903
-0.114628
-0.114340
-0.114215
-0.114637
-0.113812
-0.114285
-0.114194
-0.114426
-0.114114
-0.114345
-0.114144
-0.114344
-0.114433
-0.114278
-0.113992
-0.114482
-0.114401
-0.114318
-0.114380
-0.114242
-0.114285
-0.113855
-0.114321
-0.114275
3.121187
-0.018831
-0.052525
-0.068591
-0.098543
-0.108667
-0.106429
-0.111138
-0.108688
-0.108240
-0.110175
-0.112173
-0.113067
-0.105896
-0.107267
-0.108497
-0.112062
-0.109378
-0.110530
-0.114038
-0.112580
-0.111978
-0.113206
-0.114623
-0.113787
-0.113502
-0.114502
-0.112683
-0.112223
-0.111462
-0.113606
-0.113423
-0.113060
-0.112247
-0.112321
-0.114076
-0.113212
-0.114795
-0.114117
-0.114717
-0.114615
-0.114388
-0.114266
-0.113985
-0.113883
-0.113483
-0.114241
-0.114797
-0.113931
-0.114412
-0.114690
-0.114840
-0.114120
-0.114956
-0.114418
-0.114676
-0.114851
-0.114601
-0.114271
-0.114326
-0.114393
-0.114742
-0.114899
-0.114434
-0.114498
-0.114267
-0.114747
-0.114528
-0.114708
-0.114698
-0.114844
-0.114652
-0.114779
-0.114844
-0.114801
-0.114310
-0.114658
-0.114619
-0.114689
-0.114823
-0.114738
-0.114715
-0.114543
-0.114901
-0.114622
-0.114778
-0.114814
-0.114637
-0.114860
-0.114880
-0.114537
-0.114926
-0.114959
-0.114796
-0.114943
-0.114504
-0.114842
-0.114588
-0.114889
-0.114756
-0.029711
0.245863
0.007856
-0.033979
-0.095358
-0.088294
-0.098772
-0.100341
-0.102834
-0.104771
-0.104325
-0.107087
-0.106014
-0.107607
-0.107680
-0.108608
-0.108699
-0.108853
-0.109521
-0.109665
-0.109978
-0.110196
-0.110128
-0.110375
-0.109946
-0.110677
-0.110694
-0.110003
-0.110751
-0.105288
-0.110320
-0.110109
-0.108677
-0.111288
-0.110853
-0.111944
-0.112441
-0.112124
-0.112754
-0.112346
-0.112671
-0.112629
-0.112527
-0.112788
-0.112592
-0.112938
-0.112632
-0.112975
-0.112781
-0.112906
-0.113074
-0.112806
-0.113160
-0.112871
-0.113159
-0.113085
-0.113151
-0.113415
-0.113674
-0.112030
-0.114586
-0.111984
-0.112552
-0.113939
-0.112263
-0.113404
-0.113097
-0.113234
-0.113371
-0.113212
-0.113403
-0.113260
-0.113337
-0.113389
-0.113286
-0.113505
-0.113257
-0.113578
-0.113305
-0.113435
-0.113533
-0.113343
-0.113583
-0.113275
-0.113650
-0.113288
-0.113598
-0.113392
-0.113424
-0.113229
-0.113847
-0.112834
-0.113488
-0.113789
-0.113185
-0.113834
-0.113435
-0.113619
-0.113572
-0.113500
-0.107053
0.095114
-0.040887
-0.090794
-0.078591
-0.104837
-0.098364
-0.102490
-0.104766
-0.106139
-0.106975
-0.108149
-0.108639
-0.109049
-0.109573
-0.110019
-0.110250
-0.110570
-0.110879
-0.111096
-0.111186
-0.111641
-0.111586
-0.111823
-0.112060
-0.113007
-0.111088
-0.113798
-0.112847
-0.111916
-0.108826
-0.111894
-0.109048
-0.113625
-0.111639
-0.111937
-0.111950
-0.112535
-0.112606
-0.112760
-0.112852
-0.112904
-0.112945
-0.112998
-0.113089
-0.113085
-0.113141
-0.113180
-0.113280
-0.113260
-0.113262
-0.113336
-0.113321
-0.113447
-0.113432
-0.113590
-0.113471
-0.114253
-0.113493
-0.113411
-0.112055
-0.114059
-0.113769
-0.113356
-0.112905
-0.113216
-0.113496
-0.113488
-0.113523
-0.113591
-0.113587
-0.113604
-0.113648
-0.113631
-0.113673
-0.113614
-0.113733
-0.113652
-0.113566
-0.113546
-0.113627
-0.113755
-0.113659
-0.113764
-0.113717
-0.113854
-0.113780
-0.113897
-0.113497
-0.113691
-0.113672
-0.113961
-0.113508
-0.113364
-0.113613
-0.113706
-0.113795
-0.113714
-0.113781
-0.113785
-0.053656
0.277473
-0.054575
-0.087731
-0.093833
-0.112230
-0.108163
-0.112341
-0.112901
-0.113197
-0.113323
-0.113729
-0.113763
-0.113815
-0.113958
-0.114079
-0.114148
-0.114200
-0.114199
-0.114080
-0.114364
-0.114269
-0.114172
-0.114209
-0.113950
-0.113560
-0.113268
-0.113621
-0.109447
-0.108421
-0.108576
-0.111840
-0.107894
-0.112559
-0.114173
-0.114061
-0.114145
-0.114700
-0.114584
-0.114738
-0.114772
-0.114759
-0.114770
-0.114766
-0.114800
-0.114818
-0.114719
-0.114798
-0.114774
-0.114776
-0.114847
-0.114780
-0.114852
-0.114780
-0.114779
-0.114698
-0.114758
-0.114454
-0.114341
-0.113933
-0.113057
-0.113959
-0.113258
-0.114364
-0.114800
-0.114749
-0.114938
-0.114903
-0.114936
-0.114961
-0.114939
-0.114919
-0.114905
-0.114909
-0.114900
-0.114885
-0.114745
-0.114877
-0.114728
-0.114707
-0.114722
-0.114832
-0.114954
-0.114894
-0.114915
-0.114848
-0.114878
-0.114817
-0.114943
-0.114346
-0.114756
-0.114161
-0.114812
-0.114332
-0.114955
-0.114972
-0.114911
-0.114969
-0.114918
-0.114945
