-2.561264
1.107514
-0.123272
-5.347498
-0.110826
-0.110828
0.207942
0.376998
1.284667
-1.169811
-0.110826
-0.110826
2.635988
1.080567
4.979618
0.046509
-0.110827
-0.110829
-0.056899
1.171995
2.004536
-2.387946
-0.110826
-0.110831
-0.153806
2.657747
4.318857
-5.337383
-0.110826
-0.110831
-0.104894
0.716297
1.265525
-1.540548
-0.110825
-0.110831
13.552939
-0.109896
13.554970
13.551289
-0.110824
-0.110826
9.070034
2.593996
12.909069
4.647262
-0.110826
-0.110831
2.335197
0.359682
0.024311
-0.036243
-0.086546
-0.066072
-0.033436
-0.102938
-0.010546
0.070595
0.143955
-0.064621
-0.038787
-0.051087
0.015987
0.026733
-0.052486
0.064481
0.162190
0.122865
-0.003882
-0.003930
-0.088464
0.040506
0.012833
-0.056762
0.065619
-0.025067
-0.091671
-0.090439
-0.045469
-0.070294
-0.005528
-0.023210
-0.034391
-0.077895
-0.058148
-0.070509
-0.054019
-0.046454
-0.040156
-0.046711
-0.062200
-0.100220
-0.068383
-0.088979
-0.098772
-0.102638
-0.097750
-0.088235
-0.109561
-0.108161
-0.099609
-0.098957
-0.105039
-0.107298
-0.104937
-0.101527
-0.104309
-0.106025
-0.104863
-0.104552
-0.103417
-0.102108
-0.103237
-0.107271
-0.107356
-0.100131
-0.095061
-0.104055
-0.108323
-0.106203
-0.104431
-0.104680
-0.099261
-0.099422
-0.098955
-0.092470
-0.083588
-0.097115
-0.101739
-0.102194
-0.096627
-0.092039
-0.105022
-0.095686
-0.102071
-0.104645
-0.097649
-0.096311
-0.096950
-0.098896
-0.106024
-0.104438
-0.097474
-0.102909
-0.106342
-0.103539
-0.098879
-0.103183
0.207663
0.014796
0.010654
-0.074692
-0.074525
-0.092399
-0.088331
-0.079456
-0.062560
-0.004704
-0.006658
-0.105713
-0.076979
-0.076003
-0.054912
-0.029291
-0.037497
-0.081853
-0.009836
-0.058141
-0.069148
-0.049361
-0.079337
-0.040017
-0.073403
-0.088246
-0.076551
-0.073959
-0.090292
-0.074552
-0.091936
-0.076908
-0.098764
-0.083172
-0.100475
-0.088138
-0.081012
-0.089817
-0.085374
-0.091031
-0.103475
-0.095721
-0.102970
-0.082595
-0.087758
-0.097123
-0.097487
-0.101239
-0.104436
-0.097104
-0.104598
-0.106754
-0.106212
-0.101560
-0.105000
-0.107989
-0.103863
-0.103826
-0.106504
-0.107719
-0.103658
-0.105666
-0.107218
-0.104566
-0.104034
-0.107850
-0.107051
-0.103481
-0.101821
-0.109313
-0.106338
-0.105669
-0.105123
-0.110042
-0.101064
-0.104703
-0.103826
-0.097408
-0.100971
-0.109128
-0.102831
-0.103485
-0.103518
-0.104484
-0.105058
-0.103202
-0.109555
-0.106296
-0.102380
-0.102818
-0.106102
-0.110331
-0.105581
-0.102704
-0.108365
-0.103709
-0.110139
-0.102437
-0.107650
-0.101781
2.629919
0.642902
0.087793
-0.079403
-0.049505
-0.072889
-0.063048
-0.086010
-0.073893
-0.070368
-0.025192
-0.077730
-0.104237
-0.087858
-0.068675
-0.056564
-0.095818
-0.062189
-0.033091
-0.016850
-0.044780
-0.093688
-0.091848
-0.032374
-0.024096
-0.068813
0.001129
-0.079208
-0.064397
-0.064464
-0.101325
-0.063784
-0.038528
-0.049763
-0.061988
-0.087590
-0.078177
-0.096009
-0.093011
-0.070539
-0.091154
-0.100988
-0.095753
-0.100461
-0.096551
-0.107226
-0.106975
-0.105104
-0.102302
-0.103300
-0.103371
-0.109203
-0.105946
-0.108932
-0.106417
-0.106297
-0.108657
-0.106383
-0.105764
-0.105302
-0.105999
-0.105377
-0.108768
-0.105899
-0.109194
-0.107897
-0.108298
-0.108166
-0.105727
-0.106245
-0.106793
-0.108723
-0.106146
-0.105386
-0.106782
-0.107790
-0.108625
-0.101890
-0.099401
-0.107627
-0.106763
-0.107350
-0.102536
-0.099317
-0.105923
-0.101740
-0.107472
-0.104320
-0.100913
-0.102320
-0.105666
-0.097235
-0.108682
-0.105888
-0.103944
-0.106681
-0.106149
-0.107603
-0.105264
-0.108298
-0.064106
0.785447
-0.098067
-0.079562
-0.068116
-0.083454
-0.071400
-0.090866
-0.063185
-0.080933
-0.059964
-0.086911
-0.081939
-0.089912
-0.097198
-0.094526
-0.076552
-0.092926
-0.071293
-0.087806
-0.095235
-0.087928
-0.098301
-0.085547
-0.109583
-0.092525
-0.098701
-0.102345
-0.107136
-0.102171
-0.107305
-0.107301
-0.100651
-0.105714
-0.097907
-0.104061
-0.104689
-0.104770
-0.101223
-0.102343
-0.107747
-0.101721
-0.109235
-0.101899
-0.108203
-0.108748
-0.107494
-0.107544
-0.108614
-0.106675
-0.107974
-0.110155
-0.109511
-0.106796
-0.110606
-0.110139
-0.107502
-0.107619
-0.105791
-0.109444
-0.107306
-0.109337
-0.107479
-0.109797
-0.108926
-0.110527
-0.109742
-0.108213
-0.108879
-0.109004
-0.108631
-0.109221
-0.109721
-0.109812
-0.109011
-0.109587
-0.108558
-0.108967
-0.109191
-0.108241
-0.110106
-0.109004
-0.108329
-0.110366
-0.109696
-0.109787
-0.109401
-0.109986
-0.109357
-0.110656
-0.109667
-0.108975
-0.110502
-0.109649
-0.110113
-0.110435
-0.109969
-0.109126
-0.108555
-0.109336
-0.055828
1.805800
-0.042755
0.057544
-0.007486
-0.050993
0.025795
-0.070806
-0.015207
-0.074911
0.048314
-0.025076
-0.069559
-0.074729
-0.052166
-0.062139
-0.104619
-0.074744
-0.013721
-0.039856
-0.044180
-0.066201
-0.093406
-0.079744
-0.092360
-0.073502
-0.082462
-0.089501
-0.090148
-0.082563
-0.071014
-0.100446
-0.089949
-0.093413
-0.087648
-0.095745
-0.098248
-0.098429
-0.093778
-0.097298
-0.084710
-0.085765
-0.094976
-0.105172
-0.100807
-0.102770
-0.106363
-0.103153
-0.100288
-0.100142
-0.106197
-0.107355
-0.108904
-0.099187
-0.109730
-0.108610
-0.101344
-0.103068
-0.101844
-0.108375
-0.100125
-0.106579
-0.103918
-0.107086
-0.107751
-0.108988
-0.109103
-0.104722
-0.105614
-0.103008
-0.107016
-0.109797
-0.107769
-0.105730
-0.109156
-0.107430
-0.110167
-0.106795
-0.105434
-0.101487
-0.107424
-0.109934
-0.106212
-0.108486
-0.110189
-0.108992
-0.110760
-0.105384
-0.107979
-0.108462
-0.108541
-0.108006
-0.107112
-0.109687
-0.108846
-0.107527
-0.108432
-0.107444
-0.108290
-0.104103
-0.108167
0.457224
-0.080298
-0.055001
-0.084019
-0.096556
-0.090312
-0.087785
-0.074830
-0.085013
-0.088543
-0.103817
-0.106985
-0.085301
-0.085858
-0.078781
-0.061518
-0.086688
-0.068794
-0.085270
-0.095248
-0.105609
-0.102287
-0.093051
-0.102136
-0.107881
-0.099284
-0.096937
-0.102011
-0.094372
-0.095241
-0.102345
-0.109309
-0.101159
-0.109278
-0.107633
-0.102295
-0.106620
-0.107596
-0.106558
-0.104827
-0.103299
-0.105556
-0.097904
-0.105496
-0.103370
-0.105175
-0.108781
-0.109728
-0.109537
-0.108624
-0.108910
-0.110565
-0.108219
-0.109580
-0.110186
-0.108169
-0.107805
-0.108831
-0.110193
-0.106107
-0.108726
-0.109337
-0.110155
-0.109333
-0.109674
-0.109858
-0.109044
-0.109348
-0.109865
-0.109769
-0.110103
-0.109042
-0.110208
-0.107271
-0.108661
-0.108127
-0.106643
-0.109962
-0.109727
-0.110003
-0.109734
-0.109154
-0.109902
-0.109994
-0.109761
-0.109397
-0.108696
-0.109477
-0.110209
-0.110124
-0.109941
-0.109208
-0.109966
-0.110428
-0.110032
-0.109871
-0.109731
-0.109355
-0.108796
-1.853706
0.127056
-1.489541
-2.349420
-0.110826
-0.110830
0.135898
0.161369
0.528485
-0.396692
-0.110827
-0.110829
3.032894
0.065637
3.328744
2.753396
-0.110825
-0.110831
-0.208168
0.416003
0.485112
-0.962836
-0.110826
-0.110832
-0.113497
0.162559
0.316933
-0.579266
-0.110826
-0.110830
-0.124775
0.978766
1.280248
-1.991591
-0.110827
-0.110831
8.676574
0.227549
9.279598
8.232795
-0.110824
-0.110830
1.631270
0.013874
-0.045424
-0.034079
-0.076251
-0.093160
-0.097437
-0.110201
-0.106772
-0.103352
-0.106353
-0.106530
-0.099881
-0.105553
-0.098641
-0.110139
-0.098735
-0.106688
-0.104506
-0.109071
-0.108015
-0.108869
-0.109400
-0.109296
-0.108291
-0.108359
-0.107044
-0.103335
-0.109957
-0.107894
-0.109347
-0.109232
-0.106449
-0.107631
-0.107815
-0.109268
-0.108689
-0.109872
-0.109725
-0.110062
-0.110453
-0.109623
-0.109443
-0.109901
-0.109074
-0.110536
-0.108470
-0.109569
-0.109798
-0.110003
-0.110509
-0.110577
-0.110382
-0.110231
-0.109758
-0.110640
-0.109590
-0.109287
-0.110228
-0.110138
-0.109942
-0.110401
-0.109827
-0.110168
-0.110019
-0.110348
-0.110004
-0.110222
-0.110127
-0.110526
-0.110619
-0.110168
-0.110497
-0.110467
-0.110253
-0.110626
-0.109975
-0.110088
-0.110417
-0.110067
-0.110589
-0.110618
-0.110628
-0.110436
-0.109971
-0.110760
-0.109916
-0.110323
-0.110523
-0.110474
-0.110265
-0.110094
-0.110588
-0.110280
-0.110394
-0.110591
-0.110368
-0.110446
-0.110378
-0.110350
0.136492
0.055523
-0.044143
-0.051054
-0.091209
-0.094743
-0.101524
-0.107564
-0.107824
-0.104608
-0.106442
-0.105701
-0.102347
-0.103549
-0.107254
-0.110740
-0.105265
-0.108092
-0.105901
-0.106634
-0.109838
-0.108660
-0.109884
-0.109235
-0.110047
-0.109200
-0.108753
-0.106070
-0.105220
-0.107619
-0.108577
-0.107342
-0.108682
-0.107807
-0.108946
-0.108904
-0.108923
-0.109629
-0.109583
-0.109740
-0.110263
-0.110402
-0.109487
-0.109241
-0.110196
-0.110534
-0.109305
-0.110227
-0.109971
-0.110098
-0.110671
-0.110252
-0.110320
-0.110078
-0.110121
-0.110625
-0.109897
-0.110296
-0.109260
-0.109949
-0.109498
-0.110308
-0.110536
-0.110045
-0.110278
-0.110153
-0.109960
-0.110080
-0.110065
-0.110062
-0.110454
-0.110471
-0.110272
-0.110082
-0.110320
-0.110581
-0.110100
-0.110218
-0.110303
-0.110356
-0.110497
-0.110532
-0.110600
-0.110284
-0.110138
-0.110585
-0.110073
-0.110540
-0.110336
-0.110403
-0.110013
-0.110263
-0.110570
-0.110269
-0.110411
-0.110519
-0.110257
-0.110213
-0.110307
-0.110237
3.033660
-0.013669
-0.061065
-0.098132
-0.058834
-0.096779
-0.099260
-0.104453
-0.103162
-0.107199
-0.104403
-0.105738
-0.109621
-0.106896
-0.105497
-0.106619
-0.104239
-0.109787
-0.110118
-0.107518
-0.108842
-0.108927
-0.108137
-0.108683
-0.108158
-0.107669
-0.104436
-0.108999
-0.109061
-0.108189
-0.110009
-0.109651
-0.108583
-0.109398
-0.107220
-0.109881
-0.109445
-0.109777
-0.109486
-0.109970
-0.110010
-0.109893
-0.110366
-0.109803
-0.110311
-0.110081
-0.109295
-0.110034
-0.110371
-0.110308
-0.110341
-0.110222
-0.109996
-0.109940
-0.109728
-0.110194
-0.109193
-0.109939
-0.110189
-0.110128
-0.110225
-0.110538
-0.110601
-0.110086
-0.110185
-0.110470
-0.110260
-0.110299
-0.110214
-0.110171
-0.110575
-0.110319
-0.110476
-0.110278
-0.110519
-0.110600
-0.110197
-0.110138
-0.110406
-0.110536
-0.110459
-0.110411
-0.110337
-0.110221
-0.109948
-0.110692
-0.109859
-0.110233
-0.110345
-0.110374
-0.110381
-0.110431
-0.110606
-0.110162
-0.110630
-0.110685
-0.110458
-0.110389
-0.110465
-0.110293
-0.011818
0.257272
-0.089405
-0.065186
-0.100218
-0.110089
-0.108619
-0.108832
-0.109227
-0.110410
-0.109346
-0.109738
-0.110237
-0.110321
-0.110612
-0.110649
-0.110592
-0.110587
-0.110410
-0.110256
-0.110490
-0.110586
-0.110605
-0.110285
-0.110120
-0.110407
-0.108348
-0.106797
-0.106970
-0.103241
-0.107190
-0.103737
-0.107316
-0.109517
-0.110149
-0.110531
-0.110422
-0.110408
-0.110333
-0.110493
-0.110402
-0.110390
-0.110468
-0.110501
-0.110571
-0.110607
-0.110600
-0.110621
-0.110562
-0.110520
-0.110577
-0.110673
-0.110704
-0.110716
-0.110696
-0.110573
-0.109946
-0.110398
-0.109362
-0.109730
-0.109340
-0.109721
-0.109540
-0.110579
-0.110438
-0.110541
-0.110563
-0.110569
-0.110540
-0.110581
-0.110564
-0.110546
-0.110556
-0.110566
-0.110584
-0.110601
-0.110599
-0.110633
-0.110534
-0.110630
-0.110450
-0.110660
-0.110688
-0.110509
-0.110668
-0.110560
-0.110365
-0.110567
-0.110209
-0.110564
-0.110061
-0.110625
-0.110232
-0.110582
-0.110531
-0.110565
-0.110578
-0.110584
-0.110577
-0.110594
-0.110070
0.078785
-0.092840
-0.082702
-0.091841
-0.103525
-0.108829
-0.110505
-0.110157
-0.110305
-0.110347
-0.110155
-0.110327
-0.110623
-0.110460
-0.110477
-0.110277
-0.110317
-0.110231
-0.110130
-0.110580
-0.110438
-0.110648
-0.110801
-0.109961
-0.109271
-0.108860
-0.108861
-0.109298
-0.106286
-0.108074
-0.107987
-0.109802
-0.109148
-0.109480
-0.109949
-0.110545
-0.110580
-0.110716
-0.110717
-0.110778
-0.110741
-0.110724
-0.110724
-0.110770
-0.110771
-0.110777
-0.110749
-0.110724
-0.110635
-0.110716
-0.110625
-0.110690
-0.110721
-0.110657
-0.110368
-0.110402
-0.110508
-0.110091
-0.110220
-0.109830
-0.110514
-0.110517
-0.110428
-0.110592
-0.110582
-0.110686
-0.110697
-0.110741
-0.110746
-0.110790
-0.110816
-0.110815
-0.110793
-0.110794
-0.110792
-0.110787
-0.110782
-0.110773
-0.110736
-0.110757
-0.110629
-0.110591
-0.110734
-0.110679
-0.110562
-0.110593
-0.110753
-0.110378
-0.110768
-0.110431
-0.110734
-0.110671
-0.110671
-0.110766
-0.110761
-0.110776
-0.110770
-0.110778
-0.110770
-0.092051
0.632262
0.062466
-0.021815
-0.068780
-0.099992
-0.108004
-0.109619
-0.109839
-0.110112
-0.109372
-0.110125
-0.110160
-0.110505
-0.110718
-0.110729
-0.110670
-0.110666
-0.110762
-0.110483
-0.110609
-0.110127
-0.110097
-0.109622
-0.110245
-0.107962
-0.106786
-0.099369
-0.107228
-0.092939
-0.100915
-0.100097
-0.099623
-0.109120
-0.106588
-0.109876
-0.110032
-0.109981
-0.109927
-0.109958
-0.109875
-0.109975
-0.110082
-0.110222
-0.110344
-0.110413
-0.110401
-0.110381
-0.110353
-0.110283
-0.110431
-0.110651
-0.110781
-0.110782
-0.110624
-0.110145
-0.109533
-0.108573
-0.108383
-0.108064
-0.107117
-0.109872
-0.107992
-0.110168
-0.109325
-0.109939
-0.110164
-0.110218
-0.110238
-0.110249
-0.110204
-0.110207
-0.110212
-0.110240
-0.110283
-0.110318
-0.110347
-0.110491
-0.110354
-0.110130
-0.110137
-0.110447
-0.110407
-0.110544
-0.110459
-0.110433
-0.109958
-0.110533
-0.109455
-0.110165
-0.109170
-0.110042
-0.109830
-0.110405
-0.110021
-0.110128
-0.110207
-0.110238
-0.110266
-0.110293
