-2.688873
0.595914
-0.634012
-4.672724
-0.109993
-0.109993
0.505756
0.126691
1.369882
-0.205682
-0.109993
-0.109989
2.616906
0.870021
4.464971
0.346443
-0.109994
-0.109997
-0.056774
1.386740
2.322684
-2.497466
-0.109994
-0.109998
-0.185114
2.266387
4.007073
-4.082747
-0.109993
-0.109998
-0.075937
0.638736
1.063960
-1.261615
-0.109993
-0.109999
13.805886
-0.107634
13.809247
13.802748
-0.109993
-0.109999
9.540759
2.217184
12.545017
5.715338
-0.109995
-0.109999
2.466997
0.268669
-0.001083
-0.093516
-0.072776
-0.069993
-0.040983
-0.063333
-0.077105
-0.074326
-0.065599
-0.075412
-0.063416
-0.090419
-0.014965
-0.085597
-0.058634
-0.102184
-0.060223
-0.063549
-0.059420
-0.089441
-0.075907
-0.078486
-0.060442
-0.092125
0.026573
-0.076314
-0.058241
-0.068719
-0.068979
-0.033028
-0.089665
-0.084903
-0.071949
-0.042906
-0.085122
-0.057957
-0.059246
-0.095520
-0.072125
-0.103558
-0.094479
-0.095058
-0.099817
-0.094316
-0.088291
-0.094010
-0.101084
-0.101893
-0.101485
-0.107607
-0.107216
-0.107077
-0.106548
-0.107846
-0.106621
-0.106579
-0.105364
-0.108483
-0.105595
-0.109172
-0.106429
-0.107210
-0.107644
-0.107047
-0.107303
-0.108561
-0.107842
-0.107625
-0.107056
-0.108225
-0.108351
-0.107486
-0.109231
-0.106638
-0.107970
-0.106488
-0.104957
-0.108520
-0.106688
-0.105810
-0.107378
-0.106433
-0.101074
-0.106190
-0.106461
-0.102660
-0.107096
-0.102490
-0.097539
-0.107552
-0.102626
-0.105859
-0.107010
-0.097663
-0.096536
-0.108295
-0.105356
-0.097279
0.506159
-0.097567
-0.062561
-0.077581
-0.083608
-0.081801
-0.082203
-0.081145
-0.097371
-0.083418
-0.108190
-0.083685
-0.070114
-0.067887
-0.104610
-0.093963
-0.087266
-0.077182
-0.079800
-0.060874
-0.083409
-0.089502
-0.085339
-0.075656
-0.071854
-0.096203
-0.064891
-0.094787
-0.100569
-0.085802
-0.103737
-0.089479
-0.101315
-0.084481
-0.098091
-0.099344
-0.106732
-0.089566
-0.086732
-0.103574
-0.091300
-0.099882
-0.101355
-0.101555
-0.100601
-0.100649
-0.105697
-0.108674
-0.100768
-0.107118
-0.106963
-0.104768
-0.106057
-0.103631
-0.108789
-0.109638
-0.108622
-0.108148
-0.108218
-0.108883
-0.108824
-0.108882
-0.108661
-0.109295
-0.108443
-0.109769
-0.108635
-0.109229
-0.109197
-0.108783
-0.109907
-0.107701
-0.109161
-0.107609
-0.109340
-0.108967
-0.107298
-0.107099
-0.108215
-0.108237
-0.108699
-0.107575
-0.105922
-0.108074
-0.109664
-0.106837
-0.107429
-0.106056
-0.109579
-0.105266
-0.106124
-0.107950
-0.106979
-0.104481
-0.109495
-0.108828
-0.107114
-0.105148
-0.108833
-0.105428
2.612718
0.527894
0.022581
-0.079507
-0.047585
-0.061737
-0.088911
-0.074549
-0.067193
-0.089716
-0.104263
-0.095783
-0.086930
-0.102752
-0.072519
-0.068687
-0.079414
-0.092520
-0.094823
-0.099454
-0.085442
-0.065667
-0.066142
-0.097145
-0.086153
-0.064687
0.000380
-0.072519
-0.072305
-0.084953
-0.087467
-0.060677
-0.095472
-0.105340
-0.080078
-0.058080
-0.076819
-0.061529
-0.056810
-0.091270
-0.092376
-0.105398
-0.088724
-0.101931
-0.106181
-0.104376
-0.101809
-0.104657
-0.106851
-0.101139
-0.104417
-0.107366
-0.107813
-0.107820
-0.107405
-0.107602
-0.107934
-0.108668
-0.107789
-0.108944
-0.107926
-0.108872
-0.109217
-0.104124
-0.109396
-0.106007
-0.106125
-0.109093
-0.106994
-0.107909
-0.106408
-0.108689
-0.106034
-0.108880
-0.108208
-0.109682
-0.107801
-0.109568
-0.105773
-0.107046
-0.107768
-0.108296
-0.108764
-0.107536
-0.106643
-0.103581
-0.108503
-0.106720
-0.108982
-0.101451
-0.103671
-0.108649
-0.107362
-0.105202
-0.106022
-0.097714
-0.101962
-0.104843
-0.105948
-0.097606
-0.065233
0.934953
0.020318
-0.068640
-0.040445
-0.058440
-0.089721
-0.090896
-0.100218
-0.096658
-0.099506
-0.103087
-0.100637
-0.097695
-0.106152
-0.101378
-0.102690
-0.096728
-0.100239
-0.097437
-0.107898
-0.100976
-0.092637
-0.102541
-0.106730
-0.099768
-0.102055
-0.102820
-0.105148
-0.102157
-0.100160
-0.097966
-0.098961
-0.101999
-0.104623
-0.107726
-0.108903
-0.101077
-0.107876
-0.106322
-0.108592
-0.104971
-0.104269
-0.108550
-0.108919
-0.106835
-0.107735
-0.108899
-0.108347
-0.108851
-0.109100
-0.109110
-0.108428
-0.108248
-0.109102
-0.109647
-0.108759
-0.109593
-0.107493
-0.109398
-0.107719
-0.109113
-0.109462
-0.106091
-0.107472
-0.104394
-0.108898
-0.109583
-0.108646
-0.108834
-0.109426
-0.108629
-0.108397
-0.109840
-0.109074
-0.109521
-0.109813
-0.109199
-0.109009
-0.109712
-0.109520
-0.109518
-0.109248
-0.109772
-0.109425
-0.109141
-0.109366
-0.109518
-0.109210
-0.109193
-0.109381
-0.108878
-0.109396
-0.108600
-0.109034
-0.108976
-0.109546
-0.109277
-0.109247
-0.109445
-0.024039
1.542570
0.075927
-0.028493
0.032391
-0.003338
-0.037348
-0.079554
-0.096144
-0.079341
-0.086504
-0.085486
-0.097436
-0.087124
-0.102498
-0.092819
-0.091148
-0.098150
-0.080509
-0.093438
-0.084853
-0.104009
-0.099241
-0.089857
-0.068856
-0.093579
-0.097121
-0.095863
-0.092886
-0.090664
-0.093239
-0.098396
-0.099259
-0.099868
-0.099095
-0.099813
-0.105685
-0.096430
-0.104255
-0.100961
-0.097006
-0.106588
-0.106020
-0.102755
-0.103280
-0.105963
-0.105396
-0.105095
-0.105284
-0.106753
-0.106800
-0.107217
-0.107112
-0.106947
-0.109792
-0.108276
-0.109064
-0.107253
-0.105685
-0.108396
-0.106648
-0.106984
-0.107785
-0.105466
-0.105998
-0.099860
-0.108745
-0.108719
-0.107608
-0.105645
-0.108004
-0.108640
-0.107576
-0.109312
-0.108734
-0.109780
-0.109408
-0.108946
-0.108704
-0.108774
-0.108545
-0.108205
-0.107623
-0.107681
-0.108838
-0.108662
-0.108499
-0.106744
-0.106055
-0.108906
-0.109158
-0.109621
-0.109234
-0.108885
-0.108935
-0.108858
-0.108443
-0.108814
-0.109621
-0.107774
-0.078330
0.411673
-0.071462
-0.072658
-0.072538
-0.089037
-0.106422
-0.095798
-0.093572
-0.098916
-0.092991
-0.104408
-0.098656
-0.099349
-0.098669
-0.104607
-0.102562
-0.098297
-0.106868
-0.099451
-0.103616
-0.104234
-0.100400
-0.102077
-0.106124
-0.098466
-0.100089
-0.109150
-0.104698
-0.101989
-0.102157
-0.105995
-0.108774
-0.101807
-0.101762
-0.108410
-0.105530
-0.104586
-0.104806
-0.107028
-0.108343
-0.105442
-0.106956
-0.106836
-0.108751
-0.107755
-0.108581
-0.107682
-0.108226
-0.108702
-0.109718
-0.109413
-0.108438
-0.108452
-0.109769
-0.109078
-0.108579
-0.109628
-0.109010
-0.109442
-0.108213
-0.109085
-0.107208
-0.108784
-0.108791
-0.107437
-0.109365
-0.109151
-0.108632
-0.109263
-0.109266
-0.108607
-0.108941
-0.108945
-0.109779
-0.109544
-0.108823
-0.109350
-0.109379
-0.109225
-0.109339
-0.109455
-0.109336
-0.109592
-0.109582
-0.109167
-0.109048
-0.109134
-0.108976
-0.108646
-0.109759
-0.109402
-0.108781
-0.108690
-0.108820
-0.109680
-0.108930
-0.109260
-0.109021
-0.109365
-1.845292
0.193261
-1.321604
-2.280443
-0.109992
-0.109998
-0.308627
0.110050
0.001443
-0.625853
-0.109993
-0.110000
3.215221
0.130044
3.641918
2.828610
-0.109993
-0.109998
0.059177
0.454982
0.910444
-0.965366
-0.109995
-0.109997
-0.114194
0.565374
0.851115
-1.482408
-0.109996
-0.109996
-0.209082
0.932356
1.527545
-1.817803
-0.109993
-0.109998
8.495137
0.651115
9.628702
7.404634
-0.109994
-0.109999
1.626982
0.056964
0.015932
-0.073364
-0.087599
-0.100312
-0.106687
-0.105270
-0.106823
-0.104791
-0.103631
-0.106967
-0.108942
-0.102456
-0.108174
-0.106979
-0.109907
-0.107342
-0.107512
-0.106168
-0.108321
-0.108689
-0.107034
-0.109201
-0.109238
-0.109132
-0.108692
-0.107764
-0.107938
-0.105812
-0.106883
-0.104859
-0.107107
-0.108419
-0.103966
-0.109820
-0.108232
-0.109730
-0.109136
-0.109327
-0.109401
-0.109056
-0.109407
-0.109642
-0.109826
-0.108881
-0.109713
-0.109354
-0.109850
-0.109399
-0.109508
-0.109669
-0.109458
-0.109706
-0.109364
-0.109709
-0.109771
-0.109657
-0.109560
-0.109467
-0.109661
-0.109234
-0.109389
-0.109000
-0.108811
-0.109561
-0.108684
-0.109308
-0.109515
-0.109916
-0.109696
-0.109689
-0.109564
-0.109687
-0.109742
-0.109869
-0.109865
-0.109620
-0.109788
-0.109700
-0.109818
-0.109740
-0.109764
-0.109886
-0.109722
-0.109833
-0.109717
-0.109803
-0.109826
-0.109747
-0.109771
-0.109710
-0.109868
-0.109822
-0.109552
-0.109855
-0.109353
-0.109532
-0.109590
-0.109551
0.089404
0.042073
-0.091849
-0.091040
-0.099747
-0.106885
-0.104765
-0.103751
-0.105799
-0.107530
-0.107544
-0.106803
-0.106291
-0.109616
-0.107257
-0.107368
-0.106469
-0.108596
-0.108746
-0.108598
-0.107500
-0.108725
-0.108904
-0.109064
-0.108529
-0.108548
-0.109423
-0.109482
-0.109754
-0.107781
-0.107725
-0.106810
-0.108053
-0.106931
-0.109184
-0.109649
-0.109229
-0.109286
-0.108780
-0.108879
-0.109220
-0.109355
-0.109220
-0.109088
-0.109206
-0.109444
-0.109135
-0.109098
-0.109156
-0.109539
-0.109542
-0.109260
-0.109203
-0.109454
-0.109480
-0.109394
-0.109365
-0.109419
-0.109603
-0.109614
-0.109328
-0.109141
-0.108974
-0.109261
-0.109223
-0.109269
-0.109979
-0.109528
-0.109520
-0.109254
-0.109364
-0.109408
-0.109537
-0.109595
-0.109421
-0.109423
-0.109445
-0.109505
-0.109429
-0.109453
-0.109512
-0.109584
-0.109545
-0.109473
-0.109479
-0.109531
-0.109538
-0.109529
-0.109539
-0.109535
-0.109541
-0.109528
-0.109416
-0.109409
-0.109347
-0.109609
-0.109558
-0.109520
-0.109692
-0.109356
3.213594
0.021764
-0.016028
-0.065293
-0.089471
-0.101019
-0.103198
-0.105635
-0.108639
-0.107850
-0.107481
-0.105957
-0.108347
-0.107321
-0.106899
-0.107819
-0.106003
-0.109175
-0.107387
-0.108342
-0.109108
-0.108716
-0.108161
-0.109478
-0.109340
-0.108431
-0.108527
-0.108621
-0.108508
-0.105591
-0.108198
-0.106229
-0.107479
-0.108155
-0.105213
-0.109318
-0.108209
-0.109236
-0.109772
-0.109550
-0.109684
-0.109588
-0.109742
-0.109332
-0.109823
-0.109551
-0.109497
-0.109417
-0.109498
-0.109623
-0.109573
-0.109794
-0.109868
-0.109841
-0.109578
-0.109941
-0.109780
-0.109666
-0.109839
-0.109623
-0.109847
-0.109209
-0.109352
-0.109252
-0.109034
-0.109680
-0.108917
-0.109509
-0.109521
-0.109604
-0.109857
-0.109806
-0.109757
-0.109785
-0.109677
-0.109784
-0.109960
-0.109760
-0.109782
-0.109806
-0.109858
-0.109811
-0.109900
-0.109975
-0.109885
-0.109935
-0.109844
-0.109890
-0.109874
-0.109910
-0.109892
-0.109748
-0.109992
-0.109820
-0.109477
-0.109886
-0.109536
-0.109744
-0.109649
-0.109512
0.055861
0.246931
0.065867
-0.085221
-0.090528
-0.096374
-0.104784
-0.105128
-0.106268
-0.106677
-0.107479
-0.107537
-0.107215
-0.107517
-0.108056
-0.107762
-0.107975
-0.108335
-0.107916
-0.108346
-0.108254
-0.108156
-0.108731
-0.108023
-0.107937
-0.108411
-0.107484
-0.106809
-0.107214
-0.105284
-0.103879
-0.103287
-0.104889
-0.103843
-0.103738
-0.107769
-0.109717
-0.109542
-0.109296
-0.109955
-0.109686
-0.109819
-0.109884
-0.109906
-0.109825
-0.109847
-0.109931
-0.109757
-0.109833
-0.109853
-0.109691
-0.109838
-0.109741
-0.109678
-0.109833
-0.109581
-0.109592
-0.109741
-0.109416
-0.109440
-0.109498
-0.108918
-0.109603
-0.108943
-0.108077
-0.109299
-0.108760
-0.108669
-0.109870
-0.109415
-0.109530
-0.109704
-0.109707
-0.109829
-0.109698
-0.109917
-0.109950
-0.109962
-0.109960
-0.109943
-0.109970
-0.109939
-0.109902
-0.109949
-0.109908
-0.109899
-0.109930
-0.109852
-0.109884
-0.109916
-0.109823
-0.109901
-0.109862
-0.109685
-0.109657
-0.109621
-0.109182
-0.109670
-0.109480
-0.109172
-0.107643
0.299981
0.116365
-0.042008
-0.064703
-0.092385
-0.096227
-0.105468
-0.103535
-0.104528
-0.105990
-0.104771
-0.105944
-0.106513
-0.105876
-0.107315
-0.106903
-0.106695
-0.107877
-0.107091
-0.107306
-0.108321
-0.107407
-0.107964
-0.108495
-0.107401
-0.107877
-0.107885
-0.104338
-0.105403
-0.102394
-0.100562
-0.105918
-0.104206
-0.101213
-0.101092
-0.107235
-0.107295
-0.107716
-0.109047
-0.107862
-0.108379
-0.108528
-0.108110
-0.108586
-0.108611
-0.108308
-0.108823
-0.108564
-0.108480
-0.108923
-0.108547
-0.108674
-0.108992
-0.108581
-0.108846
-0.108984
-0.108523
-0.108936
-0.108972
-0.108309
-0.109035
-0.108558
-0.108267
-0.107808
-0.108559
-0.108010
-0.106338
-0.109573
-0.108353
-0.108860
-0.109045
-0.108465
-0.108959
-0.108540
-0.109057
-0.108975
-0.108992
-0.108924
-0.109007
-0.108950
-0.108953
-0.109046
-0.108950
-0.109014
-0.109065
-0.108953
-0.109050
-0.109058
-0.108920
-0.109096
-0.109103
-0.108954
-0.109829
-0.108478
-0.109041
-0.108368
-0.108872
-0.108913
-0.107878
-0.006328
0.567406
0.163759
-0.026516
-0.085030
-0.101816
-0.099404
-0.102454
-0.105903
-0.104986
-0.105388
-0.107240
-0.105916
-0.106523
-0.107660
-0.106512
-0.107359
-0.107726
-0.106720
-0.107860
-0.107495
-0.106947
-0.108200
-0.107179
-0.106777
-0.108237
-0.106377
-0.106431
-0.105311
-0.099349
-0.104512
-0.095664
-0.103810
-0.099457
-0.096481
-0.106797
-0.108562
-0.108329
-0.108360
-0.109492
-0.109357
-0.109388
-0.109698
-0.109718
-0.109386
-0.109624
-0.109730
-0.109352
-0.109672
-0.109578
-0.109287
-0.109730
-0.109406
-0.109271
-0.109753
-0.109207
-0.109188
-0.109678
-0.108901
-0.109130
-0.108865
-0.107792
-0.109112
-0.107917
-0.107601
-0.108860
-0.106778
-0.107681
-0.109497
-0.108818
-0.109353
-0.109738
-0.109491
-0.109820
-0.109568
-0.109891
-0.109872
-0.109879
-0.109870
-0.109778
-0.109840
-0.109804
-0.109717
-0.109837
-0.109736
-0.109706
-0.109826
-0.109665
-0.109685
-0.109823
-0.109561
-0.109719
-0.109635
-0.109474
-0.109056
-0.109662
-0.108909
-0.109792
-0.108847
-0.108371
