-2.497188
0.874545
-0.595359
-4.949605
-0.112582
-0.112583
0.105644
0.290201
1.014272
-1.117719
-0.112581
-0.112581
2.763760
1.041602
5.050001
0.583040
-0.112581
-0.112585
-0.056058
1.112783
1.871878
-2.067737
-0.112581
-0.112586
-0.165647
2.667634
4.168202
-4.846305
-0.112581
-0.112586
-0.228040
0.617796
1.091707
-1.410152
-0.112581
-0.112586
13.734743
-0.111310
13.736686
13.732582
-0.112582
-0.112586
9.003395
2.680346
13.249333
4.682056
-0.112581
-0.112586
2.267406
0.352077
0.003341
-0.051025
-0.078968
-0.074273
-0.018232
-0.035555
-0.054692
-0.018668
-0.077092
-0.007437
0.016556
0.004436
-0.025602
-0.017877
0.056191
-0.035589
-0.067256
-0.084913
0.010171
-0.036161
-0.037920
0.003188
0.024319
-0.012217
-0.035630
-0.001306
-0.071476
-0.103657
-0.045540
-0.073777
-0.099631
-0.088174
-0.022991
-0.086768
-0.079943
-0.042538
-0.055210
-0.066780
-0.082821
-0.056062
-0.090745
-0.092630
-0.100016
-0.086429
-0.085422
-0.104347
-0.094480
-0.092615
-0.107468
-0.100266
-0.099299
-0.107213
-0.104291
-0.106509
-0.104920
-0.103238
-0.110718
-0.108146
-0.106497
-0.108200
-0.105357
-0.107078
-0.108556
-0.104597
-0.108075
-0.110726
-0.105974
-0.107066
-0.104679
-0.107128
-0.107387
-0.109615
-0.099508
-0.108037
-0.111174
-0.101389
-0.110256
-0.102724
-0.108704
-0.106791
-0.100994
-0.101011
-0.100709
-0.098494
-0.095716
-0.098201
-0.097944
-0.107677
-0.106286
-0.104103
-0.109019
-0.105149
-0.109544
-0.101193
-0.106533
-0.103675
-0.103626
-0.099134
0.103081
-0.029802
-0.036959
-0.098137
-0.099095
-0.074877
-0.097812
-0.102893
-0.085591
-0.079305
-0.098114
-0.062523
-0.064241
-0.078044
-0.057604
-0.024515
-0.048742
-0.095734
-0.092031
-0.079508
-0.021025
-0.063242
-0.090223
-0.063929
-0.041426
-0.043404
-0.057798
-0.058158
-0.086829
-0.083560
-0.098057
-0.101073
-0.098252
-0.093951
-0.082019
-0.073995
-0.079808
-0.062440
-0.097053
-0.095114
-0.108366
-0.076984
-0.100591
-0.096372
-0.104099
-0.097715
-0.101200
-0.105436
-0.108965
-0.104054
-0.108885
-0.108436
-0.111037
-0.109224
-0.111663
-0.112068
-0.111616
-0.109337
-0.110373
-0.111054
-0.111127
-0.110820
-0.110194
-0.109741
-0.111954
-0.109984
-0.110519
-0.109253
-0.112043
-0.111759
-0.109229
-0.109347
-0.108254
-0.109460
-0.109875
-0.109053
-0.103524
-0.109523
-0.111140
-0.111180
-0.111779
-0.104635
-0.106012
-0.111061
-0.105082
-0.108368
-0.106742
-0.105917
-0.104213
-0.108154
-0.110293
-0.108563
-0.112151
-0.109390
-0.109552
-0.105372
-0.109209
-0.109418
-0.106207
-0.106620
2.755735
0.622685
0.011782
-0.100442
-0.072595
-0.098840
-0.047136
-0.066842
-0.102404
-0.050443
-0.067768
-0.094559
-0.070973
-0.085523
-0.082219
-0.083959
-0.042686
-0.098786
-0.084545
-0.105305
-0.028286
-0.042294
-0.050060
-0.030884
-0.004284
-0.029838
-0.055451
0.010778
-0.075076
-0.099771
-0.048868
-0.076713
-0.102783
-0.092773
-0.019810
-0.072353
-0.081023
-0.067744
-0.075799
-0.083432
-0.084457
-0.067264
-0.103719
-0.099087
-0.110423
-0.099822
-0.106953
-0.106712
-0.107575
-0.106315
-0.109293
-0.110694
-0.105151
-0.106058
-0.108549
-0.108073
-0.106442
-0.106371
-0.111450
-0.107508
-0.110954
-0.109048
-0.103542
-0.109712
-0.110846
-0.108742
-0.111602
-0.109087
-0.108476
-0.109420
-0.109745
-0.107918
-0.108993
-0.108859
-0.107875
-0.110406
-0.108309
-0.106929
-0.109784
-0.109201
-0.111277
-0.107946
-0.104491
-0.105043
-0.100020
-0.099602
-0.100828
-0.103781
-0.101613
-0.104818
-0.108340
-0.102871
-0.111386
-0.110760
-0.110319
-0.099613
-0.109456
-0.106548
-0.104499
-0.105199
-0.061570
0.739027
-0.053831
-0.087758
-0.075616
-0.049101
-0.032739
-0.086201
-0.075793
-0.086146
-0.098424
-0.089116
-0.097007
-0.103578
-0.087941
-0.093566
-0.093621
-0.106972
-0.098500
-0.108386
-0.095799
-0.093500
-0.089624
-0.104722
-0.090442
-0.102306
-0.096209
-0.099208
-0.096275
-0.102115
-0.107770
-0.108553
-0.104448
-0.103416
-0.105680
-0.105965
-0.101941
-0.104831
-0.104438
-0.102485
-0.107863
-0.106953
-0.111290
-0.107040
-0.112206
-0.109683
-0.109691
-0.108893
-0.110393
-0.110991
-0.109742
-0.111059
-0.110523
-0.109967
-0.111856
-0.109613
-0.110372
-0.111200
-0.110383
-0.112085
-0.108573
-0.109928
-0.108510
-0.110665
-0.109928
-0.111082
-0.111676
-0.108995
-0.111052
-0.110813
-0.111438
-0.111581
-0.110550
-0.111249
-0.112107
-0.110543
-0.112047
-0.111997
-0.111236
-0.112097
-0.112252
-0.111298
-0.110488
-0.111562
-0.111889
-0.110929
-0.111572
-0.110988
-0.111449
-0.110229
-0.111468
-0.112162
-0.112168
-0.111142
-0.111722
-0.112079
-0.110911
-0.110641
-0.111873
-0.110672
-0.050783
1.809274
-0.018829
0.019545
-0.011573
-0.022749
0.125271
-0.058260
-0.052910
-0.065644
-0.056035
-0.087966
-0.030243
-0.091802
-0.101407
-0.069134
-0.049543
-0.093051
-0.082963
-0.102191
-0.052967
-0.087845
-0.062715
-0.086827
-0.038234
-0.099569
-0.092454
-0.065514
-0.041542
-0.082990
-0.076401
-0.077978
-0.091962
-0.081926
-0.082554
-0.102640
-0.083569
-0.085656
-0.100520
-0.085342
-0.099270
-0.090975
-0.103723
-0.100016
-0.110972
-0.104724
-0.101621
-0.110310
-0.108372
-0.103171
-0.107128
-0.109909
-0.110240
-0.105961
-0.111698
-0.102798
-0.109415
-0.110544
-0.106324
-0.110892
-0.102557
-0.105246
-0.104556
-0.107614
-0.104012
-0.106902
-0.111770
-0.101305
-0.109693
-0.110538
-0.110624
-0.108703
-0.108059
-0.107140
-0.110355
-0.108517
-0.110144
-0.109674
-0.107393
-0.111233
-0.110999
-0.107927
-0.109574
-0.108996
-0.107295
-0.105601
-0.108409
-0.112094
-0.110747
-0.103120
-0.107603
-0.109989
-0.108572
-0.110853
-0.110303
-0.109588
-0.107960
-0.104750
-0.107509
-0.107821
0.006131
0.388198
-0.079914
-0.050465
-0.100811
-0.068779
-0.081274
-0.102205
-0.094657
-0.096203
-0.107529
-0.096873
-0.095274
-0.100569
-0.083150
-0.088030
-0.101744
-0.098912
-0.092826
-0.094835
-0.086046
-0.091166
-0.096916
-0.109985
-0.096033
-0.092955
-0.100165
-0.099269
-0.104064
-0.101972
-0.097941
-0.102549
-0.103922
-0.108139
-0.101878
-0.107181
-0.100340
-0.102678
-0.106691
-0.105699
-0.109013
-0.104555
-0.106592
-0.105725
-0.110018
-0.108622
-0.110148
-0.108639
-0.112371
-0.108263
-0.110299
-0.111317
-0.111416
-0.111700
-0.112253
-0.111121
-0.111196
-0.111398
-0.111270
-0.111020
-0.110884
-0.111065
-0.109503
-0.111351
-0.110426
-0.112210
-0.111639
-0.111276
-0.111642
-0.111666
-0.111731
-0.112494
-0.111716
-0.112108
-0.111602
-0.110640
-0.110523
-0.112033
-0.111136
-0.111499
-0.111024
-0.110698
-0.109988
-0.112085
-0.111709
-0.111648
-0.111225
-0.111341
-0.110425
-0.111728
-0.112245
-0.110537
-0.111140
-0.111687
-0.112200
-0.110182
-0.110671
-0.111569
-0.111912
-0.111218
-1.724410
0.294889
-0.825712
-2.268144
-0.112578
-0.112583
0.037072
0.174376
0.536618
-0.400047
-0.112580
-0.112586
3.152609
0.115074
3.584215
2.757592
-0.112579
-0.112585
-0.068641
0.529649
0.689610
-1.182216
-0.112583
-0.112586
-0.088074
0.591034
1.236061
-1.246499
-0.112581
-0.112584
-0.246074
0.768421
1.276750
-1.685842
-0.112581
-0.112585
8.490988
0.621228
9.429737
7.345783
-0.112582
-0.112586
1.501412
0.108155
0.057925
-0.056406
-0.076864
-0.100317
-0.102748
-0.112420
-0.111173
-0.111157
-0.109888
-0.103860
-0.102440
-0.110285
-0.108617
-0.106875
-0.107809
-0.109594
-0.111210
-0.106872
-0.108506
-0.111475
-0.112368
-0.111390
-0.111949
-0.111099
-0.111299
-0.108529
-0.107795
-0.103559
-0.107734
-0.112109
-0.106998
-0.106380
-0.109109
-0.110313
-0.111669
-0.111378
-0.112042
-0.112312
-0.112350
-0.112347
-0.111056
-0.111196
-0.112363
-0.111940
-0.111680
-0.111769
-0.112321
-0.112153
-0.111776
-0.111749
-0.112483
-0.112394
-0.112389
-0.112352
-0.112421
-0.112309
-0.111722
-0.111458
-0.110609
-0.111700
-0.112409
-0.110961
-0.111185
-0.111555
-0.112125
-0.112319
-0.112099
-0.112367
-0.112480
-0.112521
-0.112363
-0.112020
-0.111923
-0.112246
-0.112174
-0.112465
-0.112070
-0.112338
-0.112457
-0.112270
-0.112343
-0.112478
-0.112473
-0.112466
-0.112322
-0.112468
-0.112335
-0.112223
-0.112212
-0.111669
-0.112442
-0.112403
-0.111950
-0.111812
-0.112081
-0.112268
-0.112403
-0.112436
0.035691
0.082123
-0.065369
-0.101807
-0.095030
-0.111263
-0.108993
-0.109160
-0.108963
-0.109781
-0.108568
-0.104405
-0.106754
-0.107684
-0.103017
-0.104686
-0.109701
-0.103118
-0.110375
-0.110200
-0.109052
-0.109760
-0.110174
-0.111405
-0.111206
-0.111181
-0.110811
-0.111083
-0.110665
-0.108081
-0.109580
-0.111152
-0.107334
-0.110099
-0.111646
-0.111706
-0.111561
-0.111624
-0.111481
-0.111646
-0.111663
-0.111902
-0.110673
-0.111527
-0.112296
-0.110984
-0.110728
-0.111760
-0.111771
-0.111920
-0.111250
-0.111325
-0.112372
-0.112008
-0.111839
-0.111984
-0.112042
-0.111877
-0.112182
-0.112153
-0.111287
-0.111320
-0.112085
-0.111952
-0.111696
-0.111820
-0.112153
-0.111969
-0.112070
-0.112158
-0.112102
-0.111908
-0.112170
-0.112395
-0.112179
-0.111792
-0.111639
-0.112455
-0.111649
-0.112008
-0.112045
-0.112248
-0.112253
-0.111981
-0.112127
-0.112166
-0.112097
-0.112092
-0.112149
-0.112043
-0.112037
-0.112312
-0.111794
-0.112195
-0.111869
-0.112227
-0.112076
-0.111984
-0.112248
-0.112138
3.151753
0.019135
-0.031192
-0.089971
-0.086876
-0.098506
-0.101547
-0.108149
-0.106431
-0.108567
-0.107795
-0.107302
-0.112392
-0.106232
-0.107359
-0.110245
-0.110794
-0.111285
-0.111392
-0.109049
-0.109600
-0.110671
-0.110960
-0.111153
-0.110342
-0.111887
-0.111902
-0.107722
-0.111784
-0.106224
-0.111829
-0.110556
-0.108438
-0.108069
-0.110283
-0.111212
-0.111176
-0.110821
-0.111544
-0.111527
-0.111356
-0.111590
-0.111847
-0.111257
-0.110955
-0.111686
-0.111645
-0.111232
-0.111521
-0.111410
-0.111577
-0.111953
-0.111770
-0.111617
-0.111699
-0.111674
-0.111625
-0.111735
-0.111789
-0.111859
-0.110734
-0.111616
-0.111851
-0.112410
-0.111330
-0.112133
-0.111389
-0.111983
-0.112095
-0.111866
-0.111887
-0.111908
-0.111959
-0.111808
-0.111828
-0.112042
-0.111962
-0.111854
-0.111770
-0.111969
-0.111773
-0.112037
-0.111891
-0.111877
-0.111962
-0.111943
-0.112035
-0.111932
-0.111803
-0.112064
-0.111865
-0.112492
-0.111925
-0.111859
-0.111667
-0.112233
-0.111922
-0.111936
-0.111915
-0.111878
-0.070397
0.325441
-0.002119
-0.081117
-0.103543
-0.103465
-0.109594
-0.111664
-0.112235
-0.111490
-0.111121
-0.112481
-0.112012
-0.111813
-0.112104
-0.112110
-0.112083
-0.112090
-0.112281
-0.112228
-0.112122
-0.112055
-0.112212
-0.112013
-0.111991
-0.111972
-0.111199
-0.111522
-0.109702
-0.106143
-0.102762
-0.110802
-0.103806
-0.108786
-0.110813
-0.111576
-0.112171
-0.112216
-0.112254
-0.112331
-0.112471
-0.112437
-0.112332
-0.112355
-0.112408
-0.112318
-0.112431
-0.112341
-0.112399
-0.112407
-0.112365
-0.112415
-0.112442
-0.112429
-0.112437
-0.112522
-0.112460
-0.112478
-0.112321
-0.112000
-0.110745
-0.110662
-0.111556
-0.110530
-0.111871
-0.112081
-0.112255
-0.112354
-0.112317
-0.112393
-0.112418
-0.112409
-0.112398
-0.112394
-0.112287
-0.112421
-0.112279
-0.112367
-0.112297
-0.112351
-0.112445
-0.112447
-0.112477
-0.112415
-0.112437
-0.112460
-0.112418
-0.112413
-0.112385
-0.112480
-0.112480
-0.111654
-0.111725
-0.112085
-0.111697
-0.112204
-0.112561
-0.112558
-0.112451
-0.112511
-0.086254
0.334683
0.091739
-0.073965
-0.063562
-0.092566
-0.109425
-0.111203
-0.110348
-0.110450
-0.111043
-0.111286
-0.111060
-0.111282
-0.111681
-0.111666
-0.111537
-0.111659
-0.111830
-0.111735
-0.111730
-0.111931
-0.111803
-0.111671
-0.111911
-0.111310
-0.109473
-0.106348
-0.109104
-0.100917
-0.103309
-0.111545
-0.102103
-0.104951
-0.110251
-0.109526
-0.111415
-0.112040
-0.112241
-0.112363
-0.112554
-0.112381
-0.112314
-0.112394
-0.112390
-0.112422
-0.112332
-0.112422
-0.112499
-0.112440
-0.112470
-0.112512
-0.112434
-0.112426
-0.112525
-0.112515
-0.112304
-0.111945
-0.111463
-0.111957
-0.109914
-0.110642
-0.112355
-0.110183
-0.110715
-0.111772
-0.111690
-0.112219
-0.112332
-0.112446
-0.112480
-0.112356
-0.112444
-0.112393
-0.112403
-0.111914
-0.112357
-0.112468
-0.111903
-0.112255
-0.112263
-0.112308
-0.112411
-0.112414
-0.112438
-0.112408
-0.112401
-0.112504
-0.112098
-0.112019
-0.112108
-0.111454
-0.112056
-0.112229
-0.111478
-0.111985
-0.112343
-0.112333
-0.112290
-0.112446
0.023477
0.453935
0.137014
-0.096634
-0.061624
-0.108069
-0.110103
-0.112156
-0.111783
-0.112360
-0.112355
-0.112390
-0.112218
-0.112345
-0.112517
-0.112377
-0.112377
-0.112503
-0.112483
-0.112357
-0.112347
-0.112530
-0.112292
-0.112530
-0.112414
-0.111961
-0.111308
-0.106293
-0.109732
-0.099253
-0.100520
-0.111302
-0.100079
-0.103167
-0.112101
-0.109445
-0.112492
-0.112390
-0.112519
-0.112415
-0.112397
-0.112448
-0.112520
-0.112474
-0.112309
-0.112463
-0.112534
-0.112311
-0.112434
-0.112495
-0.112409
-0.112416
-0.112516
-0.112489
-0.112456
-0.112527
-0.112471
-0.112115
-0.111173
-0.111593
-0.109390
-0.110341
-0.111877
-0.109524
-0.110460
-0.112247
-0.112019
-0.112426
-0.112411
-0.112483
-0.112410
-0.112428
-0.112522
-0.112524
-0.112194
-0.112066
-0.112301
-0.112328
-0.111967
-0.112252
-0.112400
-0.112385
-0.112513
-0.112525
-0.112469
-0.112510
-0.112490
-0.112438
-0.112340
-0.112024
-0.112152
-0.111095
-0.111789
-0.112198
-0.111239
-0.111681
-0.112268
-0.112341
-0.112527
-0.112552
