-2.499070
1.372190
0.256400
-7.028342
-0.120452
-0.120447
0.124192
0.512305
2.114617
-1.277899
-0.120447
-0.120448
2.621847
1.008880
5.843359
0.630309
-0.120447
-0.120451
-0.314081
1.100878
2.052767
-2.223698
-0.120449
-0.120454
-0.108213
2.346988
4.706986
-4.054687
-0.120449
-0.120454
0.185118
0.763805
1.526107
-1.448217
-0.120450
-0.120454
13.513892
-0.118530
13.518797
13.511437
-0.120446
-0.120449
9.338530
1.989749
12.834013
5.312549
-0.120450
-0.120454
2.272782
0.230082
0.004019
-0.020515
-0.031520
-0.053277
-0.043151
-0.057184
0.050045
0.222807
0.210809
-0.010530
-0.102471
0.153224
0.103427
-0.090246
-0.022168
0.145576
0.072078
0.048014
0.024594
0.007790
0.013712
0.101523
0.087690
-0.024555
0.032688
-0.055018
0.011638
0.074570
0.021523
-0.058488
0.024537
-0.053623
-0.103166
-0.034443
0.064092
-0.003240
-0.045207
-0.031784
-0.081329
-0.066920
-0.032134
-0.093378
-0.086073
-0.071461
-0.058984
-0.090878
-0.031944
-0.081019
-0.080174
-0.087003
-0.081609
-0.093689
-0.102598
-0.109988
-0.075516
-0.098656
-0.096661
-0.105999
-0.099643
-0.092935
-0.105246
-0.101076
-0.094477
-0.105535
-0.103638
-0.097147
-0.103435
-0.105816
-0.097224
-0.101734
-0.111193
-0.090976
-0.094477
-0.113483
-0.093088
-0.107488
-0.101961
-0.091255
-0.102755
-0.100072
-0.094236
-0.107239
-0.089823
-0.115031
-0.104548
-0.097906
-0.106979
-0.092958
-0.087456
-0.101999
-0.100506
-0.101991
-0.095259
-0.114366
-0.093421
-0.104121
-0.091380
-0.087802
0.129569
0.024037
0.012317
-0.067947
-0.058902
-0.081212
-0.074722
-0.056457
-0.090293
0.042922
0.001951
-0.067235
-0.082277
-0.021774
-0.002050
-0.078106
-0.046438
-0.040104
-0.065567
-0.011968
-0.044097
-0.061636
-0.067373
-0.037482
-0.046091
-0.086455
-0.094372
-0.087514
-0.083803
-0.113308
-0.067116
-0.077687
-0.073957
-0.086762
-0.080728
-0.101690
-0.097563
-0.084224
-0.084370
-0.109743
-0.105191
-0.094545
-0.091227
-0.114217
-0.110234
-0.108042
-0.080044
-0.119377
-0.089437
-0.104010
-0.105732
-0.102464
-0.109175
-0.111613
-0.118427
-0.113660
-0.104642
-0.114417
-0.109865
-0.115853
-0.116143
-0.112783
-0.116322
-0.117261
-0.115047
-0.116727
-0.116425
-0.113301
-0.115278
-0.116538
-0.114158
-0.114793
-0.117719
-0.112548
-0.110861
-0.115589
-0.110760
-0.116275
-0.115120
-0.109008
-0.116342
-0.112948
-0.115683
-0.110172
-0.109724
-0.111507
-0.114465
-0.117009
-0.116518
-0.108507
-0.112002
-0.113919
-0.116023
-0.117140
-0.116176
-0.115705
-0.116504
-0.115244
-0.111487
-0.112976
2.628128
0.454155
0.021846
-0.041980
-0.081394
-0.053087
-0.054934
-0.031177
-0.046823
-0.022196
-0.004085
-0.034247
-0.045063
-0.083840
-0.074848
-0.112835
-0.098812
-0.084588
-0.056182
-0.050035
-0.017874
-0.061303
-0.069669
-0.046816
-0.013276
-0.028795
-0.018623
-0.045820
-0.008584
0.077699
0.003669
-0.098211
-0.023421
-0.073632
-0.092870
-0.028633
0.040751
-0.032783
-0.055787
-0.040563
-0.090844
-0.089772
-0.091267
-0.113467
-0.115637
-0.100325
-0.084514
-0.109972
-0.093293
-0.110754
-0.098028
-0.106514
-0.113660
-0.097847
-0.098220
-0.114807
-0.108174
-0.103587
-0.112023
-0.109814
-0.107080
-0.105765
-0.108760
-0.108968
-0.103815
-0.111814
-0.110105
-0.108344
-0.110764
-0.112330
-0.109168
-0.112594
-0.114858
-0.104674
-0.112163
-0.114120
-0.104872
-0.108836
-0.110270
-0.110750
-0.106049
-0.108269
-0.113096
-0.106161
-0.104986
-0.114445
-0.105472
-0.110892
-0.116088
-0.106733
-0.100094
-0.106863
-0.108961
-0.108101
-0.099102
-0.108888
-0.096407
-0.113586
-0.101662
-0.098397
0.079130
0.716783
-0.105649
-0.076394
-0.075660
-0.071719
-0.054988
-0.076719
-0.047059
-0.032788
-0.040743
-0.090168
-0.104771
-0.093072
-0.087061
-0.094407
-0.113380
-0.097032
-0.093996
-0.087224
-0.096124
-0.093059
-0.116568
-0.098348
-0.107124
-0.100095
-0.114685
-0.112416
-0.104805
-0.098132
-0.114104
-0.089117
-0.110275
-0.112174
-0.105828
-0.118304
-0.103809
-0.100304
-0.117766
-0.112875
-0.108404
-0.112483
-0.111661
-0.118103
-0.111768
-0.117456
-0.112533
-0.114666
-0.114809
-0.117212
-0.117092
-0.113794
-0.115966
-0.116580
-0.116345
-0.115516
-0.113381
-0.115391
-0.119389
-0.114560
-0.118706
-0.118572
-0.118147
-0.119333
-0.117418
-0.118806
-0.116459
-0.116882
-0.118627
-0.119303
-0.117371
-0.118121
-0.119018
-0.117072
-0.118052
-0.116165
-0.117804
-0.118150
-0.118604
-0.119054
-0.117171
-0.118843
-0.119807
-0.116026
-0.118623
-0.117299
-0.116159
-0.119388
-0.120008
-0.119471
-0.117875
-0.118525
-0.119757
-0.118886
-0.117677
-0.118225
-0.114153
-0.118696
-0.117500
-0.120188
-0.119352
1.549662
0.043739
0.033759
-0.056595
0.040846
-0.032912
-0.073505
0.048421
0.077334
0.067020
-0.091045
-0.099861
-0.023744
-0.099138
-0.078589
-0.055233
-0.075823
-0.085606
-0.091297
-0.081447
-0.080029
-0.105702
-0.012326
-0.060509
-0.104492
-0.108771
-0.105176
-0.082725
-0.057910
-0.085373
-0.080534
-0.108698
-0.088321
-0.108091
-0.098258
-0.070985
-0.068898
-0.097887
-0.110583
-0.106608
-0.089477
-0.091645
-0.104277
-0.112057
-0.094836
-0.111561
-0.107677
-0.099853
-0.114504
-0.102664
-0.107704
-0.116009
-0.101280
-0.109003
-0.113503
-0.101315
-0.100977
-0.110753
-0.105937
-0.112522
-0.112422
-0.108272
-0.114833
-0.117976
-0.111703
-0.112276
-0.108377
-0.110003
-0.113293
-0.106674
-0.113833
-0.113442
-0.108821
-0.119849
-0.108933
-0.112199
-0.111486
-0.115741
-0.113705
-0.112143
-0.112261
-0.112526
-0.109704
-0.110713
-0.112877
-0.109881
-0.111612
-0.113923
-0.109143
-0.111300
-0.113737
-0.116453
-0.109523
-0.113504
-0.113023
-0.108693
-0.107370
-0.115878
-0.115951
0.181131
0.474255
-0.003106
-0.102003
-0.074423
-0.086013
-0.109797
-0.089491
-0.094068
-0.071052
-0.098085
-0.090304
-0.082821
-0.105031
-0.109590
-0.094630
-0.099121
-0.085064
-0.086484
-0.081571
-0.095703
-0.100652
-0.093460
-0.102106
-0.098316
-0.093405
-0.097358
-0.102145
-0.104226
-0.105506
-0.119379
-0.103089
-0.112137
-0.113554
-0.109518
-0.113097
-0.104007
-0.103553
-0.113372
-0.114587
-0.105603
-0.119511
-0.110729
-0.115665
-0.107725
-0.110146
-0.107147
-0.111047
-0.114904
-0.118582
-0.117663
-0.114648
-0.117277
-0.117031
-0.115086
-0.118440
-0.117903
-0.116260
-0.118407
-0.116364
-0.118817
-0.117868
-0.117016
-0.118292
-0.120049
-0.117223
-0.117806
-0.117631
-0.117823
-0.118265
-0.116577
-0.118141
-0.117869
-0.117422
-0.119029
-0.117453
-0.118882
-0.118650
-0.116983
-0.118125
-0.117328
-0.119206
-0.116439
-0.116515
-0.120080
-0.116330
-0.119071
-0.114211
-0.118826
-0.116147
-0.114603
-0.119719
-0.117126
-0.117995
-0.117817
-0.117757
-0.118285
-0.115527
-0.118181
-0.120333
-1.556879
0.210251
-0.788956
-1.998692
-0.120446
-0.120451
-0.308600
0.155596
0.273208
-0.759616
-0.120448
-0.120452
3.166755
0.143030
3.632845
2.778023
-0.120448
-0.120455
-0.317746
0.453579
0.692212
-1.055578
-0.120449
-0.120454
-0.103302
0.343061
0.856336
-0.705435
-0.120447
-0.120452
0.339796
0.682040
1.270877
-1.310967
-0.120452
-0.120452
8.318941
0.367824
8.953716
7.377851
-0.120452
-0.120453
1.317706
0.064477
0.005597
-0.066078
-0.102177
-0.097870
-0.106747
-0.110953
-0.119778
-0.118868
-0.117012
-0.115119
-0.111095
-0.114368
-0.116760
-0.117994
-0.111506
-0.113946
-0.118176
-0.117305
-0.117395
-0.115389
-0.117889
-0.119031
-0.119994
-0.119592
-0.118687
-0.118457
-0.116622
-0.118446
-0.116755
-0.114387
-0.114814
-0.118078
-0.118120
-0.116292
-0.117083
-0.118839
-0.118819
-0.119397
-0.119133
-0.120206
-0.120172
-0.119930
-0.119397
-0.119096
-0.119698
-0.120054
-0.120079
-0.118538
-0.119506
-0.120209
-0.119945
-0.120178
-0.119350
-0.119790
-0.120146
-0.120163
-0.119959
-0.120044
-0.120348
-0.119370
-0.119846
-0.119768
-0.119358
-0.118769
-0.119466
-0.120141
-0.119767
-0.119255
-0.119872
-0.120100
-0.120333
-0.119822
-0.120208
-0.120229
-0.120074
-0.119934
-0.120042
-0.120246
-0.120111
-0.120112
-0.119704
-0.120151
-0.120316
-0.120064
-0.120154
-0.119938
-0.120147
-0.120248
-0.120086
-0.120063
-0.120219
-0.120269
-0.119817
-0.120159
-0.120227
-0.120085
-0.119390
-0.119965
0.068614
0.059184
-0.077730
-0.088190
-0.083908
-0.095282
-0.109157
-0.119001
-0.112665
-0.115397
-0.118023
-0.115587
-0.115757
-0.107043
-0.113926
-0.115225
-0.112733
-0.114080
-0.114746
-0.115057
-0.112681
-0.118370
-0.118398
-0.119461
-0.118289
-0.118680
-0.120180
-0.118274
-0.117344
-0.115839
-0.118336
-0.117531
-0.116585
-0.120027
-0.116328
-0.119293
-0.118244
-0.118064
-0.118533
-0.119054
-0.120381
-0.119156
-0.119890
-0.120165
-0.120026
-0.119155
-0.118151
-0.119243
-0.119592
-0.119428
-0.119648
-0.118984
-0.119140
-0.118899
-0.119940
-0.120191
-0.120123
-0.119705
-0.119958
-0.120006
-0.119787
-0.119967
-0.119110
-0.120121
-0.119450
-0.119373
-0.120078
-0.119197
-0.120436
-0.119568
-0.119676
-0.120079
-0.119693
-0.120164
-0.119837
-0.120104
-0.120145
-0.120117
-0.119739
-0.119598
-0.119918
-0.119922
-0.120188
-0.119877
-0.119671
-0.119923
-0.119769
-0.120064
-0.119997
-0.119950
-0.119983
-0.120121
-0.120083
-0.119955
-0.120146
-0.119652
-0.120264
-0.119808
-0.119718
-0.120216
3.165972
0.033473
-0.058369
-0.057199
-0.076650
-0.109370
-0.111645
-0.110614
-0.115085
-0.112325
-0.119408
-0.112380
-0.116653
-0.110803
-0.117524
-0.116777
-0.107470
-0.108391
-0.115741
-0.118315
-0.114750
-0.118607
-0.117013
-0.119636
-0.117632
-0.118917
-0.118333
-0.118633
-0.117781
-0.116886
-0.114576
-0.118642
-0.116932
-0.119499
-0.117791
-0.117038
-0.117771
-0.117027
-0.120301
-0.119645
-0.119287
-0.119739
-0.119473
-0.120246
-0.119190
-0.119800
-0.119113
-0.119905
-0.119712
-0.118310
-0.118486
-0.119394
-0.120014
-0.119635
-0.119807
-0.119774
-0.120213
-0.119778
-0.120021
-0.119938
-0.120050
-0.119671
-0.120017
-0.118877
-0.120230
-0.119768
-0.119944
-0.120053
-0.119336
-0.119937
-0.119572
-0.120038
-0.120086
-0.119964
-0.120174
-0.120092
-0.120221
-0.119932
-0.120302
-0.120077
-0.120069
-0.120069
-0.119701
-0.119778
-0.119942
-0.120048
-0.120192
-0.120003
-0.120167
-0.120415
-0.120026
-0.120183
-0.120140
-0.120248
-0.119983
-0.120209
-0.119685
-0.120107
-0.120199
-0.119839
0.074027
0.209919
0.047426
0.013417
-0.078980
-0.073675
-0.093699
-0.092607
-0.098387
-0.100247
-0.103309
-0.104011
-0.105570
-0.106111
-0.107172
-0.108983
-0.109058
-0.110400
-0.110264
-0.110963
-0.110961
-0.111949
-0.112385
-0.112560
-0.113291
-0.112651
-0.113714
-0.113549
-0.113167
-0.113885
-0.108656
-0.114185
-0.113554
-0.117978
-0.116273
-0.111202
-0.111685
-0.116022
-0.114380
-0.116192
-0.115224
-0.116097
-0.115772
-0.116204
-0.116071
-0.116182
-0.116270
-0.116234
-0.116622
-0.116383
-0.116746
-0.116533
-0.116725
-0.116673
-0.116812
-0.116932
-0.116831
-0.117110
-0.116789
-0.117214
-0.116926
-0.117073
-0.116986
-0.116017
-0.118203
-0.118398
-0.117799
-0.118900
-0.116361
-0.116801
-0.117912
-0.116995
-0.117553
-0.117287
-0.117529
-0.117475
-0.117523
-0.117552
-0.117508
-0.117600
-0.117527
-0.117673
-0.117557
-0.117676
-0.117621
-0.117635
-0.117675
-0.117643
-0.117729
-0.117629
-0.117766
-0.117618
-0.117777
-0.117659
-0.117657
-0.117678
-0.117223
-0.118437
-0.118042
-0.117492
-0.103102
0.168540
0.009307
-0.049996
-0.093908
-0.108249
-0.109674
-0.112080
-0.113850
-0.115291
-0.115039
-0.115909
-0.115767
-0.116021
-0.116740
-0.116690
-0.117298
-0.117052
-0.117653
-0.117474
-0.117613
-0.117884
-0.117931
-0.118425
-0.118082
-0.118614
-0.118055
-0.118591
-0.118055
-0.116846
-0.114168
-0.116563
-0.113688
-0.119722
-0.114668
-0.114908
-0.116674
-0.118309
-0.119097
-0.118910
-0.119027
-0.118940
-0.119300
-0.119011
-0.119223
-0.119115
-0.119126
-0.119282
-0.119144
-0.119350
-0.119182
-0.119365
-0.119264
-0.119298
-0.119379
-0.119306
-0.119492
-0.119312
-0.119509
-0.119336
-0.119594
-0.119343
-0.119048
-0.118819
-0.120061
-0.118381
-0.119688
-0.118920
-0.119147
-0.118882
-0.119385
-0.119720
-0.119444
-0.119557
-0.119511
-0.119622
-0.119530
-0.119570
-0.119577
-0.119533
-0.119625
-0.119534
-0.119621
-0.119562
-0.119605
-0.119597
-0.119568
-0.119644
-0.119564
-0.119659
-0.119579
-0.119640
-0.119617
-0.119657
-0.119603
-0.119438
-0.119631
-0.119698
-0.119042
-0.119706
0.340745
0.370119
0.143765
-0.029437
-0.096594
-0.100154
-0.112337
-0.115785
-0.117773
-0.118010
-0.119457
-0.118386
-0.119565
-0.118972
-0.119599
-0.119815
-0.119315
-0.120316
-0.119508
-0.120099
-0.119782
-0.119603
-0.120046
-0.119646
-0.120233
-0.119497
-0.119199
-0.119708
-0.116849
-0.116777
-0.113143
-0.110172
-0.109668
-0.119978
-0.111804
-0.109043
-0.115501
-0.118940
-0.119456
-0.119240
-0.119709
-0.119984
-0.119709
-0.120337
-0.119772
-0.120205
-0.119954
-0.120068
-0.120188
-0.119972
-0.120385
-0.120009
-0.120291
-0.120108
-0.120120
-0.120238
-0.120076
-0.120431
-0.120042
-0.120114
-0.120207
-0.119667
-0.119504
-0.118528
-0.118520
-0.118086
-0.120181
-0.119018
-0.117529
-0.118995
-0.120269
-0.119849
-0.120164
-0.120104
-0.120344
-0.120079
-0.120321
-0.120158
-0.120223
-0.120271
-0.120175
-0.120351
-0.120169
-0.120325
-0.120219
-0.120246
-0.120294
-0.120188
-0.120369
-0.120185
-0.120320
-0.120216
-0.120178
-0.120358
-0.120112
-0.120137
-0.119436
-0.119895
-0.119195
-0.119305
