-2.217004
2.427251
5.511040
-10.256428
-0.125374
-0.125368
0.124739
1.040367
4.634250
-3.182263
-0.125372
-0.125367
2.395589
1.379477
7.192034
-0.755624
-0.125371
-0.125371
-0.247549
1.115516
2.901830
-2.477984
-0.125372
-0.125375
-0.045445
2.510563
5.237694
-3.957107
-0.125372
-0.125376
0.066381
0.702800
1.977876
-1.994576
-0.125372
-0.125375
12.311237
-0.123846
12.313549
12.308521
-0.125374
-0.125376
9.050575
2.003782
12.643245
4.881212
-0.125374
-0.125377
1.944184
0.216890
-0.072773
-0.065698
0.002386
0.074735
0.210911
0.309182
-0.035418
0.075958
0.059784
-0.034449
0.050066
0.792940
0.186482
0.158364
0.410509
0.447617
0.230126
0.175001
0.228572
0.021300
0.070923
0.132085
0.076739
0.117575
0.120001
0.058133
0.018595
0.081797
0.013006
0.028821
0.030840
-0.040252
0.009579
0.077229
0.026097
-0.049854
-0.043143
-0.036494
-0.066210
-0.027600
0.050910
-0.041492
0.028701
-0.063048
-0.063381
-0.048262
0.017311
-0.108912
-0.107624
-0.086665
-0.098174
-0.107412
-0.088561
-0.119212
-0.117214
-0.107364
-0.110397
-0.118705
-0.105302
-0.112201
-0.117844
-0.106219
-0.110751
-0.113786
-0.110428
-0.120258
-0.102476
-0.113322
-0.117872
-0.103253
-0.106111
-0.111456
-0.069710
-0.096905
-0.099164
-0.074722
-0.083019
-0.093808
-0.114635
-0.082696
-0.082781
-0.106253
-0.092967
-0.094437
-0.099577
-0.106872
-0.090811
-0.084103
-0.106414
-0.083469
-0.090014
-0.110329
-0.101809
-0.111658
-0.076219
-0.064166
-0.116749
-0.105925
0.115592
0.033702
-0.055273
-0.049635
-0.058122
0.019173
0.018383
0.016581
-0.056618
-0.038812
-0.020545
-0.026554
-0.074432
0.222595
-0.001870
0.095034
-0.080061
0.113779
0.007681
0.056322
0.011857
-0.085414
0.025175
0.050493
0.017707
0.000627
-0.031235
0.023956
-0.095254
-0.039567
0.006900
-0.034425
-0.048174
-0.079039
0.005961
-0.053020
-0.076294
-0.076000
-0.060215
-0.038198
-0.085740
-0.075592
-0.042417
-0.087551
-0.066918
-0.110270
-0.085788
-0.113933
-0.082601
-0.102840
-0.105823
-0.116876
-0.115695
-0.115439
-0.109502
-0.121679
-0.120063
-0.115973
-0.117322
-0.121811
-0.118405
-0.119190
-0.123315
-0.119818
-0.117038
-0.119767
-0.120521
-0.123957
-0.116899
-0.120097
-0.117316
-0.113684
-0.122047
-0.120298
-0.099800
-0.110951
-0.110512
-0.117656
-0.107439
-0.118617
-0.113152
-0.105292
-0.110876
-0.111406
-0.100620
-0.101068
-0.115484
-0.117600
-0.110161
-0.113182
-0.113722
-0.102307
-0.113273
-0.112015
-0.111580
-0.112125
-0.104502
-0.107720
-0.116509
-0.104280
2.381491
0.465855
0.057528
-0.059824
-0.005214
-0.035473
-0.035658
0.065816
0.017419
-0.070815
-0.099231
-0.021078
-0.047812
0.122767
-0.041963
-0.042589
0.091878
0.156097
-0.022519
0.094602
0.036371
-0.056137
0.117112
-0.039353
-0.002963
-0.010734
0.081622
0.042537
-0.018286
0.037990
0.013367
0.006764
-0.022092
-0.053342
0.006473
0.033861
-0.028288
-0.065103
-0.119097
-0.040785
-0.079637
-0.097336
-0.016374
-0.082336
-0.051807
-0.102424
-0.109711
-0.085356
-0.081643
-0.106904
-0.111110
-0.107493
-0.121684
-0.112953
-0.107712
-0.118118
-0.119693
-0.115484
-0.116465
-0.117983
-0.114396
-0.117218
-0.120708
-0.114658
-0.117294
-0.119564
-0.117088
-0.115834
-0.114767
-0.121164
-0.117039
-0.117700
-0.113611
-0.115020
-0.105653
-0.115027
-0.113388
-0.104607
-0.101662
-0.114595
-0.111070
-0.098942
-0.101664
-0.102443
-0.110023
-0.109728
-0.115341
-0.109406
-0.096966
-0.100316
-0.107671
-0.099146
-0.102451
-0.110634
-0.110048
-0.110032
-0.088403
-0.084429
-0.120708
-0.109378
-0.001130
0.654885
-0.040176
-0.078489
-0.030314
-0.055532
0.012501
0.035846
-0.049056
-0.081500
-0.041745
-0.047388
-0.035585
-0.035491
-0.046996
-0.011583
-0.093787
-0.043798
-0.086004
-0.081682
-0.047446
-0.077104
-0.079683
-0.085370
-0.101652
-0.121580
-0.105892
-0.103526
-0.115473
-0.108390
-0.079898
-0.096094
-0.101864
-0.110997
-0.106660
-0.118933
-0.115920
-0.113755
-0.116483
-0.105561
-0.100007
-0.105975
-0.108486
-0.124458
-0.103423
-0.118158
-0.107193
-0.121539
-0.113393
-0.113421
-0.115278
-0.123600
-0.124369
-0.117937
-0.114460
-0.118925
-0.125013
-0.124495
-0.123399
-0.121434
-0.121444
-0.123145
-0.121680
-0.124567
-0.124551
-0.120899
-0.124236
-0.121998
-0.121413
-0.122702
-0.120703
-0.120509
-0.122964
-0.120366
-0.122671
-0.118758
-0.120163
-0.123288
-0.122789
-0.120587
-0.121987
-0.118656
-0.123609
-0.123437
-0.120963
-0.120672
-0.123236
-0.122098
-0.122484
-0.123821
-0.121438
-0.121098
-0.123339
-0.122325
-0.120170
-0.121534
-0.122916
-0.123977
-0.121493
-0.121066
-0.045380
1.537073
-0.013939
-0.050935
0.087694
0.048124
0.207121
0.327469
-0.009454
-0.055491
-0.099116
0.019550
-0.033764
0.144708
-0.122576
-0.025620
0.022417
0.071011
-0.002757
-0.069562
0.000497
-0.082076
-0.043079
-0.016042
-0.087535
-0.055200
-0.084098
-0.088998
-0.097217
-0.093902
-0.075555
-0.083183
-0.102597
-0.109282
-0.113552
-0.091677
-0.070007
-0.087976
-0.086387
-0.087527
-0.120900
-0.092669
-0.097469
-0.094275
-0.076972
-0.116369
-0.112547
-0.102720
-0.088432
-0.113118
-0.111169
-0.108562
-0.120203
-0.116164
-0.099050
-0.111240
-0.120563
-0.119944
-0.120803
-0.120652
-0.118433
-0.119901
-0.116350
-0.121630
-0.121187
-0.115623
-0.123045
-0.115569
-0.109123
-0.119906
-0.119040
-0.124376
-0.114874
-0.114716
-0.115312
-0.117634
-0.121737
-0.112573
-0.112627
-0.113607
-0.120331
-0.113069
-0.118879
-0.121602
-0.119212
-0.116798
-0.121462
-0.122182
-0.110675
-0.118185
-0.124504
-0.117909
-0.118437
-0.119233
-0.117686
-0.120287
-0.118088
-0.114085
-0.117137
-0.120782
0.063372
0.391799
-0.097993
-0.055000
-0.060611
-0.067887
-0.081762
-0.058559
-0.059531
-0.088899
-0.065284
-0.036203
-0.085584
-0.111056
-0.058602
-0.041256
-0.100736
-0.071137
-0.064717
-0.075016
-0.093251
-0.119245
-0.094630
-0.059533
-0.108897
-0.079871
-0.117744
-0.094050
-0.118769
-0.103672
-0.109369
-0.104773
-0.113913
-0.116056
-0.108887
-0.113850
-0.104955
-0.119453
-0.102742
-0.111020
-0.117288
-0.109649
-0.106251
-0.108895
-0.111992
-0.123347
-0.111849
-0.121375
-0.123511
-0.114728
-0.115961
-0.123011
-0.123498
-0.118934
-0.122541
-0.122535
-0.124941
-0.123382
-0.123712
-0.122661
-0.123780
-0.123167
-0.121182
-0.123941
-0.123873
-0.122675
-0.122923
-0.124699
-0.124012
-0.123251
-0.123208
-0.121633
-0.121665
-0.124373
-0.124188
-0.119481
-0.121301
-0.121961
-0.124286
-0.121381
-0.123932
-0.121365
-0.122403
-0.121067
-0.119192
-0.122567
-0.122729
-0.123846
-0.122789
-0.124906
-0.121707
-0.124329
-0.123879
-0.123709
-0.124072
-0.125183
-0.120694
-0.124011
-0.121538
-0.121075
-1.433040
0.130117
-0.994194
-1.802552
-0.125372
-0.125377
-0.127327
0.147940
0.198470
-0.770555
-0.125376
-0.125375
2.889937
0.054328
3.197757
2.549077
-0.125374
-0.125376
-0.392216
0.568912
0.446498
-1.493131
-0.125374
-0.125378
-0.132762
0.292623
0.591429
-0.732625
-0.125372
-0.125377
0.024018
0.576467
0.822745
-1.319818
-0.125376
-0.125376
7.617679
0.377860
8.350363
6.874246
-0.125373
-0.125378
1.183906
0.026447
-0.034674
-0.097406
-0.105541
-0.121758
-0.117862
-0.123321
-0.121875
-0.123827
-0.121093
-0.122971
-0.121690
-0.123708
-0.122135
-0.123303
-0.122480
-0.122951
-0.124641
-0.122650
-0.123110
-0.122519
-0.123737
-0.123426
-0.124980
-0.123466
-0.124569
-0.122271
-0.124328
-0.120304
-0.121647
-0.123886
-0.122250
-0.122306
-0.123005
-0.124627
-0.125158
-0.124824
-0.124792
-0.124937
-0.124891
-0.125002
-0.125200
-0.125042
-0.124768
-0.124625
-0.124985
-0.124694
-0.124636
-0.124979
-0.124666
-0.124646
-0.124532
-0.124689
-0.124643
-0.124980
-0.124820
-0.125011
-0.124412
-0.124948
-0.124396
-0.124380
-0.124528
-0.124644
-0.124863
-0.124667
-0.125234
-0.125070
-0.125208
-0.124978
-0.125056
-0.124924
-0.125085
-0.125128
-0.125067
-0.124837
-0.124819
-0.125036
-0.125092
-0.124826
-0.124992
-0.125033
-0.124975
-0.124940
-0.124952
-0.124939
-0.125033
-0.125051
-0.125144
-0.124832
-0.124864
-0.125184
-0.124894
-0.124741
-0.124820
-0.125146
-0.125087
-0.125124
-0.124979
-0.125138
-0.120432
0.051074
-0.061440
-0.097887
-0.110781
-0.116677
-0.103595
-0.111421
-0.112349
-0.116476
-0.114402
-0.116623
-0.113343
-0.119323
-0.119972
-0.121739
-0.121022
-0.118583
-0.120736
-0.120939
-0.120388
-0.121005
-0.122241
-0.121840
-0.122244
-0.121036
-0.123797
-0.124773
-0.122660
-0.120925
-0.118179
-0.121110
-0.124512
-0.123778
-0.123959
-0.123241
-0.123301
-0.122395
-0.122666
-0.122636
-0.122954
-0.122742
-0.123442
-0.122293
-0.122992
-0.123948
-0.124133
-0.123646
-0.122983
-0.123131
-0.124067
-0.123426
-0.123593
-0.123633
-0.123684
-0.123742
-0.123872
-0.123975
-0.124398
-0.124003
-0.123691
-0.122707
-0.122866
-0.123928
-0.124172
-0.124387
-0.123891
-0.123810
-0.123804
-0.123793
-0.123809
-0.123786
-0.123833
-0.124159
-0.123772
-0.123798
-0.124088
-0.124267
-0.124130
-0.123827
-0.123752
-0.124159
-0.123987
-0.123942
-0.123915
-0.123937
-0.123957
-0.124137
-0.124121
-0.124072
-0.124117
-0.124226
-0.123902
-0.123702
-0.123923
-0.124097
-0.124316
-0.124043
-0.123924
-0.124034
2.888651
-0.018756
-0.070095
-0.104693
-0.103710
-0.108501
-0.112228
-0.119942
-0.119187
-0.118505
-0.121080
-0.118953
-0.119306
-0.123323
-0.117529
-0.122103
-0.122350
-0.119321
-0.121952
-0.123699
-0.122538
-0.123712
-0.123860
-0.123871
-0.124955
-0.123176
-0.122801
-0.122529
-0.124783
-0.122451
-0.121681
-0.123338
-0.124373
-0.123336
-0.123228
-0.124152
-0.123832
-0.123670
-0.124180
-0.124217
-0.123948
-0.124316
-0.124184
-0.123771
-0.124700
-0.124147
-0.125127
-0.124650
-0.124249
-0.124226
-0.124988
-0.124771
-0.124730
-0.125013
-0.124875
-0.124866
-0.124859
-0.125106
-0.124417
-0.124982
-0.124728
-0.124172
-0.124273
-0.124766
-0.124899
-0.124435
-0.125224
-0.124673
-0.124665
-0.124700
-0.124793
-0.124633
-0.124779
-0.124877
-0.124563
-0.124638
-0.125011
-0.125147
-0.124884
-0.124836
-0.124710
-0.124909
-0.125010
-0.124867
-0.124973
-0.124953
-0.124869
-0.124988
-0.125008
-0.124742
-0.124887
-0.124993
-0.124813
-0.124766
-0.124622
-0.124888
-0.124819
-0.124999
-0.124780
-0.124889
0.143498
0.336431
0.002784
-0.050248
-0.092555
-0.104561
-0.102551
-0.106038
-0.108359
-0.110578
-0.111961
-0.113719
-0.114829
-0.115570
-0.116144
-0.116593
-0.117072
-0.117426
-0.117696
-0.117931
-0.118192
-0.118133
-0.118676
-0.118797
-0.119197
-0.119593
-0.121635
-0.121084
-0.120565
-0.120359
-0.113294
-0.121513
-0.116274
-0.118349
-0.118628
-0.120425
-0.120884
-0.120953
-0.121198
-0.121398
-0.121524
-0.121728
-0.121871
-0.121989
-0.122075
-0.122119
-0.122242
-0.122200
-0.122321
-0.122349
-0.122363
-0.122397
-0.122347
-0.122413
-0.122403
-0.122425
-0.122458
-0.122677
-0.122505
-0.122779
-0.123027
-0.121977
-0.122316
-0.122860
-0.122680
-0.122518
-0.122727
-0.122633
-0.122668
-0.122710
-0.122769
-0.122792
-0.122914
-0.122947
-0.122936
-0.122959
-0.122757
-0.123258
-0.122860
-0.123057
-0.123114
-0.123230
-0.123304
-0.123273
-0.123283
-0.123274
-0.123260
-0.123261
-0.123198
-0.123011
-0.123053
-0.123013
-0.123397
-0.122663
-0.123324
-0.123257
-0.123236
-0.123230
-0.123070
-0.123066
-0.117718
0.159768
-0.076731
-0.091531
-0.091946
-0.104578
-0.115538
-0.115476
-0.118639
-0.119428
-0.120653
-0.121000
-0.121505
-0.122072
-0.122371
-0.122828
-0.123074
-0.123420
-0.123697
-0.123869
-0.123925
-0.124193
-0.124127
-0.124136
-0.123740
-0.124347
-0.121884
-0.121351
-0.122788
-0.121250
-0.119833
-0.124217
-0.118977
-0.123746
-0.123230
-0.122882
-0.123806
-0.123911
-0.123797
-0.123957
-0.123979
-0.124077
-0.124123
-0.124241
-0.124324
-0.124379
-0.124446
-0.124534
-0.124509
-0.124543
-0.124574
-0.124527
-0.124554
-0.124551
-0.124533
-0.124577
-0.124683
-0.124346
-0.124925
-0.124618
-0.123916
-0.124102
-0.124645
-0.123552
-0.124452
-0.124612
-0.124314
-0.124747
-0.124649
-0.124666
-0.124667
-0.124672
-0.124628
-0.124616
-0.124731
-0.124714
-0.124950
-0.124716
-0.125004
-0.124756
-0.124746
-0.124630
-0.124565
-0.124585
-0.124565
-0.124559
-0.124595
-0.124599
-0.124617
-0.125072
-0.124944
-0.124803
-0.124611
-0.125041
-0.124397
-0.124626
-0.124650
-0.124594
-0.124803
-0.124770
0.024843
0.314893
0.089192
-0.059485
-0.106214
-0.120241
-0.120576
-0.123401
-0.122902
-0.123433
-0.123680
-0.124209
-0.124415
-0.124350
-0.124316
-0.124223
-0.124096
-0.123979
-0.123824
-0.123817
-0.123692
-0.123484
-0.123751
-0.123596
-0.123916
-0.123752
-0.122708
-0.121966
-0.123875
-0.114714
-0.116222
-0.124907
-0.115571
-0.117723
-0.119999
-0.122544
-0.124462
-0.124149
-0.124410
-0.124517
-0.124544
-0.124701
-0.124777
-0.124850
-0.124916
-0.124922
-0.125095
-0.124966
-0.125150
-0.125021
-0.124912
-0.124845
-0.124764
-0.124771
-0.124700
-0.124704
-0.124676
-0.124344
-0.123850
-0.124435
-0.123458
-0.123762
-0.124759
-0.123314
-0.123794
-0.123764
-0.124248
-0.124695
-0.124692
-0.124741
-0.124794
-0.124791
-0.124865
-0.124846
-0.124973
-0.124975
-0.124669
-0.125123
-0.124759
-0.124810
-0.125027
-0.125155
-0.125248
-0.125202
-0.125194
-0.125141
-0.125101
-0.125083
-0.124858
-0.124514
-0.124432
-0.124553
-0.124999
-0.124592
-0.124828
-0.124942
-0.124649
-0.124782
-0.124846
-0.124862
