-2.590028
0.801860
-0.437536
-4.289838
-0.111583
-0.111587
0.331588
0.265722
1.341125
-0.385958
-0.111584
-0.111585
2.620570
0.878901
4.498659
0.664705
-0.111586
-0.111588
-0.193792
1.178720
2.437942
-2.093022
-0.111584
-0.111589
-0.163499
2.675216
4.117012
-4.555629
-0.111585
-0.111590
-0.065264
0.462963
1.309069
-0.922955
-0.111583
-0.111588
13.847620
-0.110033
13.850855
13.845220
-0.111583
-0.111587
9.260189
2.600208
13.440850
4.658849
-0.111585
-0.111590
2.365345
0.350036
0.007472
-0.052390
-0.068868
-0.087753
-0.073598
-0.087555
-0.083134
-0.085419
-0.085144
-0.056184
-0.028473
-0.002900
0.056166
-0.068077
-0.065774
-0.011787
0.018271
-0.011240
0.000832
-0.061301
0.023653
-0.079178
-0.081243
-0.027400
-0.040465
-0.018420
-0.085166
-0.090166
-0.053860
-0.066156
-0.078014
-0.074838
-0.038448
-0.101014
-0.087271
-0.051696
-0.082852
-0.068233
-0.091003
-0.107132
-0.069680
-0.096150
-0.082798
-0.068787
-0.092214
-0.092257
-0.098965
-0.096299
-0.086030
-0.088698
-0.103607
-0.102640
-0.102244
-0.107418
-0.109210
-0.110575
-0.108483
-0.108375
-0.107618
-0.109934
-0.107581
-0.107617
-0.109905
-0.107523
-0.110445
-0.108511
-0.110769
-0.109697
-0.110318
-0.109100
-0.107820
-0.109938
-0.108468
-0.110029
-0.105492
-0.108776
-0.101964
-0.108854
-0.107651
-0.101504
-0.097878
-0.108865
-0.101876
-0.099294
-0.101383
-0.102528
-0.106785
-0.101512
-0.105032
-0.101704
-0.106555
-0.105814
-0.107022
-0.107612
-0.102340
-0.108298
-0.101239
-0.105687
0.331783
0.011187
-0.032486
-0.079838
-0.057888
-0.074172
-0.065931
-0.099972
-0.089934
-0.091539
-0.084990
-0.079132
-0.030270
-0.076880
-0.036846
-0.083161
-0.063461
-0.053277
-0.098608
-0.071057
-0.096106
-0.085529
-0.056442
-0.092214
-0.100072
-0.048649
-0.085669
-0.064220
-0.101913
-0.090672
-0.089362
-0.096557
-0.094425
-0.094200
-0.082020
-0.100854
-0.110128
-0.089667
-0.098362
-0.079960
-0.108339
-0.103904
-0.100024
-0.102674
-0.107537
-0.094446
-0.104858
-0.105992
-0.106259
-0.103742
-0.097570
-0.104713
-0.096544
-0.108921
-0.103986
-0.110299
-0.105394
-0.108784
-0.106517
-0.106497
-0.109837
-0.108363
-0.107187
-0.108357
-0.108519
-0.108501
-0.109159
-0.107665
-0.108508
-0.108880
-0.108968
-0.107934
-0.109392
-0.109073
-0.109255
-0.106996
-0.108490
-0.107714
-0.109060
-0.108268
-0.105532
-0.103754
-0.107608
-0.110347
-0.108578
-0.111028
-0.104239
-0.106686
-0.107407
-0.104470
-0.108261
-0.108622
-0.108983
-0.107850
-0.110849
-0.108766
-0.110867
-0.108680
-0.108054
-0.110249
2.616755
0.534958
0.049217
-0.057450
-0.029336
-0.042095
-0.074382
-0.096911
-0.095764
-0.055750
-0.088152
-0.087970
-0.075407
-0.083486
-0.061726
-0.084028
-0.079584
-0.101390
-0.099449
-0.105759
-0.076505
-0.090315
-0.072373
-0.109705
-0.097182
-0.077317
-0.088497
-0.065102
-0.096476
-0.095564
-0.074314
-0.082182
-0.063357
-0.083658
-0.064012
-0.102872
-0.099067
-0.080578
-0.102244
-0.091842
-0.107457
-0.107122
-0.101701
-0.102488
-0.102770
-0.105997
-0.108871
-0.106947
-0.105650
-0.103591
-0.103638
-0.105452
-0.104723
-0.107781
-0.109666
-0.105841
-0.110357
-0.110397
-0.107794
-0.107783
-0.109540
-0.109960
-0.109538
-0.106815
-0.109545
-0.107196
-0.107580
-0.111173
-0.109268
-0.110352
-0.110626
-0.110977
-0.109361
-0.108617
-0.109058
-0.110057
-0.110035
-0.109223
-0.107643
-0.109918
-0.109101
-0.108723
-0.109933
-0.109564
-0.108024
-0.108601
-0.107880
-0.109392
-0.109578
-0.107392
-0.110116
-0.107367
-0.109939
-0.107655
-0.109835
-0.109042
-0.104235
-0.110680
-0.103433
-0.106739
-0.023643
0.754885
0.081381
-0.059604
-0.003168
-0.001353
-0.042963
-0.093051
-0.059785
-0.071022
-0.087038
-0.069598
-0.087033
-0.089273
-0.071605
-0.103907
-0.099150
-0.098748
-0.103457
-0.100611
-0.096934
-0.110020
-0.093044
-0.103763
-0.107114
-0.096135
-0.105982
-0.102311
-0.106924
-0.108692
-0.105034
-0.104926
-0.095738
-0.109523
-0.105175
-0.107504
-0.106853
-0.105953
-0.107944
-0.104180
-0.110621
-0.109605
-0.104036
-0.110781
-0.109281
-0.108609
-0.108345
-0.109030
-0.108972
-0.109494
-0.106143
-0.108982
-0.107470
-0.108694
-0.108152
-0.107017
-0.107122
-0.108800
-0.108196
-0.108854
-0.107496
-0.110333
-0.108991
-0.106409
-0.109678
-0.107083
-0.109923
-0.109099
-0.109758
-0.108470
-0.109825
-0.109688
-0.110027
-0.111199
-0.110978
-0.108789
-0.109565
-0.109448
-0.108958
-0.110656
-0.109422
-0.110988
-0.110736
-0.110854
-0.108958
-0.110869
-0.109921
-0.110444
-0.110584
-0.110470
-0.110464
-0.111114
-0.111203
-0.110795
-0.109737
-0.110199
-0.110145
-0.110758
-0.111290
-0.110009
-0.048843
1.823594
-0.037914
0.051262
-0.078246
0.099649
0.000236
-0.036669
0.001070
-0.063206
-0.101233
-0.093386
-0.076765
-0.085580
-0.034889
-0.081725
-0.106111
-0.100600
-0.074461
-0.096233
-0.075216
-0.094868
-0.064095
-0.110125
-0.107318
-0.080443
-0.097768
-0.098365
-0.098909
-0.107711
-0.097902
-0.095302
-0.088519
-0.092494
-0.097006
-0.108520
-0.109067
-0.105139
-0.104025
-0.103011
-0.106705
-0.105366
-0.097426
-0.107199
-0.099199
-0.102834
-0.104207
-0.107487
-0.108976
-0.104849
-0.101863
-0.106450
-0.106875
-0.107208
-0.109022
-0.105073
-0.106822
-0.107113
-0.109068
-0.104880
-0.109774
-0.107777
-0.110042
-0.097037
-0.109270
-0.105714
-0.108976
-0.105917
-0.109748
-0.107131
-0.106295
-0.109736
-0.106420
-0.109513
-0.109803
-0.108724
-0.110041
-0.109859
-0.106915
-0.110006
-0.110811
-0.107423
-0.108491
-0.109354
-0.110050
-0.109122
-0.107124
-0.108698
-0.109719
-0.106551
-0.109215
-0.110012
-0.107925
-0.111435
-0.110420
-0.109020
-0.108932
-0.108940
-0.108630
-0.111138
-0.069244
0.267322
-0.093646
-0.080337
-0.039056
-0.050727
-0.080378
-0.092865
-0.079442
-0.071964
-0.103168
-0.076075
-0.074185
-0.089592
-0.094636
-0.089589
-0.099833
-0.108722
-0.075280
-0.088625
-0.091245
-0.091363
-0.102360
-0.104359
-0.106094
-0.101661
-0.109561
-0.102027
-0.109967
-0.101284
-0.103643
-0.110603
-0.100100
-0.106962
-0.107526
-0.103323
-0.108959
-0.105054
-0.109893
-0.107256
-0.111048
-0.110875
-0.107435
-0.107972
-0.106735
-0.103849
-0.102284
-0.109373
-0.108384
-0.110008
-0.109274
-0.108507
-0.105353
-0.108941
-0.109263
-0.107972
-0.108590
-0.111203
-0.108906
-0.110252
-0.108626
-0.109650
-0.110388
-0.110446
-0.110425
-0.108877
-0.110488
-0.110495
-0.109924
-0.109362
-0.111465
-0.109221
-0.109993
-0.110197
-0.110589
-0.109377
-0.109552
-0.109901
-0.109971
-0.109391
-0.109470
-0.111303
-0.109804
-0.110342
-0.108617
-0.109244
-0.109817
-0.110054
-0.109413
-0.110896
-0.109573
-0.110804
-0.111377
-0.110949
-0.109666
-0.110954
-0.109685
-0.110084
-0.110336
-0.111228
-1.832153
0.181671
-1.264629
-2.210040
-0.111582
-0.111588
-0.323395
0.175421
0.179648
-0.800140
-0.111584
-0.111589
3.150774
0.113748
3.646369
2.776600
-0.111582
-0.111585
-0.084311
0.521046
0.624680
-1.165163
-0.111586
-0.111590
-0.076483
0.474082
0.806425
-0.903307
-0.111584
-0.111590
-0.128319
0.512849
0.834713
-1.232304
-0.111585
-0.111589
8.385719
0.581254
9.522851
7.201151
-0.111585
-0.111589
1.609778
0.070937
-0.018472
-0.101960
-0.107082
-0.099822
-0.110616
-0.106451
-0.110526
-0.104373
-0.108453
-0.106717
-0.108906
-0.111104
-0.100861
-0.107879
-0.099903
-0.106360
-0.103466
-0.107927
-0.107872
-0.109747
-0.110341
-0.108911
-0.110806
-0.111312
-0.110744
-0.110115
-0.109996
-0.110596
-0.108649
-0.106328
-0.110505
-0.109032
-0.107061
-0.110302
-0.110907
-0.110852
-0.111150
-0.111104
-0.111342
-0.111105
-0.110764
-0.111401
-0.110791
-0.111222
-0.110498
-0.110291
-0.110425
-0.109893
-0.110816
-0.110310
-0.110945
-0.111319
-0.111111
-0.111160
-0.111238
-0.111308
-0.111366
-0.111529
-0.111070
-0.111409
-0.111030
-0.110470
-0.110918
-0.111112
-0.110591
-0.110846
-0.111376
-0.111313
-0.111322
-0.111536
-0.111238
-0.111452
-0.111286
-0.111376
-0.111325
-0.111493
-0.111282
-0.111231
-0.111266
-0.110960
-0.111397
-0.111020
-0.111498
-0.111161
-0.111304
-0.111278
-0.111292
-0.111390
-0.111484
-0.111413
-0.111473
-0.111339
-0.111366
-0.111205
-0.111117
-0.111440
-0.111210
-0.111140
0.101093
0.083324
-0.083440
-0.074624
-0.099433
-0.092420
-0.101893
-0.105813
-0.108251
-0.109657
-0.106089
-0.110047
-0.109138
-0.106727
-0.106474
-0.110324
-0.108031
-0.106727
-0.108148
-0.111112
-0.107410
-0.110730
-0.109576
-0.110419
-0.111009
-0.111372
-0.110390
-0.110442
-0.107660
-0.109986
-0.110563
-0.107158
-0.109650
-0.109196
-0.107877
-0.109039
-0.111123
-0.109933
-0.110554
-0.111118
-0.111163
-0.111011
-0.110890
-0.111084
-0.110795
-0.110976
-0.111126
-0.111017
-0.110963
-0.111316
-0.111052
-0.110592
-0.110607
-0.111267
-0.110869
-0.111412
-0.111267
-0.111173
-0.111277
-0.111272
-0.111374
-0.110802
-0.110903
-0.110741
-0.110838
-0.111243
-0.110895
-0.111242
-0.110683
-0.111227
-0.110983
-0.111291
-0.111036
-0.111227
-0.111316
-0.111021
-0.111106
-0.111224
-0.111344
-0.111314
-0.111351
-0.111217
-0.111458
-0.111522
-0.111417
-0.111084
-0.111217
-0.111206
-0.111223
-0.111247
-0.111181
-0.111022
-0.111358
-0.111374
-0.111239
-0.111229
-0.111130
-0.111131
-0.111468
-0.111214
3.150400
0.011250
-0.035734
-0.061967
-0.077565
-0.092847
-0.107975
-0.106235
-0.106551
-0.107675
-0.105629
-0.109766
-0.106612
-0.108446
-0.102506
-0.109316
-0.105653
-0.108368
-0.107698
-0.107217
-0.107397
-0.109545
-0.109792
-0.110290
-0.110996
-0.111131
-0.111341
-0.110832
-0.109554
-0.105297
-0.109568
-0.107933
-0.110353
-0.110325
-0.107864
-0.110504
-0.107591
-0.110408
-0.111024
-0.110589
-0.111039
-0.111203
-0.110944
-0.111269
-0.111391
-0.110717
-0.110884
-0.110887
-0.110260
-0.110999
-0.111348
-0.110536
-0.111174
-0.111277
-0.110989
-0.111510
-0.111242
-0.111274
-0.111365
-0.111398
-0.110892
-0.110908
-0.110631
-0.110626
-0.111024
-0.111354
-0.111056
-0.110619
-0.110859
-0.111099
-0.111034
-0.111487
-0.111143
-0.111334
-0.111238
-0.110956
-0.111236
-0.111126
-0.111460
-0.111278
-0.111364
-0.111080
-0.111323
-0.111303
-0.111221
-0.111184
-0.111372
-0.111271
-0.111293
-0.111406
-0.111216
-0.111329
-0.111259
-0.111316
-0.111222
-0.111344
-0.111206
-0.111259
-0.111443
-0.111027
-0.082142
0.311614
0.028217
-0.090139
-0.105005
-0.101646
-0.107622
-0.107618
-0.109244
-0.109529
-0.109162
-0.109551
-0.109999
-0.110053
-0.109794
-0.110253
-0.110740
-0.110314
-0.110239
-0.110897
-0.110940
-0.110249
-0.110603
-0.111254
-0.110549
-0.110384
-0.111079
-0.111155
-0.109415
-0.109511
-0.109207
-0.101777
-0.107385
-0.106601
-0.102382
-0.111159
-0.110545
-0.110767
-0.110612
-0.111388
-0.110837
-0.110885
-0.111136
-0.111232
-0.110980
-0.110947
-0.111315
-0.111126
-0.110968
-0.111214
-0.111306
-0.111052
-0.111116
-0.111328
-0.111209
-0.111053
-0.111201
-0.111412
-0.111070
-0.111078
-0.111219
-0.111271
-0.110386
-0.110419
-0.109736
-0.110844
-0.109828
-0.110241
-0.110721
-0.111114
-0.111157
-0.111229
-0.111005
-0.111089
-0.111107
-0.111164
-0.111348
-0.111253
-0.111129
-0.111268
-0.111336
-0.111179
-0.111193
-0.111336
-0.111270
-0.111181
-0.111252
-0.111365
-0.111221
-0.111163
-0.111356
-0.111307
-0.111115
-0.111118
-0.111280
-0.110770
-0.111215
-0.111091
-0.110713
-0.111029
-0.078409
0.290004
-0.024663
-0.080567
-0.098754
-0.089437
-0.104183
-0.103668
-0.105436
-0.106357
-0.107659
-0.107668
-0.108037
-0.108200
-0.108764
-0.108701
-0.108930
-0.109172
-0.109230
-0.109364
-0.109263
-0.109608
-0.109592
-0.109653
-0.109729
-0.109843
-0.109494
-0.108307
-0.109395
-0.108613
-0.106241
-0.101781
-0.106994
-0.106556
-0.105149
-0.110596
-0.111151
-0.110993
-0.110316
-0.110871
-0.110846
-0.110896
-0.110772
-0.110814
-0.110883
-0.110871
-0.110818
-0.110869
-0.110909
-0.110901
-0.110883
-0.110929
-0.110968
-0.110897
-0.110913
-0.110997
-0.110984
-0.110981
-0.111016
-0.111235
-0.110538
-0.110794
-0.111192
-0.110123
-0.109632
-0.110371
-0.108931
-0.111123
-0.110930
-0.110653
-0.111389
-0.110725
-0.111135
-0.110821
-0.111095
-0.111079
-0.110959
-0.111010
-0.111017
-0.111006
-0.110997
-0.111028
-0.111037
-0.111012
-0.111023
-0.111058
-0.111041
-0.111015
-0.111052
-0.111060
-0.111061
-0.111030
-0.111250
-0.111008
-0.110768
-0.111098
-0.110482
-0.111529
-0.110766
-0.110587
-0.096316
0.299481
0.038430
-0.092495
-0.067610
-0.103609
-0.106567
-0.107758
-0.108068
-0.109520
-0.109556
-0.109224
-0.110175
-0.110723
-0.110141
-0.110129
-0.110918
-0.110799
-0.110284
-0.110639
-0.111160
-0.110787
-0.110668
-0.110927
-0.111387
-0.110709
-0.110330
-0.109853
-0.109315
-0.109645
-0.106148
-0.102706
-0.107095
-0.107765
-0.102837
-0.109791
-0.108705
-0.109064
-0.110407
-0.110847
-0.110407
-0.110439
-0.110841
-0.110842
-0.110561
-0.110726
-0.111068
-0.110862
-0.110711
-0.110967
-0.111089
-0.110816
-0.110841
-0.111107
-0.110978
-0.110818
-0.110955
-0.111183
-0.110845
-0.110592
-0.111171
-0.110681
-0.110294
-0.110220
-0.109785
-0.111052
-0.109848
-0.110174
-0.110800
-0.110853
-0.111051
-0.111354
-0.111016
-0.111204
-0.111185
-0.111186
-0.111344
-0.111177
-0.111112
-0.111266
-0.111294
-0.111132
-0.111161
-0.111313
-0.111221
-0.111120
-0.111231
-0.111305
-0.111151
-0.111127
-0.111316
-0.111266
-0.110905
-0.111275
-0.111341
-0.110422
-0.111227
-0.110852
-0.110696
-0.110675
