-2.430543
0.940379
-0.045377
-5.966309
-0.111479
-0.111476
0.141352
0.372773
1.501294
-1.215877
-0.111478
-0.111475
2.829536
1.078705
5.438812
0.108494
-0.111478
-0.111481
-0.095573
1.214798
2.111206
-2.268040
-0.111477
-0.111483
-0.107323
2.542648
3.903742
-4.492234
-0.111478
-0.111483
-0.033179
0.786571
1.439336
-1.614532
-0.111478
-0.111483
13.833422
-0.110744
13.835090
13.831335
-0.111478
-0.111479
9.199887
2.348755
12.688881
5.011427
-0.111478
-0.111483
2.204764
0.278422
0.013740
-0.042230
-0.069420
-0.069691
-0.047049
-0.096930
-0.079280
-0.037095
0.030632
-0.034783
-0.011010
0.076279
-0.015679
-0.062176
0.048925
0.106390
0.023846
0.089257
-0.014488
-0.093769
-0.069727
0.009103
0.131245
-0.072464
-0.017719
-0.094106
-0.048617
-0.084454
-0.078095
-0.053931
-0.057772
-0.098855
-0.090490
-0.073041
-0.026606
-0.006870
-0.078463
-0.060668
-0.091285
-0.042067
-0.089715
-0.055660
-0.079458
-0.078274
-0.105219
-0.083008
-0.084706
-0.104359
-0.096799
-0.103691
-0.104260
-0.105867
-0.104413
-0.101851
-0.108041
-0.109038
-0.104247
-0.108620
-0.104988
-0.110076
-0.108599
-0.108142
-0.106381
-0.106186
-0.108358
-0.109979
-0.106038
-0.108026
-0.103406
-0.106047
-0.107816
-0.104425
-0.101727
-0.098804
-0.106629
-0.096743
-0.093954
-0.109931
-0.094662
-0.106796
-0.101424
-0.105104
-0.088628
-0.096594
-0.094399
-0.105539
-0.108142
-0.106784
-0.104096
-0.100625
-0.108804
-0.109445
-0.099378
-0.105688
-0.102844
-0.096652
-0.097219
-0.090844
0.142078
0.004947
-0.004331
-0.085322
-0.081950
-0.080002
-0.065701
-0.086410
-0.058897
-0.075224
-0.058157
-0.088061
-0.039844
-0.029100
-0.051960
-0.089327
-0.055627
-0.075817
-0.011638
-0.076279
-0.067349
-0.081309
-0.065084
-0.062701
-0.035349
-0.058190
-0.017266
-0.083374
-0.086869
-0.064059
-0.050597
-0.058338
-0.101308
-0.085469
-0.061536
-0.072921
-0.087804
-0.060447
-0.087011
-0.101636
-0.104554
-0.082657
-0.097787
-0.090616
-0.098037
-0.097402
-0.108202
-0.101811
-0.097823
-0.105202
-0.105668
-0.105820
-0.110088
-0.108852
-0.106895
-0.108594
-0.108161
-0.109266
-0.107136
-0.108525
-0.109974
-0.109471
-0.109884
-0.108093
-0.109801
-0.109196
-0.109509
-0.110589
-0.108770
-0.107156
-0.107484
-0.109717
-0.109579
-0.106304
-0.105469
-0.108030
-0.110798
-0.110110
-0.103904
-0.106205
-0.106795
-0.109493
-0.105592
-0.107247
-0.105918
-0.106791
-0.099865
-0.103213
-0.108680
-0.109008
-0.104706
-0.100671
-0.108749
-0.106684
-0.106370
-0.101154
-0.109756
-0.100563
-0.107479
-0.107326
2.827304
0.613258
0.046422
-0.068214
-0.102338
-0.084514
-0.083268
-0.060257
-0.050580
-0.077937
-0.039406
-0.072646
-0.083754
-0.053256
-0.062270
-0.093720
-0.040152
0.043708
-0.038270
-0.009272
-0.054330
-0.101891
-0.084901
-0.021029
0.047706
-0.072192
-0.019902
-0.085572
-0.061978
-0.089173
-0.051501
-0.040034
-0.062432
-0.072832
-0.088634
-0.066563
-0.044949
-0.041052
-0.086116
-0.082594
-0.100293
-0.071135
-0.094846
-0.075598
-0.087150
-0.089052
-0.104758
-0.104230
-0.097952
-0.103717
-0.108115
-0.106492
-0.101567
-0.105888
-0.103532
-0.104304
-0.107075
-0.109099
-0.100635
-0.104581
-0.104618
-0.105851
-0.107701
-0.107563
-0.107253
-0.106147
-0.110599
-0.110304
-0.103489
-0.104625
-0.104014
-0.106239
-0.108956
-0.107974
-0.105444
-0.103302
-0.106844
-0.106808
-0.094648
-0.106224
-0.105569
-0.105617
-0.105673
-0.102607
-0.100548
-0.096265
-0.095537
-0.103309
-0.105648
-0.107092
-0.098927
-0.096863
-0.107971
-0.106940
-0.105497
-0.104932
-0.103661
-0.102569
-0.098346
-0.098669
-0.103248
0.815704
-0.054806
-0.084465
-0.060969
-0.084335
-0.088765
-0.108053
-0.070572
-0.077702
-0.087255
-0.095889
-0.087485
-0.061572
-0.100261
-0.105243
-0.084403
-0.078712
-0.074944
-0.091904
-0.103042
-0.102371
-0.101045
-0.107155
-0.093005
-0.105107
-0.094320
-0.092738
-0.103938
-0.095093
-0.099521
-0.098613
-0.100962
-0.097331
-0.099404
-0.100048
-0.106048
-0.107020
-0.109850
-0.107617
-0.104828
-0.109445
-0.109575
-0.101751
-0.108451
-0.101325
-0.108933
-0.104883
-0.107579
-0.109531
-0.110020
-0.110911
-0.106132
-0.108572
-0.109928
-0.109083
-0.110653
-0.108468
-0.110079
-0.107568
-0.107337
-0.108712
-0.107896
-0.109639
-0.107859
-0.109030
-0.109189
-0.109667
-0.109502
-0.109017
-0.109763
-0.108058
-0.110027
-0.107710
-0.110502
-0.110113
-0.110152
-0.109693
-0.107781
-0.109438
-0.108909
-0.108683
-0.109647
-0.110675
-0.108941
-0.109850
-0.110100
-0.110198
-0.108387
-0.108973
-0.107202
-0.108670
-0.108529
-0.109305
-0.109566
-0.109780
-0.110439
-0.108789
-0.109029
-0.108524
-0.101878
1.745549
-0.022487
-0.032926
-0.020523
-0.062407
-0.062808
-0.092002
-0.037009
-0.052327
-0.046082
-0.067725
-0.098746
-0.042483
-0.088503
-0.095867
-0.082702
-0.018377
-0.064811
-0.044198
-0.080901
-0.090157
-0.105369
-0.098357
-0.070317
-0.085229
-0.090197
-0.088626
-0.092247
-0.104473
-0.084653
-0.104934
-0.096581
-0.083251
-0.108373
-0.096233
-0.107005
-0.090711
-0.105826
-0.104778
-0.100287
-0.099806
-0.100142
-0.088090
-0.099234
-0.100689
-0.107227
-0.102433
-0.104842
-0.110702
-0.108642
-0.108682
-0.098788
-0.107373
-0.107996
-0.106986
-0.110073
-0.104839
-0.108924
-0.102271
-0.105862
-0.107097
-0.104502
-0.105859
-0.104931
-0.107882
-0.107590
-0.108563
-0.109241
-0.107596
-0.108175
-0.104213
-0.108484
-0.106941
-0.108896
-0.110608
-0.108196
-0.109141
-0.105231
-0.110741
-0.104433
-0.105172
-0.108121
-0.107543
-0.105317
-0.108563
-0.109386
-0.109546
-0.105312
-0.108822
-0.106563
-0.106012
-0.107721
-0.106265
-0.109066
-0.109482
-0.109482
-0.106664
-0.107577
-0.109238
-0.036788
0.514004
-0.091451
-0.079778
-0.091782
-0.095276
-0.108599
-0.101568
-0.086629
-0.094886
-0.099981
-0.099284
-0.081177
-0.086488
-0.096192
-0.102543
-0.101146
-0.089218
-0.074904
-0.106645
-0.099070
-0.100792
-0.096308
-0.096639
-0.086610
-0.096701
-0.088978
-0.100178
-0.104794
-0.100443
-0.088936
-0.094598
-0.105857
-0.102700
-0.101370
-0.101950
-0.102139
-0.097456
-0.102653
-0.109793
-0.107172
-0.106328
-0.106155
-0.104086
-0.108162
-0.105494
-0.111039
-0.108098
-0.106077
-0.110579
-0.110451
-0.109882
-0.109471
-0.110311
-0.110920
-0.110918
-0.110492
-0.110242
-0.109907
-0.107925
-0.109631
-0.109115
-0.109718
-0.110620
-0.110094
-0.110791
-0.111082
-0.111287
-0.110798
-0.110831
-0.110693
-0.110992
-0.110490
-0.109901
-0.111249
-0.110500
-0.111239
-0.111386
-0.108360
-0.109605
-0.110772
-0.110325
-0.110137
-0.110236
-0.110005
-0.110108
-0.109255
-0.109181
-0.110966
-0.110775
-0.109330
-0.108691
-0.110628
-0.109453
-0.109660
-0.109494
-0.110637
-0.108010
-0.109909
-0.110418
-1.879709
0.191761
-1.294308
-2.391770
-0.111478
-0.111481
-0.401413
0.147977
0.071908
-0.763180
-0.111477
-0.111482
3.122660
0.116233
3.505900
2.667040
-0.111478
-0.111481
-0.039269
0.386023
0.744884
-0.691948
-0.111477
-0.111483
-0.200159
0.344451
0.545249
-1.060193
-0.111478
-0.111481
0.039613
0.735735
1.516485
-1.346252
-0.111478
-0.111481
8.277261
0.306767
8.879500
7.586679
-0.111478
-0.111483
1.653821
0.011744
0.050191
-0.051101
-0.100035
-0.089580
-0.100234
-0.106035
-0.108469
-0.106210
-0.106272
-0.106738
-0.105449
-0.105447
-0.098031
-0.104939
-0.104362
-0.101743
-0.104380
-0.108905
-0.106813
-0.108707
-0.108507
-0.109092
-0.109196
-0.108556
-0.109277
-0.110430
-0.104335
-0.106153
-0.108085
-0.109202
-0.110568
-0.104310
-0.109014
-0.110053
-0.109222
-0.109851
-0.109593
-0.110351
-0.109752
-0.110086
-0.110613
-0.109419
-0.110791
-0.110179
-0.110004
-0.110045
-0.110444
-0.110384
-0.110642
-0.110216
-0.110597
-0.110389
-0.110597
-0.110207
-0.110382
-0.110770
-0.110641
-0.109239
-0.111274
-0.110994
-0.110494
-0.110784
-0.109818
-0.111213
-0.110674
-0.110803
-0.110761
-0.110696
-0.110763
-0.110652
-0.111004
-0.110798
-0.110527
-0.110407
-0.111147
-0.110799
-0.110554
-0.111115
-0.111214
-0.110657
-0.111054
-0.110804
-0.110845
-0.110949
-0.110663
-0.111142
-0.110636
-0.110915
-0.110632
-0.110816
-0.111065
-0.110694
-0.110481
-0.111125
-0.110980
-0.110943
-0.110921
-0.110793
0.176891
0.067389
-0.098676
-0.085971
-0.091188
-0.096784
-0.106552
-0.107639
-0.107373
-0.107485
-0.109144
-0.106461
-0.106992
-0.107972
-0.108696
-0.105611
-0.106866
-0.109568
-0.109233
-0.107971
-0.109440
-0.109854
-0.111433
-0.109946
-0.109610
-0.110245
-0.109518
-0.109534
-0.109061
-0.110190
-0.108535
-0.110287
-0.107719
-0.110406
-0.110115
-0.109686
-0.110108
-0.110253
-0.111009
-0.110772
-0.110503
-0.110710
-0.110289
-0.111196
-0.110823
-0.110761
-0.110188
-0.110775
-0.111368
-0.110903
-0.110624
-0.110817
-0.110754
-0.111041
-0.110836
-0.110837
-0.110730
-0.110932
-0.110676
-0.110563
-0.110613
-0.111245
-0.110736
-0.110670
-0.111009
-0.111044
-0.111293
-0.111028
-0.110968
-0.111098
-0.111150
-0.111036
-0.111018
-0.111174
-0.111355
-0.110988
-0.110915
-0.110962
-0.111379
-0.111258
-0.110999
-0.111032
-0.111136
-0.111145
-0.111040
-0.111028
-0.111346
-0.111059
-0.111040
-0.110919
-0.111001
-0.111081
-0.111066
-0.110780
-0.110978
-0.111139
-0.111202
-0.111082
-0.111071
-0.111130
3.124566
0.011491
-0.028755
-0.055170
-0.104497
-0.093465
-0.098191
-0.107818
-0.107092
-0.107792
-0.106940
-0.104294
-0.106754
-0.110311
-0.105410
-0.102503
-0.103759
-0.109132
-0.109307
-0.108882
-0.109223
-0.109191
-0.110148
-0.110462
-0.110562
-0.108705
-0.108757
-0.110751
-0.105470
-0.109357
-0.109248
-0.109967
-0.109213
-0.107036
-0.109398
-0.111322
-0.109914
-0.110305
-0.110582
-0.110577
-0.110490
-0.111118
-0.110326
-0.110631
-0.110792
-0.109807
-0.109775
-0.110326
-0.110818
-0.110365
-0.110648
-0.111236
-0.110691
-0.110780
-0.110790
-0.110676
-0.110666
-0.110751
-0.111209
-0.109792
-0.110953
-0.111159
-0.110632
-0.111064
-0.110117
-0.111102
-0.110992
-0.110883
-0.111064
-0.110968
-0.111027
-0.110924
-0.111000
-0.111083
-0.111321
-0.110985
-0.110458
-0.110931
-0.111368
-0.111192
-0.110921
-0.110772
-0.111276
-0.110988
-0.111033
-0.111009
-0.110921
-0.111125
-0.110780
-0.111141
-0.110858
-0.111074
-0.111057
-0.110533
-0.111015
-0.110919
-0.111026
-0.110874
-0.111010
-0.111054
-0.040441
0.232406
-0.068545
-0.058055
-0.108388
-0.103930
-0.107766
-0.108766
-0.108502
-0.109648
-0.109455
-0.108592
-0.109221
-0.109502
-0.109830
-0.110030
-0.109946
-0.110233
-0.110148
-0.110146
-0.110625
-0.110284
-0.110550
-0.110509
-0.110454
-0.110674
-0.110618
-0.109992
-0.105553
-0.109341
-0.104680
-0.109099
-0.104671
-0.108615
-0.109637
-0.110665
-0.110405
-0.110466
-0.110716
-0.110589
-0.110776
-0.110813
-0.110630
-0.110773
-0.110722
-0.110820
-0.110770
-0.110718
-0.110824
-0.110672
-0.110821
-0.110942
-0.110849
-0.110879
-0.110848
-0.110851
-0.110805
-0.111073
-0.110880
-0.109653
-0.110147
-0.110180
-0.109941
-0.110406
-0.110834
-0.111305
-0.111203
-0.111062
-0.111057
-0.111080
-0.111053
-0.111066
-0.111042
-0.111052
-0.111157
-0.111130
-0.110941
-0.111083
-0.110850
-0.111045
-0.110827
-0.111087
-0.111159
-0.111108
-0.111072
-0.111066
-0.111122
-0.111092
-0.111124
-0.110911
-0.110623
-0.110569
-0.110949
-0.110431
-0.111160
-0.111161
-0.111054
-0.111046
-0.111065
-0.111099
-0.022745
0.154885
0.065208
-0.098443
-0.094947
-0.096593
-0.098365
-0.106042
-0.106445
-0.106977
-0.107832
-0.107803
-0.108511
-0.108526
-0.108715
-0.109017
-0.109067
-0.109433
-0.109376
-0.109573
-0.109547
-0.109695
-0.110043
-0.109767
-0.110328
-0.109448
-0.110012
-0.106556
-0.106197
-0.106597
-0.106418
-0.108939
-0.107458
-0.103816
-0.109297
-0.110832
-0.109733
-0.109539
-0.110081
-0.109971
-0.110115
-0.110159
-0.110170
-0.110331
-0.110286
-0.110345
-0.110259
-0.110292
-0.110445
-0.110270
-0.110350
-0.110407
-0.110387
-0.110496
-0.110280
-0.110455
-0.110448
-0.111056
-0.109671
-0.108941
-0.110489
-0.110569
-0.109551
-0.110400
-0.110494
-0.111091
-0.111027
-0.110655
-0.110883
-0.110834
-0.110797
-0.110846
-0.110775
-0.110830
-0.110903
-0.110787
-0.110824
-0.110766
-0.110770
-0.110767
-0.110756
-0.110759
-0.110898
-0.110863
-0.110866
-0.110751
-0.110852
-0.110927
-0.111061
-0.110603
-0.110043
-0.110606
-0.110808
-0.110172
-0.110372
-0.111061
-0.110901
-0.110803
-0.110737
-0.110840
0.040104
0.411508
0.158423
-0.015047
-0.103204
-0.087762
-0.103265
-0.109596
-0.109063
-0.109338
-0.109986
-0.109261
-0.110167
-0.109721
-0.110156
-0.109936
-0.109954
-0.110274
-0.109829
-0.110189
-0.109947
-0.109868
-0.109865
-0.109279
-0.109323
-0.108763
-0.109028
-0.108998
-0.096321
-0.106230
-0.103488
-0.108377
-0.102113
-0.098208
-0.110178
-0.109086
-0.109088
-0.109112
-0.110053
-0.110069
-0.110185
-0.110480
-0.110293
-0.110593
-0.110530
-0.110714
-0.110508
-0.110518
-0.110783
-0.110385
-0.110628
-0.110721
-0.110596
-0.110719
-0.110424
-0.110557
-0.109980
-0.111472
-0.110551
-0.106896
-0.110381
-0.111135
-0.108797
-0.111101
-0.109183
-0.110990
-0.111227
-0.111091
-0.110991
-0.111201
-0.111102
-0.111163
-0.111121
-0.111107
-0.111227
-0.111073
-0.110930
-0.111055
-0.111200
-0.110986
-0.110815
-0.110918
-0.111251
-0.111097
-0.111137
-0.111021
-0.111181
-0.110812
-0.111289
-0.111431
-0.109531
-0.110619
-0.110945
-0.109631
-0.110662
-0.111257
-0.110854
-0.111051
-0.111050
-0.111124
