-2.846235
0.769337
-0.756737
-4.640635
-0.110580
-0.110584
0.666644
0.160906
1.289261
-0.060068
-0.110581
-0.110582
2.379526
0.779916
4.008234
0.628222
-0.110582
-0.110584
-0.087952
1.330899
2.163266
-2.385378
-0.110581
-0.110586
-0.262889
2.275591
3.438310
-4.196444
-0.110581
-0.110586
-0.126237
0.596156
1.086398
-1.450396
-0.110581
-0.110585
13.852035
-0.109358
13.854273
13.849676
-0.110580
-0.110584
9.491964
2.494743
13.108007
5.297396
-0.110582
-0.110586
2.616102
0.334428
-0.042462
-0.067663
-0.068906
-0.060732
-0.042160
-0.006557
-0.017413
-0.067905
-0.060774
-0.011658
-0.105454
-0.026611
0.005299
-0.036817
-0.106063
0.004354
0.014782
-0.078089
-0.032920
0.009363
-0.065575
-0.042921
-0.003067
0.012707
-0.040405
-0.020529
-0.096315
-0.107033
-0.080689
-0.083487
-0.089323
-0.100977
-0.060713
-0.104498
-0.097537
-0.094107
-0.051170
-0.083448
-0.046805
-0.081678
-0.074085
-0.087664
-0.079026
-0.101397
-0.104533
-0.075662
-0.095818
-0.097150
-0.096943
-0.080919
-0.094111
-0.100512
-0.095661
-0.104108
-0.102342
-0.107999
-0.099329
-0.104981
-0.105332
-0.106691
-0.110109
-0.105348
-0.107092
-0.108232
-0.103558
-0.106240
-0.108407
-0.106984
-0.105949
-0.109608
-0.107258
-0.104681
-0.108015
-0.103277
-0.107757
-0.105825
-0.105104
-0.102689
-0.102381
-0.105092
-0.095199
-0.100173
-0.105369
-0.104853
-0.095184
-0.109972
-0.108292
-0.099940
-0.099261
-0.096709
-0.098997
-0.099671
-0.107327
-0.098107
-0.107259
-0.104576
-0.109151
-0.101161
0.664032
-0.046943
-0.047455
-0.102658
-0.085818
-0.091482
-0.073651
-0.058226
-0.069620
-0.085879
-0.077770
-0.064090
-0.090235
-0.078126
-0.065490
-0.106055
-0.086460
-0.076051
-0.053593
-0.086879
-0.068746
-0.074313
-0.103966
-0.102590
-0.061634
-0.091748
-0.102944
-0.092574
-0.097919
-0.090426
-0.095175
-0.100130
-0.101366
-0.110162
-0.098861
-0.102695
-0.091634
-0.107887
-0.096974
-0.106328
-0.099343
-0.089202
-0.108374
-0.104395
-0.104101
-0.102492
-0.102936
-0.097531
-0.107284
-0.107469
-0.105726
-0.099369
-0.106038
-0.108310
-0.105596
-0.109628
-0.107305
-0.108818
-0.105969
-0.110148
-0.108773
-0.108200
-0.109437
-0.108727
-0.108111
-0.109610
-0.109100
-0.108306
-0.109835
-0.109090
-0.109155
-0.109407
-0.109970
-0.106871
-0.109354
-0.106087
-0.107411
-0.108867
-0.107050
-0.108468
-0.108277
-0.107778
-0.107041
-0.104919
-0.108194
-0.105811
-0.108235
-0.109287
-0.109492
-0.106300
-0.107714
-0.109875
-0.108252
-0.109438
-0.108002
-0.109954
-0.108815
-0.107430
-0.109365
-0.105603
2.375154
0.476034
-0.000889
-0.046368
-0.025719
-0.081616
-0.090274
-0.095524
-0.088361
-0.079241
-0.087716
-0.080063
-0.095347
-0.076226
-0.085590
-0.095567
-0.099610
-0.081563
-0.075506
-0.084865
-0.084631
-0.068253
-0.068136
-0.056790
-0.058624
-0.081400
-0.078828
-0.091815
-0.107251
-0.087600
-0.087684
-0.081441
-0.096347
-0.102556
-0.072917
-0.100394
-0.105145
-0.104320
-0.091762
-0.099153
-0.096634
-0.094418
-0.084205
-0.092080
-0.090888
-0.105623
-0.105652
-0.098950
-0.105884
-0.101718
-0.104353
-0.102627
-0.100796
-0.106423
-0.102667
-0.105821
-0.106256
-0.109874
-0.108564
-0.108655
-0.108065
-0.105789
-0.108191
-0.107676
-0.107724
-0.108830
-0.104737
-0.107183
-0.108446
-0.107611
-0.107277
-0.109158
-0.107647
-0.108483
-0.108596
-0.109538
-0.109828
-0.109254
-0.110315
-0.106388
-0.108786
-0.108139
-0.105558
-0.106595
-0.106961
-0.106609
-0.105360
-0.107151
-0.109172
-0.104871
-0.105688
-0.101068
-0.106308
-0.105562
-0.104867
-0.105386
-0.107530
-0.106447
-0.109321
-0.103188
-0.094111
0.892509
-0.002634
-0.098668
-0.064283
-0.086488
-0.063468
-0.044424
-0.045082
-0.073448
-0.090930
-0.091511
-0.097841
-0.101992
-0.097878
-0.098043
-0.108704
-0.093196
-0.094583
-0.079664
-0.101637
-0.100068
-0.102881
-0.088074
-0.106826
-0.103815
-0.107461
-0.105169
-0.102907
-0.103114
-0.101706
-0.102940
-0.105072
-0.104965
-0.100603
-0.108985
-0.104655
-0.106289
-0.105066
-0.109704
-0.107250
-0.106991
-0.102705
-0.108339
-0.109211
-0.109476
-0.102998
-0.105355
-0.107542
-0.109607
-0.108134
-0.107272
-0.108493
-0.108799
-0.107326
-0.108628
-0.107342
-0.106954
-0.108749
-0.108883
-0.110071
-0.107991
-0.110301
-0.108079
-0.106146
-0.108867
-0.106029
-0.109793
-0.108850
-0.107848
-0.108905
-0.108372
-0.106886
-0.108272
-0.108408
-0.109913
-0.109845
-0.109885
-0.109459
-0.109987
-0.109346
-0.109249
-0.109102
-0.109236
-0.108468
-0.109173
-0.108216
-0.109568
-0.107812
-0.108659
-0.110296
-0.109649
-0.109114
-0.109358
-0.108914
-0.108283
-0.109749
-0.109073
-0.109233
-0.109999
0.047386
1.529705
0.006466
0.037222
-0.080556
-0.053428
0.056326
0.017041
0.037683
-0.014881
-0.041378
-0.052957
-0.068675
-0.076402
-0.052789
-0.075255
-0.091094
-0.081665
-0.084220
-0.091381
-0.067221
-0.092709
-0.094505
-0.069675
-0.080495
-0.087814
-0.103426
-0.094685
-0.095965
-0.092658
-0.080405
-0.083214
-0.093366
-0.093899
-0.086737
-0.095172
-0.088767
-0.101802
-0.091638
-0.108692
-0.091891
-0.094580
-0.097552
-0.108471
-0.101519
-0.100152
-0.104451
-0.097180
-0.108272
-0.105584
-0.103077
-0.095674
-0.104973
-0.104332
-0.101983
-0.104898
-0.103438
-0.101466
-0.106000
-0.104170
-0.108143
-0.107587
-0.107263
-0.106399
-0.103710
-0.107564
-0.101944
-0.108128
-0.106487
-0.102290
-0.109096
-0.101730
-0.103111
-0.104187
-0.104320
-0.104361
-0.107122
-0.106328
-0.105640
-0.108822
-0.107840
-0.106857
-0.108666
-0.106705
-0.107614
-0.107878
-0.107511
-0.107268
-0.105001
-0.108674
-0.107245
-0.106638
-0.107624
-0.106120
-0.105521
-0.102590
-0.108192
-0.103744
-0.106148
-0.102992
-0.092694
0.374920
-0.060089
-0.040379
-0.082720
-0.091277
-0.097401
-0.087284
-0.086627
-0.091533
-0.096228
-0.095656
-0.085520
-0.099120
-0.096781
-0.101939
-0.105181
-0.102477
-0.097099
-0.093248
-0.098677
-0.097944
-0.106168
-0.109059
-0.101990
-0.102806
-0.108773
-0.104045
-0.107698
-0.103617
-0.100955
-0.106341
-0.105787
-0.106767
-0.109431
-0.103980
-0.104983
-0.106933
-0.106974
-0.110246
-0.107419
-0.106574
-0.108322
-0.108430
-0.107810
-0.106527
-0.106420
-0.105680
-0.109269
-0.109014
-0.109211
-0.108241
-0.109387
-0.107109
-0.109061
-0.109743
-0.109584
-0.109607
-0.109949
-0.109378
-0.109625
-0.108669
-0.110038
-0.109919
-0.107465
-0.109724
-0.108358
-0.109966
-0.109329
-0.110217
-0.110186
-0.110065
-0.109764
-0.109595
-0.109873
-0.109387
-0.109225
-0.109871
-0.109543
-0.109621
-0.109866
-0.110136
-0.110206
-0.109844
-0.109485
-0.109582
-0.109147
-0.109337
-0.109324
-0.109369
-0.109054
-0.110304
-0.109534
-0.109486
-0.110193
-0.109402
-0.109492
-0.109826
-0.110039
-0.109302
-1.864442
0.169008
-1.288340
-2.213402
-0.110578
-0.110583
-0.374634
0.095458
-0.035763
-0.666031
-0.110581
-0.110586
3.216949
0.093492
3.686338
2.946088
-0.110578
-0.110582
-0.181245
0.416452
0.803498
-0.929331
-0.110580
-0.110585
-0.157130
0.625619
1.001160
-1.309416
-0.110581
-0.110585
-0.066817
0.841042
1.479224
-1.413924
-0.110580
-0.110586
8.461634
0.580679
9.447395
7.397359
-0.110581
-0.110586
1.643705
0.045183
-0.004780
-0.072516
-0.078001
-0.096722
-0.096387
-0.105830
-0.104567
-0.107229
-0.103102
-0.103985
-0.106327
-0.109427
-0.104225
-0.107899
-0.107036
-0.102595
-0.104862
-0.108384
-0.107869
-0.108889
-0.107829
-0.107165
-0.108738
-0.108543
-0.108554
-0.108213
-0.109547
-0.109264
-0.105153
-0.106377
-0.106048
-0.108518
-0.108909
-0.104713
-0.109093
-0.109036
-0.110201
-0.110108
-0.109259
-0.109579
-0.109217
-0.110015
-0.109739
-0.109499
-0.109618
-0.109403
-0.109565
-0.109146
-0.109014
-0.109929
-0.109627
-0.109366
-0.109638
-0.110097
-0.110093
-0.109384
-0.109834
-0.109935
-0.109975
-0.109620
-0.109764
-0.109530
-0.108915
-0.110146
-0.109558
-0.109421
-0.109506
-0.109315
-0.110028
-0.109381
-0.109752
-0.109943
-0.109993
-0.109832
-0.109642
-0.109972
-0.109982
-0.109760
-0.110021
-0.109914
-0.109871
-0.110119
-0.109861
-0.109717
-0.110010
-0.109959
-0.109796
-0.109792
-0.109962
-0.109986
-0.109922
-0.109680
-0.109931
-0.109868
-0.109943
-0.109741
-0.109781
-0.110143
0.154725
0.027162
-0.078053
-0.082792
-0.098781
-0.098275
-0.103040
-0.109739
-0.108417
-0.108364
-0.109195
-0.107579
-0.108731
-0.109966
-0.107425
-0.106132
-0.107983
-0.108693
-0.107646
-0.108092
-0.108741
-0.110521
-0.109513
-0.109667
-0.109859
-0.110058
-0.110377
-0.110013
-0.109362
-0.109080
-0.108540
-0.109458
-0.108068
-0.110126
-0.107532
-0.109514
-0.108824
-0.109751
-0.109176
-0.109868
-0.110219
-0.109761
-0.109849
-0.110261
-0.110118
-0.109923
-0.110150
-0.109982
-0.109936
-0.110419
-0.110487
-0.109914
-0.109849
-0.110076
-0.110458
-0.110172
-0.110103
-0.110292
-0.110518
-0.110332
-0.110381
-0.110176
-0.110237
-0.110268
-0.110513
-0.110024
-0.110533
-0.110088
-0.110327
-0.110011
-0.110458
-0.110295
-0.110304
-0.110329
-0.110286
-0.110381
-0.110498
-0.110472
-0.110343
-0.110458
-0.110531
-0.110558
-0.110389
-0.110445
-0.110323
-0.110398
-0.110505
-0.110457
-0.110341
-0.110386
-0.110523
-0.110427
-0.110348
-0.110442
-0.110473
-0.110227
-0.110462
-0.110508
-0.110470
-0.110397
3.216274
-0.002844
-0.047207
-0.060824
-0.062169
-0.104189
-0.102778
-0.107951
-0.108306
-0.108583
-0.106675
-0.107094
-0.107964
-0.109353
-0.109411
-0.107401
-0.107386
-0.109841
-0.106150
-0.109242
-0.108803
-0.109560
-0.110045
-0.110145
-0.109314
-0.108857
-0.109103
-0.108816
-0.109025
-0.106511
-0.105246
-0.108361
-0.107585
-0.109641
-0.109276
-0.106819
-0.108191
-0.107685
-0.109550
-0.110159
-0.109398
-0.110119
-0.109757
-0.109858
-0.110034
-0.110276
-0.110057
-0.109726
-0.110365
-0.109814
-0.109995
-0.109914
-0.110179
-0.110244
-0.110125
-0.110108
-0.110195
-0.110006
-0.110164
-0.110130
-0.110456
-0.109940
-0.109806
-0.109340
-0.109874
-0.110153
-0.109934
-0.109987
-0.109695
-0.109588
-0.110075
-0.109735
-0.110393
-0.110220
-0.110358
-0.110292
-0.110362
-0.110368
-0.110268
-0.110226
-0.110324
-0.110239
-0.110465
-0.110161
-0.110403
-0.110295
-0.110314
-0.110345
-0.110428
-0.110362
-0.110381
-0.110388
-0.110410
-0.110157
-0.110350
-0.110034
-0.110070
-0.110072
-0.110088
-0.110209
-0.039191
0.228449
0.012947
-0.032115
-0.074300
-0.097520
-0.104759
-0.106751
-0.107574
-0.107767
-0.108585
-0.108508
-0.108528
-0.108440
-0.108796
-0.108811
-0.108882
-0.108788
-0.108841
-0.108959
-0.108990
-0.109025
-0.109070
-0.109029
-0.109173
-0.109101
-0.108952
-0.109187
-0.107127
-0.107769
-0.105401
-0.104230
-0.104032
-0.108591
-0.105794
-0.104981
-0.108279
-0.107882
-0.108589
-0.109500
-0.109442
-0.109512
-0.109528
-0.109472
-0.109505
-0.109547
-0.109592
-0.109547
-0.109570
-0.109583
-0.109607
-0.109618
-0.109596
-0.109616
-0.109608
-0.109614
-0.109613
-0.109619
-0.109643
-0.109695
-0.109686
-0.109575
-0.108792
-0.109308
-0.109451
-0.108325
-0.108907
-0.109684
-0.108405
-0.109231
-0.110047
-0.109346
-0.109717
-0.109514
-0.109569
-0.109566
-0.109568
-0.109583
-0.109572
-0.109560
-0.109565
-0.109571
-0.109575
-0.109572
-0.109567
-0.109573
-0.109576
-0.109589
-0.109577
-0.109582
-0.109574
-0.109579
-0.109558
-0.109510
-0.109793
-0.109424
-0.109132
-0.109938
-0.108679
-0.110113
-0.064529
0.375304
0.065633
-0.082642
-0.086076
-0.097877
-0.097595
-0.103134
-0.104055
-0.104374
-0.104519
-0.105811
-0.105992
-0.106275
-0.106523
-0.107041
-0.107172
-0.107206
-0.107553
-0.107795
-0.107689
-0.107786
-0.108107
-0.108081
-0.108133
-0.108159
-0.108756
-0.107303
-0.108491
-0.108035
-0.106186
-0.105538
-0.096494
-0.105941
-0.101452
-0.103838
-0.108904
-0.110239
-0.109307
-0.110094
-0.109427
-0.109479
-0.109506
-0.109676
-0.109579
-0.109554
-0.109626
-0.109672
-0.109628
-0.109639
-0.109712
-0.109731
-0.109705
-0.109733
-0.109826
-0.109790
-0.109795
-0.109823
-0.109893
-0.109819
-0.109956
-0.110034
-0.110183
-0.109108
-0.109611
-0.107012
-0.109747
-0.108205
-0.109789
-0.108882
-0.109750
-0.109765
-0.109903
-0.109967
-0.109939
-0.110046
-0.109987
-0.109976
-0.110038
-0.110062
-0.110034
-0.110040
-0.110087
-0.110086
-0.110057
-0.110082
-0.110123
-0.110087
-0.110079
-0.110122
-0.110146
-0.110095
-0.110086
-0.110151
-0.110070
-0.109947
-0.110528
-0.109743
-0.109455
-0.109482
-0.069466
0.540456
0.039620
-0.052545
-0.085492
-0.102574
-0.103438
-0.104675
-0.105430
-0.105912
-0.107228
-0.107486
-0.107770
-0.108007
-0.108381
-0.108588
-0.108650
-0.108656
-0.108895
-0.109040
-0.109060
-0.109122
-0.109392
-0.109347
-0.109504
-0.109545
-0.109764
-0.109411
-0.108956
-0.107654
-0.106966
-0.102548
-0.097004
-0.107913
-0.099902
-0.104008
-0.108393
-0.107341
-0.109699
-0.109138
-0.109247
-0.109322
-0.109415
-0.109396
-0.109359
-0.109424
-0.109465
-0.109475
-0.109442
-0.109453
-0.109517
-0.109524
-0.109473
-0.109477
-0.109554
-0.109508
-0.109442
-0.109476
-0.109557
-0.109493
-0.109338
-0.109699
-0.109152
-0.109246
-0.108837
-0.106866
-0.108456
-0.108726
-0.108435
-0.109876
-0.109721
-0.109744
-0.109807
-0.109716
-0.109836
-0.109791
-0.109725
-0.109751
-0.109773
-0.109749
-0.109709
-0.109731
-0.109755
-0.109734
-0.109701
-0.109721
-0.109747
-0.109725
-0.109692
-0.109721
-0.109741
-0.109709
-0.109657
-0.109706
-0.109773
-0.109801
-0.109049
-0.110263
-0.108163
-0.110180
