-2.744987
1.248761
0.826565
-6.906836
-0.113427
-0.113421
0.647117
0.389714
2.108964
-0.968736
-0.113424
-0.113423
2.352467
0.838863
4.385170
0.630423
-0.113424
-0.113429
-0.199754
1.171513
1.876167
-2.743218
-0.113424
-0.113430
-0.160320
2.294768
4.494219
-5.173639
-0.113426
-0.113429
-0.019764
0.658229
1.356541
-1.609120
-0.113425
-0.113428
13.352263
-0.112153
13.354714
13.350282
-0.113424
-0.113428
9.555770
2.613749
13.613495
4.914192
-0.113425
-0.113430
2.508536
0.413581
-0.011211
-0.102438
-0.078809
-0.078140
0.011103
-0.068472
-0.023666
-0.077488
0.075253
-0.024352
-0.017286
0.075984
-0.086410
0.031857
-0.019739
0.249755
0.124872
0.071653
0.008827
-0.003052
-0.007520
-0.037431
0.055670
0.039406
0.112581
-0.003098
-0.029971
-0.016522
0.007054
-0.041979
-0.063141
-0.105152
-0.028442
-0.048498
-0.037629
-0.045193
-0.024822
-0.000649
-0.057792
-0.063003
-0.098488
-0.081454
-0.060030
-0.068076
-0.088263
-0.065385
-0.033806
-0.100182
-0.090596
-0.107856
-0.098852
-0.092402
-0.110280
-0.102257
-0.105503
-0.097337
-0.107390
-0.110760
-0.099598
-0.109353
-0.098206
-0.104967
-0.110244
-0.103239
-0.104024
-0.101763
-0.102037
-0.106527
-0.102869
-0.104554
-0.106173
-0.096593
-0.110143
-0.095568
-0.106267
-0.106376
-0.093463
-0.112635
-0.092961
-0.106020
-0.087150
-0.092724
-0.092283
-0.108241
-0.104776
-0.099913
-0.101088
-0.096042
-0.097595
-0.081670
-0.106063
-0.108728
-0.104015
-0.096949
-0.104597
-0.097077
-0.097802
-0.093863
0.645311
-0.047704
-0.019155
-0.059057
-0.062665
-0.097160
-0.069702
-0.107204
-0.086966
-0.084739
-0.011344
-0.066802
-0.069857
0.000255
-0.093208
-0.025029
-0.099567
-0.013374
-0.052765
-0.013405
-0.033932
-0.074505
-0.027687
-0.050384
-0.022739
-0.072464
-0.058127
-0.111543
-0.073850
-0.101815
-0.098791
-0.107539
-0.095330
-0.104126
-0.103390
-0.108092
-0.102321
-0.094792
-0.090410
-0.084238
-0.080364
-0.081485
-0.088764
-0.083664
-0.092177
-0.093414
-0.093956
-0.096116
-0.087877
-0.107659
-0.096529
-0.109258
-0.097300
-0.110151
-0.109156
-0.108948
-0.109438
-0.108336
-0.111604
-0.113012
-0.108996
-0.111304
-0.109677
-0.110739
-0.111463
-0.111582
-0.110516
-0.110180
-0.109243
-0.110582
-0.111844
-0.111085
-0.112361
-0.108419
-0.110876
-0.106376
-0.110868
-0.109725
-0.107310
-0.110944
-0.108292
-0.111488
-0.107628
-0.110743
-0.103293
-0.109237
-0.111300
-0.105790
-0.105772
-0.105801
-0.109522
-0.106157
-0.105850
-0.108393
-0.108354
-0.106258
-0.110890
-0.106519
-0.111682
-0.110262
2.345447
0.443555
-0.007944
-0.077745
-0.047090
-0.080142
-0.030070
-0.072952
-0.067982
-0.096521
-0.076657
-0.069054
-0.063955
-0.051368
-0.102166
-0.068450
-0.082443
-0.037996
0.001406
-0.028638
-0.023741
-0.059919
-0.049881
-0.068770
0.006183
-0.092000
-0.022995
-0.058341
-0.085822
-0.105008
-0.072939
-0.012578
-0.085440
-0.065597
-0.051829
-0.070100
-0.090562
-0.085354
-0.064680
-0.075687
-0.092146
-0.067293
-0.087681
-0.092053
-0.101062
-0.092497
-0.105821
-0.083660
-0.092009
-0.099078
-0.101326
-0.109293
-0.106114
-0.106523
-0.111568
-0.105492
-0.110991
-0.108593
-0.111247
-0.107900
-0.107739
-0.108089
-0.109148
-0.110597
-0.111645
-0.110240
-0.108048
-0.107694
-0.108636
-0.111325
-0.111689
-0.108504
-0.110131
-0.106607
-0.111423
-0.109674
-0.109180
-0.109777
-0.105480
-0.110983
-0.108378
-0.110999
-0.106652
-0.102385
-0.101627
-0.108286
-0.106157
-0.106669
-0.104410
-0.101678
-0.108093
-0.100740
-0.108667
-0.111314
-0.104420
-0.104576
-0.101825
-0.106645
-0.108178
-0.108040
-0.022798
0.761301
-0.000092
-0.048725
-0.032297
-0.070771
-0.029462
-0.084290
-0.040459
-0.082845
-0.079190
-0.097684
-0.070682
-0.043108
-0.095714
-0.072206
-0.092660
-0.078309
-0.075270
-0.088880
-0.098088
-0.087553
-0.099615
-0.104044
-0.093327
-0.095898
-0.101610
-0.092456
-0.105434
-0.094655
-0.103066
-0.106280
-0.109221
-0.099035
-0.102487
-0.104685
-0.099680
-0.104545
-0.103935
-0.110722
-0.105315
-0.107348
-0.107227
-0.108978
-0.105505
-0.110716
-0.110059
-0.107446
-0.103584
-0.110891
-0.110226
-0.110086
-0.104378
-0.108712
-0.112751
-0.110004
-0.110099
-0.111173
-0.109939
-0.110963
-0.112344
-0.110629
-0.110582
-0.111180
-0.108090
-0.111774
-0.111090
-0.111198
-0.111959
-0.113096
-0.112415
-0.109725
-0.112363
-0.110604
-0.112295
-0.113129
-0.111656
-0.110941
-0.110824
-0.111432
-0.110033
-0.111598
-0.111837
-0.111767
-0.110645
-0.111215
-0.111581
-0.110750
-0.113086
-0.111526
-0.112960
-0.111077
-0.110660
-0.112078
-0.111133
-0.112815
-0.111859
-0.112146
-0.110489
-0.110964
-0.059446
1.521603
0.051117
0.102197
-0.017398
-0.010866
0.027311
-0.033652
0.003294
-0.093269
-0.044594
-0.065316
-0.075649
-0.041238
-0.104135
-0.064313
-0.087655
0.008132
0.004783
-0.072438
-0.093130
-0.040193
-0.066521
-0.089852
-0.087182
-0.044998
-0.046795
-0.071547
-0.083078
-0.063467
-0.092709
-0.083845
-0.105111
-0.094476
-0.085570
-0.096896
-0.082343
-0.083168
-0.084663
-0.064161
-0.090119
-0.097469
-0.100639
-0.089915
-0.095645
-0.104629
-0.101673
-0.085260
-0.093730
-0.110022
-0.106746
-0.107791
-0.106340
-0.110392
-0.106327
-0.108608
-0.109794
-0.109676
-0.107970
-0.107279
-0.110493
-0.109994
-0.108888
-0.112182
-0.103339
-0.111527
-0.107881
-0.108704
-0.107586
-0.111988
-0.109649
-0.108887
-0.111089
-0.109591
-0.110916
-0.110720
-0.110508
-0.109754
-0.110891
-0.111907
-0.109184
-0.109100
-0.105228
-0.106936
-0.112648
-0.109259
-0.106435
-0.110569
-0.110662
-0.109008
-0.107671
-0.110764
-0.113000
-0.107894
-0.104734
-0.110868
-0.110216
-0.110124
-0.106040
-0.105692
-0.020093
0.390286
-0.025271
-0.020765
-0.072110
-0.053098
-0.027554
-0.097327
-0.066948
-0.103711
-0.085479
-0.090045
-0.067896
-0.093571
-0.101058
-0.070249
-0.103688
-0.085624
-0.109108
-0.096748
-0.106905
-0.108916
-0.091779
-0.093330
-0.102457
-0.087488
-0.098895
-0.103489
-0.107770
-0.098230
-0.097192
-0.100506
-0.105523
-0.108350
-0.106117
-0.102154
-0.103799
-0.111030
-0.111619
-0.099911
-0.100437
-0.108758
-0.108887
-0.106970
-0.109288
-0.108769
-0.109385
-0.108509
-0.106113
-0.110547
-0.107332
-0.112409
-0.111563
-0.106481
-0.109253
-0.110799
-0.111258
-0.112767
-0.111106
-0.109165
-0.110922
-0.112137
-0.111053
-0.110873
-0.109244
-0.111606
-0.112120
-0.111058
-0.109941
-0.112300
-0.111256
-0.109802
-0.112169
-0.110341
-0.112406
-0.111509
-0.111429
-0.111764
-0.112073
-0.111501
-0.110283
-0.111901
-0.111161
-0.111233
-0.113086
-0.110695
-0.111577
-0.110584
-0.109997
-0.112429
-0.109453
-0.111736
-0.111582
-0.111291
-0.111461
-0.110731
-0.109207
-0.112144
-0.111569
-0.111811
-1.868680
0.218728
-1.065759
-2.317453
-0.113422
-0.113427
-0.567738
-0.009375
-0.353842
-0.756987
-0.113426
-0.113429
2.994595
0.114469
3.620770
2.724940
-0.113421
-0.113423
-0.191489
0.218059
0.415817
-0.663596
-0.113424
-0.113429
-0.110453
0.588416
1.331604
-0.945544
-0.113422
-0.113428
0.019764
0.754534
1.622083
-1.187134
-0.113423
-0.113428
8.083886
0.314158
8.837669
7.447528
-0.113425
-0.113430
1.642260
0.024538
0.037763
-0.016476
-0.083077
-0.105469
-0.078089
-0.105289
-0.106675
-0.109162
-0.104041
-0.109387
-0.104959
-0.098422
-0.110120
-0.100038
-0.109265
-0.108371
-0.102771
-0.110216
-0.103643
-0.106921
-0.112028
-0.111424
-0.110996
-0.112565
-0.112619
-0.106867
-0.112738
-0.109091
-0.105467
-0.106590
-0.110802
-0.112080
-0.109904
-0.108022
-0.107952
-0.111324
-0.111702
-0.109881
-0.111879
-0.111751
-0.112372
-0.111101
-0.112459
-0.113144
-0.110904
-0.112962
-0.110873
-0.113399
-0.111979
-0.111251
-0.112751
-0.111387
-0.111939
-0.112434
-0.112801
-0.112228
-0.112926
-0.112665
-0.111695
-0.112750
-0.112211
-0.111121
-0.111740
-0.112754
-0.112609
-0.112019
-0.112748
-0.111815
-0.112398
-0.112189
-0.112517
-0.112545
-0.112492
-0.112624
-0.112266
-0.112695
-0.112835
-0.112286
-0.112658
-0.112362
-0.112958
-0.112392
-0.112316
-0.112858
-0.112499
-0.112525
-0.112515
-0.112827
-0.112580
-0.112681
-0.112673
-0.112491
-0.112708
-0.112928
-0.112046
-0.112391
-0.112629
-0.113143
0.340954
-0.069812
-0.080830
-0.078945
-0.104459
-0.105122
-0.103691
-0.106783
-0.109457
-0.109281
-0.106862
-0.104477
-0.108626
-0.110150
-0.103909
-0.102294
-0.099861
-0.100728
-0.105393
-0.107389
-0.110499
-0.111078
-0.109718
-0.111206
-0.111951
-0.112309
-0.111584
-0.111593
-0.112367
-0.112572
-0.110492
-0.111970
-0.112626
-0.113210
-0.112264
-0.111954
-0.111647
-0.112627
-0.112680
-0.112649
-0.112760
-0.112849
-0.112824
-0.112353
-0.111990
-0.112854
-0.113074
-0.111845
-0.111671
-0.111217
-0.111191
-0.112243
-0.112601
-0.112800
-0.113210
-0.112792
-0.112961
-0.112983
-0.113080
-0.112878
-0.112958
-0.113328
-0.113321
-0.112581
-0.112953
-0.113243
-0.113231
-0.112931
-0.113004
-0.112985
-0.113024
-0.113016
-0.113300
-0.113223
-0.113129
-0.113160
-0.113031
-0.112864
-0.113352
-0.113222
-0.112877
-0.112997
-0.112768
-0.112555
-0.112819
-0.113201
-0.113252
-0.113182
-0.113200
-0.113272
-0.113054
-0.113170
-0.113131
-0.113125
-0.113354
-0.113396
-0.112931
-0.113067
-0.113236
-0.113200
2.994578
-0.008842
-0.018812
-0.051183
-0.075597
-0.105506
-0.105454
-0.107503
-0.112264
-0.110227
-0.105945
-0.107141
-0.109518
-0.106623
-0.111388
-0.106480
-0.108390
-0.108302
-0.107486
-0.110760
-0.108551
-0.112303
-0.111203
-0.110092
-0.112502
-0.112156
-0.112455
-0.112388
-0.112520
-0.108999
-0.108670
-0.109656
-0.111267
-0.113310
-0.111350
-0.109280
-0.110442
-0.110847
-0.112640
-0.112197
-0.112705
-0.112991
-0.112954
-0.112622
-0.112257
-0.112790
-0.112472
-0.113217
-0.112377
-0.112663
-0.112614
-0.112321
-0.112732
-0.112309
-0.113389
-0.113002
-0.112640
-0.113121
-0.112876
-0.113213
-0.112981
-0.113093
-0.112223
-0.112471
-0.112781
-0.113012
-0.113154
-0.113022
-0.112287
-0.112908
-0.112732
-0.113125
-0.112749
-0.113281
-0.113082
-0.113268
-0.113236
-0.112935
-0.113311
-0.113060
-0.113376
-0.112963
-0.113108
-0.113152
-0.113028
-0.113082
-0.112878
-0.113390
-0.113146
-0.113148
-0.113101
-0.113135
-0.113320
-0.113063
-0.113259
-0.112700
-0.113031
-0.113102
-0.113347
-0.112894
-0.036765
-0.075114
0.097615
-0.049950
-0.087347
-0.086426
-0.090358
-0.093437
-0.096086
-0.098162
-0.098833
-0.100008
-0.102257
-0.102447
-0.103538
-0.104341
-0.104854
-0.105368
-0.105787
-0.106182
-0.106300
-0.107052
-0.106717
-0.106865
-0.107539
-0.107642
-0.107897
-0.107893
-0.107801
-0.108983
-0.108578
-0.102300
-0.111610
-0.110775
-0.112313
-0.104175
-0.108787
-0.110349
-0.110052
-0.109783
-0.109776
-0.109892
-0.109980
-0.109995
-0.109961
-0.110167
-0.110135
-0.110242
-0.110325
-0.110366
-0.110417
-0.110452
-0.110525
-0.110518
-0.110650
-0.110565
-0.110559
-0.110676
-0.110686
-0.110748
-0.110669
-0.110566
-0.110900
-0.111389
-0.109578
-0.111444
-0.110973
-0.111911
-0.109776
-0.110942
-0.111077
-0.111378
-0.111048
-0.111026
-0.111090
-0.111151
-0.111155
-0.111120
-0.111163
-0.111153
-0.111199
-0.111199
-0.111216
-0.111216
-0.111222
-0.111249
-0.111238
-0.111283
-0.111237
-0.111238
-0.111256
-0.111278
-0.111298
-0.111225
-0.111150
-0.111259
-0.111673
-0.110893
-0.111405
-0.110807
-0.112115
0.340067
0.066768
-0.043274
-0.072210
-0.109850
-0.101727
-0.110340
-0.110090
-0.111901
-0.110470
-0.112071
-0.111448
-0.111473
-0.112040
-0.111430
-0.112567
-0.111544
-0.112643
-0.111873
-0.112205
-0.112269
-0.112052
-0.112836
-0.111717
-0.113087
-0.112673
-0.112331
-0.111126
-0.110073
-0.109687
-0.105249
-0.102266
-0.111407
-0.105454
-0.107295
-0.108533
-0.110279
-0.112730
-0.111988
-0.112671
-0.112420
-0.113235
-0.112474
-0.113161
-0.112649
-0.112875
-0.112840
-0.112729
-0.113051
-0.112671
-0.113161
-0.112709
-0.113035
-0.112812
-0.112880
-0.113006
-0.112686
-0.113347
-0.112777
-0.113240
-0.112392
-0.112690
-0.112726
-0.111862
-0.110375
-0.112453
-0.111713
-0.111983
-0.111465
-0.112554
-0.112883
-0.113107
-0.112860
-0.112963
-0.113090
-0.112937
-0.113171
-0.112908
-0.113145
-0.112947
-0.113064
-0.113027
-0.112982
-0.113115
-0.112940
-0.113166
-0.112936
-0.113130
-0.112993
-0.113012
-0.113149
-0.112962
-0.113178
-0.112722
-0.113117
-0.112935
-0.112692
-0.111568
-0.112529
0.019867
0.423115
0.171746
-0.060231
-0.083312
-0.094869
-0.108570
-0.100238
-0.104532
-0.104253
-0.105646
-0.105618
-0.107244
-0.107415
-0.107537
-0.108410
-0.108062
-0.109059
-0.108642
-0.109415
-0.109347
-0.109727
-0.109650
-0.109445
-0.110368
-0.109674
-0.110318
-0.111440
-0.109890
-0.108682
-0.106873
-0.099401
-0.103552
-0.110018
-0.103163
-0.102250
-0.111245
-0.111487
-0.111493
-0.111965
-0.111175
-0.111828
-0.111315
-0.111793
-0.111391
-0.111772
-0.111590
-0.111650
-0.111777
-0.111601
-0.111895
-0.111619
-0.111934
-0.111732
-0.111923
-0.111804
-0.111774
-0.111988
-0.111718
-0.112043
-0.112044
-0.111908
-0.111567
-0.111082
-0.109572
-0.112234
-0.111117
-0.111657
-0.109823
-0.112590
-0.111865
-0.112362
-0.112126
-0.112156
-0.112268
-0.112132
-0.112279
-0.112106
-0.112292
-0.112127
-0.112266
-0.112193
-0.112216
-0.112250
-0.112174
-0.112301
-0.112172
-0.112324
-0.112168
-0.112271
-0.112234
-0.112217
-0.112298
-0.112283
-0.112295
-0.112053
-0.112074
-0.111332
-0.113019
-0.110996
