-2.660239
0.956405
0.296365
-5.552488
-0.111071
-0.111070
0.172476
0.289251
1.087383
-0.848451
-0.111069
-0.111071
2.666057
0.840362
4.671568
0.746309
-0.111070
-0.111073
0.099858
1.010930
1.958719
-1.775801
-0.111070
-0.111075
-0.011152
2.646104
4.528760
-4.831870
-0.111071
-0.111075
-0.568599
0.768471
0.838638
-2.521629
-0.111070
-0.111074
13.801978
-0.109705
13.804677
13.799779
-0.111068
-0.111072
9.008020
2.535170
13.020415
4.292340
-0.111070
-0.111075
2.434879
0.244833
-0.014282
-0.063283
-0.069769
-0.069997
-0.075076
-0.084707
-0.093032
-0.045504
-0.075939
0.068564
0.036240
0.030656
0.054366
-0.040331
0.066041
0.074513
-0.033489
-0.022616
0.056147
0.015082
-0.087376
0.150676
-0.020650
0.082788
-0.032864
-0.032601
-0.079776
-0.102044
-0.027579
-0.093487
-0.057453
-0.038883
-0.069504
-0.056001
-0.104124
-0.077959
-0.077257
-0.041172
-0.035645
-0.104522
-0.011873
-0.083135
-0.073828
-0.052243
-0.089985
-0.077934
-0.076651
-0.079137
-0.094501
-0.076870
-0.082493
-0.101428
-0.087016
-0.097003
-0.109337
-0.107868
-0.109538
-0.107685
-0.106236
-0.103661
-0.104326
-0.105944
-0.108794
-0.108655
-0.106312
-0.107295
-0.106708
-0.108206
-0.109161
-0.108776
-0.108024
-0.107050
-0.107894
-0.105640
-0.104793
-0.102535
-0.102632
-0.103991
-0.102636
-0.093417
-0.094430
-0.105824
-0.098574
-0.100800
-0.093682
-0.108371
-0.081869
-0.099975
-0.087147
-0.106064
-0.098243
-0.101926
-0.108918
-0.098906
-0.100126
-0.101939
-0.106346
-0.103276
0.170612
-0.018029
-0.079651
-0.086519
-0.096609
-0.038442
-0.050534
-0.047787
-0.091605
-0.081866
-0.086847
-0.053593
-0.052147
-0.067515
-0.068484
-0.072121
-0.062251
-0.069474
-0.081645
-0.077762
-0.064933
-0.064875
-0.097590
-0.068419
-0.069420
-0.065965
-0.079540
-0.027996
-0.047770
-0.087468
-0.069676
-0.070849
-0.080230
-0.091553
-0.074838
-0.084475
-0.090338
-0.072925
-0.075348
-0.103838
-0.096398
-0.079372
-0.078607
-0.108184
-0.099228
-0.099554
-0.103611
-0.099498
-0.094255
-0.110510
-0.104899
-0.099196
-0.105383
-0.099751
-0.106424
-0.104557
-0.105324
-0.105174
-0.106680
-0.105558
-0.105302
-0.108911
-0.106828
-0.109892
-0.107456
-0.110453
-0.108260
-0.108193
-0.107514
-0.108898
-0.108105
-0.109584
-0.109220
-0.107316
-0.110290
-0.106819
-0.107713
-0.110478
-0.109533
-0.109310
-0.105029
-0.105487
-0.108292
-0.110608
-0.105030
-0.108076
-0.103718
-0.106806
-0.106794
-0.104822
-0.105417
-0.105464
-0.101536
-0.097463
-0.106312
-0.101874
-0.105860
-0.105093
-0.106256
-0.104324
2.664205
0.470949
0.063534
-0.073824
-0.054686
-0.021119
-0.057210
-0.061575
-0.063974
-0.079788
-0.104877
-0.091432
-0.106084
-0.101838
-0.051071
-0.101006
-0.087513
-0.078741
-0.055992
-0.074392
-0.053366
-0.054317
-0.090651
-0.051501
-0.069008
-0.036895
-0.047289
-0.061836
-0.074489
-0.065682
-0.061125
-0.034614
-0.088858
-0.098046
-0.048306
-0.066500
-0.098127
-0.091625
-0.088150
-0.085885
-0.068768
-0.096626
-0.079548
-0.107841
-0.098960
-0.099272
-0.103769
-0.087109
-0.101553
-0.102725
-0.103517
-0.097937
-0.102343
-0.108272
-0.105257
-0.107721
-0.105859
-0.105819
-0.105777
-0.106267
-0.104719
-0.105778
-0.105596
-0.105960
-0.107401
-0.105997
-0.108403
-0.107258
-0.108004
-0.109316
-0.109847
-0.107206
-0.107764
-0.109254
-0.104119
-0.108822
-0.106207
-0.109771
-0.108345
-0.110849
-0.106257
-0.104548
-0.106655
-0.108683
-0.107157
-0.101523
-0.101572
-0.104567
-0.100842
-0.106013
-0.106287
-0.102281
-0.102677
-0.102434
-0.102602
-0.110236
-0.098244
-0.104797
-0.108822
-0.106414
0.094738
0.659761
-0.049768
-0.093522
-0.038957
0.001717
-0.093280
-0.056516
-0.093005
-0.087447
-0.104809
-0.077603
-0.081470
-0.085869
-0.091463
-0.091719
-0.099854
-0.094399
-0.098196
-0.093099
-0.075919
-0.097188
-0.103773
-0.091110
-0.099173
-0.100540
-0.094469
-0.092855
-0.092659
-0.101302
-0.099984
-0.106066
-0.107513
-0.106348
-0.109404
-0.103743
-0.105922
-0.099887
-0.105278
-0.099773
-0.106777
-0.106022
-0.103400
-0.110307
-0.107070
-0.102994
-0.105395
-0.107583
-0.105933
-0.106832
-0.108919
-0.107087
-0.109497
-0.107586
-0.107031
-0.108482
-0.109717
-0.109894
-0.109780
-0.109767
-0.107313
-0.108502
-0.111026
-0.110050
-0.108242
-0.109796
-0.106710
-0.109067
-0.110457
-0.110042
-0.108903
-0.109475
-0.109184
-0.110914
-0.110036
-0.110884
-0.109997
-0.109837
-0.108784
-0.110102
-0.109496
-0.109338
-0.110551
-0.110241
-0.109289
-0.108690
-0.108385
-0.109704
-0.109196
-0.109678
-0.109914
-0.110323
-0.109213
-0.109893
-0.109684
-0.109426
-0.108769
-0.109906
-0.110062
-0.110238
-0.023272
1.787898
0.138803
-0.053180
0.007636
0.111459
-0.072842
0.003455
-0.077988
-0.050669
-0.068734
-0.059300
-0.072831
-0.058424
-0.068540
-0.091870
-0.082144
-0.076550
-0.063502
-0.075270
-0.053137
-0.087951
-0.093170
-0.058508
-0.097155
-0.054146
-0.072064
-0.058512
-0.081555
-0.067934
-0.071142
-0.094931
-0.101391
-0.096778
-0.108042
-0.078787
-0.083750
-0.096426
-0.094330
-0.082674
-0.100984
-0.093356
-0.090910
-0.097759
-0.106277
-0.096997
-0.098935
-0.101686
-0.099924
-0.107105
-0.107152
-0.100943
-0.108115
-0.106948
-0.106785
-0.103958
-0.107930
-0.109093
-0.109818
-0.107548
-0.103602
-0.106783
-0.109107
-0.106848
-0.103475
-0.106280
-0.100231
-0.108221
-0.108817
-0.108455
-0.107477
-0.108612
-0.106220
-0.110538
-0.108471
-0.110397
-0.108861
-0.110492
-0.105977
-0.110482
-0.108533
-0.108331
-0.109346
-0.108392
-0.107714
-0.107448
-0.106378
-0.108094
-0.107410
-0.108283
-0.104641
-0.109823
-0.104070
-0.108718
-0.105170
-0.107960
-0.104692
-0.108122
-0.109337
-0.107971
0.350006
0.453686
0.041386
0.033519
-0.039612
-0.087151
-0.068977
-0.071261
-0.085772
-0.092568
-0.071213
-0.085655
-0.086636
-0.084896
-0.067211
-0.098848
-0.094414
-0.101487
-0.092880
-0.092496
-0.096022
-0.093921
-0.078755
-0.103202
-0.107437
-0.094772
-0.095063
-0.092822
-0.096875
-0.092669
-0.087184
-0.101116
-0.094993
-0.099004
-0.097393
-0.100451
-0.098896
-0.093199
-0.098188
-0.098927
-0.108159
-0.101282
-0.099365
-0.098985
-0.103333
-0.105128
-0.105629
-0.104015
-0.105399
-0.107283
-0.108542
-0.101245
-0.110452
-0.106198
-0.105202
-0.106875
-0.107334
-0.105085
-0.105936
-0.105603
-0.105677
-0.105681
-0.106339
-0.104611
-0.104686
-0.109869
-0.109198
-0.106779
-0.104181
-0.106453
-0.108414
-0.106956
-0.108114
-0.106206
-0.107321
-0.105332
-0.107916
-0.105917
-0.106689
-0.108129
-0.106935
-0.106579
-0.108233
-0.106696
-0.106741
-0.108217
-0.106353
-0.107806
-0.106117
-0.107427
-0.107806
-0.108430
-0.109951
-0.105174
-0.107831
-0.105000
-0.108187
-0.107195
-0.105882
-0.107505
-2.304585
0.145604
-1.738254
-2.651483
-0.111068
-0.111073
0.150694
0.112949
0.469826
-0.258764
-0.111071
-0.111075
2.860351
0.196960
3.477368
2.240927
-0.111069
-0.111071
-0.038106
0.380274
0.890624
-0.977815
-0.111071
-0.111073
-0.301845
0.643349
0.999571
-1.332991
-0.111069
-0.111075
-0.719039
0.696643
0.801838
-1.648416
-0.111068
-0.111074
8.446622
0.401146
9.234479
7.391004
-0.111072
-0.111072
2.083761
-0.003971
0.015320
-0.057372
-0.070977
-0.107016
-0.097974
-0.103508
-0.106788
-0.107948
-0.104549
-0.105834
-0.104013
-0.106543
-0.102784
-0.105820
-0.098093
-0.102183
-0.106518
-0.104693
-0.107500
-0.107925
-0.108210
-0.109080
-0.110020
-0.109603
-0.109488
-0.107795
-0.109183
-0.107538
-0.106916
-0.105746
-0.108440
-0.110434
-0.109376
-0.106063
-0.108088
-0.107946
-0.110349
-0.110386
-0.110249
-0.110671
-0.110753
-0.110153
-0.110538
-0.109844
-0.110541
-0.110013
-0.110410
-0.108556
-0.110188
-0.110304
-0.109812
-0.110333
-0.110511
-0.110463
-0.110817
-0.110858
-0.110648
-0.110765
-0.110291
-0.110365
-0.110510
-0.109974
-0.110218
-0.110512
-0.110962
-0.110904
-0.109957
-0.110379
-0.110294
-0.110468
-0.110964
-0.111028
-0.110880
-0.111033
-0.110752
-0.110984
-0.110649
-0.111000
-0.110923
-0.110856
-0.110082
-0.110873
-0.110856
-0.110345
-0.110805
-0.110915
-0.110868
-0.110869
-0.111007
-0.110795
-0.110985
-0.110727
-0.110762
-0.110945
-0.110377
-0.110781
-0.110828
-0.110741
0.149867
-0.007393
-0.002640
-0.093721
-0.087706
-0.090213
-0.104194
-0.102233
-0.099598
-0.102399
-0.104710
-0.103106
-0.107717
-0.104293
-0.098617
-0.104754
-0.100858
-0.100272
-0.107224
-0.104174
-0.104960
-0.107492
-0.107589
-0.107888
-0.108021
-0.108464
-0.109258
-0.110513
-0.109103
-0.106993
-0.110396
-0.105182
-0.108588
-0.109618
-0.108220
-0.107115
-0.108977
-0.108745
-0.108250
-0.109107
-0.108885
-0.108881
-0.109138
-0.109511
-0.109167
-0.110461
-0.109574
-0.108107
-0.109251
-0.109446
-0.108401
-0.110635
-0.109750
-0.108831
-0.109474
-0.109887
-0.109559
-0.109770
-0.110072
-0.109736
-0.110004
-0.110324
-0.109113
-0.109983
-0.109319
-0.109750
-0.109887
-0.109922
-0.109887
-0.109675
-0.109794
-0.109673
-0.109579
-0.109819
-0.109845
-0.109766
-0.110019
-0.109902
-0.110075
-0.110080
-0.109537
-0.109695
-0.110350
-0.109678
-0.110160
-0.110351
-0.109553
-0.109808
-0.110195
-0.109918
-0.110024
-0.110176
-0.109853
-0.110035
-0.110176
-0.109550
-0.110001
-0.110008
-0.109798
-0.110099
2.860171
-0.049535
0.064720
-0.008093
-0.081897
-0.097055
-0.105350
-0.105573
-0.108468
-0.104779
-0.110192
-0.105661
-0.100505
-0.103851
-0.103706
-0.102417
-0.107311
-0.107273
-0.104766
-0.105062
-0.105151
-0.106431
-0.108388
-0.109490
-0.109941
-0.110154
-0.110104
-0.110949
-0.108486
-0.108707
-0.102792
-0.103326
-0.109625
-0.110963
-0.109754
-0.104098
-0.105843
-0.108795
-0.110244
-0.109975
-0.110332
-0.110592
-0.109879
-0.110806
-0.110449
-0.109225
-0.110304
-0.110192
-0.109732
-0.110412
-0.110219
-0.110192
-0.109887
-0.109755
-0.110233
-0.110450
-0.110532
-0.110935
-0.110681
-0.110841
-0.110875
-0.110438
-0.110662
-0.109081
-0.109698
-0.110797
-0.110682
-0.110727
-0.109318
-0.109987
-0.110606
-0.110435
-0.110704
-0.110992
-0.110750
-0.110665
-0.110910
-0.111007
-0.110394
-0.110965
-0.110894
-0.110545
-0.110812
-0.110680
-0.110713
-0.110661
-0.110490
-0.110727
-0.110827
-0.110653
-0.111015
-0.110817
-0.110951
-0.110805
-0.110789
-0.110831
-0.110094
-0.110845
-0.110822
-0.110262
-0.037312
0.034859
0.153171
0.035157
-0.063410
-0.077179
-0.083697
-0.089014
-0.093082
-0.094699
-0.095827
-0.098514
-0.098399
-0.099740
-0.101292
-0.101541
-0.102096
-0.102841
-0.103164
-0.103743
-0.104117
-0.103771
-0.104731
-0.104954
-0.105169
-0.105349
-0.105857
-0.105779
-0.105594
-0.107004
-0.101396
-0.094801
-0.105448
-0.109437
-0.108224
-0.105054
-0.100486
-0.105590
-0.106665
-0.106340
-0.106884
-0.107231
-0.107079
-0.107237
-0.107555
-0.107414
-0.107534
-0.107744
-0.107681
-0.107804
-0.107912
-0.107871
-0.108011
-0.108108
-0.107946
-0.108185
-0.108243
-0.108178
-0.108314
-0.108429
-0.108341
-0.108543
-0.109010
-0.107990
-0.105524
-0.107876
-0.109346
-0.108480
-0.110116
-0.106898
-0.107866
-0.108557
-0.108307
-0.108620
-0.108581
-0.108504
-0.108637
-0.108652
-0.108611
-0.108679
-0.108680
-0.108672
-0.108741
-0.108722
-0.108703
-0.108785
-0.108776
-0.108717
-0.108824
-0.108797
-0.108771
-0.108871
-0.108814
-0.108803
-0.109006
-0.108928
-0.108771
-0.107520
-0.108166
-0.109597
0.079119
0.400014
0.025054
-0.094207
-0.089196
-0.074391
-0.099077
-0.100965
-0.101457
-0.102486
-0.102704
-0.103992
-0.104237
-0.104496
-0.105469
-0.105442
-0.105681
-0.106575
-0.106183
-0.106510
-0.107241
-0.106690
-0.107246
-0.107658
-0.107059
-0.107991
-0.108010
-0.107094
-0.106042
-0.110545
-0.108039
-0.103141
-0.100140
-0.110364
-0.100487
-0.107094
-0.108628
-0.107660
-0.107735
-0.109323
-0.108784
-0.109334
-0.109053
-0.108935
-0.109375
-0.109020
-0.109111
-0.109380
-0.109075
-0.109255
-0.109411
-0.109128
-0.109388
-0.109408
-0.109186
-0.109510
-0.109378
-0.109247
-0.109659
-0.109286
-0.109330
-0.109725
-0.109534
-0.109194
-0.109014
-0.108440
-0.110085
-0.108683
-0.110276
-0.109244
-0.109569
-0.109940
-0.109483
-0.109623
-0.109952
-0.109538
-0.109699
-0.109817
-0.109560
-0.109775
-0.109760
-0.109599
-0.109819
-0.109722
-0.109637
-0.109853
-0.109680
-0.109679
-0.109872
-0.109629
-0.109738
-0.109876
-0.109551
-0.109903
-0.109972
-0.109461
-0.109871
-0.110206
-0.109381
-0.110247
0.497999
0.401847
0.117427
-0.019401
-0.107364
-0.094355
-0.107547
-0.104485
-0.105790
-0.107094
-0.108109
-0.107495
-0.108279
-0.109001
-0.108140
-0.108945
-0.109193
-0.108732
-0.109524
-0.109485
-0.109225
-0.110003
-0.109603
-0.109508
-0.110445
-0.109873
-0.109751
-0.109572
-0.109309
-0.110537
-0.103703
-0.102927
-0.099218
-0.110104
-0.102328
-0.099829
-0.106441
-0.110175
-0.108701
-0.109866
-0.109748
-0.109385
-0.109934
-0.109987
-0.109671
-0.110121
-0.110028
-0.109818
-0.110245
-0.110036
-0.109975
-0.110351
-0.110060
-0.110107
-0.110416
-0.110065
-0.110241
-0.110461
-0.110112
-0.110466
-0.110155
-0.110033
-0.110631
-0.109708
-0.109172
-0.108100
-0.109884
-0.109612
-0.107416
-0.109428
-0.110101
-0.109915
-0.110345
-0.110183
-0.109976
-0.110433
-0.110241
-0.110191
-0.110467
-0.110239
-0.110276
-0.110476
-0.110239
-0.110356
-0.110471
-0.110241
-0.110421
-0.110441
-0.110240
-0.110489
-0.110394
-0.110253
-0.110581
-0.110141
-0.110182
-0.110638
-0.110255
-0.109835
-0.109475
-0.109084
