-2.659309
0.976386
-0.063696
-4.961831
-0.110897
-0.110898
0.055725
0.391891
1.183983
-1.612276
-0.110898
-0.110896
2.732752
1.214059
4.863572
0.109324
-0.110898
-0.110901
-0.113511
1.085146
2.289712
-2.133011
-0.110896
-0.110901
-0.075305
2.759178
4.816396
-5.180999
-0.110897
-0.110902
-0.100285
0.786146
1.647644
-1.479440
-0.110896
-0.110902
13.641732
-0.109810
13.644503
13.640027
-0.110895
-0.110898
9.342365
2.461258
12.605700
4.871545
-0.110898
-0.110902
2.421990
0.380207
0.048794
-0.067163
-0.088265
-0.001913
0.041256
-0.013489
-0.052630
-0.079096
-0.016053
-0.039679
0.044667
0.048940
0.049045
-0.020461
-0.096166
0.089158
-0.013620
-0.051057
0.029166
-0.094723
0.006203
0.022938
-0.079253
0.009743
-0.006214
-0.039161
-0.008344
-0.021186
-0.008820
-0.088916
-0.030158
-0.079447
-0.091734
-0.029461
-0.104395
-0.095615
-0.044545
-0.103231
-0.102242
-0.083899
-0.084720
-0.087888
-0.100539
-0.096856
-0.101763
-0.100275
-0.102430
-0.104453
-0.102684
-0.101627
-0.097143
-0.099511
-0.108718
-0.102144
-0.091233
-0.103250
-0.108433
-0.099161
-0.098174
-0.106907
-0.103034
-0.101902
-0.101217
-0.097822
-0.105448
-0.093434
-0.104620
-0.090106
-0.101711
-0.100400
-0.090292
-0.096237
-0.092828
-0.097164
-0.104550
-0.086757
-0.091924
-0.101279
-0.097199
-0.095500
-0.106273
-0.089125
-0.093997
-0.106629
-0.098422
-0.096902
-0.101502
-0.095222
-0.089504
-0.107452
-0.102213
-0.093749
-0.102046
-0.100532
-0.101795
-0.106937
-0.096951
-0.106172
0.050465
0.000557
0.019855
-0.030106
-0.053177
-0.055247
-0.074140
-0.066208
-0.063544
-0.068612
-0.045101
-0.067121
-0.103474
-0.061687
-0.061099
-0.095531
-0.093797
-0.063340
-0.084136
-0.057836
-0.069098
-0.059073
-0.049657
-0.066068
-0.011535
-0.066289
-0.022488
-0.030650
-0.037699
-0.020995
-0.072171
-0.068320
-0.072054
-0.081796
-0.097333
-0.075456
-0.077344
-0.100594
-0.102527
-0.104427
-0.101878
-0.102181
-0.103934
-0.108539
-0.106941
-0.105400
-0.106185
-0.102612
-0.102825
-0.105070
-0.109435
-0.108557
-0.108204
-0.106086
-0.105362
-0.106371
-0.108918
-0.106114
-0.104471
-0.105917
-0.108222
-0.106627
-0.107118
-0.107035
-0.104424
-0.101857
-0.108600
-0.107576
-0.106023
-0.104607
-0.107686
-0.105147
-0.103178
-0.104611
-0.105365
-0.109141
-0.099575
-0.101182
-0.107843
-0.096797
-0.099971
-0.100487
-0.103669
-0.097233
-0.095993
-0.105794
-0.104640
-0.100443
-0.102133
-0.109217
-0.103093
-0.100670
-0.107272
-0.107820
-0.106202
-0.105891
-0.106260
-0.107178
-0.105991
-0.108032
2.720484
0.724319
0.121634
-0.049659
-0.077959
-0.062712
-0.065770
-0.104143
-0.069099
-0.080437
-0.087438
-0.097004
-0.033760
-0.037116
-0.051184
-0.077345
-0.098431
-0.044981
-0.011705
-0.095387
-0.038796
-0.098501
-0.030786
0.002507
-0.076713
-0.067181
0.007198
-0.014712
0.001376
0.002180
-0.073151
-0.069507
-0.037476
-0.079898
-0.090429
-0.069411
-0.107163
-0.090503
-0.091268
-0.097782
-0.098053
-0.097438
-0.096726
-0.108418
-0.106843
-0.104636
-0.106515
-0.106959
-0.106927
-0.105562
-0.103075
-0.104541
-0.104267
-0.104563
-0.106726
-0.107269
-0.098105
-0.105260
-0.108546
-0.104909
-0.108403
-0.108206
-0.106904
-0.104708
-0.105523
-0.105512
-0.107450
-0.101386
-0.108985
-0.103718
-0.109425
-0.107594
-0.102537
-0.097957
-0.105143
-0.105820
-0.106793
-0.098646
-0.098299
-0.106064
-0.100305
-0.096164
-0.101941
-0.091571
-0.093224
-0.106323
-0.098678
-0.099402
-0.108081
-0.103322
-0.100718
-0.108074
-0.108299
-0.105361
-0.104288
-0.106512
-0.106225
-0.107885
-0.107112
-0.108968
-0.101815
0.701365
0.028417
-0.004484
-0.077978
-0.033276
-0.051051
-0.071336
-0.079205
-0.075588
-0.071442
-0.067062
-0.099811
-0.080643
-0.088441
-0.089978
-0.101673
-0.099621
-0.085253
-0.098742
-0.101375
-0.104319
-0.088890
-0.098145
-0.092543
-0.088176
-0.085023
-0.092059
-0.094102
-0.089565
-0.101201
-0.101782
-0.102392
-0.104125
-0.103512
-0.101658
-0.104380
-0.102772
-0.107070
-0.106324
-0.108289
-0.106169
-0.104707
-0.107984
-0.106522
-0.106664
-0.109070
-0.107266
-0.108827
-0.108763
-0.108658
-0.108642
-0.106354
-0.108691
-0.104441
-0.109950
-0.106416
-0.109324
-0.107244
-0.109057
-0.107269
-0.109084
-0.109411
-0.110059
-0.108386
-0.107969
-0.109726
-0.109604
-0.109426
-0.108741
-0.109093
-0.110093
-0.109563
-0.108560
-0.109815
-0.109689
-0.109666
-0.108254
-0.108862
-0.108710
-0.107568
-0.108720
-0.109915
-0.109150
-0.108730
-0.109695
-0.109057
-0.108088
-0.109492
-0.109373
-0.109395
-0.108684
-0.109282
-0.109158
-0.109321
-0.110437
-0.110284
-0.109163
-0.109118
-0.110587
-0.089547
1.860344
0.117234
-0.005866
0.005978
0.125144
0.079115
-0.033071
-0.043382
-0.084266
-0.018231
-0.079879
-0.071189
-0.054181
-0.087275
-0.098205
-0.095306
-0.060021
-0.044976
-0.090269
-0.068063
-0.101092
-0.091636
-0.095929
-0.085215
-0.036406
-0.055534
-0.039802
-0.044930
-0.086395
-0.055446
-0.072796
-0.094224
-0.098988
-0.108935
-0.087236
-0.100721
-0.091880
-0.099504
-0.105895
-0.105066
-0.105594
-0.099271
-0.105438
-0.106982
-0.101145
-0.106433
-0.101840
-0.107811
-0.103476
-0.102712
-0.110168
-0.102117
-0.105261
-0.096685
-0.109115
-0.097395
-0.108385
-0.106783
-0.104676
-0.102038
-0.105278
-0.109477
-0.108729
-0.108208
-0.104272
-0.108728
-0.106932
-0.107552
-0.109723
-0.107756
-0.109547
-0.105858
-0.104689
-0.108303
-0.108714
-0.108510
-0.108162
-0.109362
-0.108930
-0.102539
-0.102299
-0.104059
-0.106382
-0.106998
-0.104294
-0.102013
-0.106345
-0.108833
-0.107847
-0.108182
-0.108410
-0.107640
-0.106822
-0.108757
-0.107979
-0.109727
-0.108702
-0.107933
-0.109035
-0.106924
0.505476
-0.060384
-0.081771
-0.090582
-0.075057
-0.091103
-0.082245
-0.087324
-0.079704
-0.064704
-0.080244
-0.099087
-0.085755
-0.087693
-0.094525
-0.088477
-0.086307
-0.097470
-0.074439
-0.080156
-0.098729
-0.086782
-0.080507
-0.096174
-0.093934
-0.063524
-0.090808
-0.096728
-0.067171
-0.099251
-0.109831
-0.088324
-0.096846
-0.107406
-0.098268
-0.095817
-0.107923
-0.108091
-0.102889
-0.106509
-0.105582
-0.109444
-0.109613
-0.107297
-0.106471
-0.107576
-0.106535
-0.109326
-0.110142
-0.109222
-0.109223
-0.108075
-0.110204
-0.106198
-0.109107
-0.105870
-0.110262
-0.108594
-0.109638
-0.108581
-0.108869
-0.109392
-0.110044
-0.108152
-0.106812
-0.110196
-0.109583
-0.108383
-0.108576
-0.109958
-0.108252
-0.109273
-0.108328
-0.107125
-0.109249
-0.108036
-0.107866
-0.108530
-0.108377
-0.106956
-0.105577
-0.107892
-0.107632
-0.105020
-0.108663
-0.108435
-0.107671
-0.108790
-0.109341
-0.108955
-0.108135
-0.110527
-0.108761
-0.108434
-0.110603
-0.109529
-0.109776
-0.108708
-0.109614
-2.343796
0.084129
-1.937506
-2.622914
-0.110895
-0.110900
-0.071603
0.123941
0.284805
-0.471819
-0.110897
-0.110902
2.804643
0.076741
3.191353
2.432606
-0.110896
-0.110899
0.071461
0.273698
0.657564
-0.637361
-0.110898
-0.110901
-0.073031
0.204897
0.508657
-0.599309
-0.110896
-0.110900
-0.126452
0.531822
0.979482
-1.383788
-0.110897
-0.110900
8.684097
0.241216
9.090050
8.091785
-0.110899
-0.110902
2.121562
-0.033402
0.000142
-0.097184
-0.105270
-0.102306
-0.105146
-0.108975
-0.106418
-0.109182
-0.104963
-0.105514
-0.104566
-0.109068
-0.109504
-0.109202
-0.105603
-0.107788
-0.108518
-0.110239
-0.109052
-0.109920
-0.109550
-0.108493
-0.110697
-0.110364
-0.104751
-0.109350
-0.110553
-0.108627
-0.106031
-0.109380
-0.110080
-0.110631
-0.110135
-0.110764
-0.110510
-0.110457
-0.109850
-0.110245
-0.110101
-0.110529
-0.110528
-0.110425
-0.109878
-0.110568
-0.110529
-0.110613
-0.110600
-0.110600
-0.110407
-0.110339
-0.110489
-0.110670
-0.109623
-0.110509
-0.110532
-0.110389
-0.109730
-0.110532
-0.110537
-0.110755
-0.110777
-0.110730
-0.110663
-0.110837
-0.110554
-0.110511
-0.110636
-0.110757
-0.110804
-0.110823
-0.110558
-0.110634
-0.110747
-0.110776
-0.110622
-0.110681
-0.110870
-0.110533
-0.110663
-0.110668
-0.110447
-0.110788
-0.110799
-0.110548
-0.110313
-0.110541
-0.110758
-0.110700
-0.110570
-0.110785
-0.110626
-0.110726
-0.110618
-0.110812
-0.110744
-0.110724
-0.110727
-0.110724
-0.070722
0.044377
-0.068227
-0.088149
-0.096534
-0.098818
-0.101592
-0.101959
-0.101815
-0.102209
-0.102005
-0.106640
-0.102757
-0.103838
-0.106213
-0.109334
-0.108741
-0.107283
-0.109550
-0.109424
-0.108640
-0.109064
-0.108508
-0.108950
-0.107099
-0.106752
-0.109926
-0.109339
-0.107885
-0.109585
-0.109776
-0.108720
-0.109090
-0.108995
-0.109555
-0.109548
-0.109823
-0.109891
-0.109667
-0.109544
-0.109476
-0.110097
-0.109908
-0.109461
-0.109302
-0.109688
-0.109371
-0.109492
-0.109754
-0.109664
-0.109814
-0.109578
-0.110260
-0.110417
-0.109627
-0.109699
-0.109993
-0.109497
-0.109788
-0.109787
-0.109819
-0.110089
-0.109937
-0.109947
-0.109904
-0.109912
-0.110034
-0.110030
-0.110077
-0.109903
-0.109944
-0.110156
-0.110187
-0.110142
-0.110208
-0.110228
-0.110151
-0.110161
-0.110177
-0.110253
-0.109987
-0.109878
-0.110265
-0.110053
-0.110157
-0.110063
-0.110200
-0.110341
-0.110229
-0.110215
-0.110167
-0.110296
-0.110268
-0.110186
-0.110138
-0.110202
-0.110116
-0.110166
-0.110224
-0.110130
2.804888
-0.013889
-0.026992
-0.096680
-0.103098
-0.089434
-0.108581
-0.106634
-0.107394
-0.107395
-0.110331
-0.103525
-0.105551
-0.104657
-0.106040
-0.107733
-0.108755
-0.107066
-0.109564
-0.109149
-0.110557
-0.110695
-0.110119
-0.107711
-0.109589
-0.109700
-0.105422
-0.107738
-0.109965
-0.107437
-0.106129
-0.108632
-0.109355
-0.110017
-0.109897
-0.110084
-0.110499
-0.110051
-0.110115
-0.109666
-0.110819
-0.110444
-0.109718
-0.110024
-0.110064
-0.109580
-0.110400
-0.110430
-0.110264
-0.110357
-0.110135
-0.109778
-0.109943
-0.110320
-0.110112
-0.110251
-0.110417
-0.110382
-0.109913
-0.110642
-0.110543
-0.110371
-0.110535
-0.110603
-0.110447
-0.110367
-0.110584
-0.110668
-0.110312
-0.110295
-0.110687
-0.110439
-0.110518
-0.110755
-0.110565
-0.110453
-0.110540
-0.110533
-0.110662
-0.110369
-0.110691
-0.110593
-0.110353
-0.110596
-0.110557
-0.110337
-0.110184
-0.110262
-0.110497
-0.110446
-0.110468
-0.110457
-0.110441
-0.110649
-0.110444
-0.110450
-0.110591
-0.110545
-0.110424
-0.110490
0.068524
0.137697
-0.003285
-0.085485
-0.101642
-0.101792
-0.106360
-0.106787
-0.107825
-0.108216
-0.108193
-0.108755
-0.108819
-0.108966
-0.109236
-0.109251
-0.109456
-0.109493
-0.109599
-0.109679
-0.109614
-0.109869
-0.109941
-0.110262
-0.109972
-0.107689
-0.104502
-0.104953
-0.109283
-0.105557
-0.106290
-0.109867
-0.110302
-0.110222
-0.110330
-0.110261
-0.110349
-0.110288
-0.110332
-0.110335
-0.110321
-0.110376
-0.110332
-0.110365
-0.110397
-0.110365
-0.110419
-0.110423
-0.110436
-0.110470
-0.110412
-0.110362
-0.110355
-0.110469
-0.109162
-0.109103
-0.110084
-0.109705
-0.110309
-0.110239
-0.110546
-0.110521
-0.110525
-0.110512
-0.110453
-0.110544
-0.110534
-0.110522
-0.110562
-0.110538
-0.110569
-0.110572
-0.110551
-0.110593
-0.110566
-0.110566
-0.110586
-0.110541
-0.110607
-0.110620
-0.110463
-0.110274
-0.110544
-0.110525
-0.110731
-0.110160
-0.110394
-0.110828
-0.110435
-0.110307
-0.110390
-0.110738
-0.110732
-0.110603
-0.110613
-0.110663
-0.110611
-0.110638
-0.110624
-0.110606
-0.070798
0.092739
-0.021866
-0.095666
-0.096823
-0.102708
-0.105518
-0.107173
-0.107840
-0.107976
-0.108237
-0.108480
-0.108812
-0.108909
-0.108998
-0.109170
-0.109198
-0.109354
-0.109512
-0.109483
-0.109488
-0.109694
-0.109719
-0.108801
-0.110320
-0.107580
-0.105832
-0.106570
-0.109234
-0.106861
-0.107187
-0.109331
-0.110242
-0.109536
-0.110229
-0.110135
-0.110160
-0.110210
-0.110235
-0.110248
-0.110256
-0.110274
-0.110316
-0.110319
-0.110321
-0.110355
-0.110339
-0.110370
-0.110418
-0.110355
-0.110465
-0.110195
-0.110344
-0.110771
-0.109333
-0.109379
-0.110102
-0.109793
-0.110379
-0.110341
-0.110426
-0.110650
-0.110500
-0.110489
-0.110477
-0.110511
-0.110495
-0.110504
-0.110507
-0.110520
-0.110512
-0.110515
-0.110535
-0.110519
-0.110536
-0.110537
-0.110515
-0.110556
-0.110493
-0.110650
-0.110456
-0.110303
-0.110670
-0.110712
-0.110739
-0.110274
-0.110417
-0.110759
-0.110382
-0.110329
-0.110353
-0.110628
-0.110664
-0.110520
-0.110616
-0.110591
-0.110606
-0.110589
-0.110596
-0.110603
-0.088775
0.281779
0.120515
-0.101088
-0.109958
-0.087964
-0.100711
-0.101430
-0.103271
-0.103799
-0.104528
-0.105446
-0.105662
-0.106031
-0.106355
-0.106871
-0.106882
-0.107157
-0.107482
-0.107735
-0.107988
-0.107967
-0.108741
-0.108180
-0.106922
-0.107252
-0.095409
-0.097586
-0.105027
-0.099579
-0.103237
-0.106000
-0.107289
-0.109177
-0.108253
-0.108639
-0.108516
-0.108631
-0.108723
-0.108671
-0.108796
-0.108800
-0.108866
-0.108848
-0.108919
-0.108943
-0.108923
-0.108956
-0.108908
-0.108980
-0.108789
-0.108819
-0.108892
-0.108757
-0.108703
-0.110376
-0.110357
-0.107959
-0.107778
-0.109539
-0.109248
-0.109032
-0.109282
-0.109386
-0.109476
-0.109416
-0.109405
-0.109461
-0.109428
-0.109444
-0.109442
-0.109453
-0.109464
-0.109455
-0.109493
-0.109489
-0.109523
-0.109540
-0.109589
-0.109515
-0.109730
-0.109774
-0.108175
-0.108635
-0.108594
-0.109454
-0.109799
-0.109086
-0.109896
-0.109898
-0.110031
-0.109324
-0.109276
-0.109443
-0.109433
-0.109418
-0.109452
-0.109460
-0.109458
-0.109476
