-2.513820
0.956511
0.251613
-5.149978
-0.112433
-0.112434
0.352663
0.323928
1.369087
-0.572012
-0.112434
-0.112436
2.720809
1.060050
4.591414
0.384086
-0.112435
-0.112438
-0.236622
1.211943
2.070889
-2.187847
-0.112432
-0.112438
-0.094254
2.638502
4.001847
-4.771588
-0.112434
-0.112439
0.062947
0.589770
1.387884
-1.045462
-0.112432
-0.112438
13.687446
-0.111033
13.689858
13.684659
-0.112434
-0.112437
9.498153
2.693451
13.439698
4.780543
-0.112434
-0.112439
2.287667
0.384278
-0.009349
-0.036546
-0.063309
-0.064720
-0.085189
-0.090567
-0.039864
-0.036314
0.053451
0.023601
-0.022372
-0.038689
-0.074789
-0.107323
-0.050342
0.057894
0.080588
0.010004
0.113960
-0.084554
-0.091755
0.034230
0.000395
-0.098298
-0.085085
-0.007334
-0.075532
-0.096173
-0.074900
-0.071628
-0.047540
-0.036170
-0.052546
-0.078097
-0.038108
-0.105756
-0.093389
-0.033731
-0.056857
-0.081815
-0.060733
-0.100922
-0.103248
-0.109701
-0.089901
-0.100066
-0.097881
-0.100069
-0.110593
-0.107305
-0.109077
-0.107963
-0.108237
-0.109125
-0.109310
-0.110940
-0.110711
-0.109780
-0.107707
-0.110519
-0.110299
-0.108271
-0.106764
-0.111363
-0.107451
-0.110028
-0.103190
-0.106667
-0.107125
-0.109681
-0.108657
-0.105887
-0.109112
-0.102464
-0.110372
-0.097149
-0.094758
-0.097321
-0.102497
-0.104160
-0.107334
-0.096557
-0.107690
-0.099921
-0.102468
-0.106846
-0.104312
-0.109819
-0.102199
-0.107241
-0.105475
-0.102446
-0.102741
-0.104438
-0.104957
-0.106463
-0.103729
-0.104665
0.354748
-0.042256
0.012597
-0.099393
-0.106946
-0.104551
-0.092265
-0.097108
-0.070943
-0.083187
-0.053357
-0.068464
-0.090507
-0.080596
-0.059798
-0.106244
-0.072589
-0.019760
0.001794
-0.056163
-0.006506
-0.039487
-0.100904
-0.070070
-0.087542
-0.076089
-0.088826
-0.070159
-0.076509
-0.104755
-0.078993
-0.080824
-0.097758
-0.067820
-0.111874
-0.097934
-0.100473
-0.083470
-0.080762
-0.081443
-0.078076
-0.100606
-0.086547
-0.099980
-0.102761
-0.110994
-0.107274
-0.103746
-0.104744
-0.108636
-0.111043
-0.110616
-0.108891
-0.111742
-0.112123
-0.111255
-0.111969
-0.111802
-0.110667
-0.111180
-0.109943
-0.110072
-0.112037
-0.110720
-0.110536
-0.111111
-0.110942
-0.109948
-0.110391
-0.110776
-0.111267
-0.111011
-0.107678
-0.108408
-0.107186
-0.107447
-0.111394
-0.105747
-0.107584
-0.099391
-0.110729
-0.108957
-0.107373
-0.108118
-0.110187
-0.108274
-0.110035
-0.108209
-0.109605
-0.105507
-0.108738
-0.106155
-0.110396
-0.109415
-0.109182
-0.109571
-0.108038
-0.109087
-0.108655
-0.105079
2.716082
0.652531
0.078956
-0.094998
-0.070457
-0.100110
-0.078935
-0.100243
-0.088987
-0.070646
-0.084641
-0.068801
-0.086655
-0.092860
-0.102882
-0.069966
-0.074321
-0.076829
-0.067276
-0.033276
-0.032508
-0.077299
-0.060144
-0.038503
-0.064050
-0.073275
-0.096713
-0.030840
-0.088315
-0.106856
-0.088506
-0.069566
-0.065438
-0.054846
-0.098866
-0.086315
-0.067409
-0.098333
-0.093517
-0.084814
-0.093437
-0.093360
-0.094912
-0.104342
-0.106458
-0.108989
-0.109527
-0.105975
-0.107984
-0.108868
-0.110022
-0.110637
-0.107466
-0.111959
-0.109812
-0.111643
-0.109451
-0.111501
-0.108963
-0.109544
-0.106493
-0.107873
-0.108408
-0.108932
-0.109357
-0.111152
-0.111453
-0.111126
-0.108894
-0.108377
-0.109118
-0.110717
-0.111391
-0.111208
-0.109936
-0.109265
-0.111807
-0.108043
-0.104771
-0.105377
-0.106542
-0.107781
-0.108960
-0.103942
-0.105709
-0.104412
-0.105124
-0.108782
-0.105256
-0.109525
-0.103041
-0.107742
-0.106131
-0.107771
-0.107906
-0.105370
-0.109859
-0.110616
-0.105018
-0.108930
0.016637
0.802155
0.029650
-0.058796
-0.088750
-0.090212
-0.064355
-0.099223
-0.072139
-0.091136
-0.102094
-0.078403
-0.111768
-0.085167
-0.097071
-0.100102
-0.106488
-0.093840
-0.080385
-0.082295
-0.082858
-0.095084
-0.088020
-0.085900
-0.101737
-0.101187
-0.099001
-0.088496
-0.101963
-0.107816
-0.106911
-0.100678
-0.093802
-0.109840
-0.108548
-0.104353
-0.096457
-0.104896
-0.110800
-0.099411
-0.110109
-0.104342
-0.106303
-0.109547
-0.110024
-0.110348
-0.109102
-0.110564
-0.108647
-0.108669
-0.109241
-0.112056
-0.111516
-0.111232
-0.112058
-0.111481
-0.110942
-0.109277
-0.110051
-0.108530
-0.105477
-0.111506
-0.110430
-0.111643
-0.110101
-0.112128
-0.110976
-0.111183
-0.111591
-0.111687
-0.110539
-0.111561
-0.110639
-0.109860
-0.111474
-0.110574
-0.110770
-0.112005
-0.110708
-0.111212
-0.109223
-0.111067
-0.108594
-0.110415
-0.111406
-0.110357
-0.110530
-0.110801
-0.111029
-0.110954
-0.111647
-0.110970
-0.110478
-0.111656
-0.110781
-0.111006
-0.111137
-0.111198
-0.110335
-0.110654
-0.104116
1.806264
0.034890
0.000011
-0.079866
-0.061607
-0.022244
-0.059305
-0.067283
-0.078595
-0.065644
-0.030009
-0.063608
-0.085406
-0.087468
-0.083608
-0.073944
-0.061563
-0.040826
-0.042088
-0.054429
-0.098701
-0.094311
-0.056511
-0.102382
-0.077807
-0.095045
-0.104248
-0.102533
-0.110327
-0.096019
-0.096985
-0.102987
-0.093171
-0.100146
-0.098094
-0.088402
-0.101446
-0.105051
-0.091608
-0.096060
-0.092572
-0.095803
-0.105994
-0.110454
-0.108930
-0.105979
-0.106100
-0.105014
-0.106928
-0.109181
-0.107654
-0.111271
-0.109264
-0.109691
-0.108504
-0.108716
-0.106491
-0.105623
-0.105406
-0.100156
-0.106425
-0.109105
-0.108957
-0.109316
-0.112338
-0.111050
-0.110100
-0.110407
-0.108784
-0.108888
-0.110319
-0.110092
-0.109371
-0.110481
-0.108562
-0.110934
-0.108181
-0.106313
-0.108923
-0.110875
-0.109632
-0.105602
-0.108137
-0.109210
-0.110834
-0.111892
-0.111209
-0.111225
-0.108707
-0.111234
-0.109585
-0.110530
-0.110301
-0.109282
-0.109847
-0.109781
-0.111103
-0.111207
-0.107164
0.060685
0.361630
-0.020117
-0.038220
-0.092384
-0.100699
-0.090670
-0.110754
-0.094843
-0.102277
-0.100371
-0.091781
-0.085236
-0.099339
-0.092131
-0.109623
-0.101318
-0.098267
-0.094214
-0.100825
-0.091926
-0.097841
-0.092077
-0.095584
-0.100506
-0.105081
-0.093653
-0.110542
-0.106209
-0.107441
-0.103410
-0.109290
-0.106953
-0.105742
-0.098807
-0.103847
-0.099753
-0.109722
-0.108799
-0.106366
-0.103648
-0.109517
-0.111342
-0.107807
-0.109344
-0.106882
-0.107970
-0.109897
-0.110385
-0.109863
-0.110825
-0.111619
-0.110898
-0.111298
-0.111001
-0.110973
-0.110968
-0.109961
-0.110272
-0.111311
-0.108443
-0.110420
-0.111987
-0.111952
-0.111128
-0.110825
-0.111156
-0.110693
-0.110824
-0.111019
-0.111825
-0.111825
-0.111876
-0.110960
-0.112276
-0.111816
-0.111655
-0.109369
-0.110007
-0.111792
-0.111712
-0.111597
-0.110187
-0.111394
-0.111844
-0.109861
-0.111966
-0.111336
-0.110604
-0.109980
-0.109790
-0.110324
-0.110788
-0.110215
-0.111768
-0.111155
-0.110710
-0.111031
-0.111068
-0.110964
-1.798350
0.146194
-1.325000
-2.079968
-0.112431
-0.112438
-0.234885
0.163716
0.211788
-0.650874
-0.112432
-0.112439
3.124828
0.123522
3.569857
2.742388
-0.112433
-0.112438
-0.084386
0.460275
0.626996
-0.943234
-0.112434
-0.112439
-0.008119
0.392613
0.843846
-0.832414
-0.112434
-0.112438
-0.058519
0.559838
0.951662
-1.240996
-0.112434
-0.112437
8.434075
0.454476
9.138364
7.581041
-0.112434
-0.112439
1.571318
0.055935
-0.042802
-0.100808
-0.103041
-0.106217
-0.107821
-0.109582
-0.109875
-0.109601
-0.107848
-0.107526
-0.107322
-0.106535
-0.110107
-0.108687
-0.109171
-0.108536
-0.110108
-0.109888
-0.110942
-0.111399
-0.111752
-0.111900
-0.111498
-0.111150
-0.110237
-0.109724
-0.110460
-0.107495
-0.109753
-0.110661
-0.109502
-0.111484
-0.111828
-0.112211
-0.112332
-0.112241
-0.112199
-0.112139
-0.111750
-0.111660
-0.111531
-0.111607
-0.112162
-0.111733
-0.111621
-0.111965
-0.112190
-0.111905
-0.112258
-0.112206
-0.112305
-0.112231
-0.112354
-0.112355
-0.112001
-0.111493
-0.112244
-0.111515
-0.111401
-0.112281
-0.111990
-0.112225
-0.112257
-0.112347
-0.112341
-0.112368
-0.112313
-0.112397
-0.112185
-0.112197
-0.112138
-0.112202
-0.112334
-0.112193
-0.112094
-0.112354
-0.112367
-0.112143
-0.112239
-0.112356
-0.112334
-0.112399
-0.112229
-0.112169
-0.112394
-0.112092
-0.112157
-0.112227
-0.111966
-0.112147
-0.112347
-0.112411
-0.112313
-0.112374
-0.112331
-0.112336
-0.112276
-0.112333
0.008193
0.076648
-0.079408
-0.107474
-0.085527
-0.098775
-0.102983
-0.107135
-0.110045
-0.110792
-0.108141
-0.104795
-0.106573
-0.109981
-0.103526
-0.108041
-0.107116
-0.110061
-0.109077
-0.108554
-0.111707
-0.111761
-0.112190
-0.111289
-0.109451
-0.110397
-0.109699
-0.111256
-0.111613
-0.107400
-0.110531
-0.109445
-0.110419
-0.111436
-0.110578
-0.110559
-0.112305
-0.111775
-0.112358
-0.111951
-0.111595
-0.111434
-0.111468
-0.111981
-0.110891
-0.111172
-0.112060
-0.111855
-0.111763
-0.111888
-0.112217
-0.112101
-0.112089
-0.112279
-0.112008
-0.111895
-0.112000
-0.112032
-0.112014
-0.111392
-0.111627
-0.112133
-0.111841
-0.111956
-0.112204
-0.111889
-0.112345
-0.112182
-0.112318
-0.112131
-0.112176
-0.112090
-0.112174
-0.112224
-0.111984
-0.111853
-0.112230
-0.112088
-0.112073
-0.112245
-0.112163
-0.112189
-0.112290
-0.112178
-0.112306
-0.112280
-0.112212
-0.112254
-0.112219
-0.112060
-0.111994
-0.112345
-0.112070
-0.112067
-0.112289
-0.112091
-0.112324
-0.112401
-0.112407
-0.112146
3.125611
0.044030
-0.093112
-0.068718
-0.086734
-0.105169
-0.108485
-0.110755
-0.109502
-0.110750
-0.108467
-0.109636
-0.109775
-0.108039
-0.104932
-0.109348
-0.107382
-0.109366
-0.109769
-0.109519
-0.111753
-0.112334
-0.111348
-0.111770
-0.111095
-0.110755
-0.109535
-0.107879
-0.110438
-0.109356
-0.111527
-0.109032
-0.110059
-0.110832
-0.111006
-0.111622
-0.112059
-0.112275
-0.111895
-0.112233
-0.111479
-0.112188
-0.112041
-0.112185
-0.111444
-0.111565
-0.111797
-0.111932
-0.111932
-0.111745
-0.112164
-0.112205
-0.111997
-0.112173
-0.112175
-0.111841
-0.111867
-0.111380
-0.111501
-0.111953
-0.111950
-0.111774
-0.111509
-0.112108
-0.112204
-0.112230
-0.112155
-0.112222
-0.112117
-0.112328
-0.111995
-0.112190
-0.112016
-0.112178
-0.112406
-0.112237
-0.112255
-0.112235
-0.112155
-0.112192
-0.112366
-0.112288
-0.112011
-0.112178
-0.112297
-0.112148
-0.112192
-0.111986
-0.111860
-0.112288
-0.112184
-0.112191
-0.111955
-0.112208
-0.112240
-0.112329
-0.112193
-0.112129
-0.112075
-0.112278
-0.086917
0.288981
-0.086195
-0.076475
-0.094501
-0.106539
-0.107601
-0.108751
-0.108663
-0.108975
-0.109656
-0.110232
-0.109707
-0.110413
-0.110374
-0.110255
-0.110533
-0.110614
-0.110454
-0.110442
-0.110798
-0.110118
-0.110620
-0.109910
-0.110389
-0.108994
-0.108160
-0.109186
-0.109793
-0.104595
-0.109283
-0.105073
-0.110480
-0.108556
-0.111630
-0.111529
-0.112139
-0.111864
-0.112167
-0.112166
-0.112256
-0.112295
-0.112194
-0.112308
-0.112227
-0.112248
-0.112201
-0.112251
-0.112138
-0.112159
-0.112198
-0.112029
-0.112235
-0.111892
-0.111940
-0.111624
-0.111513
-0.111016
-0.110960
-0.111161
-0.110761
-0.111637
-0.112062
-0.111613
-0.112123
-0.112143
-0.112181
-0.112244
-0.112172
-0.112338
-0.112205
-0.112346
-0.112184
-0.112377
-0.112178
-0.112397
-0.112162
-0.112410
-0.112044
-0.112336
-0.111943
-0.112365
-0.112173
-0.112419
-0.112175
-0.112242
-0.112192
-0.111892
-0.111668
-0.111986
-0.111406
-0.112276
-0.111932
-0.112306
-0.112124
-0.112357
-0.112151
-0.112377
-0.112159
-0.112377
-0.009435
0.229945
-0.025072
-0.095386
-0.076918
-0.099375
-0.104118
-0.105506
-0.107462
-0.107326
-0.108628
-0.108978
-0.109408
-0.109696
-0.110031
-0.110165
-0.110367
-0.110540
-0.110578
-0.110917
-0.110705
-0.110875
-0.110786
-0.111145
-0.109841
-0.109585
-0.108367
-0.108109
-0.111335
-0.105784
-0.111131
-0.105140
-0.106814
-0.109574
-0.110716
-0.110379
-0.111045
-0.110659
-0.111083
-0.110821
-0.111154
-0.111027
-0.111217
-0.111155
-0.111308
-0.111264
-0.111366
-0.111363
-0.111410
-0.111439
-0.111450
-0.111514
-0.111526
-0.111648
-0.111204
-0.110944
-0.112337
-0.111263
-0.112087
-0.111024
-0.111479
-0.110914
-0.110892
-0.111163
-0.111648
-0.111412
-0.111661
-0.111478
-0.111649
-0.111504
-0.111659
-0.111546
-0.111655
-0.111574
-0.111671
-0.111600
-0.111673
-0.111670
-0.111677
-0.111570
-0.111617
-0.111647
-0.111809
-0.111776
-0.111596
-0.111291
-0.111785
-0.111797
-0.111974
-0.111586
-0.111576
-0.111587
-0.111711
-0.111688
-0.111766
-0.111662
-0.111792
-0.111675
-0.111787
-0.111672
-0.059337
0.348245
-0.054170
-0.032875
-0.076474
-0.097169
-0.097458
-0.102145
-0.102885
-0.104145
-0.104855
-0.105351
-0.105725
-0.106321
-0.106639
-0.107044
-0.107278
-0.107475
-0.107631
-0.107730
-0.108109
-0.108016
-0.108312
-0.108293
-0.107855
-0.108174
-0.106373
-0.099142
-0.107726
-0.107332
-0.109075
-0.102810
-0.107105
-0.110814
-0.111535
-0.111908
-0.111174
-0.111476
-0.111176
-0.111322
-0.111159
-0.111237
-0.111111
-0.111200
-0.111101
-0.111176
-0.111119
-0.111157
-0.111112
-0.111164
-0.111168
-0.111075
-0.111113
-0.111130
-0.111076
-0.111342
-0.110918
-0.108464
-0.109657
-0.111271
-0.109734
-0.111279
-0.110929
-0.111249
-0.111626
-0.111647
-0.111444
-0.111563
-0.111441
-0.111536
-0.111448
-0.111524
-0.111446
-0.111526
-0.111442
-0.111517
-0.111446
-0.111462
-0.111436
-0.111608
-0.111321
-0.111524
-0.111472
-0.111480
-0.111523
-0.112007
-0.111584
-0.110748
-0.110953
-0.111313
-0.110568
-0.111633
-0.111327
-0.111349
-0.111452
-0.111542
-0.111445
-0.111541
-0.111454
-0.111535
