-2.450445
0.937172
-0.528926
-5.854681
-0.110933
-0.110931
0.112608
0.299290
1.144424
-0.998718
-0.110931
-0.110932
2.755188
1.075616
5.163993
0.460287
-0.110932
-0.110936
0.035718
1.187791
2.172031
-2.072956
-0.110931
-0.110936
-0.200559
2.684845
4.329861
-5.243048
-0.110931
-0.110936
-0.285678
0.738399
1.331843
-1.608711
-0.110931
-0.110936
13.711592
-0.109792
13.713833
13.708991
-0.110932
-0.110934
8.800117
2.608318
12.925190
4.593373
-0.110931
-0.110937
2.224787
0.320342
0.037558
-0.037830
-0.100495
-0.058801
0.007813
-0.047756
-0.069627
-0.080691
-0.023142
0.004089
-0.024564
-0.055580
-0.042476
0.003227
-0.012620
0.074677
0.120402
-0.010393
-0.063161
-0.086159
-0.022544
0.074729
0.068177
-0.058640
-0.055417
-0.010024
-0.046958
-0.060159
-0.038226
-0.034116
-0.054221
-0.083069
-0.095030
-0.076254
-0.020531
-0.002794
-0.082297
-0.083599
-0.077758
-0.061617
-0.067304
-0.050355
-0.089238
-0.101108
-0.086307
-0.091541
-0.096380
-0.098770
-0.095682
-0.108774
-0.104673
-0.106504
-0.109071
-0.105269
-0.109012
-0.106040
-0.108895
-0.104905
-0.106513
-0.108396
-0.105154
-0.107422
-0.107935
-0.106914
-0.106318
-0.104999
-0.108355
-0.110835
-0.110223
-0.104937
-0.107734
-0.106858
-0.103743
-0.098840
-0.101928
-0.107914
-0.093662
-0.099016
-0.100694
-0.102057
-0.097787
-0.103524
-0.094816
-0.096382
-0.098833
-0.097476
-0.101952
-0.103300
-0.101829
-0.103397
-0.101661
-0.100727
-0.104987
-0.101229
-0.094137
-0.105493
-0.099775
-0.096641
0.111182
-0.010269
-0.016983
-0.077215
-0.085615
-0.063988
-0.063793
-0.083280
-0.085827
-0.091983
-0.074918
-0.053447
-0.097431
-0.078274
-0.079322
-0.066998
-0.011478
-0.072768
-0.027095
-0.069523
-0.082756
-0.080783
-0.075894
-0.027966
-0.050935
-0.077406
-0.058320
-0.076637
-0.100268
-0.098557
-0.099381
-0.089967
-0.083475
-0.105440
-0.087899
-0.093552
-0.082530
-0.066956
-0.081097
-0.092268
-0.104144
-0.097464
-0.079057
-0.096732
-0.107612
-0.103027
-0.095612
-0.095107
-0.105474
-0.100486
-0.108598
-0.107273
-0.105749
-0.108305
-0.107300
-0.107753
-0.106730
-0.109022
-0.106899
-0.106594
-0.108314
-0.108041
-0.107806
-0.106450
-0.106721
-0.107009
-0.108967
-0.105966
-0.107472
-0.108394
-0.109538
-0.107899
-0.106823
-0.108266
-0.104751
-0.103227
-0.103596
-0.105153
-0.107085
-0.102823
-0.106413
-0.104649
-0.103745
-0.106923
-0.106725
-0.101808
-0.103858
-0.109542
-0.106856
-0.109099
-0.107358
-0.106883
-0.107816
-0.101158
-0.105510
-0.105542
-0.102710
-0.104505
-0.103772
-0.105728
2.748306
0.655209
0.062096
-0.076542
-0.091808
-0.069178
-0.097951
-0.100176
-0.094696
-0.075589
-0.096272
-0.095254
-0.071214
-0.073614
-0.097545
-0.051737
-0.058354
-0.049163
-0.010548
-0.078014
-0.055248
-0.081043
-0.056870
-0.015436
0.008658
-0.084818
-0.055848
-0.074890
-0.081566
-0.067066
-0.066904
-0.056962
-0.068654
-0.103966
-0.099457
-0.086957
-0.056826
-0.037771
-0.101614
-0.098024
-0.089233
-0.087118
-0.094094
-0.085768
-0.102592
-0.106709
-0.097098
-0.102241
-0.103193
-0.106196
-0.106302
-0.106823
-0.104089
-0.106741
-0.108816
-0.107668
-0.110305
-0.108285
-0.106529
-0.109355
-0.105681
-0.106851
-0.106558
-0.107438
-0.110265
-0.106977
-0.108594
-0.109224
-0.109715
-0.110149
-0.109613
-0.108074
-0.108984
-0.109325
-0.104968
-0.104252
-0.106699
-0.108290
-0.103064
-0.104547
-0.104919
-0.107423
-0.105168
-0.107003
-0.100452
-0.101246
-0.101712
-0.103679
-0.105043
-0.106787
-0.106048
-0.104885
-0.102932
-0.103254
-0.109947
-0.105495
-0.102254
-0.103765
-0.103283
-0.100508
0.027920
0.798267
-0.074008
-0.077814
-0.046723
-0.063137
-0.043403
-0.075775
-0.098812
-0.101639
-0.098007
-0.103347
-0.089983
-0.096403
-0.095163
-0.101210
-0.094268
-0.106448
-0.094917
-0.101073
-0.099130
-0.108943
-0.095826
-0.098446
-0.098174
-0.101791
-0.104451
-0.095860
-0.106870
-0.104788
-0.100951
-0.104209
-0.106444
-0.101043
-0.105773
-0.104982
-0.103322
-0.106368
-0.108712
-0.105602
-0.108949
-0.106459
-0.104605
-0.109767
-0.109351
-0.110568
-0.108159
-0.108407
-0.108687
-0.109172
-0.109374
-0.109625
-0.110536
-0.109225
-0.109083
-0.109553
-0.108050
-0.107628
-0.109908
-0.107402
-0.106433
-0.106800
-0.108321
-0.109200
-0.109209
-0.109392
-0.107995
-0.109188
-0.110729
-0.110340
-0.110177
-0.109980
-0.109631
-0.110045
-0.110714
-0.110076
-0.109734
-0.109838
-0.109494
-0.109347
-0.110190
-0.109388
-0.109146
-0.110303
-0.109178
-0.110539
-0.110074
-0.110157
-0.109434
-0.110009
-0.109167
-0.110572
-0.110604
-0.109568
-0.109734
-0.109999
-0.109400
-0.110066
-0.110764
-0.109532
-0.005370
1.823787
-0.027407
0.099434
0.057939
-0.050073
0.071523
-0.023448
-0.052595
-0.085333
-0.080515
-0.092582
-0.038987
-0.081650
-0.075366
-0.061616
-0.083377
-0.066019
-0.059142
-0.088428
-0.090606
-0.100015
-0.108198
-0.031852
-0.038581
-0.086934
-0.075507
-0.062662
-0.085662
-0.101620
-0.093647
-0.104111
-0.089365
-0.083352
-0.081506
-0.086952
-0.070759
-0.089059
-0.089253
-0.095470
-0.096551
-0.101763
-0.098879
-0.099714
-0.106933
-0.102354
-0.097486
-0.106620
-0.101344
-0.105393
-0.104815
-0.106354
-0.109211
-0.106079
-0.100892
-0.109673
-0.102315
-0.100483
-0.109678
-0.104023
-0.100718
-0.102046
-0.100343
-0.104299
-0.106766
-0.106092
-0.101936
-0.105260
-0.108138
-0.106585
-0.107086
-0.107182
-0.105791
-0.109176
-0.107940
-0.107455
-0.108926
-0.108126
-0.100856
-0.110103
-0.105218
-0.105920
-0.106615
-0.105493
-0.103226
-0.107924
-0.108172
-0.108771
-0.104764
-0.107921
-0.105249
-0.107442
-0.108850
-0.105265
-0.105287
-0.106193
-0.105107
-0.109119
-0.106554
-0.107781
0.068784
0.476220
-0.057450
-0.047138
-0.070537
-0.078742
-0.082563
-0.088797
-0.105504
-0.105594
-0.101861
-0.099244
-0.107361
-0.102757
-0.101535
-0.096148
-0.079159
-0.103886
-0.093521
-0.079637
-0.101530
-0.097861
-0.098738
-0.085925
-0.103970
-0.101905
-0.094453
-0.106577
-0.095814
-0.101255
-0.109833
-0.107076
-0.096657
-0.107367
-0.104947
-0.105308
-0.108082
-0.105901
-0.100961
-0.103179
-0.107627
-0.107824
-0.098404
-0.110452
-0.107639
-0.107896
-0.106767
-0.106968
-0.107865
-0.108015
-0.110343
-0.110094
-0.109681
-0.108284
-0.109092
-0.110425
-0.107424
-0.108260
-0.109662
-0.108930
-0.107861
-0.107375
-0.107287
-0.108926
-0.109846
-0.109050
-0.108611
-0.109500
-0.109922
-0.109567
-0.108861
-0.110263
-0.109440
-0.109657
-0.109049
-0.108723
-0.109298
-0.108424
-0.108327
-0.108092
-0.110020
-0.108132
-0.109655
-0.109124
-0.107889
-0.109071
-0.109534
-0.109264
-0.110526
-0.108717
-0.109575
-0.109475
-0.109846
-0.107857
-0.108954
-0.109475
-0.109900
-0.108190
-0.110294
-0.110706
-1.854242
0.217212
-1.254891
-2.370289
-0.110930
-0.110935
-0.179170
0.175321
0.284741
-0.541874
-0.110930
-0.110937
3.102167
0.161442
3.582265
2.716529
-0.110930
-0.110936
-0.037061
0.632470
1.207213
-1.166842
-0.110931
-0.110936
-0.161657
0.335727
0.579350
-0.990324
-0.110932
-0.110935
-0.315668
0.878695
1.327875
-2.011612
-0.110931
-0.110935
8.428035
0.581889
9.264291
7.272619
-0.110933
-0.110937
1.631897
0.041447
0.057752
-0.100492
-0.085916
-0.091071
-0.107841
-0.100294
-0.103632
-0.108073
-0.107026
-0.104363
-0.107825
-0.108908
-0.100701
-0.106834
-0.103383
-0.108274
-0.108410
-0.105870
-0.108291
-0.108169
-0.107741
-0.108082
-0.110148
-0.106614
-0.108918
-0.108525
-0.106995
-0.101489
-0.110595
-0.109516
-0.104013
-0.108096
-0.108567
-0.108695
-0.109500
-0.109206
-0.109218
-0.109777
-0.109407
-0.109691
-0.108752
-0.109453
-0.109369
-0.108886
-0.109618
-0.110605
-0.109198
-0.108967
-0.109929
-0.109435
-0.109740
-0.109628
-0.109876
-0.109494
-0.109644
-0.110020
-0.109422
-0.108133
-0.110715
-0.109884
-0.109033
-0.110522
-0.109617
-0.109225
-0.109660
-0.109933
-0.109663
-0.109855
-0.109822
-0.109883
-0.109512
-0.110074
-0.110044
-0.109729
-0.110228
-0.109924
-0.109560
-0.109589
-0.110117
-0.109905
-0.110034
-0.109967
-0.109920
-0.109958
-0.109849
-0.109990
-0.109880
-0.109857
-0.110706
-0.109778
-0.109698
-0.109850
-0.109783
-0.109731
-0.110080
-0.110239
-0.109852
-0.110021
-0.042032
0.076357
-0.048351
-0.079464
-0.104844
-0.106595
-0.097667
-0.101854
-0.106587
-0.105488
-0.107919
-0.108273
-0.107377
-0.098801
-0.106133
-0.109746
-0.106514
-0.103975
-0.106449
-0.107115
-0.107569
-0.107757
-0.109422
-0.109759
-0.108936
-0.110034
-0.109625
-0.109243
-0.110576
-0.105998
-0.107870
-0.109526
-0.104749
-0.109337
-0.110255
-0.109295
-0.108779
-0.109531
-0.110450
-0.109936
-0.109898
-0.109889
-0.109951
-0.108981
-0.109235
-0.110487
-0.109741
-0.109425
-0.110310
-0.109446
-0.109727
-0.109676
-0.110036
-0.110267
-0.109840
-0.109935
-0.109995
-0.110255
-0.109816
-0.109397
-0.110269
-0.109887
-0.109316
-0.110672
-0.110468
-0.110009
-0.110023
-0.110185
-0.110522
-0.110188
-0.110021
-0.110066
-0.110171
-0.110304
-0.109923
-0.110490
-0.110256
-0.110020
-0.110320
-0.110181
-0.110083
-0.110235
-0.110346
-0.110378
-0.110227
-0.110215
-0.110320
-0.110398
-0.110258
-0.110348
-0.110504
-0.110164
-0.110338
-0.110319
-0.110227
-0.110350
-0.110127
-0.110401
-0.110452
-0.110203
3.102373
0.022091
0.020922
-0.090540
-0.088574
-0.093895
-0.099901
-0.102430
-0.106824
-0.108986
-0.108919
-0.106383
-0.105389
-0.104147
-0.108398
-0.106526
-0.107564
-0.105556
-0.108828
-0.105221
-0.108973
-0.107255
-0.107822
-0.108796
-0.109369
-0.109481
-0.109215
-0.107546
-0.107611
-0.103357
-0.110419
-0.110137
-0.104863
-0.109477
-0.109978
-0.107445
-0.109489
-0.110136
-0.110633
-0.110259
-0.110075
-0.109264
-0.110089
-0.109140
-0.109536
-0.109296
-0.110069
-0.109422
-0.110490
-0.109305
-0.109928
-0.110057
-0.110279
-0.110533
-0.110279
-0.110093
-0.110105
-0.109952
-0.110073
-0.109387
-0.110073
-0.110243
-0.109564
-0.110398
-0.110265
-0.109917
-0.110241
-0.110593
-0.110536
-0.110282
-0.110244
-0.110240
-0.110415
-0.110491
-0.110318
-0.110515
-0.110681
-0.110421
-0.110431
-0.110377
-0.110488
-0.110701
-0.110532
-0.110715
-0.110482
-0.110465
-0.110540
-0.110776
-0.110495
-0.110629
-0.110688
-0.110471
-0.110279
-0.110386
-0.110326
-0.110641
-0.110355
-0.110836
-0.110564
-0.110534
-0.036953
0.375081
0.080981
-0.075827
-0.103708
-0.099414
-0.106463
-0.109589
-0.109021
-0.108602
-0.108935
-0.110221
-0.110333
-0.109626
-0.109319
-0.109848
-0.110409
-0.110070
-0.109787
-0.109491
-0.110136
-0.110437
-0.109695
-0.109465
-0.109751
-0.110495
-0.109690
-0.108950
-0.107969
-0.097450
-0.104488
-0.107808
-0.099829
-0.106213
-0.108736
-0.109240
-0.110100
-0.110562
-0.110433
-0.110334
-0.110516
-0.110767
-0.110647
-0.110448
-0.110415
-0.110714
-0.110787
-0.110570
-0.110388
-0.110668
-0.110765
-0.110794
-0.110529
-0.110465
-0.110620
-0.110893
-0.110557
-0.110496
-0.110454
-0.109465
-0.108009
-0.110116
-0.109279
-0.108693
-0.109786
-0.110571
-0.110702
-0.110570
-0.110449
-0.110534
-0.110780
-0.110764
-0.110538
-0.110515
-0.110616
-0.110883
-0.110397
-0.110627
-0.110368
-0.110569
-0.110463
-0.110773
-0.110639
-0.110629
-0.110723
-0.110781
-0.110627
-0.110616
-0.110609
-0.110706
-0.109894
-0.110002
-0.109986
-0.110290
-0.110061
-0.110690
-0.110800
-0.110493
-0.110471
-0.110620
-0.059447
0.174450
0.000433
-0.070563
-0.090942
-0.076509
-0.089500
-0.093993
-0.097559
-0.099781
-0.100399
-0.101200
-0.102330
-0.103289
-0.103909
-0.104223
-0.104331
-0.105161
-0.105892
-0.105924
-0.105970
-0.106306
-0.106901
-0.107471
-0.107750
-0.107482
-0.107763
-0.105690
-0.107477
-0.105942
-0.103024
-0.106670
-0.099057
-0.106562
-0.108322
-0.104324
-0.106950
-0.107627
-0.108017
-0.108041
-0.107842
-0.107918
-0.108178
-0.108421
-0.108353
-0.108262
-0.108412
-0.108620
-0.108773
-0.108611
-0.108612
-0.108735
-0.108884
-0.108940
-0.108793
-0.108619
-0.108857
-0.108325
-0.108737
-0.108613
-0.107621
-0.108757
-0.108677
-0.109574
-0.109857
-0.109208
-0.109485
-0.109709
-0.109724
-0.109606
-0.109481
-0.109534
-0.109695
-0.109821
-0.109499
-0.109585
-0.109851
-0.109575
-0.109896
-0.109445
-0.109802
-0.109758
-0.109620
-0.109872
-0.109730
-0.109684
-0.109823
-0.110048
-0.109688
-0.109781
-0.110259
-0.109584
-0.110303
-0.109625
-0.110077
-0.109917
-0.109557
-0.109988
-0.109968
-0.109840
0.093428
0.522857
0.165468
-0.026476
-0.095972
-0.098718
-0.101359
-0.099100
-0.102399
-0.104242
-0.104310
-0.103980
-0.104839
-0.106154
-0.106653
-0.106378
-0.106169
-0.106957
-0.107788
-0.107702
-0.107294
-0.107426
-0.108501
-0.108804
-0.108492
-0.107452
-0.107893
-0.105093
-0.107782
-0.094918
-0.099016
-0.106515
-0.092210
-0.108169
-0.107557
-0.107757
-0.107854
-0.107949
-0.108951
-0.109220
-0.108724
-0.108612
-0.109009
-0.109415
-0.109213
-0.108883
-0.109056
-0.109326
-0.109675
-0.109240
-0.109169
-0.109393
-0.109681
-0.109549
-0.109246
-0.109218
-0.109664
-0.109645
-0.110323
-0.108776
-0.105658
-0.108380
-0.108994
-0.107745
-0.110140
-0.109270
-0.109492
-0.109772
-0.110146
-0.110014
-0.109711
-0.109759
-0.110022
-0.110127
-0.109697
-0.109720
-0.110277
-0.109625
-0.110492
-0.109412
-0.110239
-0.110048
-0.109889
-0.110046
-0.109926
-0.109962
-0.110096
-0.110250
-0.109679
-0.109390
-0.109922
-0.109029
-0.110547
-0.109264
-0.110006
-0.109994
-0.109735
-0.110158
-0.110290
-0.110037
