-2.828354
0.895976
-0.380069
-4.701783
-0.111068
-0.111071
0.622720
0.255941
1.593107
-0.374492
-0.111069
-0.111070
2.505092
1.001136
4.473425
0.408478
-0.111070
-0.111073
-0.154352
1.446744
2.062636
-2.537048
-0.111069
-0.111074
-0.012929
2.329561
3.633666
-4.197086
-0.111069
-0.111074
-0.088609
0.584809
1.066560
-1.330771
-0.111070
-0.111073
13.808110
-0.109727
13.810318
13.805742
-0.111069
-0.111074
9.832579
2.458103
13.033557
5.291856
-0.111070
-0.111074
2.594931
0.363131
0.003238
-0.031001
-0.071038
-0.052455
-0.032330
-0.057332
-0.051704
-0.028307
0.129890
-0.088913
-0.007234
0.061370
0.032235
-0.032973
-0.033035
-0.079372
-0.033664
-0.024942
-0.069262
-0.000691
-0.074890
-0.044474
-0.019417
0.018819
-0.058194
-0.019530
-0.069443
-0.072782
-0.075479
0.011874
-0.107131
-0.029521
-0.042718
-0.093067
-0.092315
-0.055950
-0.073961
-0.068306
-0.091500
-0.094961
-0.087085
-0.093914
-0.085858
-0.097299
-0.085809
-0.108709
-0.078079
-0.097342
-0.102334
-0.105952
-0.104714
-0.104739
-0.106435
-0.106483
-0.106134
-0.102898
-0.106571
-0.109077
-0.107243
-0.110626
-0.106518
-0.105781
-0.110494
-0.109312
-0.103286
-0.106403
-0.105268
-0.102030
-0.103329
-0.094175
-0.106488
-0.109846
-0.109856
-0.103305
-0.100415
-0.103885
-0.098341
-0.098804
-0.106234
-0.092992
-0.102878
-0.102847
-0.093930
-0.106079
-0.106053
-0.101050
-0.097781
-0.095372
-0.100456
-0.093586
-0.099790
-0.105355
-0.106825
-0.102249
-0.103259
-0.108328
-0.106709
-0.106267
0.621446
-0.107873
-0.042365
-0.064402
-0.090468
-0.091090
-0.095196
-0.065461
-0.078710
-0.054834
0.007466
-0.064087
-0.045371
-0.032970
-0.069838
-0.039559
-0.077856
-0.045686
-0.091638
-0.089155
-0.099656
-0.057403
-0.068014
-0.083871
-0.072282
-0.106363
-0.091583
-0.094504
-0.100511
-0.088400
-0.101039
-0.096892
-0.108724
-0.101574
-0.086865
-0.083774
-0.094523
-0.084403
-0.095923
-0.104229
-0.106132
-0.098816
-0.098824
-0.095245
-0.106246
-0.104845
-0.097353
-0.103359
-0.097327
-0.102598
-0.105036
-0.108355
-0.110125
-0.107280
-0.108292
-0.108957
-0.108929
-0.107588
-0.110061
-0.109136
-0.107374
-0.109611
-0.108779
-0.108247
-0.109758
-0.109602
-0.107326
-0.108369
-0.106787
-0.107704
-0.105584
-0.104261
-0.109221
-0.106723
-0.108090
-0.107281
-0.105589
-0.106983
-0.107713
-0.106922
-0.107552
-0.105577
-0.109511
-0.108680
-0.105630
-0.109457
-0.109018
-0.109744
-0.105465
-0.109563
-0.108063
-0.104705
-0.106748
-0.107114
-0.108807
-0.106564
-0.108685
-0.107748
-0.109184
-0.107680
2.494680
0.615301
0.091543
-0.091633
-0.067883
-0.067195
-0.099964
-0.083111
-0.095416
-0.107882
-0.025441
-0.064767
-0.076843
-0.037749
-0.067707
-0.064687
-0.065004
-0.098885
-0.101721
-0.076825
-0.102038
-0.036477
-0.097783
-0.086690
-0.057140
-0.039962
-0.086452
-0.068079
-0.094905
-0.074411
-0.107807
-0.064632
-0.091427
-0.072141
-0.074765
-0.094141
-0.108151
-0.076934
-0.092672
-0.095577
-0.105387
-0.098527
-0.097270
-0.099455
-0.099780
-0.103872
-0.106590
-0.106200
-0.096003
-0.108067
-0.104602
-0.110022
-0.108365
-0.105793
-0.105852
-0.107304
-0.103677
-0.101319
-0.108660
-0.109095
-0.108934
-0.107731
-0.105205
-0.105193
-0.107545
-0.106714
-0.106773
-0.107643
-0.108892
-0.103446
-0.105897
-0.101610
-0.108703
-0.109441
-0.109588
-0.105855
-0.105194
-0.107126
-0.103239
-0.102170
-0.108045
-0.101448
-0.104013
-0.107415
-0.100819
-0.108221
-0.109565
-0.105025
-0.104829
-0.104035
-0.102408
-0.103420
-0.102927
-0.109438
-0.106233
-0.103816
-0.107533
-0.106239
-0.106770
-0.108694
-0.058408
0.980788
-0.003536
-0.054773
-0.086075
-0.104874
-0.088120
-0.098729
-0.085337
-0.091141
-0.063407
-0.108594
-0.093328
-0.105437
-0.104475
-0.082041
-0.098495
-0.075616
-0.092240
-0.106283
-0.107962
-0.095503
-0.103151
-0.106588
-0.099793
-0.099899
-0.098264
-0.098649
-0.109608
-0.105353
-0.109000
-0.099634
-0.108688
-0.104895
-0.105641
-0.104580
-0.106191
-0.107150
-0.108665
-0.109291
-0.107890
-0.106826
-0.107170
-0.106229
-0.106697
-0.109715
-0.107306
-0.110086
-0.110252
-0.108567
-0.109654
-0.108486
-0.109735
-0.108756
-0.109826
-0.109008
-0.109252
-0.104024
-0.109631
-0.108054
-0.109323
-0.110239
-0.107905
-0.108496
-0.110203
-0.110073
-0.108385
-0.109804
-0.109245
-0.109445
-0.109363
-0.109702
-0.110062
-0.109270
-0.109660
-0.109339
-0.109307
-0.109934
-0.109763
-0.110516
-0.110020
-0.109936
-0.109901
-0.108544
-0.110356
-0.110958
-0.110113
-0.109979
-0.109124
-0.110300
-0.109609
-0.109573
-0.109626
-0.109458
-0.110186
-0.109447
-0.110114
-0.109821
-0.109686
-0.108576
-0.025847
1.570603
0.029489
0.137977
0.010778
-0.061936
-0.023488
-0.084231
-0.049285
-0.085715
0.008463
-0.073382
-0.054261
-0.061834
-0.071374
-0.066088
-0.099023
-0.065264
-0.053514
-0.084409
-0.073465
-0.090648
-0.088361
-0.085670
-0.100986
-0.085992
-0.080293
-0.103336
-0.089711
-0.104422
-0.095545
-0.105971
-0.087813
-0.092511
-0.097312
-0.105355
-0.099063
-0.099254
-0.095316
-0.099240
-0.097374
-0.101839
-0.105662
-0.101084
-0.101024
-0.104487
-0.102717
-0.108582
-0.102323
-0.107296
-0.104359
-0.107737
-0.109502
-0.104485
-0.108355
-0.110369
-0.106633
-0.098016
-0.107996
-0.108112
-0.107431
-0.104801
-0.103732
-0.108304
-0.106254
-0.108005
-0.106104
-0.108827
-0.104260
-0.107507
-0.110219
-0.105842
-0.107291
-0.107942
-0.107951
-0.106966
-0.108676
-0.109152
-0.109624
-0.106554
-0.109430
-0.107323
-0.106642
-0.106146
-0.110072
-0.107372
-0.106077
-0.107189
-0.107160
-0.108550
-0.106755
-0.109439
-0.108245
-0.106952
-0.107814
-0.109226
-0.107412
-0.107046
-0.107536
-0.104142
-0.088758
0.351985
-0.014755
-0.011711
-0.081077
-0.088166
-0.089352
-0.109236
-0.088198
-0.088268
-0.101330
-0.099558
-0.092530
-0.106482
-0.091841
-0.097371
-0.091453
-0.086048
-0.105969
-0.107755
-0.101468
-0.097073
-0.101983
-0.108174
-0.093310
-0.094287
-0.106093
-0.096777
-0.108856
-0.103098
-0.100943
-0.092651
-0.105679
-0.104206
-0.101171
-0.109216
-0.106966
-0.107477
-0.104848
-0.109363
-0.107027
-0.105041
-0.106879
-0.106148
-0.108403
-0.109038
-0.109236
-0.107198
-0.109136
-0.110185
-0.108939
-0.109715
-0.108867
-0.109796
-0.109520
-0.107925
-0.108812
-0.107984
-0.109941
-0.108141
-0.110296
-0.110636
-0.110709
-0.110390
-0.109708
-0.109754
-0.110586
-0.109686
-0.109698
-0.110400
-0.110492
-0.109875
-0.109018
-0.109695
-0.110190
-0.108942
-0.109402
-0.109822
-0.109681
-0.108481
-0.109370
-0.109094
-0.108520
-0.109954
-0.109637
-0.109151
-0.110085
-0.109514
-0.109075
-0.109448
-0.110205
-0.109575
-0.110263
-0.109966
-0.109795
-0.110576
-0.110751
-0.110471
-0.110090
-0.110182
-1.680153
0.134590
-1.207311
-2.053881
-0.111067
-0.111073
-0.501998
0.109129
-0.107713
-0.845111
-0.111069
-0.111073
3.262077
0.076223
3.557918
2.969954
-0.111068
-0.111075
-0.435102
0.272243
0.122474
-0.991380
-0.111069
-0.111074
-0.140936
0.494589
0.842331
-1.201750
-0.111070
-0.111072
-0.000564
0.505829
0.874353
-0.919394
-0.111069
-0.111074
8.414995
0.447829
9.255082
7.488802
-0.111070
-0.111074
1.460033
0.039816
-0.030870
-0.100050
-0.106191
-0.091328
-0.102252
-0.109364
-0.109845
-0.108367
-0.103325
-0.102132
-0.099851
-0.107601
-0.104050
-0.105903
-0.108962
-0.105101
-0.108196
-0.104539
-0.106761
-0.109733
-0.109454
-0.109064
-0.107033
-0.108755
-0.110021
-0.109486
-0.107075
-0.106229
-0.108217
-0.107342
-0.109429
-0.109651
-0.110910
-0.109033
-0.109865
-0.110019
-0.110089
-0.109834
-0.108851
-0.109708
-0.109799
-0.109756
-0.110361
-0.110449
-0.109860
-0.110935
-0.110543
-0.109867
-0.110309
-0.110673
-0.110480
-0.110232
-0.109818
-0.110794
-0.110438
-0.110942
-0.109765
-0.110222
-0.110059
-0.110310
-0.110656
-0.110134
-0.110501
-0.110265
-0.110580
-0.110398
-0.110463
-0.110448
-0.110457
-0.110585
-0.110571
-0.110364
-0.110284
-0.110664
-0.110113
-0.110366
-0.110241
-0.110271
-0.110546
-0.110447
-0.110344
-0.110197
-0.110552
-0.110709
-0.110374
-0.110324
-0.109988
-0.110422
-0.110326
-0.110677
-0.110454
-0.110431
-0.110407
-0.110471
-0.110591
-0.110381
-0.110336
-0.110485
0.281229
0.028679
-0.059187
-0.096676
-0.083262
-0.098876
-0.098001
-0.100000
-0.104259
-0.102814
-0.103827
-0.107179
-0.106989
-0.103965
-0.103336
-0.106432
-0.105772
-0.104797
-0.107287
-0.108881
-0.107296
-0.106208
-0.107358
-0.107604
-0.107597
-0.108566
-0.109152
-0.108396
-0.108243
-0.106521
-0.108161
-0.108751
-0.108491
-0.110349
-0.108837
-0.108425
-0.108650
-0.108969
-0.109005
-0.109048
-0.109277
-0.109384
-0.109299
-0.109244
-0.109659
-0.109533
-0.109108
-0.109313
-0.109618
-0.109729
-0.109486
-0.109421
-0.109466
-0.109623
-0.109825
-0.109327
-0.110035
-0.109541
-0.109249
-0.109865
-0.109489
-0.109612
-0.109905
-0.109742
-0.109804
-0.109638
-0.109736
-0.109990
-0.109854
-0.109784
-0.109879
-0.109990
-0.109903
-0.109707
-0.110290
-0.109922
-0.109693
-0.109834
-0.110036
-0.109928
-0.109800
-0.109823
-0.109872
-0.109904
-0.110085
-0.109938
-0.110027
-0.110002
-0.109675
-0.109998
-0.109971
-0.109935
-0.110237
-0.109919
-0.109857
-0.109904
-0.110017
-0.109965
-0.110047
-0.110004
3.260612
0.012751
-0.088870
-0.078362
-0.093063
-0.103894
-0.104343
-0.105384
-0.109368
-0.108210
-0.109327
-0.106117
-0.107940
-0.105595
-0.106490
-0.108261
-0.106514
-0.105064
-0.106577
-0.108631
-0.108564
-0.109225
-0.108120
-0.108981
-0.109573
-0.110282
-0.108816
-0.108473
-0.108591
-0.107179
-0.108467
-0.108485
-0.109436
-0.109642
-0.109749
-0.109580
-0.109719
-0.109534
-0.110069
-0.109419
-0.110044
-0.109385
-0.109353
-0.109441
-0.109967
-0.110113
-0.109790
-0.109989
-0.109918
-0.110622
-0.110243
-0.110258
-0.109986
-0.110081
-0.110359
-0.109945
-0.110440
-0.110377
-0.109771
-0.110223
-0.109860
-0.110599
-0.110239
-0.110162
-0.110143
-0.110121
-0.110274
-0.110317
-0.110340
-0.110174
-0.110246
-0.110245
-0.110126
-0.110164
-0.110201
-0.110192
-0.110025
-0.110125
-0.110279
-0.110287
-0.110330
-0.110180
-0.110214
-0.110292
-0.110450
-0.110420
-0.110149
-0.110370
-0.109982
-0.110270
-0.110222
-0.110352
-0.110636
-0.110244
-0.110228
-0.110254
-0.110286
-0.110304
-0.110182
-0.110220
0.212103
0.150170
-0.053331
-0.088399
-0.099417
-0.094687
-0.100771
-0.102176
-0.103357
-0.105171
-0.106430
-0.105337
-0.106070
-0.106819
-0.107018
-0.107280
-0.107314
-0.107810
-0.108242
-0.108405
-0.108368
-0.108207
-0.108755
-0.109258
-0.109676
-0.109272
-0.108283
-0.109378
-0.103316
-0.108707
-0.108896
-0.104907
-0.108484
-0.109853
-0.109911
-0.109534
-0.109412
-0.109518
-0.109544
-0.109603
-0.109604
-0.109506
-0.109587
-0.109687
-0.109686
-0.109614
-0.109641
-0.109740
-0.109791
-0.109871
-0.109745
-0.109693
-0.109824
-0.109930
-0.109772
-0.109783
-0.110344
-0.110467
-0.108782
-0.109835
-0.109789
-0.109769
-0.110115
-0.110100
-0.109948
-0.109916
-0.109930
-0.110030
-0.110084
-0.110079
-0.109999
-0.110011
-0.110082
-0.110110
-0.110084
-0.110029
-0.110072
-0.110153
-0.110138
-0.110109
-0.110082
-0.110326
-0.110072
-0.110101
-0.110374
-0.109998
-0.110157
-0.109962
-0.110082
-0.110375
-0.109860
-0.109991
-0.110284
-0.110326
-0.110173
-0.110112
-0.110138
-0.110184
-0.110189
-0.110158
-0.080174
0.268523
0.078129
-0.072538
-0.092676
-0.099128
-0.098698
-0.104435
-0.105685
-0.106333
-0.106522
-0.106719
-0.107002
-0.107943
-0.108174
-0.107851
-0.107867
-0.108475
-0.108948
-0.108804
-0.108138
-0.108557
-0.109234
-0.108818
-0.108870
-0.109993
-0.106744
-0.108546
-0.099349
-0.106586
-0.107842
-0.101801
-0.107230
-0.107898
-0.109956
-0.110343
-0.109311
-0.109490
-0.109968
-0.110153
-0.109967
-0.109801
-0.109937
-0.110214
-0.110197
-0.109978
-0.109956
-0.110172
-0.110357
-0.110192
-0.109951
-0.110075
-0.110373
-0.110249
-0.109948
-0.110074
-0.109314
-0.109486
-0.108229
-0.109766
-0.109727
-0.108616
-0.110182
-0.110402
-0.110579
-0.110247
-0.110270
-0.110436
-0.110608
-0.110499
-0.110383
-0.110394
-0.110548
-0.110608
-0.110469
-0.110390
-0.110494
-0.110647
-0.110565
-0.110426
-0.110158
-0.110771
-0.110418
-0.110335
-0.110676
-0.110067
-0.110491
-0.109943
-0.110232
-0.110578
-0.110024
-0.110308
-0.110486
-0.110816
-0.110689
-0.110447
-0.110471
-0.110636
-0.110689
-0.110554
0.003191
0.320442
-0.051070
-0.103854
-0.105498
-0.095877
-0.103605
-0.105027
-0.105626
-0.105891
-0.106487
-0.107375
-0.107702
-0.107901
-0.107875
-0.108161
-0.108487
-0.108663
-0.108458
-0.108526
-0.108800
-0.109006
-0.108834
-0.108505
-0.108325
-0.107105
-0.107795
-0.107887
-0.102427
-0.104328
-0.102397
-0.106071
-0.107969
-0.108305
-0.108531
-0.109976
-0.109936
-0.109816
-0.109770
-0.109852
-0.109934
-0.110023
-0.109956
-0.109878
-0.109937
-0.110063
-0.110086
-0.109991
-0.109948
-0.109968
-0.110127
-0.110145
-0.109972
-0.109911
-0.110097
-0.110534
-0.110707
-0.109490
-0.109397
-0.110398
-0.108901
-0.110565
-0.110303
-0.110086
-0.109828
-0.110092
-0.110168
-0.110096
-0.110026
-0.110066
-0.110147
-0.110162
-0.110109
-0.110066
-0.110112
-0.110179
-0.110153
-0.110053
-0.110091
-0.110178
-0.110317
-0.110008
-0.110367
-0.110508
-0.109874
-0.110311
-0.110291
-0.109633
-0.110132
-0.109414
-0.110600
-0.110154
-0.110063
-0.110082
-0.110173
-0.110242
-0.110220
-0.110150
-0.110135
-0.110181
