-2.560708
1.094294
0.936884
-5.200568
-0.114088
-0.114090
0.184126
0.298102
1.406043
-0.745468
-0.114086
-0.114088
2.683796
1.112004
5.111403
-0.752088
-0.114090
-0.114091
-0.210311
1.048010
1.724183
-2.069343
-0.114088
-0.114094
-0.139942
2.716202
4.936928
-4.911221
-0.114089
-0.114093
0.091377
0.660820
1.533967
-1.224923
-0.114088
-0.114093
13.653640
-0.111431
13.658233
13.650071
-0.114087
-0.114093
9.363312
2.560969
13.047812
4.951782
-0.114089
-0.114094
2.328662
0.387771
-0.012752
-0.083809
-0.073512
-0.049392
-0.024437
-0.052167
-0.027123
-0.065106
0.023211
-0.023048
-0.013433
-0.057805
0.037527
-0.041393
0.035813
-0.079142
0.040911
-0.009615
0.149981
0.054580
-0.014627
0.094445
0.152413
-0.037533
-0.077061
-0.093803
-0.023761
-0.016912
-0.041913
-0.047548
-0.070309
-0.102102
-0.083809
-0.004986
-0.040396
-0.107897
-0.044059
-0.032121
-0.076790
-0.082946
-0.078691
-0.065228
-0.065181
-0.101447
-0.083316
-0.079080
-0.085592
-0.097449
-0.102525
-0.109251
-0.109271
-0.108632
-0.109506
-0.110755
-0.111461
-0.110693
-0.104195
-0.107090
-0.101642
-0.107347
-0.108280
-0.107257
-0.106586
-0.105897
-0.104439
-0.102979
-0.110220
-0.103917
-0.108023
-0.107393
-0.103351
-0.097410
-0.110785
-0.106923
-0.110374
-0.098474
-0.105691
-0.093915
-0.100998
-0.094417
-0.085876
-0.082080
-0.103869
-0.106377
-0.108619
-0.100333
-0.099756
-0.109048
-0.107771
-0.102573
-0.106677
-0.110638
-0.106082
-0.106635
-0.098669
-0.094169
-0.104593
-0.110503
0.183371
-0.001651
-0.018044
-0.110560
-0.079437
-0.069057
-0.096962
-0.097536
-0.061277
-0.077465
-0.103897
-0.070732
-0.087406
-0.104324
-0.059530
-0.086655
-0.049386
-0.079286
-0.040815
-0.074326
-0.020051
-0.079398
-0.044921
-0.074019
-0.039869
-0.101336
-0.097692
-0.057573
-0.077384
-0.108468
-0.096838
-0.099640
-0.062857
-0.104698
-0.104900
-0.080401
-0.089197
-0.092180
-0.101360
-0.081161
-0.103336
-0.101742
-0.108268
-0.095900
-0.102305
-0.104855
-0.103696
-0.110082
-0.106396
-0.107781
-0.110160
-0.112134
-0.110956
-0.108450
-0.111609
-0.110968
-0.112758
-0.112930
-0.110881
-0.112808
-0.110820
-0.112448
-0.111586
-0.110860
-0.112300
-0.109465
-0.111254
-0.107536
-0.111724
-0.112054
-0.111520
-0.109861
-0.112300
-0.110865
-0.109039
-0.109980
-0.107870
-0.107112
-0.110573
-0.107241
-0.110739
-0.105336
-0.111018
-0.106158
-0.110522
-0.111530
-0.109012
-0.108412
-0.110199
-0.111817
-0.113253
-0.106448
-0.112652
-0.110973
-0.112826
-0.113023
-0.111044
-0.111137
-0.109265
-0.111275
2.679906
0.619052
0.067948
-0.092978
-0.108504
-0.100016
-0.078166
-0.085068
-0.089446
-0.070257
-0.088202
-0.070326
-0.059924
-0.095117
-0.085470
-0.089554
-0.056960
-0.080737
-0.037422
0.004605
0.017769
-0.031170
-0.039445
0.033445
0.046784
-0.054653
-0.059232
-0.072094
0.002801
-0.040343
-0.063667
-0.020997
-0.061154
-0.092833
-0.076835
-0.054903
-0.046696
-0.097984
-0.089892
-0.075553
-0.076245
-0.094057
-0.092922
-0.078333
-0.084966
-0.099268
-0.091797
-0.103531
-0.094638
-0.103180
-0.109370
-0.109249
-0.106572
-0.110430
-0.112408
-0.111421
-0.113892
-0.110007
-0.103934
-0.109544
-0.103035
-0.105285
-0.108409
-0.106037
-0.105751
-0.105117
-0.107804
-0.107678
-0.108055
-0.108277
-0.110311
-0.106238
-0.107174
-0.108977
-0.109323
-0.110991
-0.110624
-0.106252
-0.103677
-0.102822
-0.103872
-0.099143
-0.095932
-0.092373
-0.107013
-0.104909
-0.110508
-0.098131
-0.101083
-0.111903
-0.104261
-0.102528
-0.108807
-0.111959
-0.111060
-0.107510
-0.102725
-0.104441
-0.104782
-0.110930
-0.014499
0.687596
-0.012693
-0.066908
-0.058231
-0.084016
-0.061065
-0.079644
-0.076189
-0.089363
-0.103229
-0.099846
-0.111100
-0.109691
-0.088783
-0.088764
-0.077212
-0.105329
-0.085953
-0.090062
-0.090410
-0.107643
-0.109504
-0.089144
-0.092929
-0.103990
-0.105859
-0.106719
-0.102944
-0.100601
-0.102712
-0.104480
-0.107687
-0.110886
-0.111643
-0.101721
-0.109068
-0.110415
-0.104670
-0.105422
-0.108993
-0.107412
-0.109653
-0.105725
-0.109721
-0.109663
-0.111647
-0.113118
-0.111697
-0.113053
-0.111438
-0.112098
-0.112370
-0.111755
-0.112032
-0.112244
-0.113057
-0.113740
-0.107882
-0.112423
-0.110164
-0.111532
-0.112344
-0.112949
-0.112233
-0.111830
-0.113859
-0.112765
-0.111936
-0.113107
-0.113170
-0.113083
-0.113656
-0.113599
-0.113555
-0.111430
-0.111969
-0.111658
-0.111761
-0.112041
-0.113928
-0.112210
-0.111610
-0.112187
-0.113455
-0.113849
-0.112522
-0.113280
-0.113140
-0.112576
-0.112824
-0.112092
-0.112972
-0.112898
-0.112103
-0.112795
-0.113420
-0.112203
-0.111807
-0.113347
-0.080281
1.842943
0.031822
0.039497
0.014074
-0.013921
0.046791
-0.028486
-0.058380
-0.057325
-0.068353
-0.070443
-0.069737
-0.095081
-0.066454
-0.093402
-0.055156
-0.087313
-0.054324
-0.061679
-0.019882
-0.085603
-0.096862
-0.063604
-0.033983
-0.086686
-0.087688
-0.092353
-0.077091
-0.095163
-0.096865
-0.100594
-0.093499
-0.094091
-0.093274
-0.070123
-0.097748
-0.103464
-0.090419
-0.076970
-0.096490
-0.103097
-0.104642
-0.099885
-0.110547
-0.107739
-0.107385
-0.106856
-0.104831
-0.107708
-0.106412
-0.109147
-0.111714
-0.108185
-0.108082
-0.109998
-0.112607
-0.109913
-0.098070
-0.110514
-0.105529
-0.108428
-0.108998
-0.113027
-0.109283
-0.108372
-0.112569
-0.111588
-0.110238
-0.113325
-0.111958
-0.109724
-0.113362
-0.112010
-0.112749
-0.110820
-0.110170
-0.106378
-0.110553
-0.108684
-0.112887
-0.110472
-0.109490
-0.108614
-0.109784
-0.112357
-0.110400
-0.106388
-0.110663
-0.111531
-0.110522
-0.108986
-0.108250
-0.112205
-0.107603
-0.109470
-0.112450
-0.111418
-0.106860
-0.110624
0.087900
0.421283
-0.078299
-0.055633
-0.100148
-0.084478
-0.097966
-0.098902
-0.100513
-0.101135
-0.098302
-0.105364
-0.087790
-0.112991
-0.081785
-0.094603
-0.088655
-0.097031
-0.084920
-0.104919
-0.103464
-0.095433
-0.108878
-0.107914
-0.102665
-0.107155
-0.111236
-0.091127
-0.098445
-0.109332
-0.107778
-0.103386
-0.097765
-0.109128
-0.110538
-0.107570
-0.108455
-0.111273
-0.104898
-0.112227
-0.112510
-0.107433
-0.110455
-0.107746
-0.110636
-0.108710
-0.112796
-0.109774
-0.112738
-0.112417
-0.112884
-0.112732
-0.113162
-0.113185
-0.112578
-0.113683
-0.113634
-0.112725
-0.110015
-0.113260
-0.111758
-0.113356
-0.112097
-0.113454
-0.113400
-0.113382
-0.113301
-0.113730
-0.113135
-0.113008
-0.113677
-0.112884
-0.113834
-0.111613
-0.112904
-0.112376
-0.112613
-0.111821
-0.113401
-0.113414
-0.113233
-0.113584
-0.112768
-0.113804
-0.112495
-0.113412
-0.111809
-0.111923
-0.113272
-0.113257
-0.112585
-0.112405
-0.112627
-0.112936
-0.113093
-0.112790
-0.112889
-0.112409
-0.112981
-0.113474
-1.736937
0.151681
-1.217366
-2.043559
-0.114085
-0.114091
-0.237253
0.117545
0.065984
-0.649848
-0.114089
-0.114094
3.122022
0.107377
3.564731
2.666159
-0.114089
-0.114091
-0.117144
0.416087
0.450238
-1.068727
-0.114091
-0.114093
-0.101262
0.375274
0.681878
-0.860012
-0.114089
-0.114093
0.099669
0.500407
1.160718
-0.919949
-0.114089
-0.114093
8.352794
0.534827
9.313007
7.471054
-0.114088
-0.114094
1.510328
0.037456
-0.018337
-0.063979
-0.104308
-0.098440
-0.104508
-0.110562
-0.112330
-0.106563
-0.111225
-0.112326
-0.108037
-0.112298
-0.109906
-0.111830
-0.109956
-0.113137
-0.110095
-0.112947
-0.112965
-0.111363
-0.113642
-0.112302
-0.112847
-0.112410
-0.113180
-0.109951
-0.108944
-0.110621
-0.113088
-0.110697
-0.110252
-0.111258
-0.113103
-0.112317
-0.112926
-0.113684
-0.113698
-0.113089
-0.113527
-0.113754
-0.113238
-0.113667
-0.113584
-0.113718
-0.113331
-0.113906
-0.113363
-0.113791
-0.113852
-0.113591
-0.113933
-0.113571
-0.114050
-0.113848
-0.113790
-0.113321
-0.112972
-0.113484
-0.113697
-0.113263
-0.113267
-0.113391
-0.113751
-0.113617
-0.113694
-0.113914
-0.113958
-0.113742
-0.113912
-0.113891
-0.113830
-0.113961
-0.113880
-0.113928
-0.113777
-0.113928
-0.113810
-0.113967
-0.113934
-0.113888
-0.114015
-0.113765
-0.113939
-0.113960
-0.113774
-0.113843
-0.113700
-0.113847
-0.113821
-0.113861
-0.113684
-0.113886
-0.113855
-0.113837
-0.113956
-0.113901
-0.114056
-0.113977
0.010384
0.045369
-0.098594
-0.092340
-0.103252
-0.102485
-0.111309
-0.110673
-0.110586
-0.108717
-0.109382
-0.109426
-0.107653
-0.104119
-0.113035
-0.111809
-0.111740
-0.106115
-0.108513
-0.110256
-0.109607
-0.113552
-0.112850
-0.112419
-0.112201
-0.113789
-0.113422
-0.112806
-0.112471
-0.109717
-0.112753
-0.109927
-0.112461
-0.113792
-0.113053
-0.113407
-0.113195
-0.112794
-0.113572
-0.113048
-0.112550
-0.112351
-0.112616
-0.112859
-0.112856
-0.113090
-0.113380
-0.113108
-0.113959
-0.113568
-0.113575
-0.113371
-0.113522
-0.113550
-0.113675
-0.113421
-0.113309
-0.113400
-0.113370
-0.112632
-0.113619
-0.113848
-0.113686
-0.113440
-0.113622
-0.113567
-0.113542
-0.113724
-0.113462
-0.113740
-0.113850
-0.113975
-0.113438
-0.113296
-0.113676
-0.113794
-0.113669
-0.113216
-0.113391
-0.113598
-0.113481
-0.113431
-0.113576
-0.113649
-0.113558
-0.113626
-0.113715
-0.113546
-0.113694
-0.113904
-0.113602
-0.113360
-0.113673
-0.113780
-0.113560
-0.113491
-0.113600
-0.113682
-0.113631
-0.113371
3.121544
0.003196
-0.026636
-0.068218
-0.097977
-0.098882
-0.108150
-0.112819
-0.111151
-0.111582
-0.110133
-0.110387
-0.107167
-0.108133
-0.107025
-0.108178
-0.108310
-0.110021
-0.110222
-0.112925
-0.111931
-0.113314
-0.113134
-0.113885
-0.112297
-0.111347
-0.111817
-0.111580
-0.108939
-0.111966
-0.113818
-0.110895
-0.111175
-0.110606
-0.113293
-0.112869
-0.113659
-0.113985
-0.113771
-0.113480
-0.113742
-0.113306
-0.112948
-0.113386
-0.112665
-0.113371
-0.112879
-0.113739
-0.113546
-0.113842
-0.113604
-0.113877
-0.113771
-0.113796
-0.113840
-0.113407
-0.113878
-0.113622
-0.113012
-0.113525
-0.113733
-0.113480
-0.113430
-0.113275
-0.113786
-0.113511
-0.113848
-0.113863
-0.113703
-0.114064
-0.113854
-0.113872
-0.113593
-0.113664
-0.113737
-0.113623
-0.113777
-0.113856
-0.113780
-0.113948
-0.113921
-0.113833
-0.113969
-0.113987
-0.113732
-0.113473
-0.113847
-0.113848
-0.113595
-0.114006
-0.113903
-0.113619
-0.113855
-0.113590
-0.113707
-0.113942
-0.113774
-0.113949
-0.113843
-0.113756
-0.113265
0.234969
0.007646
-0.090771
-0.083640
-0.094737
-0.098607
-0.100851
-0.102533
-0.103052
-0.105189
-0.105677
-0.107150
-0.107582
-0.107964
-0.108245
-0.108670
-0.108843
-0.109053
-0.109878
-0.109858
-0.110445
-0.110514
-0.110538
-0.111075
-0.111193
-0.112159
-0.111364
-0.106058
-0.101618
-0.107955
-0.101517
-0.110975
-0.109781
-0.110831
-0.111193
-0.110945
-0.111212
-0.111340
-0.111425
-0.111416
-0.111452
-0.111457
-0.111528
-0.111571
-0.111661
-0.111674
-0.111741
-0.111794
-0.111787
-0.111702
-0.111827
-0.111703
-0.111851
-0.111801
-0.111733
-0.111620
-0.111286
-0.112441
-0.112144
-0.113228
-0.111759
-0.111784
-0.112419
-0.112433
-0.112265
-0.112399
-0.112363
-0.112318
-0.112362
-0.112365
-0.112393
-0.112395
-0.112413
-0.112418
-0.112405
-0.112442
-0.112405
-0.112388
-0.112278
-0.112752
-0.112331
-0.112799
-0.112319
-0.112423
-0.112529
-0.112608
-0.112818
-0.111793
-0.112477
-0.111845
-0.112268
-0.112579
-0.112436
-0.112382
-0.112472
-0.112425
-0.112431
-0.112468
-0.112442
-0.099977
0.220728
-0.038709
-0.097918
-0.095877
-0.096359
-0.102416
-0.106697
-0.107881
-0.108427
-0.109505
-0.109762
-0.109990
-0.110445
-0.110644
-0.111016
-0.111231
-0.111423
-0.111680
-0.111634
-0.111833
-0.111954
-0.112034
-0.112368
-0.112732
-0.112968
-0.111966
-0.109666
-0.107950
-0.107278
-0.111500
-0.109668
-0.109469
-0.111025
-0.113187
-0.112432
-0.113089
-0.112885
-0.112853
-0.112987
-0.112881
-0.112941
-0.112980
-0.112984
-0.113030
-0.113019
-0.113050
-0.113076
-0.113042
-0.113098
-0.113142
-0.113062
-0.113230
-0.113129
-0.113092
-0.112720
-0.113276
-0.113421
-0.112496
-0.112300
-0.112631
-0.112075
-0.113806
-0.113583
-0.113098
-0.113403
-0.113251
-0.113302
-0.113345
-0.113310
-0.113351
-0.113358
-0.113361
-0.113367
-0.113380
-0.113394
-0.113373
-0.113369
-0.113430
-0.113399
-0.113185
-0.113719
-0.113182
-0.113386
-0.113479
-0.113517
-0.113367
-0.113240
-0.113587
-0.112840
-0.113861
-0.113495
-0.113276
-0.113358
-0.113517
-0.113397
-0.113442
-0.113459
-0.113440
-0.113453
0.098880
0.288179
0.041591
-0.088544
-0.089925
-0.097017
-0.111587
-0.113500
-0.112689
-0.112891
-0.113508
-0.112761
-0.113328
-0.113273
-0.113254
-0.113747
-0.113284
-0.113431
-0.114023
-0.113415
-0.113559
-0.113596
-0.113195
-0.113829
-0.113116
-0.112397
-0.111742
-0.111829
-0.105127
-0.104533
-0.111747
-0.106010
-0.108524
-0.112699
-0.111979
-0.112523
-0.113533
-0.113778
-0.113834
-0.113745
-0.113899
-0.113891
-0.113859
-0.114001
-0.113909
-0.113885
-0.114015
-0.113864
-0.113903
-0.114035
-0.113731
-0.113899
-0.113775
-0.113893
-0.113782
-0.113851
-0.113660
-0.113409
-0.112137
-0.111863
-0.113061
-0.112232
-0.113032
-0.113660
-0.113580
-0.113595
-0.113792
-0.114050
-0.113878
-0.113970
-0.114005
-0.113917
-0.114052
-0.113965
-0.113994
-0.114038
-0.113974
-0.114007
-0.113954
-0.113955
-0.113671
-0.113650
-0.113634
-0.113894
-0.113812
-0.114045
-0.113887
-0.113724
-0.113190
-0.113232
-0.113373
-0.113465
-0.113773
-0.113961
-0.113835
-0.113951
-0.113952
-0.114029
-0.114027
-0.113990
