-2.790303
0.873695
-0.071828
-5.605692
-0.116838
-0.116838
0.566505
0.197642
1.327603
-0.218123
-0.116838
-0.116839
2.419352
0.799894
4.282834
0.690404
-0.116838
-0.116842
-0.183656
1.289851
2.008988
-2.365490
-0.116838
-0.116844
-0.253845
2.208860
3.336751
-3.893529
-0.116838
-0.116843
0.021337
0.592397
1.138781
-1.237578
-0.116839
-0.116843
13.780088
-0.115021
13.783339
13.777989
-0.116836
-0.116842
9.620889
2.032708
12.389018
5.550697
-0.116839
-0.116843
2.552595
0.272577
-0.003269
-0.094191
-0.076337
-0.088227
-0.084284
-0.007175
-0.073567
-0.040962
-0.106836
-0.098168
-0.022288
0.080829
-0.070621
-0.042613
-0.001988
0.026044
-0.020414
-0.044550
0.020096
-0.014239
-0.003618
-0.034179
0.065814
-0.036120
-0.000455
-0.027762
-0.022055
-0.084604
0.010173
-0.077978
-0.057851
-0.071023
-0.072570
-0.043098
-0.070242
-0.043173
-0.071559
-0.056590
-0.059676
-0.047372
-0.075397
-0.082189
-0.034786
-0.089910
-0.068335
-0.093151
-0.083667
-0.098482
-0.079798
-0.092560
-0.107733
-0.096294
-0.106450
-0.093763
-0.113226
-0.109761
-0.106348
-0.111624
-0.111273
-0.113304
-0.110494
-0.111688
-0.113155
-0.112515
-0.114407
-0.114305
-0.114104
-0.111475
-0.113789
-0.113654
-0.116538
-0.113227
-0.114703
-0.109930
-0.115759
-0.112965
-0.111765
-0.112553
-0.110930
-0.110025
-0.115499
-0.112481
-0.108315
-0.103562
-0.105003
-0.101699
-0.114759
-0.097939
-0.108192
-0.096403
-0.099637
-0.111932
-0.104188
-0.112537
-0.102439
-0.096394
-0.115358
-0.109508
0.564530
-0.066213
-0.035078
-0.090333
-0.092367
-0.093924
-0.080236
-0.045718
-0.089150
-0.092247
-0.097861
-0.102697
-0.087089
-0.022668
-0.103901
-0.066317
-0.061404
-0.074725
-0.085201
-0.073076
-0.068953
-0.091527
-0.081963
-0.083571
-0.090764
-0.105528
-0.107866
-0.097449
-0.094560
-0.107619
-0.096685
-0.112260
-0.114538
-0.101295
-0.108367
-0.114053
-0.112636
-0.102464
-0.103767
-0.107830
-0.110247
-0.106969
-0.109593
-0.107884
-0.112486
-0.106250
-0.104450
-0.110040
-0.102422
-0.109924
-0.104457
-0.111542
-0.104858
-0.112632
-0.107711
-0.109823
-0.114703
-0.111959
-0.116391
-0.114358
-0.115254
-0.114308
-0.115136
-0.116091
-0.116212
-0.115499
-0.114336
-0.115245
-0.114522
-0.115259
-0.115263
-0.116506
-0.113352
-0.114354
-0.113426
-0.115838
-0.115498
-0.115502
-0.113299
-0.116127
-0.113221
-0.114933
-0.116380
-0.113994
-0.114471
-0.112091
-0.116385
-0.110447
-0.113657
-0.112484
-0.112810
-0.114920
-0.113571
-0.114967
-0.115302
-0.111953
-0.115287
-0.115023
-0.115205
-0.116202
2.412427
0.482620
-0.009939
-0.099792
-0.097531
-0.092647
-0.085069
-0.097841
-0.089470
-0.102277
-0.108121
-0.107201
-0.081441
-0.071757
-0.086895
-0.102454
-0.081563
-0.081460
-0.079251
-0.070029
-0.048965
-0.101145
-0.061581
-0.077001
-0.035315
-0.096289
-0.059342
-0.082697
-0.067095
-0.088778
-0.067178
-0.090656
-0.086596
-0.099378
-0.098355
-0.094444
-0.101322
-0.083327
-0.098862
-0.081129
-0.089725
-0.087907
-0.102293
-0.105833
-0.086193
-0.098469
-0.098220
-0.112123
-0.102808
-0.103829
-0.102835
-0.112776
-0.116077
-0.109116
-0.112255
-0.113144
-0.114316
-0.115223
-0.112063
-0.115869
-0.115316
-0.115272
-0.112975
-0.114595
-0.116358
-0.114329
-0.113849
-0.114016
-0.112129
-0.115076
-0.115070
-0.115794
-0.114986
-0.115661
-0.114977
-0.114256
-0.114700
-0.116253
-0.114443
-0.116237
-0.114434
-0.116022
-0.115379
-0.113257
-0.111486
-0.114162
-0.110075
-0.107422
-0.113803
-0.112629
-0.112537
-0.106433
-0.109929
-0.112965
-0.114535
-0.115182
-0.110858
-0.110833
-0.112947
-0.115224
-0.043994
0.865146
-0.008086
-0.085723
-0.078135
-0.100155
-0.082717
-0.063335
-0.105866
-0.107189
-0.114185
-0.110607
-0.111063
-0.089677
-0.105999
-0.114116
-0.095052
-0.109956
-0.110774
-0.084588
-0.110098
-0.108675
-0.096263
-0.116545
-0.096542
-0.107004
-0.115701
-0.102140
-0.109288
-0.111482
-0.102820
-0.103733
-0.109134
-0.113722
-0.115850
-0.110949
-0.110942
-0.107571
-0.110377
-0.110319
-0.110888
-0.115210
-0.114255
-0.110531
-0.113576
-0.112866
-0.112653
-0.113284
-0.111271
-0.112235
-0.113380
-0.113112
-0.116422
-0.116425
-0.115367
-0.114001
-0.115966
-0.116311
-0.115899
-0.115244
-0.113995
-0.113475
-0.114618
-0.115705
-0.113910
-0.114154
-0.113335
-0.115147
-0.114457
-0.111425
-0.114485
-0.115265
-0.115230
-0.113845
-0.114086
-0.115105
-0.115376
-0.115073
-0.115277
-0.115291
-0.115115
-0.115458
-0.115910
-0.115179
-0.114447
-0.114541
-0.113852
-0.114795
-0.115231
-0.114515
-0.115362
-0.114591
-0.115177
-0.115430
-0.114371
-0.115062
-0.116221
-0.116459
-0.114834
-0.114940
0.029842
1.495761
0.085615
-0.038806
-0.020905
-0.034931
-0.072803
-0.027004
-0.097595
-0.102607
-0.104074
-0.105555
-0.088793
-0.062651
-0.081442
-0.099370
-0.086015
-0.078437
-0.074304
-0.072356
-0.063423
-0.110476
-0.095143
-0.088822
-0.061348
-0.101880
-0.086743
-0.086139
-0.092853
-0.112526
-0.086705
-0.101661
-0.098585
-0.114492
-0.110730
-0.110082
-0.103926
-0.103700
-0.103863
-0.101250
-0.102743
-0.108641
-0.104931
-0.102567
-0.096887
-0.106074
-0.110393
-0.112267
-0.105824
-0.108305
-0.106303
-0.111680
-0.114044
-0.110950
-0.115433
-0.111641
-0.113226
-0.115048
-0.116157
-0.114883
-0.113375
-0.112355
-0.113652
-0.114937
-0.113487
-0.113211
-0.111955
-0.113654
-0.112729
-0.108292
-0.113860
-0.115013
-0.115611
-0.112880
-0.112624
-0.115762
-0.115162
-0.114620
-0.114902
-0.114420
-0.114181
-0.114843
-0.114836
-0.115830
-0.112538
-0.114246
-0.113835
-0.111354
-0.113976
-0.112440
-0.115661
-0.113183
-0.115787
-0.115319
-0.111600
-0.115635
-0.116084
-0.115512
-0.112529
-0.114670
0.019249
0.376110
-0.083996
-0.092787
-0.085786
-0.092756
-0.112911
-0.103606
-0.103132
-0.105454
-0.101430
-0.113684
-0.108057
-0.095502
-0.107140
-0.104940
-0.112399
-0.104765
-0.110771
-0.102131
-0.109304
-0.110066
-0.099299
-0.097388
-0.104486
-0.106510
-0.106565
-0.109389
-0.113034
-0.106666
-0.096985
-0.111655
-0.110652
-0.105962
-0.109019
-0.110295
-0.109815
-0.109387
-0.105244
-0.116175
-0.111890
-0.111868
-0.113979
-0.108323
-0.110806
-0.116331
-0.112326
-0.114238
-0.115070
-0.114076
-0.114329
-0.115304
-0.115495
-0.115125
-0.114847
-0.116100
-0.115662
-0.114984
-0.116310
-0.115883
-0.116406
-0.116042
-0.116294
-0.116183
-0.116388
-0.115900
-0.114827
-0.115854
-0.114959
-0.115248
-0.116048
-0.116571
-0.116063
-0.116502
-0.116625
-0.115958
-0.116538
-0.116336
-0.116650
-0.116147
-0.115824
-0.116403
-0.116627
-0.116498
-0.115840
-0.116426
-0.115999
-0.116145
-0.115778
-0.116024
-0.115693
-0.115911
-0.115086
-0.116233
-0.115401
-0.114932
-0.115935
-0.114575
-0.116111
-0.116410
-1.651193
0.727299
0.815292
-3.462340
-0.116834
-0.116831
-0.354541
0.252613
0.442285
-0.816230
-0.116835
-0.116841
3.233580
0.414301
4.376823
1.923426
-0.116838
-0.116839
-0.140216
0.628422
0.982581
-1.761621
-0.116841
-0.116839
-0.110041
0.631505
1.543335
-1.651678
-0.116838
-0.116839
0.130168
0.494414
1.687323
-0.672823
-0.116834
-0.116836
8.313478
1.064743
10.633738
5.997687
-0.116838
-0.116841
1.416809
0.006829
0.165898
0.194016
0.126321
0.137391
0.007758
-0.073245
-0.110842
-0.105064
-0.108957
-0.058205
-0.082990
-0.079724
-0.084656
-0.060970
-0.114506
-0.069121
-0.109194
-0.079235
-0.091148
-0.093933
-0.106852
-0.086719
-0.116200
-0.113105
-0.115361
-0.105684
-0.096899
-0.081072
-0.091753
-0.093014
-0.104768
-0.113915
-0.113547
-0.115927
-0.106222
-0.100955
-0.099976
-0.096810
-0.103802
-0.112537
-0.114930
-0.115797
-0.116413
-0.108616
-0.112219
-0.109808
-0.112995
-0.108482
-0.115289
-0.110582
-0.114702
-0.108904
-0.113378
-0.111439
-0.114431
-0.111643
-0.114856
-0.116010
-0.115561
-0.115099
-0.111661
-0.110520
-0.110054
-0.112419
-0.113068
-0.115646
-0.115152
-0.115140
-0.115416
-0.111531
-0.113685
-0.110766
-0.113922
-0.114111
-0.116529
-0.115136
-0.115424
-0.113918
-0.115745
-0.115397
-0.114981
-0.115331
-0.116447
-0.113793
-0.115982
-0.114012
-0.114895
-0.115762
-0.115555
-0.114922
-0.114206
-0.115171
-0.114555
-0.114655
-0.115132
-0.113506
-0.114579
-0.113885
0.117649
0.074125
-0.076414
-0.005934
-0.053655
-0.019717
-0.090242
-0.101436
-0.109476
-0.111853
-0.107223
-0.101648
-0.099635
-0.110046
-0.097763
-0.099236
-0.096159
-0.086841
-0.101553
-0.100849
-0.108256
-0.114649
-0.112667
-0.106362
-0.115977
-0.112917
-0.114723
-0.115056
-0.110897
-0.105606
-0.111942
-0.109184
-0.115331
-0.115775
-0.112588
-0.114086
-0.113991
-0.109521
-0.114257
-0.112093
-0.111906
-0.115229
-0.114331
-0.113391
-0.115428
-0.112762
-0.115742
-0.115594
-0.116450
-0.112906
-0.113867
-0.112627
-0.111815
-0.116027
-0.113141
-0.114737
-0.113536
-0.114780
-0.114178
-0.115274
-0.114956
-0.114449
-0.115654
-0.112546
-0.113413
-0.113590
-0.115044
-0.114833
-0.115412
-0.115550
-0.114774
-0.116109
-0.114692
-0.113227
-0.114105
-0.114205
-0.114621
-0.114581
-0.114715
-0.114579
-0.115080
-0.114639
-0.114176
-0.114252
-0.115049
-0.113127
-0.114769
-0.114252
-0.114328
-0.114896
-0.114899
-0.115012
-0.114922
-0.114083
-0.114167
-0.114255
-0.114656
-0.113801
-0.114968
-0.115163
3.236863
-0.029778
-0.055341
0.173682
0.065098
-0.096213
-0.056348
-0.092998
-0.102630
-0.097385
-0.093656
-0.092969
-0.102759
-0.101710
-0.091294
-0.102061
-0.089933
-0.083643
-0.109062
-0.110984
-0.106154
-0.107103
-0.103563
-0.095626
-0.107571
-0.110887
-0.110370
-0.107229
-0.110095
-0.110846
-0.105556
-0.093650
-0.107543
-0.111460
-0.109025
-0.109987
-0.110499
-0.096839
-0.107990
-0.113420
-0.115052
-0.113846
-0.112755
-0.114204
-0.115160
-0.111901
-0.110462
-0.113642
-0.110506
-0.114599
-0.113118
-0.115299
-0.111600
-0.113618
-0.111565
-0.114599
-0.112124
-0.113652
-0.115028
-0.114419
-0.114860
-0.114910
-0.114630
-0.113897
-0.112620
-0.109428
-0.115704
-0.113998
-0.114955
-0.114688
-0.114144
-0.114366
-0.113168
-0.114802
-0.114606
-0.114309
-0.114634
-0.114615
-0.114312
-0.114388
-0.115768
-0.115553
-0.115768
-0.114826
-0.115145
-0.113839
-0.114205
-0.115384
-0.115874
-0.115236
-0.116129
-0.115466
-0.114628
-0.115051
-0.114097
-0.114196
-0.115171
-0.115508
-0.114217
-0.116132
-0.089328
0.210488
0.271001
0.015290
-0.093752
-0.109940
-0.094144
-0.104394
-0.105814
-0.107464
-0.107180
-0.108513
-0.108078
-0.111003
-0.110437
-0.111359
-0.111768
-0.112150
-0.111979
-0.111978
-0.113200
-0.112930
-0.113746
-0.112357
-0.113840
-0.114018
-0.113743
-0.113356
-0.111929
-0.113013
-0.111984
-0.100861
-0.103010
-0.111824
-0.113484
-0.111686
-0.107120
-0.112681
-0.109415
-0.111696
-0.111612
-0.113387
-0.113204
-0.113783
-0.114095
-0.114304
-0.113652
-0.114424
-0.114480
-0.114368
-0.114398
-0.114592
-0.114711
-0.114562
-0.114463
-0.114867
-0.114620
-0.115028
-0.114522
-0.114747
-0.114758
-0.114475
-0.114495
-0.115767
-0.116384
-0.114909
-0.115650
-0.114037
-0.113227
-0.113395
-0.113583
-0.114072
-0.114744
-0.114661
-0.115398
-0.115193
-0.115095
-0.115086
-0.115239
-0.115110
-0.115232
-0.114996
-0.115200
-0.115212
-0.115106
-0.115150
-0.115197
-0.115290
-0.115122
-0.115082
-0.115328
-0.115216
-0.115211
-0.115494
-0.115747
-0.116225
-0.115003
-0.114255
-0.114442
-0.114343
-0.112734
0.282935
0.020418
0.012001
0.113023
-0.075696
0.008984
-0.062985
-0.075789
-0.083295
-0.087610
-0.092226
-0.092019
-0.095828
-0.097077
-0.099093
-0.100575
-0.101736
-0.102655
-0.103602
-0.104856
-0.105242
-0.107014
-0.106604
-0.107691
-0.108217
-0.109472
-0.108450
-0.110039
-0.105857
-0.108428
-0.096419
-0.101077
-0.097647
-0.105805
-0.108126
-0.100083
-0.098833
-0.098665
-0.105804
-0.104783
-0.111807
-0.110380
-0.110698
-0.110730
-0.110805
-0.111073
-0.111365
-0.111470
-0.111594
-0.111717
-0.111859
-0.112015
-0.112099
-0.112200
-0.112358
-0.112387
-0.112455
-0.112951
-0.112650
-0.113164
-0.112894
-0.110422
-0.111767
-0.110591
-0.110615
-0.110871
-0.113248
-0.112773
-0.111834
-0.113560
-0.113287
-0.116492
-0.113945
-0.115549
-0.113767
-0.114261
-0.114237
-0.114337
-0.114360
-0.114436
-0.114393
-0.114480
-0.114496
-0.114510
-0.114567
-0.114565
-0.114623
-0.114622
-0.114667
-0.114662
-0.114876
-0.113887
-0.114836
-0.113438
-0.114251
-0.113616
-0.115992
-0.115136
-0.116094
0.127949
0.226256
0.055592
0.019101
-0.013501
-0.030920
-0.082161
-0.103762
-0.111040
-0.110793
-0.111017
-0.111159
-0.114715
-0.113923
-0.113901
-0.114161
-0.114562
-0.114690
-0.114418
-0.114440
-0.114930
-0.114992
-0.114703
-0.113645
-0.115528
-0.115617
-0.115703
-0.113326
-0.112126
-0.104518
-0.107903
-0.105128
-0.111359
-0.110255
-0.114801
-0.111030
-0.111188
-0.109214
-0.110705
-0.110017
-0.112947
-0.115505
-0.115237
-0.115680
-0.115765
-0.115546
-0.115104
-0.115480
-0.115585
-0.115480
-0.115402
-0.115503
-0.115613
-0.115552
-0.115438
-0.115556
-0.115641
-0.115861
-0.115306
-0.115521
-0.115544
-0.115947
-0.114518
-0.115740
-0.113438
-0.115774
-0.114285
-0.115664
-0.115324
-0.113801
-0.115801
-0.113899
-0.115709
-0.113854
-0.116373
-0.115273
-0.115458
-0.115377
-0.115506
-0.115411
-0.115509
-0.115414
-0.115517
-0.115538
-0.115463
-0.115455
-0.115533
-0.115594
-0.115468
-0.115418
-0.115547
-0.115571
-0.115142
-0.115922
-0.114817
-0.116143
-0.115233
-0.114691
-0.115636
-0.114633
