-2.578845
1.379290
1.069871
-7.816152
-0.111347
-0.111343
0.181994
0.410439
1.772162
-1.381823
-0.111346
-0.111345
2.570114
1.128406
6.370807
-0.206231
-0.111345
-0.111347
-0.224075
1.039761
2.218357
-2.132283
-0.111345
-0.111350
-0.133651
2.514232
4.727178
-5.346884
-0.111346
-0.111350
0.058273
0.675763
1.576304
-1.234395
-0.111346
-0.111351
13.307891
-0.109437
13.311355
13.304839
-0.111346
-0.111350
9.216032
2.483671
13.261156
4.788342
-0.111347
-0.111351
2.350974
0.364033
0.024666
-0.076157
-0.061700
-0.064959
-0.043658
-0.024620
-0.048128
-0.073197
0.035582
0.087567
-0.053834
-0.066545
-0.030988
0.011765
-0.017440
0.304184
0.351757
0.017555
0.145611
0.021683
-0.058591
-0.009135
0.128009
0.017739
-0.018597
-0.087618
0.035255
0.017292
-0.004614
-0.060611
0.000959
-0.062127
-0.022356
-0.037549
0.008741
-0.031940
-0.100484
-0.061228
-0.057401
-0.043532
-0.006003
0.005588
-0.056455
-0.053976
-0.085660
-0.085156
-0.104166
-0.088924
-0.095180
-0.090518
-0.099288
-0.097108
-0.099721
-0.103679
-0.105236
-0.105273
-0.101703
-0.105534
-0.099266
-0.098144
-0.105543
-0.098812
-0.100749
-0.101776
-0.105032
-0.105591
-0.101633
-0.104636
-0.103044
-0.107744
-0.095703
-0.102276
-0.108018
-0.100912
-0.103829
-0.083026
-0.085061
-0.085353
-0.076265
-0.093638
-0.091448
-0.096940
-0.094886
-0.091171
-0.098791
-0.101737
-0.093876
-0.081669
-0.107441
-0.102631
-0.100728
-0.102353
-0.093905
-0.080706
-0.106327
-0.103201
-0.093773
-0.109401
0.182888
0.013545
0.015369
-0.058479
-0.079517
-0.095179
-0.084781
-0.060836
-0.094195
-0.087308
-0.017163
-0.017547
-0.086356
-0.067238
-0.048815
-0.053203
-0.079639
-0.024195
-0.011979
-0.081430
-0.061076
-0.060565
-0.021643
-0.030516
-0.084642
-0.071493
-0.008055
-0.091664
-0.078198
-0.107145
-0.099766
-0.090493
-0.094676
-0.085978
-0.071508
-0.051830
-0.081793
-0.091505
-0.062743
-0.107407
-0.076551
-0.101192
-0.097995
-0.099962
-0.099059
-0.085349
-0.103324
-0.107001
-0.105138
-0.102211
-0.102532
-0.099746
-0.108708
-0.108558
-0.108516
-0.109949
-0.109932
-0.108880
-0.108181
-0.108589
-0.109177
-0.108540
-0.110657
-0.107476
-0.109002
-0.109774
-0.108833
-0.108540
-0.107219
-0.109527
-0.107408
-0.107124
-0.107790
-0.110762
-0.106899
-0.108460
-0.106388
-0.106615
-0.105496
-0.103143
-0.108010
-0.107858
-0.110404
-0.097609
-0.107838
-0.109795
-0.101709
-0.104612
-0.105632
-0.103141
-0.107662
-0.105814
-0.109719
-0.108583
-0.106971
-0.103440
-0.109836
-0.106935
-0.105790
-0.104698
2.562740
0.602515
0.064617
-0.084399
-0.068793
-0.092577
-0.071267
-0.061718
-0.075124
-0.098301
-0.084945
-0.027477
-0.042064
-0.095191
-0.070553
-0.097260
-0.083206
0.026128
0.066939
0.030866
0.028774
-0.015010
-0.067453
-0.028749
-0.001417
-0.042013
-0.035537
-0.100710
0.002543
-0.041694
0.015881
-0.069763
-0.038097
-0.065253
-0.026754
-0.058955
-0.052565
-0.069940
-0.095130
-0.091086
-0.065789
-0.063063
-0.056858
-0.063304
-0.101906
-0.086129
-0.104301
-0.097779
-0.107468
-0.098220
-0.110813
-0.103448
-0.105280
-0.108349
-0.103758
-0.105597
-0.109037
-0.108360
-0.107633
-0.108702
-0.103673
-0.103104
-0.108584
-0.105924
-0.105554
-0.106697
-0.107247
-0.108731
-0.107860
-0.109611
-0.107333
-0.107399
-0.102253
-0.108697
-0.107523
-0.106607
-0.108816
-0.101251
-0.101132
-0.095794
-0.095270
-0.100053
-0.099234
-0.099792
-0.103596
-0.102514
-0.102984
-0.109376
-0.099136
-0.091996
-0.104538
-0.099624
-0.108036
-0.099708
-0.100461
-0.089720
-0.107826
-0.108400
-0.098210
-0.107068
0.005469
0.664892
0.057544
-0.062332
-0.074378
-0.072676
-0.075508
-0.062712
-0.063958
-0.099642
-0.095363
-0.088700
-0.096106
-0.093432
-0.082897
-0.073119
-0.065580
-0.058629
-0.077680
-0.075767
-0.062969
-0.096645
-0.085171
-0.085287
-0.104343
-0.104040
-0.079025
-0.095038
-0.107556
-0.103864
-0.104683
-0.104312
-0.095682
-0.103491
-0.098960
-0.098048
-0.104216
-0.103829
-0.099010
-0.106851
-0.104966
-0.094452
-0.103828
-0.103057
-0.095768
-0.106182
-0.105157
-0.106595
-0.108067
-0.106264
-0.109374
-0.107727
-0.107638
-0.109137
-0.109159
-0.108977
-0.109208
-0.110347
-0.108956
-0.108051
-0.106699
-0.107172
-0.108609
-0.109320
-0.108229
-0.108121
-0.108359
-0.109515
-0.109221
-0.110672
-0.109341
-0.109523
-0.109927
-0.109728
-0.110130
-0.108095
-0.109998
-0.106938
-0.108736
-0.109055
-0.105660
-0.109208
-0.109825
-0.107254
-0.109288
-0.108283
-0.107412
-0.110289
-0.110592
-0.109695
-0.109495
-0.107617
-0.109695
-0.107956
-0.110325
-0.109545
-0.108501
-0.110021
-0.109272
-0.106579
-0.080438
1.680625
0.131670
-0.001059
0.028309
-0.044821
0.027128
-0.006026
-0.013704
-0.026431
-0.076757
-0.008552
-0.074607
-0.090859
-0.083708
-0.063664
-0.024270
0.016303
-0.004999
-0.048662
-0.037868
-0.098371
-0.099389
-0.081478
-0.094552
-0.062888
-0.075956
-0.050873
-0.088341
-0.092122
-0.064234
-0.082507
-0.072241
-0.083784
-0.085488
-0.089039
-0.083197
-0.107946
-0.098698
-0.100763
-0.095469
-0.086258
-0.090155
-0.083879
-0.086997
-0.093319
-0.100336
-0.101258
-0.105802
-0.099702
-0.106237
-0.108961
-0.098849
-0.106798
-0.107401
-0.105170
-0.105025
-0.107988
-0.108860
-0.102864
-0.101809
-0.104792
-0.106341
-0.105717
-0.104006
-0.105831
-0.105276
-0.109693
-0.106239
-0.109787
-0.107113
-0.104963
-0.107330
-0.109793
-0.107863
-0.108654
-0.106186
-0.105564
-0.101551
-0.108903
-0.101006
-0.106375
-0.108897
-0.106419
-0.109582
-0.105035
-0.107695
-0.109980
-0.106479
-0.110638
-0.108279
-0.104261
-0.107498
-0.104719
-0.103827
-0.106960
-0.102898
-0.107939
-0.107316
-0.104086
0.053932
0.430611
-0.061521
-0.088562
-0.101139
-0.085709
-0.098772
-0.096894
-0.081731
-0.107832
-0.075537
-0.094346
-0.090820
-0.097743
-0.089373
-0.090240
-0.104690
-0.090593
-0.105223
-0.093787
-0.080837
-0.085921
-0.086090
-0.080849
-0.080872
-0.099169
-0.087288
-0.093405
-0.102622
-0.099910
-0.095650
-0.096331
-0.103361
-0.101467
-0.102859
-0.098512
-0.091567
-0.099981
-0.099241
-0.103878
-0.097761
-0.103976
-0.108266
-0.104083
-0.110081
-0.107824
-0.107678
-0.110140
-0.108275
-0.109997
-0.108106
-0.109471
-0.109904
-0.109557
-0.110410
-0.110508
-0.110937
-0.110421
-0.110640
-0.108632
-0.109377
-0.108663
-0.110059
-0.109809
-0.109947
-0.109765
-0.110517
-0.110783
-0.110383
-0.110132
-0.109933
-0.109705
-0.111290
-0.110073
-0.110310
-0.110655
-0.110723
-0.110623
-0.110477
-0.110452
-0.109481
-0.108854
-0.110459
-0.107898
-0.108547
-0.110066
-0.109308
-0.108191
-0.109582
-0.110447
-0.109122
-0.108878
-0.110133
-0.109858
-0.110051
-0.109247
-0.108527
-0.108403
-0.110512
-0.109022
-1.760113
0.082383
-1.289632
-2.100661
-0.111343
-0.111347
-0.511387
0.116217
-0.247388
-0.843548
-0.111347
-0.111352
3.018704
0.088117
3.339629
2.635814
-0.111346
-0.111350
-0.215163
0.371836
0.577286
-0.845063
-0.111346
-0.111351
-0.142815
0.325822
0.668068
-0.781832
-0.111344
-0.111349
-0.128120
0.524759
0.833790
-1.171228
-0.111347
-0.111350
7.844535
0.326321
8.646791
7.258514
-0.111345
-0.111351
1.538545
-0.006354
-0.033097
-0.096893
-0.100702
-0.092230
-0.107272
-0.107933
-0.109992
-0.106574
-0.105730
-0.103888
-0.104993
-0.105648
-0.097070
-0.101032
-0.095803
-0.104394
-0.108218
-0.107358
-0.109045
-0.108553
-0.108401
-0.109411
-0.109508
-0.109992
-0.107888
-0.110818
-0.107969
-0.108104
-0.109062
-0.109610
-0.108599
-0.109095
-0.110806
-0.110041
-0.110150
-0.110306
-0.110638
-0.110658
-0.110894
-0.110880
-0.110621
-0.110053
-0.110570
-0.108469
-0.110336
-0.108842
-0.110234
-0.110809
-0.110862
-0.110982
-0.110808
-0.110624
-0.110666
-0.110668
-0.110452
-0.110717
-0.110772
-0.110124
-0.110902
-0.110656
-0.110395
-0.110562
-0.110863
-0.110923
-0.110996
-0.110917
-0.110816
-0.110909
-0.110842
-0.110918
-0.110840
-0.111035
-0.110940
-0.110953
-0.110267
-0.110599
-0.110665
-0.111136
-0.110697
-0.111191
-0.111052
-0.111119
-0.111048
-0.111028
-0.111027
-0.110793
-0.111048
-0.110768
-0.110882
-0.110880
-0.110768
-0.110569
-0.110948
-0.110917
-0.110889
-0.110942
-0.110971
-0.110888
0.289783
0.041206
-0.089400
-0.074006
-0.095284
-0.101401
-0.105025
-0.110450
-0.105249
-0.109249
-0.109966
-0.101450
-0.108508
-0.106482
-0.107765
-0.107377
-0.106433
-0.107304
-0.110186
-0.108813
-0.107684
-0.109815
-0.110031
-0.110085
-0.110673
-0.110210
-0.109582
-0.109792
-0.108057
-0.109609
-0.108382
-0.109243
-0.108886
-0.108567
-0.110558
-0.109772
-0.110963
-0.110383
-0.110788
-0.110566
-0.111050
-0.111104
-0.109854
-0.110683
-0.109828
-0.110873
-0.110539
-0.110923
-0.110736
-0.111153
-0.110568
-0.111026
-0.110845
-0.111258
-0.111013
-0.111033
-0.111033
-0.110898
-0.110896
-0.110813
-0.110627
-0.111037
-0.110498
-0.111217
-0.110428
-0.111047
-0.110831
-0.111159
-0.111052
-0.110920
-0.111155
-0.111090
-0.111126
-0.110920
-0.111115
-0.110634
-0.111076
-0.110853
-0.111184
-0.111118
-0.111294
-0.110865
-0.111199
-0.111038
-0.111199
-0.111163
-0.111062
-0.111182
-0.110941
-0.111221
-0.111145
-0.110970
-0.111114
-0.110925
-0.110935
-0.110981
-0.111053
-0.111019
-0.111091
-0.111174
3.018229
-0.008798
-0.029177
-0.079693
-0.094455
-0.086677
-0.107950
-0.108818
-0.108843
-0.108619
-0.105351
-0.103902
-0.106980
-0.107192
-0.100951
-0.101458
-0.100212
-0.107173
-0.107180
-0.109837
-0.109152
-0.108505
-0.109727
-0.109746
-0.109651
-0.109429
-0.108695
-0.106691
-0.109588
-0.107155
-0.110168
-0.110445
-0.107772
-0.110208
-0.108679
-0.110432
-0.109907
-0.110549
-0.110801
-0.110943
-0.110545
-0.111263
-0.110446
-0.110203
-0.110230
-0.109619
-0.109665
-0.109799
-0.110625
-0.110988
-0.110757
-0.111164
-0.110970
-0.110981
-0.110948
-0.110860
-0.110413
-0.110893
-0.110525
-0.110175
-0.110807
-0.110905
-0.110647
-0.110645
-0.110818
-0.110942
-0.110875
-0.111171
-0.111059
-0.111065
-0.111125
-0.110940
-0.110978
-0.111053
-0.111210
-0.110658
-0.110831
-0.110591
-0.111242
-0.111136
-0.111045
-0.110876
-0.111202
-0.111281
-0.111159
-0.111163
-0.111227
-0.110917
-0.110765
-0.111215
-0.110939
-0.111071
-0.110846
-0.110825
-0.111128
-0.110998
-0.111016
-0.111013
-0.111156
-0.111161
-0.008852
0.221303
-0.048464
-0.078765
-0.105542
-0.096095
-0.103191
-0.105491
-0.107405
-0.107638
-0.108132
-0.108200
-0.108326
-0.108791
-0.108817
-0.109288
-0.109240
-0.109113
-0.109285
-0.109675
-0.109515
-0.109912
-0.109969
-0.109733
-0.109377
-0.109225
-0.109854
-0.109029
-0.109157
-0.105429
-0.106117
-0.109513
-0.103670
-0.108992
-0.110504
-0.110967
-0.110294
-0.110123
-0.110101
-0.110296
-0.110389
-0.110484
-0.110575
-0.110409
-0.110376
-0.110389
-0.110595
-0.110546
-0.110591
-0.110510
-0.110507
-0.110492
-0.110560
-0.110713
-0.110668
-0.110488
-0.110151
-0.110656
-0.110744
-0.110960
-0.109543
-0.110776
-0.110508
-0.109758
-0.110221
-0.110626
-0.111040
-0.110890
-0.110829
-0.110740
-0.110707
-0.110706
-0.110741
-0.110837
-0.110863
-0.110690
-0.110604
-0.110847
-0.110624
-0.110938
-0.110723
-0.110663
-0.110757
-0.110740
-0.110799
-0.110822
-0.110794
-0.110623
-0.110570
-0.110780
-0.111180
-0.110377
-0.110897
-0.110585
-0.110771
-0.110847
-0.110719
-0.110835
-0.110853
-0.110905
-0.078750
0.171344
0.003471
-0.075603
-0.097222
-0.091408
-0.104976
-0.109784
-0.109760
-0.109779
-0.110881
-0.110627
-0.110666
-0.110442
-0.110435
-0.110391
-0.110534
-0.110792
-0.110705
-0.110688
-0.110471
-0.110660
-0.110498
-0.110635
-0.111009
-0.108953
-0.109189
-0.107965
-0.109987
-0.103108
-0.108091
-0.108672
-0.104402
-0.110146
-0.108965
-0.110555
-0.109753
-0.110846
-0.111062
-0.111223
-0.111220
-0.111237
-0.111243
-0.111264
-0.111263
-0.111286
-0.111144
-0.111217
-0.111220
-0.111249
-0.111319
-0.111247
-0.111197
-0.111137
-0.111098
-0.111191
-0.110766
-0.111091
-0.110568
-0.110057
-0.109804
-0.111190
-0.109908
-0.110198
-0.111008
-0.110911
-0.110985
-0.111027
-0.111184
-0.111217
-0.111258
-0.111326
-0.111328
-0.111208
-0.111311
-0.111199
-0.111061
-0.111099
-0.111291
-0.110962
-0.111219
-0.111280
-0.111246
-0.111264
-0.111306
-0.111232
-0.111184
-0.111142
-0.111189
-0.111239
-0.110503
-0.111055
-0.111172
-0.110550
-0.111188
-0.111175
-0.111170
-0.111204
-0.111217
-0.111222
-0.097594
0.307251
0.036657
-0.067453
-0.073670
-0.096914
-0.096031
-0.099465
-0.100818
-0.101834
-0.102862
-0.104307
-0.104648
-0.104991
-0.105224
-0.105699
-0.106227
-0.106720
-0.106914
-0.106836
-0.106965
-0.107061
-0.107414
-0.107858
-0.108110
-0.107395
-0.107740
-0.105110
-0.104357
-0.100825
-0.104700
-0.106410
-0.102328
-0.108419
-0.108666
-0.108402
-0.109639
-0.109556
-0.109632
-0.109557
-0.109408
-0.109308
-0.109429
-0.109609
-0.109720
-0.109693
-0.109466
-0.109574
-0.109604
-0.109727
-0.109809
-0.109768
-0.109677
-0.109664
-0.109748
-0.109948
-0.110129
-0.110077
-0.109421
-0.107999
-0.109311
-0.109282
-0.108268
-0.109941
-0.110164
-0.110009
-0.109940
-0.109960
-0.109984
-0.110064
-0.110151
-0.110160
-0.110082
-0.109961
-0.110023
-0.110109
-0.110282
-0.109965
-0.110254
-0.109822
-0.110252
-0.110211
-0.110213
-0.110115
-0.110134
-0.110115
-0.110117
-0.110356
-0.110401
-0.110401
-0.109214
-0.110547
-0.110004
-0.109539
-0.110092
-0.110116
-0.110112
-0.110251
-0.110185
-0.110112
