-2.488355
0.983528
0.474304
-5.050113
-0.115167
-0.115166
0.104858
0.416739
2.221371
-0.909869
-0.115164
-0.115163
2.813375
1.122285
5.808877
0.302456
-0.115167
-0.115170
0.043183
1.080783
2.141501
-1.927651
-0.115167
-0.115172
-0.143878
2.570724
4.627136
-4.704268
-0.115167
-0.115171
-0.240653
0.825868
1.386971
-1.847259
-0.115167
-0.115171
13.730468
-0.113496
13.733418
13.728200
-0.115166
-0.115171
9.026776
2.497265
12.835488
4.673324
-0.115167
-0.115172
2.254968
0.285328
-0.005926
-0.019363
-0.090397
-0.076103
-0.094026
-0.099927
-0.076526
-0.098412
-0.038344
0.045615
-0.070443
-0.074833
0.003016
-0.031189
0.146823
-0.048745
0.119619
-0.008196
0.100180
0.122821
-0.064462
0.024154
-0.040578
0.027533
-0.080618
-0.018705
-0.079657
-0.094947
-0.071311
-0.081115
-0.055256
-0.090567
-0.016058
-0.081238
-0.075271
-0.076796
-0.010596
-0.056598
-0.075948
-0.035125
-0.090234
-0.056421
-0.099008
-0.080331
-0.109582
-0.108702
-0.093087
-0.108207
-0.109749
-0.109030
-0.110968
-0.111044
-0.111609
-0.112058
-0.113239
-0.108655
-0.111401
-0.107947
-0.111135
-0.110278
-0.112857
-0.111777
-0.109087
-0.112703
-0.110773
-0.113162
-0.113415
-0.110725
-0.105391
-0.111544
-0.112957
-0.105653
-0.106591
-0.093047
-0.109709
-0.098237
-0.108714
-0.091352
-0.095702
-0.113492
-0.096201
-0.106958
-0.100717
-0.107495
-0.102243
-0.107686
-0.112429
-0.107246
-0.105431
-0.109242
-0.109504
-0.105783
-0.111989
-0.105247
-0.100404
-0.095154
-0.107926
-0.101856
0.113134
0.026287
0.005663
-0.102066
-0.099912
-0.077522
-0.082963
-0.082647
-0.084577
-0.083021
-0.088878
-0.067075
-0.107634
-0.087968
-0.068134
-0.047977
0.000363
-0.085944
0.014444
-0.075173
-0.068179
-0.045084
-0.079670
-0.000147
-0.062927
-0.052667
-0.038136
-0.072810
-0.071253
-0.086186
-0.069747
-0.069396
-0.091432
-0.045405
-0.050164
-0.092750
-0.055650
-0.095124
-0.086892
-0.095378
-0.105398
-0.083573
-0.105656
-0.089997
-0.104707
-0.100992
-0.101044
-0.112580
-0.106150
-0.105884
-0.110698
-0.107425
-0.110069
-0.108552
-0.109784
-0.106150
-0.107958
-0.105760
-0.108052
-0.107455
-0.108814
-0.108205
-0.107460
-0.107518
-0.106614
-0.106677
-0.107249
-0.109371
-0.106612
-0.110336
-0.107163
-0.108656
-0.109173
-0.110167
-0.105385
-0.101830
-0.111077
-0.103849
-0.106971
-0.108426
-0.110279
-0.109310
-0.111034
-0.106824
-0.112385
-0.108783
-0.106010
-0.100192
-0.108110
-0.100948
-0.105962
-0.105703
-0.108572
-0.106769
-0.109136
-0.112228
-0.109783
-0.104125
-0.100430
-0.106591
2.805805
0.653637
0.064671
-0.098348
-0.092294
-0.101225
-0.071111
-0.085163
-0.099721
-0.099854
-0.052547
-0.036000
-0.102094
-0.098700
-0.060842
-0.096227
0.014979
-0.087097
-0.011733
-0.064756
0.003629
-0.017136
-0.077701
-0.027073
-0.082548
0.041443
-0.057693
-0.058199
-0.079265
-0.095457
-0.084221
-0.079053
-0.075677
-0.070000
-0.011980
-0.100126
-0.086482
-0.090365
-0.067267
-0.079009
-0.097441
-0.079372
-0.099864
-0.083148
-0.113099
-0.097364
-0.111521
-0.111463
-0.103792
-0.107374
-0.110962
-0.113203
-0.113851
-0.114603
-0.113189
-0.111510
-0.112622
-0.111626
-0.109026
-0.111837
-0.110605
-0.111472
-0.112808
-0.114163
-0.111416
-0.112086
-0.111666
-0.113788
-0.114196
-0.112182
-0.110168
-0.113284
-0.112425
-0.110388
-0.112010
-0.103438
-0.113774
-0.105567
-0.108551
-0.102233
-0.106516
-0.114385
-0.103125
-0.109603
-0.100378
-0.108190
-0.104266
-0.107869
-0.111527
-0.108859
-0.108399
-0.109734
-0.107805
-0.103559
-0.114323
-0.105813
-0.107321
-0.105753
-0.112285
-0.114019
0.037851
0.714719
-0.069935
-0.050889
-0.062171
-0.055986
-0.077042
-0.095506
-0.082107
-0.085189
-0.095842
-0.076726
-0.095356
-0.107050
-0.092887
-0.109568
-0.067143
-0.092038
-0.082074
-0.100119
-0.101817
-0.106045
-0.100930
-0.110123
-0.101734
-0.099037
-0.102843
-0.104393
-0.110607
-0.101743
-0.104536
-0.105594
-0.110452
-0.106007
-0.103346
-0.108791
-0.110935
-0.110527
-0.107248
-0.109033
-0.111653
-0.108878
-0.107251
-0.107440
-0.112177
-0.114028
-0.112260
-0.112791
-0.111421
-0.112163
-0.111980
-0.112403
-0.112065
-0.113015
-0.114595
-0.112696
-0.114010
-0.113692
-0.110606
-0.113985
-0.110907
-0.114480
-0.112792
-0.115065
-0.114170
-0.112827
-0.114095
-0.114960
-0.113509
-0.112945
-0.113791
-0.114476
-0.113683
-0.113256
-0.114118
-0.113309
-0.113634
-0.112905
-0.113971
-0.113275
-0.115072
-0.114202
-0.114063
-0.113857
-0.113184
-0.114796
-0.114387
-0.114496
-0.114275
-0.113994
-0.113479
-0.114258
-0.113899
-0.113849
-0.114743
-0.113661
-0.114004
-0.113830
-0.113172
-0.114028
-0.078745
1.750411
0.007374
0.015720
-0.056783
-0.066219
-0.004219
-0.043490
-0.072632
-0.052302
-0.071609
-0.031222
-0.103039
-0.112185
-0.096753
-0.089077
-0.036422
-0.093125
-0.034121
-0.056121
-0.032072
-0.053294
-0.094750
-0.073889
-0.083865
-0.085309
-0.063058
-0.086269
-0.092593
-0.105805
-0.101704
-0.095915
-0.099387
-0.072977
-0.093789
-0.100674
-0.093399
-0.106950
-0.089837
-0.093993
-0.099617
-0.084952
-0.105490
-0.100252
-0.108429
-0.108911
-0.111213
-0.112255
-0.104007
-0.110675
-0.111057
-0.109164
-0.108790
-0.109432
-0.111848
-0.109107
-0.112217
-0.112324
-0.103053
-0.113308
-0.105670
-0.113703
-0.110305
-0.111186
-0.110702
-0.108475
-0.110868
-0.111445
-0.110279
-0.111916
-0.112382
-0.112383
-0.111379
-0.112294
-0.114907
-0.110054
-0.113264
-0.111302
-0.111552
-0.102820
-0.113050
-0.112355
-0.110478
-0.109654
-0.111897
-0.113911
-0.110729
-0.110047
-0.114345
-0.111870
-0.112190
-0.110837
-0.112577
-0.112797
-0.111109
-0.114653
-0.111978
-0.112640
-0.109073
-0.110087
0.013444
0.535138
-0.076423
-0.047359
-0.085059
-0.084998
-0.093171
-0.109956
-0.103043
-0.095197
-0.101053
-0.098104
-0.094373
-0.105743
-0.093597
-0.098158
-0.079613
-0.092998
-0.075759
-0.097614
-0.108191
-0.104900
-0.108021
-0.093905
-0.100391
-0.094248
-0.086649
-0.107606
-0.097835
-0.112623
-0.105438
-0.104337
-0.111879
-0.089899
-0.097368
-0.111319
-0.104609
-0.108539
-0.110536
-0.112051
-0.109772
-0.106672
-0.108444
-0.108619
-0.112890
-0.113458
-0.111411
-0.112167
-0.112788
-0.113754
-0.112878
-0.113203
-0.114372
-0.113802
-0.114343
-0.112628
-0.113595
-0.114611
-0.110540
-0.114402
-0.112159
-0.114306
-0.113366
-0.114734
-0.113395
-0.113187
-0.114856
-0.114441
-0.113799
-0.113988
-0.113972
-0.113725
-0.114344
-0.113863
-0.113020
-0.113342
-0.113666
-0.112589
-0.113236
-0.114615
-0.114066
-0.114890
-0.113273
-0.112120
-0.114692
-0.112939
-0.113109
-0.111497
-0.114891
-0.113315
-0.113505
-0.113826
-0.112279
-0.112389
-0.114017
-0.114040
-0.114676
-0.114333
-0.112933
-0.114724
-1.741075
0.193255
-1.045315
-2.160370
-0.115164
-0.115169
-0.249649
0.026482
0.031022
-0.441641
-0.115165
-0.115171
3.179740
0.106363
3.688553
2.818951
-0.115165
-0.115170
-0.177913
0.204399
0.400012
-0.613558
-0.115166
-0.115171
-0.169223
0.510348
0.899226
-1.231619
-0.115167
-0.115170
-0.307564
0.936933
1.527820
-1.816702
-0.115166
-0.115171
8.324033
0.487240
9.151672
7.399593
-0.115168
-0.115172
1.507369
0.049768
0.015653
-0.063186
-0.104787
-0.099661
-0.110049
-0.107289
-0.107804
-0.105423
-0.108550
-0.103543
-0.104021
-0.108581
-0.107207
-0.109905
-0.109212
-0.111353
-0.104765
-0.111927
-0.110334
-0.114282
-0.114808
-0.114343
-0.113238
-0.111256
-0.112100
-0.111513
-0.110503
-0.110415
-0.112953
-0.111548
-0.108100
-0.112603
-0.113261
-0.114721
-0.114315
-0.114247
-0.114241
-0.113249
-0.114157
-0.114362
-0.112254
-0.113941
-0.114933
-0.113324
-0.114770
-0.113780
-0.113637
-0.114268
-0.114918
-0.114044
-0.114049
-0.113848
-0.113912
-0.114539
-0.114305
-0.114726
-0.113717
-0.113254
-0.113524
-0.114233
-0.114470
-0.114655
-0.114762
-0.114254
-0.114242
-0.114264
-0.114229
-0.114821
-0.114315
-0.114244
-0.114246
-0.114670
-0.114258
-0.114864
-0.114419
-0.114095
-0.114490
-0.114350
-0.114228
-0.114387
-0.114465
-0.114575
-0.114489
-0.114561
-0.114744
-0.114147
-0.114592
-0.114848
-0.114868
-0.114791
-0.114171
-0.114521
-0.114172
-0.114304
-0.114580
-0.114490
-0.114681
-0.114257
0.018230
-0.029599
-0.086337
-0.082925
-0.103356
-0.100238
-0.108284
-0.112985
-0.114124
-0.111420
-0.112308
-0.109300
-0.102834
-0.112108
-0.107225
-0.109477
-0.110025
-0.112382
-0.107947
-0.110439
-0.111829
-0.113743
-0.113908
-0.114503
-0.114155
-0.112170
-0.113967
-0.112840
-0.114464
-0.113202
-0.114536
-0.113273
-0.113567
-0.113545
-0.113968
-0.114004
-0.114187
-0.114605
-0.114872
-0.114131
-0.114598
-0.114924
-0.113227
-0.114216
-0.113947
-0.113716
-0.114654
-0.114365
-0.114101
-0.114369
-0.114476
-0.114738
-0.114822
-0.114965
-0.114897
-0.114296
-0.114425
-0.114820
-0.115065
-0.114606
-0.114688
-0.114750
-0.114781
-0.114800
-0.114857
-0.115046
-0.114948
-0.115054
-0.115026
-0.114821
-0.114907
-0.115062
-0.114428
-0.114617
-0.115000
-0.114647
-0.114896
-0.114679
-0.114985
-0.115096
-0.115085
-0.115123
-0.115097
-0.115078
-0.115007
-0.114904
-0.114738
-0.115001
-0.115103
-0.114932
-0.114894
-0.115006
-0.115080
-0.114796
-0.114913
-0.114952
-0.115108
-0.114845
-0.114810
-0.115080
3.181335
0.008095
-0.049256
-0.062611
-0.077233
-0.104455
-0.111094
-0.113319
-0.110824
-0.112792
-0.112131
-0.106865
-0.101198
-0.109484
-0.103561
-0.111713
-0.107783
-0.113680
-0.105962
-0.109574
-0.111645
-0.114422
-0.113460
-0.114028
-0.114482
-0.113682
-0.110456
-0.110474
-0.113266
-0.111930
-0.113821
-0.112937
-0.111100
-0.113034
-0.113295
-0.114324
-0.114733
-0.114419
-0.114527
-0.114468
-0.114610
-0.114094
-0.112592
-0.113133
-0.113588
-0.114124
-0.114060
-0.114598
-0.113557
-0.114605
-0.114843
-0.114869
-0.114992
-0.114820
-0.114640
-0.114569
-0.114757
-0.114163
-0.114681
-0.114063
-0.114195
-0.114877
-0.114519
-0.114863
-0.114435
-0.114546
-0.114578
-0.114572
-0.114600
-0.114936
-0.114909
-0.114444
-0.114557
-0.114558
-0.114909
-0.114761
-0.114670
-0.114599
-0.115119
-0.114934
-0.114824
-0.114865
-0.114773
-0.114898
-0.114796
-0.114922
-0.114811
-0.114423
-0.114767
-0.114927
-0.114950
-0.114866
-0.114793
-0.114709
-0.114844
-0.114602
-0.114741
-0.114844
-0.114995
-0.114863
-0.052582
0.097710
-0.079670
-0.083593
-0.081372
-0.092380
-0.101186
-0.101740
-0.103886
-0.104525
-0.106766
-0.107261
-0.108310
-0.108244
-0.108512
-0.108874
-0.109212
-0.109455
-0.109995
-0.110494
-0.110836
-0.111455
-0.111524
-0.111468
-0.111141
-0.111660
-0.111334
-0.113130
-0.109602
-0.105112
-0.109295
-0.107151
-0.109336
-0.109265
-0.111917
-0.112321
-0.112477
-0.112787
-0.112800
-0.112848
-0.112740
-0.112747
-0.112687
-0.112835
-0.112949
-0.113074
-0.113235
-0.113406
-0.113385
-0.113429
-0.113365
-0.113363
-0.113246
-0.113325
-0.113344
-0.113485
-0.113961
-0.113347
-0.113955
-0.113501
-0.114482
-0.113375
-0.113392
-0.113939
-0.114251
-0.114249
-0.114126
-0.114035
-0.113991
-0.114011
-0.114034
-0.114103
-0.114182
-0.114260
-0.114326
-0.114361
-0.114311
-0.114213
-0.114226
-0.114278
-0.114448
-0.114226
-0.114393
-0.114347
-0.114513
-0.114426
-0.114228
-0.114304
-0.114245
-0.114499
-0.114102
-0.114439
-0.114607
-0.114371
-0.114335
-0.114305
-0.114375
-0.114443
-0.114517
-0.114557
-0.058670
0.297053
0.035706
-0.083696
-0.082318
-0.106847
-0.114175
-0.113358
-0.113948
-0.113913
-0.114213
-0.114331
-0.114515
-0.114392
-0.114294
-0.114237
-0.114013
-0.113902
-0.113847
-0.113854
-0.113952
-0.114050
-0.114244
-0.114151
-0.114223
-0.113802
-0.112539
-0.110535
-0.109479
-0.104485
-0.110885
-0.108269
-0.108862
-0.113371
-0.111747
-0.113581
-0.113885
-0.114232
-0.114347
-0.114445
-0.114446
-0.114399
-0.114298
-0.114252
-0.114185
-0.114163
-0.114188
-0.114245
-0.114324
-0.114325
-0.114396
-0.114488
-0.114432
-0.114386
-0.114332
-0.113847
-0.113984
-0.114815
-0.113712
-0.111876
-0.113072
-0.112700
-0.112658
-0.113806
-0.113387
-0.113666
-0.113873
-0.114028
-0.114058
-0.114050
-0.114005
-0.113969
-0.113950
-0.113948
-0.113987
-0.114033
-0.114068
-0.114101
-0.114270
-0.114116
-0.113929
-0.114199
-0.113688
-0.113684
-0.114088
-0.114130
-0.113729
-0.113653
-0.114098
-0.113903
-0.114774
-0.114243
-0.113643
-0.114109
-0.114353
-0.114271
-0.114249
-0.114173
-0.114115
-0.114066
0.071182
0.585483
0.131264
-0.080541
-0.099788
-0.103374
-0.111108
-0.110768
-0.111675
-0.112031
-0.113203
-0.113154
-0.113705
-0.113479
-0.113481
-0.113459
-0.113419
-0.113315
-0.113673
-0.113598
-0.113888
-0.113753
-0.113946
-0.113711
-0.114086
-0.114596
-0.113287
-0.109066
-0.105593
-0.095341
-0.106540
-0.104227
-0.104602
-0.112406
-0.112810
-0.112610
-0.113356
-0.113854
-0.114041
-0.114111
-0.114181
-0.114106
-0.114023
-0.114010
-0.113966
-0.113972
-0.114030
-0.114093
-0.114176
-0.114143
-0.114117
-0.114368
-0.114249
-0.114257
-0.114136
-0.114037
-0.114372
-0.114014
-0.113633
-0.110035
-0.111556
-0.112065
-0.111675
-0.113054
-0.113451
-0.113460
-0.113669
-0.113854
-0.113901
-0.113910
-0.113855
-0.113831
-0.113806
-0.113818
-0.113866
-0.113917
-0.113961
-0.114079
-0.114126
-0.113963
-0.113702
-0.114086
-0.113240
-0.113296
-0.113910
-0.113763
-0.113753
-0.113125
-0.113742
-0.113868
-0.114814
-0.114214
-0.113293
-0.113905
-0.114098
-0.114175
-0.114150
-0.114076
-0.114016
-0.113976
