-2.922926
0.763767
-1.408953
-4.849478
-0.106192
-0.106195
0.511777
0.223449
1.333347
-0.651122
-0.106193
-0.106187
2.430203
1.059219
4.573008
0.229499
-0.106193
-0.106196
-0.033937
1.310841
2.347782
-2.324769
-0.106192
-0.106197
-0.031216
2.654663
4.167757
-4.431721
-0.106192
-0.106197
-0.129635
0.625483
1.136768
-1.552743
-0.106192
-0.106196
13.822238
-0.104710
13.825009
13.819279
-0.106191
-0.106193
9.740771
2.289685
12.651608
5.251548
-0.106193
-0.106196
2.705778
0.348385
0.085566
0.011149
0.020399
-0.007900
-0.082921
-0.054653
-0.005178
-0.058894
0.034749
-0.040383
-0.009803
-0.098964
-0.057630
-0.087238
-0.100700
-0.045216
-0.060715
-0.085676
-0.076251
-0.087188
-0.085168
-0.053618
-0.006555
-0.085408
-0.023667
-0.064137
-0.077860
-0.075770
-0.038572
-0.083706
-0.045806
-0.091029
-0.083166
-0.092903
-0.089499
-0.101298
-0.085292
-0.095163
-0.104929
-0.091214
-0.099582
-0.094440
-0.096161
-0.092468
-0.097443
-0.103011
-0.100244
-0.100716
-0.102881
-0.100437
-0.102462
-0.105494
-0.103073
-0.104011
-0.102998
-0.105208
-0.103820
-0.102464
-0.103999
-0.105656
-0.104425
-0.102625
-0.101053
-0.103132
-0.100912
-0.101825
-0.102717
-0.102368
-0.103731
-0.102024
-0.101457
-0.100709
-0.102094
-0.103120
-0.101932
-0.101393
-0.104406
-0.095215
-0.100094
-0.097938
-0.102283
-0.095586
-0.105249
-0.097484
-0.101460
-0.101538
-0.100316
-0.096969
-0.104886
-0.102658
-0.106070
-0.105130
-0.103231
-0.103827
-0.104482
-0.102178
-0.104132
-0.101879
0.512974
-0.065232
-0.012095
-0.070403
-0.037848
-0.064986
-0.083225
-0.078712
-0.032518
-0.055055
-0.043374
-0.051039
-0.020792
-0.053735
-0.072990
-0.085598
-0.094265
-0.079276
-0.095378
-0.088201
-0.071645
-0.082079
-0.074851
-0.085155
-0.077014
-0.097655
-0.094578
-0.092523
-0.099032
-0.100277
-0.095995
-0.094734
-0.090319
-0.101747
-0.087324
-0.100216
-0.094695
-0.094486
-0.101765
-0.099535
-0.097049
-0.097018
-0.098718
-0.091979
-0.097620
-0.102129
-0.098648
-0.103256
-0.100326
-0.102909
-0.100751
-0.105447
-0.101422
-0.103413
-0.104719
-0.105206
-0.103883
-0.104724
-0.103770
-0.103691
-0.105188
-0.103302
-0.104213
-0.102057
-0.102908
-0.101404
-0.104053
-0.100319
-0.103863
-0.103963
-0.102440
-0.104977
-0.102433
-0.104453
-0.104657
-0.105641
-0.102213
-0.100860
-0.105787
-0.103637
-0.103958
-0.104386
-0.105493
-0.104786
-0.103976
-0.105037
-0.105362
-0.104303
-0.104055
-0.104094
-0.102871
-0.101750
-0.104510
-0.105414
-0.104512
-0.105061
-0.103324
-0.105460
-0.103241
-0.104879
2.423219
0.676554
0.080852
-0.084347
-0.032109
-0.070832
-0.072989
-0.070121
-0.085501
-0.063507
-0.078409
-0.087938
-0.093174
-0.069705
-0.061212
-0.088246
-0.082542
-0.066314
-0.096612
-0.099375
-0.078123
-0.100361
-0.068418
-0.081521
-0.053723
-0.094782
-0.057541
-0.079515
-0.100542
-0.073601
-0.074561
-0.104407
-0.080179
-0.082243
-0.085685
-0.104899
-0.093539
-0.100516
-0.099969
-0.096721
-0.095916
-0.098366
-0.099147
-0.103559
-0.102715
-0.103671
-0.101494
-0.101302
-0.104561
-0.103358
-0.102846
-0.105581
-0.101101
-0.101432
-0.103037
-0.101807
-0.102645
-0.104067
-0.101654
-0.104802
-0.103919
-0.103596
-0.105383
-0.103862
-0.104465
-0.103514
-0.103003
-0.104968
-0.105634
-0.102212
-0.104253
-0.104512
-0.103664
-0.103177
-0.105048
-0.105476
-0.102863
-0.104514
-0.102267
-0.099351
-0.102039
-0.103569
-0.100980
-0.101746
-0.105211
-0.100661
-0.104554
-0.104660
-0.104188
-0.099080
-0.104907
-0.104217
-0.105321
-0.104726
-0.105647
-0.104554
-0.104566
-0.105122
-0.104679
-0.105578
-0.038680
0.864443
0.095046
-0.055626
-0.056143
-0.064292
-0.058944
-0.062877
-0.069638
-0.083558
-0.075643
-0.080513
-0.071889
-0.086266
-0.088348
-0.092144
-0.086680
-0.089343
-0.090284
-0.099243
-0.092769
-0.093222
-0.101620
-0.101185
-0.100876
-0.094258
-0.097544
-0.100821
-0.098045
-0.104925
-0.099266
-0.103398
-0.102780
-0.103416
-0.100468
-0.102479
-0.101756
-0.102187
-0.101516
-0.103527
-0.101968
-0.102013
-0.103725
-0.101559
-0.102666
-0.104489
-0.103427
-0.103866
-0.104855
-0.102433
-0.105031
-0.105329
-0.104702
-0.105663
-0.101733
-0.102346
-0.103067
-0.101936
-0.103787
-0.104218
-0.105092
-0.104086
-0.105585
-0.105624
-0.104181
-0.106028
-0.104035
-0.105284
-0.104732
-0.105277
-0.104721
-0.105718
-0.104237
-0.104932
-0.104841
-0.105430
-0.104902
-0.105433
-0.105537
-0.105484
-0.105852
-0.105324
-0.105672
-0.105611
-0.105666
-0.106025
-0.105884
-0.105327
-0.104770
-0.105510
-0.105734
-0.105599
-0.106081
-0.105934
-0.105863
-0.105245
-0.105006
-0.105339
-0.105131
-0.105190
-0.040801
1.791355
0.227450
0.094575
-0.006921
0.000129
0.017220
-0.041568
-0.072227
-0.065590
-0.088570
-0.098818
-0.089169
-0.084369
-0.085101
-0.084451
-0.085562
-0.093383
-0.086447
-0.096466
-0.102640
-0.086267
-0.098569
-0.088036
-0.089750
-0.106071
-0.096126
-0.097991
-0.096915
-0.097070
-0.099292
-0.104447
-0.091943
-0.105310
-0.103681
-0.099958
-0.102536
-0.103474
-0.097091
-0.102094
-0.105336
-0.103385
-0.103434
-0.105518
-0.100812
-0.102861
-0.103238
-0.104726
-0.105253
-0.100270
-0.100139
-0.103546
-0.105619
-0.104415
-0.095720
-0.099182
-0.099194
-0.098412
-0.101666
-0.099713
-0.103945
-0.101921
-0.105207
-0.104232
-0.103749
-0.104173
-0.105458
-0.104774
-0.104969
-0.103425
-0.105528
-0.104078
-0.104470
-0.103162
-0.105488
-0.105780
-0.104873
-0.105659
-0.105339
-0.105118
-0.105295
-0.104107
-0.105417
-0.105169
-0.105578
-0.104779
-0.105113
-0.105704
-0.105055
-0.104755
-0.103111
-0.105375
-0.105679
-0.105317
-0.105323
-0.104758
-0.105216
-0.105927
-0.105377
-0.105260
-0.081711
0.387398
-0.004865
-0.035015
-0.096157
-0.079152
-0.068293
-0.079850
-0.085724
-0.086526
-0.090138
-0.084123
-0.082991
-0.087368
-0.088740
-0.093383
-0.095808
-0.091185
-0.092979
-0.096692
-0.097748
-0.096221
-0.092020
-0.104718
-0.096704
-0.100314
-0.100379
-0.097549
-0.100257
-0.100678
-0.102447
-0.101331
-0.100021
-0.103328
-0.098534
-0.105502
-0.103801
-0.100745
-0.103354
-0.103812
-0.102173
-0.103514
-0.104550
-0.102732
-0.103131
-0.104368
-0.103036
-0.104785
-0.104848
-0.104154
-0.104257
-0.105495
-0.105834
-0.105019
-0.103060
-0.104147
-0.105071
-0.104250
-0.104857
-0.103938
-0.105873
-0.104721
-0.105579
-0.105527
-0.104880
-0.105364
-0.105100
-0.104897
-0.105087
-0.104997
-0.104876
-0.105411
-0.104734
-0.105261
-0.105561
-0.105867
-0.104919
-0.104781
-0.106112
-0.105859
-0.105745
-0.105412
-0.105712
-0.105195
-0.105004
-0.105939
-0.105482
-0.105337
-0.105214
-0.105760
-0.105424
-0.104949
-0.105748
-0.105946
-0.105716
-0.105950
-0.104917
-0.106146
-0.105208
-0.105379
-1.921606
0.021914
-1.611863
-2.128532
-0.106190
-0.106193
-0.395332
-0.044539
-0.252022
-0.475270
-0.106189
-0.106193
3.172962
-0.003224
3.348462
2.978229
-0.106192
-0.106195
-0.152468
0.080222
0.232822
-0.412493
-0.106189
-0.106194
-0.050340
0.343813
0.781656
-0.633431
-0.106190
-0.106196
-0.093208
0.271433
0.363442
-0.809572
-0.106194
-0.106196
8.482146
0.371661
9.163757
7.733042
-0.106193
-0.106197
1.707691
-0.044580
-0.046025
-0.089357
-0.095606
-0.094335
-0.103224
-0.101149
-0.103122
-0.103091
-0.101345
-0.099318
-0.098578
-0.100489
-0.096113
-0.100219
-0.101496
-0.102362
-0.103943
-0.105221
-0.104945
-0.105265
-0.105395
-0.105089
-0.103682
-0.103842
-0.103581
-0.105205
-0.105487
-0.104297
-0.103263
-0.105490
-0.105549
-0.105074
-0.105929
-0.105759
-0.106033
-0.105939
-0.105592
-0.105222
-0.105132
-0.105355
-0.104796
-0.105305
-0.105619
-0.105259
-0.105562
-0.105876
-0.106050
-0.106072
-0.106056
-0.106025
-0.105571
-0.105665
-0.105795
-0.106089
-0.105754
-0.105571
-0.105336
-0.106091
-0.106053
-0.105914
-0.106142
-0.106122
-0.106001
-0.106075
-0.106015
-0.105892
-0.105776
-0.105887
-0.105665
-0.105984
-0.105901
-0.105873
-0.105945
-0.105990
-0.106080
-0.106099
-0.106104
-0.106115
-0.106018
-0.106095
-0.105857
-0.106026
-0.105908
-0.105932
-0.105896
-0.106104
-0.106025
-0.106028
-0.106025
-0.106089
-0.106038
-0.106105
-0.105990
-0.105961
-0.106030
-0.106103
-0.105967
-0.106135
0.183386
-0.084153
-0.089798
-0.075235
-0.098408
-0.100878
-0.103195
-0.104313
-0.105540
-0.104066
-0.103113
-0.101394
-0.102491
-0.104385
-0.105825
-0.104760
-0.104027
-0.104289
-0.104717
-0.104373
-0.105355
-0.105406
-0.105333
-0.104893
-0.105094
-0.103458
-0.104994
-0.105270
-0.105749
-0.105200
-0.105115
-0.104658
-0.105190
-0.105423
-0.105748
-0.105978
-0.106063
-0.105823
-0.105528
-0.105620
-0.105986
-0.106044
-0.105800
-0.105629
-0.105600
-0.105802
-0.106054
-0.105916
-0.106168
-0.106125
-0.106083
-0.106159
-0.106024
-0.105398
-0.106136
-0.106148
-0.106076
-0.106067
-0.106058
-0.105587
-0.106029
-0.106078
-0.105971
-0.106005
-0.105967
-0.106092
-0.105943
-0.105909
-0.105985
-0.106038
-0.106063
-0.106090
-0.106132
-0.106035
-0.105882
-0.105899
-0.105951
-0.106011
-0.106065
-0.106033
-0.106026
-0.106042
-0.105950
-0.105967
-0.106011
-0.105863
-0.105991
-0.106088
-0.106004
-0.106061
-0.106110
-0.105957
-0.106020
-0.105995
-0.105952
-0.106040
-0.106067
-0.106093
-0.106052
-0.106007
3.173878
-0.059640
-0.061782
-0.074638
-0.096746
-0.099232
-0.105687
-0.105636
-0.102852
-0.102890
-0.104776
-0.105628
-0.105214
-0.103611
-0.103330
-0.104824
-0.104839
-0.105710
-0.105024
-0.104492
-0.104804
-0.105835
-0.105975
-0.104729
-0.105271
-0.103288
-0.103783
-0.105131
-0.105648
-0.104882
-0.104116
-0.104434
-0.105925
-0.105076
-0.105795
-0.105762
-0.105541
-0.105600
-0.105797
-0.105994
-0.105844
-0.105995
-0.105737
-0.105697
-0.106097
-0.105971
-0.106055
-0.105999
-0.106069
-0.105942
-0.105944
-0.106089
-0.105764
-0.105384
-0.105720
-0.106006
-0.106062
-0.105859
-0.105642
-0.105677
-0.105946
-0.106089
-0.106071
-0.106102
-0.106097
-0.106052
-0.106064
-0.106017
-0.106057
-0.105916
-0.105961
-0.106144
-0.105988
-0.106069
-0.106020
-0.105967
-0.106003
-0.106036
-0.106042
-0.105941
-0.106130
-0.105957
-0.105877
-0.106003
-0.105959
-0.105957
-0.105878
-0.105999
-0.106104
-0.105946
-0.105991
-0.105982
-0.105972
-0.106067
-0.106037
-0.106060
-0.106056
-0.106112
-0.106042
-0.105987
-0.059545
0.012669
-0.067763
-0.067722
-0.094712
-0.101587
-0.104664
-0.104378
-0.105157
-0.105171
-0.104883
-0.104848
-0.105168
-0.105203
-0.105335
-0.105485
-0.105509
-0.105817
-0.105778
-0.105566
-0.105491
-0.105645
-0.105489
-0.105612
-0.105198
-0.102207
-0.104134
-0.103770
-0.105518
-0.104050
-0.104560
-0.103684
-0.105342
-0.105984
-0.105724
-0.105794
-0.105739
-0.105783
-0.105871
-0.105919
-0.105902
-0.105926
-0.105917
-0.105899
-0.105901
-0.105860
-0.105887
-0.105943
-0.105977
-0.105976
-0.106034
-0.105963
-0.105806
-0.105539
-0.105765
-0.105317
-0.106023
-0.105373
-0.105675
-0.105640
-0.105864
-0.106031
-0.106083
-0.106045
-0.106067
-0.106053
-0.106023
-0.106014
-0.106020
-0.106025
-0.106041
-0.106057
-0.106059
-0.106076
-0.106062
-0.106035
-0.106022
-0.106027
-0.106017
-0.106053
-0.106058
-0.105799
-0.106004
-0.106014
-0.106042
-0.105985
-0.105938
-0.105786
-0.106042
-0.105934
-0.105994
-0.106045
-0.106025
-0.106062
-0.106096
-0.106098
-0.106096
-0.106087
-0.106070
-0.106058
-0.049036
0.200296
-0.036738
-0.072383
-0.080247
-0.096279
-0.102447
-0.103786
-0.104585
-0.104980
-0.105128
-0.105206
-0.105169
-0.105180
-0.105266
-0.105375
-0.105482
-0.105582
-0.105545
-0.105417
-0.105222
-0.105127
-0.104823
-0.105757
-0.103586
-0.101760
-0.100443
-0.097071
-0.104281
-0.100544
-0.104714
-0.104886
-0.103876
-0.104600
-0.105520
-0.105746
-0.105988
-0.106067
-0.106024
-0.105998
-0.105983
-0.106009
-0.106063
-0.106116
-0.106134
-0.106110
-0.106061
-0.106035
-0.106016
-0.106017
-0.105970
-0.105968
-0.105961
-0.105440
-0.105075
-0.104542
-0.105315
-0.105345
-0.105698
-0.105732
-0.105522
-0.105319
-0.105628
-0.105703
-0.105799
-0.105881
-0.105873
-0.105849
-0.105827
-0.105815
-0.105824
-0.105848
-0.105873
-0.105886
-0.105878
-0.105844
-0.105801
-0.105769
-0.105752
-0.105808
-0.105895
-0.105673
-0.105599
-0.105389
-0.106016
-0.105575
-0.105786
-0.105877
-0.105936
-0.106137
-0.105967
-0.105946
-0.105872
-0.105844
-0.105934
-0.105973
-0.105995
-0.105984
-0.105955
-0.105931
-0.092906
0.139905
-0.019702
-0.054468
-0.100216
-0.099411
-0.103850
-0.104506
-0.104483
-0.104422
-0.104491
-0.104717
-0.105180
-0.105493
-0.105690
-0.105676
-0.105473
-0.105574
-0.105551
-0.105629
-0.105635
-0.105815
-0.105760
-0.105723
-0.105584
-0.101899
-0.102385
-0.100022
-0.103508
-0.102885
-0.103495
-0.104495
-0.103954
-0.104080
-0.104999
-0.105330
-0.105549
-0.105644
-0.105594
-0.105519
-0.105431
-0.105467
-0.105523
-0.105614
-0.105731
-0.105759
-0.105754
-0.105688
-0.105597
-0.105516
-0.105482
-0.105680
-0.105559
-0.104935
-0.105184
-0.104727
-0.105553
-0.105484
-0.105834
-0.106046
-0.105696
-0.105737
-0.105800
-0.105848
-0.105905
-0.105952
-0.106035
-0.106077
-0.106065
-0.106009
-0.105968
-0.105950
-0.105955
-0.105991
-0.106041
-0.106093
-0.106105
-0.106035
-0.105959
-0.105876
-0.105796
-0.105918
-0.106009
-0.105816
-0.105641
-0.105997
-0.106002
-0.105908
-0.105940
-0.105896
-0.106041
-0.106084
-0.106086
-0.106068
-0.106013
-0.105997
-0.105999
-0.106027
-0.106067
-0.106112
