-2.812667
0.927261
-0.275884
-5.221002
-0.111472
-0.111474
0.436365
0.178575
1.092824
-0.176030
-0.111471
-0.111474
2.498055
0.979406
4.500252
0.383188
-0.111473
-0.111476
0.006475
1.276991
1.776419
-2.214156
-0.111473
-0.111478
-0.085137
2.662991
3.918970
-4.930777
-0.111473
-0.111478
-0.067451
0.756834
1.304048
-1.469542
-0.111472
-0.111478
13.794130
-0.110888
13.795115
13.793202
-0.111473
-0.111475
9.865358
2.181919
12.603214
5.299636
-0.111474
-0.111477
2.589812
0.384864
-0.028250
-0.089085
-0.051039
-0.026037
-0.013344
-0.064821
0.095405
-0.077507
-0.071811
-0.007518
-0.048539
-0.101012
0.117869
-0.081547
-0.078501
-0.071786
0.191756
-0.072864
-0.083866
-0.039785
-0.040214
-0.063048
-0.080707
-0.069265
-0.063227
-0.071648
-0.079704
-0.078678
-0.099176
0.005337
-0.095124
-0.060878
-0.093304
-0.054760
-0.105197
-0.095047
-0.105514
-0.100641
-0.101095
-0.085061
-0.105352
-0.106378
-0.107318
-0.100562
-0.102855
-0.100961
-0.100104
-0.101545
-0.104244
-0.101716
-0.102782
-0.101935
-0.101982
-0.101387
-0.103643
-0.109083
-0.102884
-0.104917
-0.098399
-0.109462
-0.104401
-0.091683
-0.105257
-0.108231
-0.100530
-0.079110
-0.110241
-0.106068
-0.109188
-0.099051
-0.104361
-0.106239
-0.109189
-0.097592
-0.100073
-0.104735
-0.097289
-0.101240
-0.090720
-0.100547
-0.091139
-0.107325
-0.095292
-0.106008
-0.102385
-0.104566
-0.104135
-0.104086
-0.105571
-0.104030
-0.104607
-0.104594
-0.105496
-0.105879
-0.106806
-0.106420
-0.107195
-0.106199
0.436550
-0.044101
-0.065613
-0.079003
-0.063184
-0.077569
-0.081576
-0.083553
-0.033640
-0.101070
-0.085868
-0.051460
-0.073027
-0.108902
-0.069532
-0.088802
-0.082036
-0.096374
-0.025582
-0.078616
-0.098983
-0.095328
-0.105334
-0.094298
-0.098849
-0.099044
-0.098997
-0.095680
-0.095186
-0.101454
-0.095192
-0.075496
-0.108403
-0.095834
-0.106333
-0.100215
-0.109338
-0.104108
-0.102385
-0.105184
-0.107768
-0.101083
-0.109444
-0.109024
-0.108032
-0.106029
-0.105849
-0.106374
-0.106463
-0.105666
-0.106767
-0.105734
-0.107624
-0.106955
-0.107017
-0.107250
-0.107342
-0.110824
-0.107753
-0.109132
-0.105377
-0.110729
-0.107751
-0.107724
-0.106761
-0.110298
-0.108801
-0.100764
-0.107823
-0.110042
-0.108940
-0.107175
-0.110066
-0.105427
-0.107285
-0.106224
-0.106933
-0.105760
-0.106814
-0.106819
-0.103157
-0.106903
-0.109394
-0.106646
-0.107800
-0.107620
-0.107624
-0.108059
-0.107361
-0.107255
-0.107985
-0.107305
-0.107565
-0.108033
-0.108118
-0.108531
-0.108745
-0.108598
-0.109100
-0.108674
2.496114
0.517738
0.147885
-0.007956
-0.055080
-0.012948
-0.032600
-0.028741
-0.035263
-0.059123
-0.050018
-0.021508
-0.070790
-0.061976
0.010802
-0.078049
-0.064537
-0.069816
0.059452
-0.062968
-0.097448
-0.083702
-0.074268
-0.079960
-0.081100
-0.072388
-0.103029
-0.099794
-0.102246
-0.089657
-0.092435
-0.049140
-0.103956
-0.100090
-0.093729
-0.087769
-0.110689
-0.098254
-0.107124
-0.102007
-0.106444
-0.099807
-0.108696
-0.101824
-0.104864
-0.104151
-0.106369
-0.103993
-0.100871
-0.102026
-0.103839
-0.101360
-0.102040
-0.102902
-0.105606
-0.104639
-0.104100
-0.105414
-0.104429
-0.105276
-0.101708
-0.107607
-0.102678
-0.099155
-0.106233
-0.106965
-0.100855
-0.093548
-0.107661
-0.109199
-0.107353
-0.103118
-0.107371
-0.107356
-0.108751
-0.101964
-0.102313
-0.102661
-0.101376
-0.102876
-0.097029
-0.101926
-0.100235
-0.106121
-0.098989
-0.103963
-0.102723
-0.103973
-0.103449
-0.103493
-0.104238
-0.103347
-0.104909
-0.103934
-0.104866
-0.104048
-0.105070
-0.104931
-0.105579
-0.105392
0.000448
0.826231
0.073477
0.020449
0.001200
-0.054318
-0.037132
-0.082900
-0.062244
-0.099019
-0.084902
-0.098015
-0.072864
-0.096083
-0.104092
-0.098242
-0.095243
-0.100962
-0.104221
-0.097387
-0.095369
-0.098070
-0.103411
-0.103953
-0.097315
-0.102191
-0.097187
-0.094789
-0.102685
-0.101048
-0.102553
-0.099974
-0.099992
-0.097249
-0.102821
-0.102873
-0.101361
-0.104113
-0.104408
-0.105616
-0.102835
-0.107117
-0.102576
-0.104185
-0.104424
-0.105921
-0.108735
-0.107097
-0.106129
-0.105333
-0.108923
-0.106055
-0.107061
-0.107970
-0.108391
-0.108287
-0.107149
-0.107152
-0.106179
-0.107908
-0.106201
-0.108054
-0.107334
-0.107160
-0.107283
-0.107639
-0.107633
-0.106285
-0.107616
-0.107748
-0.107843
-0.107641
-0.107935
-0.108094
-0.108097
-0.108432
-0.108393
-0.108514
-0.108748
-0.108584
-0.108638
-0.108768
-0.109606
-0.108809
-0.108995
-0.109060
-0.108898
-0.108930
-0.108500
-0.109306
-0.108323
-0.109493
-0.108733
-0.109145
-0.108601
-0.108308
-0.108420
-0.108117
-0.108807
-0.107904
-0.093959
1.742475
0.365179
0.116917
0.079628
-0.008680
0.062222
-0.050475
-0.017230
-0.092323
-0.063063
-0.102073
-0.038474
-0.079010
-0.102039
-0.102428
-0.080525
-0.078328
-0.056465
-0.087971
-0.082031
-0.083095
-0.101413
-0.096049
-0.078300
-0.071035
-0.092666
-0.098807
-0.095208
-0.087239
-0.096644
-0.088438
-0.083103
-0.078230
-0.096995
-0.093124
-0.091023
-0.091969
-0.093953
-0.098393
-0.094468
-0.105269
-0.094029
-0.092649
-0.096163
-0.100349
-0.103707
-0.102999
-0.098511
-0.099527
-0.103182
-0.099427
-0.102638
-0.104273
-0.104228
-0.105943
-0.102085
-0.099499
-0.099865
-0.104341
-0.099633
-0.103857
-0.101555
-0.100286
-0.100408
-0.102147
-0.102900
-0.096379
-0.101687
-0.103417
-0.103411
-0.101598
-0.103672
-0.104954
-0.105684
-0.102498
-0.102986
-0.103675
-0.105119
-0.103979
-0.102497
-0.105213
-0.107089
-0.104684
-0.105501
-0.105843
-0.105825
-0.105550
-0.104496
-0.105906
-0.103283
-0.106108
-0.105110
-0.105362
-0.104442
-0.103757
-0.103368
-0.103078
-0.104309
-0.103003
-0.069347
0.481655
-0.014275
-0.058075
-0.050066
-0.076445
-0.074987
-0.095137
-0.085248
-0.108961
-0.099069
-0.100393
-0.080351
-0.106129
-0.104628
-0.105792
-0.091876
-0.099420
-0.093372
-0.102188
-0.094156
-0.099040
-0.106673
-0.101359
-0.103502
-0.097419
-0.097706
-0.106796
-0.107128
-0.097598
-0.108108
-0.105462
-0.107520
-0.102513
-0.104662
-0.106988
-0.107990
-0.107508
-0.107698
-0.108398
-0.106788
-0.110046
-0.107431
-0.108475
-0.107495
-0.107818
-0.109688
-0.109964
-0.108846
-0.108249
-0.109022
-0.108539
-0.109576
-0.110157
-0.109905
-0.109654
-0.109511
-0.109554
-0.109012
-0.110095
-0.109101
-0.110690
-0.109140
-0.109840
-0.109686
-0.110460
-0.109833
-0.107998
-0.109947
-0.110388
-0.110298
-0.109176
-0.109632
-0.110214
-0.110506
-0.109877
-0.110022
-0.109607
-0.111112
-0.110091
-0.109488
-0.110358
-0.110964
-0.110481
-0.110567
-0.110393
-0.110343
-0.110636
-0.110090
-0.110753
-0.109978
-0.110792
-0.110289
-0.110689
-0.110546
-0.110261
-0.110296
-0.109680
-0.110477
-0.109972
-1.668124
0.145924
-1.140174
-2.026434
-0.111470
-0.111474
-0.417834
0.074416
-0.036215
-0.813125
-0.111472
-0.111474
3.290077
0.110217
3.605032
2.791312
-0.111475
-0.111474
-0.293635
0.278726
0.406154
-0.971559
-0.111472
-0.111476
-0.076219
0.518929
1.051327
-1.196421
-0.111473
-0.111475
-0.223641
0.560825
1.066957
-1.174747
-0.111471
-0.111476
8.241606
0.413688
9.271377
7.652271
-0.111470
-0.111476
1.446056
0.034117
-0.046570
-0.028831
-0.104246
-0.102836
-0.099865
-0.102559
-0.111400
-0.108764
-0.104774
-0.108406
-0.105239
-0.105757
-0.106466
-0.107689
-0.106244
-0.105134
-0.105369
-0.107419
-0.109044
-0.107575
-0.109983
-0.110148
-0.108209
-0.110254
-0.110747
-0.109958
-0.108790
-0.110154
-0.110894
-0.107559
-0.106029
-0.108963
-0.109902
-0.110425
-0.108812
-0.106398
-0.110259
-0.110817
-0.110845
-0.111068
-0.110593
-0.110634
-0.110411
-0.111117
-0.111153
-0.110912
-0.109829
-0.110550
-0.110257
-0.110520
-0.109906
-0.110493
-0.111006
-0.110696
-0.111327
-0.111141
-0.110819
-0.110895
-0.110867
-0.110966
-0.111219
-0.111041
-0.110817
-0.110651
-0.109785
-0.111421
-0.110767
-0.111391
-0.110933
-0.110339
-0.110676
-0.110730
-0.111031
-0.111072
-0.110915
-0.110939
-0.110891
-0.110993
-0.111319
-0.110842
-0.110748
-0.110968
-0.110941
-0.110883
-0.111068
-0.110934
-0.111057
-0.110930
-0.111192
-0.111213
-0.111192
-0.110898
-0.110724
-0.110790
-0.111223
-0.110930
-0.111270
-0.111146
0.196011
-0.040787
-0.051135
-0.022389
-0.109934
-0.102364
-0.111047
-0.099403
-0.106513
-0.109049
-0.108447
-0.105532
-0.106663
-0.105330
-0.105932
-0.101089
-0.104208
-0.110408
-0.105164
-0.107101
-0.110019
-0.109845
-0.109696
-0.108877
-0.110528
-0.111118
-0.110789
-0.110863
-0.108711
-0.110210
-0.109228
-0.106715
-0.107308
-0.109293
-0.110653
-0.109850
-0.110046
-0.107004
-0.109145
-0.110113
-0.111146
-0.110493
-0.110808
-0.110803
-0.110780
-0.110710
-0.110660
-0.110720
-0.110997
-0.110547
-0.111034
-0.110613
-0.110666
-0.110801
-0.110729
-0.110964
-0.110699
-0.111308
-0.110888
-0.111205
-0.110984
-0.111387
-0.111037
-0.111102
-0.111287
-0.110720
-0.110511
-0.110543
-0.111255
-0.111371
-0.110835
-0.111031
-0.110313
-0.111013
-0.110874
-0.111224
-0.111043
-0.111168
-0.111142
-0.110988
-0.111161
-0.110878
-0.110866
-0.111016
-0.110708
-0.110674
-0.110870
-0.110807
-0.110904
-0.110986
-0.111010
-0.111325
-0.111162
-0.111268
-0.110752
-0.111247
-0.110941
-0.110958
-0.111208
-0.111129
3.288715
-0.034114
-0.037796
-0.015760
-0.066582
-0.094001
-0.096650
-0.098020
-0.100544
-0.098655
-0.100636
-0.103159
-0.104542
-0.103507
-0.100758
-0.107823
-0.100868
-0.110819
-0.103135
-0.108159
-0.103932
-0.105123
-0.107977
-0.108668
-0.108155
-0.108310
-0.108211
-0.107698
-0.108010
-0.109190
-0.108331
-0.109065
-0.104259
-0.107536
-0.108243
-0.109827
-0.110002
-0.104359
-0.108895
-0.110372
-0.109516
-0.108540
-0.108878
-0.109059
-0.109623
-0.109537
-0.109963
-0.109715
-0.108679
-0.109507
-0.109003
-0.110209
-0.109579
-0.109369
-0.109296
-0.109386
-0.110166
-0.110139
-0.109645
-0.109665
-0.109584
-0.109992
-0.109869
-0.109889
-0.109773
-0.110425
-0.108812
-0.109612
-0.110280
-0.110829
-0.110415
-0.109670
-0.110471
-0.109770
-0.109870
-0.109881
-0.110098
-0.110010
-0.110087
-0.109809
-0.110243
-0.110025
-0.109912
-0.109906
-0.110022
-0.110147
-0.110297
-0.109846
-0.110074
-0.109898
-0.110192
-0.110152
-0.110089
-0.109949
-0.109980
-0.110150
-0.109950
-0.110168
-0.110603
-0.110865
0.072717
0.076693
0.033394
0.023965
-0.092547
-0.092424
-0.100277
-0.107146
-0.105776
-0.105703
-0.106757
-0.105769
-0.107293
-0.108456
-0.108728
-0.108581
-0.108603
-0.108504
-0.108790
-0.109147
-0.109270
-0.109385
-0.109280
-0.108562
-0.109108
-0.109314
-0.109623
-0.109624
-0.109284
-0.108301
-0.108502
-0.105109
-0.101134
-0.108353
-0.110740
-0.108792
-0.110282
-0.102128
-0.110551
-0.109585
-0.109947
-0.110425
-0.110055
-0.110082
-0.110189
-0.110164
-0.110326
-0.110480
-0.110413
-0.110321
-0.110363
-0.110409
-0.110486
-0.110540
-0.110484
-0.110476
-0.110495
-0.110420
-0.110503
-0.110610
-0.110445
-0.110427
-0.110463
-0.110419
-0.110398
-0.110864
-0.108225
-0.110903
-0.110859
-0.110910
-0.110434
-0.108749
-0.111095
-0.110545
-0.110532
-0.110656
-0.110618
-0.110697
-0.110729
-0.110719
-0.110687
-0.110725
-0.110721
-0.110730
-0.110769
-0.110768
-0.110722
-0.110729
-0.110727
-0.110772
-0.110784
-0.110742
-0.110639
-0.110634
-0.110713
-0.110214
-0.110552
-0.110835
-0.110691
-0.111059
-0.072588
0.287010
0.081839
-0.080574
-0.086537
-0.093467
-0.090489
-0.105321
-0.103761
-0.105904
-0.107355
-0.107923
-0.108619
-0.109088
-0.109366
-0.109484
-0.109563
-0.109683
-0.110099
-0.110201
-0.110111
-0.110145
-0.110214
-0.110294
-0.110432
-0.110306
-0.110272
-0.110591
-0.109854
-0.107770
-0.107220
-0.110311
-0.103868
-0.104903
-0.105671
-0.103613
-0.106748
-0.106884
-0.109736
-0.108790
-0.108789
-0.110397
-0.110108
-0.110384
-0.110565
-0.110628
-0.110609
-0.110622
-0.110693
-0.110743
-0.110794
-0.110805
-0.110811
-0.110804
-0.110820
-0.110876
-0.110911
-0.110861
-0.110957
-0.111039
-0.110897
-0.110995
-0.110826
-0.110663
-0.110823
-0.110835
-0.110774
-0.109167
-0.109746
-0.110441
-0.109842
-0.110272
-0.111168
-0.111154
-0.110815
-0.110787
-0.110912
-0.110933
-0.110943
-0.110947
-0.110940
-0.110972
-0.111001
-0.110995
-0.110992
-0.110986
-0.110985
-0.110999
-0.110998
-0.110990
-0.111012
-0.110864
-0.110953
-0.111078
-0.110891
-0.111024
-0.110575
-0.110975
-0.110949
-0.110583
0.003332
0.320349
0.036572
0.014256
-0.091368
-0.092324
-0.103446
-0.104934
-0.105710
-0.107226
-0.108172
-0.108344
-0.109053
-0.109459
-0.109554
-0.109505
-0.109681
-0.110040
-0.110486
-0.110519
-0.110171
-0.110011
-0.110178
-0.110795
-0.111060
-0.110755
-0.110204
-0.110117
-0.110592
-0.111126
-0.110625
-0.107916
-0.100852
-0.103377
-0.108051
-0.104817
-0.106372
-0.103078
-0.109393
-0.110693
-0.110963
-0.110822
-0.111005
-0.111255
-0.111355
-0.111356
-0.111171
-0.111133
-0.111197
-0.111348
-0.111440
-0.111302
-0.111209
-0.111192
-0.111256
-0.111356
-0.111373
-0.111235
-0.111221
-0.111271
-0.111197
-0.111106
-0.111386
-0.111116
-0.110698
-0.111115
-0.109527
-0.110180
-0.109732
-0.110224
-0.109874
-0.110019
-0.110315
-0.110871
-0.110849
-0.111078
-0.111271
-0.111216
-0.111154
-0.111148
-0.111159
-0.111228
-0.111256
-0.111241
-0.111200
-0.111200
-0.111234
-0.111267
-0.111253
-0.111203
-0.111214
-0.111273
-0.111277
-0.111227
-0.110716
-0.110955
-0.110920
-0.110950
-0.110382
-0.110976
