-2.500187
1.354509
0.830566
-5.859551
-0.117337
-0.117339
0.077379
0.522021
1.611695
-1.749978
-0.117337
-0.117337
2.575039
1.179639
5.065572
-0.250684
-0.117337
-0.117340
-0.302017
0.972272
1.900767
-1.891554
-0.117336
-0.117341
-0.349562
2.460762
4.160271
-5.183501
-0.117337
-0.117342
-0.046277
0.976038
2.124757
-1.992511
-0.117336
-0.117342
13.681347
-0.116167
13.684025
13.679564
-0.117333
-0.117336
8.938585
2.669167
13.219980
4.516912
-0.117337
-0.117342
2.261816
0.306449
-0.013525
-0.053690
-0.021983
-0.033758
-0.058124
-0.094362
0.007614
-0.103543
-0.002836
-0.010821
0.158887
0.049632
-0.098107
0.131894
0.087136
0.040268
0.083491
0.119580
0.093640
-0.085531
0.058328
-0.068990
0.027421
0.032888
0.049021
0.095072
-0.004930
0.161291
-0.037772
0.051034
0.040545
-0.032668
-0.052780
0.059188
0.029603
0.024233
-0.039112
0.014556
-0.054512
-0.028907
-0.026642
-0.091862
-0.083688
-0.093756
-0.038201
-0.074965
-0.066939
-0.063883
-0.089179
-0.087162
-0.094367
-0.103227
-0.092387
-0.096677
-0.103151
-0.100071
-0.114468
-0.108002
-0.108668
-0.109990
-0.111291
-0.103046
-0.113029
-0.106150
-0.110774
-0.111792
-0.108290
-0.108568
-0.110228
-0.107877
-0.111729
-0.114132
-0.100797
-0.107378
-0.108788
-0.104238
-0.095998
-0.104357
-0.104791
-0.105513
-0.093256
-0.107677
-0.088095
-0.086189
-0.112170
-0.109454
-0.091111
-0.105283
-0.101060
-0.112239
-0.075399
-0.079811
-0.098569
-0.080281
-0.106820
-0.087259
-0.068266
-0.069398
0.077778
-0.019465
-0.020092
-0.066397
-0.095101
-0.034176
-0.077698
-0.095188
-0.031310
-0.104824
-0.078463
-0.073318
0.020155
-0.007552
-0.076734
0.019194
-0.073202
-0.057486
-0.078201
-0.064040
-0.035810
-0.002195
-0.005909
-0.083636
-0.099336
-0.071332
-0.035152
-0.044883
-0.003728
-0.035112
-0.090218
-0.072041
-0.092237
-0.091094
-0.061043
-0.054526
-0.056242
-0.068088
-0.026796
-0.097728
-0.086450
-0.098888
-0.113431
-0.076005
-0.104584
-0.100355
-0.107014
-0.105114
-0.090612
-0.106380
-0.102377
-0.103161
-0.093267
-0.109700
-0.098338
-0.111763
-0.117094
-0.108606
-0.116082
-0.113939
-0.115538
-0.115575
-0.113929
-0.108282
-0.115724
-0.116314
-0.113058
-0.115108
-0.113092
-0.114661
-0.115970
-0.109367
-0.116937
-0.115912
-0.110491
-0.111836
-0.115751
-0.111154
-0.110768
-0.110927
-0.110293
-0.109402
-0.102995
-0.104982
-0.106907
-0.109128
-0.115424
-0.103185
-0.102522
-0.111683
-0.113133
-0.109927
-0.106646
-0.108849
-0.100378
-0.109745
-0.100235
-0.113470
-0.105776
-0.100573
2.571052
0.640415
-0.052500
-0.019170
-0.042272
-0.059253
-0.089079
-0.068003
-0.099719
-0.064270
-0.072637
-0.095901
-0.041210
-0.056528
-0.093226
-0.055597
-0.046586
-0.084678
-0.039662
-0.020736
-0.062769
-0.039819
-0.015716
-0.053409
-0.024774
0.008361
-0.009385
0.007694
-0.032611
0.053533
-0.066413
-0.011490
-0.014744
-0.061243
-0.076135
-0.013595
-0.014175
-0.025995
-0.048333
-0.045901
-0.056247
-0.063767
-0.046206
-0.096619
-0.088644
-0.104200
-0.094973
-0.102935
-0.098640
-0.095298
-0.111606
-0.110311
-0.111158
-0.114091
-0.106504
-0.100072
-0.105316
-0.107438
-0.115715
-0.112717
-0.112624
-0.108963
-0.114103
-0.110777
-0.112756
-0.104456
-0.112067
-0.109308
-0.108248
-0.111530
-0.109451
-0.109056
-0.109245
-0.113179
-0.106224
-0.114099
-0.108117
-0.115326
-0.104082
-0.111944
-0.111672
-0.112802
-0.102434
-0.112254
-0.100595
-0.107629
-0.108637
-0.112459
-0.101019
-0.113162
-0.105712
-0.106199
-0.090506
-0.091438
-0.103032
-0.097844
-0.115120
-0.099146
-0.080205
-0.083791
0.072170
0.605555
0.046946
-0.113004
-0.077262
-0.010448
-0.079823
-0.104809
-0.067629
-0.071995
-0.104773
-0.084343
-0.065413
-0.080075
-0.077475
-0.061178
-0.104648
-0.060863
-0.074282
-0.081994
-0.088465
-0.090120
-0.077549
-0.103664
-0.106561
-0.096517
-0.100586
-0.085249
-0.107623
-0.109041
-0.102084
-0.102686
-0.105857
-0.112889
-0.113767
-0.104286
-0.113470
-0.106655
-0.106025
-0.100198
-0.116749
-0.109163
-0.113365
-0.105118
-0.108967
-0.112061
-0.106595
-0.108431
-0.101537
-0.115527
-0.112856
-0.115226
-0.113854
-0.108003
-0.111029
-0.114022
-0.113771
-0.113884
-0.114167
-0.114458
-0.114807
-0.115431
-0.116025
-0.115741
-0.115143
-0.113259
-0.114524
-0.112387
-0.113204
-0.113525
-0.113524
-0.115472
-0.114751
-0.116225
-0.116404
-0.115218
-0.115259
-0.116997
-0.113433
-0.113508
-0.112157
-0.113839
-0.113316
-0.114992
-0.113127
-0.115770
-0.114927
-0.112067
-0.114224
-0.114115
-0.113528
-0.112107
-0.116502
-0.115169
-0.116766
-0.112755
-0.114319
-0.115552
-0.114833
-0.115097
0.125348
1.640159
0.074116
0.118009
-0.036956
0.066822
-0.041557
-0.067622
-0.027204
-0.008254
-0.082220
-0.108655
-0.003691
-0.054634
-0.091614
-0.065063
-0.063616
-0.082252
-0.026663
-0.057658
-0.031891
-0.055700
-0.112650
-0.091227
-0.105642
-0.083151
-0.067570
-0.051683
-0.086769
-0.087811
-0.097369
-0.109417
-0.104184
-0.089073
-0.094928
-0.089965
-0.092938
-0.107421
-0.099990
-0.087088
-0.093686
-0.097811
-0.107409
-0.107147
-0.099234
-0.103699
-0.088716
-0.100989
-0.102464
-0.115310
-0.107355
-0.107360
-0.111385
-0.114001
-0.109672
-0.110545
-0.102158
-0.111363
-0.111189
-0.110662
-0.114446
-0.113921
-0.111972
-0.105835
-0.105201
-0.111653
-0.109161
-0.106654
-0.113899
-0.112448
-0.116499
-0.110041
-0.109832
-0.111627
-0.109481
-0.112278
-0.112968
-0.112177
-0.107037
-0.113625
-0.116051
-0.111880
-0.110260
-0.110875
-0.109123
-0.109517
-0.108260
-0.112747
-0.112500
-0.111119
-0.114831
-0.109500
-0.109579
-0.106456
-0.113127
-0.112986
-0.109729
-0.112715
-0.108736
-0.109039
-0.051831
0.630905
-0.031815
-0.091752
-0.106394
-0.056285
-0.106416
-0.107952
-0.092795
-0.083943
-0.094231
-0.095900
-0.075489
-0.075647
-0.092386
-0.073069
-0.069936
-0.063020
-0.084157
-0.097355
-0.075784
-0.080475
-0.073496
-0.091692
-0.109219
-0.106332
-0.086918
-0.106557
-0.095279
-0.103209
-0.102076
-0.109098
-0.097168
-0.115669
-0.098476
-0.111080
-0.111376
-0.110768
-0.097460
-0.112367
-0.108764
-0.107151
-0.117041
-0.099988
-0.112183
-0.111885
-0.105786
-0.112275
-0.104046
-0.112300
-0.107314
-0.114156
-0.110566
-0.112279
-0.111129
-0.114212
-0.116516
-0.116881
-0.115019
-0.115322
-0.113651
-0.116711
-0.116322
-0.116285
-0.113503
-0.113839
-0.114998
-0.111474
-0.116039
-0.115735
-0.116172
-0.115179
-0.115364
-0.115296
-0.115008
-0.117117
-0.116572
-0.114966
-0.114670
-0.115027
-0.113432
-0.112954
-0.113196
-0.112004
-0.113831
-0.114529
-0.111552
-0.113427
-0.113553
-0.114604
-0.115586
-0.114808
-0.113060
-0.116618
-0.115812
-0.115825
-0.112058
-0.115473
-0.114175
-0.115723
-1.927360
0.214428
-1.295922
-2.483646
-0.117336
-0.117340
-0.305139
0.106126
0.212122
-0.798335
-0.117338
-0.117338
3.091274
0.103650
3.461187
2.594901
-0.117337
-0.117340
0.114986
0.314203
0.825599
-0.718737
-0.117339
-0.117339
0.029540
0.544009
1.118262
-0.979557
-0.117337
-0.117342
-0.527635
0.868871
1.334205
-2.088847
-0.117336
-0.117340
8.183358
0.402853
9.036376
7.273560
-0.117338
-0.117342
1.693092
0.000336
0.043709
-0.025129
-0.060056
-0.083825
-0.098488
-0.106717
-0.106981
-0.110985
-0.098523
-0.110292
-0.101175
-0.114041
-0.114632
-0.110819
-0.112499
-0.106442
-0.114610
-0.112404
-0.116487
-0.113242
-0.111000
-0.114221
-0.113480
-0.114965
-0.113744
-0.116430
-0.112795
-0.115766
-0.110980
-0.105121
-0.110736
-0.115899
-0.114442
-0.114738
-0.107953
-0.113114
-0.114097
-0.116923
-0.115274
-0.115841
-0.115780
-0.115886
-0.115513
-0.115163
-0.115650
-0.116079
-0.116804
-0.116067
-0.116312
-0.115244
-0.115322
-0.115865
-0.115617
-0.117085
-0.115282
-0.116278
-0.116222
-0.116168
-0.115975
-0.116156
-0.116561
-0.116073
-0.116319
-0.115824
-0.115497
-0.116627
-0.116739
-0.116137
-0.116636
-0.116213
-0.115751
-0.116400
-0.116314
-0.116270
-0.116088
-0.116342
-0.116317
-0.116157
-0.116053
-0.116138
-0.116625
-0.116499
-0.116624
-0.116368
-0.116248
-0.116504
-0.116312
-0.116764
-0.116464
-0.116395
-0.116460
-0.116493
-0.116239
-0.116266
-0.116058
-0.116120
-0.116192
-0.116004
0.071296
-0.013264
-0.075685
-0.047777
-0.036403
-0.101532
-0.110600
-0.115842
-0.116306
-0.115976
-0.113088
-0.114375
-0.107063
-0.115542
-0.105540
-0.109886
-0.114294
-0.112062
-0.112964
-0.110358
-0.113071
-0.114676
-0.115201
-0.114114
-0.116118
-0.116637
-0.116965
-0.116061
-0.113374
-0.109804
-0.116255
-0.114880
-0.116033
-0.114757
-0.115392
-0.114285
-0.114478
-0.115363
-0.114388
-0.113896
-0.115582
-0.115949
-0.115903
-0.115895
-0.116929
-0.116737
-0.115445
-0.116436
-0.115411
-0.115839
-0.115435
-0.116202
-0.116063
-0.116731
-0.116618
-0.116726
-0.116985
-0.116718
-0.116608
-0.116398
-0.116366
-0.116149
-0.115958
-0.116921
-0.116525
-0.116923
-0.117154
-0.116967
-0.117196
-0.116909
-0.116354
-0.116175
-0.116128
-0.116556
-0.116928
-0.116946
-0.116900
-0.116833
-0.116933
-0.117008
-0.116668
-0.116752
-0.116452
-0.116604
-0.116700
-0.116874
-0.116688
-0.117281
-0.116973
-0.116807
-0.116825
-0.116865
-0.116760
-0.116620
-0.116863
-0.117251
-0.117098
-0.116884
-0.117201
-0.116841
3.090055
-0.025402
-0.032958
-0.069619
-0.049776
-0.084354
-0.107417
-0.112704
-0.115414
-0.114278
-0.108705
-0.112729
-0.115307
-0.114042
-0.114005
-0.101949
-0.112260
-0.112114
-0.104399
-0.114047
-0.115699
-0.115776
-0.115424
-0.114216
-0.116814
-0.115616
-0.115858
-0.116874
-0.112783
-0.110424
-0.113284
-0.114879
-0.113801
-0.115439
-0.116480
-0.113888
-0.114766
-0.112734
-0.114530
-0.116109
-0.117057
-0.116934
-0.116982
-0.116639
-0.116468
-0.116924
-0.116918
-0.116946
-0.115405
-0.115724
-0.116171
-0.115830
-0.116113
-0.116787
-0.117110
-0.117233
-0.116635
-0.117238
-0.117007
-0.117058
-0.116989
-0.116770
-0.115981
-0.116199
-0.116977
-0.116465
-0.116424
-0.117037
-0.116666
-0.116795
-0.116136
-0.116919
-0.117060
-0.117144
-0.117205
-0.117240
-0.117061
-0.117111
-0.117212
-0.117071
-0.117107
-0.116891
-0.116917
-0.116975
-0.116773
-0.117101
-0.116978
-0.117162
-0.117230
-0.117184
-0.117209
-0.117175
-0.117300
-0.117109
-0.117080
-0.116846
-0.117283
-0.116839
-0.117223
-0.117086
0.111289
0.074701
0.110657
-0.087684
-0.096877
-0.089212
-0.092194
-0.098894
-0.101225
-0.102562
-0.103644
-0.106614
-0.106776
-0.107693
-0.107891
-0.108973
-0.110066
-0.110092
-0.110019
-0.110765
-0.111602
-0.111654
-0.110693
-0.111484
-0.112735
-0.112508
-0.111574
-0.112507
-0.113787
-0.113255
-0.111634
-0.112816
-0.108466
-0.112387
-0.114073
-0.113868
-0.109418
-0.112732
-0.115097
-0.114676
-0.113645
-0.113882
-0.114498
-0.114467
-0.113838
-0.114144
-0.114525
-0.114559
-0.114264
-0.114337
-0.114721
-0.114761
-0.114487
-0.114537
-0.114884
-0.115017
-0.114683
-0.114575
-0.114998
-0.115152
-0.114582
-0.114430
-0.115117
-0.115569
-0.114469
-0.115257
-0.114167
-0.114594
-0.114719
-0.116104
-0.114655
-0.114539
-0.115274
-0.115503
-0.115067
-0.114986
-0.115309
-0.115499
-0.115193
-0.115101
-0.115329
-0.115452
-0.115241
-0.115146
-0.115356
-0.115487
-0.115281
-0.115177
-0.115378
-0.115540
-0.115318
-0.115169
-0.115412
-0.115709
-0.115350
-0.114986
-0.115269
-0.115947
-0.115259
-0.115447
0.031127
0.301221
-0.058070
0.046146
-0.069760
-0.041252
-0.092765
-0.091774
-0.097125
-0.100403
-0.103502
-0.104354
-0.104757
-0.106072
-0.107600
-0.107752
-0.107939
-0.108743
-0.109752
-0.109735
-0.109726
-0.110302
-0.111185
-0.110856
-0.110800
-0.111434
-0.112704
-0.111192
-0.112504
-0.103859
-0.107678
-0.109534
-0.109430
-0.109183
-0.107026
-0.113386
-0.110152
-0.109683
-0.116420
-0.113361
-0.114587
-0.114276
-0.113827
-0.113851
-0.114296
-0.114350
-0.114050
-0.114092
-0.114470
-0.114483
-0.114235
-0.114274
-0.114608
-0.114632
-0.114386
-0.114391
-0.114781
-0.114792
-0.114463
-0.114400
-0.114996
-0.114573
-0.113471
-0.114278
-0.113608
-0.114033
-0.116134
-0.115777
-0.113974
-0.112991
-0.115660
-0.114822
-0.114984
-0.114739
-0.115109
-0.115234
-0.115000
-0.114936
-0.115150
-0.115256
-0.115073
-0.114988
-0.115181
-0.115290
-0.115118
-0.115024
-0.115209
-0.115331
-0.115160
-0.115024
-0.115232
-0.115415
-0.115217
-0.115044
-0.115479
-0.115795
-0.114990
-0.114499
-0.115434
-0.114907
0.298567
0.495202
0.199087
-0.030808
-0.092576
-0.070446
-0.106099
-0.104373
-0.109463
-0.112269
-0.111986
-0.112062
-0.113313
-0.114848
-0.113685
-0.113698
-0.114957
-0.115782
-0.114823
-0.114517
-0.115588
-0.116225
-0.114907
-0.115293
-0.115898
-0.116600
-0.114556
-0.115394
-0.111995
-0.111463
-0.109540
-0.106367
-0.105210
-0.111868
-0.107156
-0.107836
-0.105257
-0.114568
-0.112703
-0.116051
-0.114559
-0.115482
-0.116529
-0.116398
-0.115637
-0.115926
-0.116634
-0.116582
-0.116106
-0.116175
-0.116732
-0.116768
-0.116282
-0.116329
-0.116829
-0.116947
-0.116427
-0.116381
-0.116910
-0.116915
-0.116505
-0.116865
-0.115333
-0.115319
-0.115666
-0.116717
-0.114724
-0.115213
-0.115655
-0.114053
-0.115383
-0.116793
-0.116496
-0.117251
-0.116571
-0.116349
-0.116694
-0.117105
-0.116628
-0.116446
-0.116710
-0.117027
-0.116652
-0.116470
-0.116704
-0.117028
-0.116667
-0.116450
-0.116652
-0.117048
-0.116652
-0.116371
-0.116547
-0.117117
-0.116443
-0.115941
-0.115671
-0.116488
-0.115759
-0.116957
