-2.688360
0.901212
-0.184523
-4.921389
-0.110222
-0.110224
0.616845
0.238621
1.438995
-0.183346
-0.110222
-0.110225
2.025899
0.691042
3.494472
0.504989
-0.110222
-0.110226
-0.465380
1.346545
2.355829
-2.488735
-0.110221
-0.110227
-1.225460
2.000900
3.078168
-4.702869
-0.110221
-0.110227
-0.502799
0.418536
0.422148
-1.583122
-0.110223
-0.110227
14.099394
-0.109003
14.101642
14.097344
-0.110221
-0.110226
8.241864
1.477059
10.811422
5.616201
-0.110222
-0.110228
2.459673
0.297021
-0.081008
-0.032280
-0.030539
-0.046379
-0.068670
0.128511
-0.058474
0.012359
-0.027346
0.091987
-0.015758
-0.027482
-0.096018
-0.021220
0.053895
0.064383
0.041307
0.046774
0.003463
-0.043197
-0.051672
-0.038507
-0.055778
0.020348
-0.057642
-0.077678
-0.028441
-0.023488
-0.075653
-0.108153
-0.067912
-0.052677
-0.091916
-0.091736
-0.084885
-0.074087
-0.094222
-0.101848
-0.097496
-0.098109
-0.103493
-0.101814
-0.101017
-0.097399
-0.106080
-0.103996
-0.099252
-0.103473
-0.109477
-0.096175
-0.104534
-0.105308
-0.103484
-0.089741
-0.099941
-0.098696
-0.102598
-0.097601
-0.101823
-0.088943
-0.084690
-0.099399
-0.091658
-0.107775
-0.101694
-0.103144
-0.101520
-0.091011
-0.099905
-0.102605
-0.101532
-0.096000
-0.097559
-0.108729
-0.102859
-0.104046
-0.101767
-0.107008
-0.105455
-0.105563
-0.105903
-0.107390
-0.109743
-0.107399
-0.107876
-0.108908
-0.109000
-0.108173
-0.107889
-0.108973
-0.108403
-0.109128
-0.105543
-0.106372
-0.110100
-0.106733
-0.106387
-0.105543
0.615486
-0.088326
-0.056379
-0.087960
-0.079006
-0.076919
-0.082564
-0.010132
-0.080700
-0.070837
-0.076860
-0.076318
-0.056999
-0.061285
-0.074911
-0.043259
-0.016927
-0.047206
-0.063920
-0.067190
-0.097820
-0.087437
-0.046446
-0.089093
-0.094574
-0.079721
-0.087673
-0.094134
-0.072620
-0.069577
-0.102816
-0.095601
-0.099471
-0.101431
-0.108272
-0.105656
-0.101112
-0.099921
-0.104508
-0.107811
-0.106959
-0.109321
-0.108777
-0.108653
-0.109092
-0.108287
-0.109514
-0.109310
-0.108258
-0.109161
-0.109877
-0.104853
-0.108871
-0.106235
-0.107556
-0.105784
-0.108161
-0.105253
-0.107695
-0.106868
-0.103455
-0.103323
-0.099903
-0.108023
-0.106733
-0.107274
-0.103029
-0.106189
-0.105926
-0.106332
-0.105262
-0.108505
-0.105563
-0.103362
-0.108821
-0.107314
-0.107964
-0.109163
-0.109263
-0.109216
-0.109026
-0.108640
-0.109790
-0.108162
-0.109447
-0.109068
-0.109533
-0.109215
-0.108954
-0.109213
-0.109964
-0.108749
-0.109492
-0.108989
-0.108526
-0.109727
-0.109397
-0.109439
-0.109940
-0.109560
2.017555
0.414535
-0.040831
-0.067822
-0.104744
-0.087328
-0.091858
-0.073761
-0.103869
-0.090630
-0.082037
-0.044863
-0.050247
-0.105524
-0.082260
-0.078432
-0.061190
-0.069420
-0.053802
-0.057425
-0.033643
-0.082469
-0.079573
-0.071697
-0.059770
-0.045466
-0.086530
-0.097498
-0.073558
-0.083430
-0.101433
-0.098787
-0.090908
-0.090581
-0.103107
-0.106694
-0.104082
-0.099583
-0.105170
-0.103844
-0.104409
-0.102935
-0.106874
-0.100547
-0.105304
-0.102015
-0.108617
-0.105098
-0.105439
-0.109108
-0.108643
-0.104219
-0.105743
-0.109026
-0.106918
-0.100455
-0.104189
-0.107886
-0.108075
-0.105640
-0.107532
-0.105408
-0.099852
-0.105348
-0.099927
-0.109169
-0.105826
-0.105662
-0.103449
-0.099566
-0.105432
-0.106626
-0.104045
-0.108032
-0.108363
-0.108784
-0.107476
-0.107268
-0.109150
-0.110079
-0.109016
-0.108966
-0.109882
-0.108376
-0.108361
-0.108233
-0.109525
-0.109431
-0.108202
-0.108641
-0.109085
-0.108825
-0.108797
-0.108441
-0.109361
-0.109377
-0.109152
-0.109031
-0.109754
-0.109548
0.250231
0.891220
0.016952
-0.012928
-0.044481
-0.052834
-0.030883
-0.050639
-0.090480
-0.060147
-0.068708
-0.067098
-0.097780
-0.095612
-0.081529
-0.100851
-0.066455
-0.104536
-0.083770
-0.099964
-0.091650
-0.091244
-0.099405
-0.108405
-0.095177
-0.102845
-0.101658
-0.101290
-0.102409
-0.099147
-0.108213
-0.101408
-0.103702
-0.104637
-0.108372
-0.103392
-0.104704
-0.108244
-0.108601
-0.106743
-0.106721
-0.107971
-0.109131
-0.108197
-0.104412
-0.104013
-0.105253
-0.104623
-0.107933
-0.109943
-0.106596
-0.106147
-0.108652
-0.109372
-0.106570
-0.107896
-0.109183
-0.107154
-0.108052
-0.108155
-0.108130
-0.108065
-0.109548
-0.108456
-0.109835
-0.107130
-0.108148
-0.109371
-0.109532
-0.107026
-0.108932
-0.109834
-0.109026
-0.107465
-0.108608
-0.108621
-0.108514
-0.107939
-0.109001
-0.109433
-0.108485
-0.108706
-0.109736
-0.108918
-0.108941
-0.109249
-0.109620
-0.108649
-0.109718
-0.108587
-0.108171
-0.109472
-0.108952
-0.109776
-0.108950
-0.109047
-0.109076
-0.109323
-0.108808
-0.108930
1.009827
1.328714
-0.002479
0.088351
0.074619
-0.065503
0.014175
-0.030297
-0.076385
-0.016016
-0.063740
-0.025297
-0.089348
-0.090745
-0.069040
-0.078344
-0.044492
-0.091565
-0.051551
-0.060858
-0.096905
-0.077918
-0.100848
-0.097869
-0.079677
-0.091046
-0.089717
-0.086918
-0.106741
-0.087850
-0.104678
-0.094634
-0.093346
-0.095046
-0.101913
-0.102645
-0.097695
-0.102773
-0.107840
-0.103418
-0.106650
-0.103986
-0.106260
-0.108338
-0.098287
-0.102571
-0.104097
-0.099841
-0.104908
-0.107182
-0.104463
-0.101798
-0.107781
-0.109695
-0.105232
-0.102763
-0.107193
-0.107629
-0.106148
-0.108030
-0.107434
-0.106222
-0.107248
-0.108224
-0.109360
-0.103765
-0.105643
-0.109876
-0.106844
-0.104280
-0.107244
-0.109295
-0.107662
-0.106900
-0.107326
-0.108230
-0.106492
-0.107866
-0.108233
-0.109664
-0.108780
-0.108363
-0.109880
-0.108282
-0.108475
-0.109167
-0.109268
-0.108173
-0.109998
-0.108154
-0.107685
-0.109797
-0.108680
-0.109569
-0.108885
-0.108328
-0.108327
-0.108899
-0.108844
-0.109032
0.281324
0.249891
-0.098311
-0.058597
-0.080086
-0.092294
-0.091898
-0.088657
-0.099220
-0.101112
-0.091282
-0.101190
-0.098371
-0.097912
-0.102122
-0.078900
-0.081358
-0.091501
-0.100291
-0.099856
-0.100798
-0.101679
-0.087744
-0.107133
-0.103356
-0.100239
-0.105163
-0.105125
-0.101629
-0.095431
-0.108098
-0.106984
-0.108573
-0.108132
-0.106236
-0.109500
-0.107743
-0.108860
-0.108065
-0.109073
-0.108294
-0.109315
-0.109927
-0.107367
-0.109117
-0.108277
-0.109635
-0.108241
-0.109094
-0.109037
-0.109621
-0.109512
-0.109009
-0.109888
-0.108785
-0.109845
-0.108673
-0.109220
-0.108937
-0.108771
-0.107587
-0.108542
-0.108532
-0.109999
-0.109699
-0.108951
-0.107796
-0.109935
-0.109455
-0.108262
-0.109393
-0.109864
-0.109851
-0.108298
-0.109188
-0.109098
-0.110088
-0.109620
-0.109502
-0.109615
-0.109676
-0.109513
-0.109973
-0.109846
-0.110019
-0.109925
-0.109954
-0.109449
-0.109865
-0.109858
-0.109684
-0.109908
-0.109791
-0.110048
-0.109701
-0.109989
-0.109829
-0.110058
-0.109745
-0.109915
-1.751439
0.186412
-1.162730
-2.178812
-0.110221
-0.110227
0.775626
0.218474
1.356494
0.300812
-0.110221
-0.110227
3.203009
0.086009
3.573625
2.894289
-0.110221
-0.110226
-0.099134
0.602951
0.995865
-1.450781
-0.110224
-0.110226
-0.128388
0.200078
0.361260
-0.730959
-0.110225
-0.110225
-0.202092
0.819370
1.174601
-1.846318
-0.110223
-0.110227
9.575605
0.358797
10.294802
8.799942
-0.110223
-0.110227
1.528728
0.074012
-0.021352
-0.078444
-0.087866
-0.097777
-0.093930
-0.100021
-0.104984
-0.109525
-0.109161
-0.108552
-0.100943
-0.103333
-0.107673
-0.107067
-0.104146
-0.106433
-0.109983
-0.107150
-0.106701
-0.107414
-0.108797
-0.108345
-0.109683
-0.109399
-0.108265
-0.110011
-0.107133
-0.109203
-0.105406
-0.105742
-0.108844
-0.105646
-0.105230
-0.109175
-0.107875
-0.108421
-0.109183
-0.109471
-0.109588
-0.109074
-0.109239
-0.109073
-0.108583
-0.109645
-0.109329
-0.108855
-0.108689
-0.109288
-0.109420
-0.109193
-0.109066
-0.109563
-0.109514
-0.109834
-0.109681
-0.109327
-0.109123
-0.109663
-0.109343
-0.109205
-0.109377
-0.108961
-0.109689
-0.109852
-0.109405
-0.109313
-0.109868
-0.110127
-0.109736
-0.109738
-0.109690
-0.109752
-0.109755
-0.109663
-0.109770
-0.109874
-0.109878
-0.109863
-0.110137
-0.109955
-0.109729
-0.109561
-0.109936
-0.110018
-0.109943
-0.109724
-0.109680
-0.109789
-0.109714
-0.109712
-0.109688
-0.109893
-0.109954
-0.110070
-0.109844
-0.109559
-0.109532
-0.109758
0.776580
0.105840
-0.075640
-0.042484
-0.088981
-0.100645
-0.099331
-0.108982
-0.107299
-0.104916
-0.106122
-0.105056
-0.106172
-0.106151
-0.097243
-0.108203
-0.107649
-0.105635
-0.100111
-0.108025
-0.106810
-0.104800
-0.106499
-0.106556
-0.107851
-0.107869
-0.106828
-0.107230
-0.105204
-0.106631
-0.107140
-0.104163
-0.108611
-0.104653
-0.107601
-0.106886
-0.108805
-0.107745
-0.107852
-0.109433
-0.109477
-0.108507
-0.108765
-0.108908
-0.108748
-0.109328
-0.107694
-0.108959
-0.109293
-0.109219
-0.107969
-0.109292
-0.109499
-0.109461
-0.109106
-0.110013
-0.109822
-0.109293
-0.109261
-0.109787
-0.109641
-0.109616
-0.109359
-0.108704
-0.109415
-0.109685
-0.109548
-0.108469
-0.109585
-0.109587
-0.109686
-0.109568
-0.109600
-0.109499
-0.109595
-0.109547
-0.109771
-0.109793
-0.110133
-0.109611
-0.109808
-0.109955
-0.110144
-0.109471
-0.109583
-0.109847
-0.109830
-0.109554
-0.109610
-0.110006
-0.109820
-0.109733
-0.109215
-0.109814
-0.110038
-0.110075
-0.109897
-0.109566
-0.109871
-0.109572
3.203812
-0.006077
-0.037956
-0.059853
-0.101162
-0.105971
-0.102395
-0.102459
-0.105921
-0.107583
-0.105563
-0.105017
-0.102624
-0.104712
-0.102189
-0.108419
-0.106765
-0.107380
-0.105699
-0.107249
-0.108175
-0.109088
-0.108337
-0.108064
-0.109231
-0.109193
-0.109066
-0.109193
-0.108324
-0.108039
-0.105643
-0.106820
-0.108977
-0.107245
-0.106246
-0.108225
-0.109680
-0.108865
-0.108774
-0.109461
-0.109711
-0.109364
-0.109084
-0.110002
-0.108723
-0.109727
-0.108948
-0.109314
-0.109170
-0.109819
-0.108779
-0.109208
-0.109415
-0.109553
-0.109409
-0.109926
-0.109773
-0.109304
-0.109449
-0.109845
-0.110171
-0.109191
-0.109433
-0.109301
-0.109619
-0.109924
-0.109677
-0.109125
-0.109821
-0.110000
-0.109999
-0.109761
-0.109704
-0.109702
-0.109892
-0.109666
-0.109825
-0.109917
-0.109970
-0.109664
-0.109988
-0.109746
-0.109899
-0.109578
-0.109856
-0.109934
-0.109927
-0.109821
-0.109751
-0.109998
-0.109832
-0.109705
-0.109470
-0.109952
-0.109820
-0.110003
-0.109918
-0.109772
-0.109677
-0.109643
-0.101987
0.358164
0.048346
-0.100125
-0.027585
-0.087751
-0.087210
-0.095349
-0.098387
-0.099684
-0.101913
-0.102120
-0.102738
-0.103695
-0.104630
-0.104549
-0.104729
-0.105343
-0.105743
-0.105570
-0.105781
-0.106071
-0.106374
-0.106664
-0.106645
-0.107411
-0.108054
-0.107618
-0.106091
-0.106761
-0.106178
-0.103513
-0.104003
-0.102393
-0.104406
-0.105810
-0.107768
-0.106972
-0.108184
-0.108310
-0.108260
-0.107990
-0.107935
-0.108236
-0.108223
-0.108088
-0.108044
-0.108312
-0.108336
-0.108198
-0.108254
-0.108488
-0.108463
-0.108384
-0.108437
-0.108539
-0.108523
-0.108351
-0.108196
-0.108695
-0.107470
-0.108544
-0.107199
-0.106742
-0.109985
-0.109041
-0.109171
-0.109114
-0.108157
-0.109037
-0.108726
-0.108627
-0.108684
-0.108849
-0.108805
-0.108746
-0.108771
-0.108912
-0.108908
-0.108748
-0.108779
-0.108886
-0.108831
-0.108714
-0.108786
-0.108867
-0.108780
-0.108719
-0.108803
-0.108856
-0.108680
-0.108616
-0.108855
-0.108803
-0.108904
-0.108765
-0.108134
-0.108399
-0.108598
-0.108523
-0.093584
0.047628
0.037154
-0.106388
-0.086592
-0.092269
-0.099382
-0.101573
-0.104318
-0.105266
-0.106239
-0.106232
-0.106855
-0.106898
-0.107208
-0.107553
-0.107712
-0.107866
-0.108126
-0.108309
-0.108201
-0.108362
-0.108333
-0.108647
-0.108829
-0.109238
-0.109031
-0.109690
-0.105945
-0.107167
-0.101812
-0.103492
-0.108015
-0.106518
-0.104422
-0.109140
-0.106896
-0.109309
-0.108804
-0.108975
-0.109120
-0.109243
-0.109183
-0.109310
-0.109214
-0.109209
-0.109248
-0.109246
-0.109277
-0.109288
-0.109288
-0.109300
-0.109350
-0.109360
-0.109366
-0.109355
-0.109365
-0.109279
-0.109217
-0.109130
-0.109242
-0.109219
-0.109562
-0.108828
-0.108712
-0.109322
-0.108419
-0.109426
-0.110119
-0.109546
-0.109507
-0.109658
-0.109417
-0.109338
-0.109554
-0.109337
-0.109477
-0.109602
-0.109562
-0.109593
-0.109602
-0.109599
-0.109596
-0.109601
-0.109598
-0.109605
-0.109614
-0.109611
-0.109602
-0.109635
-0.109684
-0.109623
-0.109611
-0.109696
-0.109238
-0.109562
-0.110035
-0.109662
-0.109944
-0.109590
-0.014249
0.519820
0.065963
-0.068220
-0.079100
-0.097499
-0.103524
-0.104708
-0.105722
-0.106620
-0.106935
-0.107037
-0.107579
-0.107911
-0.108132
-0.107952
-0.108040
-0.108547
-0.108526
-0.108138
-0.108226
-0.108705
-0.108613
-0.108388
-0.108466
-0.108633
-0.107883
-0.107751
-0.107279
-0.107264
-0.102605
-0.096897
-0.105387
-0.098981
-0.103938
-0.108442
-0.108606
-0.109948
-0.108980
-0.109394
-0.109850
-0.109435
-0.109339
-0.109527
-0.109664
-0.109533
-0.109510
-0.109679
-0.109692
-0.109531
-0.109576
-0.109763
-0.109724
-0.109587
-0.109644
-0.109826
-0.109725
-0.109635
-0.109865
-0.110039
-0.109916
-0.108971
-0.107785
-0.106681
-0.108961
-0.108278
-0.109463
-0.108991
-0.109022
-0.109462
-0.109688
-0.109669
-0.109483
-0.109752
-0.109740
-0.109754
-0.109684
-0.109766
-0.109768
-0.109638
-0.109659
-0.109776
-0.109722
-0.109629
-0.109686
-0.109770
-0.109675
-0.109616
-0.109721
-0.109771
-0.109576
-0.109519
-0.109633
-0.109416
-0.109306
-0.109020
-0.108715
-0.109068
-0.109427
-0.110091
