-2.031564
1.884850
4.845311
-11.173680
-0.110861
-0.110847
0.101448
0.855123
5.482466
-2.687215
-0.110854
-0.110831
2.107852
1.245780
5.171280
-2.251717
-0.110861
-0.110859
-0.304305
1.145526
2.945648
-2.915016
-0.110858
-0.110860
-0.683942
3.005018
5.855331
-10.330065
-0.110860
-0.110860
-0.209697
0.664235
1.846961
-1.663183
-0.110858
-0.110860
11.809755
-0.108358
11.813643
11.805888
-0.110859
-0.110864
8.113416
1.798252
11.620277
4.296674
-0.110860
-0.110862
1.804906
0.243446
0.056317
-0.020705
0.096039
0.041375
0.047687
0.151772
-0.019228
0.024762
-0.047305
0.045938
0.017771
0.076057
0.263500
0.239126
0.266628
0.237278
0.057420
0.127505
-0.018685
-0.043891
0.148021
0.059788
-0.009709
0.153598
-0.030170
0.241591
0.122775
0.007682
0.254064
-0.036687
-0.032313
-0.024865
-0.011099
0.132778
0.031000
0.079783
0.089846
-0.011829
0.019243
-0.002849
-0.022803
0.094770
-0.002171
-0.013430
-0.047375
-0.090169
0.030292
-0.047094
-0.018070
0.036622
-0.087666
-0.016237
-0.057567
-0.073751
-0.040606
-0.089387
-0.084396
-0.074883
-0.086812
-0.058748
-0.055629
-0.080269
-0.071417
-0.087356
-0.100157
-0.098494
-0.108889
-0.093575
-0.107174
-0.074947
-0.091895
-0.093092
-0.090614
-0.107869
-0.089608
-0.087686
-0.089877
-0.083657
-0.103150
-0.108840
-0.097986
-0.093205
-0.087436
-0.092565
-0.094421
-0.088412
-0.104509
-0.098586
-0.095610
-0.100512
-0.079419
-0.090650
-0.092321
-0.098188
-0.083606
-0.095979
-0.096131
-0.088936
0.098094
-0.042322
-0.027300
-0.084209
-0.023815
-0.014509
-0.044807
0.039407
-0.010122
-0.000059
-0.017331
-0.033717
-0.014759
0.022185
0.088005
0.051505
0.077587
0.073015
-0.005299
-0.035954
-0.071130
-0.040858
-0.012582
0.011811
0.002693
-0.023108
-0.054059
-0.026698
-0.040638
0.023889
0.047121
-0.067564
-0.023665
-0.085726
-0.072093
-0.038176
-0.046997
-0.042287
-0.016536
-0.095653
-0.047446
-0.053004
-0.063929
-0.032426
-0.064850
-0.102254
-0.083286
-0.094158
-0.036139
-0.039909
-0.074807
-0.069792
-0.104908
-0.082849
-0.077999
-0.084359
-0.078011
-0.080158
-0.082933
-0.094380
-0.099019
-0.089288
-0.085226
-0.089082
-0.079682
-0.087609
-0.096734
-0.100320
-0.102119
-0.101004
-0.103694
-0.096465
-0.105405
-0.096500
-0.096479
-0.108547
-0.108565
-0.105679
-0.100121
-0.098101
-0.106605
-0.102219
-0.106860
-0.103829
-0.097529
-0.103948
-0.105721
-0.105140
-0.102612
-0.103955
-0.100428
-0.106117
-0.095275
-0.101653
-0.099388
-0.097916
-0.091198
-0.096717
-0.100729
-0.099706
2.104936
0.538043
-0.017886
0.114632
0.063224
0.120241
0.143818
0.053223
-0.080329
-0.059841
-0.052991
-0.065539
-0.027540
-0.039164
-0.054074
-0.023339
-0.075129
-0.075223
-0.045232
-0.033235
-0.007582
-0.041499
0.008661
-0.006896
-0.052797
0.007455
-0.045581
0.000936
-0.039168
-0.067595
0.043758
-0.083178
-0.080349
-0.054015
-0.061247
0.027213
-0.009109
-0.039356
-0.005527
-0.050944
-0.033245
-0.078783
-0.044545
0.003820
-0.068628
-0.049831
-0.068527
-0.092487
-0.042380
-0.084790
-0.089595
-0.052995
-0.102138
-0.070723
-0.086169
-0.089298
-0.081576
-0.094772
-0.083140
-0.084741
-0.092530
-0.099593
-0.102291
-0.106940
-0.108928
-0.105213
-0.108496
-0.108613
-0.106522
-0.109540
-0.107253
-0.096853
-0.093928
-0.101967
-0.101411
-0.110215
-0.102664
-0.098787
-0.103850
-0.091782
-0.105651
-0.106116
-0.099101
-0.104685
-0.102709
-0.094531
-0.096352
-0.100157
-0.107987
-0.100010
-0.100263
-0.108506
-0.096824
-0.107705
-0.100462
-0.102976
-0.102265
-0.099371
-0.100988
-0.091173
0.086238
0.617056
0.177072
0.102649
-0.049894
-0.013218
0.132144
0.059269
-0.102292
-0.091958
-0.082257
-0.077276
-0.063939
-0.100514
-0.091655
-0.102142
-0.082503
-0.065429
-0.076574
-0.074536
-0.074856
-0.083639
-0.069708
-0.073965
-0.091318
-0.066887
-0.100146
-0.085311
-0.092316
-0.087807
-0.060557
-0.091292
-0.098122
-0.096611
-0.097415
-0.099020
-0.093892
-0.094489
-0.095677
-0.104634
-0.102937
-0.099861
-0.098902
-0.102375
-0.102035
-0.099459
-0.102527
-0.102052
-0.095063
-0.104083
-0.106308
-0.099184
-0.107884
-0.097041
-0.102853
-0.104406
-0.104516
-0.106638
-0.105713
-0.102854
-0.100688
-0.099540
-0.102454
-0.108819
-0.108929
-0.108965
-0.105069
-0.108769
-0.108168
-0.109567
-0.108482
-0.106248
-0.103394
-0.105769
-0.109536
-0.105038
-0.108116
-0.105690
-0.108602
-0.108255
-0.106855
-0.108069
-0.108628
-0.107223
-0.105449
-0.104623
-0.107795
-0.108979
-0.106395
-0.110101
-0.108956
-0.107118
-0.107150
-0.108024
-0.109774
-0.107174
-0.107714
-0.107815
-0.110322
-0.108260
0.469293
1.633005
0.424127
0.394928
0.042388
0.276617
0.631891
0.412542
0.017466
-0.044618
-0.091931
-0.063607
0.045062
0.026153
-0.017454
-0.009297
-0.037342
-0.053143
-0.059663
-0.017085
-0.033024
-0.070195
0.036843
0.036966
-0.025434
0.014754
-0.019248
-0.073090
-0.099024
-0.050985
0.013752
-0.077005
-0.092970
-0.077107
-0.073430
-0.070324
-0.061689
-0.066925
-0.076412
-0.071442
-0.061238
-0.062422
-0.054767
-0.064447
-0.091121
-0.100413
-0.098603
-0.089626
-0.062153
-0.076305
-0.099894
-0.094061
-0.092499
-0.073219
-0.089584
-0.086212
-0.077947
-0.095834
-0.090252
-0.092633
-0.095287
-0.096535
-0.097074
-0.097450
-0.095839
-0.091162
-0.088494
-0.098922
-0.105365
-0.104824
-0.099070
-0.092710
-0.087709
-0.098438
-0.104828
-0.099054
-0.105186
-0.104183
-0.107631
-0.099556
-0.102929
-0.108936
-0.106937
-0.106258
-0.101402
-0.096658
-0.108606
-0.105403
-0.100236
-0.100430
-0.109076
-0.099407
-0.102636
-0.103123
-0.102928
-0.105999
-0.107912
-0.100702
-0.107015
-0.100924
-0.009336
0.347325
0.040880
-0.039868
-0.016671
0.008651
-0.034835
-0.074621
-0.056015
-0.073177
-0.088540
-0.066956
-0.072251
-0.104813
-0.069642
-0.076026
-0.064477
-0.058127
-0.070467
-0.073857
-0.093567
-0.107665
-0.090430
-0.071850
-0.098622
-0.092886
-0.092725
-0.083196
-0.088125
-0.063734
-0.094935
-0.107137
-0.100680
-0.086757
-0.087225
-0.097709
-0.096970
-0.098487
-0.088585
-0.103923
-0.092546
-0.096729
-0.100799
-0.097011
-0.093229
-0.095739
-0.105524
-0.104439
-0.103185
-0.090878
-0.103623
-0.100073
-0.099722
-0.108314
-0.108148
-0.104264
-0.104179
-0.107527
-0.105292
-0.105096
-0.105992
-0.103926
-0.101656
-0.102325
-0.103070
-0.108693
-0.107645
-0.107794
-0.108442
-0.108077
-0.105131
-0.106192
-0.107402
-0.105354
-0.109710
-0.107005
-0.110469
-0.107156
-0.107399
-0.106786
-0.109272
-0.108930
-0.107787
-0.107625
-0.110448
-0.109180
-0.109219
-0.110260
-0.108480
-0.109533
-0.106291
-0.108276
-0.107711
-0.105412
-0.105819
-0.105257
-0.108118
-0.107800
-0.109265
-0.109223
-1.936859
0.145930
-1.307174
-2.671826
-0.110860
-0.110859
-0.149830
0.154289
0.581311
-0.610422
-0.110857
-0.110860
2.446273
0.241857
3.125283
1.559139
-0.110860
-0.110858
-0.084019
0.226497
0.656100
-0.616120
-0.110857
-0.110861
-0.132319
0.465993
0.645466
-1.571055
-0.110862
-0.110861
-0.204289
0.632867
1.064552
-1.392119
-0.110860
-0.110863
7.442319
0.194796
8.124125
6.909763
-0.110858
-0.110861
1.716584
-0.058535
-0.010000
-0.005419
-0.073821
-0.081229
-0.082910
-0.076229
-0.091653
-0.099373
-0.103990
-0.106704
-0.101776
-0.101062
-0.100484
-0.093410
-0.093056
-0.094176
-0.089673
-0.080183
-0.098578
-0.086556
-0.097436
-0.102285
-0.098052
-0.104976
-0.109136
-0.105823
-0.109877
-0.109097
-0.108460
-0.107506
-0.104584
-0.105704
-0.106751
-0.109341
-0.108920
-0.104864
-0.108248
-0.110444
-0.110162
-0.110096
-0.106362
-0.106993
-0.109036
-0.106843
-0.107375
-0.107560
-0.109045
-0.109056
-0.110014
-0.109242
-0.108871
-0.109373
-0.108277
-0.107209
-0.107902
-0.107040
-0.106346
-0.106479
-0.106344
-0.107135
-0.108662
-0.108506
-0.108708
-0.109879
-0.109121
-0.109707
-0.109766
-0.109314
-0.109450
-0.109176
-0.108877
-0.110179
-0.109851
-0.109526
-0.109561
-0.110142
-0.109367
-0.110197
-0.110465
-0.110257
-0.109174
-0.109496
-0.110348
-0.109349
-0.109271
-0.109565
-0.109683
-0.109531
-0.109705
-0.109558
-0.109583
-0.109827
-0.109281
-0.109211
-0.109364
-0.108775
-0.108479
-0.109646
-0.071130
-0.071937
-0.000439
-0.050388
0.005993
-0.062319
-0.093762
-0.090834
-0.100805
-0.105395
-0.107598
-0.107519
-0.108460
-0.105425
-0.108454
-0.104374
-0.099653
-0.107101
-0.106295
-0.099937
-0.108054
-0.104013
-0.107548
-0.108789
-0.103760
-0.109397
-0.109854
-0.108460
-0.110320
-0.109915
-0.110146
-0.108752
-0.107766
-0.105454
-0.107145
-0.103800
-0.102667
-0.107897
-0.108362
-0.109188
-0.109940
-0.109151
-0.106480
-0.107361
-0.104871
-0.107990
-0.108300
-0.109155
-0.110255
-0.110488
-0.110349
-0.110422
-0.110124
-0.110321
-0.110376
-0.109114
-0.109807
-0.110446
-0.109630
-0.109385
-0.110009
-0.110272
-0.110250
-0.110201
-0.110078
-0.110786
-0.110476
-0.110582
-0.110658
-0.110745
-0.110548
-0.110482
-0.110369
-0.109829
-0.109797
-0.108698
-0.109955
-0.110545
-0.110330
-0.110190
-0.110592
-0.109920
-0.109554
-0.109682
-0.110021
-0.110287
-0.110342
-0.110569
-0.110410
-0.110502
-0.110486
-0.110722
-0.110580
-0.110688
-0.110612
-0.110284
-0.110777
-0.110483
-0.110329
-0.110767
2.444551
-0.005989
-0.055531
0.062458
-0.043282
-0.030628
-0.042519
-0.090898
-0.097025
-0.103605
-0.103003
-0.109125
-0.104508
-0.104893
-0.099127
-0.098283
-0.100488
-0.100737
-0.101900
-0.096741
-0.100844
-0.105679
-0.106362
-0.105838
-0.106553
-0.107195
-0.106190
-0.109703
-0.109207
-0.109807
-0.108326
-0.108767
-0.108364
-0.106117
-0.099267
-0.101486
-0.104425
-0.103403
-0.109641
-0.109837
-0.109511
-0.109189
-0.107120
-0.102633
-0.105479
-0.104765
-0.107921
-0.109892
-0.109039
-0.109630
-0.109917
-0.110057
-0.109748
-0.109352
-0.109480
-0.108998
-0.109198
-0.109105
-0.109078
-0.107961
-0.108174
-0.109175
-0.108787
-0.109065
-0.109053
-0.109521
-0.109927
-0.109835
-0.110049
-0.109735
-0.109812
-0.109690
-0.109323
-0.108552
-0.108118
-0.109642
-0.109034
-0.110406
-0.109142
-0.110168
-0.110491
-0.110000
-0.108863
-0.108803
-0.109690
-0.109390
-0.109914
-0.109194
-0.109752
-0.109937
-0.110153
-0.109856
-0.110017
-0.109687
-0.109893
-0.109786
-0.109877
-0.109746
-0.109534
-0.109888
-0.084049
0.002992
-0.014559
0.058688
-0.054525
-0.072218
-0.099676
-0.098041
-0.102275
-0.105610
-0.106037
-0.106689
-0.106110
-0.105939
-0.107125
-0.106253
-0.107482
-0.107995
-0.107536
-0.108574
-0.108076
-0.108191
-0.109088
-0.108263
-0.108398
-0.108747
-0.108079
-0.108554
-0.108839
-0.108440
-0.109913
-0.108889
-0.108387
-0.109277
-0.107435
-0.104533
-0.102100
-0.105069
-0.106239
-0.110503
-0.109777
-0.108303
-0.108205
-0.101758
-0.106507
-0.110809
-0.109078
-0.109470
-0.110258
-0.109483
-0.109845
-0.109683
-0.109353
-0.109888
-0.109619
-0.109536
-0.110010
-0.109620
-0.109743
-0.109897
-0.109592
-0.109876
-0.109803
-0.109627
-0.109893
-0.109710
-0.109697
-0.110005
-0.109670
-0.109901
-0.109947
-0.109561
-0.110047
-0.109700
-0.109321
-0.109963
-0.109292
-0.109477
-0.108998
-0.109975
-0.110509
-0.109871
-0.109864
-0.108229
-0.109613
-0.109895
-0.109248
-0.109559
-0.109891
-0.109625
-0.109815
-0.109852
-0.109704
-0.109894
-0.109747
-0.109768
-0.109893
-0.109731
-0.109820
-0.109882
-0.088838
0.143433
-0.043670
-0.021097
0.107545
0.066122
-0.030970
-0.095289
-0.101037
-0.100487
-0.099454
-0.100172
-0.100945
-0.101187
-0.102068
-0.102828
-0.102994
-0.103584
-0.104040
-0.104107
-0.104543
-0.104858
-0.104982
-0.105392
-0.105671
-0.105668
-0.106134
-0.106157
-0.106192
-0.106840
-0.106443
-0.107795
-0.107254
-0.101345
-0.094633
-0.092138
-0.099039
-0.107006
-0.103396
-0.108424
-0.106503
-0.105195
-0.106024
-0.104311
-0.097639
-0.100029
-0.107428
-0.108610
-0.107884
-0.108223
-0.108082
-0.108242
-0.108307
-0.108198
-0.108356
-0.108359
-0.108307
-0.108435
-0.108424
-0.108420
-0.108535
-0.108522
-0.108520
-0.108623
-0.108575
-0.108588
-0.108702
-0.108600
-0.108718
-0.108816
-0.108649
-0.109117
-0.108535
-0.106722
-0.105702
-0.106915
-0.109623
-0.107846
-0.109708
-0.109776
-0.109510
-0.108583
-0.108101
-0.106389
-0.107118
-0.110226
-0.108908
-0.108061
-0.108660
-0.109201
-0.109076
-0.109055
-0.109072
-0.108995
-0.109070
-0.109042
-0.109012
-0.109069
-0.109024
-0.109016
-0.019293
0.295556
0.150731
-0.002117
0.028821
-0.025255
-0.081604
-0.100487
-0.096078
-0.097292
-0.098014
-0.100613
-0.101232
-0.101473
-0.102158
-0.102191
-0.103296
-0.103611
-0.103716
-0.104796
-0.104558
-0.104913
-0.105531
-0.105234
-0.105787
-0.106155
-0.105937
-0.106847
-0.106534
-0.106481
-0.107373
-0.107084
-0.107460
-0.106806
-0.103665
-0.102571
-0.099149
-0.106387
-0.097388
-0.106961
-0.104637
-0.101572
-0.106890
-0.100683
-0.103855
-0.106857
-0.108680
-0.107803
-0.108346
-0.107873
-0.108159
-0.108316
-0.108037
-0.108346
-0.108224
-0.108158
-0.108451
-0.108227
-0.108360
-0.108489
-0.108301
-0.108514
-0.108474
-0.108397
-0.108626
-0.108473
-0.108566
-0.108753
-0.108473
-0.108685
-0.108680
-0.108581
-0.109016
-0.107893
-0.107215
-0.108680
-0.110066
-0.107405
-0.108561
-0.109667
-0.109102
-0.107568
-0.110002
-0.105702
-0.108131
-0.109587
-0.108835
-0.108400
-0.108868
-0.108752
-0.108882
-0.108890
-0.108751
-0.108865
-0.108826
-0.108803
-0.108890
-0.108791
-0.108842
-0.108866
