-2.565534
0.671991
-0.967911
-4.458027
-0.111675
-0.111676
0.170667
0.246438
0.969819
-0.974809
-0.111676
-0.111675
2.624117
0.790712
4.350260
0.979561
-0.111674
-0.111678
-0.126496
1.018348
1.907762
-2.116436
-0.111674
-0.111679
-0.154201
2.368741
4.148365
-4.480542
-0.111674
-0.111679
0.062740
0.778122
1.675540
-1.351548
-0.111673
-0.111678
13.799983
-0.109989
13.804141
13.797732
-0.111671
-0.111675
9.223128
1.907705
12.267854
5.599284
-0.111674
-0.111679
2.336861
0.232940
-0.053071
-0.046671
-0.106139
-0.092051
-0.059184
-0.068977
-0.031180
0.015072
0.001303
-0.043269
-0.035496
-0.083572
-0.003971
-0.046679
-0.094398
-0.039113
-0.074230
-0.082009
0.020748
-0.079166
-0.090135
0.012941
-0.036563
-0.053530
-0.042945
-0.022003
-0.100718
-0.084894
0.003146
-0.074853
-0.076701
-0.027634
-0.069364
-0.073727
-0.072309
-0.072036
-0.070558
-0.075663
-0.073883
-0.087009
-0.079216
-0.043001
-0.092430
-0.084133
-0.076481
-0.086907
-0.098112
-0.092108
-0.076246
-0.096490
-0.099067
-0.080128
-0.103911
-0.108086
-0.091784
-0.103986
-0.096902
-0.100701
-0.106064
-0.105130
-0.101458
-0.103347
-0.107561
-0.104138
-0.110760
-0.106540
-0.109277
-0.111090
-0.109671
-0.109227
-0.105032
-0.109155
-0.110004
-0.102755
-0.104118
-0.106067
-0.108436
-0.105840
-0.109460
-0.102652
-0.101775
-0.108193
-0.100809
-0.102221
-0.108570
-0.104319
-0.103438
-0.105655
-0.108344
-0.104081
-0.107585
-0.105590
-0.104399
-0.101340
-0.109622
-0.104221
-0.094039
-0.106345
0.169740
0.009512
-0.050830
-0.075323
-0.093343
-0.086482
-0.066341
-0.085545
-0.081901
-0.041346
-0.051634
-0.075171
-0.090763
-0.081730
-0.065478
-0.086045
-0.095477
-0.086882
-0.085840
-0.078101
-0.054713
-0.080513
-0.104290
-0.047809
-0.087061
-0.082979
-0.081211
-0.059393
-0.101291
-0.092758
-0.073855
-0.077939
-0.080512
-0.100404
-0.105720
-0.099357
-0.089147
-0.096998
-0.096922
-0.101510
-0.098023
-0.087023
-0.087854
-0.100808
-0.098599
-0.089729
-0.093577
-0.099974
-0.105947
-0.103715
-0.098014
-0.100130
-0.104040
-0.093539
-0.108019
-0.105545
-0.103758
-0.108815
-0.107465
-0.105210
-0.110456
-0.107082
-0.106994
-0.105394
-0.110531
-0.107633
-0.110128
-0.107371
-0.110398
-0.110634
-0.109099
-0.110168
-0.109020
-0.110386
-0.110736
-0.107054
-0.109117
-0.109800
-0.109481
-0.108222
-0.110006
-0.109606
-0.105333
-0.110259
-0.108165
-0.109383
-0.105444
-0.108018
-0.106107
-0.108588
-0.109604
-0.107786
-0.108508
-0.106099
-0.107942
-0.108524
-0.107580
-0.106116
-0.106431
-0.108206
2.621673
0.484862
0.000921
-0.052590
-0.090081
-0.080590
-0.046960
-0.092511
-0.079854
-0.060849
-0.090016
-0.096606
-0.080403
-0.094184
-0.075268
-0.089530
-0.097536
-0.088127
-0.096844
-0.096558
-0.083289
-0.105195
-0.099194
-0.073044
-0.086718
-0.089858
-0.067926
-0.068824
-0.089918
-0.106825
-0.079747
-0.086956
-0.090618
-0.066858
-0.094546
-0.082287
-0.082242
-0.081200
-0.084718
-0.093444
-0.094776
-0.100976
-0.101171
-0.089676
-0.099234
-0.094683
-0.094875
-0.097194
-0.105483
-0.101506
-0.101111
-0.107589
-0.105480
-0.103388
-0.106324
-0.107308
-0.104093
-0.109717
-0.106144
-0.103351
-0.108504
-0.106670
-0.107848
-0.107191
-0.110951
-0.108480
-0.108162
-0.108452
-0.110618
-0.109467
-0.109800
-0.109549
-0.106687
-0.110628
-0.106221
-0.105054
-0.108324
-0.109570
-0.109702
-0.109340
-0.109137
-0.105551
-0.109530
-0.110472
-0.107080
-0.108867
-0.110082
-0.106712
-0.108961
-0.107539
-0.107868
-0.110249
-0.109911
-0.109301
-0.105401
-0.106529
-0.110678
-0.107500
-0.103902
-0.107021
-0.092347
0.660549
-0.065672
0.005971
-0.087563
-0.061743
0.001583
-0.075309
-0.082768
-0.077770
-0.066662
-0.087782
-0.098056
-0.096216
-0.097454
-0.087023
-0.109646
-0.099715
-0.097831
-0.100583
-0.102254
-0.100046
-0.095079
-0.107578
-0.106033
-0.104764
-0.106872
-0.107079
-0.104204
-0.107272
-0.101227
-0.110758
-0.107916
-0.103496
-0.107136
-0.107560
-0.105436
-0.101809
-0.109332
-0.107001
-0.106647
-0.109822
-0.107393
-0.105315
-0.110577
-0.108055
-0.108788
-0.110087
-0.109069
-0.108090
-0.105652
-0.108434
-0.108892
-0.106108
-0.109266
-0.109319
-0.111140
-0.108444
-0.110604
-0.109375
-0.108360
-0.109260
-0.109111
-0.107878
-0.109105
-0.111139
-0.111229
-0.107318
-0.110203
-0.108610
-0.108836
-0.109437
-0.107830
-0.110779
-0.108339
-0.108546
-0.107566
-0.110066
-0.108532
-0.108581
-0.109451
-0.110142
-0.109328
-0.108244
-0.110114
-0.107819
-0.110205
-0.109119
-0.110407
-0.109621
-0.109843
-0.109820
-0.110087
-0.109640
-0.109303
-0.111116
-0.109963
-0.108944
-0.110684
-0.109560
-0.059189
1.592756
-0.026621
0.108339
-0.054905
0.004932
0.107411
-0.014041
-0.069091
-0.070417
-0.012662
-0.073462
-0.080876
-0.090361
-0.073071
-0.049730
-0.096084
-0.077359
-0.090808
-0.091660
-0.085542
-0.095256
-0.086280
-0.084559
-0.098282
-0.106304
-0.072066
-0.092996
-0.099030
-0.105373
-0.065856
-0.092325
-0.099198
-0.095625
-0.101937
-0.101084
-0.093901
-0.085795
-0.093920
-0.103745
-0.107159
-0.099671
-0.094190
-0.094332
-0.108785
-0.103313
-0.096608
-0.106396
-0.106297
-0.104488
-0.100334
-0.107434
-0.105541
-0.104045
-0.108094
-0.104141
-0.109600
-0.106062
-0.107304
-0.106215
-0.107398
-0.107813
-0.107396
-0.103178
-0.107378
-0.110943
-0.110073
-0.103750
-0.108810
-0.107905
-0.107291
-0.106660
-0.102141
-0.111187
-0.104604
-0.107816
-0.104622
-0.109789
-0.104321
-0.105909
-0.109144
-0.110604
-0.106582
-0.106126
-0.107364
-0.106485
-0.108775
-0.106849
-0.110363
-0.111120
-0.110332
-0.109868
-0.107251
-0.106936
-0.110047
-0.107829
-0.107402
-0.106051
-0.109747
-0.109543
0.058626
0.496588
-0.056339
-0.041767
-0.072307
-0.047445
-0.065173
-0.101491
-0.082617
-0.066470
-0.095766
-0.091006
-0.081598
-0.087659
-0.094860
-0.098571
-0.104755
-0.091379
-0.104261
-0.097027
-0.090939
-0.095142
-0.095237
-0.104755
-0.092824
-0.099246
-0.105985
-0.086821
-0.093531
-0.104789
-0.106899
-0.103541
-0.101379
-0.109859
-0.107552
-0.111473
-0.108576
-0.107773
-0.109975
-0.108696
-0.105677
-0.107297
-0.108747
-0.107351
-0.108135
-0.097824
-0.107253
-0.108128
-0.105334
-0.106774
-0.109617
-0.104412
-0.108639
-0.108811
-0.110324
-0.106110
-0.108435
-0.108997
-0.108919
-0.111165
-0.110507
-0.107936
-0.109698
-0.109501
-0.109180
-0.109595
-0.110403
-0.109171
-0.109607
-0.110428
-0.110871
-0.109148
-0.108569
-0.110456
-0.109354
-0.110210
-0.110030
-0.110964
-0.110004
-0.109455
-0.111070
-0.109644
-0.110640
-0.110447
-0.110776
-0.110666
-0.109959
-0.111023
-0.111167
-0.111234
-0.110520
-0.110442
-0.110546
-0.108829
-0.110820
-0.109476
-0.111154
-0.108694
-0.111312
-0.110695
-1.714937
0.136284
-1.232255
-2.143237
-0.111674
-0.111678
0.198167
0.029838
0.506375
-0.040852
-0.111672
-0.111677
3.193385
0.072493
3.551411
2.859711
-0.111674
-0.111677
-0.054907
0.192549
0.426974
-0.651731
-0.111674
-0.111678
-0.043824
0.236825
0.588615
-0.445811
-0.111671
-0.111678
-0.046003
0.499937
0.867828
-1.143683
-0.111675
-0.111678
8.914304
0.381686
9.939443
8.348300
-0.111671
-0.111676
1.493396
-0.035962
0.033951
-0.083474
-0.085983
-0.079806
-0.098959
-0.095872
-0.103995
-0.105682
-0.103771
-0.107099
-0.108820
-0.103724
-0.103417
-0.100786
-0.105826
-0.097945
-0.105716
-0.107251
-0.101825
-0.106799
-0.106455
-0.107304
-0.106830
-0.110703
-0.109633
-0.108927
-0.109932
-0.110362
-0.107261
-0.108628
-0.108615
-0.110040
-0.109958
-0.104679
-0.109374
-0.109222
-0.110719
-0.107224
-0.110694
-0.109202
-0.108216
-0.110927
-0.110270
-0.110055
-0.110488
-0.110092
-0.110240
-0.111047
-0.110554
-0.109960
-0.109069
-0.111312
-0.108905
-0.109658
-0.110822
-0.109896
-0.110149
-0.110522
-0.111065
-0.110191
-0.110743
-0.110547
-0.110527
-0.110792
-0.111018
-0.110031
-0.110264
-0.110995
-0.110809
-0.110787
-0.109780
-0.110607
-0.109954
-0.110912
-0.110630
-0.111137
-0.110413
-0.110179
-0.111109
-0.110808
-0.110687
-0.110957
-0.110542
-0.110561
-0.111009
-0.111064
-0.110690
-0.110053
-0.111161
-0.110439
-0.110432
-0.110799
-0.110902
-0.110490
-0.110582
-0.111196
-0.110766
-0.110761
0.197572
-0.043366
-0.058808
-0.099605
-0.065463
-0.107748
-0.104251
-0.105955
-0.111213
-0.110634
-0.111120
-0.107952
-0.110745
-0.110643
-0.108949
-0.105831
-0.109089
-0.109958
-0.110084
-0.110410
-0.110414
-0.109493
-0.108091
-0.110603
-0.110639
-0.110992
-0.109957
-0.110710
-0.111073
-0.111072
-0.111110
-0.110445
-0.110476
-0.107773
-0.110194
-0.109255
-0.110415
-0.111159
-0.110129
-0.110365
-0.110839
-0.108872
-0.110832
-0.111152
-0.110732
-0.111197
-0.111427
-0.111248
-0.111440
-0.111644
-0.111451
-0.111203
-0.110902
-0.111273
-0.111179
-0.111317
-0.111416
-0.111221
-0.111394
-0.111024
-0.111578
-0.111312
-0.111386
-0.111252
-0.111271
-0.111331
-0.111436
-0.111348
-0.111349
-0.111135
-0.111109
-0.111236
-0.111053
-0.111275
-0.111438
-0.111269
-0.111504
-0.111416
-0.111097
-0.111296
-0.111504
-0.111321
-0.111385
-0.111511
-0.111375
-0.111549
-0.111582
-0.111417
-0.111458
-0.111557
-0.111414
-0.111305
-0.111429
-0.111657
-0.111268
-0.111501
-0.111363
-0.111559
-0.111390
-0.111423
3.192507
-0.063089
-0.003310
-0.102489
-0.079715
-0.085604
-0.094229
-0.101229
-0.103217
-0.106803
-0.108456
-0.103388
-0.103079
-0.107710
-0.106409
-0.105369
-0.104968
-0.108478
-0.105626
-0.105696
-0.107832
-0.105215
-0.108166
-0.111059
-0.111247
-0.109046
-0.109958
-0.110465
-0.110375
-0.110700
-0.110605
-0.109105
-0.108793
-0.109537
-0.111114
-0.106568
-0.110272
-0.110116
-0.110801
-0.108520
-0.111367
-0.109183
-0.109455
-0.109910
-0.110113
-0.109957
-0.110729
-0.110760
-0.109852
-0.109841
-0.110661
-0.109725
-0.110458
-0.110141
-0.110979
-0.110296
-0.110290
-0.110536
-0.109928
-0.110807
-0.110543
-0.110982
-0.110845
-0.111160
-0.110785
-0.110946
-0.110836
-0.111024
-0.111171
-0.110892
-0.111488
-0.111274
-0.110238
-0.110723
-0.110547
-0.110844
-0.111168
-0.111307
-0.110538
-0.110977
-0.111073
-0.110793
-0.110740
-0.111191
-0.111116
-0.110584
-0.110891
-0.111207
-0.110521
-0.110667
-0.110715
-0.110927
-0.110978
-0.110996
-0.111020
-0.110933
-0.110882
-0.110716
-0.110970
-0.110903
-0.055622
0.079475
-0.044673
-0.064301
-0.068820
-0.085144
-0.100703
-0.108572
-0.107464
-0.108181
-0.109514
-0.109993
-0.108976
-0.110624
-0.110104
-0.110868
-0.110637
-0.111163
-0.111056
-0.110888
-0.111235
-0.111309
-0.110945
-0.110906
-0.111372
-0.111122
-0.111649
-0.111485
-0.111584
-0.111063
-0.110713
-0.110488
-0.109363
-0.106719
-0.110222
-0.107999
-0.108857
-0.110696
-0.107877
-0.110534
-0.108627
-0.110158
-0.109525
-0.110429
-0.111272
-0.111067
-0.110907
-0.111131
-0.111370
-0.111089
-0.111309
-0.111293
-0.111140
-0.111251
-0.111492
-0.111254
-0.111228
-0.111282
-0.111400
-0.111281
-0.111363
-0.111442
-0.111356
-0.111413
-0.111464
-0.111415
-0.111438
-0.111253
-0.111385
-0.111208
-0.110614
-0.111396
-0.110912
-0.111144
-0.111095
-0.110907
-0.111463
-0.110934
-0.111518
-0.111085
-0.111191
-0.111477
-0.111451
-0.111264
-0.111320
-0.111590
-0.111450
-0.111447
-0.111503
-0.111186
-0.111382
-0.111518
-0.111323
-0.111238
-0.111282
-0.111443
-0.111355
-0.111455
-0.111449
-0.111439
-0.042330
0.113106
-0.044973
-0.053269
-0.089810
-0.083038
-0.099712
-0.097613
-0.102603
-0.104047
-0.104197
-0.105438
-0.105886
-0.106634
-0.106910
-0.107260
-0.107654
-0.107848
-0.108010
-0.108194
-0.108466
-0.108630
-0.108657
-0.108928
-0.109121
-0.109229
-0.109383
-0.109340
-0.109561
-0.110440
-0.109714
-0.109663
-0.107053
-0.110221
-0.109046
-0.109232
-0.106206
-0.110660
-0.108345
-0.108893
-0.107649
-0.109112
-0.109626
-0.110003
-0.109358
-0.109660
-0.109823
-0.109802
-0.109886
-0.109954
-0.109977
-0.110009
-0.110008
-0.110089
-0.110149
-0.110098
-0.110120
-0.110123
-0.110241
-0.110185
-0.110266
-0.110259
-0.110316
-0.110356
-0.110343
-0.110336
-0.110637
-0.110581
-0.110544
-0.109805
-0.110519
-0.110785
-0.110879
-0.109777
-0.110589
-0.110821
-0.110579
-0.110129
-0.110346
-0.110772
-0.110706
-0.110508
-0.110533
-0.110602
-0.110623
-0.110477
-0.110508
-0.110598
-0.110657
-0.110466
-0.110345
-0.110699
-0.110559
-0.110456
-0.110261
-0.110575
-0.110524
-0.110559
-0.110453
-0.110492
-0.048058
0.272229
0.078125
-0.084300
-0.090128
-0.076336
-0.101711
-0.103970
-0.105804
-0.106524
-0.106932
-0.108036
-0.107460
-0.108140
-0.108428
-0.108578
-0.108667
-0.109037
-0.108973
-0.109190
-0.109545
-0.109548
-0.109633
-0.109692
-0.110010
-0.109886
-0.110073
-0.110162
-0.110332
-0.110501
-0.110270
-0.109835
-0.107048
-0.109553
-0.109398
-0.103891
-0.105012
-0.110020
-0.104361
-0.105862
-0.108508
-0.110910
-0.108660
-0.110212
-0.110247
-0.110221
-0.110294
-0.110344
-0.110492
-0.110329
-0.110511
-0.110675
-0.110216
-0.110495
-0.110691
-0.110208
-0.110533
-0.110658
-0.110616
-0.110602
-0.110589
-0.110713
-0.110683
-0.110658
-0.110731
-0.110753
-0.110720
-0.110760
-0.110701
-0.110209
-0.110697
-0.110235
-0.110554
-0.109961
-0.110407
-0.110397
-0.110310
-0.110251
-0.111052
-0.110565
-0.110931
-0.110874
-0.110852
-0.110904
-0.110796
-0.110926
-0.110647
-0.110943
-0.111564
-0.110416
-0.110647
-0.111409
-0.110309
-0.110708
-0.110717
-0.110800
-0.110798
-0.110760
-0.110838
-0.110828
