-2.557899
1.221198
0.731177
-6.750249
-0.111118
-0.111118
0.344840
0.406452
1.541339
-0.802202
-0.111119
-0.111121
2.674220
1.089554
5.188811
0.207983
-0.111119
-0.111122
-0.141294
1.261318
2.056284
-2.238507
-0.111118
-0.111123
-0.025121
2.682374
4.164374
-5.053664
-0.111119
-0.111123
0.013462
0.662399
1.375050
-1.413236
-0.111118
-0.111123
13.507044
-0.108677
13.510429
13.503463
-0.111118
-0.111124
9.557873
2.593280
13.480475
4.933116
-0.111119
-0.111123
2.325323
0.420904
0.029293
-0.027225
-0.021416
-0.063621
-0.012497
-0.053122
-0.072731
0.035462
-0.079218
-0.062427
0.017610
0.114180
0.067212
-0.035721
0.107264
0.087636
0.047564
0.249926
0.041780
-0.061695
-0.006326
0.029325
-0.055624
0.051492
-0.051387
-0.005262
-0.026512
0.001007
-0.048457
-0.035966
-0.099735
0.009793
-0.083243
-0.076785
-0.001720
-0.071940
-0.023846
-0.042141
-0.082736
-0.100062
-0.077580
-0.069901
-0.089240
-0.088868
-0.086780
-0.103402
-0.095590
-0.106913
-0.100107
-0.105670
-0.106312
-0.105675
-0.106881
-0.107888
-0.106692
-0.100723
-0.107828
-0.104884
-0.104622
-0.109215
-0.106026
-0.106947
-0.108155
-0.098388
-0.102740
-0.094737
-0.104003
-0.104414
-0.103927
-0.096949
-0.100827
-0.105747
-0.086788
-0.073907
-0.103531
-0.104907
-0.091026
-0.105454
-0.089942
-0.108217
-0.098694
-0.098606
-0.095893
-0.104785
-0.096651
-0.102711
-0.100687
-0.102263
-0.105996
-0.097289
-0.102367
-0.108418
-0.088577
-0.098317
-0.105482
-0.100893
-0.102988
-0.107574
0.343093
-0.075694
-0.024034
-0.084059
-0.056435
-0.085012
-0.040520
-0.074462
-0.082424
-0.080008
-0.076999
-0.094642
-0.084041
-0.041838
-0.060367
-0.069611
0.001129
-0.036232
-0.018383
0.090715
-0.015575
-0.097295
-0.086699
-0.053543
-0.084154
-0.063734
-0.076862
-0.081033
-0.089997
-0.108074
-0.073740
-0.080991
-0.103095
-0.075373
-0.084646
-0.092549
-0.053101
-0.066443
-0.083547
-0.089863
-0.094235
-0.089725
-0.100983
-0.093317
-0.098002
-0.101303
-0.103993
-0.109748
-0.103743
-0.106455
-0.106881
-0.106888
-0.107280
-0.106717
-0.107106
-0.106312
-0.109946
-0.108851
-0.108829
-0.110580
-0.106246
-0.108540
-0.106685
-0.108580
-0.107979
-0.107280
-0.108670
-0.105896
-0.107998
-0.107101
-0.106236
-0.099775
-0.103797
-0.108062
-0.094246
-0.093632
-0.105021
-0.107473
-0.107443
-0.106451
-0.105123
-0.106058
-0.109166
-0.105761
-0.110084
-0.107854
-0.105353
-0.108749
-0.106975
-0.109542
-0.107521
-0.106806
-0.103415
-0.107639
-0.103639
-0.101617
-0.105943
-0.109190
-0.107119
-0.110053
2.667633
0.626932
0.115225
-0.103033
-0.068758
-0.097738
-0.056519
-0.071686
-0.060245
-0.046080
-0.085451
-0.095632
-0.103851
-0.055914
-0.038348
-0.056292
-0.046774
-0.050487
-0.052605
0.037574
-0.027699
-0.048381
-0.080772
-0.034117
-0.054558
-0.015417
-0.062523
-0.022739
-0.045792
-0.044917
-0.055822
-0.052843
-0.099905
-0.066328
-0.072597
-0.096568
-0.064473
-0.098564
-0.076642
-0.093786
-0.101643
-0.109963
-0.104078
-0.090201
-0.110115
-0.101703
-0.107247
-0.104640
-0.106690
-0.104285
-0.109434
-0.105688
-0.107895
-0.105317
-0.106684
-0.107195
-0.104401
-0.104820
-0.108204
-0.105217
-0.110324
-0.105967
-0.105423
-0.107283
-0.106787
-0.105438
-0.106957
-0.107207
-0.106509
-0.108269
-0.102241
-0.106020
-0.109274
-0.104722
-0.101612
-0.092351
-0.108050
-0.105473
-0.100895
-0.109374
-0.103502
-0.105278
-0.098401
-0.101555
-0.101239
-0.108980
-0.102314
-0.101635
-0.106240
-0.109208
-0.106723
-0.106026
-0.107569
-0.108573
-0.104127
-0.106704
-0.109752
-0.109350
-0.108519
-0.107276
-0.076015
0.841896
-0.017257
-0.087802
-0.060276
-0.057960
-0.053198
-0.085862
-0.083895
-0.076248
-0.092161
-0.102147
-0.106412
-0.078435
-0.101944
-0.075336
-0.077561
-0.107523
-0.094554
-0.074218
-0.097517
-0.077491
-0.083128
-0.086437
-0.106802
-0.100862
-0.098210
-0.093425
-0.102075
-0.096500
-0.102240
-0.108406
-0.104610
-0.095203
-0.102323
-0.107508
-0.100605
-0.094958
-0.106981
-0.104003
-0.109638
-0.106974
-0.110352
-0.106281
-0.109405
-0.108737
-0.110734
-0.107780
-0.109127
-0.109528
-0.107607
-0.110106
-0.110061
-0.109344
-0.108141
-0.106793
-0.106607
-0.105779
-0.109070
-0.110975
-0.109018
-0.108206
-0.109817
-0.110774
-0.109127
-0.109001
-0.108646
-0.109535
-0.109018
-0.109833
-0.110602
-0.109437
-0.109185
-0.109213
-0.110617
-0.107794
-0.105683
-0.110216
-0.106997
-0.109790
-0.109952
-0.109600
-0.110303
-0.108485
-0.110813
-0.109684
-0.108808
-0.110004
-0.109855
-0.110429
-0.109345
-0.108358
-0.109046
-0.108279
-0.108674
-0.110279
-0.110634
-0.109781
-0.109201
-0.109791
-0.033831
1.823158
0.040860
0.053720
-0.030595
0.006413
-0.007250
-0.041267
-0.097415
-0.060394
-0.077920
-0.077542
-0.040607
-0.054721
-0.032486
-0.092223
-0.022122
-0.064190
-0.094202
-0.015469
-0.078878
-0.060163
-0.070161
-0.047484
-0.087239
-0.061176
-0.080144
-0.092708
-0.083092
-0.097881
-0.065109
-0.107427
-0.088502
-0.072049
-0.090908
-0.104723
-0.093748
-0.080298
-0.092568
-0.095687
-0.102254
-0.106524
-0.096227
-0.106350
-0.102267
-0.106386
-0.107082
-0.107255
-0.108088
-0.108390
-0.102636
-0.109839
-0.107535
-0.108325
-0.106727
-0.103276
-0.103103
-0.099955
-0.105273
-0.108668
-0.107566
-0.103927
-0.107317
-0.110149
-0.107169
-0.106546
-0.105502
-0.107858
-0.107994
-0.106019
-0.108256
-0.107854
-0.106530
-0.108096
-0.107231
-0.102802
-0.101574
-0.109523
-0.103785
-0.107385
-0.107859
-0.105157
-0.109477
-0.109311
-0.107669
-0.110363
-0.106497
-0.108790
-0.104888
-0.109692
-0.108769
-0.106736
-0.108975
-0.105151
-0.104046
-0.109336
-0.108466
-0.107509
-0.109157
-0.107963
0.009676
0.422027
-0.069387
-0.065094
-0.104286
-0.107915
-0.085215
-0.099104
-0.100857
-0.102093
-0.094705
-0.100244
-0.095569
-0.083560
-0.097976
-0.083635
-0.076821
-0.067000
-0.101308
-0.076255
-0.089745
-0.105629
-0.086731
-0.098097
-0.102045
-0.101842
-0.100268
-0.092923
-0.090771
-0.106160
-0.107203
-0.105675
-0.106220
-0.098952
-0.102202
-0.108535
-0.101555
-0.103355
-0.108939
-0.100512
-0.105085
-0.103277
-0.107984
-0.107132
-0.110789
-0.110033
-0.109024
-0.108287
-0.110660
-0.109203
-0.110239
-0.109425
-0.110676
-0.109033
-0.109401
-0.109567
-0.107880
-0.107926
-0.110846
-0.110660
-0.110110
-0.110658
-0.109864
-0.110860
-0.109686
-0.109964
-0.109339
-0.109799
-0.110412
-0.109474
-0.109220
-0.110038
-0.106975
-0.108635
-0.108529
-0.108804
-0.109996
-0.109447
-0.109835
-0.110757
-0.110022
-0.109353
-0.109662
-0.108824
-0.110394
-0.110918
-0.109903
-0.109962
-0.109655
-0.109875
-0.110674
-0.110418
-0.109998
-0.110322
-0.110332
-0.109734
-0.109637
-0.109770
-0.110403
-0.110726
-1.853999
0.096914
-1.372405
-2.125991
-0.111115
-0.111121
-0.478739
0.143532
-0.143640
-0.852705
-0.111119
-0.111124
3.016272
0.078797
3.419415
2.779262
-0.111115
-0.111120
-0.130377
0.364363
0.538609
-0.904247
-0.111119
-0.111123
-0.045987
0.301109
0.622023
-0.687382
-0.111118
-0.111123
-0.112682
0.420588
0.683626
-0.987223
-0.111119
-0.111123
8.071198
0.424973
8.790452
7.243518
-0.111119
-0.111124
1.632168
0.009975
-0.051542
-0.080188
-0.097512
-0.093204
-0.096068
-0.103779
-0.108130
-0.102325
-0.090980
-0.096599
-0.096093
-0.099453
-0.107751
-0.100512
-0.098120
-0.106507
-0.105606
-0.106445
-0.109352
-0.110298
-0.110182
-0.107806
-0.109378
-0.108970
-0.110123
-0.108609
-0.109168
-0.109951
-0.109158
-0.111006
-0.110139
-0.110445
-0.109340
-0.109919
-0.109787
-0.110361
-0.108409
-0.108435
-0.110435
-0.108876
-0.108485
-0.107940
-0.107874
-0.109758
-0.109409
-0.110683
-0.110191
-0.110033
-0.109858
-0.110336
-0.110317
-0.110212
-0.109725
-0.110185
-0.110147
-0.109620
-0.110199
-0.109927
-0.110102
-0.109894
-0.110316
-0.110071
-0.110096
-0.110021
-0.110559
-0.110545
-0.109740
-0.109882
-0.109206
-0.109411
-0.109133
-0.109956
-0.110253
-0.109980
-0.110157
-0.109897
-0.110020
-0.109789
-0.109956
-0.109922
-0.110086
-0.109872
-0.110092
-0.110052
-0.109875
-0.110151
-0.110076
-0.110214
-0.110074
-0.110122
-0.110064
-0.110101
-0.109853
-0.110148
-0.110207
-0.110160
-0.110130
-0.110028
0.255086
0.063639
-0.085881
-0.088647
-0.093031
-0.098805
-0.107164
-0.106921
-0.109125
-0.108506
-0.107440
-0.107240
-0.108239
-0.106905
-0.105504
-0.104889
-0.107585
-0.107177
-0.108204
-0.109138
-0.110495
-0.109998
-0.110009
-0.107830
-0.108984
-0.110034
-0.110339
-0.106140
-0.110868
-0.107622
-0.108820
-0.108849
-0.109317
-0.109876
-0.110303
-0.110458
-0.110877
-0.110790
-0.110929
-0.110675
-0.110849
-0.110619
-0.109923
-0.109592
-0.110112
-0.110131
-0.110417
-0.110498
-0.110961
-0.110800
-0.110500
-0.110004
-0.110704
-0.110696
-0.110502
-0.110172
-0.110792
-0.110261
-0.110408
-0.110409
-0.110377
-0.110773
-0.110941
-0.110866
-0.110861
-0.110869
-0.110882
-0.110833
-0.111042
-0.110892
-0.110702
-0.110578
-0.110678
-0.110816
-0.110921
-0.110886
-0.110939
-0.110963
-0.110770
-0.110558
-0.111021
-0.110923
-0.110787
-0.110912
-0.110751
-0.110649
-0.110895
-0.110814
-0.110641
-0.111004
-0.111014
-0.111005
-0.110920
-0.110824
-0.110892
-0.110968
-0.111005
-0.111022
-0.110969
-0.110947
3.016706
-0.002839
-0.037903
-0.091950
-0.109186
-0.106200
-0.102389
-0.106736
-0.105050
-0.102872
-0.106386
-0.107109
-0.110316
-0.103673
-0.104325
-0.107487
-0.108551
-0.107946
-0.108850
-0.107929
-0.109099
-0.109820
-0.110601
-0.110960
-0.110731
-0.109541
-0.108853
-0.108685
-0.109928
-0.108869
-0.108823
-0.110295
-0.109389
-0.110299
-0.110971
-0.110313
-0.110315
-0.110476
-0.109329
-0.109473
-0.110297
-0.110307
-0.110679
-0.110173
-0.109716
-0.109919
-0.109934
-0.109592
-0.110253
-0.110516
-0.110132
-0.109996
-0.110242
-0.110387
-0.110075
-0.110499
-0.109897
-0.109655
-0.109995
-0.110346
-0.110122
-0.109994
-0.110075
-0.110362
-0.110237
-0.110146
-0.110116
-0.110000
-0.110009
-0.109891
-0.110150
-0.110242
-0.110294
-0.110147
-0.110099
-0.109983
-0.110029
-0.110238
-0.110236
-0.110171
-0.110043
-0.110008
-0.110210
-0.110239
-0.110191
-0.110114
-0.110028
-0.110390
-0.110475
-0.110264
-0.110191
-0.110174
-0.110294
-0.110330
-0.110377
-0.110202
-0.110078
-0.110153
-0.110215
-0.110411
-0.095089
0.212664
-0.024000
-0.099061
-0.091698
-0.101377
-0.103750
-0.105269
-0.106199
-0.106425
-0.107206
-0.107330
-0.107389
-0.107915
-0.108101
-0.108160
-0.108490
-0.108852
-0.109010
-0.108879
-0.109020
-0.109261
-0.109272
-0.109189
-0.110137
-0.109848
-0.108704
-0.104770
-0.105326
-0.105402
-0.105443
-0.108129
-0.109556
-0.109786
-0.109597
-0.109660
-0.109614
-0.109657
-0.109632
-0.109798
-0.109853
-0.109812
-0.109869
-0.109912
-0.109875
-0.109844
-0.109900
-0.110000
-0.109927
-0.109983
-0.110076
-0.110065
-0.109497
-0.109854
-0.109712
-0.109589
-0.109842
-0.110802
-0.109984
-0.109603
-0.110092
-0.110014
-0.110073
-0.110085
-0.110112
-0.110129
-0.110139
-0.110135
-0.110158
-0.110165
-0.110154
-0.110172
-0.110184
-0.110181
-0.110179
-0.110180
-0.110215
-0.110167
-0.110150
-0.110176
-0.110169
-0.110051
-0.110087
-0.109835
-0.110163
-0.110345
-0.110522
-0.110433
-0.109704
-0.110278
-0.110250
-0.110328
-0.110378
-0.110316
-0.110304
-0.110297
-0.110281
-0.110291
-0.110297
-0.110301
-0.049095
0.175585
-0.064818
-0.101235
-0.082962
-0.101026
-0.108373
-0.108983
-0.108722
-0.109360
-0.110276
-0.109850
-0.109707
-0.110076
-0.110565
-0.110204
-0.110049
-0.110452
-0.110767
-0.110422
-0.110354
-0.110529
-0.110833
-0.110646
-0.108949
-0.110107
-0.109484
-0.105398
-0.107163
-0.105069
-0.108241
-0.110049
-0.109465
-0.109388
-0.109679
-0.110404
-0.110413
-0.110116
-0.110241
-0.110528
-0.110443
-0.110253
-0.110362
-0.110573
-0.110472
-0.110306
-0.110437
-0.110604
-0.110429
-0.110236
-0.110394
-0.110580
-0.110195
-0.110583
-0.110292
-0.109775
-0.110138
-0.110572
-0.110424
-0.110214
-0.110647
-0.110609
-0.110348
-0.110429
-0.110578
-0.110603
-0.110480
-0.110512
-0.110614
-0.110589
-0.110501
-0.110534
-0.110619
-0.110577
-0.110487
-0.110543
-0.110622
-0.110524
-0.110403
-0.110477
-0.110554
-0.110477
-0.110465
-0.110407
-0.110334
-0.110550
-0.110861
-0.110734
-0.110157
-0.110751
-0.110752
-0.110648
-0.110653
-0.110628
-0.110702
-0.110685
-0.110635
-0.110652
-0.110691
-0.110658
-0.108728
0.248463
-0.001293
-0.090441
-0.099826
-0.104933
-0.109110
-0.109674
-0.109365
-0.110036
-0.110542
-0.110438
-0.110132
-0.110459
-0.110928
-0.110858
-0.110600
-0.110630
-0.110918
-0.110792
-0.110499
-0.110382
-0.110806
-0.110771
-0.109745
-0.108517
-0.106874
-0.102630
-0.105949
-0.103640
-0.105302
-0.109910
-0.110487
-0.110179
-0.110311
-0.110846
-0.110772
-0.110595
-0.110704
-0.110925
-0.110789
-0.110690
-0.110780
-0.110956
-0.110808
-0.110719
-0.110837
-0.110990
-0.110754
-0.110660
-0.110842
-0.110930
-0.110515
-0.110248
-0.110479
-0.109584
-0.109145
-0.110005
-0.109795
-0.110508
-0.110696
-0.110975
-0.110805
-0.110851
-0.110983
-0.110945
-0.110878
-0.110920
-0.111004
-0.110942
-0.110888
-0.110933
-0.111003
-0.110936
-0.110894
-0.110960
-0.111005
-0.110889
-0.110855
-0.110977
-0.110861
-0.110735
-0.110830
-0.110577
-0.109986
-0.110881
-0.110822
-0.110751
-0.110331
-0.110941
-0.110994
-0.111089
-0.111056
-0.111018
-0.111053
-0.111051
-0.111011
-0.111025
-0.111058
-0.111030
