-2.756352
0.964359
0.270290
-7.197304
-0.114647
-0.114638
0.561441
0.209359
1.459889
-0.229247
-0.114645
-0.114647
2.346695
0.828717
4.904475
0.297732
-0.114646
-0.114647
-0.017957
1.173699
1.959601
-2.121867
-0.114646
-0.114650
-0.006899
2.226266
4.202960
-4.157982
-0.114646
-0.114650
-0.053558
0.484826
1.097808
-1.106598
-0.114646
-0.114650
13.157422
-0.113765
13.159078
13.156156
-0.114644
-0.114648
9.313093
2.217901
12.626958
5.043119
-0.114647
-0.114650
2.522074
0.307441
-0.022163
-0.032118
-0.040793
-0.069342
-0.026650
-0.025630
-0.057163
-0.059311
-0.041701
-0.072819
-0.101913
-0.059671
-0.081128
0.007676
0.044914
0.044849
-0.037336
0.176478
-0.056710
-0.050370
0.022403
-0.006887
0.064699
-0.029150
-0.031891
-0.033455
0.031288
-0.046849
-0.093278
0.014342
-0.018582
-0.062025
-0.102324
-0.020323
-0.025112
-0.044306
-0.081782
-0.063027
-0.054496
-0.075366
-0.098157
-0.054440
-0.092638
-0.085784
-0.097908
-0.090024
-0.104207
-0.104335
-0.108426
-0.109265
-0.108386
-0.107877
-0.104977
-0.108572
-0.108164
-0.109020
-0.113283
-0.104642
-0.107543
-0.111938
-0.104759
-0.106481
-0.111029
-0.112358
-0.109715
-0.109908
-0.110999
-0.108039
-0.109377
-0.110474
-0.109977
-0.111775
-0.106076
-0.112566
-0.103561
-0.109643
-0.099437
-0.091535
-0.107294
-0.100418
-0.091238
-0.103820
-0.097540
-0.101823
-0.100648
-0.101193
-0.100970
-0.099455
-0.101354
-0.102332
-0.098830
-0.106532
-0.104780
-0.099658
-0.110472
-0.099582
-0.103665
-0.104141
0.563226
-0.056736
-0.058569
-0.096587
-0.068157
-0.102371
-0.068732
-0.058896
-0.091169
-0.087226
-0.097363
-0.050183
-0.073631
-0.094110
-0.082029
-0.066757
-0.044824
-0.095569
-0.070559
-0.052647
-0.091673
-0.084643
-0.072510
-0.097480
-0.103737
-0.087212
-0.084635
-0.091546
-0.082224
-0.066564
-0.072028
-0.082783
-0.104213
-0.107643
-0.100474
-0.089115
-0.094970
-0.095713
-0.093195
-0.109703
-0.096197
-0.108652
-0.105437
-0.102546
-0.106139
-0.106252
-0.109044
-0.106600
-0.103051
-0.109332
-0.111757
-0.109619
-0.109638
-0.113486
-0.110635
-0.111042
-0.112771
-0.112396
-0.112268
-0.112838
-0.112283
-0.112375
-0.112354
-0.111818
-0.112480
-0.113828
-0.113210
-0.110854
-0.111313
-0.113850
-0.113132
-0.109184
-0.112976
-0.111060
-0.112417
-0.113041
-0.111117
-0.113342
-0.110445
-0.109584
-0.112086
-0.112931
-0.111076
-0.111387
-0.108352
-0.109870
-0.110543
-0.111352
-0.110701
-0.110188
-0.110118
-0.110603
-0.111221
-0.111894
-0.110526
-0.112882
-0.112377
-0.106969
-0.110544
-0.111761
2.341233
0.451163
0.050818
-0.081494
-0.057263
-0.098506
-0.110663
-0.104086
-0.082021
-0.083555
-0.092758
-0.110049
-0.084262
-0.081061
-0.094983
-0.064002
-0.059224
-0.047234
-0.060955
-0.017863
-0.105881
-0.070618
-0.036142
-0.054119
-0.010746
-0.069140
-0.082957
-0.053713
-0.013350
-0.070271
-0.093590
-0.043337
-0.043054
-0.073268
-0.094536
-0.042640
-0.084596
-0.080660
-0.097235
-0.099461
-0.097585
-0.105115
-0.108031
-0.088912
-0.101694
-0.102458
-0.105345
-0.103835
-0.109019
-0.111393
-0.109015
-0.113668
-0.109449
-0.109620
-0.112083
-0.113861
-0.111710
-0.112324
-0.112951
-0.107994
-0.111004
-0.112209
-0.110519
-0.109474
-0.111064
-0.112235
-0.111647
-0.113458
-0.111446
-0.112440
-0.111659
-0.113270
-0.112995
-0.113525
-0.110528
-0.111635
-0.110889
-0.113042
-0.107325
-0.104104
-0.113142
-0.107558
-0.102021
-0.111068
-0.104992
-0.111372
-0.104030
-0.105379
-0.107748
-0.105303
-0.106139
-0.104145
-0.104632
-0.107946
-0.107607
-0.105537
-0.114175
-0.107542
-0.108882
-0.109221
-0.024054
0.780700
0.012379
-0.082078
-0.085842
-0.094134
-0.066013
-0.089400
-0.104028
-0.092157
-0.107234
-0.101579
-0.096013
-0.104660
-0.098096
-0.108769
-0.081181
-0.103200
-0.084990
-0.092232
-0.105420
-0.093772
-0.105491
-0.106283
-0.105401
-0.101677
-0.101407
-0.110617
-0.109225
-0.100363
-0.100936
-0.111488
-0.111182
-0.111577
-0.107963
-0.106270
-0.106212
-0.108787
-0.106129
-0.110888
-0.108626
-0.109679
-0.111524
-0.111864
-0.109433
-0.112532
-0.112467
-0.111887
-0.113200
-0.113862
-0.113255
-0.113511
-0.113450
-0.113462
-0.112722
-0.112567
-0.113387
-0.113261
-0.110786
-0.111655
-0.111816
-0.111631
-0.113331
-0.112618
-0.112419
-0.113263
-0.114151
-0.113470
-0.113192
-0.113968
-0.114491
-0.113403
-0.113396
-0.113803
-0.112934
-0.113303
-0.113927
-0.113009
-0.113077
-0.113252
-0.112895
-0.114497
-0.113840
-0.114065
-0.113863
-0.112799
-0.113822
-0.113232
-0.113905
-0.113176
-0.114183
-0.114290
-0.113597
-0.114188
-0.113538
-0.113476
-0.113603
-0.113785
-0.114378
-0.113802
-0.019349
1.508570
0.039135
0.009672
-0.022523
-0.084110
0.007061
-0.059964
-0.080735
-0.074927
-0.069325
-0.086653
-0.107805
-0.087248
-0.085835
-0.079776
-0.061919
-0.055544
-0.090918
-0.022423
-0.078399
-0.078012
-0.071780
-0.084083
-0.080800
-0.090580
-0.101753
-0.094487
-0.074973
-0.082275
-0.094381
-0.078396
-0.095690
-0.102202
-0.096426
-0.095268
-0.087919
-0.095742
-0.103042
-0.096024
-0.096804
-0.110968
-0.109722
-0.095715
-0.105095
-0.105151
-0.106491
-0.109779
-0.111023
-0.106575
-0.112009
-0.112790
-0.111670
-0.108838
-0.109724
-0.109541
-0.110528
-0.110121
-0.108625
-0.110451
-0.107588
-0.111573
-0.111399
-0.112858
-0.111489
-0.112048
-0.112315
-0.113906
-0.113107
-0.112374
-0.113746
-0.113999
-0.113147
-0.112768
-0.111611
-0.113487
-0.109377
-0.113644
-0.109582
-0.107958
-0.110928
-0.110791
-0.112611
-0.114126
-0.110709
-0.113367
-0.111133
-0.109368
-0.111839
-0.111415
-0.110157
-0.112632
-0.110983
-0.112709
-0.111871
-0.108530
-0.112464
-0.110238
-0.109276
-0.113475
-0.053502
0.292219
-0.049455
-0.077639
-0.104424
-0.082715
-0.083807
-0.106942
-0.095059
-0.094599
-0.101201
-0.104611
-0.098655
-0.104500
-0.101981
-0.108356
-0.094675
-0.092544
-0.083206
-0.111239
-0.097027
-0.100258
-0.112511
-0.101370
-0.113995
-0.100192
-0.108853
-0.101555
-0.103972
-0.103493
-0.101254
-0.108768
-0.111209
-0.113410
-0.111602
-0.105078
-0.109309
-0.114015
-0.106472
-0.109852
-0.111305
-0.109299
-0.108458
-0.111151
-0.110547
-0.113621
-0.113769
-0.113220
-0.113592
-0.113254
-0.113540
-0.113506
-0.113843
-0.113635
-0.113772
-0.113648
-0.114377
-0.113879
-0.112352
-0.113564
-0.114242
-0.111378
-0.113040
-0.112779
-0.112595
-0.113533
-0.114059
-0.113128
-0.113038
-0.113785
-0.114093
-0.112968
-0.113846
-0.113453
-0.113625
-0.113858
-0.113332
-0.112605
-0.112899
-0.113337
-0.113143
-0.114134
-0.113987
-0.112817
-0.112601
-0.113802
-0.113117
-0.113412
-0.114057
-0.113378
-0.114095
-0.114524
-0.114135
-0.114501
-0.113138
-0.114226
-0.113781
-0.112841
-0.113261
-0.113576
-1.672368
0.195182
-1.096607
-2.013722
-0.114643
-0.114649
1.250831
0.191111
1.856355
0.831150
-0.114643
-0.114648
2.780159
0.049152
3.048081
2.483235
-0.114645
-0.114649
0.032326
0.453755
0.734200
-0.995371
-0.114647
-0.114650
-0.182373
0.267513
0.430883
-0.869559
-0.114646
-0.114649
-0.159315
0.663650
1.131803
-1.369000
-0.114645
-0.114650
9.332023
0.329145
10.083179
8.686133
-0.114645
-0.114650
1.440774
0.074457
-0.006512
-0.108545
-0.103961
-0.099508
-0.108493
-0.109408
-0.110968
-0.112639
-0.111655
-0.109759
-0.107963
-0.106259
-0.112593
-0.112750
-0.111951
-0.107080
-0.109661
-0.112231
-0.113865
-0.114159
-0.113123
-0.113414
-0.113197
-0.113073
-0.112585
-0.114031
-0.108852
-0.111298
-0.112286
-0.110603
-0.112433
-0.112438
-0.112979
-0.114207
-0.112977
-0.113996
-0.114157
-0.113834
-0.114297
-0.113702
-0.113385
-0.112808
-0.114413
-0.114475
-0.113948
-0.113884
-0.113949
-0.114125
-0.113956
-0.114209
-0.114275
-0.114286
-0.114221
-0.113852
-0.114501
-0.113822
-0.113185
-0.114480
-0.113402
-0.113342
-0.114136
-0.114254
-0.114460
-0.114251
-0.114261
-0.114222
-0.114442
-0.114479
-0.114234
-0.114281
-0.114371
-0.114454
-0.114186
-0.114215
-0.114364
-0.114030
-0.114320
-0.114339
-0.114281
-0.114303
-0.114295
-0.114409
-0.114411
-0.114455
-0.114287
-0.114254
-0.114150
-0.114301
-0.114382
-0.114425
-0.114287
-0.114204
-0.114245
-0.114417
-0.114337
-0.114271
-0.114230
-0.114340
1.252171
0.075240
-0.040610
-0.051475
-0.099941
-0.103297
-0.102377
-0.106462
-0.109026
-0.108556
-0.107517
-0.109177
-0.110646
-0.104756
-0.108651
-0.110114
-0.109564
-0.109863
-0.108799
-0.110437
-0.112248
-0.111945
-0.112808
-0.112739
-0.113741
-0.111586
-0.111554
-0.111314
-0.110224
-0.112281
-0.112175
-0.112249
-0.113688
-0.111186
-0.110702
-0.112748
-0.112922
-0.113063
-0.113110
-0.112939
-0.113695
-0.112593
-0.113406
-0.114217
-0.113537
-0.113063
-0.113207
-0.113759
-0.113784
-0.113536
-0.112855
-0.113339
-0.113434
-0.113268
-0.113373
-0.113777
-0.113601
-0.112778
-0.113240
-0.113692
-0.113696
-0.112915
-0.114098
-0.114197
-0.113861
-0.113792
-0.113987
-0.113840
-0.113846
-0.113877
-0.113552
-0.113673
-0.113605
-0.113496
-0.113993
-0.113999
-0.113673
-0.113781
-0.113971
-0.113990
-0.114146
-0.113911
-0.114123
-0.114050
-0.113888
-0.113829
-0.113942
-0.113998
-0.113480
-0.113909
-0.113858
-0.114010
-0.113462
-0.113692
-0.113903
-0.113855
-0.113744
-0.114011
-0.114027
-0.113999
2.781217
-0.046741
-0.048368
-0.054540
-0.098778
-0.101034
-0.105913
-0.109391
-0.107965
-0.111262
-0.110838
-0.111534
-0.112650
-0.110783
-0.111828
-0.110887
-0.110451
-0.112105
-0.109970
-0.112948
-0.112439
-0.112521
-0.113329
-0.112458
-0.113689
-0.112886
-0.112884
-0.109986
-0.111016
-0.111628
-0.112518
-0.113712
-0.114190
-0.110154
-0.112654
-0.113962
-0.113338
-0.113637
-0.113427
-0.113170
-0.113671
-0.113443
-0.113274
-0.113847
-0.113468
-0.113791
-0.113892
-0.113811
-0.114008
-0.113545
-0.113786
-0.113596
-0.113732
-0.113848
-0.113582
-0.114055
-0.113612
-0.113487
-0.113479
-0.114289
-0.113634
-0.113547
-0.113984
-0.114185
-0.113445
-0.113743
-0.114007
-0.113860
-0.114052
-0.114011
-0.113889
-0.113960
-0.113993
-0.113885
-0.113987
-0.113917
-0.113837
-0.113974
-0.114031
-0.114069
-0.113912
-0.114069
-0.114015
-0.114061
-0.113915
-0.113901
-0.114221
-0.113994
-0.113812
-0.113868
-0.114178
-0.114047
-0.113844
-0.113832
-0.114262
-0.114031
-0.113986
-0.114074
-0.113963
-0.114041
0.027265
0.248441
0.005529
0.003942
-0.079802
-0.081915
-0.104452
-0.109356
-0.109031
-0.112010
-0.112859
-0.111274
-0.112552
-0.112490
-0.112937
-0.112962
-0.112959
-0.113407
-0.112898
-0.112981
-0.113870
-0.112869
-0.113116
-0.112591
-0.112067
-0.109456
-0.109455
-0.107758
-0.105610
-0.109373
-0.110202
-0.105032
-0.111870
-0.106933
-0.113089
-0.112266
-0.113402
-0.114363
-0.113815
-0.114283
-0.114286
-0.114020
-0.114325
-0.114184
-0.114270
-0.114329
-0.114240
-0.114378
-0.114161
-0.114227
-0.114313
-0.113997
-0.114198
-0.113969
-0.113863
-0.113626
-0.113418
-0.113952
-0.112304
-0.114334
-0.112917
-0.112447
-0.113911
-0.112993
-0.114395
-0.114353
-0.114196
-0.114475
-0.114474
-0.114449
-0.114583
-0.114534
-0.114546
-0.114575
-0.114544
-0.114569
-0.114562
-0.114581
-0.114333
-0.114355
-0.114256
-0.114245
-0.114176
-0.114301
-0.114321
-0.114458
-0.114238
-0.114337
-0.113611
-0.114103
-0.113596
-0.113759
-0.113972
-0.114020
-0.114465
-0.114502
-0.114472
-0.114606
-0.114532
-0.114577
-0.047263
0.114544
-0.020689
-0.037580
-0.052032
-0.095806
-0.102556
-0.102976
-0.105079
-0.106230
-0.107193
-0.107923
-0.108497
-0.109171
-0.109357
-0.109791
-0.110016
-0.110327
-0.110585
-0.110884
-0.111222
-0.111234
-0.111722
-0.111535
-0.111839
-0.112009
-0.111797
-0.106467
-0.113779
-0.112877
-0.110082
-0.111701
-0.109173
-0.109831
-0.112377
-0.111926
-0.111994
-0.112319
-0.112193
-0.112369
-0.112337
-0.112473
-0.112497
-0.112517
-0.112621
-0.112618
-0.112718
-0.112735
-0.112774
-0.112721
-0.112745
-0.112819
-0.112697
-0.112938
-0.112840
-0.112809
-0.112352
-0.111955
-0.112356
-0.113229
-0.113591
-0.112670
-0.114090
-0.113274
-0.112233
-0.113459
-0.113262
-0.113289
-0.113336
-0.113290
-0.113342
-0.113296
-0.113334
-0.113347
-0.113315
-0.113402
-0.113213
-0.113207
-0.113430
-0.113485
-0.113458
-0.113508
-0.113538
-0.113246
-0.113273
-0.113354
-0.113656
-0.113653
-0.113231
-0.113103
-0.113189
-0.113195
-0.112962
-0.113561
-0.113774
-0.113243
-0.113397
-0.113363
-0.113358
-0.113398
-0.065036
0.402172
0.070828
-0.084560
-0.090731
-0.110247
-0.106396
-0.109920
-0.110144
-0.111031
-0.111137
-0.111603
-0.111793
-0.112023
-0.112222
-0.112060
-0.112613
-0.112365
-0.112606
-0.112846
-0.112404
-0.112895
-0.112629
-0.112827
-0.112831
-0.110935
-0.112839
-0.109917
-0.102306
-0.103053
-0.109900
-0.102549
-0.108821
-0.111619
-0.113069
-0.114249
-0.114373
-0.114543
-0.114407
-0.114339
-0.114472
-0.114280
-0.114421
-0.114322
-0.114330
-0.114434
-0.114285
-0.114369
-0.114241
-0.114311
-0.114550
-0.114376
-0.114528
-0.114253
-0.114525
-0.114117
-0.113977
-0.113475
-0.112497
-0.113463
-0.112292
-0.112321
-0.112958
-0.113108
-0.114139
-0.113959
-0.113994
-0.114059
-0.114088
-0.114159
-0.114114
-0.114209
-0.114155
-0.114194
-0.114217
-0.114168
-0.114234
-0.114430
-0.114260
-0.114117
-0.113698
-0.114021
-0.113948
-0.114205
-0.114153
-0.113995
-0.114331
-0.113479
-0.113447
-0.114257
-0.113793
-0.114105
-0.114131
-0.113764
-0.114294
-0.114433
-0.114348
-0.114381
-0.114374
-0.114352
