-2.604231
0.939653
0.674346
-4.900022
-0.112453
-0.112454
0.259669
0.294184
1.611433
-1.108951
-0.112455
-0.112450
2.647477
1.044393
5.114973
-0.220085
-0.112455
-0.112457
-0.180928
1.175895
1.864682
-2.354381
-0.112455
-0.112459
-0.094080
2.811892
4.175417
-5.281260
-0.112455
-0.112459
-0.118761
0.659845
1.379216
-1.383609
-0.112453
-0.112459
13.701062
-0.110988
13.704074
13.698457
-0.112455
-0.112458
9.223673
2.548045
13.128863
4.613535
-0.112455
-0.112459
2.364833
0.370599
-0.027370
-0.064745
-0.081352
-0.053761
-0.068279
-0.072168
-0.074510
-0.045600
-0.009028
-0.067656
-0.025696
-0.085717
0.125265
-0.010556
-0.064581
0.064141
0.015882
-0.095285
-0.004880
0.016961
0.083922
0.076505
-0.081983
-0.085959
-0.040965
-0.040124
-0.079981
-0.046445
-0.056147
-0.057733
-0.013655
-0.095717
-0.071526
-0.077248
-0.045889
-0.084811
-0.010383
-0.055984
-0.067120
-0.085529
-0.076576
-0.061300
-0.087756
-0.068152
-0.109045
-0.103264
-0.086634
-0.104282
-0.088250
-0.098317
-0.097520
-0.099314
-0.099422
-0.098948
-0.101630
-0.096812
-0.105671
-0.097812
-0.098909
-0.099127
-0.097889
-0.096211
-0.099894
-0.098517
-0.099217
-0.096506
-0.100344
-0.097949
-0.099553
-0.094986
-0.102852
-0.091589
-0.103319
-0.098753
-0.107266
-0.089747
-0.103681
-0.106305
-0.108840
-0.096808
-0.099564
-0.085728
-0.102529
-0.106996
-0.103771
-0.100231
-0.103316
-0.109319
-0.106760
-0.100243
-0.092473
-0.098319
-0.102311
-0.097028
-0.090690
-0.089608
-0.107626
-0.106577
0.258566
-0.047571
-0.001948
-0.060522
-0.070180
-0.068279
-0.093242
-0.108452
-0.095178
-0.089942
-0.070149
-0.110257
-0.074398
-0.069113
-0.055517
-0.097994
-0.096617
-0.065916
-0.076316
-0.083027
-0.053302
-0.077931
-0.049669
-0.031573
-0.026196
-0.046241
-0.082734
-0.065924
-0.087450
-0.073539
-0.104708
-0.091549
-0.063860
-0.073405
-0.083751
-0.068626
-0.060019
-0.096019
-0.101582
-0.085077
-0.100305
-0.106679
-0.100293
-0.098778
-0.107021
-0.104698
-0.099703
-0.112061
-0.107089
-0.109744
-0.109156
-0.110734
-0.108395
-0.110359
-0.109618
-0.111623
-0.108463
-0.108602
-0.110579
-0.110100
-0.110150
-0.111037
-0.107041
-0.110782
-0.109437
-0.111794
-0.110328
-0.110734
-0.109812
-0.110926
-0.111167
-0.111459
-0.109320
-0.108047
-0.110950
-0.109990
-0.110162
-0.108310
-0.106900
-0.109493
-0.106401
-0.106815
-0.105174
-0.103587
-0.103847
-0.105360
-0.111210
-0.109819
-0.104928
-0.106018
-0.111116
-0.108691
-0.102879
-0.109253
-0.106669
-0.107255
-0.105639
-0.108218
-0.110099
-0.108699
2.631729
0.635817
0.055905
-0.030622
-0.008560
-0.082410
-0.075688
-0.088644
-0.067914
-0.079318
-0.075456
-0.076231
-0.096803
-0.034331
-0.011819
-0.092971
-0.080746
-0.058651
-0.046237
-0.066099
-0.077263
-0.075239
-0.058265
-0.046994
-0.048179
-0.054009
-0.057571
-0.079524
-0.082247
-0.059329
-0.061223
-0.072961
-0.066045
-0.106834
-0.068439
-0.104675
-0.067861
-0.074353
-0.080465
-0.076681
-0.104097
-0.089997
-0.093876
-0.088366
-0.082774
-0.084895
-0.103946
-0.100601
-0.097894
-0.101533
-0.095824
-0.101984
-0.098790
-0.097894
-0.099825
-0.101159
-0.103521
-0.103857
-0.104960
-0.095921
-0.100866
-0.099912
-0.096778
-0.098002
-0.101792
-0.101075
-0.100689
-0.100136
-0.098642
-0.101589
-0.099366
-0.100165
-0.098986
-0.100507
-0.109602
-0.102619
-0.099850
-0.095906
-0.104927
-0.102108
-0.104979
-0.105130
-0.102787
-0.096800
-0.098489
-0.109814
-0.102470
-0.098947
-0.101724
-0.110048
-0.105748
-0.101591
-0.096026
-0.099238
-0.106516
-0.105470
-0.093933
-0.093790
-0.103115
-0.104144
-0.043859
0.775188
-0.042841
-0.002533
-0.039354
-0.042111
-0.079596
-0.094966
-0.090308
-0.104832
-0.089773
-0.086861
-0.096308
-0.087972
-0.084240
-0.097568
-0.094510
-0.092159
-0.098557
-0.096283
-0.084002
-0.102608
-0.100631
-0.084785
-0.108390
-0.103097
-0.105264
-0.105384
-0.109239
-0.106036
-0.099885
-0.101220
-0.106293
-0.103804
-0.101938
-0.105567
-0.111243
-0.098423
-0.101644
-0.102826
-0.102185
-0.106172
-0.106898
-0.105562
-0.101243
-0.104591
-0.103993
-0.107104
-0.107061
-0.107972
-0.106023
-0.107650
-0.107444
-0.108425
-0.104516
-0.109707
-0.105791
-0.105228
-0.103869
-0.109834
-0.106974
-0.107142
-0.108349
-0.108574
-0.107245
-0.108342
-0.108378
-0.107060
-0.108044
-0.107827
-0.107262
-0.108354
-0.108058
-0.109705
-0.107646
-0.109221
-0.108210
-0.108209
-0.109345
-0.109654
-0.109158
-0.108330
-0.108021
-0.107639
-0.109115
-0.109525
-0.109012
-0.108338
-0.109094
-0.108452
-0.108889
-0.107734
-0.108836
-0.108464
-0.109112
-0.108230
-0.108402
-0.107340
-0.108279
-0.108736
-0.092348
1.897722
0.059551
0.112817
0.130417
0.014724
-0.030792
-0.038811
-0.078244
-0.070994
-0.102749
-0.087242
-0.104876
-0.097602
-0.045495
-0.073999
-0.100695
-0.056088
-0.080266
-0.093656
-0.071595
-0.096896
-0.051050
-0.052690
-0.086247
-0.104326
-0.102256
-0.090989
-0.065153
-0.095000
-0.077070
-0.089941
-0.074385
-0.082585
-0.095861
-0.099716
-0.102800
-0.084721
-0.070477
-0.080384
-0.094040
-0.097836
-0.098317
-0.083692
-0.088755
-0.085910
-0.096081
-0.100287
-0.091705
-0.100506
-0.093672
-0.101394
-0.096205
-0.098812
-0.090708
-0.102285
-0.091770
-0.091256
-0.090255
-0.105251
-0.098198
-0.099578
-0.102637
-0.100916
-0.096450
-0.098860
-0.101219
-0.097628
-0.099714
-0.100862
-0.099341
-0.100995
-0.100313
-0.100513
-0.101014
-0.100883
-0.101447
-0.099612
-0.100155
-0.103571
-0.102477
-0.102374
-0.099112
-0.096206
-0.102550
-0.101562
-0.101474
-0.100963
-0.100655
-0.104766
-0.099039
-0.104075
-0.098247
-0.100691
-0.100049
-0.100971
-0.100960
-0.099056
-0.101662
-0.102125
-0.107359
0.390610
0.031392
-0.047635
-0.055621
-0.067290
-0.084412
-0.084349
-0.098434
-0.096430
-0.089327
-0.094340
-0.089503
-0.082901
-0.112168
-0.111978
-0.088989
-0.103982
-0.089270
-0.101631
-0.083643
-0.084835
-0.084230
-0.079966
-0.087622
-0.088567
-0.105948
-0.090052
-0.105316
-0.101945
-0.110431
-0.103143
-0.109635
-0.090552
-0.107262
-0.098735
-0.104102
-0.102405
-0.094290
-0.105439
-0.098014
-0.106714
-0.102270
-0.106365
-0.101937
-0.105984
-0.105270
-0.111734
-0.108017
-0.107048
-0.107130
-0.107761
-0.108119
-0.108017
-0.105398
-0.109336
-0.107053
-0.106766
-0.103508
-0.109650
-0.107874
-0.108962
-0.108479
-0.107362
-0.107663
-0.108178
-0.108973
-0.107679
-0.108508
-0.107864
-0.107540
-0.108198
-0.107134
-0.109269
-0.108951
-0.108772
-0.108846
-0.108629
-0.107998
-0.110080
-0.107005
-0.109385
-0.107690
-0.105755
-0.110360
-0.107156
-0.108271
-0.109319
-0.109886
-0.108918
-0.109119
-0.108909
-0.109635
-0.107360
-0.107095
-0.107683
-0.109293
-0.107786
-0.107346
-0.110709
-2.102291
0.110346
-1.656011
-2.421808
-0.112453
-0.112458
-0.033675
0.096822
0.356842
-0.368948
-0.112453
-0.112458
2.932116
0.055921
3.310494
2.656762
-0.112451
-0.112455
-0.288504
0.487076
0.663667
-1.199317
-0.112453
-0.112459
-0.221503
0.350383
0.559021
-1.156988
-0.112455
-0.112456
-0.149622
0.531559
0.981190
-0.981598
-0.112453
-0.112459
8.409984
0.064972
8.852832
8.096206
-0.112453
-0.112454
1.877329
0.017320
-0.062940
-0.050938
-0.093802
-0.094348
-0.104759
-0.108210
-0.106907
-0.099539
-0.102831
-0.102856
-0.103915
-0.102569
-0.105664
-0.109711
-0.111012
-0.103928
-0.106470
-0.109795
-0.108671
-0.108515
-0.110607
-0.111937
-0.112054
-0.110845
-0.111835
-0.108641
-0.109660
-0.107872
-0.110734
-0.111559
-0.108810
-0.109217
-0.111782
-0.112067
-0.111790
-0.111355
-0.111985
-0.111633
-0.111105
-0.112011
-0.111783
-0.109832
-0.111404
-0.110988
-0.111817
-0.112212
-0.110481
-0.111645
-0.112008
-0.110839
-0.112127
-0.111568
-0.111805
-0.111553
-0.111503
-0.111288
-0.112186
-0.111658
-0.111526
-0.112041
-0.111878
-0.111724
-0.111477
-0.111986
-0.111994
-0.112091
-0.111887
-0.112014
-0.111703
-0.111854
-0.112072
-0.112150
-0.111871
-0.112183
-0.111847
-0.111856
-0.111795
-0.112153
-0.111982
-0.112307
-0.112087
-0.112222
-0.112013
-0.112068
-0.112257
-0.112175
-0.111852
-0.111617
-0.112266
-0.111932
-0.111709
-0.112080
-0.112324
-0.112003
-0.112067
-0.111961
-0.111908
-0.112109
-0.034936
0.017403
-0.066120
-0.064552
-0.108013
-0.107261
-0.107727
-0.106458
-0.107613
-0.111492
-0.110227
-0.103585
-0.105534
-0.104560
-0.105263
-0.103387
-0.110257
-0.110784
-0.109122
-0.109365
-0.109016
-0.109232
-0.110702
-0.110363
-0.110266
-0.110115
-0.109564
-0.107705
-0.111829
-0.108141
-0.109826
-0.109402
-0.111412
-0.109055
-0.110506
-0.111630
-0.111384
-0.111844
-0.111462
-0.111216
-0.111296
-0.111022
-0.111990
-0.112344
-0.111582
-0.111048
-0.110889
-0.110983
-0.111023
-0.111565
-0.111992
-0.112008
-0.111724
-0.111898
-0.111860
-0.111807
-0.112142
-0.112077
-0.111160
-0.111230
-0.112023
-0.111854
-0.111236
-0.111465
-0.111967
-0.111601
-0.111756
-0.111611
-0.111765
-0.111878
-0.111844
-0.111778
-0.111577
-0.111573
-0.111522
-0.111662
-0.112212
-0.112027
-0.111868
-0.111686
-0.111831
-0.111665
-0.111662
-0.111737
-0.111856
-0.111785
-0.111668
-0.111797
-0.112160
-0.111957
-0.111593
-0.111980
-0.111994
-0.111807
-0.111499
-0.111908
-0.111942
-0.111985
-0.111968
-0.111768
2.932236
-0.027128
-0.058602
-0.058221
-0.098564
-0.098959
-0.106081
-0.104710
-0.107401
-0.108475
-0.109970
-0.106519
-0.104588
-0.105428
-0.102650
-0.105544
-0.107291
-0.107364
-0.108894
-0.110763
-0.110610
-0.112097
-0.111738
-0.112273
-0.111353
-0.110541
-0.111994
-0.110024
-0.107452
-0.109256
-0.110803
-0.111209
-0.109915
-0.109926
-0.110895
-0.110622
-0.112027
-0.111704
-0.111771
-0.111831
-0.111767
-0.112173
-0.111291
-0.110629
-0.111284
-0.110479
-0.111081
-0.111744
-0.110991
-0.111938
-0.112030
-0.111698
-0.111812
-0.111737
-0.111862
-0.111838
-0.111613
-0.111840
-0.111793
-0.111675
-0.111513
-0.112149
-0.112031
-0.111223
-0.112257
-0.112042
-0.111819
-0.111996
-0.111987
-0.111984
-0.112020
-0.111840
-0.112160
-0.112296
-0.111912
-0.112177
-0.112044
-0.112019
-0.111710
-0.111953
-0.111743
-0.112121
-0.111970
-0.112057
-0.112059
-0.112005
-0.111924
-0.111787
-0.111791
-0.111713
-0.112234
-0.111838
-0.112083
-0.111918
-0.111893
-0.111790
-0.112000
-0.111851
-0.111786
-0.111956
0.061239
0.246824
0.075754
-0.018148
-0.069823
-0.078701
-0.091226
-0.094539
-0.098316
-0.099536
-0.100035
-0.101426
-0.102385
-0.103567
-0.103856
-0.105311
-0.104965
-0.106345
-0.106088
-0.106619
-0.107162
-0.106183
-0.107835
-0.106870
-0.108774
-0.108209
-0.106705
-0.105843
-0.107908
-0.095954
-0.106392
-0.102926
-0.101805
-0.107122
-0.107581
-0.110366
-0.108498
-0.109398
-0.108779
-0.109171
-0.109316
-0.109163
-0.109592
-0.109194
-0.109632
-0.109305
-0.109620
-0.109544
-0.109464
-0.109584
-0.109463
-0.109969
-0.109377
-0.109922
-0.109525
-0.109651
-0.109705
-0.108923
-0.111036
-0.112111
-0.110033
-0.110411
-0.108985
-0.110117
-0.110263
-0.109554
-0.110329
-0.109976
-0.110216
-0.110158
-0.110082
-0.110275
-0.110042
-0.110307
-0.110134
-0.110200
-0.110202
-0.110075
-0.110702
-0.110433
-0.110301
-0.110331
-0.110864
-0.110177
-0.110384
-0.110291
-0.110336
-0.110596
-0.109336
-0.109486
-0.110413
-0.110140
-0.109366
-0.110477
-0.110273
-0.110573
-0.110275
-0.110333
-0.110403
-0.110258
-0.004564
0.105484
0.074365
0.028350
-0.075109
-0.092497
-0.092215
-0.095497
-0.097946
-0.099895
-0.101223
-0.102103
-0.102970
-0.103623
-0.104554
-0.104742
-0.105399
-0.105765
-0.106237
-0.106555
-0.106445
-0.107079
-0.107020
-0.107387
-0.107647
-0.106037
-0.109139
-0.105990
-0.096384
-0.108340
-0.106708
-0.108164
-0.101861
-0.107557
-0.108805
-0.109339
-0.109796
-0.109583
-0.109805
-0.109644
-0.109786
-0.109837
-0.109829
-0.109968
-0.109889
-0.110041
-0.110030
-0.110040
-0.110193
-0.110073
-0.110352
-0.110113
-0.110358
-0.110432
-0.110317
-0.110789
-0.109811
-0.110946
-0.108701
-0.109982
-0.109804
-0.111055
-0.110483
-0.108408
-0.110580
-0.110505
-0.110389
-0.110572
-0.110491
-0.110587
-0.110596
-0.110589
-0.110647
-0.110624
-0.110665
-0.110697
-0.110677
-0.110664
-0.110349
-0.110994
-0.110419
-0.111030
-0.110404
-0.110600
-0.110738
-0.110653
-0.110900
-0.110581
-0.111138
-0.110301
-0.111255
-0.110237
-0.111244
-0.111204
-0.110748
-0.110790
-0.110884
-0.110817
-0.110851
-0.110844
-0.076289
0.266539
0.096854
-0.015767
-0.057975
-0.073580
-0.086988
-0.088851
-0.092419
-0.093947
-0.095457
-0.097227
-0.098454
-0.099856
-0.100134
-0.101556
-0.101586
-0.102635
-0.102997
-0.103485
-0.104301
-0.103747
-0.104961
-0.104353
-0.105314
-0.106480
-0.106758
-0.109806
-0.104155
-0.092418
-0.103565
-0.099015
-0.108690
-0.108980
-0.108119
-0.108230
-0.107231
-0.108169
-0.107748
-0.108188
-0.108235
-0.108145
-0.108464
-0.108249
-0.108651
-0.108439
-0.108698
-0.108700
-0.108604
-0.108885
-0.108683
-0.109177
-0.108868
-0.109185
-0.109015
-0.108882
-0.109141
-0.108480
-0.110714
-0.109293
-0.109707
-0.108790
-0.107204
-0.109065
-0.109350
-0.109149
-0.109590
-0.109295
-0.109490
-0.109460
-0.109419
-0.109606
-0.109441
-0.109629
-0.109527
-0.109586
-0.109648
-0.109547
-0.109860
-0.109338
-0.109821
-0.109311
-0.109857
-0.109600
-0.109759
-0.109783
-0.109661
-0.109952
-0.108974
-0.109705
-0.109625
-0.110416
-0.109707
-0.109904
-0.109708
-0.109920
-0.109751
-0.109830
-0.109862
-0.109758
