-2.636719
1.114867
0.121564
-5.813949
-0.110316
-0.110315
0.081886
0.295108
1.062190
-0.900568
-0.110315
-0.110316
2.672951
1.173811
5.523551
-0.404834
-0.110315
-0.110317
0.065908
1.140929
2.105789
-2.083993
-0.110315
-0.110320
-0.137960
2.737621
4.632847
-5.359232
-0.110315
-0.110320
-0.081241
0.829813
1.643644
-1.782427
-0.110315
-0.110319
13.595552
-0.106889
13.602274
13.592241
-0.110312
-0.110318
9.128584
2.330814
12.448605
4.931913
-0.110316
-0.110320
2.416968
0.349701
0.073081
-0.048558
-0.012631
-0.096644
0.002496
-0.094176
-0.070711
-0.035208
-0.078499
-0.030475
0.087186
-0.085088
0.071119
-0.014841
-0.047043
-0.056960
0.051380
0.027960
0.094698
0.051662
-0.050532
0.018708
0.148468
-0.059999
-0.040936
-0.096098
0.149780
0.007453
-0.078091
-0.060939
-0.004172
0.035768
-0.090720
-0.010898
-0.074914
0.005868
-0.062662
-0.074015
-0.091190
-0.089537
-0.101593
-0.096455
-0.109229
-0.073086
-0.085006
-0.091741
-0.097861
-0.093468
-0.090344
-0.099532
-0.098874
-0.098911
-0.100488
-0.102508
-0.093333
-0.100631
-0.100287
-0.102894
-0.097946
-0.098163
-0.099037
-0.101536
-0.100621
-0.102326
-0.099833
-0.097079
-0.109535
-0.101349
-0.108063
-0.093543
-0.088483
-0.093138
-0.091172
-0.102733
-0.090913
-0.107440
-0.098454
-0.092338
-0.070038
-0.090839
-0.089364
-0.088966
-0.083600
-0.089926
-0.093117
-0.097877
-0.099473
-0.085485
-0.093813
-0.096104
-0.084769
-0.085783
-0.099889
-0.102486
-0.099619
-0.103321
-0.099527
-0.091814
0.085505
-0.007717
0.011186
-0.096152
-0.060296
-0.087313
-0.059651
-0.090673
-0.101203
-0.087481
-0.080879
-0.099956
-0.079958
-0.070531
-0.053372
-0.046036
-0.085544
-0.067637
-0.093691
-0.098950
-0.038280
-0.091598
-0.004329
-0.072419
-0.083923
-0.100437
-0.058933
-0.093814
-0.045763
-0.074428
-0.079115
-0.076220
-0.087118
-0.096230
-0.066147
-0.077515
-0.074906
-0.099840
-0.095253
-0.096203
-0.100717
-0.104782
-0.093069
-0.095593
-0.107214
-0.104781
-0.107438
-0.104840
-0.106119
-0.104576
-0.103249
-0.106570
-0.106821
-0.106317
-0.105415
-0.108174
-0.107236
-0.106039
-0.107065
-0.104009
-0.105156
-0.107407
-0.106855
-0.106886
-0.106646
-0.108685
-0.107667
-0.104560
-0.107648
-0.105897
-0.109087
-0.105217
-0.104173
-0.107139
-0.106899
-0.105598
-0.109931
-0.099590
-0.101747
-0.102565
-0.104011
-0.105912
-0.108001
-0.106258
-0.106754
-0.099907
-0.102527
-0.097339
-0.105709
-0.107349
-0.106918
-0.103030
-0.104860
-0.105334
-0.106238
-0.103415
-0.108723
-0.105391
-0.105305
-0.107102
2.666109
0.669101
0.102008
-0.063468
-0.037790
-0.077881
-0.100474
-0.091906
-0.047528
-0.096493
-0.100529
-0.087626
-0.067606
-0.089553
-0.053402
-0.060135
-0.102702
-0.075660
-0.049137
-0.029902
-0.020463
-0.013454
-0.105900
0.028255
0.062590
-0.059828
-0.037690
-0.075706
0.022953
-0.012714
-0.077312
-0.092537
-0.057823
0.024048
-0.087610
-0.049602
-0.079115
-0.051012
-0.091185
-0.099625
-0.105108
-0.107807
-0.108430
-0.101995
-0.103833
-0.097894
-0.100580
-0.104950
-0.106301
-0.102095
-0.103701
-0.101320
-0.101166
-0.107994
-0.106525
-0.110156
-0.101185
-0.101707
-0.104216
-0.105134
-0.103335
-0.101643
-0.106427
-0.105274
-0.106111
-0.103744
-0.106926
-0.104262
-0.108437
-0.108479
-0.109934
-0.106465
-0.101346
-0.104712
-0.106786
-0.106427
-0.098117
-0.104357
-0.107974
-0.106176
-0.082341
-0.101240
-0.093333
-0.100047
-0.096940
-0.096544
-0.095888
-0.103949
-0.104827
-0.092586
-0.097911
-0.101952
-0.093825
-0.099426
-0.107784
-0.105894
-0.104338
-0.106614
-0.106866
-0.104478
0.061265
0.759209
-0.070297
-0.029557
-0.064498
-0.101837
-0.066341
-0.097562
-0.060815
-0.106277
-0.100923
-0.089075
-0.091923
-0.097001
-0.088055
-0.104435
-0.088977
-0.098860
-0.094639
-0.091275
-0.090693
-0.101366
-0.064598
-0.106806
-0.099734
-0.081713
-0.099728
-0.102962
-0.073536
-0.086475
-0.089267
-0.105397
-0.092071
-0.097222
-0.100126
-0.103673
-0.101491
-0.098265
-0.106766
-0.107468
-0.109312
-0.106055
-0.107422
-0.106495
-0.107791
-0.106829
-0.108533
-0.107130
-0.106663
-0.109247
-0.109243
-0.109295
-0.109154
-0.108405
-0.109523
-0.106381
-0.105831
-0.106725
-0.107514
-0.108245
-0.106115
-0.107377
-0.107128
-0.109159
-0.108348
-0.108887
-0.108693
-0.108394
-0.109958
-0.108904
-0.109015
-0.107479
-0.107619
-0.108664
-0.108552
-0.108459
-0.109842
-0.108299
-0.106871
-0.108015
-0.109624
-0.108548
-0.108385
-0.109205
-0.109301
-0.105051
-0.108844
-0.106809
-0.106858
-0.108764
-0.109283
-0.109282
-0.109369
-0.108203
-0.108939
-0.109519
-0.109931
-0.108958
-0.108877
-0.108522
-0.073712
1.857671
0.027584
0.115593
-0.003966
0.003053
0.045240
-0.033386
-0.035183
-0.091358
-0.068869
-0.087583
-0.079508
-0.073772
-0.067598
-0.092082
-0.081014
-0.088843
-0.060399
-0.038624
-0.038516
-0.074075
-0.058142
-0.088083
-0.069440
-0.098595
-0.075281
-0.065236
-0.059903
-0.099811
-0.093851
-0.084418
-0.085967
-0.074540
-0.085858
-0.087933
-0.099340
-0.075891
-0.102893
-0.100480
-0.103272
-0.105704
-0.104730
-0.105160
-0.107910
-0.103405
-0.102922
-0.107674
-0.104800
-0.106589
-0.107052
-0.102836
-0.104455
-0.106965
-0.104101
-0.099331
-0.100891
-0.105199
-0.102968
-0.106312
-0.102790
-0.103301
-0.103809
-0.107863
-0.107795
-0.108467
-0.107517
-0.109158
-0.108162
-0.108686
-0.107882
-0.107339
-0.107798
-0.106768
-0.105786
-0.107044
-0.106148
-0.109424
-0.106883
-0.106139
-0.104414
-0.110042
-0.103976
-0.107577
-0.105593
-0.104712
-0.107039
-0.104651
-0.103821
-0.105881
-0.106263
-0.109031
-0.106680
-0.105111
-0.108265
-0.109841
-0.109079
-0.109611
-0.108148
-0.107024
-0.083468
0.535198
-0.106844
0.002962
-0.086774
-0.090326
-0.079784
-0.100835
-0.080857
-0.104044
-0.102796
-0.091854
-0.094758
-0.100301
-0.100508
-0.102228
-0.094497
-0.087837
-0.106781
-0.097202
-0.086422
-0.094740
-0.075798
-0.090121
-0.102434
-0.103328
-0.084332
-0.087007
-0.097142
-0.088304
-0.100037
-0.095639
-0.098122
-0.090096
-0.098129
-0.100063
-0.101208
-0.103871
-0.107595
-0.103891
-0.106384
-0.109083
-0.106728
-0.107472
-0.108731
-0.108002
-0.108345
-0.109443
-0.108712
-0.109045
-0.109379
-0.110073
-0.108930
-0.109088
-0.107599
-0.105504
-0.107579
-0.108268
-0.108185
-0.107765
-0.106950
-0.108495
-0.108633
-0.109498
-0.109361
-0.109964
-0.109672
-0.109083
-0.108989
-0.110063
-0.109337
-0.110059
-0.109166
-0.109249
-0.109176
-0.108555
-0.109080
-0.108467
-0.108099
-0.109541
-0.107729
-0.108599
-0.106201
-0.109202
-0.107666
-0.107249
-0.108168
-0.107376
-0.107184
-0.109038
-0.107614
-0.108392
-0.108744
-0.109109
-0.109379
-0.109334
-0.109681
-0.109422
-0.109164
-0.110036
-2.307741
0.085967
-1.966903
-2.687222
-0.110314
-0.110319
-0.160081
0.142285
0.248177
-0.505070
-0.110314
-0.110320
2.788249
0.107658
3.216425
2.495205
-0.110312
-0.110318
-0.040353
0.427278
0.902575
-0.712137
-0.110313
-0.110320
-0.122996
0.254998
0.772528
-0.624756
-0.110310
-0.110313
-0.167610
0.878786
1.320423
-1.781731
-0.110315
-0.110319
8.548071
0.162335
8.925995
8.031000
-0.110316
-0.110318
2.085956
-0.020180
-0.011770
-0.078592
-0.106751
-0.104169
-0.106872
-0.104416
-0.107846
-0.105758
-0.105616
-0.104282
-0.104745
-0.102259
-0.108298
-0.106151
-0.103376
-0.107663
-0.108297
-0.107379
-0.108306
-0.109313
-0.109243
-0.110042
-0.109881
-0.109141
-0.105706
-0.107592
-0.107883
-0.108787
-0.109372
-0.105234
-0.109934
-0.110055
-0.109524
-0.109477
-0.109385
-0.109674
-0.109053
-0.109396
-0.109462
-0.109094
-0.109677
-0.110077
-0.109063
-0.109425
-0.109951
-0.110010
-0.109983
-0.109788
-0.109735
-0.109873
-0.110160
-0.110161
-0.109419
-0.109575
-0.109847
-0.110083
-0.110047
-0.109752
-0.109301
-0.109900
-0.110214
-0.110123
-0.110047
-0.109969
-0.110090
-0.109843
-0.109726
-0.110104
-0.109806
-0.110173
-0.110235
-0.109747
-0.110201
-0.110204
-0.110109
-0.110177
-0.110142
-0.110053
-0.109987
-0.110064
-0.110191
-0.109866
-0.110150
-0.110049
-0.110060
-0.110080
-0.110143
-0.110083
-0.110031
-0.110142
-0.110221
-0.110191
-0.110156
-0.110188
-0.110150
-0.109985
-0.110044
-0.110081
-0.061857
0.063495
-0.078753
-0.094139
-0.096861
-0.104763
-0.106703
-0.107190
-0.106423
-0.104903
-0.106408
-0.106791
-0.108468
-0.108571
-0.103986
-0.106328
-0.109278
-0.108839
-0.106966
-0.109891
-0.109405
-0.109684
-0.109517
-0.109078
-0.109004
-0.109548
-0.108127
-0.107799
-0.106896
-0.107847
-0.107387
-0.107676
-0.109791
-0.109401
-0.109911
-0.109830
-0.109806
-0.110025
-0.109302
-0.109321
-0.109802
-0.109812
-0.109749
-0.109237
-0.109936
-0.110214
-0.109970
-0.109473
-0.110024
-0.109951
-0.110067
-0.109975
-0.109935
-0.109903
-0.109887
-0.110253
-0.109410
-0.109949
-0.109675
-0.109993
-0.109644
-0.109813
-0.110239
-0.110165
-0.110117
-0.110081
-0.110263
-0.110020
-0.109917
-0.110001
-0.109968
-0.109998
-0.110031
-0.110107
-0.110236
-0.110186
-0.109991
-0.110060
-0.110066
-0.110087
-0.110023
-0.110081
-0.110065
-0.110032
-0.109994
-0.110109
-0.109950
-0.110218
-0.110162
-0.110102
-0.110026
-0.110127
-0.110160
-0.110142
-0.110137
-0.110226
-0.110239
-0.110149
-0.110098
-0.110083
2.789918
0.018200
-0.043887
-0.072587
-0.084184
-0.097918
-0.094837
-0.105990
-0.108963
-0.101878
-0.104496
-0.105960
-0.099091
-0.109974
-0.108141
-0.107000
-0.106153
-0.104497
-0.107234
-0.108979
-0.107945
-0.108895
-0.109370
-0.107882
-0.107886
-0.106800
-0.107859
-0.108075
-0.106872
-0.108595
-0.108548
-0.106540
-0.107040
-0.109239
-0.108993
-0.107914
-0.108880
-0.109815
-0.108847
-0.108626
-0.109238
-0.107937
-0.109003
-0.109273
-0.109458
-0.109644
-0.108940
-0.108984
-0.109628
-0.109552
-0.109341
-0.109491
-0.109460
-0.109319
-0.109339
-0.109738
-0.109527
-0.109464
-0.109784
-0.109873
-0.109134
-0.109207
-0.109921
-0.109779
-0.109374
-0.109471
-0.109868
-0.109739
-0.109465
-0.109725
-0.109371
-0.109479
-0.109520
-0.109535
-0.109943
-0.109636
-0.109450
-0.109635
-0.109742
-0.109649
-0.109585
-0.109616
-0.109679
-0.109619
-0.109671
-0.109653
-0.109619
-0.109747
-0.109845
-0.109645
-0.109608
-0.109751
-0.109845
-0.109713
-0.109618
-0.109745
-0.109878
-0.109765
-0.109702
-0.109702
-0.042877
0.251584
-0.011540
-0.052759
-0.100140
-0.107715
-0.109007
-0.109060
-0.109582
-0.109706
-0.109799
-0.109542
-0.109925
-0.109851
-0.109992
-0.110161
-0.110152
-0.110233
-0.109981
-0.110216
-0.110039
-0.110032
-0.110284
-0.109349
-0.108900
-0.107877
-0.106198
-0.104306
-0.100280
-0.108376
-0.103776
-0.106526
-0.106925
-0.109523
-0.109172
-0.109394
-0.109566
-0.109676
-0.109678
-0.109743
-0.109760
-0.109829
-0.109825
-0.109839
-0.109898
-0.109935
-0.109971
-0.109910
-0.109938
-0.110050
-0.110079
-0.109958
-0.109975
-0.110026
-0.109626
-0.109679
-0.108689
-0.108177
-0.109424
-0.108974
-0.109243
-0.109727
-0.110044
-0.109890
-0.109883
-0.109927
-0.109958
-0.109943
-0.109954
-0.109961
-0.109981
-0.109979
-0.109969
-0.109979
-0.109993
-0.110013
-0.109988
-0.109970
-0.109997
-0.110031
-0.109957
-0.109852
-0.110059
-0.109928
-0.110023
-0.109624
-0.109827
-0.109753
-0.109742
-0.109673
-0.109917
-0.110047
-0.110030
-0.110005
-0.110016
-0.110035
-0.110033
-0.110024
-0.110023
-0.110031
-0.099614
0.055483
0.069914
-0.047582
-0.070255
-0.087892
-0.098110
-0.103095
-0.104068
-0.104546
-0.105255
-0.106104
-0.106819
-0.106616
-0.106845
-0.107509
-0.107826
-0.107725
-0.107816
-0.108541
-0.108946
-0.108649
-0.108921
-0.109319
-0.109433
-0.103710
-0.109724
-0.101419
-0.102300
-0.106054
-0.109827
-0.105095
-0.104499
-0.108373
-0.107236
-0.107445
-0.108151
-0.108466
-0.108319
-0.108303
-0.108551
-0.108757
-0.108636
-0.108593
-0.108790
-0.108924
-0.108821
-0.108757
-0.108965
-0.109151
-0.108974
-0.108893
-0.109313
-0.109491
-0.109397
-0.109533
-0.108932
-0.107957
-0.108046
-0.108988
-0.109015
-0.108993
-0.109533
-0.109190
-0.109009
-0.109123
-0.109259
-0.109211
-0.109135
-0.109181
-0.109278
-0.109252
-0.109185
-0.109223
-0.109301
-0.109280
-0.109196
-0.109217
-0.109326
-0.109294
-0.109117
-0.109102
-0.109257
-0.109448
-0.109986
-0.109951
-0.109524
-0.109052
-0.109084
-0.109050
-0.109268
-0.109477
-0.109487
-0.109382
-0.109354
-0.109414
-0.109444
-0.109399
-0.109368
-0.109403
-0.049972
0.569838
0.033813
-0.082634
-0.067230
-0.094096
-0.099675
-0.100746
-0.102104
-0.103596
-0.104376
-0.104541
-0.105109
-0.105878
-0.106426
-0.106413
-0.106703
-0.107483
-0.107505
-0.107318
-0.108008
-0.108810
-0.108326
-0.108695
-0.110012
-0.108050
-0.105663
-0.108125
-0.091885
-0.106362
-0.098778
-0.101380
-0.106738
-0.105037
-0.105872
-0.106986
-0.107158
-0.107101
-0.107417
-0.107747
-0.107717
-0.107708
-0.107927
-0.108121
-0.108063
-0.108067
-0.108317
-0.108403
-0.108255
-0.108346
-0.108676
-0.108585
-0.108367
-0.108917
-0.109338
-0.110050
-0.109302
-0.105954
-0.107977
-0.107989
-0.108140
-0.108899
-0.108417
-0.108304
-0.108558
-0.108636
-0.108542
-0.108576
-0.108701
-0.108705
-0.108650
-0.108690
-0.108775
-0.108758
-0.108707
-0.108773
-0.108845
-0.108779
-0.108726
-0.108839
-0.108888
-0.108643
-0.108632
-0.108783
-0.109286
-0.110231
-0.108859
-0.108537
-0.108516
-0.108768
-0.109098
-0.109050
-0.108918
-0.108942
-0.109006
-0.108977
-0.108931
-0.108959
-0.108995
-0.108967
