-2.554853
1.624876
3.059267
-10.780082
-0.116107
-0.116083
0.173728
0.597232
3.933741
-1.768990
-0.116098
-0.116078
2.496885
1.256994
8.484431
-0.493453
-0.116100
-0.116095
0.161385
1.142373
2.428960
-1.682499
-0.116102
-0.116107
-0.249611
2.478045
4.159477
-4.571152
-0.116103
-0.116106
-0.507340
1.003039
1.230205
-2.539230
-0.116103
-0.116107
12.702285
-0.113601
12.706043
12.698438
-0.116103
-0.116107
8.519607
2.505756
12.412545
3.665760
-0.116103
-0.116107
2.320939
0.241710
0.038539
-0.004090
-0.041430
-0.007540
-0.010541
0.025543
0.098960
-0.084262
0.030566
0.067429
0.135176
0.055249
0.191921
-0.024164
0.064847
0.090626
0.216691
0.060935
0.128903
0.238686
0.271795
-0.038805
0.006150
0.168782
-0.000216
-0.063501
0.127908
0.017501
-0.053124
0.087476
-0.011555
-0.079098
0.038484
-0.015109
-0.081053
0.032971
0.066909
0.019852
-0.113168
0.013482
-0.042799
-0.076742
-0.039084
-0.016830
-0.057059
-0.078637
-0.085121
-0.077565
-0.092612
-0.094876
-0.084351
-0.097025
-0.094829
-0.098889
-0.095445
-0.093215
-0.096688
-0.099414
-0.092979
-0.100828
-0.101115
-0.098283
-0.100543
-0.105325
-0.105558
-0.103900
-0.101749
-0.110255
-0.105847
-0.110131
-0.104769
-0.101336
-0.097985
-0.107616
-0.111329
-0.094595
-0.078904
-0.102255
-0.082104
-0.063526
-0.099760
-0.093165
-0.071894
-0.084978
-0.097978
-0.082524
-0.087076
-0.108927
-0.085070
-0.082359
-0.105853
-0.091059
-0.087092
-0.098850
-0.080597
-0.059745
-0.085814
-0.098245
0.171384
-0.086559
0.064749
-0.029364
-0.038346
-0.087419
-0.092950
-0.013838
0.051450
-0.078224
-0.073558
-0.009509
-0.004802
-0.024926
0.028032
-0.062962
0.019181
-0.082417
-0.033755
-0.070991
-0.090576
-0.021599
0.040632
-0.095120
-0.085435
-0.005332
-0.095601
-0.089928
-0.048109
-0.096194
-0.104317
-0.047412
-0.091898
-0.098288
-0.069612
-0.070582
-0.096624
-0.042339
-0.097830
-0.097458
-0.099820
-0.085400
-0.103071
-0.083966
-0.085889
-0.080080
-0.098390
-0.107891
-0.096471
-0.107008
-0.101326
-0.101281
-0.105437
-0.111726
-0.110836
-0.112861
-0.110904
-0.110027
-0.115170
-0.113302
-0.111055
-0.113085
-0.109193
-0.110577
-0.114387
-0.113425
-0.114436
-0.111798
-0.112706
-0.114792
-0.111610
-0.108863
-0.113619
-0.109288
-0.104257
-0.107808
-0.113069
-0.109004
-0.109013
-0.109120
-0.103462
-0.106312
-0.107398
-0.110915
-0.102957
-0.109520
-0.111783
-0.110117
-0.112924
-0.112977
-0.104170
-0.105750
-0.110655
-0.109995
-0.108216
-0.113784
-0.106929
-0.104631
-0.107505
-0.106307
2.492843
0.576972
0.048027
-0.086723
0.003852
-0.028707
-0.096084
-0.108586
-0.096538
-0.104482
-0.070170
-0.030398
-0.097947
0.009997
0.033184
-0.053563
-0.092916
-0.004623
0.036026
-0.075061
0.027251
0.083210
0.096555
0.002017
-0.016319
0.048534
-0.032652
-0.063541
0.064996
-0.002601
-0.056600
0.059870
-0.042302
-0.060027
-0.029267
-0.042292
-0.064951
-0.026033
-0.007691
-0.035370
-0.097734
-0.064142
-0.072104
-0.106903
-0.083985
-0.069126
-0.083027
-0.106159
-0.100664
-0.096118
-0.107500
-0.102724
-0.107182
-0.104814
-0.104845
-0.103878
-0.108559
-0.105516
-0.107094
-0.106252
-0.103126
-0.109209
-0.108968
-0.108895
-0.105745
-0.107198
-0.109798
-0.108594
-0.109239
-0.109957
-0.111445
-0.108531
-0.111755
-0.106734
-0.102807
-0.114774
-0.113342
-0.102331
-0.100762
-0.111645
-0.096075
-0.087082
-0.103331
-0.101240
-0.089017
-0.099573
-0.105937
-0.095297
-0.093203
-0.114439
-0.091913
-0.092096
-0.109880
-0.101807
-0.099969
-0.107331
-0.097883
-0.086024
-0.098521
-0.107735
0.157561
0.730759
-0.027802
-0.016244
-0.069247
-0.096660
-0.002415
-0.039487
-0.054795
-0.083308
-0.069491
-0.053053
-0.083797
-0.078569
-0.037036
-0.081336
-0.078608
-0.071948
-0.074096
-0.101682
-0.092999
-0.092782
-0.067934
-0.096596
-0.097413
-0.104026
-0.101934
-0.104607
-0.112718
-0.105534
-0.113390
-0.110845
-0.106484
-0.108486
-0.109656
-0.110668
-0.105735
-0.105307
-0.094863
-0.108866
-0.110265
-0.103483
-0.108835
-0.107858
-0.103997
-0.103949
-0.111358
-0.113894
-0.109708
-0.112118
-0.111929
-0.110183
-0.112268
-0.110870
-0.112431
-0.115550
-0.115032
-0.114292
-0.111985
-0.112313
-0.112151
-0.112902
-0.114966
-0.112166
-0.113042
-0.113685
-0.113030
-0.114897
-0.113830
-0.112369
-0.111468
-0.114130
-0.113586
-0.113689
-0.114594
-0.113882
-0.112007
-0.114589
-0.113129
-0.113492
-0.115085
-0.112387
-0.112438
-0.113352
-0.114423
-0.113197
-0.115971
-0.113217
-0.114813
-0.115181
-0.114666
-0.113962
-0.115553
-0.113372
-0.113654
-0.114392
-0.113290
-0.112202
-0.114792
-0.113661
0.023332
1.608384
0.090942
0.068773
0.047945
-0.030652
0.178912
0.027157
0.010427
-0.083173
-0.015779
0.029603
-0.024651
-0.003970
0.013354
-0.038192
-0.066285
-0.039492
-0.011099
-0.052004
-0.072891
-0.051072
-0.003981
-0.083253
-0.083986
-0.050765
-0.081385
-0.093010
-0.059066
-0.096767
-0.094468
-0.072007
-0.114088
-0.099852
-0.092583
-0.103732
-0.106965
-0.082015
-0.073396
-0.091898
-0.105740
-0.086068
-0.100854
-0.107514
-0.097005
-0.092019
-0.104484
-0.112506
-0.108775
-0.099057
-0.112911
-0.107802
-0.103879
-0.098075
-0.108643
-0.113024
-0.112380
-0.109459
-0.100804
-0.113183
-0.112827
-0.109053
-0.113003
-0.110679
-0.112960
-0.113388
-0.106759
-0.109023
-0.114998
-0.110053
-0.104479
-0.108734
-0.114216
-0.109373
-0.109868
-0.112930
-0.112555
-0.108502
-0.108868
-0.115499
-0.110816
-0.106618
-0.112113
-0.109655
-0.106973
-0.111738
-0.113081
-0.113265
-0.115068
-0.114667
-0.112090
-0.113084
-0.114506
-0.114457
-0.111902
-0.114022
-0.115879
-0.112951
-0.112629
-0.113210
0.279796
0.645746
0.026213
-0.095410
-0.082716
-0.094896
-0.039912
-0.094492
-0.067367
-0.093328
-0.087325
-0.071434
-0.081887
-0.092818
-0.066633
-0.101556
-0.101178
-0.104010
-0.096297
-0.107362
-0.107895
-0.104676
-0.083750
-0.099387
-0.104541
-0.096154
-0.108917
-0.108132
-0.082884
-0.112130
-0.106975
-0.082562
-0.106842
-0.112907
-0.109807
-0.111824
-0.109825
-0.101397
-0.107479
-0.112819
-0.112703
-0.113453
-0.110954
-0.114843
-0.113274
-0.110566
-0.113236
-0.109661
-0.111248
-0.113995
-0.111874
-0.113774
-0.112848
-0.111580
-0.115046
-0.115545
-0.113992
-0.113726
-0.110709
-0.114517
-0.112887
-0.112568
-0.114981
-0.113961
-0.115405
-0.115535
-0.113380
-0.114225
-0.115490
-0.115312
-0.112856
-0.113043
-0.114307
-0.114462
-0.113392
-0.114948
-0.115393
-0.114000
-0.114663
-0.115982
-0.114347
-0.114053
-0.114605
-0.113799
-0.113298
-0.115496
-0.114948
-0.114496
-0.114856
-0.115865
-0.111691
-0.112533
-0.115884
-0.114135
-0.115191
-0.114627
-0.114583
-0.113890
-0.115037
-0.114749
-1.619284
0.172490
-0.875448
-2.013763
-0.116099
-0.116102
-0.012194
0.190657
0.790378
-0.383600
-0.116098
-0.116101
2.898676
0.194649
3.681342
2.439200
-0.116100
-0.116103
-0.317208
0.531827
0.602690
-1.666238
-0.116105
-0.116104
-0.244252
0.281526
0.320897
-0.870493
-0.116102
-0.116107
-0.131404
0.474475
0.737106
-1.144729
-0.116102
-0.116108
7.861054
0.362198
8.439532
6.821389
-0.116106
-0.116104
1.388177
0.022188
-0.014449
-0.015288
-0.109188
-0.085849
-0.108404
-0.111452
-0.113530
-0.110946
-0.109982
-0.111474
-0.098414
-0.110494
-0.110629
-0.109929
-0.111697
-0.113804
-0.105559
-0.111665
-0.115291
-0.115290
-0.114963
-0.114655
-0.114116
-0.111520
-0.114794
-0.109027
-0.110583
-0.111719
-0.115483
-0.112956
-0.111910
-0.110495
-0.114914
-0.114768
-0.115543
-0.115637
-0.115628
-0.115046
-0.115268
-0.115698
-0.114419
-0.114121
-0.115119
-0.115646
-0.116069
-0.114780
-0.114350
-0.114692
-0.115802
-0.115736
-0.115950
-0.115818
-0.115533
-0.115217
-0.115180
-0.114754
-0.114934
-0.115062
-0.115735
-0.115213
-0.114871
-0.115034
-0.115316
-0.115847
-0.115711
-0.115919
-0.115930
-0.116001
-0.116019
-0.115744
-0.115849
-0.115214
-0.115768
-0.115923
-0.115857
-0.115450
-0.115350
-0.115790
-0.115972
-0.115873
-0.115944
-0.115777
-0.115830
-0.115710
-0.115770
-0.115602
-0.115544
-0.115782
-0.115956
-0.115953
-0.115405
-0.115442
-0.115776
-0.115991
-0.116039
-0.115759
-0.116036
-0.115971
-0.012776
0.064328
-0.031728
-0.059888
-0.063078
-0.114751
-0.106352
-0.110189
-0.111774
-0.105255
-0.108965
-0.105279
-0.106074
-0.103180
-0.111944
-0.110933
-0.108037
-0.110054
-0.110553
-0.109348
-0.112155
-0.115223
-0.113012
-0.113010
-0.111863
-0.114755
-0.111988
-0.108868
-0.111190
-0.112766
-0.114011
-0.114101
-0.110617
-0.112407
-0.113780
-0.113931
-0.113902
-0.115268
-0.115292
-0.115152
-0.114275
-0.114778
-0.115696
-0.113640
-0.114329
-0.115690
-0.114657
-0.113983
-0.115166
-0.115947
-0.114510
-0.115232
-0.115667
-0.115783
-0.115535
-0.115006
-0.114751
-0.115084
-0.114488
-0.114744
-0.115114
-0.115387
-0.115384
-0.114337
-0.115081
-0.115482
-0.115288
-0.115402
-0.115431
-0.115393
-0.115566
-0.115062
-0.115374
-0.115904
-0.115255
-0.115260
-0.115698
-0.115226
-0.115006
-0.115428
-0.115685
-0.115504
-0.115287
-0.115150
-0.115641
-0.115579
-0.115243
-0.115249
-0.115929
-0.115346
-0.115627
-0.115185
-0.115431
-0.115754
-0.115140
-0.115484
-0.115754
-0.115219
-0.115408
-0.115613
2.898161
-0.034170
0.009373
0.036155
-0.105805
-0.083412
-0.103894
-0.108445
-0.110766
-0.111049
-0.110956
-0.102663
-0.108980
-0.106810
-0.108540
-0.111148
-0.113459
-0.107062
-0.109723
-0.111782
-0.113086
-0.114200
-0.114381
-0.114809
-0.113427
-0.111337
-0.113803
-0.106127
-0.107895
-0.111575
-0.113918
-0.112731
-0.110846
-0.109174
-0.113176
-0.115372
-0.114783
-0.114398
-0.114488
-0.113974
-0.115121
-0.113708
-0.113767
-0.114651
-0.114609
-0.115418
-0.114342
-0.115405
-0.114084
-0.114239
-0.115599
-0.115111
-0.115296
-0.115064
-0.115121
-0.115032
-0.114259
-0.113837
-0.114888
-0.114779
-0.115280
-0.115075
-0.113699
-0.114273
-0.115111
-0.115263
-0.115680
-0.115669
-0.115622
-0.115811
-0.115489
-0.115892
-0.115575
-0.115030
-0.115792
-0.115449
-0.115446
-0.115546
-0.115651
-0.115418
-0.115305
-0.115356
-0.115268
-0.115736
-0.115160
-0.115395
-0.115891
-0.114972
-0.115109
-0.115858
-0.115706
-0.115862
-0.115518
-0.114978
-0.115614
-0.115536
-0.115284
-0.115632
-0.115493
-0.115282
0.083933
0.289526
0.073206
-0.087294
-0.053634
-0.086116
-0.095402
-0.097068
-0.100445
-0.101752
-0.105839
-0.104983
-0.106425
-0.107509
-0.107828
-0.108629
-0.108967
-0.109076
-0.110154
-0.110423
-0.109754
-0.111361
-0.111581
-0.111294
-0.111224
-0.112664
-0.111320
-0.105729
-0.112927
-0.100708
-0.110114
-0.106727
-0.108785
-0.109996
-0.114719
-0.111644
-0.112414
-0.113071
-0.112826
-0.112846
-0.112870
-0.113136
-0.112993
-0.113131
-0.113241
-0.113189
-0.113235
-0.113415
-0.113242
-0.113307
-0.113485
-0.113542
-0.113222
-0.113587
-0.113629
-0.113290
-0.114080
-0.113800
-0.112968
-0.115107
-0.113625
-0.112071
-0.113891
-0.113674
-0.113338
-0.114243
-0.113980
-0.113819
-0.113947
-0.114024
-0.113944
-0.113962
-0.114030
-0.113993
-0.114005
-0.114070
-0.114173
-0.113888
-0.114445
-0.113965
-0.114006
-0.113827
-0.114568
-0.113949
-0.114175
-0.114189
-0.113811
-0.114162
-0.113543
-0.113706
-0.114347
-0.114856
-0.113283
-0.114459
-0.114053
-0.114007
-0.114132
-0.114206
-0.114156
-0.114132
0.010435
0.150204
-0.107156
-0.057431
-0.075606
-0.087480
-0.098060
-0.099946
-0.101953
-0.103807
-0.105554
-0.106518
-0.107187
-0.108114
-0.108689
-0.109019
-0.109576
-0.110170
-0.110153
-0.110513
-0.111294
-0.111119
-0.111557
-0.111881
-0.112314
-0.112461
-0.112238
-0.109824
-0.110691
-0.115626
-0.110487
-0.112045
-0.111137
-0.113258
-0.113563
-0.113426
-0.112894
-0.113100
-0.113248
-0.113375
-0.113184
-0.113357
-0.113502
-0.113431
-0.113488
-0.113621
-0.113630
-0.113586
-0.113793
-0.113802
-0.113716
-0.113800
-0.113911
-0.113899
-0.113753
-0.114005
-0.114082
-0.114493
-0.113540
-0.113589
-0.114108
-0.114247
-0.113819
-0.113627
-0.114264
-0.114241
-0.114321
-0.114337
-0.114321
-0.114288
-0.114411
-0.114379
-0.114356
-0.114420
-0.114426
-0.114434
-0.114493
-0.114461
-0.114273
-0.114535
-0.114408
-0.114615
-0.114281
-0.114435
-0.114645
-0.114478
-0.114354
-0.114479
-0.114915
-0.114440
-0.114666
-0.114313
-0.114837
-0.114724
-0.114435
-0.114513
-0.114539
-0.114527
-0.114558
-0.114564
-0.098252
0.278907
-0.039607
-0.029598
-0.074089
-0.084538
-0.096435
-0.101313
-0.103521
-0.105443
-0.105423
-0.106782
-0.107740
-0.107979
-0.108720
-0.109251
-0.109673
-0.109864
-0.110348
-0.110586
-0.110483
-0.110741
-0.110976
-0.110752
-0.110694
-0.111043
-0.112461
-0.109462
-0.108998
-0.110157
-0.110105
-0.113579
-0.108391
-0.114733
-0.114086
-0.113495
-0.113279
-0.113464
-0.113508
-0.113520
-0.113793
-0.113773
-0.113758
-0.113915
-0.113939
-0.113949
-0.114008
-0.114088
-0.114132
-0.114130
-0.114414
-0.114302
-0.114372
-0.114476
-0.114458
-0.114310
-0.114165
-0.114868
-0.113947
-0.113590
-0.112748
-0.113616
-0.113530
-0.113835
-0.114270
-0.114380
-0.114620
-0.114611
-0.114622
-0.114663
-0.114644
-0.114664
-0.114710
-0.114710
-0.114732
-0.114740
-0.114735
-0.114786
-0.114545
-0.114821
-0.114234
-0.114736
-0.114459
-0.114762
-0.114668
-0.114790
-0.114933
-0.114644
-0.115353
-0.114857
-0.115557
-0.114961
-0.115164
-0.114931
-0.114932
-0.114889
-0.114818
-0.114842
-0.114855
-0.114858
