-2.620676
1.119269
0.693110
-5.631513
-0.111837
-0.111838
0.197550
0.350896
1.930422
-0.618237
-0.111834
-0.111833
2.685825
1.193459
5.085692
-0.052863
-0.111838
-0.111840
-0.062156
1.087821
1.850854
-2.178521
-0.111837
-0.111842
-0.125299
2.683041
4.157090
-5.344559
-0.111837
-0.111842
0.010956
0.843849
1.744216
-1.821269
-0.111837
-0.111841
13.585425
-0.110426
13.587173
13.583113
-0.111838
-0.111842
9.434205
2.634011
13.389275
4.678845
-0.111838
-0.111842
2.390732
0.404742
-0.006955
-0.048335
-0.066316
-0.049472
-0.093608
-0.045088
-0.045267
-0.017337
0.004930
-0.011399
0.069473
-0.014603
0.087535
-0.019581
0.120895
0.046317
0.137240
-0.058083
0.015097
0.109113
-0.026506
-0.045310
-0.069781
-0.073718
0.039233
0.026218
-0.047168
-0.082028
0.017563
-0.044781
-0.016644
-0.097775
-0.059182
-0.040091
-0.034798
-0.072714
-0.098956
-0.063814
-0.020331
-0.079085
-0.100826
-0.093763
-0.096716
-0.102022
-0.091760
-0.104223
-0.101392
-0.097176
-0.108539
-0.100263
-0.104742
-0.101255
-0.107444
-0.104735
-0.108377
-0.107493
-0.102636
-0.111326
-0.104709
-0.109787
-0.103191
-0.110100
-0.099380
-0.110961
-0.098039
-0.105545
-0.105378
-0.096069
-0.103959
-0.093261
-0.105357
-0.087124
-0.098850
-0.099405
-0.111241
-0.106420
-0.098284
-0.094364
-0.101931
-0.108447
-0.107910
-0.084519
-0.107760
-0.101692
-0.106192
-0.095276
-0.100026
-0.098035
-0.109699
-0.107529
-0.096465
-0.096813
-0.108881
-0.101138
-0.108022
-0.103628
-0.107437
-0.104051
0.199825
0.006426
-0.015560
-0.097278
-0.087579
-0.064636
-0.094115
-0.102855
-0.079043
-0.074827
-0.037016
-0.091452
-0.104301
-0.076422
-0.088061
-0.081971
-0.051795
-0.042203
0.030972
-0.077327
-0.011776
-0.101778
-0.059976
-0.046468
-0.101761
-0.062545
-0.074243
-0.096074
-0.048367
-0.068962
-0.066778
-0.095274
-0.077486
-0.093105
-0.073945
-0.075905
-0.071320
-0.100915
-0.103259
-0.094085
-0.075351
-0.099711
-0.102310
-0.100578
-0.103795
-0.105232
-0.110028
-0.101549
-0.106841
-0.110375
-0.109706
-0.109514
-0.109147
-0.109966
-0.107876
-0.110482
-0.109774
-0.108829
-0.109463
-0.111307
-0.111622
-0.110012
-0.110138
-0.108976
-0.110206
-0.110144
-0.109831
-0.108446
-0.107232
-0.110057
-0.108924
-0.108134
-0.107163
-0.103229
-0.105702
-0.101190
-0.108352
-0.101598
-0.106106
-0.101929
-0.109129
-0.111059
-0.108557
-0.105390
-0.107367
-0.103954
-0.109413
-0.102774
-0.106791
-0.111202
-0.108543
-0.110730
-0.108800
-0.104496
-0.109741
-0.107790
-0.108015
-0.102686
-0.109627
-0.109299
2.677353
0.696843
0.096072
-0.078240
-0.094448
-0.096284
-0.054140
-0.095728
-0.106332
-0.066330
-0.041307
-0.052483
-0.096309
-0.079641
-0.003399
-0.080255
-0.009774
-0.023898
0.048910
-0.059981
-0.020639
-0.046194
-0.067665
-0.046956
-0.069839
-0.101153
-0.001500
-0.019495
-0.021646
-0.081558
-0.007493
-0.057459
-0.051432
-0.084017
-0.065887
-0.075397
-0.073261
-0.094307
-0.092418
-0.088180
-0.065528
-0.093012
-0.101302
-0.097249
-0.099977
-0.105500
-0.105066
-0.102468
-0.109031
-0.107651
-0.108023
-0.104149
-0.109771
-0.106274
-0.107898
-0.106129
-0.108270
-0.106917
-0.108444
-0.110058
-0.108933
-0.110980
-0.109060
-0.111435
-0.106531
-0.108902
-0.105482
-0.108734
-0.106837
-0.109424
-0.107222
-0.101953
-0.110259
-0.098480
-0.104247
-0.101518
-0.109233
-0.107528
-0.105191
-0.099438
-0.106863
-0.106628
-0.105228
-0.094240
-0.108064
-0.099745
-0.105138
-0.097245
-0.104758
-0.103355
-0.107660
-0.108421
-0.105389
-0.101812
-0.111081
-0.106343
-0.109033
-0.103343
-0.108810
-0.106389
-0.066947
0.720965
-0.047341
-0.053877
-0.075530
-0.043933
-0.086259
-0.091418
-0.098214
-0.095461
-0.089103
-0.082792
-0.098322
-0.102391
-0.087373
-0.094826
-0.092750
-0.087179
-0.070530
-0.090706
-0.093429
-0.091933
-0.097618
-0.111074
-0.100597
-0.083497
-0.102943
-0.097459
-0.096080
-0.087831
-0.108293
-0.099354
-0.100459
-0.097614
-0.103722
-0.109889
-0.101523
-0.109576
-0.106472
-0.108142
-0.101557
-0.105406
-0.111439
-0.109723
-0.110126
-0.110636
-0.109172
-0.110098
-0.110260
-0.108778
-0.109601
-0.110261
-0.109100
-0.111192
-0.111280
-0.108675
-0.107239
-0.107561
-0.109125
-0.110332
-0.108438
-0.108329
-0.109896
-0.110826
-0.110126
-0.111340
-0.109887
-0.111580
-0.110209
-0.109503
-0.111018
-0.109963
-0.108907
-0.109205
-0.110687
-0.107941
-0.110792
-0.109502
-0.111006
-0.110893
-0.110248
-0.110738
-0.109953
-0.110820
-0.108277
-0.109468
-0.110175
-0.111113
-0.108180
-0.109947
-0.110960
-0.111363
-0.111032
-0.111253
-0.111672
-0.111181
-0.111215
-0.109190
-0.111486
-0.110623
-0.089161
1.826115
0.016938
0.039282
-0.076076
0.053668
-0.053963
-0.091686
-0.064954
-0.070951
-0.048346
-0.045386
-0.056236
-0.053606
-0.047204
-0.091188
-0.041910
-0.076180
-0.004013
-0.083973
-0.067237
-0.022343
-0.078530
-0.087360
-0.080722
-0.090476
-0.099784
-0.076169
-0.075961
-0.062576
-0.090874
-0.102111
-0.091427
-0.075731
-0.084301
-0.089582
-0.098179
-0.103760
-0.105514
-0.089996
-0.085931
-0.097634
-0.107745
-0.103687
-0.097014
-0.107139
-0.103213
-0.105459
-0.109301
-0.106384
-0.108454
-0.106084
-0.106215
-0.105955
-0.103925
-0.099159
-0.106018
-0.105590
-0.104712
-0.106877
-0.107237
-0.107142
-0.111543
-0.110058
-0.110167
-0.107645
-0.105336
-0.107832
-0.110549
-0.107164
-0.109069
-0.107191
-0.110633
-0.106533
-0.104365
-0.107866
-0.110865
-0.107290
-0.107034
-0.106026
-0.108755
-0.109580
-0.106416
-0.107017
-0.108724
-0.107268
-0.105113
-0.108904
-0.108809
-0.108031
-0.107058
-0.108361
-0.106995
-0.107871
-0.108389
-0.107627
-0.110497
-0.106994
-0.108609
-0.110277
0.006431
0.552296
-0.082509
-0.057660
-0.089759
-0.090089
-0.100549
-0.104634
-0.098808
-0.098471
-0.099499
-0.088156
-0.094216
-0.101931
-0.087487
-0.100034
-0.088245
-0.098534
-0.080477
-0.098776
-0.075344
-0.082254
-0.098668
-0.086315
-0.106110
-0.100751
-0.098943
-0.105505
-0.076588
-0.095347
-0.094217
-0.106089
-0.101304
-0.103446
-0.103198
-0.110014
-0.092030
-0.108316
-0.104722
-0.108706
-0.103701
-0.106195
-0.107920
-0.109494
-0.110613
-0.109949
-0.110131
-0.108799
-0.110714
-0.110992
-0.110585
-0.110834
-0.109468
-0.109872
-0.110393
-0.107723
-0.108970
-0.110267
-0.109483
-0.110249
-0.110005
-0.111715
-0.110792
-0.110645
-0.111191
-0.110568
-0.110989
-0.111220
-0.110166
-0.110933
-0.110905
-0.110316
-0.111241
-0.109945
-0.109968
-0.109680
-0.110055
-0.108365
-0.111211
-0.109067
-0.110908
-0.110524
-0.111186
-0.109745
-0.110759
-0.108191
-0.110853
-0.108575
-0.110597
-0.110960
-0.110781
-0.110675
-0.110670
-0.109466
-0.110496
-0.111380
-0.110439
-0.110500
-0.111113
-0.110860
-1.845733
0.110348
-1.423591
-2.210691
-0.111836
-0.111840
-0.313688
0.134553
0.209295
-0.645406
-0.111834
-0.111839
3.077828
0.025848
3.297047
2.760758
-0.111839
-0.111838
-0.212417
0.470415
0.697946
-1.025178
-0.111836
-0.111842
-0.106059
0.470868
0.788550
-1.064085
-0.111838
-0.111841
-0.199542
0.437617
0.644164
-1.036906
-0.111837
-0.111842
8.245715
0.546682
9.141140
7.162795
-0.111837
-0.111842
1.622511
0.034795
-0.092187
-0.068033
-0.094288
-0.109692
-0.109037
-0.106696
-0.104980
-0.109219
-0.109041
-0.108759
-0.102214
-0.106786
-0.106178
-0.108066
-0.110347
-0.107925
-0.108256
-0.108128
-0.108028
-0.110224
-0.110360
-0.109266
-0.108233
-0.110559
-0.108236
-0.108291
-0.109639
-0.109683
-0.108567
-0.108813
-0.110749
-0.111341
-0.110340
-0.110405
-0.110749
-0.111266
-0.110317
-0.110261
-0.109651
-0.110672
-0.110224
-0.111390
-0.111029
-0.110783
-0.109859
-0.110474
-0.110915
-0.111033
-0.110871
-0.110739
-0.111024
-0.110580
-0.110897
-0.110923
-0.111403
-0.110439
-0.110746
-0.111078
-0.111490
-0.110707
-0.110881
-0.110991
-0.111114
-0.111060
-0.110876
-0.111002
-0.110936
-0.111040
-0.111155
-0.111421
-0.110947
-0.110876
-0.110987
-0.111270
-0.111308
-0.111207
-0.111146
-0.111173
-0.111209
-0.111127
-0.111381
-0.111324
-0.110884
-0.110962
-0.111465
-0.111503
-0.110942
-0.110891
-0.111329
-0.111238
-0.111259
-0.111216
-0.111189
-0.111156
-0.111242
-0.111398
-0.111337
-0.111237
0.091608
0.048325
-0.062268
-0.070342
-0.105169
-0.099595
-0.103618
-0.108640
-0.107249
-0.106414
-0.103367
-0.106981
-0.110079
-0.110428
-0.107359
-0.110176
-0.107293
-0.107596
-0.107981
-0.111700
-0.111004
-0.110398
-0.110463
-0.110117
-0.110235
-0.109004
-0.110080
-0.108752
-0.107592
-0.109540
-0.109012
-0.107440
-0.110789
-0.109843
-0.110442
-0.110681
-0.110500
-0.110291
-0.110400
-0.110996
-0.111087
-0.110881
-0.110493
-0.111146
-0.110173
-0.111014
-0.111265
-0.111266
-0.110856
-0.111034
-0.111193
-0.110760
-0.111398
-0.110570
-0.110712
-0.110864
-0.110593
-0.111327
-0.111450
-0.110418
-0.111267
-0.110741
-0.111034
-0.111095
-0.111211
-0.111064
-0.111298
-0.111454
-0.111097
-0.111150
-0.111151
-0.111239
-0.111147
-0.111403
-0.111359
-0.111218
-0.111000
-0.111276
-0.111215
-0.111055
-0.111315
-0.111086
-0.111295
-0.111454
-0.111439
-0.111510
-0.111120
-0.111001
-0.111366
-0.111244
-0.111413
-0.111387
-0.111453
-0.111272
-0.111388
-0.111396
-0.111146
-0.111197
-0.111262
-0.111388
3.076856
-0.025527
-0.090037
-0.076042
-0.108355
-0.107692
-0.110256
-0.109150
-0.108665
-0.105445
-0.109182
-0.105033
-0.106359
-0.109413
-0.106713
-0.107087
-0.109925
-0.106960
-0.108637
-0.110441
-0.109816
-0.111414
-0.111337
-0.110511
-0.111161
-0.110247
-0.109512
-0.110877
-0.108837
-0.110972
-0.110972
-0.111376
-0.109790
-0.111184
-0.111104
-0.111421
-0.111146
-0.111144
-0.111145
-0.111609
-0.110824
-0.111110
-0.111210
-0.111039
-0.111046
-0.111227
-0.110611
-0.110974
-0.111173
-0.111614
-0.111395
-0.111423
-0.111606
-0.111462
-0.111192
-0.111472
-0.111352
-0.110629
-0.110997
-0.111273
-0.111216
-0.111393
-0.111409
-0.111430
-0.111413
-0.111535
-0.111495
-0.111297
-0.111351
-0.110888
-0.111343
-0.111396
-0.111077
-0.111295
-0.111402
-0.111530
-0.111528
-0.111463
-0.111325
-0.111395
-0.111428
-0.111284
-0.111280
-0.111236
-0.111154
-0.111215
-0.111708
-0.111597
-0.111423
-0.111479
-0.111414
-0.111347
-0.111398
-0.111399
-0.111278
-0.111265
-0.111323
-0.111376
-0.111641
-0.111547
-0.010044
0.294912
-0.066416
-0.081328
-0.102106
-0.107002
-0.109915
-0.110945
-0.109872
-0.110795
-0.110182
-0.111598
-0.110577
-0.111595
-0.110876
-0.111050
-0.111039
-0.110842
-0.111148
-0.110727
-0.111781
-0.110555
-0.111587
-0.111283
-0.111135
-0.109596
-0.106994
-0.105391
-0.104776
-0.110471
-0.102749
-0.111512
-0.110940
-0.110744
-0.111265
-0.111408
-0.111668
-0.111189
-0.111677
-0.111487
-0.111406
-0.111558
-0.111366
-0.111611
-0.111364
-0.111714
-0.111271
-0.111555
-0.111482
-0.111381
-0.111371
-0.111368
-0.111624
-0.110871
-0.111644
-0.110642
-0.109871
-0.111121
-0.110969
-0.110063
-0.111426
-0.111163
-0.111683
-0.111286
-0.111554
-0.111422
-0.111555
-0.111421
-0.111466
-0.111559
-0.111409
-0.111550
-0.111454
-0.111586
-0.111389
-0.111603
-0.111510
-0.111460
-0.111497
-0.111477
-0.111592
-0.111369
-0.111549
-0.111428
-0.111344
-0.110870
-0.110953
-0.111218
-0.111121
-0.111207
-0.111666
-0.111371
-0.111559
-0.111477
-0.111534
-0.111440
-0.111500
-0.111566
-0.111441
-0.111550
-0.103991
0.279081
0.012804
-0.093756
-0.096101
-0.105064
-0.110374
-0.108453
-0.109141
-0.108724
-0.110486
-0.109295
-0.110200
-0.110346
-0.110007
-0.110329
-0.110584
-0.110958
-0.110121
-0.111299
-0.110705
-0.111180
-0.110768
-0.110498
-0.109881
-0.111223
-0.108462
-0.103934
-0.103256
-0.111328
-0.101760
-0.108068
-0.109156
-0.110033
-0.110604
-0.110065
-0.110570
-0.110615
-0.111001
-0.110428
-0.111107
-0.110817
-0.110880
-0.110890
-0.111060
-0.110964
-0.110910
-0.111305
-0.110856
-0.111159
-0.110973
-0.111243
-0.110705
-0.111275
-0.110862
-0.109662
-0.110148
-0.109969
-0.110611
-0.109986
-0.111228
-0.111819
-0.111491
-0.111376
-0.111551
-0.111547
-0.111607
-0.111438
-0.111742
-0.111486
-0.111600
-0.111595
-0.111583
-0.111552
-0.111621
-0.111728
-0.111490
-0.111699
-0.111624
-0.111690
-0.111493
-0.111706
-0.111372
-0.111268
-0.111024
-0.111141
-0.110948
-0.111121
-0.111012
-0.111747
-0.111716
-0.111538
-0.111771
-0.111659
-0.111741
-0.111717
-0.111727
-0.111710
-0.111766
-0.111818
-0.022226
0.253392
-0.010166
-0.043212
-0.087200
-0.102477
-0.099778
-0.100184
-0.101991
-0.102691
-0.103915
-0.104388
-0.105446
-0.105818
-0.106356
-0.106632
-0.107022
-0.107280
-0.107702
-0.108125
-0.108322
-0.108808
-0.108879
-0.109341
-0.107858
-0.110011
-0.106238
-0.102959
-0.102645
-0.108357
-0.100711
-0.103964
-0.109138
-0.108392
-0.108145
-0.108436
-0.108851
-0.108871
-0.109147
-0.109139
-0.109359
-0.109347
-0.109483
-0.109496
-0.109632
-0.109658
-0.109752
-0.109785
-0.109805
-0.109858
-0.109802
-0.109878
-0.109786
-0.110173
-0.109661
-0.108010
-0.110590
-0.108645
-0.109549
-0.110887
-0.110949
-0.110590
-0.110596
-0.110754
-0.110775
-0.110743
-0.110790
-0.110761
-0.110825
-0.110805
-0.110852
-0.110839
-0.110905
-0.110883
-0.110922
-0.110913
-0.110951
-0.110955
-0.110985
-0.111017
-0.111057
-0.111052
-0.110957
-0.111352
-0.110430
-0.110405
-0.111534
-0.111257
-0.110497
-0.110893
-0.111175
-0.111165
-0.111160
-0.111146
-0.111172
-0.111160
-0.111188
-0.111170
-0.111178
-0.111165
