-2.678736
0.867952
-0.387072
-4.716689
-0.110427
-0.110430
0.231483
0.295709
1.434029
-0.794188
-0.110426
-0.110427
2.545272
0.944884
4.714735
0.234196
-0.110428
-0.110430
-0.153007
1.234751
2.108974
-2.091282
-0.110426
-0.110432
-0.219412
2.413885
4.221083
-4.543525
-0.110427
-0.110432
-0.038416
0.836964
1.726797
-1.701605
-0.110427
-0.110432
13.755198
-0.109517
13.757394
13.753624
-0.110426
-0.110427
9.192762
2.496353
12.977589
5.006829
-0.110428
-0.110432
2.457936
0.308548
0.043783
-0.062244
-0.091044
-0.081504
-0.005350
-0.056011
-0.032675
-0.012475
-0.049084
0.053990
-0.061075
-0.072143
0.024165
-0.056185
-0.045932
0.087000
-0.045939
0.046950
-0.084579
-0.013762
-0.009951
-0.066924
-0.080732
0.023920
-0.063604
-0.093846
-0.076115
-0.054539
-0.020588
0.001800
-0.037350
-0.038930
-0.035190
-0.034620
-0.048845
-0.045275
-0.075418
-0.092299
-0.091922
-0.053416
-0.087143
-0.076245
-0.072390
-0.076340
-0.096548
-0.086976
-0.086316
-0.064969
-0.089602
-0.097099
-0.096275
-0.102192
-0.106861
-0.101366
-0.099449
-0.098143
-0.100641
-0.100181
-0.103599
-0.104037
-0.102860
-0.106024
-0.106703
-0.107492
-0.105837
-0.105988
-0.106846
-0.104892
-0.107046
-0.106262
-0.104037
-0.105312
-0.107032
-0.101631
-0.103272
-0.103181
-0.107514
-0.105469
-0.105325
-0.105170
-0.108815
-0.100173
-0.106295
-0.088989
-0.097068
-0.105843
-0.103620
-0.109144
-0.108466
-0.090962
-0.108558
-0.104183
-0.104056
-0.107982
-0.105903
-0.083392
-0.092407
-0.089138
0.232705
-0.038497
0.032682
-0.072754
-0.071792
-0.091913
-0.036097
-0.103110
-0.088701
-0.062297
-0.077344
-0.054819
-0.056783
-0.063629
-0.059149
-0.090274
-0.104621
-0.080312
-0.105011
-0.088545
-0.093240
-0.090794
-0.084362
-0.074849
-0.078280
-0.085505
-0.098894
-0.063637
-0.092071
-0.098149
-0.048844
-0.063777
-0.070809
-0.039664
-0.057194
-0.065345
-0.057455
-0.101083
-0.101928
-0.078209
-0.104435
-0.092523
-0.092847
-0.098662
-0.101035
-0.105773
-0.100666
-0.104598
-0.107193
-0.104727
-0.108223
-0.105464
-0.106050
-0.106034
-0.104579
-0.103235
-0.106570
-0.105538
-0.106813
-0.106712
-0.107987
-0.107975
-0.107137
-0.107818
-0.109249
-0.108381
-0.108992
-0.107580
-0.106142
-0.108703
-0.109196
-0.107934
-0.106823
-0.107917
-0.106964
-0.107989
-0.107290
-0.106959
-0.106443
-0.107573
-0.105953
-0.108999
-0.108324
-0.109140
-0.107648
-0.109794
-0.108124
-0.107301
-0.104752
-0.105693
-0.105909
-0.108777
-0.105790
-0.107229
-0.108490
-0.105186
-0.102687
-0.103252
-0.102907
-0.108921
2.543233
0.566595
0.014871
-0.042105
-0.040930
-0.073052
-0.037459
-0.080516
-0.084551
-0.072604
-0.093583
-0.056843
-0.061016
-0.070234
-0.058594
-0.072593
-0.079960
-0.050884
-0.071810
-0.073157
-0.076208
-0.072570
-0.045714
-0.093589
-0.071207
-0.042021
-0.085796
-0.070252
-0.099124
-0.092450
-0.058798
-0.064660
-0.032119
-0.098417
-0.032260
-0.078975
-0.091441
-0.083422
-0.093975
-0.078986
-0.095775
-0.076760
-0.081435
-0.105552
-0.078721
-0.104695
-0.094777
-0.106532
-0.092599
-0.096659
-0.098882
-0.100453
-0.109422
-0.098922
-0.104038
-0.106852
-0.104680
-0.109237
-0.104245
-0.103692
-0.105467
-0.104636
-0.105379
-0.103433
-0.107580
-0.106960
-0.107538
-0.107086
-0.107261
-0.105870
-0.105207
-0.106146
-0.105453
-0.105183
-0.107324
-0.108232
-0.107448
-0.108727
-0.107684
-0.106455
-0.107389
-0.104223
-0.107984
-0.107426
-0.106415
-0.104642
-0.102762
-0.108551
-0.104811
-0.108705
-0.106638
-0.099765
-0.103168
-0.105836
-0.109021
-0.103556
-0.104790
-0.097843
-0.099999
-0.099805
-0.062682
0.799122
0.089392
-0.040235
-0.086702
-0.054667
0.007191
-0.085958
-0.079026
-0.071597
-0.082126
-0.072603
-0.075602
-0.074935
-0.074816
-0.104166
-0.085390
-0.087469
-0.090954
-0.099561
-0.100586
-0.089773
-0.108103
-0.103251
-0.101588
-0.101830
-0.103323
-0.107464
-0.106092
-0.099715
-0.095521
-0.092767
-0.104990
-0.107476
-0.097478
-0.098439
-0.098736
-0.104912
-0.108100
-0.107270
-0.103215
-0.103978
-0.107466
-0.105291
-0.106905
-0.104044
-0.108274
-0.106022
-0.104554
-0.104950
-0.108382
-0.109098
-0.107019
-0.105055
-0.106137
-0.109045
-0.109164
-0.107947
-0.107924
-0.108792
-0.105794
-0.108643
-0.107814
-0.108190
-0.107552
-0.105072
-0.108792
-0.104164
-0.109258
-0.110278
-0.107654
-0.109341
-0.107916
-0.109177
-0.107394
-0.108560
-0.108835
-0.108629
-0.108350
-0.107999
-0.108577
-0.109753
-0.109182
-0.108731
-0.108580
-0.108074
-0.108300
-0.109553
-0.109601
-0.108297
-0.108826
-0.109690
-0.109986
-0.108983
-0.109288
-0.109549
-0.109034
-0.108322
-0.108199
-0.109128
0.006732
1.607315
0.165467
0.121171
-0.074805
-0.101906
0.100471
-0.093481
-0.036747
-0.031909
-0.046263
-0.012864
-0.068708
-0.067226
-0.040006
-0.098684
-0.074733
-0.057863
-0.091268
-0.070468
-0.105637
-0.080746
-0.094203
-0.087620
-0.099292
-0.090502
-0.101342
-0.086768
-0.088459
-0.082892
-0.070660
-0.098441
-0.088504
-0.084533
-0.089523
-0.094600
-0.088561
-0.095235
-0.104337
-0.090130
-0.100847
-0.103389
-0.105169
-0.098963
-0.105049
-0.100926
-0.109254
-0.105375
-0.105685
-0.101354
-0.101405
-0.109714
-0.105380
-0.103525
-0.107163
-0.107264
-0.105397
-0.103277
-0.101949
-0.106328
-0.101771
-0.106950
-0.104497
-0.106023
-0.108428
-0.099048
-0.107612
-0.101973
-0.107260
-0.108335
-0.105004
-0.106208
-0.105354
-0.107551
-0.103928
-0.107127
-0.108097
-0.102777
-0.106654
-0.108209
-0.104224
-0.108891
-0.108478
-0.105777
-0.109130
-0.104517
-0.107963
-0.108268
-0.109581
-0.109346
-0.107005
-0.108830
-0.106299
-0.109787
-0.108318
-0.105060
-0.104352
-0.106565
-0.106257
-0.104007
-0.042076
0.537656
-0.027479
-0.067765
-0.080922
-0.057477
-0.057971
-0.095838
-0.083439
-0.080681
-0.091316
-0.102605
-0.071373
-0.075099
-0.086956
-0.095248
-0.099475
-0.095029
-0.100732
-0.106902
-0.094498
-0.091397
-0.103743
-0.088305
-0.099766
-0.086679
-0.107419
-0.098520
-0.092831
-0.090006
-0.091647
-0.086732
-0.086553
-0.107241
-0.090341
-0.091181
-0.088259
-0.097972
-0.099052
-0.097573
-0.108631
-0.102371
-0.105535
-0.101756
-0.105698
-0.105467
-0.105235
-0.108050
-0.106505
-0.105085
-0.106989
-0.107708
-0.107623
-0.106278
-0.106330
-0.109146
-0.108553
-0.106941
-0.109328
-0.109882
-0.106678
-0.107317
-0.107917
-0.109282
-0.109613
-0.106391
-0.108921
-0.106929
-0.108954
-0.109294
-0.108699
-0.110200
-0.109097
-0.109122
-0.106958
-0.109603
-0.110215
-0.108802
-0.107650
-0.108872
-0.107607
-0.109256
-0.109670
-0.110324
-0.109965
-0.109169
-0.107660
-0.107529
-0.109303
-0.108490
-0.108095
-0.108117
-0.108710
-0.109825
-0.109034
-0.106934
-0.109091
-0.106331
-0.104899
-0.107138
-2.346529
0.035561
-1.994084
-2.578247
-0.110425
-0.110428
-0.266660
0.141372
0.182401
-0.793437
-0.110426
-0.110431
2.830177
0.085749
3.190061
2.467041
-0.110426
-0.110430
-0.310239
0.490568
0.855514
-1.086911
-0.110425
-0.110431
-0.204252
0.254303
0.597847
-0.654591
-0.110424
-0.110429
-0.139209
0.568296
1.004747
-1.204367
-0.110427
-0.110431
8.706047
0.183068
9.108520
8.146330
-0.110429
-0.110431
2.126146
-0.036183
-0.055321
-0.079313
-0.086010
-0.095639
-0.107359
-0.107990
-0.109048
-0.107446
-0.108005
-0.108071
-0.107754
-0.106532
-0.107512
-0.101073
-0.108666
-0.107879
-0.104453
-0.107263
-0.107925
-0.108778
-0.109531
-0.108604
-0.108915
-0.109177
-0.109592
-0.109404
-0.108686
-0.108096
-0.107839
-0.107441
-0.109034
-0.109108
-0.108934
-0.109072
-0.107517
-0.109541
-0.108363
-0.109741
-0.109690
-0.109781
-0.109580
-0.109801
-0.109994
-0.109594
-0.110035
-0.109494
-0.109096
-0.109539
-0.110119
-0.109559
-0.109673
-0.109793
-0.109486
-0.109921
-0.109789
-0.109927
-0.110041
-0.110053
-0.110064
-0.110027
-0.110185
-0.109499
-0.110027
-0.109718
-0.109884
-0.110101
-0.109865
-0.109576
-0.110307
-0.109754
-0.110136
-0.110155
-0.110164
-0.110139
-0.110234
-0.110283
-0.110124
-0.110223
-0.110078
-0.110115
-0.110125
-0.110181
-0.109984
-0.110128
-0.110140
-0.110061
-0.110247
-0.110179
-0.110271
-0.110322
-0.110275
-0.110279
-0.110306
-0.110246
-0.109955
-0.110285
-0.109943
-0.110095
0.047933
0.048424
-0.061464
-0.075037
-0.065274
-0.102502
-0.095626
-0.105357
-0.102984
-0.102372
-0.100635
-0.105045
-0.106568
-0.106142
-0.100693
-0.105737
-0.103974
-0.102915
-0.105023
-0.105173
-0.108414
-0.109394
-0.107182
-0.106995
-0.108079
-0.108422
-0.108438
-0.108322
-0.109212
-0.105782
-0.109278
-0.105816
-0.107988
-0.106628
-0.105389
-0.109401
-0.106507
-0.107215
-0.109010
-0.107993
-0.109263
-0.108710
-0.108680
-0.108662
-0.109024
-0.108977
-0.109115
-0.108805
-0.109771
-0.108164
-0.108506
-0.109125
-0.109571
-0.109030
-0.109421
-0.109203
-0.109215
-0.109209
-0.109314
-0.109312
-0.109504
-0.109389
-0.109095
-0.109161
-0.108883
-0.109625
-0.108945
-0.109187
-0.110309
-0.109310
-0.109646
-0.109342
-0.109655
-0.109804
-0.109633
-0.109643
-0.109605
-0.109562
-0.109660
-0.109875
-0.109661
-0.109565
-0.109494
-0.109519
-0.109458
-0.109843
-0.109526
-0.109845
-0.109788
-0.109699
-0.109629
-0.109713
-0.109753
-0.109871
-0.109670
-0.109973
-0.109415
-0.109674
-0.110040
-0.109595
2.828682
0.002344
-0.053910
-0.072257
-0.080070
-0.088036
-0.101308
-0.102357
-0.106157
-0.106891
-0.102994
-0.106055
-0.105249
-0.106029
-0.107664
-0.104477
-0.105199
-0.107367
-0.104970
-0.108001
-0.106647
-0.108066
-0.106851
-0.107517
-0.109296
-0.108477
-0.108037
-0.108568
-0.108329
-0.109247
-0.107199
-0.106499
-0.109050
-0.107510
-0.107015
-0.109936
-0.106475
-0.107821
-0.109018
-0.110112
-0.108927
-0.109367
-0.109389
-0.109134
-0.109403
-0.108808
-0.109319
-0.109119
-0.109003
-0.108937
-0.109643
-0.108840
-0.109415
-0.109302
-0.109591
-0.109282
-0.109660
-0.109610
-0.109536
-0.109687
-0.109604
-0.109756
-0.109301
-0.109028
-0.109367
-0.109788
-0.109315
-0.109567
-0.110255
-0.109539
-0.109497
-0.109653
-0.109684
-0.109600
-0.109770
-0.109747
-0.109761
-0.109700
-0.109622
-0.109781
-0.109666
-0.109786
-0.109560
-0.109827
-0.109644
-0.109678
-0.109798
-0.109788
-0.109727
-0.109825
-0.109737
-0.109879
-0.109859
-0.109742
-0.109857
-0.109687
-0.109644
-0.109595
-0.110234
-0.109806
0.090500
0.286671
-0.027227
0.006691
-0.084606
-0.097791
-0.101066
-0.104528
-0.105204
-0.105578
-0.106371
-0.107090
-0.106976
-0.107289
-0.107766
-0.107656
-0.107852
-0.108138
-0.108051
-0.108121
-0.108131
-0.108198
-0.108311
-0.108471
-0.108559
-0.108313
-0.108361
-0.108368
-0.108058
-0.107074
-0.105245
-0.102977
-0.103735
-0.107606
-0.105784
-0.104205
-0.105989
-0.107163
-0.108645
-0.108906
-0.108688
-0.108885
-0.109025
-0.108936
-0.108938
-0.109031
-0.108966
-0.108882
-0.108988
-0.109019
-0.108960
-0.108966
-0.109042
-0.108991
-0.108965
-0.109063
-0.109076
-0.108983
-0.109043
-0.109124
-0.109030
-0.109049
-0.109146
-0.108400
-0.108485
-0.108799
-0.107745
-0.108795
-0.107308
-0.109788
-0.107950
-0.108649
-0.108695
-0.108716
-0.108835
-0.108826
-0.108801
-0.108845
-0.108866
-0.108828
-0.108836
-0.108873
-0.108849
-0.108850
-0.108872
-0.108864
-0.108850
-0.108860
-0.108870
-0.108863
-0.108863
-0.108877
-0.108854
-0.108852
-0.108862
-0.108802
-0.108577
-0.108588
-0.109365
-0.107950
-0.015693
0.043206
0.084619
-0.066632
-0.062102
-0.104445
-0.104286
-0.105107
-0.108053
-0.107827
-0.107883
-0.108863
-0.109212
-0.108644
-0.108905
-0.109670
-0.109329
-0.109053
-0.109615
-0.109750
-0.109275
-0.109519
-0.110141
-0.109434
-0.109371
-0.109972
-0.109731
-0.108566
-0.109537
-0.108146
-0.107381
-0.102590
-0.104028
-0.108148
-0.110110
-0.106092
-0.103504
-0.107358
-0.108957
-0.109131
-0.109628
-0.110305
-0.109779
-0.109697
-0.110110
-0.110045
-0.109795
-0.109967
-0.110200
-0.109931
-0.109911
-0.110181
-0.110063
-0.109915
-0.110092
-0.110192
-0.109931
-0.109993
-0.110264
-0.109948
-0.109824
-0.110259
-0.109801
-0.109484
-0.109887
-0.108592
-0.109729
-0.109878
-0.110228
-0.108451
-0.110297
-0.109847
-0.109988
-0.110252
-0.110399
-0.110187
-0.110170
-0.110317
-0.110241
-0.110177
-0.110261
-0.110284
-0.110200
-0.110227
-0.110297
-0.110228
-0.110212
-0.110288
-0.110257
-0.110201
-0.110267
-0.110284
-0.110191
-0.110255
-0.110406
-0.110086
-0.110235
-0.110163
-0.109403
-0.110314
-0.082687
0.266104
0.169692
-0.056877
-0.074980
-0.084716
-0.087761
-0.087015
-0.090271
-0.092969
-0.095081
-0.096510
-0.097733
-0.098828
-0.099795
-0.100334
-0.101068
-0.101744
-0.102041
-0.102512
-0.103148
-0.103399
-0.103510
-0.104043
-0.104188
-0.104254
-0.104623
-0.105755
-0.104666
-0.101835
-0.105009
-0.101795
-0.097856
-0.103305
-0.109224
-0.096257
-0.107033
-0.105647
-0.104494
-0.105907
-0.106145
-0.106160
-0.106518
-0.106688
-0.106705
-0.106876
-0.107038
-0.107052
-0.107111
-0.107258
-0.107282
-0.107305
-0.107445
-0.107496
-0.107468
-0.107564
-0.107638
-0.107573
-0.107657
-0.107703
-0.107692
-0.107642
-0.107657
-0.108358
-0.107388
-0.106742
-0.107877
-0.109499
-0.107551
-0.107315
-0.107985
-0.108100
-0.108589
-0.108459
-0.108391
-0.108474
-0.108442
-0.108487
-0.108534
-0.108527
-0.108542
-0.108581
-0.108579
-0.108584
-0.108621
-0.108628
-0.108623
-0.108651
-0.108668
-0.108645
-0.108665
-0.108685
-0.108644
-0.108675
-0.108811
-0.108713
-0.108595
-0.108712
-0.107690
-0.109940
