-2.921974
0.605002
-1.635679
-4.585695
-0.106759
-0.106763
0.562602
0.112958
1.099844
0.044583
-0.106759
-0.106761
2.400729
0.875732
3.980913
0.515986
-0.106760
-0.106764
0.056693
1.195874
2.149661
-2.003733
-0.106759
-0.106765
-0.181063
2.307436
3.339682
-4.213998
-0.106760
-0.106765
-0.171288
0.628727
0.878147
-1.409756
-0.106760
-0.106764
13.756485
-0.104620
13.760029
13.753551
-0.106759
-0.106765
9.487618
2.319428
12.493806
5.426607
-0.106761
-0.106765
2.706441
0.292707
0.016554
-0.067952
-0.073511
-0.076207
-0.053540
-0.105156
-0.050252
-0.045847
-0.079748
-0.069555
-0.039318
-0.096400
-0.021137
-0.068973
-0.036865
-0.078337
-0.084317
-0.065587
-0.088878
-0.082537
-0.088635
-0.024189
-0.068928
-0.064454
-0.066970
-0.044031
-0.037689
-0.066900
-0.056734
-0.070766
-0.068081
-0.047071
-0.057645
-0.070863
-0.081302
-0.098596
-0.062554
-0.096948
-0.101052
-0.090609
-0.096034
-0.102303
-0.098996
-0.098310
-0.098703
-0.094598
-0.099121
-0.092805
-0.102001
-0.101580
-0.100811
-0.101681
-0.105480
-0.106259
-0.104229
-0.103687
-0.104535
-0.104434
-0.102467
-0.105605
-0.104602
-0.105594
-0.104327
-0.105017
-0.105389
-0.103404
-0.106176
-0.103987
-0.103828
-0.104865
-0.104174
-0.103210
-0.104951
-0.101496
-0.102083
-0.101477
-0.104502
-0.102967
-0.103588
-0.105527
-0.104997
-0.104488
-0.100468
-0.101975
-0.103606
-0.098261
-0.100922
-0.101913
-0.097530
-0.101255
-0.101076
-0.101335
-0.100798
-0.100505
-0.099730
-0.102835
-0.100494
-0.100124
0.563456
-0.080934
-0.018207
-0.097785
-0.083510
-0.092717
-0.100201
-0.089389
-0.087776
-0.084089
-0.098721
-0.079850
-0.062905
-0.094787
-0.085588
-0.101470
-0.065823
-0.072392
-0.091658
-0.093450
-0.087437
-0.097141
-0.082933
-0.097660
-0.072917
-0.072428
-0.081165
-0.101741
-0.102568
-0.091769
-0.087502
-0.088187
-0.092582
-0.104871
-0.102593
-0.089277
-0.088973
-0.092663
-0.097666
-0.097067
-0.103847
-0.098470
-0.099702
-0.100733
-0.098470
-0.097969
-0.105313
-0.103993
-0.101996
-0.100987
-0.101860
-0.106040
-0.104165
-0.106366
-0.106248
-0.104813
-0.104417
-0.105456
-0.105608
-0.105172
-0.105858
-0.105973
-0.106168
-0.105597
-0.105571
-0.105765
-0.105662
-0.106057
-0.105154
-0.105322
-0.105451
-0.105633
-0.105838
-0.103797
-0.106302
-0.104732
-0.106030
-0.104601
-0.105279
-0.106082
-0.103796
-0.105260
-0.104056
-0.103924
-0.104046
-0.102592
-0.103163
-0.104310
-0.105362
-0.106193
-0.104476
-0.104228
-0.104174
-0.105021
-0.105483
-0.105031
-0.104222
-0.105716
-0.105753
-0.103498
2.395253
0.561908
0.021306
-0.093232
-0.064845
-0.094026
-0.098189
-0.093118
-0.083591
-0.102730
-0.092987
-0.099527
-0.075747
-0.101644
-0.097114
-0.064489
-0.061806
-0.089234
-0.092371
-0.091366
-0.080611
-0.098411
-0.066419
-0.075945
-0.080670
-0.094736
-0.082081
-0.076888
-0.072345
-0.098045
-0.085282
-0.091630
-0.094288
-0.077785
-0.082550
-0.091712
-0.103987
-0.099887
-0.088740
-0.088305
-0.106158
-0.098665
-0.099046
-0.104779
-0.101367
-0.098310
-0.101056
-0.103994
-0.101569
-0.098626
-0.105749
-0.103264
-0.105895
-0.103970
-0.105976
-0.104979
-0.105079
-0.106578
-0.105242
-0.103345
-0.101601
-0.104937
-0.102450
-0.104926
-0.104643
-0.104038
-0.105735
-0.105495
-0.105673
-0.105499
-0.106202
-0.106528
-0.104937
-0.105026
-0.105955
-0.105673
-0.102423
-0.102776
-0.105498
-0.104228
-0.104373
-0.104657
-0.105480
-0.103283
-0.104378
-0.103370
-0.103687
-0.102717
-0.104653
-0.104067
-0.103246
-0.103402
-0.102658
-0.105074
-0.102785
-0.104714
-0.104701
-0.104170
-0.104689
-0.103989
0.049435
0.797168
0.029835
-0.070434
-0.032275
-0.060222
-0.077279
-0.099208
-0.104559
-0.092760
-0.090423
-0.089607
-0.092813
-0.097757
-0.092608
-0.095937
-0.075149
-0.088150
-0.090529
-0.098425
-0.100307
-0.099569
-0.100110
-0.103937
-0.100063
-0.101288
-0.101381
-0.105858
-0.104624
-0.101877
-0.098694
-0.104558
-0.099876
-0.100612
-0.104494
-0.102485
-0.101305
-0.104092
-0.104689
-0.104556
-0.103046
-0.104272
-0.103721
-0.103240
-0.104717
-0.101029
-0.104669
-0.105289
-0.105378
-0.106199
-0.105104
-0.105477
-0.104043
-0.105842
-0.105603
-0.106417
-0.104700
-0.104593
-0.104896
-0.104710
-0.103356
-0.104565
-0.101873
-0.105422
-0.105884
-0.104960
-0.106082
-0.105532
-0.106252
-0.106264
-0.106263
-0.106040
-0.105883
-0.105324
-0.106380
-0.105613
-0.106254
-0.105619
-0.104729
-0.105828
-0.106058
-0.106377
-0.106203
-0.106686
-0.106205
-0.106557
-0.106420
-0.105620
-0.106067
-0.106308
-0.106475
-0.105704
-0.105934
-0.105491
-0.105373
-0.106177
-0.106252
-0.106104
-0.106095
-0.106327
-0.019196
1.567319
0.158727
0.012229
-0.011121
-0.030365
-0.037986
-0.086405
-0.084263
-0.086509
-0.068609
-0.087910
-0.083822
-0.084264
-0.083879
-0.084953
-0.078573
-0.097641
-0.092940
-0.083789
-0.099840
-0.100074
-0.092568
-0.089270
-0.100879
-0.083038
-0.090975
-0.099126
-0.096577
-0.088997
-0.099780
-0.103556
-0.089138
-0.105723
-0.102413
-0.103551
-0.092385
-0.100542
-0.093361
-0.099307
-0.103124
-0.104790
-0.103971
-0.102074
-0.101919
-0.102691
-0.101631
-0.102036
-0.104758
-0.103856
-0.103561
-0.104030
-0.102467
-0.104461
-0.105095
-0.106099
-0.102262
-0.103308
-0.100738
-0.102998
-0.100958
-0.100933
-0.097318
-0.104615
-0.103883
-0.104055
-0.104882
-0.103331
-0.105497
-0.104261
-0.105334
-0.104330
-0.105094
-0.104468
-0.105234
-0.106401
-0.104945
-0.105504
-0.104312
-0.105038
-0.104387
-0.105515
-0.105787
-0.105217
-0.105249
-0.105464
-0.104157
-0.102919
-0.104178
-0.104514
-0.105483
-0.105623
-0.105376
-0.104889
-0.104882
-0.104567
-0.105379
-0.104549
-0.105026
-0.103925
-0.039864
0.401049
-0.033496
-0.056301
-0.082573
-0.082302
-0.086378
-0.100260
-0.097502
-0.096790
-0.092307
-0.094225
-0.098011
-0.105300
-0.089190
-0.097679
-0.092441
-0.100987
-0.098128
-0.098594
-0.093573
-0.102609
-0.097800
-0.101875
-0.096227
-0.100176
-0.098362
-0.100869
-0.103312
-0.102866
-0.101244
-0.103047
-0.104540
-0.105199
-0.104120
-0.099155
-0.103277
-0.101842
-0.106509
-0.103094
-0.105579
-0.102014
-0.103490
-0.103546
-0.105351
-0.103800
-0.105663
-0.104535
-0.106694
-0.105756
-0.105653
-0.105898
-0.104837
-0.105904
-0.106021
-0.106145
-0.106226
-0.105708
-0.105305
-0.105904
-0.105008
-0.105956
-0.103754
-0.105230
-0.105973
-0.106585
-0.106271
-0.105989
-0.106387
-0.106621
-0.106584
-0.106233
-0.106430
-0.105719
-0.106661
-0.105797
-0.106150
-0.106528
-0.106472
-0.106540
-0.106298
-0.106189
-0.105701
-0.106063
-0.105866
-0.105793
-0.106064
-0.106308
-0.105844
-0.106341
-0.105645
-0.106212
-0.106478
-0.106492
-0.106474
-0.106200
-0.105167
-0.106313
-0.105635
-0.106575
-2.008117
0.105435
-1.392309
-2.269758
-0.106754
-0.106755
0.160323
0.043848
0.479535
-0.134203
-0.106759
-0.106763
3.134515
0.059431
3.485854
2.859556
-0.106757
-0.106761
-0.416178
0.593651
0.284027
-2.227121
-0.106765
-0.106756
-0.198737
0.177697
0.349733
-0.507341
-0.106756
-0.106763
-0.203317
0.507580
0.825019
-1.126109
-0.106759
-0.106764
9.013671
0.113512
9.373195
8.689910
-0.106759
-0.106764
1.791806
-0.001767
-0.024078
-0.045911
-0.076436
-0.097512
-0.099683
-0.096568
-0.100449
-0.100295
-0.100515
-0.100550
-0.101150
-0.105426
-0.104455
-0.105646
-0.100505
-0.102708
-0.100700
-0.104178
-0.105288
-0.104893
-0.104703
-0.104588
-0.105491
-0.104805
-0.104367
-0.106144
-0.104112
-0.103459
-0.104513
-0.103860
-0.102998
-0.101480
-0.104963
-0.105433
-0.104370
-0.105003
-0.105131
-0.105374
-0.105146
-0.105400
-0.105221
-0.105750
-0.104918
-0.105496
-0.105286
-0.105847
-0.105346
-0.105570
-0.105634
-0.105450
-0.105664
-0.105577
-0.105732
-0.105440
-0.105742
-0.105746
-0.105511
-0.105014
-0.105259
-0.105470
-0.105981
-0.106424
-0.106603
-0.105912
-0.105874
-0.106205
-0.105975
-0.106037
-0.105931
-0.106099
-0.106037
-0.106136
-0.105967
-0.106036
-0.105936
-0.105993
-0.105962
-0.106251
-0.106157
-0.106014
-0.106111
-0.105992
-0.106129
-0.106043
-0.106197
-0.106047
-0.106114
-0.106009
-0.105878
-0.106255
-0.106236
-0.106078
-0.105959
-0.105748
-0.105959
-0.106059
-0.105956
-0.106124
0.159538
-0.042143
-0.052517
-0.077914
-0.074057
-0.084101
-0.086875
-0.092591
-0.093183
-0.096840
-0.097840
-0.096631
-0.098016
-0.101493
-0.099864
-0.099923
-0.100528
-0.101262
-0.099345
-0.101758
-0.102767
-0.102270
-0.101983
-0.102832
-0.102594
-0.103613
-0.102927
-0.103909
-0.102973
-0.103405
-0.100022
-0.101986
-0.101571
-0.104283
-0.102929
-0.102495
-0.104293
-0.104371
-0.103984
-0.104161
-0.104192
-0.104142
-0.104287
-0.104529
-0.104304
-0.104623
-0.104761
-0.104677
-0.104520
-0.105028
-0.104815
-0.104585
-0.104685
-0.104988
-0.104984
-0.105010
-0.104804
-0.105077
-0.104669
-0.105058
-0.105003
-0.105222
-0.104930
-0.104981
-0.105154
-0.105594
-0.105767
-0.105170
-0.105309
-0.105510
-0.105475
-0.105361
-0.105535
-0.105541
-0.105465
-0.105395
-0.105362
-0.105384
-0.105460
-0.105607
-0.105454
-0.105582
-0.105619
-0.105669
-0.105581
-0.105582
-0.105581
-0.105695
-0.105572
-0.105790
-0.105640
-0.105773
-0.105703
-0.105883
-0.105821
-0.105678
-0.105506
-0.105467
-0.105773
-0.105634
3.135533
-0.008690
-0.068685
-0.056895
-0.097212
-0.099681
-0.104567
-0.103758
-0.104266
-0.103858
-0.105602
-0.103104
-0.104052
-0.103961
-0.104501
-0.104242
-0.103872
-0.104393
-0.104447
-0.104660
-0.105636
-0.105630
-0.105253
-0.106342
-0.106516
-0.106432
-0.105102
-0.104913
-0.102779
-0.105778
-0.105108
-0.105942
-0.104648
-0.104608
-0.104599
-0.106071
-0.105694
-0.106146
-0.106250
-0.106649
-0.106033
-0.106308
-0.106292
-0.105948
-0.106008
-0.106152
-0.106019
-0.106145
-0.106088
-0.106146
-0.106428
-0.106292
-0.106691
-0.106372
-0.106579
-0.106468
-0.106536
-0.106376
-0.106469
-0.105878
-0.106467
-0.106270
-0.106612
-0.106431
-0.106352
-0.106127
-0.106452
-0.106539
-0.106614
-0.106681
-0.106591
-0.106682
-0.106548
-0.106639
-0.106525
-0.106555
-0.106681
-0.106539
-0.106656
-0.106476
-0.106638
-0.106660
-0.106621
-0.106637
-0.106736
-0.106677
-0.106674
-0.106656
-0.106647
-0.106549
-0.106269
-0.106615
-0.106555
-0.106652
-0.106522
-0.106469
-0.106543
-0.106674
-0.106654
-0.106712
0.208649
0.247327
0.165488
0.046145
-0.001031
-0.043683
-0.061688
-0.073301
-0.078524
-0.082432
-0.086550
-0.088590
-0.090123
-0.091357
-0.092399
-0.093277
-0.093927
-0.094639
-0.095029
-0.095502
-0.095638
-0.095713
-0.096336
-0.096778
-0.096384
-0.096561
-0.096332
-0.095849
-0.103171
-0.103617
-0.095299
-0.096082
-0.093839
-0.102803
-0.105880
-0.101985
-0.101834
-0.101704
-0.101305
-0.101332
-0.101271
-0.101121
-0.101118
-0.101182
-0.101292
-0.101360
-0.101345
-0.101242
-0.101323
-0.101421
-0.101526
-0.101617
-0.101706
-0.101671
-0.101686
-0.101885
-0.101941
-0.101998
-0.101684
-0.100410
-0.099015
-0.100252
-0.101699
-0.102931
-0.100485
-0.100040
-0.099913
-0.100322
-0.100588
-0.100801
-0.100883
-0.100919
-0.101020
-0.101273
-0.101330
-0.101227
-0.100893
-0.100849
-0.101296
-0.101393
-0.101410
-0.101195
-0.101150
-0.101122
-0.101099
-0.101079
-0.100979
-0.100932
-0.100864
-0.100637
-0.101107
-0.101676
-0.102024
-0.101482
-0.100568
-0.101076
-0.101359
-0.101797
-0.101730
-0.101655
-0.013846
0.061374
-0.017814
-0.053444
-0.088304
-0.093955
-0.096262
-0.096339
-0.098447
-0.099626
-0.099919
-0.100362
-0.101320
-0.101948
-0.102076
-0.102152
-0.102352
-0.102934
-0.103125
-0.102996
-0.103178
-0.103638
-0.104050
-0.104018
-0.103860
-0.103572
-0.104240
-0.102833
-0.105289
-0.106538
-0.103972
-0.102736
-0.106052
-0.104426
-0.103221
-0.103965
-0.104716
-0.104828
-0.104604
-0.104504
-0.104670
-0.104957
-0.104950
-0.104823
-0.104842
-0.104989
-0.105065
-0.105037
-0.104937
-0.105008
-0.105207
-0.105188
-0.105051
-0.105022
-0.105181
-0.105268
-0.105264
-0.105079
-0.105496
-0.104916
-0.104884
-0.105157
-0.105797
-0.105085
-0.105353
-0.105677
-0.105280
-0.105248
-0.105344
-0.105536
-0.105543
-0.105410
-0.105313
-0.105533
-0.105555
-0.105471
-0.105499
-0.105541
-0.105509
-0.105580
-0.105636
-0.105411
-0.105463
-0.105562
-0.105576
-0.105470
-0.105469
-0.105537
-0.105637
-0.105287
-0.105522
-0.105553
-0.105372
-0.105338
-0.105579
-0.105377
-0.105268
-0.105658
-0.105649
-0.105509
-0.011831
0.293278
0.052495
-0.068632
-0.101130
-0.095419
-0.094304
-0.096828
-0.098162
-0.099877
-0.100012
-0.100543
-0.101296
-0.101858
-0.102092
-0.102155
-0.102517
-0.102928
-0.103189
-0.103141
-0.103234
-0.103596
-0.103794
-0.104007
-0.103779
-0.104243
-0.103228
-0.103036
-0.102352
-0.103107
-0.100775
-0.101939
-0.102608
-0.103505
-0.104191
-0.102880
-0.103538
-0.104619
-0.104412
-0.104359
-0.104392
-0.104636
-0.104658
-0.104490
-0.104509
-0.104667
-0.104683
-0.104661
-0.104604
-0.104688
-0.104796
-0.104802
-0.104732
-0.104724
-0.104787
-0.104867
-0.104742
-0.104608
-0.104917
-0.105166
-0.104109
-0.103477
-0.105835
-0.104155
-0.104319
-0.104892
-0.105201
-0.105142
-0.104917
-0.105070
-0.105076
-0.105004
-0.104882
-0.104932
-0.105222
-0.105203
-0.105128
-0.105225
-0.105268
-0.105327
-0.105064
-0.104974
-0.105043
-0.105083
-0.105090
-0.105034
-0.105032
-0.105097
-0.105224
-0.105050
-0.104526
-0.104759
-0.104816
-0.104547
-0.104822
-0.104816
-0.105155
-0.105127
-0.105086
-0.105073
