-2.611178
0.962080
-0.022792
-5.356199
-0.111490
-0.111492
0.385582
0.343022
1.577704
-0.606779
-0.111489
-0.111491
2.639886
0.968522
4.707052
0.147447
-0.111491
-0.111494
-0.015048
1.219957
2.100549
-2.270543
-0.111490
-0.111495
-0.136824
2.465941
3.692326
-5.399017
-0.111491
-0.111495
-0.016357
0.680936
1.313116
-1.568907
-0.111491
-0.111495
13.633991
-0.110611
13.635300
13.632339
-0.111490
-0.111495
9.416414
2.414089
12.827391
5.037265
-0.111491
-0.111495
2.387424
0.302988
0.012635
-0.055286
-0.034483
-0.081981
-0.066218
-0.012682
-0.062404
-0.061139
-0.001534
-0.044021
-0.047311
0.094426
0.101832
-0.073504
-0.028703
0.029062
0.097464
0.011959
-0.030934
0.012800
0.004887
-0.011153
-0.061089
-0.077924
-0.027605
-0.007570
-0.018363
-0.011290
0.011529
0.020130
-0.044939
0.012769
-0.073560
-0.080708
-0.078805
-0.050422
-0.097347
-0.071585
-0.064750
-0.093119
-0.075939
-0.056285
-0.098753
-0.099667
-0.063910
-0.086170
-0.090438
-0.077763
-0.091294
-0.096628
-0.100682
-0.106571
-0.104986
-0.101113
-0.106384
-0.104568
-0.110627
-0.108160
-0.105941
-0.101017
-0.106331
-0.110375
-0.110360
-0.107802
-0.104090
-0.107471
-0.107305
-0.110953
-0.107713
-0.107015
-0.102490
-0.104943
-0.108328
-0.101962
-0.096371
-0.103543
-0.103557
-0.096228
-0.094009
-0.105425
-0.104673
-0.092559
-0.100962
-0.105192
-0.105431
-0.109649
-0.098721
-0.096317
-0.093214
-0.105115
-0.086891
-0.095739
-0.101302
-0.091717
-0.107840
-0.101432
-0.103781
-0.098901
0.387557
-0.005400
0.015067
-0.082489
-0.042579
-0.103452
-0.082334
-0.071434
-0.076559
-0.101704
-0.064729
-0.083359
-0.078817
-0.036006
-0.030069
-0.069403
-0.077857
-0.051855
-0.020576
-0.034258
-0.056769
-0.086600
-0.081561
-0.049535
-0.102792
-0.090710
-0.086426
-0.068889
-0.059266
-0.071129
-0.051342
-0.080448
-0.062453
-0.074761
-0.091953
-0.101645
-0.090953
-0.091919
-0.107981
-0.078831
-0.092362
-0.104126
-0.099843
-0.085940
-0.096064
-0.101819
-0.095488
-0.110681
-0.105168
-0.099726
-0.102900
-0.105544
-0.109230
-0.108039
-0.107121
-0.105843
-0.108267
-0.105541
-0.109307
-0.110066
-0.109832
-0.108517
-0.107735
-0.110077
-0.110310
-0.107710
-0.107339
-0.108137
-0.109687
-0.109074
-0.108857
-0.110999
-0.106301
-0.108218
-0.107508
-0.110374
-0.105444
-0.104029
-0.107755
-0.104652
-0.104503
-0.110896
-0.104478
-0.106030
-0.110286
-0.107481
-0.109200
-0.108831
-0.104112
-0.105334
-0.103384
-0.108018
-0.103368
-0.103723
-0.106610
-0.108222
-0.108713
-0.107615
-0.106661
-0.104168
2.635876
0.572937
0.034174
-0.103072
-0.014242
-0.088977
-0.084865
-0.086150
-0.086180
-0.083575
-0.082038
-0.096580
-0.081742
-0.078076
-0.087639
-0.080049
-0.093076
-0.058315
-0.056424
-0.061740
-0.075260
-0.039482
-0.059752
-0.043214
-0.107427
-0.091388
-0.035325
-0.052503
-0.079151
-0.076786
0.001624
-0.015630
-0.054278
-0.037066
-0.088073
-0.081340
-0.080333
-0.061569
-0.104889
-0.087631
-0.083166
-0.102974
-0.094541
-0.088241
-0.109952
-0.106540
-0.098449
-0.102731
-0.103039
-0.101149
-0.103317
-0.105711
-0.107443
-0.107395
-0.108752
-0.109133
-0.108552
-0.108423
-0.107855
-0.107363
-0.106517
-0.105428
-0.110573
-0.107780
-0.110410
-0.109151
-0.110595
-0.110529
-0.108540
-0.110297
-0.110149
-0.110302
-0.110048
-0.109681
-0.109227
-0.109203
-0.110548
-0.108880
-0.107296
-0.104261
-0.107106
-0.109354
-0.107045
-0.100817
-0.107324
-0.107899
-0.108027
-0.106726
-0.104004
-0.104672
-0.099283
-0.108979
-0.095213
-0.103568
-0.103114
-0.098140
-0.110049
-0.103925
-0.105313
-0.102885
-0.022265
0.800494
0.023126
-0.030355
0.025959
-0.078576
-0.103719
-0.104344
-0.093308
-0.099886
-0.087422
-0.078272
-0.101524
-0.067153
-0.083450
-0.091752
-0.091227
-0.093142
-0.078225
-0.098079
-0.102724
-0.096735
-0.099432
-0.100635
-0.092927
-0.097412
-0.107435
-0.098998
-0.106492
-0.096802
-0.105783
-0.085003
-0.105811
-0.103064
-0.108107
-0.102839
-0.105936
-0.105534
-0.102124
-0.107134
-0.106027
-0.109696
-0.106154
-0.104141
-0.106321
-0.107161
-0.106387
-0.106419
-0.110361
-0.101856
-0.109361
-0.108810
-0.110524
-0.110579
-0.108892
-0.110372
-0.108766
-0.109708
-0.106212
-0.109993
-0.109504
-0.106444
-0.109063
-0.104883
-0.107870
-0.109674
-0.107954
-0.110445
-0.110146
-0.109040
-0.109736
-0.109346
-0.110252
-0.108479
-0.109953
-0.108870
-0.110864
-0.108481
-0.109134
-0.108836
-0.107250
-0.110527
-0.109605
-0.110250
-0.108340
-0.109837
-0.108896
-0.109253
-0.110578
-0.108083
-0.109962
-0.107679
-0.110061
-0.108127
-0.110359
-0.109193
-0.108469
-0.108941
-0.108540
-0.110816
-0.075735
1.658229
0.103286
0.110612
0.062749
0.000682
-0.063357
-0.080881
-0.045358
-0.077106
-0.077088
-0.027824
-0.082512
-0.036637
-0.053346
-0.099193
-0.093958
-0.059258
-0.050785
-0.061364
-0.092120
-0.099851
-0.090536
-0.086644
-0.103110
-0.086572
-0.094173
-0.089084
-0.091846
-0.084568
-0.096350
-0.075736
-0.102132
-0.089215
-0.099293
-0.103312
-0.104264
-0.096501
-0.099337
-0.102997
-0.099478
-0.101814
-0.107352
-0.095130
-0.101782
-0.105627
-0.107323
-0.102441
-0.100611
-0.096652
-0.099465
-0.100033
-0.108933
-0.109839
-0.106520
-0.108346
-0.109898
-0.106510
-0.103027
-0.105704
-0.104755
-0.098052
-0.107247
-0.100675
-0.105704
-0.106544
-0.105298
-0.109193
-0.108009
-0.106476
-0.105697
-0.107811
-0.108131
-0.106081
-0.108455
-0.109085
-0.106647
-0.104748
-0.106853
-0.102937
-0.103658
-0.105782
-0.109810
-0.108729
-0.107730
-0.108095
-0.109833
-0.108492
-0.107216
-0.104937
-0.104188
-0.105378
-0.106721
-0.106334
-0.107991
-0.106891
-0.107311
-0.107913
-0.109405
-0.106589
-0.020728
0.430210
-0.067747
-0.030314
-0.057291
-0.087069
-0.095555
-0.099287
-0.104921
-0.090741
-0.091969
-0.076751
-0.086655
-0.090050
-0.108482
-0.086766
-0.107715
-0.090559
-0.074228
-0.095973
-0.087816
-0.104883
-0.108001
-0.092676
-0.097953
-0.103550
-0.103895
-0.105373
-0.106639
-0.098349
-0.106301
-0.095745
-0.104997
-0.101792
-0.104260
-0.105050
-0.105448
-0.106902
-0.108269
-0.108445
-0.106272
-0.107349
-0.107490
-0.103485
-0.101703
-0.109335
-0.110009
-0.107933
-0.109574
-0.106892
-0.110676
-0.106074
-0.107949
-0.110484
-0.110229
-0.109967
-0.109174
-0.109896
-0.108433
-0.109494
-0.109268
-0.106927
-0.110090
-0.108051
-0.110407
-0.111022
-0.108755
-0.109768
-0.109604
-0.109118
-0.110453
-0.109061
-0.109714
-0.109726
-0.110745
-0.108868
-0.109828
-0.108503
-0.109284
-0.108712
-0.108477
-0.110188
-0.109661
-0.109462
-0.109486
-0.110120
-0.108783
-0.110015
-0.109988
-0.109726
-0.109937
-0.109053
-0.109594
-0.109187
-0.109587
-0.109159
-0.109767
-0.109144
-0.109985
-0.110553
-1.886171
0.113405
-1.425703
-2.324858
-0.111489
-0.111493
0.072756
0.143782
0.495784
-0.290019
-0.111489
-0.111496
3.060864
0.089295
3.485044
2.767757
-0.111487
-0.111492
-0.045215
0.389459
0.634556
-0.758166
-0.111491
-0.111496
-0.090143
0.135806
0.440660
-0.415039
-0.111487
-0.111492
-0.227703
0.693185
0.880744
-1.383991
-0.111491
-0.111496
8.690470
0.307247
9.313100
7.995582
-0.111490
-0.111495
1.663740
-0.006485
-0.010581
-0.072046
-0.087578
-0.107895
-0.083092
-0.103659
-0.106394
-0.111170
-0.108007
-0.103141
-0.107231
-0.110999
-0.096140
-0.103982
-0.097469
-0.104101
-0.103189
-0.106943
-0.106285
-0.109893
-0.109534
-0.110226
-0.110525
-0.108519
-0.106725
-0.108368
-0.109465
-0.107390
-0.106275
-0.110904
-0.111089
-0.106127
-0.109565
-0.109924
-0.109992
-0.109183
-0.109784
-0.110462
-0.110317
-0.110449
-0.111334
-0.109743
-0.110751
-0.109342
-0.110660
-0.109133
-0.110815
-0.109111
-0.110553
-0.111124
-0.110060
-0.110814
-0.110902
-0.110798
-0.110973
-0.109963
-0.110935
-0.110247
-0.110428
-0.110545
-0.110817
-0.111038
-0.110911
-0.110254
-0.110322
-0.111197
-0.111066
-0.110448
-0.110771
-0.110688
-0.110808
-0.110972
-0.110945
-0.111120
-0.111384
-0.110410
-0.110370
-0.111294
-0.111329
-0.110627
-0.110626
-0.110819
-0.110850
-0.110747
-0.111025
-0.111024
-0.111322
-0.110736
-0.110527
-0.111158
-0.110657
-0.110818
-0.110853
-0.111066
-0.110519
-0.111041
-0.110843
-0.110850
0.070998
0.063329
-0.083594
-0.086787
-0.099592
-0.093485
-0.108079
-0.109830
-0.110208
-0.108515
-0.107332
-0.107388
-0.108080
-0.108570
-0.102783
-0.108612
-0.110150
-0.106068
-0.105924
-0.110852
-0.109269
-0.108884
-0.110031
-0.110593
-0.110542
-0.111082
-0.109264
-0.109758
-0.109404
-0.109824
-0.107886
-0.109329
-0.108834
-0.108585
-0.109739
-0.110692
-0.110794
-0.110188
-0.110912
-0.110832
-0.111028
-0.110908
-0.110530
-0.110535
-0.110825
-0.110419
-0.110573
-0.111328
-0.111269
-0.110068
-0.110968
-0.111155
-0.111001
-0.110910
-0.111044
-0.111206
-0.111147
-0.111362
-0.110692
-0.110835
-0.111277
-0.111149
-0.110421
-0.111074
-0.110600
-0.111327
-0.110789
-0.111301
-0.111040
-0.111162
-0.111204
-0.111071
-0.111190
-0.111322
-0.111025
-0.110964
-0.111333
-0.111021
-0.111174
-0.111196
-0.111316
-0.110888
-0.111169
-0.111155
-0.111101
-0.111173
-0.111200
-0.111132
-0.111211
-0.111190
-0.111138
-0.111171
-0.111245
-0.110955
-0.111230
-0.111230
-0.110982
-0.111090
-0.111172
-0.111301
3.059854
-0.010453
-0.041884
-0.049249
-0.082107
-0.107497
-0.103846
-0.111003
-0.109039
-0.110191
-0.105658
-0.109576
-0.107305
-0.107669
-0.104043
-0.109538
-0.110274
-0.107968
-0.106581
-0.108906
-0.110666
-0.109301
-0.109316
-0.110353
-0.110202
-0.110946
-0.108879
-0.108420
-0.109634
-0.106210
-0.109119
-0.110192
-0.110027
-0.108744
-0.108107
-0.110162
-0.109503
-0.109920
-0.110692
-0.110833
-0.111366
-0.110840
-0.110904
-0.111020
-0.110879
-0.110453
-0.110897
-0.111135
-0.110943
-0.110435
-0.111259
-0.111127
-0.111255
-0.110957
-0.111259
-0.111298
-0.111160
-0.111390
-0.111183
-0.110658
-0.110180
-0.110833
-0.111006
-0.111318
-0.110978
-0.110614
-0.110665
-0.111008
-0.111330
-0.111169
-0.111330
-0.111269
-0.111353
-0.111294
-0.111388
-0.111408
-0.111288
-0.110887
-0.111218
-0.111298
-0.111333
-0.111112
-0.111192
-0.111370
-0.111365
-0.111213
-0.111238
-0.111325
-0.111204
-0.111138
-0.111189
-0.111277
-0.110929
-0.111309
-0.111375
-0.111429
-0.111159
-0.111258
-0.111262
-0.111142
-0.045457
0.238340
-0.085637
-0.071188
-0.109733
-0.108542
-0.109053
-0.109129
-0.109594
-0.109935
-0.110241
-0.110706
-0.110023
-0.110373
-0.110347
-0.110446
-0.110606
-0.110670
-0.110786
-0.110393
-0.110613
-0.110491
-0.110567
-0.110734
-0.110642
-0.110440
-0.109694
-0.109729
-0.108785
-0.109610
-0.105654
-0.106964
-0.109186
-0.105733
-0.110465
-0.108918
-0.110244
-0.110732
-0.110852
-0.110796
-0.110826
-0.110873
-0.111042
-0.111106
-0.111115
-0.111014
-0.111032
-0.111025
-0.111090
-0.111144
-0.111226
-0.111141
-0.111133
-0.111099
-0.111103
-0.111173
-0.111250
-0.111277
-0.111079
-0.110946
-0.110595
-0.111008
-0.109488
-0.110589
-0.110030
-0.110846
-0.110898
-0.111333
-0.111447
-0.111341
-0.111269
-0.111210
-0.111233
-0.111197
-0.111129
-0.111085
-0.111116
-0.111164
-0.111149
-0.111234
-0.111314
-0.111323
-0.111280
-0.111233
-0.111232
-0.111241
-0.111287
-0.111333
-0.111307
-0.111191
-0.111145
-0.111276
-0.110990
-0.111156
-0.110846
-0.111313
-0.110869
-0.111318
-0.111184
-0.111315
-0.090718
0.038443
-0.038064
-0.075017
-0.084093
-0.098061
-0.101596
-0.104249
-0.107158
-0.108048
-0.108772
-0.109238
-0.109281
-0.109427
-0.109699
-0.109798
-0.109841
-0.110052
-0.110208
-0.110269
-0.110246
-0.110252
-0.110366
-0.110422
-0.110471
-0.110146
-0.109525
-0.107636
-0.109234
-0.107997
-0.107312
-0.110467
-0.110130
-0.107793
-0.108571
-0.110744
-0.109021
-0.110903
-0.110581
-0.110609
-0.110783
-0.110889
-0.110862
-0.110927
-0.110884
-0.110945
-0.110878
-0.110899
-0.110948
-0.110985
-0.110969
-0.110948
-0.110949
-0.110941
-0.110955
-0.111004
-0.110944
-0.110813
-0.110931
-0.110875
-0.110976
-0.110393
-0.111081
-0.111135
-0.110970
-0.110573
-0.110805
-0.111401
-0.110830
-0.110981
-0.110994
-0.110939
-0.111130
-0.111083
-0.111121
-0.111110
-0.111089
-0.111225
-0.111048
-0.111181
-0.111070
-0.111129
-0.111118
-0.111091
-0.111084
-0.111097
-0.111116
-0.111159
-0.111144
-0.111171
-0.110909
-0.111135
-0.111207
-0.110838
-0.111231
-0.110978
-0.111347
-0.110880
-0.111026
-0.111157
0.003285
0.448819
-0.032335
-0.072741
-0.104509
-0.107699
-0.101319
-0.106053
-0.107879
-0.108720
-0.109076
-0.110160
-0.109805
-0.109507
-0.109532
-0.109654
-0.110205
-0.110513
-0.110683
-0.110347
-0.109831
-0.110036
-0.110043
-0.110467
-0.110970
-0.109915
-0.110031
-0.108888
-0.110695
-0.107125
-0.101341
-0.103853
-0.106851
-0.100621
-0.109512
-0.109805
-0.110537
-0.110938
-0.110292
-0.110416
-0.110478
-0.110703
-0.111041
-0.110986
-0.111033
-0.110719
-0.110710
-0.110780
-0.110932
-0.111112
-0.111125
-0.110998
-0.110847
-0.110791
-0.110862
-0.110995
-0.111271
-0.110931
-0.111068
-0.110523
-0.110685
-0.110130
-0.108742
-0.110468
-0.108722
-0.110498
-0.110668
-0.111345
-0.111330
-0.111033
-0.111023
-0.110983
-0.111119
-0.110837
-0.111057
-0.110988
-0.110737
-0.110963
-0.110898
-0.111092
-0.111184
-0.111247
-0.111138
-0.111025
-0.110994
-0.110984
-0.111088
-0.111210
-0.111285
-0.111068
-0.110933
-0.110895
-0.110475
-0.111098
-0.110474
-0.111250
-0.110263
-0.111038
-0.111155
-0.111150
