-2.466073
1.634578
2.406359
-7.884504
-0.128558
-0.128554
0.085070
0.641378
3.263497
-1.408675
-0.128553
-0.128548
2.746975
1.173696
6.036425
-1.406799
-0.128558
-0.128554
0.309930
0.670384
2.061612
-1.262234
-0.128556
-0.128560
0.966284
2.308289
5.515147
-4.930790
-0.128558
-0.128558
0.054006
0.493838
1.559734
-1.168500
-0.128557
-0.128559
12.922153
-0.127281
12.923875
12.920364
-0.128557
-0.128562
9.321136
2.369118
13.634388
5.319183
-0.128557
-0.128561
2.217919
0.375485
0.015608
0.109514
0.185989
-0.096788
0.093085
0.124174
0.092700
0.086884
0.109361
0.160432
0.213746
0.000217
0.109592
0.033436
0.096216
0.230403
-0.004329
0.025803
-0.012788
0.113055
-0.007773
-0.110752
-0.040147
0.000020
0.138563
-0.005975
-0.072257
-0.104023
-0.014201
0.074382
-0.030345
-0.053243
-0.106738
-0.090797
-0.029098
-0.033028
-0.064287
-0.082150
-0.043571
-0.094022
-0.066137
-0.098260
-0.116761
-0.058644
-0.104960
-0.088589
-0.116268
-0.124812
-0.108428
-0.095845
-0.117709
-0.105824
-0.113659
-0.114354
-0.116261
-0.116543
-0.110864
-0.113847
-0.116727
-0.111289
-0.111848
-0.112405
-0.106403
-0.122484
-0.121502
-0.112272
-0.099303
-0.107891
-0.109833
-0.118605
-0.104409
-0.098742
-0.105252
-0.113280
-0.119339
-0.115837
-0.085156
-0.122152
-0.115416
-0.120176
-0.105378
-0.089745
-0.122343
-0.106164
-0.115875
-0.100601
-0.105062
-0.122595
-0.102934
-0.114089
-0.113904
-0.112401
-0.124706
-0.101167
-0.118771
-0.112667
-0.120894
-0.116418
0.085852
0.014749
-0.068104
0.122100
0.106101
-0.100234
-0.060354
-0.073568
-0.065719
0.011843
-0.082566
0.034598
0.012583
-0.028744
-0.029333
-0.090540
0.001394
-0.032949
-0.086810
-0.092716
-0.118254
-0.096079
-0.092957
-0.076753
-0.096868
-0.082437
-0.078622
-0.119946
-0.106794
-0.120020
-0.110739
-0.083198
-0.089786
-0.109237
-0.106216
-0.122144
-0.125045
-0.118400
-0.108857
-0.113696
-0.099526
-0.102048
-0.119895
-0.107765
-0.118613
-0.104765
-0.106250
-0.118283
-0.115452
-0.121293
-0.126766
-0.124917
-0.124960
-0.122842
-0.124225
-0.126196
-0.126810
-0.127769
-0.126375
-0.128453
-0.124299
-0.123220
-0.128399
-0.126305
-0.124922
-0.125689
-0.121033
-0.126951
-0.121614
-0.120761
-0.118266
-0.122326
-0.122799
-0.120398
-0.123955
-0.121542
-0.127822
-0.122704
-0.124185
-0.124473
-0.123850
-0.126584
-0.126695
-0.121919
-0.124004
-0.124842
-0.125509
-0.123890
-0.122488
-0.123886
-0.124873
-0.126899
-0.126575
-0.126068
-0.124493
-0.124243
-0.126721
-0.121281
-0.123130
-0.122972
2.750135
0.258179
0.095812
0.457242
0.163919
-0.058570
0.006805
-0.049826
-0.009296
-0.078688
-0.034191
-0.058515
-0.066163
-0.038942
-0.023016
-0.011258
-0.096037
-0.056164
-0.052379
-0.059700
-0.067683
-0.021550
-0.072925
-0.086774
-0.042117
-0.078278
0.018747
-0.035098
-0.070220
-0.080980
-0.047108
-0.040503
-0.065761
-0.059565
-0.103676
-0.113357
-0.096978
-0.078165
-0.102380
-0.106916
-0.115242
-0.109041
-0.095782
-0.116205
-0.118321
-0.117610
-0.109984
-0.110556
-0.121894
-0.122337
-0.119826
-0.110527
-0.124473
-0.116136
-0.118055
-0.120920
-0.118101
-0.123984
-0.121511
-0.118747
-0.114443
-0.121331
-0.123563
-0.124552
-0.118563
-0.120912
-0.121269
-0.125093
-0.120880
-0.122285
-0.116100
-0.121854
-0.116864
-0.124838
-0.121080
-0.119370
-0.126432
-0.123949
-0.108676
-0.123489
-0.121710
-0.121789
-0.118454
-0.103749
-0.121748
-0.116718
-0.125156
-0.117441
-0.120530
-0.120270
-0.115343
-0.123483
-0.126796
-0.120825
-0.121305
-0.118779
-0.127246
-0.121521
-0.120429
-0.125664
0.305515
0.255060
0.041483
-0.004629
-0.069996
-0.078777
-0.007183
0.039661
-0.042053
0.001197
-0.072516
-0.020832
-0.067852
-0.053043
-0.059030
-0.075391
-0.035531
-0.103118
-0.075630
-0.106037
-0.090383
-0.105168
-0.099564
-0.107719
-0.107913
-0.101268
-0.105765
-0.106394
-0.103837
-0.110630
-0.114053
-0.109820
-0.109047
-0.113359
-0.117220
-0.119898
-0.114715
-0.119779
-0.117083
-0.116477
-0.115401
-0.107271
-0.124706
-0.117039
-0.123240
-0.114051
-0.114902
-0.118071
-0.118239
-0.123354
-0.124677
-0.120958
-0.123244
-0.126690
-0.124027
-0.126353
-0.125678
-0.126539
-0.126997
-0.127479
-0.125804
-0.126298
-0.126616
-0.125469
-0.121541
-0.125473
-0.125001
-0.126531
-0.121784
-0.126024
-0.122611
-0.125329
-0.125262
-0.123435
-0.126779
-0.124125
-0.127271
-0.125270
-0.126576
-0.123781
-0.127227
-0.126046
-0.126416
-0.126541
-0.124959
-0.126538
-0.126607
-0.126641
-0.126289
-0.126021
-0.126664
-0.127628
-0.125924
-0.127371
-0.126793
-0.124308
-0.126415
-0.125578
-0.124232
-0.127309
0.947995
1.026273
0.327858
0.406081
0.187377
0.143073
0.336621
0.377374
0.301240
0.091435
0.141214
-0.091204
-0.092187
-0.022332
0.033696
0.039565
-0.051022
-0.029832
0.021710
-0.001890
-0.020631
-0.084496
-0.062713
-0.044444
-0.016097
-0.101758
-0.070645
-0.053778
-0.065929
-0.069987
-0.093051
-0.108822
-0.071455
-0.058609
-0.095586
-0.114942
-0.111293
-0.069372
-0.086461
-0.098346
-0.106495
-0.099269
-0.087920
-0.107522
-0.119093
-0.121004
-0.107485
-0.098785
-0.111391
-0.106112
-0.105329
-0.089411
-0.116787
-0.117426
-0.117388
-0.121035
-0.117421
-0.123991
-0.123664
-0.121695
-0.123720
-0.121948
-0.118039
-0.115378
-0.098639
-0.114446
-0.118380
-0.125087
-0.123489
-0.116517
-0.121378
-0.118289
-0.119902
-0.123760
-0.115181
-0.117079
-0.121540
-0.121327
-0.121383
-0.119666
-0.117517
-0.125519
-0.125055
-0.115238
-0.123079
-0.119209
-0.126073
-0.126633
-0.119923
-0.124166
-0.116139
-0.123588
-0.120593
-0.122805
-0.117288
-0.125732
-0.118057
-0.122536
-0.119618
-0.118594
0.048132
0.184885
-0.028665
-0.014014
-0.034477
-0.092424
-0.091416
-0.030472
-0.006965
-0.066582
-0.089484
-0.054499
-0.045209
-0.067745
-0.104441
-0.086829
-0.072911
-0.097767
-0.096803
-0.076859
-0.111548
-0.103113
-0.099462
-0.107392
-0.100633
-0.126075
-0.115225
-0.104826
-0.116924
-0.109792
-0.122956
-0.119830
-0.113296
-0.119103
-0.112402
-0.116622
-0.116141
-0.116158
-0.116781
-0.121901
-0.118179
-0.113824
-0.116745
-0.127533
-0.123501
-0.122031
-0.112938
-0.120347
-0.119016
-0.123792
-0.121216
-0.119826
-0.124458
-0.123815
-0.127859
-0.125798
-0.123656
-0.124759
-0.125148
-0.125488
-0.126074
-0.125429
-0.123285
-0.124957
-0.121287
-0.126433
-0.122742
-0.123063
-0.122979
-0.123283
-0.124161
-0.126119
-0.123728
-0.123433
-0.126339
-0.122902
-0.125723
-0.125589
-0.123441
-0.128107
-0.123245
-0.126000
-0.125791
-0.124820
-0.128287
-0.124593
-0.126531
-0.125845
-0.123910
-0.126860
-0.125295
-0.126623
-0.125619
-0.123816
-0.126777
-0.125476
-0.126391
-0.123021
-0.122930
-0.126991
-1.500594
0.453651
0.159395
-2.684020
-0.128554
-0.128553
0.162121
0.105978
0.617342
-0.204793
-0.128555
-0.128560
2.999721
0.178677
3.553404
2.188318
-0.128558
-0.128557
0.132238
0.057148
0.520646
-0.329663
-0.128556
-0.128558
-0.281298
0.508803
1.083863
-1.754611
-0.128559
-0.128556
0.128331
0.656793
1.927929
-0.875461
-0.128553
-0.128557
8.089333
0.736824
8.931092
6.237062
-0.128560
-0.128558
1.242725
0.041221
0.060166
0.025972
0.096998
0.004761
-0.119289
-0.120549
-0.117186
-0.081072
-0.098040
-0.093368
-0.120035
-0.104767
-0.091870
-0.103283
-0.110303
-0.110859
-0.112634
-0.109743
-0.115378
-0.122033
-0.124162
-0.117040
-0.106088
-0.098632
-0.119707
-0.116083
-0.126659
-0.125303
-0.123807
-0.117135
-0.116561
-0.111077
-0.121558
-0.127895
-0.126280
-0.124909
-0.123154
-0.123118
-0.123804
-0.127203
-0.123075
-0.123209
-0.124817
-0.126458
-0.124969
-0.124777
-0.124475
-0.126008
-0.127861
-0.127771
-0.124781
-0.123097
-0.123805
-0.127207
-0.126012
-0.126826
-0.126280
-0.127732
-0.124622
-0.126482
-0.123276
-0.127105
-0.127098
-0.127705
-0.126512
-0.127652
-0.125893
-0.127951
-0.127708
-0.125575
-0.127805
-0.126329
-0.127380
-0.127749
-0.126361
-0.128261
-0.126831
-0.127024
-0.126921
-0.127725
-0.125538
-0.127728
-0.126764
-0.127763
-0.127490
-0.127877
-0.126725
-0.128031
-0.126170
-0.128079
-0.127417
-0.127464
-0.127094
-0.128092
-0.126567
-0.127901
-0.127566
-0.126818
0.162874
-0.028833
-0.086375
-0.049191
-0.046756
-0.107063
-0.109649
-0.119441
-0.117237
-0.120028
-0.102483
-0.124740
-0.118612
-0.120792
-0.122162
-0.126350
-0.120142
-0.126272
-0.118026
-0.123093
-0.121817
-0.126052
-0.125594
-0.125581
-0.118251
-0.121832
-0.125087
-0.126415
-0.125573
-0.125125
-0.126176
-0.125826
-0.126443
-0.120802
-0.125361
-0.126688
-0.126521
-0.125818
-0.126354
-0.125485
-0.126246
-0.125665
-0.127243
-0.126517
-0.126057
-0.127110
-0.127138
-0.125672
-0.126738
-0.127108
-0.126928
-0.126661
-0.126981
-0.126858
-0.125615
-0.126980
-0.127114
-0.127475
-0.127245
-0.127295
-0.126885
-0.126354
-0.128178
-0.127073
-0.127268
-0.127159
-0.127559
-0.126698
-0.127698
-0.127153
-0.127605
-0.127290
-0.127444
-0.127306
-0.127501
-0.126969
-0.127896
-0.127181
-0.127464
-0.127407
-0.127540
-0.127198
-0.127396
-0.127673
-0.127362
-0.127393
-0.127159
-0.127368
-0.127330
-0.127480
-0.127385
-0.127257
-0.127525
-0.127423
-0.127543
-0.127286
-0.127777
-0.127222
-0.127564
-0.127417
2.995910
-0.085240
0.048531
-0.031035
-0.113036
-0.090777
-0.107634
-0.111004
-0.111403
-0.113058
-0.120028
-0.103248
-0.119045
-0.112469
-0.111072
-0.126598
-0.116229
-0.122164
-0.118564
-0.119602
-0.125379
-0.122890
-0.122799
-0.123880
-0.119399
-0.119274
-0.122658
-0.114036
-0.120643
-0.122898
-0.121654
-0.120778
-0.126443
-0.124579
-0.127146
-0.126176
-0.126257
-0.126945
-0.125685
-0.125699
-0.126974
-0.124222
-0.126858
-0.124845
-0.124965
-0.127655
-0.125126
-0.127051
-0.126932
-0.126379
-0.126652
-0.126844
-0.126685
-0.128002
-0.125876
-0.126889
-0.126410
-0.125979
-0.126052
-0.126901
-0.124867
-0.126350
-0.126461
-0.126393
-0.126616
-0.126590
-0.126343
-0.126863
-0.126571
-0.126660
-0.126937
-0.126598
-0.127405
-0.127016
-0.126465
-0.127074
-0.126623
-0.126907
-0.126884
-0.126870
-0.126822
-0.126838
-0.126404
-0.127257
-0.126621
-0.127107
-0.127332
-0.127469
-0.126973
-0.127643
-0.126893
-0.127103
-0.127051
-0.127055
-0.127022
-0.127147
-0.127013
-0.127183
-0.126901
-0.127031
0.133597
-0.066735
-0.046311
-0.116041
-0.091299
-0.081973
-0.102279
-0.108729
-0.111820
-0.115052
-0.115507
-0.117278
-0.118226
-0.119098
-0.119945
-0.120539
-0.121258
-0.121750
-0.122180
-0.123167
-0.122571
-0.123648
-0.123960
-0.124752
-0.124351
-0.122639
-0.121568
-0.126377
-0.124181
-0.123389
-0.124475
-0.123840
-0.123629
-0.124976
-0.125332
-0.124484
-0.124405
-0.124403
-0.124854
-0.124888
-0.124992
-0.125063
-0.125110
-0.125206
-0.125305
-0.125371
-0.125424
-0.125448
-0.125445
-0.125629
-0.125697
-0.125786
-0.125572
-0.126030
-0.126566
-0.126301
-0.125975
-0.126079
-0.125748
-0.125220
-0.126127
-0.125858
-0.125708
-0.126095
-0.126244
-0.126263
-0.126317
-0.126223
-0.126269
-0.126287
-0.126313
-0.126343
-0.126354
-0.126369
-0.126383
-0.126403
-0.126437
-0.126422
-0.126445
-0.126419
-0.126402
-0.126565
-0.126382
-0.126218
-0.126474
-0.126339
-0.126273
-0.126323
-0.126528
-0.126326
-0.126441
-0.126573
-0.126446
-0.126450
-0.126492
-0.126486
-0.126514
-0.126513
-0.126516
-0.126519
0.017786
0.244765
0.020063
0.036853
-0.049907
-0.084854
-0.082367
-0.095768
-0.100584
-0.106393
-0.107417
-0.109886
-0.111862
-0.113101
-0.114240
-0.115336
-0.116008
-0.116997
-0.117633
-0.118084
-0.118220
-0.118823
-0.119489
-0.119460
-0.111271
-0.127042
-0.107242
-0.121426
-0.114261
-0.116367
-0.124353
-0.114699
-0.123468
-0.120257
-0.123432
-0.124237
-0.123672
-0.123627
-0.123582
-0.123749
-0.123808
-0.123813
-0.123934
-0.124004
-0.124085
-0.124203
-0.124229
-0.124299
-0.124483
-0.124517
-0.124698
-0.124672
-0.125080
-0.125454
-0.123483
-0.126231
-0.123242
-0.125287
-0.124890
-0.123215
-0.125277
-0.123133
-0.125549
-0.124480
-0.124857
-0.125023
-0.125142
-0.125133
-0.125171
-0.125203
-0.125244
-0.125265
-0.125295
-0.125314
-0.125333
-0.125358
-0.125383
-0.125348
-0.125405
-0.125398
-0.125480
-0.125153
-0.125445
-0.125447
-0.125196
-0.125657
-0.125781
-0.125672
-0.125651
-0.125607
-0.125866
-0.125533
-0.125752
-0.125675
-0.125678
-0.125644
-0.125669
-0.125665
-0.125667
-0.125667
0.124098
0.360549
0.077058
0.001507
-0.035135
-0.113878
-0.116113
-0.122958
-0.122841
-0.123487
-0.125227
-0.125165
-0.125500
-0.126065
-0.126340
-0.126383
-0.126242
-0.126206
-0.126287
-0.126078
-0.127284
-0.127179
-0.127196
-0.126212
-0.121253
-0.118348
-0.115729
-0.118735
-0.117194
-0.121458
-0.119357
-0.119364
-0.122240
-0.122255
-0.126637
-0.127063
-0.127311
-0.127761
-0.127500
-0.127624
-0.127539
-0.127485
-0.127491
-0.127552
-0.127651
-0.127734
-0.127762
-0.127699
-0.127565
-0.127413
-0.127527
-0.127526
-0.127885
-0.126723
-0.125739
-0.126344
-0.125487
-0.127698
-0.126613
-0.125866
-0.127123
-0.126390
-0.128019
-0.128059
-0.128183
-0.128069
-0.127980
-0.128049
-0.128044
-0.128085
-0.128110
-0.128091
-0.128049
-0.128012
-0.128007
-0.128022
-0.128048
-0.128114
-0.128095
-0.128053
-0.128096
-0.127725
-0.128023
-0.127256
-0.127712
-0.127378
-0.128276
-0.127568
-0.127755
-0.127524
-0.128047
-0.127856
-0.128102
-0.128066
-0.128073
-0.128100
-0.128084
-0.128083
-0.128074
-0.128061
