-2.774242
0.849897
-0.622783
-4.746242
-0.110811
-0.110814
0.413902
0.214435
1.267727
-0.812892
-0.110814
-0.110802
2.585948
0.904866
4.597917
0.450007
-0.110811
-0.110814
-0.115732
1.191568
1.977903
-2.025430
-0.110810
-0.110816
-0.146731
2.377889
4.018310
-3.898261
-0.110810
-0.110816
0.018091
0.603615
1.292470
-1.197645
-0.110811
-0.110815
13.880660
-0.109715
13.882469
13.878239
-0.110811
-0.110814
9.737180
2.167539
12.698384
5.775555
-0.110811
-0.110816
2.552997
0.278939
-0.004381
-0.071539
-0.007172
-0.027850
0.047356
-0.058333
-0.049950
-0.089154
-0.014995
-0.004008
-0.078538
-0.007198
-0.058494
-0.077565
0.042677
-0.071224
-0.070117
0.055242
0.073386
0.009942
0.006598
-0.000051
-0.000691
-0.097784
-0.012845
-0.066203
-0.050624
-0.028396
-0.027648
-0.039419
-0.054158
-0.074361
-0.075333
-0.046933
-0.085946
-0.068700
-0.054605
-0.055086
-0.103083
-0.036655
-0.076365
-0.075972
-0.101378
-0.078337
-0.099205
-0.104392
-0.091788
-0.093805
-0.092377
-0.103741
-0.102746
-0.105466
-0.105113
-0.098279
-0.103932
-0.103923
-0.105698
-0.107313
-0.105840
-0.109541
-0.107198
-0.105783
-0.105866
-0.104957
-0.110685
-0.108463
-0.108735
-0.102401
-0.106793
-0.105740
-0.108342
-0.106633
-0.099240
-0.105898
-0.106409
-0.096328
-0.110297
-0.106096
-0.095012
-0.100524
-0.091590
-0.100934
-0.098194
-0.097224
-0.106233
-0.098885
-0.105727
-0.104315
-0.097292
-0.105512
-0.104278
-0.104975
-0.102442
-0.104258
-0.091619
-0.108293
-0.105632
-0.106732
0.416164
-0.090774
-0.016389
-0.081570
-0.061528
-0.048753
-0.035150
-0.078231
-0.070066
-0.101593
-0.102560
-0.078274
-0.086762
-0.053504
-0.081147
-0.098198
-0.060673
-0.079387
-0.067665
-0.049957
-0.082080
-0.094929
-0.069214
-0.070953
-0.083210
-0.098022
-0.095003
-0.075604
-0.089873
-0.096175
-0.080736
-0.093792
-0.085567
-0.089994
-0.089342
-0.092395
-0.096910
-0.101007
-0.099702
-0.086095
-0.103449
-0.104596
-0.098454
-0.093356
-0.106811
-0.099373
-0.106088
-0.108174
-0.101023
-0.107959
-0.102843
-0.109329
-0.108903
-0.107960
-0.106761
-0.106220
-0.109819
-0.106340
-0.108758
-0.108314
-0.108385
-0.108936
-0.108935
-0.107898
-0.109058
-0.109594
-0.109275
-0.107411
-0.109927
-0.108326
-0.108896
-0.109339
-0.108529
-0.108207
-0.105902
-0.109071
-0.108371
-0.108544
-0.108640
-0.109451
-0.104483
-0.106859
-0.109469
-0.109906
-0.105280
-0.105238
-0.109950
-0.109631
-0.105173
-0.108348
-0.110262
-0.108995
-0.107375
-0.107724
-0.108983
-0.106664
-0.109816
-0.108465
-0.108892
-0.108053
2.581747
0.531333
0.055967
-0.095194
-0.049218
-0.068767
-0.066550
-0.081455
-0.065779
-0.079622
-0.096804
-0.064999
-0.100738
-0.067003
-0.092598
-0.064887
-0.017786
-0.088840
-0.063362
-0.033295
-0.034577
-0.038789
-0.052073
-0.083984
-0.054834
-0.090817
-0.074538
-0.099257
-0.094754
-0.051745
-0.052615
-0.071997
-0.062579
-0.100141
-0.080370
-0.084144
-0.102544
-0.085889
-0.088268
-0.081175
-0.100023
-0.072824
-0.091640
-0.104984
-0.108320
-0.093612
-0.098749
-0.107859
-0.102262
-0.103320
-0.100944
-0.108746
-0.107883
-0.107352
-0.108627
-0.104294
-0.107760
-0.109644
-0.105868
-0.105535
-0.105972
-0.108184
-0.107539
-0.109155
-0.106900
-0.108755
-0.108921
-0.107915
-0.107537
-0.107084
-0.110154
-0.108672
-0.109577
-0.107918
-0.105357
-0.108374
-0.106925
-0.102266
-0.107526
-0.107196
-0.102822
-0.105966
-0.102193
-0.107483
-0.103644
-0.104428
-0.108835
-0.106100
-0.110576
-0.108269
-0.103543
-0.104761
-0.106906
-0.108953
-0.109793
-0.104277
-0.103534
-0.110194
-0.105011
-0.108720
-0.098257
0.795148
-0.082075
-0.065324
-0.045290
-0.006675
-0.034827
-0.078035
-0.078516
-0.094111
-0.105285
-0.093924
-0.106402
-0.098805
-0.104977
-0.103048
-0.092127
-0.099106
-0.089909
-0.094955
-0.106021
-0.097605
-0.100715
-0.108514
-0.105642
-0.108517
-0.103631
-0.104732
-0.099614
-0.104984
-0.108055
-0.108828
-0.108377
-0.104248
-0.105238
-0.106541
-0.109069
-0.108312
-0.106832
-0.106660
-0.106475
-0.108385
-0.108378
-0.106256
-0.109298
-0.106419
-0.109370
-0.110466
-0.109443
-0.109834
-0.110005
-0.110103
-0.110025
-0.108412
-0.109500
-0.109693
-0.107798
-0.107463
-0.109194
-0.109757
-0.105316
-0.109602
-0.107415
-0.109529
-0.109508
-0.109484
-0.108978
-0.108024
-0.108864
-0.110101
-0.110015
-0.109735
-0.110350
-0.110665
-0.109640
-0.110408
-0.109479
-0.110069
-0.110022
-0.109210
-0.109855
-0.110607
-0.109503
-0.110307
-0.110050
-0.110406
-0.110320
-0.110486
-0.110135
-0.109620
-0.110046
-0.110620
-0.110498
-0.110112
-0.110507
-0.109894
-0.110622
-0.110226
-0.110629
-0.109836
-0.062893
1.599891
0.017128
0.064510
0.010503
0.069942
0.044700
-0.011682
-0.036139
-0.077741
-0.089449
-0.040957
-0.082758
-0.076920
-0.101188
-0.083461
-0.062565
-0.086472
-0.086067
-0.056639
-0.060955
-0.078277
-0.057763
-0.061032
-0.085555
-0.096301
-0.100752
-0.096070
-0.064357
-0.104906
-0.069224
-0.077406
-0.093292
-0.089482
-0.108442
-0.101329
-0.085368
-0.095475
-0.094928
-0.085237
-0.102759
-0.090512
-0.098831
-0.102430
-0.106751
-0.101344
-0.106633
-0.109276
-0.107545
-0.107208
-0.104711
-0.106668
-0.108332
-0.104644
-0.105491
-0.108520
-0.103706
-0.104070
-0.108100
-0.108065
-0.099738
-0.109537
-0.104802
-0.107358
-0.107515
-0.107653
-0.107390
-0.105075
-0.106864
-0.107369
-0.107850
-0.109170
-0.108810
-0.108822
-0.106490
-0.109738
-0.108464
-0.108116
-0.110001
-0.108571
-0.106931
-0.108179
-0.107810
-0.107068
-0.106207
-0.109195
-0.108462
-0.109860
-0.109695
-0.105234
-0.109686
-0.108022
-0.108956
-0.107275
-0.109419
-0.108954
-0.108223
-0.104198
-0.105512
-0.109214
0.014964
0.379569
-0.059226
-0.046906
-0.076835
-0.064352
-0.074752
-0.091418
-0.091371
-0.100985
-0.102956
-0.108166
-0.105787
-0.100148
-0.103864
-0.099363
-0.100873
-0.106233
-0.088893
-0.101111
-0.100153
-0.105518
-0.100402
-0.107158
-0.107626
-0.105704
-0.104632
-0.105875
-0.097224
-0.102429
-0.100560
-0.102286
-0.103489
-0.099699
-0.108667
-0.107497
-0.108548
-0.108128
-0.110570
-0.106772
-0.107735
-0.109572
-0.107670
-0.106862
-0.109108
-0.108619
-0.108046
-0.110219
-0.108307
-0.109857
-0.110041
-0.110215
-0.109718
-0.110508
-0.109324
-0.109363
-0.110351
-0.108610
-0.109060
-0.110057
-0.108072
-0.109681
-0.108862
-0.110477
-0.110280
-0.109026
-0.108967
-0.110102
-0.109242
-0.109679
-0.109798
-0.110252
-0.110029
-0.110182
-0.110104
-0.109779
-0.110484
-0.110093
-0.110206
-0.108895
-0.110163
-0.110464
-0.110318
-0.110225
-0.110572
-0.110495
-0.109762
-0.109932
-0.110368
-0.110250
-0.109805
-0.109124
-0.109780
-0.109955
-0.110384
-0.109200
-0.109995
-0.110448
-0.109742
-0.110073
-1.818304
0.144625
-1.365699
-2.221320
-0.110809
-0.110815
-0.449598
0.044130
-0.145507
-0.810963
-0.110811
-0.110812
3.255932
0.060000
3.589173
2.957148
-0.110810
-0.110814
-0.097950
0.227994
0.390378
-0.798843
-0.110814
-0.110812
-0.158730
0.467796
0.843022
-1.072100
-0.110810
-0.110815
-0.121985
0.616934
0.965213
-1.381261
-0.110811
-0.110815
8.360995
0.453537
9.249359
7.533972
-0.110810
-0.110816
1.597430
0.043587
-0.026508
-0.087680
-0.095736
-0.094305
-0.107197
-0.105512
-0.107070
-0.104978
-0.104731
-0.106327
-0.108099
-0.106235
-0.099796
-0.107125
-0.107370
-0.101618
-0.106549
-0.109257
-0.107750
-0.108854
-0.109000
-0.110095
-0.110027
-0.109814
-0.108017
-0.108338
-0.108601
-0.107428
-0.107188
-0.109863
-0.107960
-0.107023
-0.109249
-0.109901
-0.109370
-0.110317
-0.109935
-0.109991
-0.110093
-0.109546
-0.110352
-0.110438
-0.110031
-0.109114
-0.110095
-0.110318
-0.109104
-0.110045
-0.110521
-0.109986
-0.110508
-0.110330
-0.110649
-0.110563
-0.110471
-0.110304
-0.110085
-0.110217
-0.110204
-0.110090
-0.110489
-0.110252
-0.110028
-0.110146
-0.110649
-0.110322
-0.110694
-0.110569
-0.110505
-0.110669
-0.110373
-0.110738
-0.110760
-0.110340
-0.110305
-0.110439
-0.110638
-0.110190
-0.110483
-0.110705
-0.110501
-0.110781
-0.110574
-0.110701
-0.110685
-0.110804
-0.110678
-0.110446
-0.110361
-0.110553
-0.110435
-0.110543
-0.110423
-0.110622
-0.110455
-0.110685
-0.110574
-0.110716
0.229487
-0.019958
-0.061328
-0.086078
-0.093870
-0.098527
-0.105186
-0.108391
-0.106971
-0.104680
-0.109395
-0.103960
-0.106079
-0.104080
-0.109801
-0.103048
-0.103424
-0.108639
-0.106264
-0.108391
-0.107384
-0.109959
-0.108867
-0.110333
-0.110209
-0.109772
-0.109510
-0.109674
-0.108735
-0.108896
-0.109227
-0.109749
-0.108665
-0.108266
-0.109068
-0.109522
-0.109534
-0.110589
-0.110335
-0.109913
-0.110078
-0.110160
-0.110205
-0.109849
-0.109679
-0.110482
-0.109198
-0.109592
-0.110008
-0.110221
-0.110191
-0.110292
-0.110454
-0.110237
-0.110736
-0.110526
-0.110566
-0.110642
-0.110518
-0.110127
-0.110288
-0.110579
-0.110480
-0.110435
-0.110185
-0.110372
-0.110692
-0.110594
-0.110620
-0.110682
-0.110521
-0.110647
-0.110569
-0.110711
-0.110500
-0.110236
-0.110608
-0.110106
-0.110699
-0.110609
-0.110715
-0.110484
-0.110359
-0.110680
-0.110390
-0.110557
-0.110677
-0.110402
-0.110558
-0.110508
-0.110557
-0.110519
-0.110519
-0.110767
-0.110561
-0.110711
-0.110738
-0.110682
-0.110727
-0.110723
3.255381
-0.013222
-0.055312
-0.073586
-0.104929
-0.108318
-0.101141
-0.107351
-0.107354
-0.105190
-0.108531
-0.104627
-0.106103
-0.105903
-0.101021
-0.106216
-0.108369
-0.103818
-0.106861
-0.108412
-0.108292
-0.108972
-0.108553
-0.109262
-0.109710
-0.108724
-0.109547
-0.109967
-0.108153
-0.107665
-0.108114
-0.110476
-0.108674
-0.108834
-0.108039
-0.110000
-0.110221
-0.110325
-0.110588
-0.110765
-0.110344
-0.110274
-0.109929
-0.110218
-0.110219
-0.108962
-0.110029
-0.110277
-0.109548
-0.110236
-0.110553
-0.110466
-0.110254
-0.110368
-0.110489
-0.110397
-0.110615
-0.110133
-0.110264
-0.109981
-0.110127
-0.109985
-0.110440
-0.110146
-0.110089
-0.110081
-0.110290
-0.110764
-0.110542
-0.110613
-0.110569
-0.110423
-0.110708
-0.110618
-0.110672
-0.110638
-0.110245
-0.110605
-0.110374
-0.110410
-0.110436
-0.110737
-0.110424
-0.110719
-0.110641
-0.110702
-0.110611
-0.110547
-0.110481
-0.110262
-0.110583
-0.110769
-0.110390
-0.110686
-0.110588
-0.110347
-0.110712
-0.110533
-0.110463
-0.110498
-0.100975
0.083865
0.009251
-0.094191
-0.058099
-0.089477
-0.091447
-0.094506
-0.096885
-0.098824
-0.099925
-0.100452
-0.101876
-0.102209
-0.102771
-0.103671
-0.103846
-0.104250
-0.104649
-0.104774
-0.105646
-0.104943
-0.105988
-0.106197
-0.106078
-0.106695
-0.106452
-0.105880
-0.106959
-0.105702
-0.102581
-0.107523
-0.110166
-0.106362
-0.106696
-0.107543
-0.107014
-0.108018
-0.107459
-0.107889
-0.107870
-0.108023
-0.108051
-0.108006
-0.108219
-0.108233
-0.108157
-0.108308
-0.108259
-0.108436
-0.108361
-0.108430
-0.108548
-0.108376
-0.108690
-0.108530
-0.108620
-0.108822
-0.109002
-0.108455
-0.109403
-0.108135
-0.108143
-0.108948
-0.109198
-0.108562
-0.109285
-0.108715
-0.108877
-0.108920
-0.108814
-0.108976
-0.108815
-0.108952
-0.108930
-0.108827
-0.109064
-0.109047
-0.108916
-0.108992
-0.108987
-0.108967
-0.108990
-0.109080
-0.108991
-0.109025
-0.109094
-0.108971
-0.109148
-0.109005
-0.109080
-0.109122
-0.109475
-0.108711
-0.108904
-0.109156
-0.109145
-0.109007
-0.109188
-0.109019
-0.067715
0.289179
-0.031953
-0.085718
-0.073428
-0.106033
-0.095825
-0.104456
-0.105557
-0.106261
-0.107705
-0.107676
-0.108015
-0.108444
-0.108316
-0.109092
-0.108533
-0.108992
-0.109159
-0.108759
-0.109622
-0.108841
-0.108949
-0.109233
-0.108251
-0.108747
-0.108948
-0.107689
-0.108359
-0.107629
-0.100938
-0.108885
-0.103489
-0.107491
-0.110239
-0.108233
-0.110142
-0.109611
-0.110260
-0.110672
-0.110326
-0.110437
-0.110593
-0.110300
-0.110657
-0.110495
-0.110392
-0.110524
-0.110345
-0.110616
-0.110458
-0.110418
-0.110627
-0.110317
-0.110667
-0.110333
-0.110609
-0.110571
-0.110688
-0.110594
-0.110397
-0.108864
-0.109606
-0.109158
-0.110337
-0.110358
-0.110478
-0.110231
-0.110375
-0.110510
-0.110292
-0.110663
-0.110326
-0.110499
-0.110421
-0.110292
-0.110337
-0.110387
-0.110487
-0.110406
-0.110426
-0.110462
-0.110478
-0.110494
-0.110553
-0.110475
-0.110632
-0.110471
-0.110515
-0.110441
-0.110450
-0.110661
-0.110417
-0.109809
-0.109879
-0.110495
-0.110354
-0.110347
-0.110462
-0.110199
-0.093498
0.388605
0.017117
-0.101793
-0.098339
-0.093100
-0.099684
-0.103315
-0.104067
-0.104869
-0.105156
-0.105674
-0.106379
-0.106471
-0.106780
-0.107122
-0.107210
-0.107441
-0.107710
-0.107602
-0.107965
-0.107872
-0.108238
-0.108242
-0.108016
-0.108491
-0.108968
-0.108735
-0.108548
-0.104036
-0.096620
-0.108561
-0.102906
-0.107264
-0.107910
-0.109353
-0.108547
-0.109586
-0.109340
-0.109386
-0.109412
-0.109409
-0.109498
-0.109444
-0.109547
-0.109688
-0.109457
-0.109475
-0.109518
-0.109624
-0.109564
-0.109646
-0.109666
-0.109589
-0.109736
-0.109602
-0.109867
-0.109867
-0.109471
-0.109720
-0.109792
-0.107660
-0.108673
-0.108550
-0.110493
-0.109322
-0.109919
-0.109938
-0.109815
-0.109862
-0.109820
-0.109855
-0.109830
-0.109946
-0.109816
-0.109771
-0.109826
-0.109931
-0.109830
-0.109820
-0.109988
-0.109925
-0.109872
-0.109964
-0.109908
-0.109951
-0.109983
-0.109873
-0.109962
-0.109880
-0.110040
-0.110392
-0.110504
-0.108951
-0.109249
-0.109897
-0.110014
-0.109930
-0.110016
-0.109892
