-2.600384
1.543905
2.819814
-7.040940
-0.111764
-0.111762
0.123045
0.414321
1.788479
-1.059797
-0.111762
-0.111763
2.545500
1.112566
4.718081
-0.182600
-0.111767
-0.111767
0.019334
0.888763
1.900453
-1.859240
-0.111765
-0.111768
-0.123520
2.855709
4.159301
-5.625105
-0.111766
-0.111769
-0.079209
1.037804
1.815850
-2.735649
-0.111767
-0.111767
13.472431
-0.110304
13.474730
13.470338
-0.111764
-0.111770
9.295040
2.741853
13.346996
4.002749
-0.111766
-0.111770
2.363911
0.513064
-0.062221
-0.037267
-0.020977
-0.082320
-0.010791
-0.014455
-0.045013
-0.000722
0.056455
0.106226
0.111767
0.181301
0.248167
-0.065498
0.015608
0.266689
0.227184
0.193668
0.086724
0.028960
0.038457
-0.002875
-0.008074
-0.014311
-0.008762
-0.086241
-0.070504
-0.090789
0.012740
-0.028630
-0.083243
-0.034157
0.019791
-0.048408
-0.072321
-0.038334
-0.009777
-0.032674
-0.089103
-0.055907
-0.062671
-0.062577
-0.087097
-0.097236
-0.100166
-0.104001
-0.093957
-0.093971
-0.096292
-0.094594
-0.095165
-0.097174
-0.102665
-0.097252
-0.105178
-0.100314
-0.106487
-0.101446
-0.103586
-0.101456
-0.101364
-0.099631
-0.101272
-0.101646
-0.095615
-0.093461
-0.091390
-0.091927
-0.085017
-0.103969
-0.104308
-0.083254
-0.089047
-0.088584
-0.087226
-0.101264
-0.108359
-0.101695
-0.097196
-0.098491
-0.103959
-0.103079
-0.105734
-0.109477
-0.096853
-0.103037
-0.104499
-0.100734
-0.092368
-0.103444
-0.106759
-0.101960
-0.106292
-0.103566
-0.104202
-0.094885
-0.102299
-0.101237
0.120808
0.019448
-0.031659
0.007889
-0.076062
-0.085024
-0.070447
-0.064021
-0.050320
-0.066328
-0.023254
-0.028562
-0.045536
0.008015
-0.038167
-0.092588
-0.030050
-0.006313
-0.045276
-0.029257
-0.056976
-0.046469
-0.064219
-0.078645
-0.096117
-0.087075
-0.104033
-0.081757
-0.101783
-0.083926
-0.092922
-0.104234
-0.098280
-0.102276
-0.080501
-0.073712
-0.095037
-0.093836
-0.094336
-0.094723
-0.089617
-0.106501
-0.105589
-0.092897
-0.102232
-0.105998
-0.098492
-0.104858
-0.109029
-0.106522
-0.107473
-0.107496
-0.107362
-0.105131
-0.108047
-0.108143
-0.109374
-0.109478
-0.110837
-0.108203
-0.107875
-0.108160
-0.107368
-0.109781
-0.107296
-0.108213
-0.106295
-0.105024
-0.105842
-0.102480
-0.104829
-0.109200
-0.108269
-0.103168
-0.109515
-0.105803
-0.105515
-0.109248
-0.108949
-0.109400
-0.107558
-0.107221
-0.108627
-0.109654
-0.109564
-0.109730
-0.109649
-0.109134
-0.108421
-0.109413
-0.108734
-0.105047
-0.109420
-0.108402
-0.111068
-0.110853
-0.109058
-0.107748
-0.108404
-0.109164
2.536175
0.614031
0.097886
-0.061343
-0.037760
-0.090084
-0.075254
-0.094971
-0.036254
-0.055993
-0.036576
-0.026054
-0.009673
0.012018
-0.030954
-0.085805
-0.068325
0.035595
0.032739
0.035483
-0.024099
-0.062468
-0.049319
-0.045003
-0.068151
-0.040954
-0.065154
-0.052289
-0.096704
-0.068422
-0.048337
-0.076662
-0.089409
-0.068182
-0.057157
-0.093255
-0.099221
-0.076979
-0.069330
-0.081606
-0.102657
-0.091995
-0.105267
-0.097251
-0.104532
-0.111364
-0.106911
-0.099224
-0.105230
-0.104242
-0.100251
-0.105301
-0.108938
-0.110152
-0.106807
-0.102103
-0.107645
-0.100921
-0.105103
-0.105577
-0.105697
-0.107001
-0.107517
-0.106062
-0.105580
-0.106043
-0.102258
-0.101890
-0.099801
-0.098407
-0.099387
-0.106168
-0.108622
-0.100437
-0.103795
-0.102322
-0.102375
-0.108754
-0.110480
-0.106165
-0.104841
-0.099115
-0.106447
-0.105812
-0.106982
-0.111510
-0.104094
-0.106561
-0.106865
-0.105065
-0.102307
-0.105942
-0.107091
-0.107904
-0.109284
-0.108386
-0.106552
-0.103706
-0.107268
-0.107870
0.013787
0.550255
-0.022094
0.052426
-0.056467
-0.092541
-0.077590
-0.091265
-0.091580
-0.095416
-0.060832
-0.073623
-0.088498
-0.042085
-0.054018
-0.078849
-0.101674
-0.082635
-0.098038
-0.078893
-0.088487
-0.094363
-0.076146
-0.093470
-0.088974
-0.102036
-0.109023
-0.090882
-0.090613
-0.110366
-0.103000
-0.094157
-0.107250
-0.098257
-0.090838
-0.098199
-0.104713
-0.098168
-0.105469
-0.100950
-0.106355
-0.107800
-0.102452
-0.104481
-0.109097
-0.110224
-0.106665
-0.108899
-0.109337
-0.110352
-0.108277
-0.110742
-0.109239
-0.109309
-0.108633
-0.108249
-0.109627
-0.109275
-0.110930
-0.108561
-0.109128
-0.110338
-0.110242
-0.111369
-0.110356
-0.110131
-0.108249
-0.109282
-0.110756
-0.108345
-0.108282
-0.109285
-0.110387
-0.110454
-0.111211
-0.111077
-0.110999
-0.109885
-0.108769
-0.108766
-0.109600
-0.110891
-0.110744
-0.108435
-0.110216
-0.110398
-0.109436
-0.108236
-0.110152
-0.108843
-0.108049
-0.109695
-0.110721
-0.110410
-0.111441
-0.110402
-0.110580
-0.110288
-0.109302
-0.110778
-0.094123
1.889019
0.223464
0.157453
0.035471
0.002469
-0.033665
-0.001928
-0.091972
-0.064385
-0.009956
-0.042632
-0.028750
0.022530
0.004710
-0.055856
-0.087042
0.018914
-0.016854
0.009219
-0.022983
-0.030150
-0.035633
-0.068244
-0.095344
-0.109876
-0.066315
-0.096274
-0.073927
-0.082357
-0.078883
-0.078866
-0.089219
-0.082445
-0.053735
-0.071483
-0.083343
-0.080804
-0.076518
-0.083874
-0.096553
-0.090531
-0.097068
-0.100056
-0.106376
-0.106312
-0.105603
-0.105014
-0.105824
-0.103699
-0.102484
-0.108198
-0.101924
-0.104405
-0.104127
-0.099395
-0.105771
-0.104986
-0.104801
-0.101199
-0.106213
-0.107486
-0.106750
-0.108905
-0.108164
-0.106316
-0.102057
-0.107082
-0.105541
-0.103301
-0.103767
-0.108202
-0.105590
-0.103372
-0.108809
-0.105689
-0.106186
-0.107558
-0.104900
-0.101977
-0.104977
-0.106624
-0.111366
-0.107068
-0.109061
-0.104261
-0.109888
-0.106474
-0.104999
-0.106278
-0.100624
-0.105164
-0.110935
-0.110067
-0.109874
-0.109515
-0.110135
-0.106256
-0.109342
-0.110971
-0.083732
0.651672
0.018785
-0.017110
0.008103
0.003550
-0.050372
-0.062393
-0.057813
-0.084188
-0.073306
-0.090493
-0.099702
-0.067507
-0.078183
-0.090450
-0.082559
-0.066420
-0.091771
-0.074905
-0.101184
-0.087364
-0.102853
-0.092426
-0.102155
-0.108932
-0.102744
-0.105469
-0.104454
-0.106025
-0.108724
-0.110091
-0.103646
-0.102947
-0.105569
-0.098320
-0.107460
-0.097693
-0.103716
-0.102428
-0.102725
-0.108959
-0.105238
-0.104566
-0.108683
-0.109597
-0.109735
-0.107614
-0.106345
-0.109809
-0.108068
-0.106476
-0.106174
-0.107851
-0.107728
-0.106490
-0.110404
-0.108252
-0.110227
-0.107801
-0.108804
-0.108706
-0.109536
-0.108217
-0.109723
-0.110333
-0.109171
-0.110088
-0.110756
-0.108700
-0.110237
-0.109448
-0.110086
-0.107375
-0.110429
-0.108371
-0.109963
-0.109671
-0.111544
-0.110147
-0.111228
-0.111253
-0.110089
-0.110658
-0.110309
-0.110115
-0.111273
-0.110634
-0.110713
-0.110836
-0.109683
-0.109503
-0.109492
-0.109121
-0.110565
-0.110268
-0.109571
-0.110428
-0.110675
-0.111478
-1.902286
0.121813
-1.476916
-2.407913
-0.111765
-0.111768
-0.465372
0.041425
-0.139934
-0.684189
-0.111764
-0.111769
2.999337
0.060071
3.237120
2.665269
-0.111767
-0.111769
-0.132850
0.102967
0.274042
-0.439174
-0.111763
-0.111769
-0.126449
0.274053
0.646680
-0.710033
-0.111763
-0.111767
-0.192081
0.451206
0.754201
-1.243895
-0.111765
-0.111769
8.030141
0.102107
8.415246
7.724647
-0.111764
-0.111769
1.679163
-0.068105
0.027558
-0.061613
-0.076010
-0.094456
-0.104535
-0.104490
-0.109946
-0.100331
-0.097253
-0.108440
-0.107109
-0.096371
-0.094062
-0.097483
-0.100689
-0.108968
-0.103477
-0.105582
-0.109467
-0.108418
-0.108848
-0.107298
-0.107733
-0.109808
-0.103828
-0.109113
-0.108708
-0.109107
-0.107157
-0.107205
-0.110504
-0.111049
-0.110544
-0.111160
-0.110474
-0.109763
-0.110285
-0.109555
-0.109333
-0.109180
-0.108834
-0.109207
-0.109264
-0.111603
-0.110346
-0.110970
-0.111158
-0.111128
-0.111283
-0.111181
-0.111249
-0.110346
-0.110283
-0.110192
-0.110812
-0.111575
-0.110790
-0.110217
-0.111083
-0.110964
-0.110986
-0.111115
-0.110958
-0.111045
-0.110945
-0.110681
-0.110888
-0.111069
-0.111380
-0.111443
-0.110935
-0.110908
-0.111123
-0.111042
-0.111031
-0.111302
-0.111203
-0.111269
-0.111035
-0.110763
-0.111007
-0.111236
-0.111663
-0.111016
-0.111207
-0.110675
-0.111329
-0.111512
-0.111255
-0.111379
-0.111405
-0.111506
-0.111106
-0.111542
-0.111471
-0.111006
-0.111186
-0.110827
0.242312
-0.047788
-0.076140
-0.050148
-0.091598
-0.096164
-0.103646
-0.107558
-0.107333
-0.098773
-0.105559
-0.099282
-0.099937
-0.095675
-0.090953
-0.098881
-0.100546
-0.106006
-0.108937
-0.107684
-0.106448
-0.109505
-0.110718
-0.106973
-0.111487
-0.109250
-0.105875
-0.108432
-0.110521
-0.110907
-0.109859
-0.106225
-0.109408
-0.110862
-0.109702
-0.109930
-0.110414
-0.109415
-0.110608
-0.109611
-0.110876
-0.108531
-0.108461
-0.109094
-0.109372
-0.111228
-0.110253
-0.110500
-0.110095
-0.111052
-0.111117
-0.110103
-0.111131
-0.111101
-0.110169
-0.110962
-0.111127
-0.111160
-0.111126
-0.110437
-0.111622
-0.111010
-0.110947
-0.111184
-0.111446
-0.111007
-0.111469
-0.111039
-0.111132
-0.110453
-0.111186
-0.110233
-0.111127
-0.110989
-0.110954
-0.111223
-0.111457
-0.111332
-0.111105
-0.111120
-0.111260
-0.111219
-0.111607
-0.111066
-0.111007
-0.111275
-0.111377
-0.111190
-0.110981
-0.110818
-0.111379
-0.111171
-0.111083
-0.111231
-0.111073
-0.111134
-0.111097
-0.111103
-0.111228
-0.110598
2.998549
-0.071218
-0.021276
-0.056797
-0.079213
-0.102235
-0.104824
-0.108633
-0.107505
-0.109650
-0.107596
-0.104663
-0.107001
-0.106872
-0.096740
-0.106201
-0.104463
-0.106853
-0.109193
-0.108238
-0.109355
-0.109720
-0.109699
-0.110341
-0.104778
-0.108114
-0.105518
-0.111310
-0.111462
-0.110029
-0.109520
-0.107564
-0.109357
-0.109646
-0.110725
-0.110690
-0.110306
-0.111112
-0.110897
-0.110540
-0.110933
-0.109451
-0.109523
-0.109837
-0.110429
-0.111297
-0.110664
-0.110531
-0.111042
-0.111067
-0.110861
-0.110787
-0.109908
-0.110996
-0.110478
-0.111324
-0.111235
-0.110991
-0.111321
-0.110664
-0.111094
-0.111402
-0.111519
-0.111312
-0.111372
-0.111418
-0.111503
-0.111278
-0.111198
-0.111103
-0.111180
-0.111361
-0.111536
-0.111293
-0.111186
-0.111269
-0.111486
-0.111356
-0.111308
-0.111330
-0.111310
-0.111017
-0.111445
-0.111083
-0.111049
-0.111365
-0.111125
-0.111505
-0.111031
-0.111246
-0.111381
-0.111123
-0.111491
-0.111286
-0.111402
-0.111464
-0.111355
-0.111532
-0.111209
-0.111134
-0.090680
-0.035859
-0.007405
-0.039967
-0.095095
-0.093110
-0.103039
-0.104994
-0.104156
-0.107918
-0.106930
-0.108149
-0.107653
-0.108436
-0.108460
-0.108973
-0.108821
-0.109578
-0.109218
-0.108858
-0.109120
-0.109522
-0.109164
-0.108806
-0.109437
-0.107562
-0.103951
-0.111210
-0.109298
-0.108863
-0.108444
-0.106929
-0.111202
-0.110378
-0.111060
-0.110816
-0.110668
-0.111084
-0.110598
-0.110784
-0.110890
-0.110877
-0.110882
-0.110876
-0.110855
-0.110885
-0.110947
-0.110775
-0.111109
-0.110903
-0.110900
-0.111150
-0.110516
-0.110799
-0.109399
-0.111068
-0.110989
-0.111127
-0.110471
-0.111116
-0.110879
-0.111059
-0.111117
-0.111085
-0.111149
-0.111093
-0.111143
-0.111153
-0.111170
-0.111143
-0.111146
-0.111135
-0.111159
-0.111151
-0.111189
-0.111133
-0.111187
-0.111127
-0.111156
-0.111149
-0.110931
-0.111239
-0.110559
-0.111616
-0.111438
-0.111066
-0.110677
-0.111085
-0.110999
-0.111244
-0.111094
-0.111321
-0.111324
-0.111211
-0.111296
-0.111244
-0.111222
-0.111247
-0.111242
-0.111239
-0.100630
0.130194
-0.018454
-0.035853
-0.073913
-0.097126
-0.102199
-0.104081
-0.105073
-0.106471
-0.106959
-0.107134
-0.107172
-0.107642
-0.108400
-0.108546
-0.108341
-0.108515
-0.109031
-0.109268
-0.108823
-0.108631
-0.108825
-0.109371
-0.106498
-0.106469
-0.105296
-0.106875
-0.109266
-0.107433
-0.110822
-0.105915
-0.110345
-0.110044
-0.110158
-0.110066
-0.110401
-0.110595
-0.110439
-0.110360
-0.110535
-0.110711
-0.110642
-0.110540
-0.110623
-0.110810
-0.110786
-0.110643
-0.110733
-0.110982
-0.111053
-0.110930
-0.110338
-0.111189
-0.110066
-0.110386
-0.109853
-0.110813
-0.110747
-0.109820
-0.110796
-0.110412
-0.110578
-0.110681
-0.110828
-0.110759
-0.110736
-0.110814
-0.110881
-0.110840
-0.110793
-0.110846
-0.110918
-0.110898
-0.110844
-0.110867
-0.110958
-0.110946
-0.110863
-0.110838
-0.110949
-0.110786
-0.110854
-0.110783
-0.110260
-0.111133
-0.111226
-0.111012
-0.110635
-0.111080
-0.111297
-0.110888
-0.111117
-0.110999
-0.110997
-0.110997
-0.110998
-0.110991
-0.110987
-0.110997
-0.027799
0.250382
0.047778
-0.101229
-0.080265
-0.095639
-0.099075
-0.102393
-0.103418
-0.105115
-0.105795
-0.106403
-0.106629
-0.107138
-0.107622
-0.107932
-0.108085
-0.108341
-0.108703
-0.108479
-0.108955
-0.109108
-0.109378
-0.110598
-0.111100
-0.107698
-0.102789
-0.106919
-0.104690
-0.099527
-0.106077
-0.109161
-0.108800
-0.110427
-0.110533
-0.110288
-0.110177
-0.110350
-0.110177
-0.110233
-0.110255
-0.110304
-0.110324
-0.110319
-0.110332
-0.110359
-0.110403
-0.110334
-0.110449
-0.110424
-0.110399
-0.110295
-0.110207
-0.109513
-0.109439
-0.110596
-0.109498
-0.109222
-0.109973
-0.111384
-0.111322
-0.110685
-0.110743
-0.110752
-0.110765
-0.110780
-0.110765
-0.110799
-0.110808
-0.110800
-0.110792
-0.110804
-0.110820
-0.110816
-0.110813
-0.110819
-0.110826
-0.110801
-0.110783
-0.110747
-0.110854
-0.110801
-0.110735
-0.111036
-0.111403
-0.111100
-0.109676
-0.110605
-0.110890
-0.110415
-0.110658
-0.110922
-0.110948
-0.110914
-0.110929
-0.110913
-0.110902
-0.110915
-0.110905
-0.110912
