-2.628449
0.965549
0.404748
-5.133836
-0.111172
-0.111174
0.239348
0.312956
1.238937
-0.942469
-0.111174
-0.111174
2.655917
1.113868
4.884574
-0.026505
-0.111175
-0.111178
-0.089115
1.136666
1.967199
-2.270852
-0.111174
-0.111178
-0.147980
2.704699
4.264252
-5.347133
-0.111174
-0.111178
-0.150574
0.674872
1.241207
-1.548471
-0.111173
-0.111178
13.755795
-0.110598
13.756647
13.754780
-0.111175
-0.111177
9.417791
2.446506
12.934489
5.250550
-0.111174
-0.111179
2.407385
0.372047
0.004942
-0.020150
-0.096573
-0.044187
-0.038882
0.008512
-0.046891
0.100105
-0.058620
-0.002254
-0.009660
-0.062027
0.089970
0.004298
-0.086345
0.033046
0.071746
-0.048209
-0.078679
0.019228
0.008417
-0.063956
-0.026626
0.031894
-0.059414
-0.067479
-0.072903
-0.044600
-0.058185
-0.061092
-0.052845
-0.065698
-0.083260
-0.021959
-0.070920
-0.074427
-0.087673
-0.088500
-0.077600
-0.074440
-0.106392
-0.085895
-0.058935
-0.088759
-0.099414
-0.109862
-0.092576
-0.092334
-0.099450
-0.104156
-0.103129
-0.105112
-0.105505
-0.106879
-0.105536
-0.104770
-0.110093
-0.101185
-0.104642
-0.104982
-0.103906
-0.106082
-0.102379
-0.108265
-0.106414
-0.100887
-0.107419
-0.100316
-0.100712
-0.095449
-0.104650
-0.106294
-0.102646
-0.096866
-0.091646
-0.107658
-0.103323
-0.097024
-0.095034
-0.096035
-0.093387
-0.109291
-0.104661
-0.103961
-0.098480
-0.103968
-0.106776
-0.101773
-0.101503
-0.107612
-0.103919
-0.101274
-0.100315
-0.099961
-0.099850
-0.107625
-0.105964
-0.097015
0.242009
0.006934
-0.046361
-0.093196
-0.081420
-0.021613
-0.097555
-0.069938
-0.094552
-0.021507
-0.073704
-0.095276
-0.058759
-0.086782
-0.086580
-0.053526
-0.068562
-0.072773
-0.049461
-0.056968
-0.053129
-0.039853
-0.087203
-0.058087
-0.047058
-0.060646
-0.044703
-0.083253
-0.092706
-0.086939
-0.089964
-0.074449
-0.093449
-0.067475
-0.107760
-0.095604
-0.099185
-0.067372
-0.106852
-0.094381
-0.086486
-0.101304
-0.098305
-0.099432
-0.099506
-0.104634
-0.106273
-0.108612
-0.102974
-0.105559
-0.105966
-0.107066
-0.105281
-0.110058
-0.110363
-0.109963
-0.109553
-0.108342
-0.108660
-0.110415
-0.109982
-0.109254
-0.107589
-0.110228
-0.109979
-0.109578
-0.109219
-0.105931
-0.108705
-0.106516
-0.109250
-0.110085
-0.109507
-0.106953
-0.106605
-0.110087
-0.105829
-0.105239
-0.109162
-0.103254
-0.101126
-0.110700
-0.102156
-0.107449
-0.104988
-0.107982
-0.109430
-0.110289
-0.109946
-0.106954
-0.109702
-0.106187
-0.107504
-0.105700
-0.106753
-0.106089
-0.105789
-0.108156
-0.106618
-0.107066
2.652884
0.691079
0.052767
-0.076628
-0.040528
-0.066089
-0.084250
-0.038835
-0.059080
-0.039860
-0.081729
-0.057709
-0.085376
-0.091659
-0.011537
-0.066668
-0.093230
-0.096922
-0.077388
-0.098913
-0.068019
-0.023461
-0.063666
-0.082823
-0.056979
-0.037026
-0.065439
-0.088163
-0.096306
-0.080773
-0.074734
-0.075280
-0.088128
-0.073011
-0.097341
-0.067474
-0.077077
-0.088275
-0.106431
-0.101530
-0.094381
-0.102316
-0.103879
-0.100127
-0.094630
-0.098455
-0.097582
-0.107569
-0.099676
-0.106637
-0.101477
-0.107581
-0.108125
-0.107940
-0.108737
-0.107140
-0.108228
-0.104096
-0.110066
-0.104461
-0.104080
-0.105153
-0.108215
-0.104321
-0.104043
-0.110811
-0.107334
-0.107411
-0.106841
-0.105411
-0.106695
-0.103087
-0.105111
-0.108233
-0.105485
-0.107600
-0.104607
-0.108686
-0.107440
-0.100105
-0.101233
-0.102188
-0.102335
-0.108675
-0.107940
-0.104996
-0.103213
-0.106880
-0.108106
-0.103779
-0.104249
-0.109056
-0.106716
-0.106138
-0.105475
-0.104544
-0.102207
-0.107461
-0.107666
-0.103677
-0.095079
0.748569
0.023537
-0.062617
-0.052494
-0.062505
-0.086395
-0.080249
-0.091743
-0.049463
-0.095460
-0.080588
-0.102452
-0.092177
-0.097682
-0.095125
-0.090862
-0.093994
-0.089629
-0.094786
-0.091984
-0.091589
-0.083670
-0.096538
-0.097625
-0.088798
-0.103118
-0.106451
-0.107345
-0.106504
-0.103763
-0.105554
-0.102187
-0.103135
-0.103214
-0.097333
-0.106677
-0.103909
-0.105424
-0.102101
-0.108583
-0.108776
-0.107849
-0.109376
-0.108533
-0.108246
-0.105727
-0.109464
-0.105531
-0.110233
-0.109036
-0.109150
-0.109904
-0.107934
-0.108609
-0.109667
-0.107641
-0.108176
-0.106725
-0.108002
-0.110534
-0.110002
-0.109533
-0.110266
-0.110013
-0.110086
-0.109034
-0.110329
-0.110449
-0.109845
-0.109914
-0.110795
-0.109967
-0.108311
-0.110105
-0.110241
-0.110039
-0.109643
-0.110336
-0.109837
-0.107768
-0.109793
-0.109523
-0.110121
-0.110808
-0.109856
-0.109791
-0.110767
-0.110616
-0.110445
-0.109489
-0.109679
-0.110534
-0.111071
-0.110772
-0.109425
-0.109751
-0.110396
-0.110213
-0.110877
-0.065299
1.833254
0.054469
0.064712
-0.063858
0.053980
-0.041144
-0.024297
-0.005881
0.008415
-0.055818
-0.018547
-0.097753
-0.095178
-0.019083
-0.067130
-0.097140
-0.079646
-0.063069
-0.082635
-0.071633
-0.059408
-0.055021
-0.077026
-0.079461
-0.053400
-0.085155
-0.093808
-0.093422
-0.096221
-0.097796
-0.103097
-0.075014
-0.103257
-0.102877
-0.090274
-0.088126
-0.092057
-0.106692
-0.101035
-0.103584
-0.096733
-0.105415
-0.101619
-0.095726
-0.107663
-0.099447
-0.107714
-0.100696
-0.105637
-0.103612
-0.101345
-0.106680
-0.106401
-0.110248
-0.105194
-0.104536
-0.106484
-0.101345
-0.099000
-0.105295
-0.110065
-0.107992
-0.108266
-0.107907
-0.105991
-0.108651
-0.108812
-0.108362
-0.106442
-0.108034
-0.106464
-0.108971
-0.107951
-0.110005
-0.108182
-0.106311
-0.110039
-0.107251
-0.106954
-0.104923
-0.107889
-0.110337
-0.106040
-0.107310
-0.110121
-0.109163
-0.109956
-0.109554
-0.110501
-0.108316
-0.108716
-0.108022
-0.107899
-0.108576
-0.108839
-0.108726
-0.109784
-0.109407
-0.106212
-0.070204
0.422056
-0.027639
-0.046540
-0.100609
-0.072476
-0.096859
-0.105733
-0.094621
-0.086717
-0.088828
-0.099152
-0.079842
-0.089588
-0.096080
-0.090331
-0.078785
-0.105523
-0.081782
-0.083558
-0.089304
-0.095316
-0.090592
-0.095237
-0.093865
-0.091158
-0.094583
-0.104386
-0.095686
-0.102149
-0.103149
-0.100660
-0.107262
-0.095903
-0.109095
-0.109234
-0.106863
-0.098038
-0.104608
-0.101565
-0.102837
-0.108911
-0.100940
-0.110171
-0.105281
-0.108418
-0.109400
-0.109675
-0.109912
-0.108610
-0.108604
-0.108287
-0.108273
-0.110130
-0.109777
-0.110255
-0.108648
-0.109300
-0.110025
-0.106159
-0.108468
-0.109641
-0.109109
-0.109765
-0.109718
-0.109922
-0.110583
-0.108341
-0.109705
-0.107818
-0.110204
-0.109721
-0.110822
-0.110075
-0.108633
-0.110266
-0.107798
-0.108681
-0.109664
-0.109179
-0.107973
-0.110237
-0.109542
-0.108549
-0.108394
-0.109050
-0.109118
-0.110598
-0.110618
-0.109036
-0.109447
-0.110071
-0.108639
-0.109382
-0.108593
-0.109508
-0.110260
-0.109482
-0.109691
-0.108316
-1.755593
0.095941
-1.366031
-2.166842
-0.111174
-0.111177
-0.251719
0.088807
0.142444
-0.579754
-0.111173
-0.111177
3.168988
0.094955
3.553999
2.832338
-0.111173
-0.111178
-0.072143
0.484184
0.948238
-0.850247
-0.111173
-0.111179
-0.095406
0.220762
0.718679
-0.625141
-0.111172
-0.111174
-0.092570
0.565729
0.862886
-1.145161
-0.111174
-0.111179
8.315786
0.260331
8.775021
7.716165
-0.111175
-0.111179
1.532670
-0.006294
-0.043516
-0.057510
-0.090861
-0.092732
-0.093329
-0.105392
-0.106578
-0.105891
-0.099205
-0.100452
-0.091397
-0.099279
-0.094804
-0.099669
-0.098984
-0.102597
-0.101518
-0.108416
-0.105942
-0.107989
-0.108327
-0.108300
-0.106591
-0.108935
-0.107879
-0.104586
-0.108530
-0.110018
-0.108279
-0.108462
-0.107914
-0.109136
-0.110271
-0.109292
-0.110544
-0.110190
-0.110449
-0.108942
-0.110455
-0.107373
-0.110681
-0.107665
-0.109600
-0.109266
-0.109805
-0.109413
-0.110206
-0.109644
-0.110321
-0.110622
-0.110565
-0.109939
-0.110418
-0.111110
-0.109032
-0.110810
-0.110671
-0.110078
-0.110416
-0.110814
-0.110508
-0.110840
-0.110962
-0.110708
-0.110706
-0.110989
-0.110653
-0.110675
-0.110231
-0.110540
-0.109969
-0.111101
-0.110371
-0.110734
-0.110741
-0.110674
-0.110739
-0.111010
-0.111069
-0.110892
-0.110964
-0.110736
-0.111048
-0.110324
-0.110754
-0.111003
-0.110696
-0.110966
-0.111059
-0.110966
-0.111019
-0.111026
-0.110833
-0.111069
-0.110991
-0.110711
-0.110893
-0.110838
0.028351
0.011776
-0.074677
-0.067136
-0.082287
-0.095388
-0.101916
-0.106903
-0.105338
-0.108199
-0.103524
-0.106780
-0.103170
-0.106194
-0.105685
-0.106042
-0.110838
-0.105590
-0.109291
-0.106449
-0.110357
-0.108881
-0.109880
-0.109422
-0.108489
-0.108630
-0.106416
-0.109827
-0.108207
-0.110121
-0.108809
-0.108424
-0.108968
-0.108813
-0.110120
-0.110224
-0.110838
-0.110884
-0.110530
-0.110677
-0.110258
-0.110318
-0.109634
-0.110335
-0.110393
-0.110545
-0.110197
-0.111025
-0.110119
-0.110943
-0.110667
-0.110931
-0.110769
-0.110553
-0.110803
-0.110081
-0.110729
-0.110569
-0.110887
-0.110851
-0.110330
-0.110805
-0.110582
-0.111129
-0.110749
-0.111156
-0.111046
-0.111040
-0.111110
-0.110855
-0.111037
-0.110494
-0.110999
-0.111015
-0.110693
-0.110794
-0.110966
-0.110715
-0.110956
-0.110917
-0.110926
-0.110859
-0.110847
-0.111068
-0.111000
-0.110697
-0.110770
-0.111026
-0.111004
-0.110926
-0.110834
-0.110774
-0.111047
-0.110893
-0.111019
-0.111018
-0.111051
-0.110955
-0.111150
-0.111020
3.169748
0.014822
-0.058059
-0.073112
-0.087184
-0.099278
-0.104313
-0.106902
-0.107542
-0.107049
-0.110659
-0.108662
-0.104698
-0.107025
-0.107136
-0.109258
-0.105936
-0.108263
-0.110209
-0.108958
-0.109240
-0.108922
-0.108772
-0.108917
-0.109551
-0.108983
-0.108520
-0.106168
-0.108129
-0.110970
-0.108131
-0.109806
-0.108643
-0.109018
-0.109740
-0.110901
-0.110364
-0.110540
-0.110650
-0.110579
-0.110400
-0.110231
-0.111044
-0.110220
-0.110557
-0.110145
-0.110955
-0.110430
-0.110412
-0.110556
-0.110356
-0.110426
-0.110519
-0.110832
-0.111014
-0.110613
-0.109604
-0.110613
-0.110906
-0.110339
-0.110724
-0.110699
-0.110612
-0.110606
-0.111052
-0.110790
-0.110992
-0.111120
-0.110873
-0.111017
-0.111037
-0.110907
-0.110876
-0.110824
-0.110946
-0.110925
-0.110766
-0.110895
-0.110854
-0.110712
-0.110899
-0.110909
-0.111149
-0.111061
-0.110806
-0.110472
-0.110932
-0.110856
-0.110827
-0.110967
-0.111158
-0.110980
-0.110772
-0.110978
-0.111016
-0.110989
-0.111006
-0.111084
-0.111037
-0.111066
-0.074244
0.304152
-0.071599
-0.071919
-0.083747
-0.110146
-0.106343
-0.106085
-0.107872
-0.108020
-0.108140
-0.107471
-0.108279
-0.108961
-0.108385
-0.109069
-0.109207
-0.108866
-0.109709
-0.109099
-0.109225
-0.110143
-0.109117
-0.109764
-0.109046
-0.109543
-0.107572
-0.105855
-0.102484
-0.109459
-0.103686
-0.106284
-0.107853
-0.110360
-0.108983
-0.110386
-0.109831
-0.109890
-0.110266
-0.109982
-0.110379
-0.110112
-0.110102
-0.110380
-0.110073
-0.110285
-0.110273
-0.110142
-0.110396
-0.110078
-0.110231
-0.110414
-0.110088
-0.110581
-0.110200
-0.109586
-0.110518
-0.110140
-0.109521
-0.108818
-0.109610
-0.110388
-0.110195
-0.110169
-0.110175
-0.110501
-0.110209
-0.110340
-0.110388
-0.110247
-0.110438
-0.110291
-0.110332
-0.110417
-0.110264
-0.110429
-0.110332
-0.110317
-0.110483
-0.110215
-0.110470
-0.110405
-0.110000
-0.110470
-0.110614
-0.110096
-0.109680
-0.110241
-0.110097
-0.110666
-0.110467
-0.110192
-0.110620
-0.110363
-0.110374
-0.110519
-0.110318
-0.110445
-0.110418
-0.110354
-0.091619
0.084928
0.007792
-0.083245
-0.086685
-0.083233
-0.094069
-0.098949
-0.100836
-0.101702
-0.102411
-0.102941
-0.103976
-0.104465
-0.105069
-0.105206
-0.105744
-0.106022
-0.106329
-0.106494
-0.106861
-0.106897
-0.107126
-0.107001
-0.109423
-0.107689
-0.108716
-0.108619
-0.105356
-0.105734
-0.102287
-0.106005
-0.108869
-0.108949
-0.108472
-0.109279
-0.108866
-0.108830
-0.108950
-0.108989
-0.109028
-0.109045
-0.109091
-0.109122
-0.109170
-0.109190
-0.109240
-0.109295
-0.109280
-0.109285
-0.109376
-0.109369
-0.109583
-0.109215
-0.109412
-0.109195
-0.108531
-0.108709
-0.109659
-0.109846
-0.110110
-0.109494
-0.109675
-0.109828
-0.109478
-0.109681
-0.109694
-0.109712
-0.109752
-0.109759
-0.109764
-0.109787
-0.109797
-0.109816
-0.109823
-0.109835
-0.109833
-0.109869
-0.109876
-0.109899
-0.109900
-0.109848
-0.110025
-0.109777
-0.109699
-0.109563
-0.110483
-0.110126
-0.109922
-0.109663
-0.109884
-0.109866
-0.109837
-0.109984
-0.109937
-0.109959
-0.109940
-0.109940
-0.109946
-0.109955
-0.096705
0.354910
-0.003044
-0.100239
-0.101831
-0.100303
-0.106220
-0.108916
-0.108727
-0.109559
-0.109725
-0.109850
-0.110105
-0.109817
-0.110193
-0.110055
-0.110254
-0.110379
-0.110351
-0.110578
-0.110318
-0.110370
-0.110579
-0.110665
-0.108951
-0.109807
-0.110838
-0.103138
-0.102628
-0.107293
-0.099700
-0.108151
-0.109334
-0.110047
-0.110932
-0.109854
-0.110412
-0.110276
-0.110433
-0.110402
-0.110404
-0.110531
-0.110388
-0.110512
-0.110481
-0.110468
-0.110543
-0.110492
-0.110544
-0.110506
-0.110486
-0.110576
-0.110513
-0.110182
-0.110967
-0.110601
-0.109437
-0.109699
-0.109184
-0.108112
-0.110386
-0.110725
-0.110877
-0.110787
-0.110627
-0.110707
-0.110666
-0.110633
-0.110670
-0.110616
-0.110666
-0.110633
-0.110618
-0.110659
-0.110594
-0.110638
-0.110621
-0.110593
-0.110635
-0.110578
-0.110542
-0.110500
-0.110251
-0.110847
-0.110729
-0.110131
-0.110060
-0.110247
-0.109999
-0.110793
-0.110839
-0.110682
-0.110735
-0.110821
-0.110709
-0.110760
-0.110697
-0.110726
-0.110725
-0.110692
