-2.541486
0.863358
-0.503630
-5.787155
-0.112565
-0.112563
0.232422
0.248046
1.400254
-0.644316
-0.112563
-0.112563
2.659748
0.866814
5.654610
-0.104946
-0.112564
-0.112563
-0.284017
1.038612
1.636381
-2.218252
-0.112564
-0.112568
-0.104897
2.464760
4.561474
-4.638109
-0.112564
-0.112568
-0.141960
0.627039
1.181577
-1.285203
-0.112563
-0.112568
13.607266
-0.108685
13.614003
13.602519
-0.112562
-0.112569
9.196949
2.496755
13.113476
4.785741
-0.112564
-0.112569
2.314857
0.249105
0.035886
0.011013
-0.082297
-0.100854
-0.080531
-0.006119
0.041290
0.097314
-0.094698
0.011921
-0.055799
-0.001781
0.011992
-0.085755
-0.008781
0.028080
-0.014507
-0.017720
-0.079738
-0.027786
-0.052724
0.006428
-0.067037
0.007335
-0.082282
-0.062022
-0.034977
-0.066030
0.000503
-0.022007
-0.090959
0.017937
-0.059003
-0.070019
-0.022030
-0.031636
-0.078516
-0.103930
-0.102606
-0.075379
-0.068416
-0.066917
-0.101140
-0.082195
-0.086058
-0.095568
-0.084688
-0.078860
-0.095239
-0.098956
-0.109350
-0.090035
-0.093121
-0.093829
-0.107378
-0.108183
-0.104829
-0.100725
-0.098510
-0.103966
-0.107828
-0.103364
-0.105872
-0.109949
-0.103514
-0.105620
-0.106728
-0.106360
-0.103258
-0.107942
-0.108024
-0.103840
-0.108019
-0.106803
-0.100034
-0.103062
-0.103555
-0.100756
-0.107593
-0.102302
-0.109980
-0.101898
-0.093637
-0.110467
-0.093808
-0.105948
-0.099949
-0.102575
-0.104987
-0.102683
-0.098814
-0.098809
-0.101144
-0.097543
-0.090758
-0.094571
-0.101801
-0.099468
0.232275
-0.035464
-0.052877
-0.093368
-0.069840
-0.065101
-0.103553
-0.027776
-0.049685
-0.001201
-0.085940
-0.039053
-0.081863
-0.068141
-0.083816
-0.092618
-0.066345
-0.055557
-0.092361
-0.090629
-0.082433
-0.091176
-0.077030
-0.085288
-0.105612
-0.103112
-0.097715
-0.080124
-0.094855
-0.093087
-0.099441
-0.075634
-0.099243
-0.110781
-0.097887
-0.094310
-0.104954
-0.101460
-0.093835
-0.096857
-0.095154
-0.109120
-0.105589
-0.107656
-0.096775
-0.102119
-0.107447
-0.105454
-0.108877
-0.101721
-0.101777
-0.104912
-0.106458
-0.103423
-0.108619
-0.102690
-0.109604
-0.111548
-0.105862
-0.105577
-0.103617
-0.106095
-0.109213
-0.107846
-0.108029
-0.108785
-0.108366
-0.108403
-0.109327
-0.108703
-0.108595
-0.108731
-0.110305
-0.109106
-0.108820
-0.110104
-0.104476
-0.108036
-0.105294
-0.105743
-0.108229
-0.107399
-0.110961
-0.104579
-0.107099
-0.104568
-0.108046
-0.108241
-0.106210
-0.108696
-0.108258
-0.109445
-0.108091
-0.108607
-0.105609
-0.106784
-0.106772
-0.108241
-0.110916
-0.111212
2.657092
0.494188
0.014772
-0.057084
-0.019608
-0.080094
-0.092363
-0.076358
-0.073130
-0.029588
-0.079120
-0.074532
-0.070973
-0.098438
-0.095195
-0.075240
-0.067226
-0.028622
-0.079154
-0.072670
-0.084198
-0.051135
-0.091670
-0.065626
-0.090561
-0.047228
-0.088850
-0.065295
-0.071187
-0.055157
-0.051187
-0.037765
-0.090300
-0.027836
-0.072015
-0.068037
-0.059397
-0.053882
-0.098358
-0.099618
-0.090957
-0.082362
-0.086414
-0.086281
-0.106818
-0.095547
-0.097760
-0.104740
-0.101227
-0.094078
-0.103245
-0.102626
-0.110278
-0.107562
-0.106745
-0.108566
-0.102351
-0.107292
-0.106925
-0.104527
-0.107415
-0.108853
-0.109461
-0.109762
-0.111554
-0.110907
-0.106050
-0.109128
-0.107206
-0.107096
-0.105943
-0.109760
-0.108456
-0.107370
-0.110087
-0.106252
-0.110247
-0.110834
-0.108961
-0.109791
-0.106524
-0.107885
-0.108385
-0.107807
-0.103228
-0.111278
-0.103916
-0.109901
-0.104518
-0.109577
-0.106988
-0.106866
-0.105041
-0.104457
-0.101189
-0.106990
-0.095657
-0.101940
-0.101397
-0.102813
0.060166
0.664793
0.018858
-0.006351
-0.039983
-0.057925
-0.076829
-0.056691
-0.043204
-0.080361
-0.090107
-0.073192
-0.101909
-0.080613
-0.099491
-0.087077
-0.083864
-0.095356
-0.099406
-0.105410
-0.109004
-0.099170
-0.110643
-0.089603
-0.104352
-0.099879
-0.096310
-0.110763
-0.099024
-0.101889
-0.104298
-0.095016
-0.108131
-0.108069
-0.103311
-0.107260
-0.104854
-0.101642
-0.105310
-0.110825
-0.110275
-0.107627
-0.106877
-0.104181
-0.110092
-0.111479
-0.107559
-0.111960
-0.109647
-0.111339
-0.108146
-0.107190
-0.109001
-0.108308
-0.110701
-0.109412
-0.110693
-0.112133
-0.111024
-0.108114
-0.110249
-0.110801
-0.111599
-0.110970
-0.112065
-0.108591
-0.109728
-0.111065
-0.107412
-0.110691
-0.111133
-0.109544
-0.110010
-0.110418
-0.107861
-0.111662
-0.110849
-0.111339
-0.111749
-0.111104
-0.111183
-0.110669
-0.110693
-0.110956
-0.110993
-0.110826
-0.110798
-0.110315
-0.111182
-0.110989
-0.110325
-0.112062
-0.110431
-0.111438
-0.110897
-0.110974
-0.111218
-0.110333
-0.112195
-0.112195
-0.109936
1.653629
0.052796
0.127546
-0.006837
-0.063794
-0.008130
0.035167
0.016703
-0.066487
-0.049703
-0.052991
-0.044655
-0.093261
-0.099222
-0.067734
-0.077614
-0.060119
-0.095504
-0.081910
-0.110194
-0.072770
-0.091560
-0.075852
-0.091757
-0.092399
-0.087946
-0.087740
-0.084148
-0.089718
-0.085267
-0.056642
-0.086980
-0.092035
-0.081967
-0.099746
-0.074546
-0.086061
-0.089513
-0.109121
-0.105402
-0.108690
-0.094164
-0.098847
-0.104028
-0.105266
-0.102768
-0.107177
-0.108611
-0.104016
-0.107300
-0.104380
-0.110137
-0.109694
-0.107839
-0.109591
-0.109638
-0.108945
-0.111291
-0.103842
-0.107802
-0.109330
-0.109171
-0.108282
-0.109237
-0.105839
-0.106776
-0.107704
-0.101133
-0.106703
-0.111594
-0.106708
-0.108423
-0.108210
-0.102498
-0.109864
-0.109731
-0.109318
-0.110350
-0.110957
-0.111587
-0.109526
-0.111527
-0.111831
-0.107561
-0.109498
-0.108658
-0.109545
-0.111588
-0.109925
-0.109433
-0.110343
-0.109152
-0.109713
-0.107717
-0.105592
-0.108374
-0.104477
-0.111177
-0.109764
-0.081327
0.379499
-0.048575
-0.006254
-0.100124
-0.075218
-0.086046
-0.090090
-0.073340
-0.104872
-0.089351
-0.079272
-0.108258
-0.070161
-0.089593
-0.089617
-0.090820
-0.107355
-0.075218
-0.099991
-0.088371
-0.100528
-0.090908
-0.108140
-0.094631
-0.106851
-0.102190
-0.103680
-0.091611
-0.104953
-0.104189
-0.098789
-0.099182
-0.104892
-0.099927
-0.097424
-0.104283
-0.104655
-0.105491
-0.105628
-0.103138
-0.109986
-0.103665
-0.108506
-0.106027
-0.107002
-0.106412
-0.109833
-0.106887
-0.106087
-0.110057
-0.104501
-0.107230
-0.108341
-0.111623
-0.109032
-0.111483
-0.111483
-0.109483
-0.112397
-0.108701
-0.110681
-0.110006
-0.108887
-0.110726
-0.110337
-0.109112
-0.109576
-0.107465
-0.108613
-0.109961
-0.109094
-0.109637
-0.109820
-0.108004
-0.110428
-0.108320
-0.109288
-0.110413
-0.108581
-0.111110
-0.110482
-0.110347
-0.109873
-0.109488
-0.107706
-0.109693
-0.109793
-0.109456
-0.112137
-0.110101
-0.110535
-0.109766
-0.111644
-0.108034
-0.110096
-0.109435
-0.109511
-0.109473
-0.111356
-1.700567
0.266185
-0.822776
-2.218803
-0.112560
-0.112564
-0.205346
0.126455
0.354413
-0.686423
-0.112563
-0.112563
3.165862
0.125103
3.595128
2.700072
-0.112564
-0.112567
-0.092662
0.383609
0.766297
-0.916773
-0.112564
-0.112568
-0.128095
0.549120
1.317107
-1.072670
-0.112561
-0.112565
-0.065829
0.845750
1.517309
-1.649465
-0.112563
-0.112567
8.386294
0.668923
9.580668
7.110670
-0.112564
-0.112568
1.476951
0.053477
0.084699
-0.073256
-0.081326
-0.084965
-0.092345
-0.103918
-0.103800
-0.109205
-0.098724
-0.107349
-0.107762
-0.101444
-0.104929
-0.109760
-0.099941
-0.104674
-0.103813
-0.110346
-0.105776
-0.103030
-0.111303
-0.109765
-0.110052
-0.110793
-0.111431
-0.111178
-0.110966
-0.106050
-0.111582
-0.109362
-0.102627
-0.110955
-0.110457
-0.108908
-0.104029
-0.108575
-0.108361
-0.110205
-0.111641
-0.111209
-0.110808
-0.110563
-0.112255
-0.110802
-0.111450
-0.109627
-0.110520
-0.110609
-0.112191
-0.110007
-0.110745
-0.111186
-0.112224
-0.110377
-0.110847
-0.111255
-0.111524
-0.111111
-0.111263
-0.111432
-0.110937
-0.111267
-0.111774
-0.111288
-0.110847
-0.110967
-0.111576
-0.111307
-0.110998
-0.110441
-0.111758
-0.111227
-0.111061
-0.111486
-0.111688
-0.111248
-0.111179
-0.111944
-0.111819
-0.111453
-0.111073
-0.111579
-0.111470
-0.112059
-0.111117
-0.111068
-0.111071
-0.112112
-0.111539
-0.111611
-0.111727
-0.111888
-0.111449
-0.111781
-0.111573
-0.110425
-0.111358
-0.110859
-0.019951
0.026058
-0.076130
-0.043002
-0.065921
-0.092772
-0.104244
-0.106372
-0.111874
-0.110600
-0.109849
-0.111475
-0.106755
-0.106763
-0.110002
-0.109212
-0.109421
-0.104426
-0.109067
-0.110566
-0.110849
-0.107317
-0.111385
-0.111600
-0.110616
-0.111841
-0.111691
-0.112160
-0.110661
-0.110067
-0.106208
-0.109158
-0.109294
-0.109333
-0.111394
-0.109793
-0.111893
-0.108690
-0.110368
-0.110586
-0.112247
-0.111972
-0.112058
-0.112358
-0.112082
-0.112539
-0.111557
-0.112184
-0.112123
-0.112078
-0.111665
-0.111416
-0.111717
-0.112414
-0.112365
-0.111276
-0.112105
-0.112293
-0.112102
-0.112141
-0.112453
-0.112381
-0.112256
-0.111812
-0.111201
-0.111644
-0.111339
-0.111986
-0.111905
-0.111927
-0.112086
-0.111531
-0.112132
-0.112161
-0.112122
-0.112341
-0.112507
-0.112399
-0.112142
-0.112304
-0.112075
-0.112271
-0.112291
-0.112155
-0.111976
-0.112213
-0.112313
-0.112224
-0.112272
-0.112243
-0.112181
-0.112217
-0.112437
-0.112432
-0.112242
-0.112070
-0.112356
-0.112191
-0.112315
-0.112048
3.165412
-0.028471
0.020242
-0.071609
-0.090467
-0.090773
-0.102004
-0.108184
-0.109882
-0.110544
-0.103918
-0.110280
-0.107999
-0.104664
-0.102673
-0.107663
-0.105034
-0.110352
-0.105874
-0.109650
-0.105491
-0.106758
-0.110490
-0.110931
-0.110762
-0.112014
-0.111131
-0.111413
-0.111423
-0.108482
-0.108834
-0.109575
-0.107310
-0.110815
-0.112169
-0.109919
-0.108093
-0.109952
-0.110716
-0.111931
-0.111525
-0.112201
-0.112289
-0.112277
-0.111280
-0.112075
-0.111815
-0.111223
-0.111590
-0.111427
-0.111670
-0.111889
-0.111788
-0.111854
-0.111526
-0.111403
-0.111856
-0.112353
-0.112394
-0.112361
-0.112298
-0.112304
-0.112405
-0.111873
-0.111535
-0.111787
-0.111626
-0.112031
-0.112447
-0.111708
-0.111831
-0.111974
-0.112021
-0.112309
-0.112220
-0.112496
-0.112282
-0.112186
-0.112162
-0.112281
-0.112382
-0.112014
-0.112344
-0.112110
-0.112339
-0.112144
-0.112343
-0.112261
-0.112115
-0.112092
-0.112243
-0.112560
-0.112395
-0.112359
-0.112315
-0.112464
-0.112425
-0.112136
-0.112184
-0.112107
-0.091775
0.201019
0.032086
-0.066918
-0.108244
-0.085230
-0.104535
-0.107188
-0.107115
-0.108283
-0.108838
-0.109497
-0.109440
-0.109988
-0.109957
-0.109918
-0.110372
-0.110879
-0.110440
-0.110438
-0.111481
-0.110997
-0.110426
-0.111079
-0.111702
-0.110772
-0.111383
-0.111893
-0.111681
-0.107818
-0.110592
-0.110044
-0.105175
-0.108236
-0.109236
-0.106876
-0.108199
-0.108036
-0.110500
-0.111766
-0.111303
-0.111525
-0.112155
-0.111648
-0.111465
-0.111919
-0.111929
-0.111595
-0.111837
-0.112024
-0.111694
-0.111748
-0.112055
-0.111827
-0.111689
-0.111992
-0.112026
-0.111699
-0.111825
-0.112208
-0.111625
-0.111615
-0.111909
-0.112063
-0.112098
-0.112402
-0.110307
-0.111941
-0.112100
-0.110543
-0.111997
-0.111734
-0.111649
-0.111659
-0.112276
-0.111862
-0.111832
-0.112150
-0.112081
-0.111875
-0.112040
-0.112148
-0.111938
-0.111982
-0.112190
-0.112014
-0.111937
-0.112171
-0.112099
-0.111895
-0.112058
-0.112263
-0.111899
-0.111942
-0.112400
-0.111911
-0.111476
-0.111556
-0.112023
-0.111694
-0.094777
0.289552
0.101227
-0.035164
-0.051350
-0.093443
-0.100370
-0.105273
-0.108845
-0.109015
-0.109027
-0.109431
-0.109980
-0.109368
-0.109965
-0.110630
-0.110480
-0.110257
-0.110855
-0.110918
-0.110653
-0.110971
-0.111159
-0.110889
-0.110990
-0.111568
-0.110936
-0.110856
-0.111678
-0.110609
-0.105014
-0.106080
-0.102572
-0.106594
-0.109771
-0.102630
-0.106190
-0.107588
-0.111191
-0.109714
-0.111201
-0.111371
-0.111069
-0.111356
-0.111580
-0.111357
-0.111413
-0.111774
-0.111602
-0.111500
-0.111713
-0.111804
-0.111585
-0.111708
-0.111872
-0.111731
-0.111744
-0.111993
-0.111869
-0.111722
-0.112092
-0.112052
-0.111836
-0.111416
-0.110411
-0.110606
-0.110685
-0.111630
-0.110728
-0.110870
-0.110521
-0.110936
-0.111623
-0.111789
-0.111661
-0.111889
-0.111961
-0.111766
-0.111829
-0.111987
-0.111850
-0.111804
-0.111978
-0.111935
-0.111818
-0.111921
-0.112012
-0.111853
-0.111889
-0.112030
-0.111901
-0.111806
-0.112029
-0.112007
-0.111663
-0.112049
-0.111784
-0.111811
-0.110915
-0.111916
-0.064583
0.492084
0.186266
-0.086462
-0.097296
-0.091651
-0.106076
-0.106895
-0.110794
-0.111557
-0.112101
-0.111526
-0.112226
-0.111995
-0.111839
-0.112004
-0.112364
-0.112106
-0.112147
-0.112354
-0.112203
-0.112211
-0.111918
-0.111989
-0.111887
-0.112011
-0.111773
-0.112489
-0.111446
-0.108456
-0.108072
-0.107711
-0.097553
-0.103514
-0.108448
-0.099870
-0.103212
-0.110796
-0.111881
-0.111155
-0.111906
-0.112048
-0.111701
-0.111943
-0.112234
-0.112041
-0.111992
-0.112280
-0.112288
-0.112037
-0.112176
-0.112435
-0.112172
-0.112153
-0.112423
-0.112291
-0.112125
-0.112247
-0.112445
-0.112177
-0.112228
-0.112402
-0.112265
-0.111108
-0.110889
-0.110717
-0.108739
-0.111172
-0.110874
-0.109820
-0.110586
-0.111606
-0.112073
-0.112187
-0.112048
-0.112358
-0.112378
-0.112204
-0.112263
-0.112464
-0.112283
-0.112250
-0.112430
-0.112380
-0.112249
-0.112347
-0.112478
-0.112298
-0.112293
-0.112497
-0.112341
-0.112200
-0.112325
-0.112480
-0.112170
-0.112085
-0.112077
-0.111208
-0.111363
-0.111360
