-2.634114
1.108728
0.650417
-6.008270
-0.114032
-0.114033
0.080176
0.355632
1.307843
-1.064867
-0.114034
-0.114035
2.597068
1.068250
5.334596
-0.001779
-0.114033
-0.114035
-0.068594
1.132001
2.009218
-2.415649
-0.114033
-0.114038
-0.276545
2.667659
4.854459
-5.523564
-0.114033
-0.114038
-0.118306
0.793660
1.596752
-1.742014
-0.114033
-0.114037
13.742468
-0.113015
13.744742
13.740984
-0.114033
-0.114037
8.960126
2.324124
12.520003
4.943535
-0.114034
-0.114038
2.402922
0.312417
-0.013622
-0.014694
-0.055141
-0.014794
-0.012080
0.101995
0.041248
-0.022741
-0.050220
0.007539
-0.102869
0.042575
0.079065
-0.005524
0.031802
-0.100098
0.032638
-0.046207
0.081883
-0.002750
-0.067862
0.107399
0.050383
-0.065727
0.032938
0.028448
0.005102
0.037435
-0.034302
-0.106206
-0.045338
0.007211
-0.023328
0.000310
-0.075696
-0.086443
-0.042870
0.009440
-0.068947
-0.111478
-0.068506
-0.088770
-0.060711
-0.092854
-0.080246
-0.091384
-0.073200
-0.101801
-0.100616
-0.109068
-0.096430
-0.107208
-0.104257
-0.104803
-0.104251
-0.101804
-0.102981
-0.110242
-0.112715
-0.109066
-0.109976
-0.110912
-0.107333
-0.109198
-0.111869
-0.108476
-0.107063
-0.107006
-0.108320
-0.113185
-0.111153
-0.111176
-0.113007
-0.105471
-0.107972
-0.110704
-0.105795
-0.102921
-0.098145
-0.102260
-0.097307
-0.099206
-0.107244
-0.099945
-0.102752
-0.096600
-0.084367
-0.103489
-0.101458
-0.089872
-0.089717
-0.112348
-0.095280
-0.103653
-0.106308
-0.099967
-0.100937
-0.084242
0.079015
0.009164
-0.020185
-0.098884
-0.056280
-0.086595
-0.091892
-0.030019
-0.072765
-0.021566
-0.069029
-0.025795
-0.078535
-0.074817
-0.074250
-0.061702
-0.090203
-0.100213
-0.073274
-0.086328
-0.046348
-0.095060
-0.058219
-0.051206
-0.089224
-0.067809
-0.064638
-0.082528
-0.078216
-0.049119
-0.054971
-0.058870
-0.072047
-0.067121
-0.077452
-0.102478
-0.060652
-0.083745
-0.105021
-0.081650
-0.095401
-0.106396
-0.091360
-0.094567
-0.107043
-0.109486
-0.105116
-0.108555
-0.105558
-0.107504
-0.104925
-0.108077
-0.107407
-0.105679
-0.107366
-0.109290
-0.112023
-0.111629
-0.111014
-0.113313
-0.112729
-0.112193
-0.113674
-0.111780
-0.111265
-0.112198
-0.113739
-0.113834
-0.112536
-0.111262
-0.111322
-0.110518
-0.113357
-0.107264
-0.110886
-0.111043
-0.111809
-0.108437
-0.112441
-0.112844
-0.110486
-0.111045
-0.109604
-0.111627
-0.106234
-0.109190
-0.109835
-0.109633
-0.112240
-0.107883
-0.108736
-0.103995
-0.105704
-0.107590
-0.110133
-0.105655
-0.105021
-0.110866
-0.104082
-0.107314
2.594210
0.606597
0.033161
-0.093072
-0.058971
-0.074717
-0.094955
-0.045741
-0.087905
-0.074867
-0.073059
-0.080604
-0.103467
-0.048772
-0.017632
-0.063493
-0.090990
-0.103235
-0.049446
-0.044774
-0.015164
-0.073698
-0.086340
0.046100
-0.063323
-0.029836
-0.015720
-0.011025
-0.028742
-0.068506
-0.060691
-0.068422
-0.082300
-0.069748
-0.054672
-0.036809
-0.070977
-0.071244
-0.078337
-0.025083
-0.079946
-0.104446
-0.100363
-0.087575
-0.093830
-0.101382
-0.105450
-0.099375
-0.094275
-0.107174
-0.109933
-0.106541
-0.103302
-0.108961
-0.108530
-0.109337
-0.113014
-0.109659
-0.107694
-0.111910
-0.111526
-0.111113
-0.109481
-0.110644
-0.110499
-0.109108
-0.109453
-0.110076
-0.109704
-0.107890
-0.110398
-0.109202
-0.111969
-0.110392
-0.112266
-0.110601
-0.108726
-0.109580
-0.110519
-0.108811
-0.105924
-0.105854
-0.104723
-0.112209
-0.110323
-0.105285
-0.112018
-0.098003
-0.096019
-0.103390
-0.103178
-0.105318
-0.098768
-0.109300
-0.107293
-0.111829
-0.104593
-0.104121
-0.108749
-0.093264
-0.070955
0.744724
0.004089
-0.066436
-0.083259
-0.100662
-0.061811
-0.091242
-0.061118
-0.074792
-0.103384
-0.089894
-0.096963
-0.075303
-0.100772
-0.101328
-0.104431
-0.106964
-0.092975
-0.108873
-0.089580
-0.104945
-0.106333
-0.085631
-0.097006
-0.099600
-0.104367
-0.089200
-0.111159
-0.089966
-0.082625
-0.097328
-0.082606
-0.090416
-0.113387
-0.099295
-0.107096
-0.105431
-0.107518
-0.104398
-0.112140
-0.109017
-0.103774
-0.111578
-0.110131
-0.112783
-0.111312
-0.110921
-0.110844
-0.109070
-0.112805
-0.111118
-0.112411
-0.110539
-0.111369
-0.113443
-0.112653
-0.113462
-0.112687
-0.111352
-0.112187
-0.109969
-0.112018
-0.110484
-0.111058
-0.112799
-0.112400
-0.112078
-0.112181
-0.112640
-0.111312
-0.112703
-0.112938
-0.112576
-0.110838
-0.111234
-0.112501
-0.112664
-0.111984
-0.111285
-0.112973
-0.112296
-0.112003
-0.112989
-0.112647
-0.109975
-0.111457
-0.113087
-0.112184
-0.109882
-0.111252
-0.112744
-0.111635
-0.110887
-0.109379
-0.110535
-0.111108
-0.112199
-0.112133
-0.112535
0.044069
1.780047
-0.007782
0.182417
-0.043256
-0.074123
-0.009561
0.047745
0.039722
-0.076564
-0.098289
-0.026207
-0.065794
-0.026123
0.000461
-0.054532
-0.033126
-0.089602
-0.087228
-0.095754
-0.031962
-0.064173
-0.074504
-0.019191
-0.035964
-0.068208
-0.096860
-0.065642
-0.085603
-0.069984
-0.088029
-0.047701
-0.086632
-0.079990
-0.076412
-0.078723
-0.095327
-0.085597
-0.073463
-0.071532
-0.094550
-0.101316
-0.094519
-0.110467
-0.106272
-0.107107
-0.093096
-0.098592
-0.092903
-0.103655
-0.105144
-0.105996
-0.111157
-0.109818
-0.106406
-0.105317
-0.106856
-0.108669
-0.108905
-0.099349
-0.109869
-0.108543
-0.105716
-0.107340
-0.102745
-0.101673
-0.105284
-0.105056
-0.106193
-0.105763
-0.104200
-0.106769
-0.105605
-0.104085
-0.104985
-0.103407
-0.105000
-0.103655
-0.103437
-0.100095
-0.108548
-0.105748
-0.101157
-0.101669
-0.103788
-0.100613
-0.104652
-0.108179
-0.104812
-0.101871
-0.104649
-0.107738
-0.100576
-0.097787
-0.102955
-0.105528
-0.099436
-0.102473
-0.108766
-0.102326
-0.109856
0.506151
-0.071543
-0.037779
-0.067458
-0.094462
-0.107016
-0.092300
-0.072425
-0.086289
-0.088554
-0.090183
-0.099752
-0.081231
-0.111604
-0.097050
-0.106515
-0.096841
-0.106043
-0.099978
-0.075544
-0.106860
-0.105932
-0.091475
-0.085084
-0.103769
-0.091085
-0.087874
-0.082883
-0.095421
-0.107100
-0.090280
-0.108429
-0.103330
-0.085455
-0.099649
-0.091369
-0.103854
-0.104151
-0.105716
-0.109467
-0.113464
-0.101328
-0.108291
-0.112924
-0.112618
-0.112563
-0.111205
-0.112232
-0.110189
-0.112234
-0.112320
-0.110772
-0.112566
-0.112228
-0.113518
-0.113187
-0.111514
-0.112213
-0.111396
-0.113603
-0.111706
-0.113188
-0.110733
-0.110761
-0.111825
-0.113270
-0.112094
-0.113910
-0.113082
-0.110986
-0.113732
-0.112093
-0.113319
-0.113241
-0.111824
-0.112502
-0.111886
-0.112748
-0.111142
-0.113404
-0.112900
-0.110935
-0.112105
-0.113629
-0.111096
-0.111333
-0.112624
-0.113228
-0.111731
-0.111914
-0.112500
-0.111757
-0.109647
-0.113032
-0.113130
-0.107397
-0.111474
-0.110691
-0.113265
-2.238244
0.504929
-0.243350
-3.400979
-0.114027
-0.114022
-0.153888
0.049579
0.182995
-0.410549
-0.114032
-0.114037
2.785377
0.189493
3.509570
2.157181
-0.114034
-0.114034
-0.197124
0.318163
0.535754
-0.924860
-0.114034
-0.114038
-0.195588
0.493198
1.129315
-1.199846
-0.114031
-0.114034
-0.066073
0.932976
1.558600
-2.055232
-0.114034
-0.114037
8.423095
0.703952
9.319529
6.314227
-0.114038
-0.114029
2.014300
0.027672
0.076308
0.115180
0.079910
0.035664
-0.044549
-0.104628
-0.110876
-0.100063
-0.089564
-0.083086
-0.066129
-0.053268
-0.080324
-0.090085
-0.069846
-0.081015
-0.095975
-0.078763
-0.084630
-0.101279
-0.108123
-0.104972
-0.105564
-0.099260
-0.095685
-0.094549
-0.098259
-0.096412
-0.101388
-0.107031
-0.106025
-0.102715
-0.101123
-0.104443
-0.103536
-0.102878
-0.106397
-0.109946
-0.109445
-0.112352
-0.107611
-0.104998
-0.107217
-0.108381
-0.106198
-0.107101
-0.110604
-0.106399
-0.106542
-0.110318
-0.111598
-0.110326
-0.112253
-0.111637
-0.113579
-0.110299
-0.107339
-0.107461
-0.110763
-0.113668
-0.112288
-0.112546
-0.113087
-0.111666
-0.109087
-0.108794
-0.110349
-0.113873
-0.111395
-0.111814
-0.111657
-0.111979
-0.113420
-0.110847
-0.109665
-0.112966
-0.111424
-0.109289
-0.110582
-0.113477
-0.110927
-0.110705
-0.111993
-0.112031
-0.112435
-0.111149
-0.110150
-0.112132
-0.112846
-0.110455
-0.110825
-0.112128
-0.111322
-0.110793
-0.111363
-0.111707
-0.113302
-0.111825
-0.075415
-0.043137
-0.062052
-0.096378
-0.087499
-0.074488
-0.086739
-0.102794
-0.106121
-0.106529
-0.111864
-0.097292
-0.087746
-0.095035
-0.107171
-0.106467
-0.111729
-0.103294
-0.109850
-0.098126
-0.103578
-0.109263
-0.112609
-0.111817
-0.111523
-0.107927
-0.109194
-0.110309
-0.111983
-0.112849
-0.111276
-0.111809
-0.112101
-0.111959
-0.112661
-0.112863
-0.111566
-0.111091
-0.111410
-0.113286
-0.113086
-0.113690
-0.112617
-0.111411
-0.109864
-0.112531
-0.112614
-0.113705
-0.112855
-0.111955
-0.112544
-0.111382
-0.112715
-0.113578
-0.113631
-0.113716
-0.113408
-0.112585
-0.112899
-0.113528
-0.113686
-0.113436
-0.113805
-0.113759
-0.113709
-0.113408
-0.113741
-0.113419
-0.113027
-0.113427
-0.113574
-0.113707
-0.113649
-0.113941
-0.113227
-0.113040
-0.112875
-0.113913
-0.113797
-0.113916
-0.113094
-0.113334
-0.113243
-0.113454
-0.113845
-0.113926
-0.113836
-0.113645
-0.113118
-0.113670
-0.113737
-0.113740
-0.113752
-0.113292
-0.113675
-0.113865
-0.113809
-0.113775
-0.113964
-0.113582
2.788068
-0.074349
-0.030132
0.058122
-0.075906
-0.069012
-0.067271
-0.093158
-0.097578
-0.098615
-0.097713
-0.100957
-0.105845
-0.107686
-0.099268
-0.110442
-0.104918
-0.103444
-0.111014
-0.107769
-0.107771
-0.110922
-0.112552
-0.113657
-0.112732
-0.112777
-0.108199
-0.107026
-0.106044
-0.102890
-0.106555
-0.108672
-0.109617
-0.105958
-0.109050
-0.107356
-0.110676
-0.111874
-0.112671
-0.113515
-0.113072
-0.112978
-0.112530
-0.111682
-0.112826
-0.112955
-0.110938
-0.112269
-0.112785
-0.111974
-0.113346
-0.112430
-0.112205
-0.112108
-0.112417
-0.112515
-0.112225
-0.111706
-0.112098
-0.112492
-0.111099
-0.113457
-0.113331
-0.113315
-0.113214
-0.112352
-0.112104
-0.112462
-0.112165
-0.112074
-0.112752
-0.112797
-0.112864
-0.112879
-0.113051
-0.113307
-0.113135
-0.113460
-0.113232
-0.112769
-0.112875
-0.113539
-0.113156
-0.113073
-0.113346
-0.113211
-0.113412
-0.113465
-0.113645
-0.113637
-0.113245
-0.113028
-0.112099
-0.113172
-0.112822
-0.113024
-0.112641
-0.113317
-0.113362
-0.113487
-0.029578
0.151230
0.007033
-0.077027
-0.050952
-0.071074
-0.093750
-0.107432
-0.110218
-0.111522
-0.112214
-0.108249
-0.108738
-0.111468
-0.113092
-0.112903
-0.113112
-0.113074
-0.113942
-0.112065
-0.111107
-0.111514
-0.113229
-0.112929
-0.113090
-0.111604
-0.108309
-0.106894
-0.108908
-0.105522
-0.113941
-0.110479
-0.110983
-0.110443
-0.107596
-0.111629
-0.109344
-0.111514
-0.113675
-0.113675
-0.113790
-0.113466
-0.113189
-0.113477
-0.113874
-0.113677
-0.113685
-0.113720
-0.113645
-0.113681
-0.113482
-0.113515
-0.113860
-0.113801
-0.113597
-0.113795
-0.113589
-0.113276
-0.113065
-0.112637
-0.113782
-0.111882
-0.112896
-0.113660
-0.112286
-0.113319
-0.113438
-0.113290
-0.113171
-0.113517
-0.113774
-0.113716
-0.113791
-0.113523
-0.113534
-0.113530
-0.113351
-0.113602
-0.113845
-0.113939
-0.113761
-0.113747
-0.113740
-0.113578
-0.113643
-0.113789
-0.113689
-0.113676
-0.113604
-0.113242
-0.113360
-0.113482
-0.113243
-0.113785
-0.113806
-0.113877
-0.113198
-0.113424
-0.113543
-0.113343
-0.037641
0.125597
0.211390
-0.017130
-0.021296
-0.066523
-0.103486
-0.101087
-0.100814
-0.101654
-0.102071
-0.103826
-0.105186
-0.105148
-0.105905
-0.106216
-0.107035
-0.107061
-0.107772
-0.107448
-0.108030
-0.108420
-0.109060
-0.108332
-0.108676
-0.106611
-0.104657
-0.108401
-0.106136
-0.108831
-0.101379
-0.103567
-0.103778
-0.105532
-0.107831
-0.111296
-0.109128
-0.108153
-0.109981
-0.110455
-0.111162
-0.111041
-0.111205
-0.110851
-0.111180
-0.111137
-0.111585
-0.111419
-0.111532
-0.111381
-0.111582
-0.111586
-0.111658
-0.111596
-0.111747
-0.111768
-0.112083
-0.112781
-0.111220
-0.110822
-0.110196
-0.109997
-0.112895
-0.112533
-0.111634
-0.109945
-0.111326
-0.111250
-0.112480
-0.112770
-0.112075
-0.112044
-0.111794
-0.112006
-0.112250
-0.112382
-0.112173
-0.111881
-0.111999
-0.112078
-0.112312
-0.112369
-0.112174
-0.112295
-0.112205
-0.112319
-0.112173
-0.112290
-0.111986
-0.112146
-0.112687
-0.113438
-0.112486
-0.111424
-0.111662
-0.111720
-0.112463
-0.113391
-0.112542
-0.112051
-0.074286
0.511238
0.209943
0.034851
0.039320
-0.034460
-0.085245
-0.100143
-0.099949
-0.101907
-0.100759
-0.101505
-0.105587
-0.105440
-0.105937
-0.105641
-0.106867
-0.106576
-0.107633
-0.106181
-0.107965
-0.108658
-0.109136
-0.107924
-0.108739
-0.105689
-0.103803
-0.104914
-0.104987
-0.102754
-0.100140
-0.096111
-0.099731
-0.101358
-0.105982
-0.110097
-0.107322
-0.108264
-0.109868
-0.110338
-0.111271
-0.110916
-0.111540
-0.110525
-0.111060
-0.111025
-0.111610
-0.111353
-0.111686
-0.111388
-0.111721
-0.111611
-0.111558
-0.111606
-0.111795
-0.111798
-0.111979
-0.111960
-0.110026
-0.109316
-0.109890
-0.110212
-0.112020
-0.112403
-0.111268
-0.109943
-0.110480
-0.110048
-0.111708
-0.112780
-0.112043
-0.111886
-0.111787
-0.112203
-0.112257
-0.112677
-0.112638
-0.112112
-0.111873
-0.111898
-0.112228
-0.112444
-0.112180
-0.112480
-0.112305
-0.112460
-0.112230
-0.112483
-0.112055
-0.112601
-0.113204
-0.113226
-0.112273
-0.111478
-0.110889
-0.111793
-0.112283
-0.113516
-0.112943
-0.112483
