-2.547012
1.189570
0.304979
-5.519666
-0.116900
-0.116902
0.158323
0.463462
2.081723
-1.179985
-0.116897
-0.116897
2.761480
1.275790
5.763686
0.062924
-0.116900
-0.116902
-0.133998
1.141368
1.997344
-2.077275
-0.116898
-0.116904
-0.080261
2.630661
4.209800
-4.639625
-0.116899
-0.116904
0.176632
0.825278
1.715379
-1.363505
-0.116899
-0.116904
13.656170
-0.115889
13.658111
13.654771
-0.116898
-0.116902
9.504258
2.269300
12.858342
5.144046
-0.116900
-0.116904
2.314681
0.297106
0.052427
-0.026985
-0.084914
0.002308
0.044654
-0.019142
-0.048240
-0.020867
-0.064373
-0.004140
-0.051316
0.171041
0.166844
0.062834
0.101033
-0.087539
0.081882
0.161748
0.008545
0.027244
0.030315
-0.083121
-0.059500
0.001534
-0.053109
-0.042801
0.029262
0.009582
-0.039729
-0.083249
-0.044582
-0.066714
-0.058802
-0.061065
-0.076555
0.029693
-0.041001
-0.104796
-0.062277
-0.100724
-0.074233
-0.088842
-0.062029
-0.097207
-0.098821
-0.094836
-0.099696
-0.112049
-0.108017
-0.111955
-0.108523
-0.106504
-0.112058
-0.105745
-0.114153
-0.112312
-0.100741
-0.107957
-0.107278
-0.110219
-0.114912
-0.105588
-0.105068
-0.108803
-0.108680
-0.106453
-0.113559
-0.103055
-0.113075
-0.102940
-0.107308
-0.093650
-0.094521
-0.110190
-0.090584
-0.099737
-0.089198
-0.110755
-0.104574
-0.106749
-0.100299
-0.107723
-0.109335
-0.100044
-0.081200
-0.105153
-0.104837
-0.106932
-0.103460
-0.103672
-0.104431
-0.104887
-0.096450
-0.106321
-0.108507
-0.109296
-0.106678
-0.103461
0.162947
0.078745
0.026614
-0.086665
-0.066138
-0.067126
-0.070619
-0.089922
-0.102400
-0.045607
-0.086459
-0.088294
-0.093984
-0.036084
0.004819
-0.053813
-0.106596
-0.083726
-0.005802
-0.006163
-0.082001
-0.059434
-0.036341
-0.065130
-0.068242
-0.071580
-0.103753
-0.103404
-0.049947
-0.050391
-0.080720
-0.103721
-0.105773
-0.072645
-0.086403
-0.072278
-0.063458
-0.072444
-0.101211
-0.094999
-0.112712
-0.098516
-0.099921
-0.105843
-0.098891
-0.111149
-0.105461
-0.108122
-0.112775
-0.110926
-0.111305
-0.112032
-0.111641
-0.111169
-0.111381
-0.110596
-0.112836
-0.112376
-0.111286
-0.110700
-0.110400
-0.111309
-0.114096
-0.110687
-0.109740
-0.108593
-0.113542
-0.113466
-0.112401
-0.112386
-0.106227
-0.114231
-0.110768
-0.109754
-0.102340
-0.113840
-0.111467
-0.111820
-0.105414
-0.105490
-0.113105
-0.110121
-0.106992
-0.111319
-0.113912
-0.104067
-0.105200
-0.108728
-0.111259
-0.108920
-0.110293
-0.106422
-0.109066
-0.110935
-0.108861
-0.111113
-0.114141
-0.115474
-0.107779
-0.112896
2.756166
0.675775
0.080256
-0.071503
-0.027640
-0.074726
-0.060541
-0.089154
-0.093778
-0.086862
-0.090657
-0.037836
-0.037969
0.001827
0.001182
-0.051829
-0.023165
-0.086092
0.069576
0.042261
-0.019669
0.011503
-0.022737
-0.083837
-0.036620
-0.008329
-0.021428
-0.014381
0.061836
0.008679
-0.018565
-0.101009
-0.033062
-0.075358
-0.059752
-0.067721
-0.077615
-0.034466
-0.053067
-0.087167
-0.101529
-0.110193
-0.096119
-0.108489
-0.093912
-0.101098
-0.104870
-0.103724
-0.101452
-0.107873
-0.108039
-0.113674
-0.113239
-0.110255
-0.111783
-0.112269
-0.111094
-0.111304
-0.103588
-0.106775
-0.110272
-0.113620
-0.113419
-0.110746
-0.109466
-0.112849
-0.113510
-0.108751
-0.113476
-0.112682
-0.111007
-0.104779
-0.112725
-0.105302
-0.100683
-0.114030
-0.097136
-0.105577
-0.102538
-0.110846
-0.104073
-0.106198
-0.098878
-0.113032
-0.110803
-0.098820
-0.081653
-0.105929
-0.108325
-0.109107
-0.103323
-0.108496
-0.105249
-0.111287
-0.103785
-0.107633
-0.111163
-0.114123
-0.108738
-0.107611
-0.093275
0.719801
0.085417
-0.015804
0.008079
-0.077817
-0.071057
-0.068587
-0.086732
-0.087717
-0.111450
-0.088586
-0.074775
-0.097300
-0.074111
-0.098425
-0.097016
-0.074360
-0.061692
-0.093289
-0.094002
-0.092369
-0.085445
-0.107407
-0.099555
-0.084547
-0.103207
-0.105938
-0.108129
-0.103944
-0.097809
-0.096267
-0.106390
-0.108833
-0.105113
-0.104244
-0.114128
-0.113022
-0.106289
-0.102515
-0.115252
-0.110921
-0.112056
-0.109989
-0.111509
-0.108742
-0.111668
-0.115277
-0.111654
-0.111742
-0.115209
-0.115176
-0.111945
-0.113457
-0.113566
-0.112721
-0.114030
-0.110830
-0.113932
-0.114152
-0.112756
-0.115136
-0.115181
-0.115397
-0.114654
-0.114356
-0.116300
-0.114705
-0.114350
-0.116453
-0.114482
-0.112766
-0.115932
-0.111997
-0.114261
-0.113056
-0.113594
-0.114864
-0.114028
-0.113972
-0.113122
-0.114924
-0.114664
-0.114586
-0.115635
-0.114285
-0.115488
-0.114568
-0.116303
-0.115681
-0.115132
-0.116723
-0.114301
-0.115106
-0.115072
-0.113879
-0.114768
-0.114936
-0.115070
-0.112718
-0.093494
1.755960
0.114832
0.053358
0.062468
0.008852
0.044130
0.033518
-0.038947
-0.059235
-0.078520
-0.088314
-0.090703
-0.031258
-0.040200
-0.044578
-0.066399
-0.075846
-0.029477
-0.052316
-0.086527
-0.064451
-0.022081
-0.085089
-0.047600
-0.067941
-0.083401
-0.061908
-0.089013
-0.097961
-0.073550
-0.075753
-0.076457
-0.100788
-0.074241
-0.087237
-0.113075
-0.091148
-0.095825
-0.094960
-0.104997
-0.104865
-0.104555
-0.109374
-0.101258
-0.104358
-0.104444
-0.109889
-0.105455
-0.106268
-0.111244
-0.115116
-0.105826
-0.109231
-0.107453
-0.107852
-0.109907
-0.103622
-0.111065
-0.113485
-0.108856
-0.114748
-0.112379
-0.110952
-0.109047
-0.111035
-0.114471
-0.114320
-0.113240
-0.115416
-0.110897
-0.107977
-0.112567
-0.107624
-0.108796
-0.113667
-0.109488
-0.112264
-0.105650
-0.110604
-0.107419
-0.111935
-0.112379
-0.111393
-0.115846
-0.111335
-0.112090
-0.111112
-0.113613
-0.114884
-0.112719
-0.113999
-0.110756
-0.114696
-0.109889
-0.112343
-0.111544
-0.114124
-0.111856
-0.108987
0.171991
0.524857
-0.014002
-0.052023
-0.048735
-0.098989
-0.095666
-0.090735
-0.090952
-0.101630
-0.106161
-0.097302
-0.112680
-0.099306
-0.096225
-0.100843
-0.103029
-0.074456
-0.071076
-0.106706
-0.110376
-0.090597
-0.083945
-0.106892
-0.105838
-0.101152
-0.101022
-0.103006
-0.104314
-0.107064
-0.113473
-0.106058
-0.109166
-0.103802
-0.099722
-0.105520
-0.108240
-0.112283
-0.112420
-0.103499
-0.111915
-0.110008
-0.113635
-0.110550
-0.114326
-0.113879
-0.114874
-0.114303
-0.114495
-0.115757
-0.115171
-0.116131
-0.113880
-0.115305
-0.115567
-0.114895
-0.114439
-0.112680
-0.113427
-0.116689
-0.115301
-0.116037
-0.116020
-0.116727
-0.116300
-0.114996
-0.115874
-0.116186
-0.116249
-0.115803
-0.115544
-0.115221
-0.116263
-0.114477
-0.113756
-0.114109
-0.114698
-0.115798
-0.114451
-0.115708
-0.114964
-0.115870
-0.113495
-0.115848
-0.116297
-0.116298
-0.114332
-0.116374
-0.116211
-0.116387
-0.114192
-0.115414
-0.115922
-0.116249
-0.115568
-0.115871
-0.115591
-0.114723
-0.116118
-0.115280
-1.845165
0.107780
-1.359922
-2.299255
-0.116898
-0.116902
-0.321232
0.118741
-0.004890
-0.754341
-0.116900
-0.116904
3.068412
0.098659
3.383861
2.592692
-0.116902
-0.116901
-0.055940
0.408743
0.714719
-0.735960
-0.116898
-0.116905
-0.040474
0.306362
0.769815
-0.542910
-0.116897
-0.116902
-0.157782
0.558671
0.531832
-1.391246
-0.116901
-0.116903
8.287502
0.408464
9.082387
7.518019
-0.116899
-0.116904
1.612196
0.000312
-0.023466
-0.105650
-0.101188
-0.111924
-0.094932
-0.108620
-0.107354
-0.109635
-0.111552
-0.111821
-0.101244
-0.103207
-0.091870
-0.106820
-0.103964
-0.110688
-0.115039
-0.112948
-0.111416
-0.115302
-0.115277
-0.113931
-0.115112
-0.115809
-0.114700
-0.111821
-0.115066
-0.114973
-0.113773
-0.114645
-0.115555
-0.116579
-0.115124
-0.115558
-0.115966
-0.116119
-0.115331
-0.115008
-0.115077
-0.114108
-0.115317
-0.113393
-0.114098
-0.116252
-0.115918
-0.115874
-0.116327
-0.116290
-0.116000
-0.116358
-0.115794
-0.116443
-0.116376
-0.116499
-0.115304
-0.115622
-0.115965
-0.115708
-0.116182
-0.116386
-0.115877
-0.116367
-0.116071
-0.116294
-0.116001
-0.116182
-0.116207
-0.116170
-0.115920
-0.116467
-0.115276
-0.115830
-0.115932
-0.116024
-0.116256
-0.116188
-0.115940
-0.116132
-0.115888
-0.116372
-0.116108
-0.116144
-0.115687
-0.115957
-0.116381
-0.116205
-0.116134
-0.116229
-0.116025
-0.116384
-0.116082
-0.116314
-0.116065
-0.116232
-0.116268
-0.116171
-0.115631
-0.116433
0.089254
0.043750
-0.098150
-0.102337
-0.102472
-0.094863
-0.106619
-0.110075
-0.111285
-0.110791
-0.109185
-0.107641
-0.105447
-0.109873
-0.114329
-0.112919
-0.107173
-0.108000
-0.111815
-0.114246
-0.114551
-0.114738
-0.114487
-0.114327
-0.116362
-0.115117
-0.113382
-0.113192
-0.114208
-0.112918
-0.116368
-0.115973
-0.115244
-0.114935
-0.116379
-0.116430
-0.116090
-0.115898
-0.115349
-0.115670
-0.116279
-0.115713
-0.115074
-0.114978
-0.114821
-0.115822
-0.116766
-0.116441
-0.116151
-0.116304
-0.116202
-0.116233
-0.116547
-0.116087
-0.116025
-0.116233
-0.116682
-0.116105
-0.116050
-0.116409
-0.116186
-0.116361
-0.116670
-0.116408
-0.116270
-0.116324
-0.116410
-0.116536
-0.116431
-0.116050
-0.115996
-0.116318
-0.116513
-0.116723
-0.116485
-0.116388
-0.116311
-0.116429
-0.116459
-0.116504
-0.116606
-0.116413
-0.116551
-0.116657
-0.116739
-0.116157
-0.116584
-0.116188
-0.116361
-0.116538
-0.116571
-0.116337
-0.116470
-0.116593
-0.116614
-0.116602
-0.116433
-0.116229
-0.116189
-0.116638
3.066937
0.005763
-0.045676
-0.083023
-0.092144
-0.112072
-0.102016
-0.112326
-0.112007
-0.111112
-0.108366
-0.111629
-0.099064
-0.105826
-0.111619
-0.112683
-0.100866
-0.110780
-0.112005
-0.115486
-0.114610
-0.115689
-0.115173
-0.114285
-0.114325
-0.116211
-0.116326
-0.114373
-0.114300
-0.114526
-0.115135
-0.115696
-0.115577
-0.114628
-0.116273
-0.115232
-0.115363
-0.116151
-0.115413
-0.116041
-0.114251
-0.115082
-0.115458
-0.115537
-0.115278
-0.113037
-0.115056
-0.115326
-0.115668
-0.115293
-0.115386
-0.115637
-0.114688
-0.115363
-0.115329
-0.115671
-0.114719
-0.114952
-0.115599
-0.115200
-0.115236
-0.115201
-0.114937
-0.115176
-0.115227
-0.115399
-0.115271
-0.115511
-0.114839
-0.115453
-0.114517
-0.115054
-0.115047
-0.115044
-0.115303
-0.115642
-0.115365
-0.115288
-0.115288
-0.115321
-0.115113
-0.115570
-0.115380
-0.115395
-0.115134
-0.115275
-0.115593
-0.115413
-0.115263
-0.115326
-0.115280
-0.115621
-0.115435
-0.115472
-0.115373
-0.115376
-0.115154
-0.115552
-0.115157
-0.115744
-0.054677
0.245999
-0.061807
-0.069119
-0.106509
-0.107724
-0.109628
-0.112759
-0.112773
-0.112144
-0.113370
-0.115221
-0.114825
-0.114567
-0.114939
-0.114781
-0.115003
-0.114782
-0.114159
-0.114647
-0.115411
-0.115117
-0.114403
-0.114416
-0.114625
-0.114040
-0.113499
-0.112606
-0.110572
-0.114023
-0.110274
-0.115622
-0.113578
-0.115119
-0.115554
-0.115710
-0.115712
-0.115700
-0.115765
-0.115963
-0.115884
-0.115887
-0.115868
-0.115837
-0.115878
-0.115887
-0.115904
-0.115862
-0.115853
-0.115785
-0.115823
-0.115980
-0.116045
-0.115899
-0.116346
-0.114904
-0.116523
-0.114662
-0.114860
-0.115525
-0.115523
-0.115846
-0.115970
-0.115916
-0.115782
-0.115787
-0.115855
-0.115858
-0.115798
-0.115817
-0.115818
-0.115805
-0.115836
-0.115833
-0.115839
-0.115849
-0.115812
-0.115780
-0.115845
-0.115911
-0.115844
-0.115736
-0.115706
-0.115529
-0.115657
-0.115110
-0.116383
-0.115380
-0.115935
-0.115884
-0.115828
-0.115730
-0.115717
-0.115808
-0.115844
-0.115797
-0.115770
-0.115806
-0.115807
-0.115807
-0.040876
0.164515
-0.041022
-0.056475
-0.103263
-0.104221
-0.114529
-0.115499
-0.115627
-0.115013
-0.115742
-0.115889
-0.116346
-0.116605
-0.116402
-0.116127
-0.116290
-0.116340
-0.116459
-0.116506
-0.116342
-0.116233
-0.116130
-0.115989
-0.115311
-0.115701
-0.112369
-0.109911
-0.112913
-0.115363
-0.110311
-0.112748
-0.114838
-0.116049
-0.115285
-0.116179
-0.116501
-0.116727
-0.116639
-0.116563
-0.116473
-0.116472
-0.116619
-0.116783
-0.116771
-0.116635
-0.116533
-0.116504
-0.116648
-0.116754
-0.116706
-0.116456
-0.116741
-0.116323
-0.116257
-0.116428
-0.114979
-0.116626
-0.115652
-0.116097
-0.115584
-0.116096
-0.116463
-0.116531
-0.116858
-0.116767
-0.116632
-0.116543
-0.116568
-0.116654
-0.116790
-0.116768
-0.116648
-0.116574
-0.116583
-0.116655
-0.116794
-0.116784
-0.116643
-0.116492
-0.116482
-0.116469
-0.116699
-0.116346
-0.116149
-0.116375
-0.116303
-0.116325
-0.116378
-0.116245
-0.116656
-0.116754
-0.116696
-0.116607
-0.116583
-0.116615
-0.116738
-0.116821
-0.116747
-0.116643
-0.077366
0.330138
0.044032
-0.089282
-0.110643
-0.113429
-0.106172
-0.111550
-0.112156
-0.112678
-0.113565
-0.113216
-0.113334
-0.114034
-0.114630
-0.114954
-0.114490
-0.114217
-0.114214
-0.114495
-0.115550
-0.115554
-0.114336
-0.114983
-0.113415
-0.113900
-0.112924
-0.105691
-0.110132
-0.113292
-0.108033
-0.110004
-0.114951
-0.115502
-0.115455
-0.116633
-0.116193
-0.115908
-0.115856
-0.115893
-0.116154
-0.116361
-0.116218
-0.115994
-0.115880
-0.115993
-0.116219
-0.116378
-0.116268
-0.115971
-0.115833
-0.116121
-0.116094
-0.116738
-0.116042
-0.115051
-0.115249
-0.114880
-0.115966
-0.113892
-0.115679
-0.116351
-0.116437
-0.116390
-0.116053
-0.116029
-0.116147
-0.116277
-0.116342
-0.116235
-0.116110
-0.116093
-0.116178
-0.116315
-0.116337
-0.116228
-0.116123
-0.116078
-0.116194
-0.116423
-0.116333
-0.116263
-0.115936
-0.115412
-0.116684
-0.115200
-0.116698
-0.115319
-0.116279
-0.116180
-0.116016
-0.116064
-0.115999
-0.116241
-0.116347
-0.116264
-0.116160
-0.116101
-0.116145
-0.116262
