-2.443674
1.103205
0.717764
-6.193569
-0.114703
-0.114700
0.169114
0.591417
2.707092
-1.744749
-0.114701
-0.114699
2.684294
1.275900
6.640137
-1.130387
-0.114703
-0.114701
-0.160993
1.227361
2.090162
-2.154836
-0.114701
-0.114707
-0.143619
2.558785
5.039244
-4.507415
-0.114702
-0.114706
-0.058330
0.751114
1.479805
-1.672024
-0.114701
-0.114706
13.456847
-0.113405
13.460728
13.455969
-0.114695
-0.114693
9.123383
2.301970
12.597625
4.816629
-0.114703
-0.114707
2.209216
0.304023
0.017720
-0.080143
-0.056629
-0.057558
-0.073266
-0.050948
-0.077254
-0.017310
0.076532
0.105599
-0.020732
0.180766
0.135657
-0.072474
0.032088
0.121333
0.011407
-0.036010
-0.052108
0.084718
-0.050932
0.033559
-0.050164
-0.012110
-0.105152
-0.005158
-0.041837
-0.022817
0.012090
-0.065696
-0.066338
-0.063745
0.008664
-0.084241
-0.079682
-0.064037
-0.095209
-0.080762
-0.042302
-0.061061
-0.090882
-0.076305
-0.063530
-0.090673
-0.085730
-0.076684
-0.103982
-0.105487
-0.105421
-0.108895
-0.113447
-0.110276
-0.112268
-0.110178
-0.110048
-0.111821
-0.110899
-0.113125
-0.110854
-0.110463
-0.112929
-0.110175
-0.111343
-0.110316
-0.107131
-0.109093
-0.105818
-0.108056
-0.093633
-0.098755
-0.104543
-0.097364
-0.105692
-0.096940
-0.103427
-0.103872
-0.096729
-0.104298
-0.109158
-0.102587
-0.106640
-0.096131
-0.112348
-0.095393
-0.105688
-0.100655
-0.096721
-0.104906
-0.110218
-0.111058
-0.095326
-0.108182
-0.110012
-0.105927
-0.109864
-0.111271
-0.096181
-0.104589
0.169836
0.044170
-0.028332
-0.085735
-0.071624
-0.074965
-0.055795
-0.107607
-0.085203
-0.080829
-0.026766
-0.088682
-0.089896
-0.051492
-0.063274
-0.020821
-0.036578
-0.085553
-0.020140
-0.051165
-0.083214
0.043282
-0.067000
-0.098343
-0.093341
-0.086170
-0.004021
0.064081
-0.016093
0.026600
0.016052
0.042210
-0.070200
-0.093252
-0.076367
-0.093258
-0.062493
-0.081700
-0.080261
-0.079190
-0.101548
-0.107702
-0.100935
-0.104202
-0.104141
-0.103549
-0.110666
-0.100352
-0.107141
-0.113318
-0.112199
-0.108770
-0.112638
-0.112248
-0.112754
-0.112592
-0.111055
-0.110886
-0.112694
-0.112566
-0.112054
-0.113572
-0.112721
-0.113963
-0.113491
-0.114256
-0.111151
-0.114037
-0.110860
-0.109596
-0.111199
-0.108495
-0.108941
-0.103789
-0.111116
-0.109915
-0.110549
-0.108938
-0.104457
-0.105021
-0.110713
-0.109930
-0.109216
-0.108521
-0.099528
-0.098595
-0.095427
-0.096508
-0.089405
-0.101384
-0.106111
-0.106927
-0.112656
-0.108820
-0.108952
-0.111831
-0.106079
-0.109881
-0.111108
-0.112499
2.676934
0.679007
0.078189
-0.087166
-0.034917
-0.054350
-0.078566
-0.078211
-0.091761
-0.070614
-0.016830
0.016647
-0.050951
0.004166
0.009322
-0.072610
0.010778
0.057700
-0.019730
-0.061213
-0.037862
0.025828
-0.085732
-0.030913
-0.069646
0.034124
-0.090435
0.025399
0.003813
-0.016461
0.044391
-0.046016
-0.045480
-0.039618
-0.036865
-0.086792
-0.091970
-0.069193
-0.102877
-0.095849
-0.064673
-0.078449
-0.085095
-0.085503
-0.092960
-0.101527
-0.090740
-0.095900
-0.105213
-0.109325
-0.109498
-0.113996
-0.113100
-0.108735
-0.109336
-0.107668
-0.111296
-0.111111
-0.107577
-0.112515
-0.108575
-0.113776
-0.106909
-0.111782
-0.110551
-0.111101
-0.110902
-0.114378
-0.112301
-0.106582
-0.105700
-0.105853
-0.108631
-0.102225
-0.105248
-0.098768
-0.109216
-0.105827
-0.103347
-0.106510
-0.109307
-0.107613
-0.104970
-0.096709
-0.105357
-0.090126
-0.102666
-0.098432
-0.095734
-0.105211
-0.102791
-0.111134
-0.098729
-0.112195
-0.110644
-0.108033
-0.108678
-0.113775
-0.101544
-0.108698
-0.063989
0.802178
0.003687
-0.036927
-0.110055
-0.052169
-0.078616
-0.087022
-0.086510
-0.071949
-0.061801
-0.060116
-0.073763
-0.057177
-0.085996
-0.054549
-0.072578
-0.075166
-0.099737
-0.094245
-0.075940
-0.103636
-0.091285
-0.096725
-0.101290
-0.094640
-0.081577
-0.087072
-0.089736
-0.085096
-0.112085
-0.079557
-0.106940
-0.100156
-0.107980
-0.097420
-0.109340
-0.110257
-0.101811
-0.108436
-0.111071
-0.107865
-0.101992
-0.109505
-0.106987
-0.105377
-0.108594
-0.107886
-0.110725
-0.112155
-0.110602
-0.113327
-0.113698
-0.112346
-0.113081
-0.113435
-0.109247
-0.111194
-0.111713
-0.108711
-0.112002
-0.113908
-0.113317
-0.113892
-0.114288
-0.112972
-0.114571
-0.113184
-0.112713
-0.111747
-0.112426
-0.113500
-0.112228
-0.109780
-0.114272
-0.112190
-0.112424
-0.112068
-0.114485
-0.113884
-0.113662
-0.113954
-0.112207
-0.113791
-0.109403
-0.113230
-0.110783
-0.112238
-0.111661
-0.111594
-0.113966
-0.112754
-0.112970
-0.111437
-0.113505
-0.113225
-0.113401
-0.113080
-0.112234
-0.114290
-0.078002
1.714002
0.029324
0.098862
-0.098188
0.008886
-0.111996
-0.025492
-0.073336
-0.047324
0.014028
0.010212
-0.020520
-0.008421
-0.016949
-0.082021
-0.074820
-0.037983
-0.080863
-0.071698
-0.069470
-0.025904
-0.070011
-0.069166
-0.108039
-0.090083
-0.040135
-0.015009
-0.100013
-0.067643
-0.080021
-0.028278
-0.111103
-0.086078
-0.106435
-0.094489
-0.096066
-0.084960
-0.087595
-0.098342
-0.100581
-0.098704
-0.106649
-0.099401
-0.101798
-0.102734
-0.098684
-0.095225
-0.110799
-0.109893
-0.107944
-0.112791
-0.112121
-0.109614
-0.111272
-0.110956
-0.103671
-0.106971
-0.109686
-0.104261
-0.107848
-0.111475
-0.112717
-0.112596
-0.111418
-0.111170
-0.113162
-0.112452
-0.107643
-0.110213
-0.108178
-0.108962
-0.108259
-0.111441
-0.114395
-0.109295
-0.111986
-0.110844
-0.107937
-0.109053
-0.107866
-0.111496
-0.113269
-0.113062
-0.101656
-0.111222
-0.108044
-0.110068
-0.105493
-0.110921
-0.110346
-0.109938
-0.113571
-0.112717
-0.109476
-0.107854
-0.108544
-0.109387
-0.111372
-0.113977
-0.061034
0.467283
-0.069863
-0.025039
-0.100624
-0.080617
-0.099593
-0.106293
-0.092642
-0.100023
-0.081904
-0.072023
-0.110483
-0.102212
-0.089509
-0.065623
-0.081752
-0.103480
-0.075325
-0.078163
-0.084985
-0.075969
-0.103009
-0.094358
-0.103560
-0.102361
-0.094719
-0.062000
-0.079316
-0.086486
-0.080273
-0.077613
-0.111996
-0.105706
-0.105718
-0.106238
-0.105685
-0.108688
-0.099349
-0.102840
-0.111339
-0.110135
-0.106852
-0.112024
-0.111715
-0.108244
-0.111637
-0.113573
-0.110538
-0.111597
-0.111970
-0.111688
-0.114349
-0.111539
-0.113793
-0.111352
-0.111756
-0.111114
-0.112256
-0.110397
-0.111738
-0.113892
-0.113851
-0.114352
-0.113391
-0.113689
-0.113175
-0.113912
-0.113329
-0.111117
-0.112762
-0.112570
-0.111188
-0.109793
-0.112146
-0.112628
-0.110716
-0.112469
-0.111206
-0.111093
-0.112758
-0.114043
-0.113434
-0.113158
-0.109728
-0.111226
-0.110251
-0.111018
-0.109107
-0.111762
-0.112234
-0.112686
-0.113507
-0.114114
-0.112887
-0.112598
-0.112566
-0.112601
-0.112559
-0.114357
-1.785139
0.154700
-1.343579
-2.232573
-0.114702
-0.114707
-0.267399
0.027430
-0.003634
-0.574570
-0.114703
-0.114704
3.088869
0.096209
3.550544
2.767818
-0.114700
-0.114705
-0.128414
0.352653
0.495832
-0.918084
-0.114703
-0.114707
-0.197718
0.297990
0.395896
-1.005780
-0.114704
-0.114705
-0.123744
0.893690
1.341422
-1.653428
-0.114702
-0.114707
8.239222
0.512046
9.238436
7.285158
-0.114701
-0.114707
1.555745
0.022307
-0.007562
-0.046640
-0.100588
-0.101212
-0.109427
-0.108555
-0.107969
-0.106033
-0.106065
-0.111668
-0.100159
-0.110878
-0.112095
-0.111385
-0.111145
-0.105649
-0.111481
-0.108725
-0.111056
-0.113463
-0.112821
-0.113298
-0.113365
-0.112503
-0.108034
-0.110951
-0.110267
-0.114613
-0.112679
-0.108877
-0.111572
-0.112669
-0.113087
-0.114262
-0.113930
-0.113581
-0.113777
-0.114162
-0.114067
-0.112646
-0.113803
-0.114378
-0.113964
-0.114006
-0.113290
-0.113669
-0.113330
-0.113982
-0.114526
-0.114139
-0.114345
-0.114526
-0.113882
-0.113428
-0.114241
-0.113463
-0.114565
-0.114528
-0.113123
-0.114193
-0.114020
-0.114260
-0.114510
-0.114537
-0.114432
-0.114473
-0.114633
-0.114436
-0.114121
-0.114242
-0.114430
-0.114373
-0.114496
-0.114119
-0.114262
-0.114165
-0.114395
-0.114652
-0.114414
-0.114613
-0.114540
-0.114273
-0.114404
-0.114162
-0.113965
-0.114659
-0.114444
-0.114089
-0.114597
-0.114362
-0.114529
-0.114495
-0.114468
-0.114602
-0.114321
-0.114583
-0.114478
-0.114342
0.039119
-0.030157
-0.106034
-0.095356
-0.091542
-0.094663
-0.104022
-0.107060
-0.107658
-0.109698
-0.100604
-0.110280
-0.109438
-0.094965
-0.102291
-0.104590
-0.096746
-0.112940
-0.110032
-0.110421
-0.110652
-0.111271
-0.111900
-0.112483
-0.110711
-0.112261
-0.113657
-0.114475
-0.112829
-0.113146
-0.112504
-0.113868
-0.112928
-0.112698
-0.113387
-0.113322
-0.113851
-0.114268
-0.114483
-0.112098
-0.113591
-0.113455
-0.112191
-0.112644
-0.113202
-0.111694
-0.113772
-0.113154
-0.114191
-0.113477
-0.113740
-0.113886
-0.114093
-0.113709
-0.114263
-0.114618
-0.114314
-0.114258
-0.113885
-0.114048
-0.114290
-0.114015
-0.114128
-0.114504
-0.114126
-0.114241
-0.114464
-0.114306
-0.113669
-0.114167
-0.114275
-0.113725
-0.114094
-0.114193
-0.113746
-0.114102
-0.113899
-0.114259
-0.114051
-0.114225
-0.114305
-0.114331
-0.114245
-0.114506
-0.114369
-0.114345
-0.114373
-0.114165
-0.114390
-0.114367
-0.114276
-0.114406
-0.114444
-0.114208
-0.114254
-0.114212
-0.114230
-0.113992
-0.114296
-0.114352
3.089307
-0.004849
-0.021943
-0.095694
-0.100762
-0.107499
-0.106986
-0.111120
-0.112532
-0.112443
-0.114022
-0.107988
-0.108250
-0.097182
-0.109371
-0.110855
-0.099303
-0.113487
-0.112649
-0.113868
-0.113784
-0.113668
-0.113483
-0.113549
-0.113274
-0.112214
-0.113728
-0.111225
-0.110790
-0.114334
-0.113318
-0.109754
-0.113190
-0.114025
-0.114662
-0.113480
-0.114104
-0.114087
-0.113951
-0.114274
-0.113270
-0.112811
-0.112470
-0.113512
-0.113849
-0.111838
-0.114369
-0.114420
-0.114633
-0.114613
-0.114658
-0.114420
-0.114579
-0.114301
-0.114295
-0.114168
-0.114536
-0.113380
-0.114307
-0.114392
-0.113189
-0.114191
-0.114345
-0.114362
-0.114091
-0.114353
-0.114299
-0.114186
-0.114443
-0.114172
-0.113763
-0.114255
-0.113958
-0.114116
-0.113784
-0.114282
-0.114537
-0.114519
-0.114463
-0.114473
-0.114553
-0.114412
-0.114239
-0.114483
-0.114242
-0.114181
-0.113870
-0.114296
-0.114343
-0.113931
-0.114341
-0.114497
-0.114386
-0.114309
-0.114462
-0.114450
-0.114232
-0.114423
-0.114264
-0.113961
-0.101730
0.203925
-0.049121
-0.089562
-0.081198
-0.096170
-0.101710
-0.106247
-0.105800
-0.108552
-0.110134
-0.110468
-0.109929
-0.110517
-0.110951
-0.111057
-0.111131
-0.111366
-0.112025
-0.111951
-0.111458
-0.111250
-0.111856
-0.111053
-0.110760
-0.110833
-0.111762
-0.111095
-0.105695
-0.113143
-0.108176
-0.112370
-0.114217
-0.111653
-0.112698
-0.113076
-0.113283
-0.113207
-0.113419
-0.113522
-0.113507
-0.113405
-0.113460
-0.113516
-0.113482
-0.113462
-0.113529
-0.113610
-0.113546
-0.113426
-0.113459
-0.113547
-0.113350
-0.113247
-0.113588
-0.113573
-0.113396
-0.112559
-0.113591
-0.113380
-0.114254
-0.113984
-0.113571
-0.113662
-0.113797
-0.113840
-0.113849
-0.113857
-0.113882
-0.113888
-0.113861
-0.113858
-0.113886
-0.113876
-0.113856
-0.113879
-0.113907
-0.113872
-0.113815
-0.113822
-0.113891
-0.113782
-0.113713
-0.114223
-0.113765
-0.114071
-0.114056
-0.113747
-0.114406
-0.113955
-0.113896
-0.113917
-0.113845
-0.113899
-0.113939
-0.113963
-0.113939
-0.113943
-0.113960
-0.113953
-0.031417
0.144937
0.012703
-0.092231
-0.096602
-0.105867
-0.112901
-0.113780
-0.113930
-0.114499
-0.114266
-0.114058
-0.114530
-0.114344
-0.114186
-0.114425
-0.114432
-0.114272
-0.114370
-0.114279
-0.114304
-0.114409
-0.114018
-0.113547
-0.114043
-0.113426
-0.114570
-0.108760
-0.106705
-0.112944
-0.110785
-0.109383
-0.111979
-0.112828
-0.113684
-0.114387
-0.114173
-0.114428
-0.114574
-0.114378
-0.114368
-0.114653
-0.114502
-0.114404
-0.114547
-0.114631
-0.114462
-0.114485
-0.114595
-0.114555
-0.114476
-0.114474
-0.114442
-0.114455
-0.114424
-0.114256
-0.113694
-0.112824
-0.113965
-0.113888
-0.113679
-0.113738
-0.114110
-0.114410
-0.114508
-0.114411
-0.114529
-0.114665
-0.114525
-0.114494
-0.114623
-0.114612
-0.114520
-0.114562
-0.114682
-0.114575
-0.114534
-0.114591
-0.114670
-0.114541
-0.114523
-0.114556
-0.114507
-0.114267
-0.114320
-0.114250
-0.113922
-0.114248
-0.114097
-0.114486
-0.114255
-0.114406
-0.114536
-0.114612
-0.114516
-0.114542
-0.114656
-0.114612
-0.114538
-0.114579
-0.107882
0.578742
0.030339
-0.055769
-0.103197
-0.104837
-0.113114
-0.112983
-0.112422
-0.113072
-0.113583
-0.113335
-0.113496
-0.113807
-0.113818
-0.113685
-0.113743
-0.113997
-0.113827
-0.113786
-0.113743
-0.113927
-0.113933
-0.113561
-0.112533
-0.112601
-0.111415
-0.109818
-0.094748
-0.111990
-0.101841
-0.106902
-0.110589
-0.114408
-0.114092
-0.114290
-0.114470
-0.114281
-0.114282
-0.114408
-0.114392
-0.114320
-0.114383
-0.114437
-0.114364
-0.114320
-0.114414
-0.114405
-0.114314
-0.114296
-0.114395
-0.114387
-0.114196
-0.114050
-0.114404
-0.114016
-0.113904
-0.110119
-0.113400
-0.112089
-0.112625
-0.113793
-0.114384
-0.114405
-0.114368
-0.114508
-0.114460
-0.114413
-0.114466
-0.114505
-0.114451
-0.114452
-0.114498
-0.114483
-0.114432
-0.114461
-0.114497
-0.114438
-0.114388
-0.114439
-0.114478
-0.114392
-0.114143
-0.114196
-0.113976
-0.114338
-0.113202
-0.113790
-0.113572
-0.113765
-0.114394
-0.114430
-0.114425
-0.114388
-0.114485
-0.114501
-0.114448
-0.114460
-0.114515
-0.114490
