-2.660769
0.689061
-1.032721
-5.170825
-0.114970
-0.114967
0.281936
0.305944
1.673013
-0.650933
-0.114966
-0.114968
2.679301
0.791532
4.493921
0.967159
-0.114968
-0.114972
0.548267
1.226457
2.342109
-1.587371
-0.114969
-0.114974
-0.071361
2.234073
3.542957
-3.879463
-0.114969
-0.114973
-0.308605
0.683697
1.093044
-1.524831
-0.114967
-0.114973
13.903898
-0.113463
13.906552
13.900771
-0.114969
-0.114971
9.309326
1.886617
12.029353
5.118055
-0.114970
-0.114971
2.423246
0.270964
-0.095634
-0.039914
-0.109074
-0.097224
-0.036756
-0.110244
-0.093812
-0.030239
-0.048621
-0.033103
-0.047269
-0.010193
-0.060407
-0.054375
-0.069316
-0.045776
0.006259
0.007146
-0.074913
0.058539
-0.049732
-0.015382
-0.013012
-0.068019
-0.045118
-0.081849
-0.088368
-0.080884
-0.084394
-0.103942
-0.079188
-0.101430
-0.095727
-0.080612
-0.070839
-0.068498
-0.088331
-0.094395
-0.064032
-0.069155
-0.089348
-0.067769
-0.082737
-0.101099
-0.109583
-0.101498
-0.097527
-0.102093
-0.105204
-0.107412
-0.105231
-0.106379
-0.110483
-0.104511
-0.113200
-0.111777
-0.105642
-0.112832
-0.111756
-0.109960
-0.110889
-0.110826
-0.111821
-0.113251
-0.111819
-0.110792
-0.111438
-0.112667
-0.109415
-0.111130
-0.106001
-0.113180
-0.111576
-0.105973
-0.109018
-0.109343
-0.109118
-0.109541
-0.102650
-0.109982
-0.096973
-0.108531
-0.101380
-0.103232
-0.108172
-0.109779
-0.109783
-0.108509
-0.112895
-0.108572
-0.112682
-0.110877
-0.108227
-0.109727
-0.106881
-0.106304
-0.109879
-0.106376
0.280553
0.044453
-0.060168
-0.104962
-0.099784
-0.096846
-0.075404
-0.104405
-0.080341
-0.071551
-0.074161
-0.061819
-0.077629
-0.073078
-0.090836
-0.093579
-0.072794
-0.061269
-0.028423
-0.070856
-0.099007
-0.030704
-0.089589
-0.071526
-0.074544
-0.094757
-0.060535
-0.072554
-0.048883
-0.097200
-0.099935
-0.104529
-0.108085
-0.063633
-0.090352
-0.068295
-0.091068
-0.097985
-0.092192
-0.109389
-0.090182
-0.106062
-0.106490
-0.086362
-0.094276
-0.107293
-0.109247
-0.110486
-0.110194
-0.108894
-0.111151
-0.110626
-0.112755
-0.111589
-0.113757
-0.111214
-0.113825
-0.113861
-0.114311
-0.114705
-0.113865
-0.114701
-0.113098
-0.114008
-0.114334
-0.114247
-0.114379
-0.114435
-0.114098
-0.112680
-0.111494
-0.113228
-0.111171
-0.113886
-0.112622
-0.112678
-0.113861
-0.112134
-0.112928
-0.109443
-0.111024
-0.111401
-0.105982
-0.112560
-0.112088
-0.109796
-0.113357
-0.112199
-0.110955
-0.108162
-0.109068
-0.112749
-0.110920
-0.111368
-0.108398
-0.110802
-0.113132
-0.107810
-0.114177
-0.110573
2.671903
0.423066
0.079626
-0.015881
-0.092946
-0.101375
-0.055388
-0.084656
-0.094928
-0.044781
-0.090601
-0.064699
-0.065764
-0.113044
-0.045627
-0.089624
-0.067665
-0.042470
-0.074848
-0.030913
-0.084520
-0.031137
-0.043900
-0.049177
-0.056708
-0.077276
-0.071152
-0.081108
-0.089025
-0.104902
-0.067178
-0.081455
-0.110880
-0.105860
-0.086054
-0.082818
-0.078633
-0.088841
-0.087506
-0.090294
-0.085196
-0.091338
-0.097842
-0.098994
-0.091003
-0.111332
-0.109321
-0.103702
-0.109817
-0.106716
-0.108067
-0.111415
-0.106412
-0.112701
-0.106889
-0.109109
-0.113327
-0.111305
-0.108070
-0.108688
-0.107379
-0.111770
-0.107220
-0.108649
-0.110845
-0.110797
-0.109831
-0.109630
-0.110307
-0.109085
-0.108810
-0.112006
-0.106703
-0.110049
-0.108217
-0.106441
-0.110982
-0.104214
-0.108244
-0.112071
-0.102942
-0.111532
-0.105487
-0.107907
-0.112397
-0.103152
-0.108708
-0.111684
-0.107030
-0.111649
-0.107502
-0.103170
-0.110826
-0.111486
-0.110453
-0.105259
-0.110419
-0.107938
-0.111705
-0.105381
0.542883
0.801489
0.063145
-0.033660
-0.077404
-0.025009
-0.072099
-0.103451
-0.108542
-0.105254
-0.096818
-0.093510
-0.095814
-0.109174
-0.092298
-0.095271
-0.109072
-0.081647
-0.085434
-0.084204
-0.103071
-0.092549
-0.091812
-0.101006
-0.100094
-0.106094
-0.102149
-0.100561
-0.111730
-0.108047
-0.104864
-0.107775
-0.109990
-0.110526
-0.104247
-0.105462
-0.108535
-0.109596
-0.106481
-0.108040
-0.108897
-0.109330
-0.111085
-0.106238
-0.108473
-0.111110
-0.111290
-0.111982
-0.112372
-0.111647
-0.111049
-0.111626
-0.113004
-0.111232
-0.112306
-0.110855
-0.110283
-0.112216
-0.111734
-0.110359
-0.109359
-0.113528
-0.109251
-0.112248
-0.112705
-0.112490
-0.111704
-0.113515
-0.113191
-0.112981
-0.112243
-0.113013
-0.112218
-0.112197
-0.113065
-0.111914
-0.112158
-0.112973
-0.111910
-0.113559
-0.110823
-0.113498
-0.111705
-0.112391
-0.113039
-0.112260
-0.112862
-0.112707
-0.112899
-0.113536
-0.112462
-0.112464
-0.113193
-0.113910
-0.112490
-0.112954
-0.111868
-0.113713
-0.113490
-0.112196
-0.077747
1.485470
0.244978
-0.074589
-0.052456
0.047249
-0.027428
-0.094580
-0.102990
-0.091850
-0.071045
-0.094023
-0.092545
-0.094431
-0.079709
-0.085849
-0.091469
-0.084403
-0.086703
-0.087479
-0.094725
-0.078930
-0.081228
-0.081566
-0.092890
-0.087360
-0.091896
-0.083834
-0.109278
-0.109591
-0.109183
-0.112613
-0.106685
-0.101847
-0.091198
-0.101954
-0.097587
-0.107270
-0.101989
-0.107830
-0.105188
-0.107258
-0.113975
-0.106640
-0.110395
-0.112976
-0.108804
-0.111177
-0.108090
-0.111846
-0.110567
-0.108822
-0.113340
-0.108916
-0.110998
-0.109069
-0.107117
-0.111549
-0.112596
-0.107177
-0.105980
-0.113509
-0.105707
-0.110713
-0.113797
-0.111422
-0.110239
-0.114535
-0.112888
-0.112346
-0.111627
-0.112256
-0.111732
-0.111489
-0.111724
-0.111000
-0.111556
-0.111055
-0.112658
-0.111030
-0.111050
-0.113243
-0.111111
-0.110967
-0.111533
-0.111804
-0.110918
-0.112631
-0.111729
-0.114228
-0.113682
-0.111874
-0.113476
-0.113759
-0.112270
-0.112028
-0.112208
-0.113099
-0.113590
-0.111946
0.081416
0.346645
0.139744
-0.026882
-0.045682
-0.019288
-0.068637
-0.079634
-0.090662
-0.077894
-0.089923
-0.092277
-0.078502
-0.094832
-0.090945
-0.098060
-0.108697
-0.087822
-0.095154
-0.075870
-0.104197
-0.092711
-0.093244
-0.090630
-0.096317
-0.109478
-0.094136
-0.086685
-0.102477
-0.102104
-0.098187
-0.103626
-0.106851
-0.104012
-0.096682
-0.099884
-0.108392
-0.106048
-0.100082
-0.107211
-0.104566
-0.107602
-0.107005
-0.106016
-0.107559
-0.106608
-0.108449
-0.109073
-0.107344
-0.106300
-0.108910
-0.107820
-0.109018
-0.108230
-0.108149
-0.107923
-0.107441
-0.109056
-0.109228
-0.107719
-0.109530
-0.110664
-0.107352
-0.107587
-0.109873
-0.109684
-0.108796
-0.109838
-0.110033
-0.109631
-0.108559
-0.109943
-0.109439
-0.109501
-0.109679
-0.109374
-0.109504
-0.109643
-0.109474
-0.110669
-0.107500
-0.110849
-0.109507
-0.109452
-0.109348
-0.109349
-0.110792
-0.109378
-0.108596
-0.110955
-0.109393
-0.109277
-0.110726
-0.110684
-0.109724
-0.109728
-0.109762
-0.110901
-0.109558
-0.108877
-1.693514
0.192580
-1.113891
-2.193555
-0.114968
-0.114971
0.355557
0.169100
0.850999
-0.191382
-0.114968
-0.114971
3.297726
0.123589
3.705624
2.774360
-0.114970
-0.114969
0.262279
0.466671
1.241870
-0.588659
-0.114968
-0.114973
-0.359064
0.296878
0.469899
-0.911521
-0.114966
-0.114971
-0.560900
0.447765
0.432103
-1.629758
-0.114967
-0.114972
8.836848
0.639498
10.171224
7.737729
-0.114967
-0.114972
1.463774
0.027501
0.020054
-0.038877
-0.089853
-0.102109
-0.094281
-0.099303
-0.103429
-0.102266
-0.103248
-0.109120
-0.103192
-0.111508
-0.103212
-0.108910
-0.110572
-0.109846
-0.109664
-0.113444
-0.110966
-0.111686
-0.112394
-0.111784
-0.112366
-0.113088
-0.111109
-0.112226
-0.112978
-0.104464
-0.113246
-0.110961
-0.114321
-0.106815
-0.114357
-0.113653
-0.112899
-0.113663
-0.113424
-0.113089
-0.113305
-0.113487
-0.112564
-0.113558
-0.112238
-0.113892
-0.112940
-0.112704
-0.112427
-0.113400
-0.112758
-0.113384
-0.113307
-0.113286
-0.113436
-0.113340
-0.113175
-0.113510
-0.113350
-0.112203
-0.114840
-0.113197
-0.113597
-0.112926
-0.113006
-0.112778
-0.113132
-0.113383
-0.113292
-0.113384
-0.113513
-0.113457
-0.113397
-0.113672
-0.113224
-0.113859
-0.113229
-0.113585
-0.113723
-0.113184
-0.113339
-0.113442
-0.113378
-0.113354
-0.113438
-0.113477
-0.113565
-0.113617
-0.113582
-0.113622
-0.113939
-0.112930
-0.113520
-0.113594
-0.113410
-0.113499
-0.113585
-0.113612
-0.113481
-0.113448
0.354990
0.066285
-0.073183
-0.058572
-0.085584
-0.097852
-0.095658
-0.105971
-0.107524
-0.106727
-0.109082
-0.105744
-0.111343
-0.106205
-0.107899
-0.108016
-0.112042
-0.110917
-0.113220
-0.109323
-0.112199
-0.110942
-0.111298
-0.111167
-0.111253
-0.113162
-0.112166
-0.113505
-0.112112
-0.108783
-0.110998
-0.110796
-0.113427
-0.110025
-0.113523
-0.113536
-0.112663
-0.113477
-0.112824
-0.112655
-0.113025
-0.112782
-0.113401
-0.112705
-0.113450
-0.113454
-0.113325
-0.112855
-0.113194
-0.112885
-0.113635
-0.113193
-0.113450
-0.113480
-0.113463
-0.113530
-0.113229
-0.113233
-0.113059
-0.113101
-0.114120
-0.113481
-0.113927
-0.112907
-0.113696
-0.113024
-0.113337
-0.113605
-0.113432
-0.113600
-0.113699
-0.113605
-0.113663
-0.113456
-0.113662
-0.113531
-0.113584
-0.113719
-0.113751
-0.113593
-0.113613
-0.113473
-0.113622
-0.113609
-0.113586
-0.113669
-0.113634
-0.113730
-0.113804
-0.113856
-0.113712
-0.113442
-0.113449
-0.113532
-0.113885
-0.113626
-0.113911
-0.113717
-0.113634
-0.113634
3.297457
-0.040805
-0.001008
-0.020072
-0.101319
-0.111485
-0.104107
-0.107326
-0.109003
-0.109286
-0.108783
-0.112551
-0.113145
-0.111144
-0.111374
-0.111896
-0.109796
-0.111329
-0.112354
-0.110596
-0.112294
-0.113310
-0.113380
-0.113135
-0.113358
-0.113297
-0.112670
-0.111689
-0.108112
-0.107360
-0.114541
-0.113263
-0.114392
-0.108703
-0.110902
-0.113512
-0.114002
-0.114716
-0.114530
-0.114387
-0.113866
-0.114341
-0.114039
-0.113603
-0.113501
-0.114100
-0.113312
-0.113852
-0.114293
-0.114017
-0.114671
-0.114554
-0.114456
-0.114274
-0.114431
-0.114357
-0.114389
-0.114237
-0.114377
-0.113416
-0.113726
-0.114174
-0.114289
-0.114034
-0.114089
-0.113230
-0.114097
-0.114384
-0.114234
-0.114336
-0.114380
-0.114545
-0.114388
-0.114401
-0.114722
-0.114669
-0.114369
-0.114588
-0.114549
-0.114370
-0.114509
-0.114290
-0.114385
-0.114403
-0.114519
-0.114484
-0.114598
-0.114601
-0.114633
-0.114511
-0.114132
-0.114204
-0.114565
-0.114693
-0.114478
-0.114144
-0.114803
-0.114704
-0.114532
-0.114656
0.258829
0.275488
-0.007712
-0.045684
-0.103698
-0.107786
-0.106321
-0.109598
-0.109912
-0.110777
-0.111117
-0.111125
-0.111536
-0.111371
-0.111627
-0.111846
-0.111873
-0.112100
-0.112458
-0.112495
-0.112889
-0.112978
-0.113226
-0.113481
-0.113454
-0.113829
-0.113279
-0.110441
-0.111412
-0.108748
-0.108392
-0.112291
-0.107166
-0.112365
-0.111035
-0.111921
-0.112696
-0.113027
-0.113160
-0.113316
-0.113438
-0.113529
-0.113646
-0.113763
-0.113762
-0.113902
-0.113862
-0.113740
-0.113834
-0.113713
-0.113716
-0.113681
-0.113671
-0.113708
-0.113718
-0.113805
-0.113766
-0.113928
-0.114726
-0.113285
-0.113836
-0.112449
-0.114087
-0.113136
-0.113381
-0.113946
-0.114359
-0.114329
-0.114266
-0.114197
-0.114167
-0.114124
-0.114113
-0.114199
-0.113953
-0.114379
-0.113976
-0.113951
-0.114458
-0.114063
-0.114349
-0.114280
-0.114278
-0.114282
-0.114224
-0.114189
-0.114119
-0.114123
-0.114080
-0.113770
-0.114385
-0.113497
-0.114682
-0.114174
-0.113533
-0.114488
-0.113910
-0.114099
-0.114119
-0.114123
0.125083
0.079061
0.099761
-0.074391
-0.106949
-0.101132
-0.107279
-0.113183
-0.112699
-0.113390
-0.113182
-0.113527
-0.113488
-0.113567
-0.113455
-0.113477
-0.113671
-0.113734
-0.113795
-0.114024
-0.114110
-0.114397
-0.114521
-0.114770
-0.114481
-0.113828
-0.113273
-0.114537
-0.110054
-0.105921
-0.110320
-0.113651
-0.111424
-0.106533
-0.111622
-0.113421
-0.114411
-0.114522
-0.114075
-0.114206
-0.114223
-0.114350
-0.114394
-0.114383
-0.114541
-0.114593
-0.114579
-0.114491
-0.114367
-0.114357
-0.114313
-0.114288
-0.114255
-0.114274
-0.114264
-0.114354
-0.114190
-0.113995
-0.114267
-0.114255
-0.112706
-0.113463
-0.114310
-0.114570
-0.112845
-0.114694
-0.114837
-0.114556
-0.114508
-0.114577
-0.114528
-0.114533
-0.114525
-0.114519
-0.114710
-0.114426
-0.114303
-0.114285
-0.114384
-0.114604
-0.114696
-0.114700
-0.114689
-0.114645
-0.114589
-0.114531
-0.114465
-0.114383
-0.114352
-0.114341
-0.113888
-0.114780
-0.114809
-0.114613
-0.114357
-0.113833
-0.114268
-0.114372
-0.114487
-0.114548
0.335894
0.267361
-0.046317
-0.032603
-0.078626
-0.096101
-0.103736
-0.107959
-0.108978
-0.110005
-0.111115
-0.111440
-0.111635
-0.112061
-0.112111
-0.112288
-0.112613
-0.112775
-0.112942
-0.113262
-0.113480
-0.113698
-0.114070
-0.114268
-0.114128
-0.114497
-0.114643
-0.113249
-0.110084
-0.110913
-0.106503
-0.112885
-0.105471
-0.113884
-0.109881
-0.112500
-0.112995
-0.113058
-0.113202
-0.113465
-0.113616
-0.113719
-0.113805
-0.113945
-0.113892
-0.114049
-0.114074
-0.113896
-0.113985
-0.113911
-0.113896
-0.113918
-0.113961
-0.113975
-0.114027
-0.114123
-0.114141
-0.114111
-0.113880
-0.113152
-0.114030
-0.112573
-0.113935
-0.113543
-0.114088
-0.114430
-0.114663
-0.114732
-0.114729
-0.114670
-0.114615
-0.114589
-0.114587
-0.114671
-0.114453
-0.114845
-0.114374
-0.114294
-0.114695
-0.114472
-0.114681
-0.114708
-0.114685
-0.114644
-0.114591
-0.114548
-0.114528
-0.114510
-0.114476
-0.114435
-0.114801
-0.114161
-0.114489
-0.114769
-0.113849
-0.114725
-0.114264
-0.114471
-0.114524
-0.114530
