-2.487799
1.220412
0.651309
-6.080386
-0.115898
-0.115898
0.209220
0.455302
1.719552
-1.641866
-0.115898
-0.115896
2.653447
1.183520
5.874866
-0.093353
-0.115898
-0.115901
-0.249670
1.115542
1.918031
-2.471385
-0.115897
-0.115902
-0.164175
2.748680
4.645146
-5.446330
-0.115897
-0.115902
0.058991
0.689094
1.695245
-1.096382
-0.115896
-0.115902
13.474882
-0.112782
13.480217
13.471423
-0.115895
-0.115902
9.165340
2.545854
13.114568
4.969589
-0.115898
-0.115903
2.257916
0.324991
0.058144
-0.025036
-0.063065
-0.041575
-0.030511
0.014199
-0.010507
-0.029721
-0.044205
-0.004452
0.017646
-0.018708
0.123841
0.106973
0.041815
-0.010250
0.195948
0.037971
0.142023
0.002382
0.032118
0.024436
0.067644
-0.046740
-0.063800
-0.082375
-0.088311
0.046990
0.058570
-0.052071
-0.069807
-0.071874
-0.068361
-0.031466
-0.047449
-0.027373
-0.061566
-0.005808
-0.079230
-0.049182
-0.068669
-0.066781
-0.076742
-0.060269
-0.099348
-0.089889
-0.094628
-0.106965
-0.100709
-0.097671
-0.104300
-0.107737
-0.104837
-0.112166
-0.106527
-0.109376
-0.106840
-0.106457
-0.107596
-0.105753
-0.105700
-0.108394
-0.111618
-0.112262
-0.103052
-0.106547
-0.108587
-0.105126
-0.108951
-0.102648
-0.105532
-0.100829
-0.106387
-0.101637
-0.102782
-0.087429
-0.102666
-0.090515
-0.107581
-0.104072
-0.100562
-0.092134
-0.102052
-0.108126
-0.109526
-0.104273
-0.097861
-0.099773
-0.097990
-0.100061
-0.106595
-0.108585
-0.105056
-0.108585
-0.113419
-0.099155
-0.107827
-0.103661
0.213642
0.034270
0.002848
-0.082715
-0.049224
-0.079457
-0.083943
-0.061891
-0.072901
-0.061690
-0.113846
-0.101104
-0.034800
-0.096764
0.004902
-0.056467
-0.087242
-0.096231
0.035721
-0.049170
-0.017859
-0.058486
-0.058003
-0.041695
-0.042441
-0.101527
-0.042319
-0.055198
-0.061964
-0.100351
-0.101463
-0.063509
-0.072996
-0.086822
-0.089362
-0.063423
-0.082631
-0.094640
-0.086994
-0.071148
-0.093613
-0.085601
-0.104107
-0.091933
-0.102912
-0.092339
-0.110141
-0.100758
-0.112227
-0.113239
-0.110731
-0.112600
-0.113151
-0.114328
-0.114183
-0.112725
-0.114056
-0.113048
-0.114626
-0.114772
-0.113763
-0.114851
-0.114846
-0.115125
-0.112861
-0.114817
-0.112382
-0.113402
-0.115186
-0.115013
-0.115397
-0.111909
-0.114751
-0.108067
-0.111603
-0.111890
-0.115147
-0.101056
-0.109730
-0.110308
-0.111042
-0.107472
-0.108042
-0.109796
-0.112047
-0.104623
-0.107926
-0.111214
-0.111861
-0.111269
-0.109237
-0.111107
-0.114092
-0.110254
-0.105518
-0.113493
-0.113314
-0.109806
-0.111293
-0.114434
2.649428
0.654565
0.069361
-0.050506
-0.037616
-0.079290
-0.060081
-0.055484
-0.018801
-0.091841
-0.086622
-0.097344
-0.088366
-0.094760
-0.016256
-0.029977
-0.035683
-0.056282
0.037535
-0.008084
0.041782
-0.060822
-0.016639
-0.040179
0.008009
-0.052520
-0.065667
-0.045952
-0.087653
-0.014997
-0.023587
-0.079391
-0.055187
-0.083067
-0.070078
-0.056543
-0.075504
-0.059933
-0.085545
-0.051197
-0.083329
-0.083853
-0.086877
-0.092564
-0.100867
-0.088068
-0.113973
-0.108542
-0.111442
-0.112166
-0.113551
-0.105550
-0.105916
-0.112459
-0.112496
-0.114173
-0.110837
-0.109432
-0.107486
-0.111412
-0.111268
-0.110590
-0.110868
-0.109298
-0.114163
-0.114309
-0.110629
-0.112154
-0.111257
-0.111639
-0.112042
-0.111054
-0.114092
-0.110002
-0.112279
-0.107665
-0.109932
-0.099556
-0.106368
-0.101122
-0.111206
-0.107211
-0.107586
-0.101141
-0.106758
-0.109911
-0.108424
-0.108573
-0.104535
-0.107193
-0.106353
-0.103649
-0.111219
-0.108393
-0.107279
-0.110326
-0.112911
-0.105606
-0.110384
-0.107493
0.021700
0.719989
0.031465
-0.023212
-0.098947
-0.054669
-0.111026
-0.026632
-0.042921
-0.094713
-0.077362
-0.108733
-0.110376
-0.092598
-0.075865
-0.103746
-0.102130
-0.102093
-0.087566
-0.100620
-0.096149
-0.107316
-0.104534
-0.108322
-0.090445
-0.109982
-0.109879
-0.092933
-0.107357
-0.097855
-0.101947
-0.101023
-0.095160
-0.109500
-0.111854
-0.105684
-0.112584
-0.107695
-0.113969
-0.111754
-0.110653
-0.113351
-0.112945
-0.109584
-0.113359
-0.112156
-0.112468
-0.112409
-0.115451
-0.113701
-0.114107
-0.112203
-0.112606
-0.113342
-0.114056
-0.114115
-0.113145
-0.115098
-0.108356
-0.113185
-0.112113
-0.111930
-0.111933
-0.113975
-0.113895
-0.115024
-0.114681
-0.114211
-0.114335
-0.114768
-0.114397
-0.114629
-0.114492
-0.113787
-0.114230
-0.114165
-0.114753
-0.113894
-0.114010
-0.115072
-0.115351
-0.114279
-0.114813
-0.113847
-0.114256
-0.113995
-0.112736
-0.114001
-0.114082
-0.113080
-0.115478
-0.113960
-0.115034
-0.114636
-0.114531
-0.114521
-0.112642
-0.114741
-0.114201
-0.114694
-0.056930
1.836044
0.130772
0.157719
-0.028512
-0.033080
-0.098165
0.064912
0.036078
-0.069189
-0.051989
-0.085109
-0.092453
-0.106073
-0.038850
-0.074167
-0.030995
-0.082391
-0.039239
-0.051596
-0.058119
-0.076883
-0.064719
-0.015368
-0.051058
-0.096640
-0.105876
-0.053812
-0.092670
-0.061045
-0.067711
-0.085368
-0.070633
-0.100851
-0.085586
-0.087800
-0.073781
-0.087021
-0.093241
-0.100434
-0.096144
-0.102954
-0.103581
-0.103529
-0.107003
-0.097867
-0.113622
-0.110953
-0.108337
-0.113437
-0.111815
-0.105311
-0.105820
-0.113082
-0.113169
-0.113838
-0.113464
-0.114409
-0.099271
-0.114897
-0.106904
-0.110922
-0.106420
-0.113129
-0.113561
-0.114843
-0.111479
-0.112171
-0.112940
-0.111379
-0.115061
-0.113112
-0.112398
-0.113894
-0.113139
-0.107471
-0.115168
-0.110624
-0.110987
-0.110786
-0.111844
-0.112626
-0.106496
-0.107431
-0.114258
-0.114393
-0.109134
-0.113519
-0.110942
-0.109337
-0.113849
-0.109781
-0.113089
-0.110576
-0.112680
-0.112301
-0.108661
-0.111874
-0.113117
-0.111623
0.056579
0.421057
-0.007312
-0.044154
-0.100611
-0.081470
-0.106946
-0.083141
-0.072945
-0.102243
-0.085343
-0.101594
-0.103747
-0.083023
-0.085243
-0.109182
-0.099730
-0.109210
-0.075160
-0.080261
-0.080934
-0.095388
-0.108815
-0.096193
-0.095653
-0.113363
-0.099149
-0.097914
-0.098081
-0.091982
-0.090006
-0.093942
-0.099754
-0.105089
-0.111803
-0.105568
-0.107616
-0.110306
-0.106518
-0.103786
-0.102909
-0.109393
-0.113131
-0.108053
-0.114299
-0.112007
-0.111680
-0.113098
-0.114324
-0.113112
-0.114874
-0.113821
-0.114869
-0.114408
-0.115125
-0.115738
-0.115210
-0.115181
-0.111302
-0.115258
-0.113207
-0.114059
-0.113399
-0.115381
-0.114850
-0.115779
-0.115526
-0.114689
-0.115424
-0.114803
-0.115670
-0.114761
-0.114831
-0.114449
-0.115509
-0.115310
-0.115516
-0.112508
-0.113244
-0.113569
-0.113928
-0.114442
-0.113182
-0.113786
-0.115468
-0.113557
-0.114057
-0.115214
-0.114104
-0.111979
-0.113494
-0.113286
-0.114340
-0.115610
-0.114259
-0.114358
-0.114057
-0.114704
-0.112893
-0.113715
-1.828835
0.081116
-1.488560
-2.160812
-0.115897
-0.115901
-0.207591
0.076777
0.131855
-0.541475
-0.115897
-0.115901
3.124439
0.062495
3.410652
2.807216
-0.115897
-0.115901
0.337024
0.285023
1.108758
-0.423300
-0.115899
-0.115900
-0.172589
0.346740
0.765275
-0.812375
-0.115895
-0.115900
-0.563529
0.405150
0.556502
-1.400721
-0.115897
-0.115901
8.109189
0.615156
9.170907
7.137881
-0.115897
-0.115903
1.595835
-0.030978
-0.018611
-0.082267
-0.096929
-0.102381
-0.107670
-0.108650
-0.108794
-0.108016
-0.111370
-0.110559
-0.108096
-0.112690
-0.105637
-0.106463
-0.104677
-0.109779
-0.106803
-0.108793
-0.110839
-0.112898
-0.113408
-0.114060
-0.111733
-0.112156
-0.110780
-0.114532
-0.113372
-0.111893
-0.112798
-0.112019
-0.111391
-0.112036
-0.114184
-0.114234
-0.114398
-0.113560
-0.114079
-0.114215
-0.114438
-0.113683
-0.114751
-0.113919
-0.115133
-0.115542
-0.115138
-0.114609
-0.114695
-0.114372
-0.114713
-0.114921
-0.114713
-0.114592
-0.114701
-0.115377
-0.114562
-0.114276
-0.115000
-0.114089
-0.114616
-0.114173
-0.115451
-0.115086
-0.114528
-0.114774
-0.114805
-0.114879
-0.114951
-0.115020
-0.114835
-0.114427
-0.114679
-0.114427
-0.114519
-0.114565
-0.114918
-0.114757
-0.115022
-0.115239
-0.115026
-0.115022
-0.114914
-0.115049
-0.115016
-0.114729
-0.115154
-0.114885
-0.114758
-0.114970
-0.115147
-0.114946
-0.114871
-0.115097
-0.114844
-0.115009
-0.115056
-0.115274
-0.115107
-0.115142
-0.025665
-0.003934
-0.079520
-0.064488
-0.093758
-0.092995
-0.104031
-0.105193
-0.103752
-0.107340
-0.113000
-0.114708
-0.112741
-0.104374
-0.111842
-0.111344
-0.105649
-0.113062
-0.112235
-0.110815
-0.109882
-0.113458
-0.113383
-0.113095
-0.113847
-0.113474
-0.114075
-0.110776
-0.111755
-0.111452
-0.112366
-0.109867
-0.113043
-0.115761
-0.114422
-0.114026
-0.113414
-0.113796
-0.113976
-0.113597
-0.113939
-0.113711
-0.113533
-0.113209
-0.113527
-0.114429
-0.112536
-0.114154
-0.113896
-0.113926
-0.113777
-0.113970
-0.114147
-0.114137
-0.114047
-0.114445
-0.114271
-0.114660
-0.114753
-0.113713
-0.114217
-0.113535
-0.114059
-0.114218
-0.114160
-0.114403
-0.114380
-0.114332
-0.114581
-0.114535
-0.114238
-0.114144
-0.114152
-0.114866
-0.114169
-0.114303
-0.114497
-0.114425
-0.114505
-0.114564
-0.114543
-0.114480
-0.114314
-0.114492
-0.114449
-0.114350
-0.114207
-0.114432
-0.114575
-0.114571
-0.114608
-0.114752
-0.114751
-0.114425
-0.114600
-0.114269
-0.114539
-0.114547
-0.114409
-0.114488
3.125220
-0.010002
-0.057080
-0.101783
-0.106339
-0.096543
-0.104377
-0.110612
-0.114206
-0.114092
-0.107988
-0.112773
-0.109350
-0.112989
-0.109200
-0.106753
-0.111138
-0.113488
-0.111843
-0.114431
-0.112171
-0.114912
-0.115642
-0.114399
-0.113156
-0.112116
-0.113855
-0.114312
-0.113875
-0.113294
-0.115698
-0.113626
-0.112705
-0.115241
-0.115582
-0.114594
-0.115004
-0.115540
-0.115679
-0.115658
-0.114987
-0.115381
-0.114923
-0.115420
-0.114662
-0.114533
-0.115218
-0.115487
-0.115224
-0.115654
-0.115258
-0.115726
-0.115844
-0.115632
-0.115357
-0.115052
-0.115271
-0.115494
-0.115716
-0.115314
-0.115803
-0.115400
-0.115018
-0.115678
-0.115732
-0.115617
-0.115713
-0.115811
-0.115864
-0.115717
-0.115683
-0.115671
-0.115561
-0.115679
-0.115424
-0.115542
-0.115656
-0.115731
-0.115810
-0.115783
-0.115748
-0.115833
-0.115816
-0.115823
-0.115715
-0.115666
-0.115597
-0.115754
-0.115880
-0.115665
-0.115860
-0.115732
-0.115582
-0.115745
-0.115733
-0.115746
-0.115698
-0.115747
-0.115756
-0.115739
0.336943
0.138172
-0.027432
-0.078939
-0.067003
-0.088290
-0.095378
-0.097082
-0.100130
-0.101114
-0.104192
-0.104589
-0.105459
-0.106061
-0.107029
-0.107418
-0.108016
-0.108551
-0.109003
-0.109175
-0.109735
-0.109689
-0.110068
-0.110386
-0.110992
-0.111893
-0.110716
-0.107183
-0.114607
-0.104233
-0.107964
-0.112098
-0.107555
-0.111826
-0.112087
-0.111734
-0.111977
-0.112161
-0.112165
-0.112272
-0.112217
-0.112406
-0.112467
-0.112511
-0.112541
-0.112624
-0.112665
-0.112755
-0.112752
-0.112851
-0.112670
-0.112964
-0.113092
-0.113063
-0.113046
-0.112903
-0.113600
-0.113025
-0.112904
-0.112569
-0.112692
-0.112381
-0.112724
-0.112575
-0.113322
-0.113310
-0.113238
-0.113249
-0.113248
-0.113332
-0.113315
-0.113333
-0.113356
-0.113368
-0.113363
-0.113379
-0.113401
-0.113485
-0.113378
-0.113431
-0.113364
-0.113437
-0.113345
-0.113426
-0.113329
-0.113390
-0.113221
-0.113812
-0.112980
-0.113924
-0.114210
-0.113277
-0.114001
-0.113630
-0.113582
-0.113588
-0.113577
-0.113563
-0.113574
-0.113575
-0.056520
0.158961
0.034164
-0.064937
-0.063250
-0.095948
-0.093084
-0.097277
-0.099392
-0.101486
-0.103620
-0.104625
-0.105395
-0.105906
-0.106755
-0.107597
-0.108171
-0.108445
-0.108600
-0.109043
-0.109599
-0.110330
-0.110522
-0.110619
-0.111264
-0.110253
-0.111628
-0.107096
-0.104396
-0.108162
-0.109931
-0.102832
-0.112341
-0.112133
-0.111595
-0.111956
-0.111450
-0.111672
-0.112037
-0.112212
-0.112249
-0.112171
-0.112219
-0.112388
-0.112554
-0.112592
-0.112517
-0.112531
-0.112576
-0.112758
-0.112873
-0.112785
-0.112673
-0.112813
-0.113028
-0.112799
-0.113592
-0.112364
-0.114078
-0.112067
-0.113006
-0.111086
-0.113472
-0.112245
-0.113147
-0.112876
-0.113095
-0.113211
-0.113260
-0.113220
-0.113159
-0.113172
-0.113229
-0.113292
-0.113301
-0.113279
-0.113239
-0.113376
-0.113230
-0.113544
-0.113082
-0.113269
-0.113006
-0.113513
-0.113114
-0.113455
-0.112877
-0.113249
-0.113789
-0.113472
-0.113412
-0.114044
-0.113759
-0.113298
-0.113477
-0.113423
-0.113509
-0.113527
-0.113496
-0.113454
0.331294
0.213832
-0.048787
-0.018155
-0.060578
-0.067638
-0.080966
-0.086911
-0.091423
-0.093935
-0.096641
-0.098341
-0.099757
-0.101064
-0.102031
-0.102965
-0.103720
-0.104432
-0.105122
-0.105765
-0.106067
-0.106204
-0.106909
-0.107101
-0.108173
-0.107980
-0.106361
-0.101784
-0.107878
-0.103949
-0.106736
-0.112038
-0.105361
-0.112487
-0.111986
-0.111219
-0.111028
-0.111324
-0.111202
-0.111296
-0.111347
-0.111438
-0.111558
-0.111612
-0.111645
-0.111710
-0.111833
-0.111909
-0.111947
-0.112046
-0.112012
-0.112219
-0.112360
-0.112334
-0.112443
-0.112761
-0.112785
-0.113223
-0.111492
-0.113044
-0.111693
-0.113270
-0.111138
-0.112162
-0.112300
-0.112653
-0.112668
-0.112657
-0.112660
-0.112727
-0.112776
-0.112810
-0.112833
-0.112838
-0.112866
-0.112911
-0.112975
-0.112970
-0.113011
-0.112687
-0.113037
-0.112790
-0.113052
-0.112667
-0.112939
-0.112856
-0.112950
-0.113479
-0.112899
-0.113397
-0.113563
-0.112923
-0.113584
-0.113243
-0.113142
-0.113150
-0.113166
-0.113140
-0.113165
-0.113181
