-2.577815
1.119046
0.723464
-6.418241
-0.109753
-0.109750
0.273285
0.257728
1.265909
-0.587083
-0.109752
-0.109753
2.554052
1.069686
4.835850
0.281933
-0.109752
-0.109755
-0.583516
1.107785
1.536760
-2.745882
-0.109751
-0.109755
-0.227753
2.825775
4.328650
-6.152232
-0.109752
-0.109755
0.235397
0.585979
1.784161
-0.840648
-0.109749
-0.109755
13.347409
-0.107911
13.351423
13.344856
-0.109748
-0.109754
9.380686
2.494971
13.251716
5.027188
-0.109752
-0.109756
2.353632
0.406450
0.007148
-0.045964
-0.085279
-0.045032
-0.023921
-0.089014
-0.042147
-0.104659
-0.013446
0.095657
0.037923
0.017640
-0.056576
0.069904
-0.048090
-0.024970
0.036544
0.066752
-0.029658
0.039218
-0.029143
-0.039237
0.088387
0.087567
0.021917
-0.017346
0.079944
-0.082126
-0.065361
-0.096372
-0.029827
-0.031271
-0.001280
-0.024908
0.051869
-0.058464
-0.074480
-0.067914
-0.080533
-0.076916
-0.043803
-0.078085
-0.086209
-0.097108
-0.082809
-0.093708
-0.087664
-0.078877
-0.094853
-0.099642
-0.105431
-0.105796
-0.106394
-0.104382
-0.108219
-0.107718
-0.105873
-0.107941
-0.106416
-0.108178
-0.103772
-0.104558
-0.103452
-0.106112
-0.105423
-0.106092
-0.106572
-0.105287
-0.109116
-0.105528
-0.096852
-0.099854
-0.098986
-0.102320
-0.107223
-0.106756
-0.104725
-0.094990
-0.096040
-0.097073
-0.098608
-0.101799
-0.099892
-0.091930
-0.104009
-0.081566
-0.093566
-0.088159
-0.100590
-0.100550
-0.104427
-0.093260
-0.104228
-0.087803
-0.104634
-0.094126
-0.094493
-0.102901
0.276831
-0.017310
0.005239
-0.063861
-0.073072
-0.044364
-0.057420
-0.103738
-0.088383
-0.074367
-0.081137
-0.053887
-0.076914
-0.078581
-0.087363
-0.066439
-0.071455
-0.083335
-0.065125
-0.043559
-0.041851
-0.078052
-0.091232
-0.097153
-0.080007
-0.057403
-0.096438
-0.084904
-0.069653
-0.097649
-0.105406
-0.096153
-0.085825
-0.089262
-0.101629
-0.089570
-0.078444
-0.102920
-0.092315
-0.096018
-0.094752
-0.102780
-0.087859
-0.104270
-0.096269
-0.101749
-0.104110
-0.105249
-0.103190
-0.098062
-0.105222
-0.102961
-0.107559
-0.105944
-0.104308
-0.108539
-0.105126
-0.106534
-0.106890
-0.105790
-0.105542
-0.105806
-0.106096
-0.107575
-0.106331
-0.106181
-0.108113
-0.106595
-0.107040
-0.104928
-0.107513
-0.108910
-0.103401
-0.105647
-0.105838
-0.105821
-0.108156
-0.108565
-0.106067
-0.104012
-0.108231
-0.105459
-0.105264
-0.104653
-0.107593
-0.104266
-0.107067
-0.106486
-0.104039
-0.105164
-0.106519
-0.105393
-0.108058
-0.102892
-0.106706
-0.104507
-0.109315
-0.104947
-0.105335
-0.102324
2.546594
0.644361
-0.032044
0.006545
0.024409
-0.006512
-0.049590
-0.085422
-0.094448
-0.105713
-0.087351
-0.070277
-0.087700
-0.073457
-0.087975
-0.054171
-0.104111
-0.093403
-0.054242
-0.063630
-0.086872
-0.088484
-0.088272
-0.104722
-0.030294
-0.027885
-0.072661
-0.043014
0.022559
-0.091659
-0.067042
-0.087861
-0.029110
-0.053994
-0.058869
-0.071983
-0.033641
-0.100065
-0.094352
-0.106638
-0.094859
-0.105912
-0.088876
-0.101224
-0.107004
-0.105525
-0.105174
-0.102972
-0.102989
-0.103622
-0.107254
-0.105022
-0.106941
-0.108287
-0.102399
-0.104689
-0.105247
-0.106871
-0.107157
-0.108634
-0.104247
-0.106470
-0.102696
-0.102372
-0.105538
-0.107123
-0.107513
-0.107629
-0.107669
-0.108614
-0.108195
-0.106719
-0.107301
-0.105857
-0.106581
-0.106462
-0.106264
-0.107378
-0.107123
-0.102776
-0.107875
-0.105930
-0.108081
-0.105175
-0.107217
-0.100609
-0.102550
-0.093254
-0.099064
-0.102713
-0.105263
-0.100185
-0.105995
-0.097339
-0.105970
-0.099748
-0.102215
-0.102878
-0.104819
-0.104646
0.363665
0.692536
0.073297
0.043478
-0.038476
0.016928
-0.061392
-0.079632
-0.096638
-0.092705
-0.091951
-0.096200
-0.079404
-0.103356
-0.085332
-0.067134
-0.096478
-0.075388
-0.087318
-0.094867
-0.102457
-0.086678
-0.103229
-0.087808
-0.079990
-0.078253
-0.092007
-0.104358
-0.095998
-0.093018
-0.108449
-0.096905
-0.094112
-0.097245
-0.105358
-0.097891
-0.088467
-0.093470
-0.103827
-0.102797
-0.107205
-0.108039
-0.107477
-0.100977
-0.105688
-0.106465
-0.103647
-0.104502
-0.103604
-0.104778
-0.103893
-0.106471
-0.107349
-0.105662
-0.108132
-0.105811
-0.106639
-0.105401
-0.104704
-0.101781
-0.106062
-0.105817
-0.101198
-0.104348
-0.105934
-0.106023
-0.106401
-0.108599
-0.107275
-0.107043
-0.106212
-0.106758
-0.106719
-0.105362
-0.105777
-0.105753
-0.106870
-0.107023
-0.107765
-0.107183
-0.106710
-0.108722
-0.105638
-0.106864
-0.105539
-0.104626
-0.105376
-0.107069
-0.107223
-0.106923
-0.107016
-0.106174
-0.104996
-0.108468
-0.105428
-0.108005
-0.105833
-0.105454
-0.105695
-0.106678
0.015323
1.879452
0.137630
0.206250
0.123461
0.141535
-0.063447
-0.071768
-0.063965
-0.087738
-0.102169
-0.013343
-0.082916
-0.090530
-0.059473
-0.044381
-0.094484
-0.069562
-0.050594
-0.075866
-0.096296
-0.081342
-0.098352
-0.075735
-0.045436
-0.028599
-0.061307
-0.070722
-0.075002
-0.092225
-0.102000
-0.095807
-0.088850
-0.103470
-0.087740
-0.069804
-0.058670
-0.094715
-0.090231
-0.101494
-0.097924
-0.107810
-0.093743
-0.097446
-0.106421
-0.102982
-0.105964
-0.103271
-0.102045
-0.100860
-0.103941
-0.108558
-0.105573
-0.102918
-0.105230
-0.101783
-0.106267
-0.102032
-0.100032
-0.097678
-0.107838
-0.103609
-0.096433
-0.101284
-0.104241
-0.106086
-0.107404
-0.108901
-0.106070
-0.107243
-0.105872
-0.106193
-0.107826
-0.107451
-0.104533
-0.105442
-0.105628
-0.107775
-0.107889
-0.106145
-0.106214
-0.108242
-0.106518
-0.105367
-0.104785
-0.100725
-0.103871
-0.102946
-0.106972
-0.105904
-0.107845
-0.106924
-0.105403
-0.107019
-0.107579
-0.107366
-0.104491
-0.102051
-0.104519
-0.107369
0.234090
0.329725
0.047689
-0.033048
-0.099866
-0.049895
-0.082040
-0.095255
-0.083431
-0.102916
-0.094091
-0.060382
-0.096518
-0.085793
-0.094341
-0.084691
-0.100865
-0.080994
-0.079764
-0.094918
-0.064234
-0.096252
-0.091283
-0.096903
-0.097436
-0.106993
-0.085785
-0.104730
-0.100116
-0.100148
-0.097600
-0.101627
-0.091953
-0.105769
-0.101101
-0.097524
-0.098834
-0.108215
-0.103197
-0.104826
-0.094514
-0.100104
-0.103050
-0.103815
-0.106931
-0.107059
-0.109021
-0.101998
-0.107152
-0.104419
-0.106180
-0.106374
-0.107679
-0.106089
-0.107346
-0.106157
-0.107006
-0.107848
-0.107449
-0.104783
-0.108543
-0.107689
-0.105107
-0.106800
-0.107074
-0.108168
-0.106591
-0.107662
-0.108241
-0.106274
-0.107252
-0.108838
-0.106214
-0.107882
-0.107614
-0.107265
-0.106385
-0.109497
-0.106633
-0.106489
-0.108698
-0.104944
-0.107607
-0.106508
-0.107476
-0.107376
-0.107297
-0.106361
-0.108071
-0.107118
-0.107505
-0.107112
-0.106955
-0.106160
-0.108594
-0.106310
-0.108209
-0.106847
-0.108842
-0.106292
-2.073869
0.050734
-1.791109
-2.464750
-0.109753
-0.109753
-0.404571
0.086612
-0.038519
-0.672183
-0.109750
-0.109755
2.848698
0.051297
3.120049
2.555572
-0.109753
-0.109755
-0.425749
0.236349
0.601096
-0.941642
-0.109748
-0.109747
-0.156315
0.239505
0.443676
-0.727218
-0.109751
-0.109755
0.329791
0.191859
0.694030
-0.343613
-0.109753
-0.109755
8.503290
0.174920
8.864439
7.968820
-0.109753
-0.109755
1.855387
-0.035906
-0.039194
-0.100906
-0.073475
-0.093659
-0.096051
-0.104466
-0.107672
-0.106937
-0.107888
-0.103449
-0.098843
-0.099224
-0.103026
-0.106573
-0.107457
-0.102131
-0.104045
-0.104096
-0.104274
-0.107131
-0.108580
-0.107828
-0.107045
-0.108625
-0.106750
-0.105245
-0.107084
-0.107192
-0.107035
-0.109270
-0.108845
-0.105755
-0.108176
-0.108598
-0.109268
-0.108616
-0.109344
-0.109423
-0.109195
-0.109187
-0.109269
-0.108289
-0.107874
-0.109360
-0.109076
-0.109332
-0.108137
-0.108759
-0.109317
-0.108653
-0.108975
-0.109189
-0.109083
-0.108861
-0.109148
-0.108632
-0.108999
-0.108912
-0.109299
-0.108840
-0.109408
-0.109556
-0.108507
-0.108853
-0.109185
-0.109198
-0.109544
-0.109375
-0.109385
-0.109479
-0.109679
-0.109675
-0.109240
-0.109079
-0.109559
-0.109378
-0.109637
-0.109025
-0.109183
-0.109397
-0.109430
-0.109431
-0.109390
-0.109397
-0.109413
-0.109427
-0.109046
-0.109275
-0.109187
-0.109642
-0.109249
-0.109466
-0.109432
-0.109148
-0.109396
-0.109311
-0.109200
-0.109311
0.185935
0.021193
-0.086747
-0.089255
-0.090481
-0.095883
-0.096498
-0.103616
-0.103886
-0.103001
-0.101646
-0.101921
-0.107234
-0.106249
-0.106178
-0.108051
-0.108064
-0.106574
-0.107944
-0.108383
-0.106670
-0.107186
-0.106934
-0.108049
-0.107952
-0.106782
-0.106356
-0.106581
-0.108643
-0.108920
-0.106622
-0.108926
-0.106260
-0.109204
-0.108409
-0.108085
-0.108335
-0.108268
-0.108724
-0.108614
-0.108647
-0.108070
-0.108171
-0.108588
-0.108480
-0.108808
-0.108764
-0.109223
-0.108671
-0.108894
-0.109462
-0.108881
-0.109020
-0.108769
-0.109077
-0.109012
-0.108809
-0.108464
-0.108490
-0.109172
-0.109397
-0.108664
-0.109014
-0.108503
-0.109334
-0.109089
-0.108960
-0.108923
-0.109016
-0.109040
-0.109063
-0.109053
-0.108912
-0.109051
-0.108992
-0.108916
-0.109006
-0.108968
-0.109298
-0.108969
-0.109025
-0.109174
-0.109160
-0.109210
-0.109096
-0.109179
-0.109201
-0.109150
-0.108950
-0.108931
-0.109093
-0.109337
-0.108975
-0.109047
-0.108927
-0.109202
-0.109199
-0.109070
-0.109064
-0.109136
2.847596
-0.016291
-0.065176
-0.086381
-0.078693
-0.088675
-0.101121
-0.107163
-0.107574
-0.103971
-0.108107
-0.106781
-0.103294
-0.103670
-0.106672
-0.107310
-0.108817
-0.107369
-0.103822
-0.107815
-0.108541
-0.108809
-0.108180
-0.108827
-0.108359
-0.108117
-0.106958
-0.105265
-0.108319
-0.108651
-0.106741
-0.108917
-0.109015
-0.107497
-0.107557
-0.108411
-0.107853
-0.109005
-0.109392
-0.109476
-0.109301
-0.109450
-0.109424
-0.108635
-0.109116
-0.109478
-0.109309
-0.109638
-0.109413
-0.108618
-0.109667
-0.109324
-0.109380
-0.109547
-0.109482
-0.109501
-0.109425
-0.109164
-0.108867
-0.109366
-0.109491
-0.109040
-0.109426
-0.109500
-0.109268
-0.109087
-0.109391
-0.109227
-0.109627
-0.109461
-0.109510
-0.109642
-0.109427
-0.109672
-0.109445
-0.109516
-0.109734
-0.109678
-0.109551
-0.109603
-0.109410
-0.109583
-0.109619
-0.109546
-0.109545
-0.109526
-0.109663
-0.109666
-0.109418
-0.109454
-0.109627
-0.109514
-0.109519
-0.109627
-0.109492
-0.109588
-0.109466
-0.109399
-0.109506
-0.109642
0.201633
0.085115
-0.013419
-0.076843
-0.048053
-0.065689
-0.071817
-0.080402
-0.083460
-0.086279
-0.089338
-0.090294
-0.093179
-0.093539
-0.095094
-0.095598
-0.096846
-0.097097
-0.098106
-0.098704
-0.099011
-0.099559
-0.099841
-0.100090
-0.100536
-0.100176
-0.100172
-0.099182
-0.102592
-0.100121
-0.100762
-0.104062
-0.108151
-0.104812
-0.107481
-0.104288
-0.104705
-0.104199
-0.104745
-0.104588
-0.104747
-0.104826
-0.104811
-0.105066
-0.104997
-0.105207
-0.105142
-0.105401
-0.105199
-0.105397
-0.105373
-0.105498
-0.105518
-0.105638
-0.105584
-0.105708
-0.105560
-0.105703
-0.105439
-0.105908
-0.105325
-0.104953
-0.105401
-0.106620
-0.106094
-0.106993
-0.106330
-0.106509
-0.106264
-0.106476
-0.106346
-0.106475
-0.106407
-0.106480
-0.106399
-0.106459
-0.106431
-0.106504
-0.106809
-0.106601
-0.106545
-0.106546
-0.106524
-0.106602
-0.106644
-0.106622
-0.106655
-0.106547
-0.106686
-0.106639
-0.106843
-0.106807
-0.106295
-0.106259
-0.106653
-0.106487
-0.106892
-0.106675
-0.106811
-0.106643
-0.063831
0.095473
0.020279
-0.085908
-0.096654
-0.089605
-0.100025
-0.102307
-0.103750
-0.104579
-0.104980
-0.105507
-0.105675
-0.106512
-0.106040
-0.106975
-0.106397
-0.107332
-0.106758
-0.107622
-0.106884
-0.107661
-0.107289
-0.107562
-0.107697
-0.107698
-0.105732
-0.105804
-0.105910
-0.104356
-0.105921
-0.109253
-0.103584
-0.105628
-0.107683
-0.109056
-0.108010
-0.108914
-0.108444
-0.108775
-0.108648
-0.108709
-0.108787
-0.108680
-0.108885
-0.108643
-0.108923
-0.108666
-0.108982
-0.108704
-0.108974
-0.108713
-0.108985
-0.108757
-0.108920
-0.108987
-0.108973
-0.108562
-0.108216
-0.108150
-0.109089
-0.108624
-0.109211
-0.107620
-0.109198
-0.108603
-0.109075
-0.108712
-0.109245
-0.108838
-0.109139
-0.108895
-0.109071
-0.108983
-0.109117
-0.108973
-0.109076
-0.109064
-0.109055
-0.109066
-0.109059
-0.109093
-0.109109
-0.109167
-0.109031
-0.109098
-0.109182
-0.109211
-0.109034
-0.108899
-0.108799
-0.109202
-0.109006
-0.109231
-0.108579
-0.109267
-0.108873
-0.109106
-0.108851
-0.109210
0.329585
0.039831
-0.014139
-0.018030
-0.063642
-0.087402
-0.085160
-0.092832
-0.094452
-0.096518
-0.098049
-0.098614
-0.100038
-0.100588
-0.101302
-0.101800
-0.102516
-0.102562
-0.103255
-0.103528
-0.103902
-0.104083
-0.104418
-0.104578
-0.105105
-0.105066
-0.106540
-0.105926
-0.100848
-0.101355
-0.107489
-0.107661
-0.106534
-0.107004
-0.104991
-0.105532
-0.106597
-0.105951
-0.106503
-0.106412
-0.106620
-0.106672
-0.106668
-0.106779
-0.106776
-0.106904
-0.106903
-0.106982
-0.106948
-0.107057
-0.107027
-0.107205
-0.107131
-0.107217
-0.107141
-0.107230
-0.107225
-0.107410
-0.108159
-0.107163
-0.106439
-0.107813
-0.107592
-0.108365
-0.108509
-0.107923
-0.107744
-0.107958
-0.107714
-0.107862
-0.107767
-0.107866
-0.107823
-0.107845
-0.107832
-0.107721
-0.107744
-0.107828
-0.107683
-0.107816
-0.107772
-0.107658
-0.107824
-0.107815
-0.107848
-0.107813
-0.107800
-0.107758
-0.107672
-0.108007
-0.107990
-0.107559
-0.107992
-0.107802
-0.108056
-0.108296
-0.108231
-0.108114
-0.108211
-0.108065
