-2.322023
1.158594
0.769051
-5.805574
-0.114582
-0.114583
0.048856
0.478677
3.039616
-2.031331
-0.114578
-0.114558
2.831285
1.269366
6.706706
-0.893644
-0.114582
-0.114581
0.135623
1.177210
2.371270
-1.946654
-0.114581
-0.114586
-0.112016
2.688612
4.686796
-4.636355
-0.114581
-0.114587
-0.250432
0.820344
1.255865
-2.110680
-0.114582
-0.114586
13.675966
-0.112702
13.679677
13.673739
-0.114579
-0.114584
8.944528
2.331149
12.515699
4.986758
-0.114582
-0.114587
2.084280
0.286377
-0.040631
-0.060131
-0.065214
-0.055949
-0.029147
-0.012213
-0.060829
-0.007385
-0.041933
-0.031324
0.045647
0.065299
0.021512
-0.031983
-0.094450
0.252752
0.008160
0.075885
-0.017716
0.095789
0.005928
0.048974
-0.014098
0.078451
-0.046046
0.034495
0.048316
-0.010757
0.043655
0.014358
-0.060436
0.014787
-0.073821
0.000223
-0.082649
-0.042557
-0.069326
-0.041848
-0.088084
-0.000165
-0.098750
-0.107779
-0.085102
-0.079943
-0.094888
-0.092931
-0.096215
-0.101757
-0.107102
-0.106460
-0.101163
-0.113477
-0.110142
-0.108460
-0.114043
-0.102728
-0.112058
-0.113187
-0.110017
-0.105063
-0.113460
-0.110971
-0.109559
-0.109046
-0.108910
-0.110211
-0.107144
-0.106414
-0.100898
-0.100361
-0.110423
-0.097835
-0.110442
-0.092850
-0.099955
-0.090522
-0.106333
-0.088120
-0.099261
-0.100679
-0.104777
-0.089918
-0.107120
-0.096836
-0.097958
-0.097146
-0.096808
-0.099156
-0.102933
-0.094635
-0.106179
-0.094644
-0.106111
-0.097539
-0.105606
-0.089621
-0.107207
-0.092468
0.052511
-0.043946
-0.028104
-0.093730
-0.082189
-0.073279
-0.062220
-0.038300
-0.082884
-0.021290
-0.105414
-0.042432
-0.023340
0.011525
-0.101125
-0.055498
-0.098014
0.020868
-0.088615
-0.058221
-0.068933
-0.049656
-0.047391
-0.061718
-0.075835
-0.073765
-0.038512
0.001848
-0.011191
-0.026300
-0.008660
-0.029788
-0.075564
-0.070352
-0.089116
-0.088240
-0.086365
-0.080908
-0.080948
-0.090361
-0.107263
-0.080508
-0.112134
-0.095305
-0.109957
-0.098512
-0.099385
-0.103598
-0.104363
-0.106795
-0.112383
-0.103462
-0.105412
-0.108282
-0.111132
-0.108680
-0.109881
-0.113126
-0.112056
-0.110929
-0.112916
-0.111438
-0.108796
-0.111080
-0.112131
-0.108087
-0.109950
-0.110490
-0.111227
-0.113091
-0.108423
-0.106737
-0.111066
-0.108921
-0.112504
-0.100087
-0.113154
-0.108596
-0.111605
-0.108599
-0.106745
-0.110471
-0.109845
-0.112313
-0.105136
-0.098531
-0.101053
-0.099434
-0.097811
-0.100962
-0.107110
-0.102739
-0.110389
-0.111742
-0.112828
-0.107389
-0.108258
-0.108567
-0.113901
-0.103657
2.823020
0.676457
0.079121
-0.087691
-0.076284
-0.082382
-0.091861
-0.087009
-0.096032
-0.072031
-0.089833
-0.074613
-0.030141
-0.048904
-0.080397
-0.008798
-0.093593
0.090551
0.000374
0.011715
-0.038391
0.015184
-0.062693
-0.045458
-0.013203
0.069938
-0.055629
0.045210
0.014950
-0.056253
-0.002684
0.014969
-0.073277
0.004394
-0.086934
-0.056584
-0.099009
-0.068189
-0.092150
-0.065072
-0.079988
-0.044031
-0.096051
-0.102420
-0.105225
-0.089575
-0.104544
-0.106644
-0.105491
-0.106559
-0.106084
-0.111972
-0.108515
-0.112766
-0.113411
-0.106208
-0.112653
-0.102830
-0.112821
-0.111344
-0.110114
-0.108015
-0.112317
-0.113145
-0.110453
-0.109318
-0.112734
-0.112818
-0.108678
-0.109937
-0.107801
-0.108844
-0.114387
-0.101898
-0.113399
-0.100929
-0.103514
-0.099085
-0.102991
-0.099508
-0.106509
-0.108781
-0.100148
-0.094534
-0.107026
-0.097880
-0.098487
-0.100426
-0.101108
-0.100627
-0.104814
-0.098892
-0.108240
-0.102355
-0.105100
-0.105813
-0.109204
-0.099001
-0.107045
-0.098324
0.130399
0.784990
-0.073494
-0.107224
-0.069621
-0.094481
-0.085965
-0.081619
-0.079691
-0.105195
-0.100077
-0.104961
-0.099385
-0.058861
-0.089334
-0.072885
-0.082294
-0.084977
-0.090399
-0.103830
-0.102279
-0.083120
-0.094197
-0.082160
-0.104414
-0.073059
-0.091007
-0.108495
-0.097612
-0.108378
-0.102001
-0.103490
-0.102798
-0.086980
-0.111156
-0.104869
-0.101223
-0.104249
-0.108703
-0.105475
-0.110245
-0.109524
-0.106000
-0.106175
-0.110122
-0.104512
-0.111467
-0.112798
-0.112341
-0.112535
-0.110900
-0.112020
-0.113545
-0.114138
-0.114198
-0.113162
-0.112427
-0.109383
-0.112988
-0.110764
-0.113362
-0.113476
-0.112000
-0.112871
-0.114086
-0.112806
-0.111833
-0.112767
-0.112820
-0.112611
-0.112458
-0.112193
-0.112942
-0.110500
-0.113809
-0.111269
-0.111320
-0.113152
-0.112669
-0.110311
-0.113082
-0.112740
-0.113663
-0.111011
-0.110920
-0.112475
-0.112975
-0.113479
-0.113570
-0.112890
-0.112374
-0.110651
-0.111668
-0.113362
-0.113095
-0.112392
-0.112460
-0.110498
-0.113998
-0.112485
-0.109564
1.834561
-0.038865
0.011238
0.000638
-0.074552
-0.057094
-0.043624
-0.079057
-0.112101
-0.084858
-0.098237
-0.044799
-0.029233
-0.080979
-0.028082
-0.087877
-0.058971
-0.028325
-0.064101
-0.065635
-0.046983
-0.073529
-0.030839
-0.074881
-0.048981
-0.073221
-0.090459
-0.096151
-0.105988
-0.102175
-0.109510
-0.081247
-0.061424
-0.096788
-0.083224
-0.094307
-0.103182
-0.099145
-0.085904
-0.096067
-0.105164
-0.099340
-0.104530
-0.107262
-0.094436
-0.104718
-0.111971
-0.108854
-0.110299
-0.107227
-0.107744
-0.113594
-0.112418
-0.112591
-0.108497
-0.109596
-0.104931
-0.110298
-0.104562
-0.111179
-0.110111
-0.107579
-0.109987
-0.112167
-0.110770
-0.110263
-0.110730
-0.109492
-0.110003
-0.108294
-0.110054
-0.109614
-0.105329
-0.112787
-0.109781
-0.104584
-0.111123
-0.108607
-0.103557
-0.112845
-0.111300
-0.112408
-0.110784
-0.109688
-0.107333
-0.112191
-0.110863
-0.112111
-0.111071
-0.111311
-0.104989
-0.109676
-0.111786
-0.112246
-0.112812
-0.109442
-0.105217
-0.110848
-0.111750
0.024645
0.529510
-0.060829
-0.067372
-0.067091
-0.092896
-0.093978
-0.108373
-0.104285
-0.106352
-0.101774
-0.105243
-0.086098
-0.082409
-0.107087
-0.075342
-0.099030
-0.089068
-0.085105
-0.104541
-0.103417
-0.102799
-0.112216
-0.093886
-0.100150
-0.098392
-0.074998
-0.076507
-0.098870
-0.104777
-0.103731
-0.086920
-0.088678
-0.098196
-0.103006
-0.107499
-0.111126
-0.107624
-0.111677
-0.111448
-0.104684
-0.107995
-0.112016
-0.107388
-0.112842
-0.109223
-0.110297
-0.112884
-0.111872
-0.114296
-0.113817
-0.113037
-0.113934
-0.113610
-0.113257
-0.112863
-0.112712
-0.110763
-0.113503
-0.111368
-0.113802
-0.114110
-0.112280
-0.114093
-0.113451
-0.113898
-0.113527
-0.114264
-0.114035
-0.113935
-0.113356
-0.113081
-0.114077
-0.111361
-0.113669
-0.112472
-0.113273
-0.113810
-0.112597
-0.113707
-0.113610
-0.112173
-0.112312
-0.113180
-0.110854
-0.110605
-0.111771
-0.112164
-0.113489
-0.111357
-0.111766
-0.111312
-0.112418
-0.114131
-0.112802
-0.113364
-0.114043
-0.112798
-0.113359
-0.112536
-2.012903
0.098373
-1.647511
-2.402572
-0.114581
-0.114586
-0.290879
0.074709
0.137476
-0.581853
-0.114578
-0.114582
3.012352
0.019644
3.315477
2.810343
-0.114580
-0.114586
0.156408
0.273728
0.855783
-0.471029
-0.114580
-0.114584
-0.098585
0.277455
0.618148
-0.532015
-0.114579
-0.114586
-0.343803
0.519350
0.713881
-1.401212
-0.114581
-0.114585
8.214445
0.264459
8.549441
7.376150
-0.114585
-0.114582
1.782610
-0.052436
-0.001976
-0.058838
-0.076445
-0.084593
-0.106990
-0.113213
-0.111774
-0.109971
-0.110361
-0.109967
-0.110504
-0.104857
-0.106677
-0.113585
-0.103514
-0.109843
-0.111546
-0.113605
-0.113379
-0.111284
-0.112639
-0.112912
-0.112148
-0.110419
-0.107940
-0.108977
-0.111321
-0.111429
-0.111894
-0.112542
-0.112477
-0.110358
-0.110995
-0.113012
-0.113774
-0.114441
-0.113838
-0.114406
-0.113863
-0.112934
-0.114027
-0.112151
-0.113784
-0.112694
-0.113749
-0.113751
-0.114087
-0.113997
-0.113426
-0.113700
-0.114056
-0.114241
-0.113556
-0.113351
-0.114180
-0.113053
-0.113788
-0.113822
-0.113354
-0.113636
-0.113332
-0.113515
-0.113897
-0.114268
-0.114267
-0.113912
-0.114100
-0.113901
-0.113675
-0.114307
-0.113597
-0.114188
-0.113927
-0.114252
-0.114086
-0.114193
-0.114101
-0.113938
-0.114049
-0.114326
-0.114127
-0.113806
-0.113821
-0.114535
-0.114081
-0.113865
-0.113667
-0.113647
-0.114166
-0.114002
-0.113973
-0.114120
-0.114226
-0.114240
-0.114047
-0.114121
-0.114141
-0.113913
0.061031
-0.000852
-0.070184
-0.070675
-0.095076
-0.109188
-0.105382
-0.113965
-0.110778
-0.112113
-0.112910
-0.106151
-0.104188
-0.105901
-0.106880
-0.108920
-0.108768
-0.108326
-0.111618
-0.111310
-0.112172
-0.113189
-0.114083
-0.113696
-0.113174
-0.112637
-0.109696
-0.112596
-0.113066
-0.112770
-0.112535
-0.113353
-0.112768
-0.111905
-0.113742
-0.113993
-0.114094
-0.114117
-0.114382
-0.114276
-0.113679
-0.113842
-0.113329
-0.113149
-0.114408
-0.113204
-0.114048
-0.113858
-0.113553
-0.113910
-0.114152
-0.114452
-0.114399
-0.114215
-0.114481
-0.113653
-0.114084
-0.114012
-0.114125
-0.114376
-0.113794
-0.114007
-0.113924
-0.114476
-0.114292
-0.114170
-0.114330
-0.114442
-0.114400
-0.114338
-0.114360
-0.114245
-0.113813
-0.114386
-0.114084
-0.114334
-0.114285
-0.114233
-0.114176
-0.114237
-0.114491
-0.114401
-0.114471
-0.114222
-0.114095
-0.114247
-0.114433
-0.114367
-0.114111
-0.114129
-0.114392
-0.114410
-0.114280
-0.114187
-0.114264
-0.114389
-0.114301
-0.114420
-0.114384
-0.114121
3.012978
-0.050129
-0.065165
-0.089960
-0.081080
-0.105855
-0.111454
-0.107322
-0.108747
-0.106116
-0.109122
-0.102412
-0.107814
-0.110738
-0.108241
-0.109725
-0.111724
-0.109189
-0.109198
-0.112300
-0.112840
-0.113319
-0.113075
-0.113910
-0.113743
-0.112156
-0.111461
-0.112314
-0.113054
-0.113640
-0.112507
-0.113054
-0.113403
-0.112244
-0.113931
-0.113844
-0.113361
-0.113634
-0.113539
-0.114126
-0.113053
-0.114230
-0.114050
-0.113693
-0.114274
-0.114009
-0.113803
-0.114216
-0.113775
-0.114349
-0.114387
-0.114333
-0.114353
-0.114386
-0.114429
-0.113899
-0.114404
-0.114092
-0.114270
-0.114145
-0.114249
-0.114399
-0.114362
-0.114152
-0.114107
-0.114158
-0.114376
-0.114430
-0.114478
-0.114161
-0.114554
-0.114415
-0.114317
-0.114529
-0.114408
-0.114296
-0.114571
-0.114239
-0.114484
-0.114488
-0.114459
-0.114453
-0.114510
-0.114491
-0.114509
-0.114422
-0.114323
-0.114425
-0.114384
-0.114364
-0.114542
-0.114510
-0.114328
-0.114359
-0.114366
-0.114520
-0.114373
-0.114525
-0.114436
-0.114514
0.154600
0.109300
0.037746
-0.085151
-0.094756
-0.104316
-0.106019
-0.105918
-0.107482
-0.108329
-0.109212
-0.109283
-0.110160
-0.109889
-0.110356
-0.110867
-0.111052
-0.111332
-0.110839
-0.111227
-0.111717
-0.111763
-0.111502
-0.111386
-0.111118
-0.111261
-0.110722
-0.107861
-0.109178
-0.112424
-0.108751
-0.110089
-0.112990
-0.113027
-0.114334
-0.113935
-0.113531
-0.113599
-0.113641
-0.113827
-0.113685
-0.113648
-0.113586
-0.113679
-0.113801
-0.113767
-0.113722
-0.113611
-0.113708
-0.113882
-0.113833
-0.113732
-0.113725
-0.113696
-0.113949
-0.113870
-0.113413
-0.113318
-0.114447
-0.113638
-0.114189
-0.113287
-0.113929
-0.114345
-0.114130
-0.114019
-0.114060
-0.114128
-0.114227
-0.114161
-0.114120
-0.114129
-0.114176
-0.114257
-0.114238
-0.114198
-0.114159
-0.114216
-0.114353
-0.114350
-0.114344
-0.114219
-0.114071
-0.114398
-0.114205
-0.114162
-0.114257
-0.114129
-0.114313
-0.113939
-0.113806
-0.114321
-0.114436
-0.114287
-0.114231
-0.114248
-0.114313
-0.114385
-0.114356
-0.114293
-0.098101
0.110322
0.038297
-0.092453
-0.074476
-0.111828
-0.108550
-0.108451
-0.109406
-0.110358
-0.110651
-0.111103
-0.111027
-0.111337
-0.111481
-0.111838
-0.112084
-0.111804
-0.111795
-0.111951
-0.112199
-0.112194
-0.111862
-0.111567
-0.111799
-0.108704
-0.110538
-0.107724
-0.110159
-0.112573
-0.111229
-0.110698
-0.111358
-0.113741
-0.112728
-0.113944
-0.114327
-0.114467
-0.114545
-0.114469
-0.114292
-0.114208
-0.114240
-0.114294
-0.114331
-0.114253
-0.114136
-0.114141
-0.114229
-0.114288
-0.114213
-0.114108
-0.114036
-0.114185
-0.113929
-0.113972
-0.113629
-0.113964
-0.113523
-0.113762
-0.114368
-0.113238
-0.114310
-0.114040
-0.114209
-0.114357
-0.114475
-0.114460
-0.114383
-0.114341
-0.114369
-0.114440
-0.114456
-0.114410
-0.114370
-0.114380
-0.114454
-0.114497
-0.114402
-0.114436
-0.114298
-0.114456
-0.114413
-0.114138
-0.114464
-0.114010
-0.114509
-0.114174
-0.113954
-0.114417
-0.114159
-0.114164
-0.114393
-0.114245
-0.114374
-0.114471
-0.114423
-0.114367
-0.114370
-0.114422
0.115913
0.292030
0.067474
-0.106551
-0.105193
-0.092125
-0.106159
-0.108513
-0.109117
-0.110265
-0.110309
-0.111120
-0.111336
-0.111531
-0.111881
-0.111929
-0.112012
-0.111955
-0.112244
-0.112575
-0.112584
-0.112649
-0.112314
-0.112170
-0.113164
-0.109936
-0.108991
-0.103459
-0.109355
-0.109225
-0.110661
-0.111559
-0.106754
-0.108166
-0.108962
-0.111187
-0.111556
-0.111684
-0.111778
-0.111783
-0.111947
-0.112084
-0.112172
-0.112235
-0.112217
-0.112232
-0.112269
-0.112390
-0.112483
-0.112429
-0.112408
-0.112334
-0.112503
-0.112854
-0.112367
-0.112519
-0.112183
-0.112184
-0.111276
-0.111346
-0.111246
-0.111234
-0.111753
-0.112193
-0.112558
-0.112598
-0.112572
-0.112512
-0.112477
-0.112508
-0.112562
-0.112580
-0.112577
-0.112539
-0.112526
-0.112539
-0.112598
-0.112637
-0.112561
-0.112559
-0.112479
-0.112757
-0.112800
-0.112105
-0.112523
-0.112447
-0.112501
-0.112572
-0.111753
-0.112479
-0.112796
-0.112528
-0.112665
-0.112672
-0.112731
-0.112690
-0.112621
-0.112597
-0.112612
-0.112655
