-2.660490
1.000508
-0.506900
-5.276969
-0.109060
-0.109062
0.233568
0.228951
1.172192
-0.497312
-0.109057
-0.109060
2.605764
1.115291
4.694543
0.040306
-0.109060
-0.109063
-0.019057
1.274519
2.097588
-2.276880
-0.109059
-0.109064
-0.171960
2.655158
4.077307
-4.771955
-0.109059
-0.109063
0.001861
0.820304
1.672451
-1.408384
-0.109058
-0.109064
13.685680
-0.107884
13.687818
13.683705
-0.109058
-0.109063
9.360758
2.510430
13.066871
4.783920
-0.109060
-0.109064
2.437507
0.404358
0.008578
-0.060023
-0.059411
-0.086247
-0.065991
0.027003
-0.030188
-0.046352
-0.031609
0.012647
0.070271
-0.015353
0.027201
0.031838
-0.098974
0.126390
-0.038980
-0.048268
0.077234
-0.082011
-0.023937
0.001401
-0.048824
-0.034273
0.018785
-0.052205
-0.051144
-0.035313
-0.073241
-0.003166
-0.069170
-0.101907
-0.029405
-0.035842
-0.096232
-0.037455
-0.072896
-0.068383
-0.056189
-0.096929
-0.086539
-0.075830
-0.097953
-0.081549
-0.090368
-0.097020
-0.103367
-0.094754
-0.106115
-0.101064
-0.105051
-0.105230
-0.107395
-0.104333
-0.103606
-0.102476
-0.103675
-0.107182
-0.106742
-0.104919
-0.105608
-0.101947
-0.103651
-0.108513
-0.103771
-0.104015
-0.097173
-0.096135
-0.098033
-0.096114
-0.093275
-0.107206
-0.090970
-0.108824
-0.100455
-0.097684
-0.103357
-0.101821
-0.102457
-0.099886
-0.099117
-0.093890
-0.105199
-0.098796
-0.091214
-0.106832
-0.092642
-0.105792
-0.105020
-0.098445
-0.098688
-0.103823
-0.101821
-0.101869
-0.100362
-0.098379
-0.101459
-0.103180
0.236371
0.005140
0.015943
-0.059224
-0.067410
-0.075693
-0.056100
-0.056489
-0.068956
-0.086655
-0.092453
-0.087304
-0.090741
-0.098579
-0.061093
-0.077423
-0.084999
-0.069104
-0.085197
-0.098040
-0.089142
-0.065303
-0.083836
-0.087155
-0.089490
-0.095845
-0.076402
-0.096391
-0.092972
-0.084919
-0.097016
-0.093765
-0.097933
-0.105874
-0.087834
-0.098693
-0.098513
-0.095027
-0.093360
-0.103528
-0.096287
-0.098035
-0.106212
-0.103502
-0.102564
-0.107385
-0.104982
-0.105397
-0.105556
-0.104017
-0.104765
-0.104811
-0.107163
-0.106016
-0.107904
-0.106991
-0.108060
-0.107511
-0.107432
-0.107392
-0.106623
-0.106807
-0.106639
-0.106601
-0.106893
-0.106179
-0.108194
-0.108172
-0.108759
-0.108069
-0.107362
-0.106092
-0.105847
-0.105643
-0.105791
-0.107577
-0.105704
-0.107712
-0.103378
-0.105132
-0.107076
-0.106368
-0.108840
-0.103071
-0.107763
-0.108535
-0.106076
-0.107922
-0.107784
-0.107586
-0.106218
-0.104457
-0.107014
-0.108450
-0.108198
-0.107324
-0.106355
-0.107973
-0.107115
-0.106155
2.602623
0.700794
0.075565
-0.036585
-0.057525
-0.080870
-0.054481
-0.073093
-0.071082
-0.066184
-0.100725
-0.061444
-0.081772
-0.056198
-0.076953
-0.071941
-0.072787
-0.050565
-0.092022
-0.078420
-0.080332
-0.073768
-0.055674
-0.057798
-0.080285
-0.096847
-0.043379
-0.072262
-0.075615
-0.066027
-0.072649
-0.064246
-0.086148
-0.091458
-0.062995
-0.083926
-0.105458
-0.097009
-0.096011
-0.102156
-0.091657
-0.105939
-0.097099
-0.105434
-0.099773
-0.104962
-0.100827
-0.108354
-0.103570
-0.105397
-0.108040
-0.106383
-0.107653
-0.108762
-0.105805
-0.102972
-0.098880
-0.107753
-0.104431
-0.106011
-0.104986
-0.107708
-0.107454
-0.105295
-0.108696
-0.105587
-0.105751
-0.106513
-0.104820
-0.107731
-0.106823
-0.104375
-0.106439
-0.104517
-0.104364
-0.108689
-0.108052
-0.102393
-0.103793
-0.104652
-0.104915
-0.107922
-0.106224
-0.097906
-0.105748
-0.105655
-0.102269
-0.102095
-0.103380
-0.106918
-0.106968
-0.099763
-0.105513
-0.107774
-0.108714
-0.108365
-0.106165
-0.105662
-0.107809
-0.107362
-0.022916
0.853521
-0.030987
-0.040473
-0.040492
-0.079392
-0.071123
-0.092069
-0.073589
-0.108256
-0.096758
-0.086559
-0.084672
-0.098616
-0.075463
-0.082845
-0.097288
-0.085889
-0.097434
-0.086991
-0.086443
-0.087304
-0.093641
-0.090081
-0.095212
-0.095421
-0.106775
-0.095941
-0.097384
-0.094316
-0.099935
-0.104952
-0.099038
-0.105513
-0.107396
-0.097059
-0.098176
-0.105427
-0.102735
-0.104650
-0.106028
-0.104420
-0.106370
-0.104097
-0.107511
-0.103039
-0.104308
-0.106126
-0.106726
-0.106875
-0.106643
-0.107605
-0.107242
-0.108873
-0.104603
-0.106250
-0.100306
-0.108639
-0.106518
-0.105194
-0.104476
-0.108264
-0.107496
-0.107775
-0.107530
-0.106976
-0.107600
-0.106768
-0.107616
-0.107049
-0.108505
-0.107797
-0.107838
-0.107558
-0.105721
-0.107016
-0.106460
-0.108561
-0.108302
-0.107663
-0.105657
-0.106732
-0.106759
-0.107841
-0.108875
-0.106589
-0.106790
-0.107946
-0.107767
-0.106032
-0.107663
-0.108249
-0.107997
-0.107908
-0.107004
-0.106693
-0.108107
-0.107864
-0.107013
-0.107230
-0.044089
1.786337
0.044701
0.175987
0.019041
-0.053126
0.061013
0.007815
-0.038236
-0.098378
-0.098967
-0.051758
-0.066335
-0.068458
-0.066349
-0.060968
-0.074457
-0.036022
-0.077788
-0.079807
-0.029304
-0.090114
-0.074976
-0.066883
-0.090025
-0.096273
-0.076801
-0.093560
-0.086539
-0.090978
-0.097784
-0.084838
-0.104256
-0.101994
-0.098797
-0.091417
-0.088535
-0.078091
-0.102409
-0.104704
-0.093720
-0.098676
-0.098147
-0.098820
-0.100075
-0.100615
-0.097020
-0.099729
-0.101708
-0.105337
-0.103632
-0.104718
-0.102122
-0.105844
-0.101852
-0.100647
-0.088435
-0.105523
-0.103750
-0.100723
-0.097638
-0.108398
-0.104533
-0.105211
-0.101522
-0.106265
-0.103314
-0.102414
-0.099156
-0.102744
-0.104441
-0.108623
-0.106524
-0.103919
-0.103600
-0.101294
-0.103578
-0.107884
-0.103100
-0.102180
-0.103511
-0.104841
-0.102897
-0.102501
-0.103834
-0.103764
-0.104096
-0.104127
-0.101958
-0.105529
-0.107156
-0.105090
-0.106757
-0.103630
-0.103804
-0.104052
-0.104335
-0.105426
-0.103811
-0.103117
0.001486
0.535962
-0.058284
-0.096873
-0.083222
-0.069050
-0.073230
-0.086272
-0.095864
-0.085654
-0.077498
-0.090873
-0.101230
-0.091935
-0.096785
-0.092568
-0.095147
-0.079723
-0.093183
-0.094215
-0.097901
-0.086126
-0.086862
-0.101851
-0.105764
-0.100470
-0.094888
-0.100724
-0.106638
-0.104209
-0.102416
-0.102454
-0.101868
-0.102840
-0.106518
-0.106680
-0.095406
-0.103819
-0.099023
-0.105237
-0.100881
-0.104150
-0.103520
-0.108556
-0.106523
-0.108568
-0.105593
-0.106146
-0.105341
-0.106402
-0.106663
-0.105931
-0.107089
-0.108189
-0.106789
-0.107722
-0.102563
-0.108589
-0.105670
-0.108227
-0.106855
-0.108496
-0.106907
-0.107318
-0.107841
-0.107259
-0.106616
-0.106701
-0.108312
-0.108381
-0.106639
-0.108350
-0.106581
-0.107292
-0.106223
-0.108290
-0.106233
-0.106935
-0.106656
-0.106402
-0.108106
-0.108528
-0.108075
-0.106244
-0.107636
-0.107952
-0.108167
-0.106498
-0.107407
-0.108809
-0.107479
-0.108037
-0.107376
-0.106849
-0.107374
-0.108221
-0.107560
-0.107314
-0.107661
-0.106957
-2.350125
0.055524
-2.047293
-2.631064
-0.109058
-0.109063
-0.032610
0.095274
0.251599
-0.289419
-0.109058
-0.109065
2.815346
0.126183
3.129633
2.369641
-0.109060
-0.109063
0.082475
0.413933
0.894338
-0.833872
-0.109060
-0.109063
-0.173498
0.110484
0.087693
-0.623655
-0.109061
-0.109062
-0.110390
0.526395
0.966303
-1.125765
-0.109059
-0.109063
8.663915
0.263807
9.094288
8.001395
-0.109061
-0.109063
2.130794
-0.030008
-0.045705
-0.068456
-0.084636
-0.098419
-0.101766
-0.106091
-0.102756
-0.096342
-0.103800
-0.099698
-0.107643
-0.102014
-0.101153
-0.095620
-0.100429
-0.103591
-0.108117
-0.104691
-0.108134
-0.106682
-0.105251
-0.107118
-0.107733
-0.108896
-0.107525
-0.102540
-0.104678
-0.106599
-0.105581
-0.105342
-0.106804
-0.107488
-0.107541
-0.106906
-0.107652
-0.107871
-0.106977
-0.107153
-0.107305
-0.107357
-0.106179
-0.107607
-0.107261
-0.107312
-0.107781
-0.107601
-0.107133
-0.107936
-0.108126
-0.107913
-0.107998
-0.107965
-0.107675
-0.108329
-0.107957
-0.108364
-0.107988
-0.107641
-0.107618
-0.108397
-0.108238
-0.108208
-0.108392
-0.108051
-0.108161
-0.108601
-0.108313
-0.108546
-0.108203
-0.107999
-0.107828
-0.108286
-0.108510
-0.108415
-0.108218
-0.108557
-0.108131
-0.108226
-0.108490
-0.108377
-0.108230
-0.108174
-0.108140
-0.108279
-0.108136
-0.108408
-0.108681
-0.108577
-0.108043
-0.108145
-0.108351
-0.108338
-0.108312
-0.108375
-0.108109
-0.108227
-0.107957
-0.108431
-0.031242
0.027714
-0.075893
-0.087027
-0.086425
-0.104037
-0.107050
-0.107034
-0.106760
-0.107675
-0.107738
-0.106966
-0.107386
-0.108188
-0.106166
-0.107619
-0.106914
-0.106522
-0.106756
-0.106822
-0.107440
-0.107986
-0.107742
-0.107201
-0.107627
-0.107110
-0.108165
-0.106166
-0.104918
-0.108129
-0.106290
-0.106824
-0.107375
-0.107852
-0.108071
-0.108071
-0.108684
-0.108575
-0.108124
-0.108510
-0.108514
-0.108110
-0.108514
-0.108326
-0.108269
-0.108504
-0.108629
-0.108828
-0.108611
-0.108651
-0.108744
-0.108653
-0.108717
-0.108756
-0.108175
-0.108462
-0.108620
-0.108578
-0.108373
-0.108038
-0.108581
-0.108758
-0.108730
-0.108536
-0.108762
-0.108702
-0.108713
-0.108781
-0.108707
-0.108658
-0.108780
-0.108841
-0.108857
-0.108773
-0.108856
-0.108750
-0.108733
-0.108852
-0.108769
-0.108699
-0.108857
-0.108794
-0.108716
-0.108598
-0.108871
-0.108607
-0.108463
-0.108850
-0.108879
-0.108841
-0.108528
-0.108675
-0.108924
-0.108792
-0.108730
-0.108806
-0.108778
-0.108743
-0.108857
-0.108794
2.816871
0.013708
-0.027000
-0.036604
-0.095631
-0.096464
-0.101755
-0.106062
-0.107706
-0.105821
-0.106362
-0.101919
-0.105532
-0.106107
-0.104603
-0.103011
-0.106964
-0.106136
-0.105749
-0.108185
-0.108843
-0.108596
-0.108550
-0.107228
-0.107065
-0.107002
-0.103988
-0.104139
-0.105413
-0.108387
-0.106676
-0.105266
-0.104625
-0.108519
-0.107164
-0.108433
-0.108895
-0.108614
-0.108288
-0.108738
-0.108147
-0.108699
-0.108127
-0.108223
-0.107862
-0.108568
-0.108437
-0.108869
-0.108484
-0.108882
-0.108719
-0.108635
-0.108799
-0.108659
-0.108079
-0.108159
-0.108177
-0.108540
-0.108597
-0.108263
-0.108043
-0.107944
-0.108797
-0.108415
-0.108892
-0.108675
-0.108773
-0.109005
-0.108833
-0.108451
-0.108951
-0.108999
-0.108739
-0.108862
-0.108967
-0.108539
-0.108761
-0.108961
-0.108836
-0.108680
-0.108942
-0.108654
-0.108836
-0.108593
-0.108495
-0.108736
-0.108592
-0.108961
-0.108810
-0.108854
-0.108287
-0.108849
-0.108922
-0.108738
-0.108782
-0.108974
-0.108804
-0.108816
-0.108693
-0.108889
0.084527
0.235388
0.008030
-0.055054
-0.085537
-0.097035
-0.102728
-0.103783
-0.104205
-0.104981
-0.105950
-0.105838
-0.105977
-0.106353
-0.106349
-0.106469
-0.106943
-0.106862
-0.106849
-0.107104
-0.107332
-0.106906
-0.107184
-0.107046
-0.106335
-0.105278
-0.103265
-0.104209
-0.098506
-0.105113
-0.101268
-0.103705
-0.105445
-0.108236
-0.108761
-0.108449
-0.108340
-0.108469
-0.108469
-0.108346
-0.108408
-0.108509
-0.108430
-0.108459
-0.108535
-0.108458
-0.108458
-0.108550
-0.108506
-0.108461
-0.108610
-0.108607
-0.108496
-0.108886
-0.108784
-0.107991
-0.107375
-0.106270
-0.108324
-0.108036
-0.108540
-0.107482
-0.108238
-0.108445
-0.108367
-0.108483
-0.108524
-0.108493
-0.108509
-0.108561
-0.108516
-0.108530
-0.108572
-0.108541
-0.108540
-0.108599
-0.108575
-0.108556
-0.108611
-0.108596
-0.108525
-0.108633
-0.108387
-0.108223
-0.108487
-0.108397
-0.108563
-0.108008
-0.108374
-0.108310
-0.108683
-0.108736
-0.108581
-0.108658
-0.108669
-0.108601
-0.108626
-0.108671
-0.108620
-0.108625
-0.044964
0.006973
-0.014987
-0.077156
-0.086321
-0.101485
-0.108376
-0.108158
-0.108355
-0.108437
-0.108315
-0.108333
-0.108206
-0.108452
-0.108420
-0.108498
-0.108621
-0.108655
-0.108545
-0.108654
-0.108506
-0.108425
-0.108642
-0.108218
-0.107660
-0.106489
-0.106898
-0.103902
-0.107153
-0.108522
-0.106216
-0.105801
-0.107499
-0.107021
-0.108020
-0.108684
-0.108555
-0.108617
-0.108731
-0.108680
-0.108697
-0.108781
-0.108720
-0.108715
-0.108766
-0.108747
-0.108771
-0.108784
-0.108774
-0.108762
-0.108812
-0.108807
-0.108690
-0.108552
-0.108243
-0.108679
-0.107685
-0.108919
-0.108849
-0.108176
-0.108612
-0.108603
-0.108714
-0.108924
-0.108829
-0.108851
-0.108896
-0.108871
-0.108873
-0.108894
-0.108879
-0.108876
-0.108902
-0.108884
-0.108871
-0.108890
-0.108884
-0.108864
-0.108905
-0.108872
-0.108811
-0.109007
-0.109031
-0.108843
-0.108769
-0.108433
-0.109037
-0.108938
-0.108529
-0.108668
-0.108676
-0.108834
-0.108851
-0.108892
-0.108918
-0.108881
-0.108884
-0.108903
-0.108880
-0.108875
-0.108442
0.316410
0.021768
-0.080532
-0.087223
-0.088893
-0.094442
-0.097898
-0.099926
-0.100982
-0.102187
-0.102969
-0.103481
-0.103505
-0.104140
-0.104626
-0.104708
-0.104917
-0.105412
-0.105332
-0.105819
-0.105960
-0.106109
-0.105780
-0.104741
-0.105046
-0.103404
-0.100825
-0.095353
-0.103265
-0.097397
-0.100989
-0.107956
-0.107481
-0.107852
-0.107627
-0.107670
-0.107436
-0.107330
-0.107593
-0.107515
-0.107458
-0.107625
-0.107662
-0.107555
-0.107636
-0.107743
-0.107658
-0.107643
-0.107762
-0.107782
-0.107689
-0.107922
-0.108312
-0.108038
-0.107711
-0.106325
-0.105426
-0.108486
-0.107249
-0.108023
-0.107475
-0.107390
-0.107763
-0.107921
-0.107831
-0.107904
-0.108024
-0.107926
-0.107920
-0.108010
-0.108005
-0.107946
-0.108012
-0.108059
-0.107996
-0.108015
-0.108120
-0.108063
-0.108013
-0.108102
-0.108121
-0.107720
-0.107834
-0.107957
-0.108447
-0.108932
-0.107394
-0.108059
-0.108026
-0.108046
-0.108231
-0.108146
-0.108034
-0.108077
-0.108144
-0.108080
-0.108076
-0.108149
-0.108125
