-2.540932
1.262693
0.846144
-5.967485
-0.115942
-0.115944
0.188567
0.475388
2.047420
-1.313223
-0.115940
-0.115937
2.689327
1.168082
5.635686
0.004115
-0.115942
-0.115944
-0.031240
1.126808
2.046432
-2.225057
-0.115941
-0.115947
-0.113355
2.697377
4.994853
-4.812481
-0.115942
-0.115946
-0.212109
0.868946
1.563194
-1.809637
-0.115941
-0.115946
13.489796
-0.113388
13.493802
13.486467
-0.115941
-0.115947
9.122951
2.726902
13.361053
4.375893
-0.115942
-0.115947
2.294976
0.343246
0.014503
-0.015466
-0.021827
-0.070225
-0.040110
0.019222
0.006912
-0.032370
0.000416
0.071159
-0.006921
-0.033609
-0.068518
-0.046883
0.170538
0.193693
0.216340
0.089372
0.046660
0.043129
0.015755
-0.032356
0.095387
0.043991
-0.024090
-0.033048
-0.078125
-0.080857
-0.072286
-0.065320
-0.092217
0.010477
-0.028466
-0.074364
-0.053987
-0.016499
-0.068296
-0.021722
-0.033769
-0.010329
-0.053598
-0.065707
-0.102046
-0.086090
-0.078062
-0.079877
-0.091268
-0.093051
-0.097520
-0.098013
-0.096574
-0.096624
-0.099353
-0.102521
-0.097045
-0.099196
-0.101551
-0.099079
-0.098118
-0.102631
-0.099271
-0.102817
-0.100372
-0.098553
-0.107944
-0.108578
-0.098730
-0.099300
-0.103584
-0.099820
-0.098515
-0.102290
-0.099026
-0.081149
-0.083592
-0.094388
-0.109738
-0.091708
-0.112743
-0.097282
-0.101708
-0.091852
-0.109360
-0.090878
-0.107208
-0.108183
-0.108552
-0.104335
-0.106638
-0.106120
-0.094682
-0.105980
-0.092596
-0.098688
-0.109689
-0.106037
-0.091616
-0.103259
0.187125
-0.063412
-0.011177
-0.080460
-0.067924
-0.081461
-0.100100
-0.072572
-0.047391
-0.066425
-0.100103
-0.026278
-0.007880
-0.081816
-0.054051
-0.094703
-0.023568
0.031924
-0.017842
-0.031901
-0.086857
-0.032585
-0.034217
-0.010570
-0.009623
-0.099528
-0.038846
-0.085718
-0.060310
-0.068667
-0.099843
-0.102886
-0.053312
-0.081049
-0.050170
-0.063904
-0.084456
-0.064515
-0.091037
-0.085151
-0.080853
-0.083577
-0.095703
-0.099995
-0.103191
-0.105640
-0.100831
-0.099789
-0.111241
-0.109341
-0.109457
-0.110560
-0.113657
-0.108521
-0.108752
-0.113685
-0.109496
-0.108889
-0.111311
-0.112641
-0.109069
-0.109831
-0.111566
-0.114211
-0.110933
-0.110197
-0.113174
-0.114998
-0.110299
-0.108903
-0.109171
-0.108843
-0.106968
-0.112572
-0.109684
-0.101170
-0.105903
-0.112618
-0.108873
-0.107786
-0.107560
-0.106391
-0.109537
-0.112061
-0.109679
-0.106105
-0.106398
-0.112805
-0.111881
-0.110949
-0.105961
-0.109312
-0.103674
-0.107164
-0.112075
-0.108702
-0.110840
-0.113960
-0.112274
-0.112671
2.677428
0.663894
0.101593
-0.102021
-0.047710
-0.101078
-0.077828
-0.066747
-0.072069
-0.085120
-0.041459
-0.067661
-0.077861
-0.086759
-0.072702
-0.096960
-0.021033
0.031889
-0.030238
-0.016429
-0.086825
-0.033650
-0.062309
-0.039816
-0.022833
0.026448
-0.012111
-0.019107
-0.063252
-0.100441
-0.076736
-0.050315
-0.050716
-0.012811
-0.055982
-0.082293
-0.093361
-0.069197
-0.112161
-0.072846
-0.086578
-0.075737
-0.090572
-0.099644
-0.104745
-0.109844
-0.100524
-0.101882
-0.106623
-0.108023
-0.111329
-0.109796
-0.111512
-0.112797
-0.112134
-0.109548
-0.107308
-0.109246
-0.107774
-0.102845
-0.109106
-0.114866
-0.107998
-0.108489
-0.113619
-0.113754
-0.111246
-0.110404
-0.110295
-0.111915
-0.110478
-0.108180
-0.108958
-0.110858
-0.105738
-0.099539
-0.105519
-0.111916
-0.109986
-0.105131
-0.112529
-0.105307
-0.110571
-0.099141
-0.104649
-0.097685
-0.106805
-0.112324
-0.115010
-0.106096
-0.106030
-0.104267
-0.102462
-0.107817
-0.107863
-0.107567
-0.114604
-0.109295
-0.110728
-0.110246
-0.037628
0.734896
-0.057050
-0.101815
-0.030218
-0.064159
-0.063814
-0.052782
-0.081277
-0.098083
-0.075614
-0.078516
-0.080324
-0.112508
-0.066074
-0.072381
-0.047068
-0.058879
-0.072910
-0.081978
-0.083356
-0.093163
-0.089136
-0.097392
-0.099087
-0.083960
-0.111540
-0.111581
-0.114195
-0.094373
-0.109495
-0.103860
-0.107953
-0.094521
-0.104250
-0.102583
-0.108251
-0.106913
-0.099961
-0.105846
-0.106801
-0.107038
-0.106298
-0.109774
-0.108014
-0.109713
-0.108632
-0.112226
-0.110077
-0.111521
-0.111941
-0.112892
-0.115350
-0.113160
-0.112714
-0.114406
-0.114771
-0.108227
-0.114602
-0.113896
-0.114046
-0.113254
-0.113363
-0.114703
-0.112311
-0.112930
-0.114267
-0.114536
-0.112130
-0.113079
-0.114278
-0.113305
-0.110480
-0.112485
-0.111284
-0.110996
-0.112269
-0.114194
-0.115485
-0.113408
-0.113193
-0.114592
-0.114941
-0.111823
-0.115229
-0.113980
-0.114025
-0.113179
-0.114456
-0.114877
-0.113170
-0.111569
-0.113541
-0.114475
-0.113985
-0.113076
-0.113026
-0.114744
-0.111994
-0.113263
-0.107076
1.809775
0.009941
-0.014048
0.042388
0.011774
0.007156
0.037851
-0.061661
-0.095385
-0.039669
-0.007181
-0.063001
-0.089903
-0.066274
-0.070596
0.003807
0.018670
-0.061902
-0.048625
-0.010746
0.001209
-0.056088
-0.074163
-0.041650
-0.027326
-0.080182
-0.087880
-0.105702
-0.073842
-0.082157
-0.086319
-0.092798
-0.045190
-0.057540
-0.093164
-0.093326
-0.076471
-0.079044
-0.098573
-0.104111
-0.095673
-0.098820
-0.102841
-0.104193
-0.108400
-0.100319
-0.104510
-0.110977
-0.108704
-0.107112
-0.109392
-0.115472
-0.112412
-0.109127
-0.110637
-0.113498
-0.096703
-0.111133
-0.109199
-0.112167
-0.108290
-0.110279
-0.110603
-0.106707
-0.108491
-0.112478
-0.111772
-0.106762
-0.107776
-0.115049
-0.109097
-0.106824
-0.112212
-0.109037
-0.102588
-0.110895
-0.109279
-0.110445
-0.105181
-0.108529
-0.114185
-0.113395
-0.112443
-0.110801
-0.108359
-0.109416
-0.107695
-0.110005
-0.113788
-0.110800
-0.102644
-0.107421
-0.113666
-0.112189
-0.108610
-0.111793
-0.111380
-0.111499
-0.111063
-0.015261
0.560689
-0.111512
-0.065490
-0.074590
-0.076978
-0.095269
-0.093470
-0.112755
-0.112067
-0.097035
-0.093195
-0.083142
-0.105194
-0.073524
-0.086791
-0.084454
-0.067084
-0.071741
-0.063241
-0.082370
-0.088863
-0.094084
-0.083510
-0.095567
-0.109710
-0.094203
-0.099858
-0.101485
-0.105338
-0.104922
-0.108748
-0.100466
-0.108662
-0.101510
-0.099998
-0.108129
-0.102209
-0.104468
-0.104807
-0.101702
-0.103078
-0.108168
-0.112899
-0.108648
-0.114152
-0.111477
-0.111067
-0.111653
-0.114979
-0.113535
-0.113708
-0.113576
-0.115829
-0.113417
-0.112729
-0.114450
-0.111790
-0.115580
-0.112444
-0.114244
-0.114393
-0.115134
-0.113745
-0.115273
-0.115468
-0.113618
-0.114674
-0.115706
-0.115342
-0.112134
-0.114398
-0.114074
-0.112602
-0.113283
-0.113242
-0.113825
-0.110311
-0.113613
-0.114569
-0.114543
-0.111951
-0.113761
-0.113027
-0.112740
-0.115394
-0.113012
-0.114723
-0.113681
-0.114982
-0.113790
-0.114171
-0.113593
-0.114132
-0.114275
-0.114673
-0.113158
-0.114344
-0.114054
-0.113158
-1.919755
0.076119
-1.416526
-2.166650
-0.115937
-0.115940
-0.375357
0.042989
-0.146353
-0.648276
-0.115941
-0.115947
3.010670
0.052991
3.414497
2.703046
-0.115940
-0.115942
0.062578
0.172904
0.590387
-0.496387
-0.115940
-0.115944
-0.023355
0.347082
0.850133
-0.559960
-0.115939
-0.115946
-0.356007
0.509748
0.686861
-1.199353
-0.115941
-0.115947
8.391048
0.311253
8.899885
7.544941
-0.115943
-0.115945
1.689098
-0.035679
-0.018046
-0.090197
-0.091429
-0.105703
-0.110276
-0.108566
-0.111351
-0.107473
-0.103945
-0.113227
-0.101518
-0.104909
-0.110369
-0.112959
-0.107072
-0.105662
-0.113258
-0.113524
-0.112323
-0.111573
-0.113331
-0.113503
-0.113048
-0.113933
-0.113321
-0.111042
-0.111061
-0.114050
-0.112857
-0.111501
-0.113927
-0.115208
-0.114639
-0.114376
-0.115530
-0.114819
-0.114002
-0.114790
-0.115317
-0.115780
-0.112709
-0.114623
-0.114514
-0.115236
-0.114918
-0.113949
-0.114978
-0.114663
-0.114951
-0.114992
-0.114788
-0.115479
-0.114753
-0.114358
-0.114770
-0.115540
-0.115342
-0.115450
-0.115436
-0.114374
-0.115160
-0.115184
-0.115335
-0.115225
-0.115406
-0.115346
-0.115016
-0.114943
-0.115195
-0.115205
-0.115139
-0.115169
-0.115032
-0.114938
-0.115435
-0.115213
-0.115527
-0.115139
-0.114962
-0.115217
-0.115238
-0.115293
-0.115336
-0.115212
-0.114713
-0.115013
-0.115230
-0.114940
-0.115132
-0.115445
-0.115504
-0.115141
-0.115195
-0.115267
-0.115523
-0.115256
-0.115462
-0.115069
0.143241
-0.035113
-0.066537
-0.071367
-0.085580
-0.114490
-0.107381
-0.114200
-0.113335
-0.109036
-0.105262
-0.111493
-0.107977
-0.106383
-0.112045
-0.107162
-0.111450
-0.111646
-0.112235
-0.109277
-0.115615
-0.114171
-0.114904
-0.114207
-0.114954
-0.112309
-0.115382
-0.112218
-0.115013
-0.114286
-0.114872
-0.115477
-0.112801
-0.115417
-0.114248
-0.115287
-0.114864
-0.115255
-0.114812
-0.115554
-0.113940
-0.115007
-0.115307
-0.114810
-0.114275
-0.115123
-0.114844
-0.115123
-0.115635
-0.114905
-0.115319
-0.115668
-0.115617
-0.115745
-0.115561
-0.115108
-0.115366
-0.115163
-0.115464
-0.115558
-0.115440
-0.115600
-0.114980
-0.115278
-0.115581
-0.115403
-0.115616
-0.115603
-0.115806
-0.115700
-0.115560
-0.115448
-0.115295
-0.115613
-0.115712
-0.115864
-0.115561
-0.115586
-0.115445
-0.115701
-0.115888
-0.115911
-0.115818
-0.115877
-0.115751
-0.115829
-0.115752
-0.115800
-0.115639
-0.115916
-0.115770
-0.115547
-0.115672
-0.115773
-0.115924
-0.115667
-0.115656
-0.115636
-0.115668
-0.115728
3.010200
-0.053426
-0.066259
-0.033221
-0.111704
-0.103381
-0.104241
-0.110770
-0.113310
-0.108123
-0.109066
-0.112779
-0.106970
-0.114241
-0.107168
-0.112493
-0.105427
-0.109527
-0.114610
-0.113745
-0.114413
-0.112861
-0.114805
-0.114256
-0.114033
-0.110953
-0.110906
-0.110605
-0.112373
-0.114778
-0.114134
-0.113212
-0.113232
-0.111572
-0.113726
-0.114054
-0.114907
-0.114905
-0.114631
-0.114929
-0.115152
-0.115210
-0.114265
-0.114416
-0.114576
-0.114219
-0.114876
-0.114266
-0.114702
-0.115248
-0.114861
-0.115218
-0.115032
-0.115371
-0.115367
-0.114959
-0.113835
-0.115665
-0.115061
-0.115243
-0.115374
-0.114674
-0.114942
-0.115137
-0.115191
-0.114901
-0.115176
-0.115192
-0.115007
-0.114996
-0.115362
-0.115735
-0.115300
-0.115114
-0.115270
-0.114734
-0.115004
-0.115213
-0.115288
-0.115443
-0.115022
-0.115296
-0.115183
-0.115230
-0.115003
-0.115447
-0.114776
-0.115315
-0.115208
-0.115062
-0.115431
-0.115312
-0.115074
-0.115090
-0.115114
-0.115136
-0.115407
-0.115241
-0.115370
-0.115251
0.059896
0.029874
0.004809
-0.059644
-0.076167
-0.094585
-0.101950
-0.103475
-0.105602
-0.108548
-0.109685
-0.108789
-0.109904
-0.110561
-0.110992
-0.111297
-0.111710
-0.112088
-0.112116
-0.112143
-0.112686
-0.112725
-0.113047
-0.113011
-0.112695
-0.113934
-0.111679
-0.113105
-0.106914
-0.111321
-0.109752
-0.110471
-0.114374
-0.112751
-0.113308
-0.113046
-0.113518
-0.113550
-0.113539
-0.113760
-0.113939
-0.113870
-0.114009
-0.114037
-0.114078
-0.114131
-0.114179
-0.114232
-0.114216
-0.114390
-0.114442
-0.114370
-0.114445
-0.114479
-0.114224
-0.114345
-0.113526
-0.114201
-0.115044
-0.115166
-0.114324
-0.113937
-0.114351
-0.114115
-0.114385
-0.114396
-0.114418
-0.114451
-0.114517
-0.114529
-0.114530
-0.114538
-0.114575
-0.114586
-0.114594
-0.114623
-0.114633
-0.114651
-0.114612
-0.114677
-0.114741
-0.114625
-0.114894
-0.114896
-0.115026
-0.114835
-0.114601
-0.114199
-0.114513
-0.114416
-0.115125
-0.114776
-0.114775
-0.114667
-0.114660
-0.114691
-0.114661
-0.114649
-0.114681
-0.114689
-0.019671
0.190057
0.000476
-0.105836
-0.095170
-0.109985
-0.110533
-0.113434
-0.114118
-0.114195
-0.114418
-0.114275
-0.114432
-0.114593
-0.114632
-0.114790
-0.114860
-0.114875
-0.114825
-0.114732
-0.115048
-0.114947
-0.114698
-0.113847
-0.114515
-0.114576
-0.113111
-0.109155
-0.114465
-0.109310
-0.109356
-0.115391
-0.112027
-0.114579
-0.114865
-0.114926
-0.114877
-0.115200
-0.115330
-0.115385
-0.115395
-0.115427
-0.115477
-0.115503
-0.115522
-0.115532
-0.115576
-0.115577
-0.115606
-0.115596
-0.115682
-0.115680
-0.115742
-0.115564
-0.115624
-0.115498
-0.115830
-0.114308
-0.113809
-0.115422
-0.114705
-0.115030
-0.115544
-0.115357
-0.115609
-0.115745
-0.115626
-0.115675
-0.115665
-0.115694
-0.115673
-0.115684
-0.115690
-0.115698
-0.115705
-0.115709
-0.115737
-0.115729
-0.115706
-0.115705
-0.115883
-0.115862
-0.115564
-0.115465
-0.115627
-0.115568
-0.115213
-0.115575
-0.115459
-0.115365
-0.115773
-0.115556
-0.115747
-0.115701
-0.115694
-0.115712
-0.115707
-0.115728
-0.115722
-0.115733
0.128473
0.318638
-0.035820
-0.108751
-0.103852
-0.095382
-0.109117
-0.107057
-0.109454
-0.110668
-0.110922
-0.111574
-0.111159
-0.112450
-0.112076
-0.112603
-0.112831
-0.112606
-0.113469
-0.112744
-0.113640
-0.113179
-0.113269
-0.114045
-0.113196
-0.110886
-0.113693
-0.111835
-0.107161
-0.108476
-0.106254
-0.110526
-0.115336
-0.115608
-0.113127
-0.114667
-0.114918
-0.114504
-0.114998
-0.114522
-0.114926
-0.114688
-0.114653
-0.114876
-0.114558
-0.114936
-0.114608
-0.114760
-0.114762
-0.114629
-0.114969
-0.114442
-0.114905
-0.114572
-0.114538
-0.114887
-0.114143
-0.114755
-0.114919
-0.115626
-0.113281
-0.114749
-0.114974
-0.115444
-0.114702
-0.115031
-0.115000
-0.114927
-0.115130
-0.114895
-0.115122
-0.114949
-0.115021
-0.115055
-0.114926
-0.115133
-0.114900
-0.115068
-0.114981
-0.114978
-0.115074
-0.114641
-0.115330
-0.115124
-0.115059
-0.114776
-0.114659
-0.114390
-0.114736
-0.114284
-0.115391
-0.115009
-0.115030
-0.115287
-0.114945
-0.115233
-0.115035
-0.115083
-0.115140
-0.115013
