-2.754282
1.212577
0.253078
-8.702062
-0.115979
-0.115966
0.514328
0.331578
1.769531
-0.479189
-0.115976
-0.115978
2.369397
0.814805
5.156744
0.642473
-0.115976
-0.115978
-0.058483
1.097117
1.495031
-2.169106
-0.115978
-0.115981
0.055288
2.187064
3.440349
-3.701137
-0.115977
-0.115981
0.220819
0.534152
1.361557
-0.923699
-0.115976
-0.115981
13.290299
-0.113986
13.294157
13.287556
-0.115975
-0.115980
10.312031
1.745432
12.780973
5.880770
-0.115979
-0.115977
2.515243
0.285290
-0.087415
-0.037508
-0.068130
-0.053857
-0.030925
-0.104363
-0.078404
0.082980
-0.072697
-0.012870
0.101468
0.028261
0.025888
0.002997
-0.086783
0.040632
0.073457
0.008899
0.155804
0.181105
-0.065209
-0.004182
-0.043167
0.104531
0.098733
0.034766
0.038687
-0.080158
-0.026784
-0.025702
-0.070318
0.002842
0.056813
-0.012798
-0.066839
-0.053968
0.003931
-0.002865
-0.024283
-0.031523
-0.084297
-0.097817
-0.091069
-0.086855
-0.109333
-0.096506
-0.090150
-0.083595
-0.091351
-0.110514
-0.101040
-0.104445
-0.095244
-0.101342
-0.103676
-0.103916
-0.098332
-0.107939
-0.102019
-0.100972
-0.106419
-0.106021
-0.103041
-0.102832
-0.106646
-0.104077
-0.105743
-0.097081
-0.106995
-0.104333
-0.105089
-0.101267
-0.103171
-0.096317
-0.102639
-0.102856
-0.106014
-0.106068
-0.089740
-0.102805
-0.090895
-0.102312
-0.104198
-0.073849
-0.093812
-0.109867
-0.083105
-0.102894
-0.095837
-0.096145
-0.110174
-0.095651
-0.094246
-0.089187
-0.103567
-0.111945
-0.084367
-0.088706
0.509701
-0.028147
-0.054461
-0.082976
-0.061964
-0.105606
-0.111046
-0.091720
-0.086238
-0.034913
-0.054879
-0.101738
-0.046674
-0.057875
-0.015502
-0.100995
-0.028379
-0.076790
-0.038740
-0.103880
-0.079328
-0.054565
-0.061109
-0.081099
-0.047488
-0.090181
-0.069804
-0.060149
-0.069389
-0.082350
-0.045758
-0.063406
-0.102146
-0.093851
-0.074716
-0.100569
-0.071262
-0.095844
-0.096520
-0.080900
-0.107016
-0.106487
-0.093923
-0.105515
-0.105218
-0.115442
-0.104898
-0.103975
-0.108957
-0.106513
-0.104341
-0.114690
-0.108985
-0.114411
-0.110170
-0.111566
-0.113208
-0.112804
-0.112097
-0.112941
-0.114029
-0.112684
-0.113117
-0.114080
-0.112672
-0.112995
-0.112957
-0.114333
-0.114168
-0.109519
-0.114618
-0.113270
-0.111298
-0.110098
-0.108980
-0.113265
-0.108079
-0.114171
-0.111719
-0.113901
-0.113065
-0.115419
-0.109519
-0.113532
-0.109817
-0.111377
-0.111980
-0.106984
-0.108177
-0.111644
-0.108771
-0.110037
-0.110713
-0.111904
-0.111247
-0.110531
-0.108442
-0.115299
-0.111151
-0.112691
2.367142
0.344786
0.130817
-0.062228
-0.043981
-0.070553
-0.045122
-0.053149
-0.067092
-0.070217
-0.097670
-0.064887
-0.063453
-0.074154
-0.084008
-0.085661
-0.072919
-0.058483
-0.023655
-0.061047
-0.025783
-0.054622
-0.069009
-0.052748
-0.069868
-0.009429
-0.005258
-0.021577
-0.022152
-0.077426
-0.018715
-0.048715
-0.048741
-0.040074
-0.034807
-0.056163
-0.103209
-0.084200
-0.056470
-0.094108
-0.087983
-0.082746
-0.097137
-0.112396
-0.099619
-0.112204
-0.113732
-0.104947
-0.109507
-0.110471
-0.108067
-0.113071
-0.115730
-0.115910
-0.110195
-0.111671
-0.110673
-0.112589
-0.111516
-0.114704
-0.111563
-0.113030
-0.115362
-0.112579
-0.113666
-0.114188
-0.113190
-0.110705
-0.113821
-0.112553
-0.113857
-0.114152
-0.115105
-0.112147
-0.111699
-0.112997
-0.110668
-0.109558
-0.110510
-0.113019
-0.106580
-0.113384
-0.110109
-0.109073
-0.111439
-0.097657
-0.103742
-0.109985
-0.101485
-0.109863
-0.103058
-0.103914
-0.106176
-0.102446
-0.107562
-0.102789
-0.113145
-0.112801
-0.101893
-0.106763
-0.064521
0.695619
0.081342
-0.008977
-0.087026
-0.052434
-0.073818
-0.064044
-0.093676
-0.057253
-0.088053
-0.096652
-0.090861
-0.068066
-0.065242
-0.098448
-0.077036
-0.095930
-0.103406
-0.104535
-0.093658
-0.094742
-0.103307
-0.109098
-0.100184
-0.101150
-0.090306
-0.110162
-0.100946
-0.107127
-0.102632
-0.104660
-0.105641
-0.108849
-0.100784
-0.111512
-0.106221
-0.113124
-0.108654
-0.108966
-0.110920
-0.111207
-0.114453
-0.112861
-0.106280
-0.111212
-0.107814
-0.111543
-0.113416
-0.109304
-0.109695
-0.110570
-0.112132
-0.111040
-0.111544
-0.110956
-0.111922
-0.112127
-0.111616
-0.109271
-0.113997
-0.111079
-0.112596
-0.112547
-0.113348
-0.113150
-0.113702
-0.111603
-0.112842
-0.111581
-0.113541
-0.113362
-0.112784
-0.110837
-0.111055
-0.113594
-0.113293
-0.112298
-0.113256
-0.113134
-0.112688
-0.112473
-0.114576
-0.113784
-0.113680
-0.112448
-0.113020
-0.112938
-0.113056
-0.114042
-0.111908
-0.112278
-0.113600
-0.113778
-0.112781
-0.113756
-0.112524
-0.114231
-0.113078
-0.114709
0.046967
1.428906
0.220669
-0.007635
-0.011110
0.027406
-0.062371
-0.016183
-0.075695
0.015432
-0.055472
-0.080113
-0.025580
-0.051309
-0.036316
-0.065697
-0.082629
-0.057829
-0.083712
-0.074962
-0.019774
-0.064914
-0.087112
-0.072561
-0.087573
-0.038607
-0.056723
-0.084076
-0.082144
-0.088675
-0.090087
-0.091932
-0.092296
-0.104712
-0.083436
-0.079755
-0.109069
-0.091426
-0.092148
-0.101060
-0.086523
-0.101500
-0.107564
-0.110393
-0.106155
-0.098419
-0.112494
-0.110355
-0.106818
-0.100656
-0.105427
-0.107365
-0.105981
-0.108583
-0.108761
-0.106069
-0.107463
-0.111749
-0.106745
-0.104650
-0.111692
-0.106780
-0.111805
-0.109979
-0.111658
-0.111125
-0.111808
-0.108623
-0.111356
-0.106675
-0.112119
-0.110961
-0.109899
-0.108976
-0.107069
-0.113182
-0.113768
-0.108461
-0.111256
-0.110852
-0.107592
-0.109906
-0.109572
-0.112792
-0.108438
-0.106936
-0.113530
-0.109695
-0.113028
-0.114293
-0.110700
-0.109709
-0.115244
-0.114016
-0.111422
-0.114240
-0.110057
-0.112243
-0.108263
-0.111411
0.218011
0.313761
-0.020185
-0.093207
-0.091508
-0.097312
-0.083894
-0.079639
-0.099273
-0.088737
-0.086371
-0.097500
-0.110097
-0.098152
-0.082398
-0.086359
-0.089997
-0.107703
-0.105942
-0.104250
-0.083868
-0.079356
-0.104110
-0.103159
-0.099947
-0.090179
-0.097167
-0.097583
-0.106998
-0.110061
-0.097357
-0.097080
-0.100954
-0.112739
-0.099064
-0.108863
-0.094940
-0.109344
-0.104638
-0.098146
-0.110924
-0.105411
-0.111833
-0.106769
-0.106138
-0.111266
-0.105863
-0.110205
-0.110006
-0.110416
-0.108905
-0.109746
-0.111823
-0.110322
-0.111303
-0.110907
-0.111325
-0.112679
-0.110598
-0.111150
-0.111709
-0.109956
-0.112263
-0.111753
-0.112330
-0.112088
-0.112134
-0.111268
-0.111613
-0.112226
-0.112235
-0.111521
-0.112414
-0.111414
-0.111616
-0.110789
-0.112869
-0.112247
-0.112508
-0.111955
-0.109920
-0.113355
-0.112111
-0.112220
-0.112425
-0.109868
-0.113327
-0.109425
-0.112888
-0.111793
-0.110112
-0.110349
-0.110025
-0.111737
-0.110636
-0.114077
-0.109101
-0.111368
-0.111885
-0.110516
-1.740748
0.368401
-0.890307
-2.340383
-0.115974
-0.115981
-0.370598
0.076120
-0.040593
-0.717780
-0.115976
-0.115981
3.069447
0.220610
3.697261
2.490962
-0.115975
-0.115980
0.133882
0.418672
0.908089
-0.732780
-0.115977
-0.115981
0.128490
0.770686
1.496734
-1.667098
-0.115978
-0.115978
-0.069136
0.605801
1.559245
-0.954429
-0.115972
-0.115976
7.836557
0.819815
9.531211
6.734202
-0.115974
-0.115980
1.510571
0.207460
-0.029200
-0.077551
-0.075040
-0.090856
-0.109769
-0.108599
-0.112748
-0.110164
-0.107589
-0.102740
-0.109132
-0.109130
-0.102536
-0.111602
-0.108925
-0.109555
-0.110048
-0.112550
-0.112473
-0.110884
-0.114865
-0.114459
-0.115165
-0.114026
-0.115969
-0.113195
-0.112836
-0.109607
-0.109810
-0.114270
-0.109379
-0.110965
-0.112280
-0.113499
-0.113348
-0.114356
-0.115234
-0.115782
-0.114932
-0.115353
-0.113644
-0.115147
-0.115221
-0.113260
-0.114502
-0.113630
-0.113836
-0.115184
-0.114745
-0.115166
-0.115288
-0.115545
-0.115504
-0.115304
-0.115595
-0.115773
-0.115490
-0.115556
-0.113792
-0.114701
-0.114671
-0.114532
-0.114831
-0.114621
-0.114785
-0.115410
-0.115575
-0.115889
-0.115835
-0.115488
-0.115218
-0.114914
-0.115189
-0.115078
-0.115028
-0.115661
-0.115035
-0.114937
-0.115755
-0.115565
-0.115536
-0.115774
-0.115716
-0.115781
-0.115718
-0.115557
-0.115546
-0.115565
-0.115377
-0.114808
-0.115519
-0.115045
-0.114980
-0.115372
-0.115415
-0.115243
-0.115693
-0.115783
0.137491
-0.010193
-0.050409
-0.073435
-0.113269
-0.098244
-0.111641
-0.105070
-0.109305
-0.105609
-0.109468
-0.111897
-0.111000
-0.104968
-0.104816
-0.110482
-0.112096
-0.108910
-0.110629
-0.114541
-0.115248
-0.113039
-0.113499
-0.114442
-0.115249
-0.114772
-0.113538
-0.112262
-0.113404
-0.113174
-0.113721
-0.113428
-0.112888
-0.114087
-0.114711
-0.115017
-0.114844
-0.115031
-0.114565
-0.114125
-0.113912
-0.114568
-0.115285
-0.114512
-0.113878
-0.115346
-0.114884
-0.114613
-0.114624
-0.115475
-0.115531
-0.115168
-0.115263
-0.115545
-0.115596
-0.115401
-0.115740
-0.115618
-0.114691
-0.114638
-0.115041
-0.115257
-0.115917
-0.114949
-0.115137
-0.115278
-0.115388
-0.115372
-0.115109
-0.115137
-0.114952
-0.115120
-0.115303
-0.115364
-0.115105
-0.115315
-0.115271
-0.115537
-0.115237
-0.115546
-0.115513
-0.115325
-0.115353
-0.115450
-0.115322
-0.115402
-0.115410
-0.115234
-0.115081
-0.115123
-0.115778
-0.115465
-0.115293
-0.115394
-0.115351
-0.115420
-0.115509
-0.115430
-0.115327
-0.115225
3.069129
0.106963
-0.087985
-0.067061
-0.065487
-0.103184
-0.102753
-0.107895
-0.112409
-0.109360
-0.111986
-0.112036
-0.111568
-0.105053
-0.110751
-0.114017
-0.110739
-0.110966
-0.110163
-0.111873
-0.114955
-0.114260
-0.114732
-0.114974
-0.115053
-0.115390
-0.112396
-0.114487
-0.112426
-0.110943
-0.112443
-0.114826
-0.110733
-0.112843
-0.114392
-0.112025
-0.113654
-0.113936
-0.114219
-0.114722
-0.114697
-0.115186
-0.114897
-0.114124
-0.114896
-0.114838
-0.115050
-0.115065
-0.114318
-0.115272
-0.115725
-0.115519
-0.115681
-0.115537
-0.115519
-0.115514
-0.115111
-0.115671
-0.115887
-0.115336
-0.114344
-0.114703
-0.115387
-0.115034
-0.114617
-0.114420
-0.114903
-0.114975
-0.115175
-0.115401
-0.115371
-0.115478
-0.115629
-0.115420
-0.115043
-0.115258
-0.115591
-0.115333
-0.115062
-0.115381
-0.115804
-0.115589
-0.115544
-0.115443
-0.115454
-0.115397
-0.115400
-0.115409
-0.115293
-0.115342
-0.115554
-0.115050
-0.115336
-0.115035
-0.115280
-0.115414
-0.115002
-0.115342
-0.115600
-0.115575
0.134385
0.230387
0.001832
-0.030155
-0.099158
-0.102006
-0.104353
-0.109272
-0.111198
-0.113656
-0.113104
-0.113432
-0.114698
-0.114142
-0.114490
-0.114730
-0.114701
-0.114842
-0.115019
-0.115237
-0.114911
-0.115140
-0.115380
-0.115223
-0.114847
-0.114976
-0.115313
-0.113810
-0.112628
-0.103356
-0.114946
-0.112020
-0.107390
-0.112690
-0.114495
-0.115629
-0.115652
-0.115474
-0.115678
-0.115676
-0.115849
-0.115960
-0.115874
-0.115893
-0.115970
-0.115932
-0.115889
-0.115889
-0.115959
-0.115796
-0.115859
-0.115826
-0.115948
-0.115905
-0.115907
-0.115774
-0.115783
-0.115851
-0.114862
-0.114375
-0.114090
-0.115356
-0.113778
-0.115439
-0.114972
-0.115423
-0.115534
-0.115574
-0.115572
-0.115608
-0.115632
-0.115695
-0.115681
-0.115676
-0.115685
-0.115593
-0.115717
-0.115698
-0.115573
-0.115480
-0.115594
-0.115752
-0.115609
-0.115636
-0.115646
-0.115671
-0.115638
-0.115570
-0.115494
-0.115614
-0.114680
-0.115445
-0.114924
-0.115640
-0.115786
-0.115548
-0.115646
-0.115652
-0.115650
-0.115679
0.123003
0.476398
0.009542
0.015912
-0.030164
-0.095719
-0.101206
-0.101720
-0.103603
-0.105753
-0.106988
-0.107667
-0.108490
-0.109017
-0.109140
-0.109290
-0.109458
-0.109664
-0.109828
-0.110005
-0.110376
-0.110725
-0.110984
-0.111330
-0.111790
-0.110583
-0.111393
-0.100462
-0.111420
-0.107593
-0.107265
-0.104927
-0.111372
-0.113693
-0.105108
-0.113599
-0.112180
-0.112951
-0.113184
-0.113414
-0.113637
-0.113732
-0.113755
-0.113712
-0.113646
-0.113479
-0.113430
-0.113336
-0.113478
-0.113598
-0.113587
-0.113760
-0.113752
-0.113961
-0.114058
-0.114161
-0.114627
-0.112230
-0.113909
-0.113740
-0.112900
-0.114723
-0.112153
-0.113103
-0.112124
-0.113486
-0.113717
-0.113994
-0.114043
-0.114119
-0.114184
-0.114193
-0.114159
-0.114081
-0.114179
-0.113601
-0.113888
-0.113696
-0.114388
-0.114605
-0.113976
-0.114156
-0.113671
-0.114245
-0.114165
-0.114255
-0.114145
-0.114037
-0.113447
-0.113861
-0.113555
-0.114395
-0.113931
-0.113893
-0.114022
-0.113544
-0.114316
-0.114247
-0.114287
-0.114336
-0.066983
0.342872
0.011304
0.030030
-0.057436
-0.081182
-0.083353
-0.088280
-0.091187
-0.094594
-0.096788
-0.098275
-0.100013
-0.101049
-0.101780
-0.102571
-0.103285
-0.103993
-0.104544
-0.105062
-0.105632
-0.106330
-0.106823
-0.107302
-0.107543
-0.108854
-0.106435
-0.105028
-0.106228
-0.104927
-0.113857
-0.110218
-0.107242
-0.106356
-0.109057
-0.109359
-0.110482
-0.110347
-0.110582
-0.110832
-0.110990
-0.111039
-0.111127
-0.111148
-0.111138
-0.111096
-0.111144
-0.111145
-0.111320
-0.111447
-0.111475
-0.111560
-0.111741
-0.111835
-0.111961
-0.112097
-0.112057
-0.111984
-0.110814
-0.111777
-0.112829
-0.113285
-0.110894
-0.111595
-0.111030
-0.111724
-0.112229
-0.112164
-0.112275
-0.112331
-0.112388
-0.112399
-0.112389
-0.112406
-0.112328
-0.112272
-0.112184
-0.112111
-0.112661
-0.112830
-0.112348
-0.112382
-0.112452
-0.112496
-0.112620
-0.112594
-0.112662
-0.112420
-0.112056
-0.112505
-0.112328
-0.113030
-0.112673
-0.112354
-0.112038
-0.112564
-0.112663
-0.112688
-0.112706
-0.112730
