-2.500631
0.932010
0.902025
-5.137584
-0.110723
-0.110719
0.315791
0.311896
1.475642
-0.997063
-0.110724
-0.110721
2.675309
0.965582
5.134419
0.382311
-0.110724
-0.110726
-0.280315
1.240320
1.979531
-2.581086
-0.110722
-0.110728
-0.005015
2.638754
4.059147
-5.259632
-0.110724
-0.110727
-0.062279
0.600402
1.069445
-1.104633
-0.110722
-0.110728
13.608694
-0.110069
13.610165
13.606471
-0.110723
-0.110720
9.236171
2.738920
13.612834
4.579620
-0.110723
-0.110728
2.275504
0.333109
0.018607
0.002955
-0.103997
-0.026611
-0.031582
-0.086702
-0.068406
-0.049758
-0.073193
-0.044720
-0.096560
-0.058191
-0.032623
0.004458
-0.063466
0.141595
-0.010510
0.038924
-0.053786
0.137915
0.014121
0.022593
-0.041505
-0.051732
-0.054717
-0.042871
-0.074370
-0.016866
-0.085902
-0.054029
-0.050499
-0.081287
-0.102879
-0.052419
-0.085047
-0.040993
-0.068272
-0.101244
-0.058877
-0.060967
-0.060247
-0.049100
-0.080076
-0.050743
-0.089909
-0.062824
-0.100194
-0.073654
-0.096830
-0.099035
-0.107910
-0.102353
-0.102946
-0.105641
-0.105936
-0.103829
-0.104651
-0.103285
-0.105359
-0.103767
-0.102592
-0.101962
-0.105300
-0.101884
-0.104435
-0.100903
-0.105329
-0.106640
-0.103056
-0.105621
-0.108319
-0.103387
-0.105600
-0.108034
-0.104495
-0.105328
-0.108124
-0.104308
-0.105063
-0.087788
-0.100935
-0.093082
-0.095070
-0.095731
-0.099126
-0.101692
-0.102433
-0.101859
-0.098856
-0.103878
-0.096543
-0.100112
-0.095834
-0.103487
-0.093277
-0.102395
-0.100576
-0.104983
0.312379
0.005498
-0.040833
-0.092693
-0.073291
-0.055551
-0.070483
-0.081712
-0.094075
-0.084611
-0.045011
-0.076559
-0.058976
-0.081229
-0.087100
-0.076079
-0.015327
0.010109
-0.084029
-0.070773
-0.079471
-0.033687
-0.092527
-0.095564
-0.069859
-0.069806
-0.072340
-0.085099
-0.078839
-0.053331
-0.085001
-0.099107
-0.083422
-0.100616
-0.106223
-0.072300
-0.086556
-0.085154
-0.090849
-0.096351
-0.087341
-0.097514
-0.098070
-0.088069
-0.094180
-0.109298
-0.092774
-0.093426
-0.090334
-0.092081
-0.101828
-0.109754
-0.105766
-0.104820
-0.104337
-0.104061
-0.106762
-0.106877
-0.108677
-0.108104
-0.108929
-0.107199
-0.108796
-0.107804
-0.108159
-0.108265
-0.107302
-0.107756
-0.108236
-0.107422
-0.106573
-0.106358
-0.106870
-0.107916
-0.106451
-0.109779
-0.105238
-0.106711
-0.104419
-0.104947
-0.109688
-0.103549
-0.108784
-0.106539
-0.108333
-0.104730
-0.104958
-0.109509
-0.109755
-0.104025
-0.107558
-0.106087
-0.103961
-0.105035
-0.108916
-0.105160
-0.105530
-0.106774
-0.106729
-0.104385
2.670785
0.576965
0.061195
-0.075405
-0.015692
-0.069031
-0.066134
-0.073227
-0.075040
-0.050854
-0.087550
-0.089616
-0.069755
-0.088999
-0.057592
-0.036449
-0.102001
-0.082011
-0.051226
-0.094381
-0.099492
-0.011540
-0.092925
-0.052204
-0.072417
-0.079209
-0.068965
-0.083865
-0.068951
-0.027027
-0.096746
-0.088436
-0.100683
-0.091776
-0.091960
-0.058363
-0.085761
-0.073864
-0.085112
-0.102449
-0.072969
-0.089392
-0.091908
-0.088487
-0.106988
-0.092082
-0.099883
-0.107526
-0.105357
-0.095936
-0.103183
-0.101711
-0.108769
-0.107793
-0.103244
-0.107546
-0.107617
-0.107318
-0.108447
-0.103875
-0.109488
-0.108952
-0.105280
-0.103879
-0.107465
-0.102265
-0.104358
-0.103290
-0.108246
-0.107443
-0.105424
-0.105783
-0.105022
-0.109170
-0.108211
-0.107674
-0.106196
-0.108497
-0.107818
-0.103818
-0.105997
-0.102756
-0.108735
-0.106826
-0.102135
-0.107436
-0.107219
-0.107411
-0.106737
-0.105970
-0.102437
-0.107570
-0.103968
-0.100772
-0.103590
-0.106744
-0.098990
-0.106870
-0.101597
-0.104943
0.063818
0.819238
0.029506
-0.087527
0.002906
-0.102557
-0.053862
-0.088918
-0.081135
-0.100589
-0.085311
-0.065422
-0.087056
-0.105147
-0.108612
-0.093074
-0.085303
-0.081851
-0.103401
-0.086807
-0.096223
-0.093007
-0.099269
-0.102757
-0.096874
-0.102322
-0.102670
-0.107208
-0.096981
-0.103165
-0.100321
-0.102791
-0.103482
-0.100736
-0.103605
-0.104996
-0.105600
-0.108800
-0.102937
-0.103996
-0.108795
-0.110195
-0.107569
-0.104101
-0.104114
-0.109298
-0.108822
-0.106379
-0.107726
-0.107299
-0.109036
-0.109242
-0.108409
-0.108884
-0.108369
-0.108075
-0.108683
-0.108798
-0.107451
-0.108450
-0.106971
-0.109986
-0.106011
-0.106585
-0.109331
-0.107179
-0.109827
-0.109178
-0.109756
-0.110009
-0.108906
-0.109087
-0.109423
-0.109830
-0.108308
-0.108502
-0.109485
-0.109243
-0.109849
-0.109752
-0.110066
-0.108421
-0.110517
-0.108566
-0.109998
-0.110365
-0.109426
-0.110084
-0.108834
-0.109609
-0.109629
-0.109095
-0.110181
-0.109125
-0.109501
-0.109979
-0.110398
-0.110230
-0.108845
-0.109465
-0.012794
1.787618
0.066929
0.063155
0.001349
-0.041447
0.083704
-0.030114
-0.055668
-0.071621
-0.097580
-0.016911
-0.078407
-0.080262
-0.058432
-0.050558
-0.092322
-0.070433
-0.067258
-0.093224
-0.091328
-0.052116
-0.096372
-0.088469
-0.087408
-0.072430
-0.081270
-0.087525
-0.099109
-0.087370
-0.090437
-0.104970
-0.090907
-0.107352
-0.084323
-0.093326
-0.104894
-0.092651
-0.087743
-0.088997
-0.103483
-0.104192
-0.108680
-0.097299
-0.103946
-0.101081
-0.102184
-0.100929
-0.108182
-0.098541
-0.102836
-0.103873
-0.108352
-0.100657
-0.104405
-0.109284
-0.101182
-0.105932
-0.104099
-0.106949
-0.104450
-0.104066
-0.102082
-0.101923
-0.108518
-0.100922
-0.101659
-0.105230
-0.108389
-0.108472
-0.108367
-0.105638
-0.103943
-0.109636
-0.108857
-0.103860
-0.105343
-0.108601
-0.102665
-0.106736
-0.108601
-0.107153
-0.105752
-0.108582
-0.104976
-0.106103
-0.106329
-0.105944
-0.103667
-0.105986
-0.106601
-0.105008
-0.107292
-0.106519
-0.107976
-0.106892
-0.109187
-0.105832
-0.108312
-0.109101
-0.066926
0.366589
-0.034219
-0.027578
-0.076093
-0.088144
-0.083818
-0.098926
-0.098606
-0.101970
-0.062986
-0.090593
-0.061256
-0.094455
-0.094522
-0.098473
-0.084557
-0.097089
-0.092864
-0.083539
-0.092878
-0.089497
-0.097072
-0.099355
-0.103306
-0.107609
-0.101710
-0.108861
-0.098727
-0.095559
-0.104288
-0.102053
-0.101180
-0.100312
-0.109001
-0.097207
-0.106079
-0.107721
-0.108866
-0.106601
-0.105469
-0.107434
-0.104946
-0.101953
-0.104245
-0.104961
-0.107343
-0.106554
-0.105412
-0.108636
-0.110007
-0.108218
-0.106258
-0.110466
-0.106771
-0.107840
-0.109206
-0.110452
-0.109023
-0.109440
-0.109382
-0.109368
-0.108645
-0.108064
-0.108682
-0.109465
-0.109437
-0.110339
-0.110160
-0.109872
-0.109121
-0.110616
-0.110299
-0.109860
-0.108420
-0.109020
-0.109016
-0.109432
-0.108962
-0.109539
-0.109712
-0.109729
-0.109654
-0.108842
-0.109771
-0.110458
-0.108928
-0.109527
-0.109655
-0.110432
-0.110058
-0.109959
-0.108822
-0.108113
-0.109787
-0.109775
-0.109406
-0.108778
-0.110573
-0.108029
-1.765656
0.149175
-1.138059
-2.101706
-0.110719
-0.110722
-0.285519
0.140527
0.035776
-0.789487
-0.110725
-0.110727
3.117158
0.097107
3.588199
2.798961
-0.110720
-0.110724
-0.364041
0.293463
0.133538
-1.166982
-0.110726
-0.110726
-0.117914
0.330275
0.679205
-0.654785
-0.110721
-0.110727
-0.128901
0.364589
0.586874
-0.998718
-0.110724
-0.110727
8.336019
0.299397
9.079582
7.686707
-0.110722
-0.110726
1.544876
0.030916
-0.012127
-0.059404
-0.093102
-0.104373
-0.095880
-0.100887
-0.102062
-0.104225
-0.104102
-0.102710
-0.103048
-0.105486
-0.107970
-0.104320
-0.109790
-0.106044
-0.107870
-0.107386
-0.106654
-0.107409
-0.108780
-0.109165
-0.109839
-0.110199
-0.109352
-0.107949
-0.109704
-0.106679
-0.105840
-0.106469
-0.109910
-0.108018
-0.106757
-0.107551
-0.110006
-0.109709
-0.109557
-0.110313
-0.110558
-0.110257
-0.110096
-0.110028
-0.109631
-0.109241
-0.110215
-0.109202
-0.109969
-0.109555
-0.110231
-0.110607
-0.109463
-0.110159
-0.109909
-0.110411
-0.110186
-0.110421
-0.110233
-0.110508
-0.110321
-0.110310
-0.109428
-0.110036
-0.110176
-0.109933
-0.110037
-0.109558
-0.110312
-0.110347
-0.110338
-0.110180
-0.110265
-0.110570
-0.110354
-0.110389
-0.110572
-0.110459
-0.110485
-0.110433
-0.110511
-0.110662
-0.110165
-0.110477
-0.110468
-0.110265
-0.110683
-0.110272
-0.110486
-0.110235
-0.110394
-0.110233
-0.110221
-0.110268
-0.110468
-0.110040
-0.110617
-0.110614
-0.110117
-0.110626
0.065638
0.047388
-0.043943
-0.102122
-0.093896
-0.096756
-0.100657
-0.099719
-0.103600
-0.100083
-0.104653
-0.095804
-0.103362
-0.102211
-0.104368
-0.097746
-0.095922
-0.100299
-0.106239
-0.102297
-0.107566
-0.107285
-0.106841
-0.108545
-0.107308
-0.108158
-0.107502
-0.106357
-0.108341
-0.107514
-0.107264
-0.109753
-0.107287
-0.108035
-0.109158
-0.107945
-0.107950
-0.107647
-0.109493
-0.109347
-0.109003
-0.109298
-0.109113
-0.110413
-0.109155
-0.107637
-0.109434
-0.109654
-0.107257
-0.108784
-0.108858
-0.109200
-0.109075
-0.109093
-0.109495
-0.109198
-0.109772
-0.109498
-0.109650
-0.109578
-0.109498
-0.109672
-0.109355
-0.108985
-0.109920
-0.109372
-0.109152
-0.109900
-0.109882
-0.109927
-0.109297
-0.109582
-0.109714
-0.109502
-0.109676
-0.109385
-0.109847
-0.110158
-0.109575
-0.109292
-0.110290
-0.109125
-0.109859
-0.109790
-0.109594
-0.109660
-0.109601
-0.110088
-0.109335
-0.109898
-0.109804
-0.109623
-0.109636
-0.109773
-0.109701
-0.110032
-0.109626
-0.109758
-0.110084
-0.109586
3.116857
-0.029811
-0.019513
-0.045892
-0.072735
-0.094751
-0.107658
-0.104031
-0.108886
-0.106954
-0.105857
-0.106505
-0.107855
-0.098872
-0.104660
-0.102833
-0.102477
-0.104156
-0.104280
-0.103590
-0.107035
-0.108027
-0.108081
-0.109612
-0.110027
-0.109465
-0.109846
-0.108477
-0.107807
-0.105150
-0.105988
-0.108653
-0.110308
-0.109416
-0.107413
-0.107555
-0.106947
-0.109182
-0.110457
-0.109883
-0.110474
-0.110322
-0.110209
-0.110125
-0.110549
-0.109094
-0.109617
-0.109382
-0.109514
-0.109393
-0.109736
-0.109608
-0.109937
-0.110255
-0.110448
-0.110294
-0.110606
-0.110333
-0.110588
-0.110395
-0.110348
-0.109271
-0.109825
-0.110011
-0.110689
-0.110459
-0.109881
-0.109896
-0.109783
-0.110436
-0.110435
-0.110585
-0.110581
-0.110456
-0.110666
-0.110346
-0.110546
-0.110400
-0.110202
-0.110139
-0.110467
-0.110080
-0.110321
-0.110444
-0.110398
-0.110384
-0.110503
-0.110408
-0.110529
-0.110496
-0.110530
-0.110533
-0.110682
-0.110166
-0.110366
-0.110438
-0.110687
-0.110628
-0.110392
-0.110306
0.141366
0.135436
0.026136
-0.068111
-0.102270
-0.103474
-0.109716
-0.110292
-0.109812
-0.109568
-0.110600
-0.109857
-0.110531
-0.110291
-0.110516
-0.110696
-0.110701
-0.110663
-0.110524
-0.110470
-0.110543
-0.110254
-0.110687
-0.110475
-0.110663
-0.110446
-0.110568
-0.109653
-0.109964
-0.107935
-0.104513
-0.104574
-0.109757
-0.106430
-0.105047
-0.108060
-0.109823
-0.110022
-0.110663
-0.110677
-0.110618
-0.110532
-0.110629
-0.110600
-0.110690
-0.110656
-0.110696
-0.110716
-0.110702
-0.110698
-0.110691
-0.110681
-0.110651
-0.110615
-0.110703
-0.110667
-0.110696
-0.110650
-0.110667
-0.110495
-0.110595
-0.110248
-0.109431
-0.109257
-0.110299
-0.109916
-0.109287
-0.109927
-0.110386
-0.110394
-0.110476
-0.110663
-0.110597
-0.110440
-0.110505
-0.110679
-0.110688
-0.110690
-0.110713
-0.110717
-0.110715
-0.110719
-0.110720
-0.110711
-0.110704
-0.110693
-0.110712
-0.110700
-0.110717
-0.110705
-0.110701
-0.110646
-0.110677
-0.110578
-0.110225
-0.110096
-0.110471
-0.110476
-0.110102
-0.110277
-0.102340
0.189905
-0.046819
-0.069148
-0.103484
-0.088826
-0.107403
-0.108237
-0.108671
-0.109257
-0.109138
-0.109454
-0.109816
-0.110165
-0.110181
-0.110321
-0.110234
-0.110022
-0.110053
-0.109885
-0.109858
-0.109786
-0.109766
-0.109619
-0.109720
-0.109790
-0.109986
-0.109253
-0.108332
-0.109078
-0.107816
-0.103540
-0.109224
-0.105528
-0.107379
-0.107470
-0.110068
-0.108736
-0.110347
-0.110344
-0.110345
-0.110521
-0.110534
-0.110594
-0.110559
-0.110522
-0.110534
-0.110511
-0.110532
-0.110516
-0.110544
-0.110554
-0.110574
-0.110593
-0.110592
-0.110592
-0.110596
-0.110623
-0.110596
-0.110294
-0.110292
-0.110188
-0.110153
-0.109535
-0.110010
-0.110110
-0.109546
-0.109634
-0.110149
-0.110196
-0.110173
-0.110404
-0.110297
-0.110594
-0.110499
-0.110496
-0.110656
-0.110549
-0.110603
-0.110620
-0.110622
-0.110615
-0.110607
-0.110582
-0.110574
-0.110563
-0.110537
-0.110544
-0.110546
-0.110564
-0.110577
-0.110566
-0.110452
-0.110561
-0.110480
-0.110285
-0.110290
-0.110578
-0.110059
-0.110399
-0.093613
0.163104
0.052252
-0.031800
-0.076094
-0.089146
-0.088693
-0.091956
-0.094078
-0.096403
-0.098043
-0.099616
-0.100357
-0.100830
-0.101810
-0.102318
-0.102798
-0.103238
-0.103561
-0.104043
-0.104109
-0.104337
-0.104731
-0.105027
-0.105348
-0.105457
-0.105632
-0.105082
-0.103250
-0.106965
-0.109505
-0.096643
-0.105009
-0.101191
-0.107453
-0.109490
-0.107015
-0.107091
-0.107633
-0.107782
-0.107832
-0.107843
-0.107861
-0.107817
-0.107858
-0.107942
-0.107942
-0.108004
-0.108056
-0.108100
-0.108157
-0.108190
-0.108270
-0.108307
-0.108330
-0.108349
-0.108365
-0.108406
-0.108440
-0.108615
-0.108926
-0.108094
-0.107972
-0.108999
-0.108403
-0.108799
-0.106909
-0.107891
-0.108372
-0.108555
-0.108461
-0.108445
-0.108456
-0.108512
-0.108468
-0.108553
-0.108712
-0.108674
-0.108682
-0.108685
-0.108697
-0.108709
-0.108718
-0.108726
-0.108728
-0.108737
-0.108746
-0.108759
-0.108770
-0.108777
-0.108776
-0.108732
-0.108599
-0.108946
-0.109044
-0.108357
-0.109028
-0.108916
-0.109057
-0.108993
