-2.300346
1.296914
0.320855
-7.825301
-0.114107
-0.114098
0.114056
0.473477
1.584749
-1.863160
-0.114104
-0.114103
2.748834
1.194623
6.496605
0.264509
-0.114103
-0.114105
-0.092416
1.282516
2.467515
-2.396027
-0.114103
-0.114109
-0.278493
2.550326
4.769887
-4.743521
-0.114104
-0.114108
-0.083569
0.701480
1.894566
-1.584234
-0.114103
-0.114107
13.517818
-0.112891
13.520423
13.516020
-0.114103
-0.114108
8.815624
2.164052
12.445580
5.000450
-0.114104
-0.114108
2.055483
0.261028
0.005225
-0.092837
-0.085215
-0.026780
-0.041978
-0.058965
0.056148
-0.088709
-0.109029
-0.042548
0.049731
0.030743
-0.040159
0.282118
-0.059682
0.047873
-0.087310
0.039538
0.275815
0.090977
0.074789
0.131384
-0.052386
0.046594
0.107700
0.045137
-0.061916
-0.041585
-0.051335
0.007583
-0.094872
-0.051842
-0.040048
0.024037
0.023922
-0.008469
-0.067352
-0.018428
-0.025338
-0.031867
0.001067
-0.111963
-0.083088
-0.056966
-0.093051
-0.070364
-0.059834
-0.075663
-0.107343
-0.092718
-0.101624
-0.105066
-0.111496
-0.098949
-0.105053
-0.112488
-0.108357
-0.102688
-0.095681
-0.103356
-0.103619
-0.104309
-0.107292
-0.105812
-0.104807
-0.101258
-0.106928
-0.103520
-0.104530
-0.108611
-0.109785
-0.104283
-0.106219
-0.099946
-0.097647
-0.083862
-0.101693
-0.088799
-0.098654
-0.087666
-0.079657
-0.103628
-0.104356
-0.079933
-0.108493
-0.107257
-0.093158
-0.097667
-0.088003
-0.103019
-0.082931
-0.082486
-0.112480
-0.107717
-0.082147
-0.096753
-0.106096
-0.088822
0.114549
0.042501
-0.000499
-0.065309
-0.045168
-0.087448
-0.096861
-0.051806
-0.079573
-0.101730
-0.081460
-0.106190
-0.008295
-0.043992
-0.075735
0.029124
-0.055247
-0.093027
-0.043951
-0.002971
-0.077778
-0.078129
-0.048086
-0.083905
-0.101463
0.009470
-0.037011
-0.040311
-0.092942
-0.075732
-0.079614
-0.084413
-0.046954
-0.089898
-0.079980
-0.062626
-0.062020
-0.053457
-0.091587
-0.101333
-0.092553
-0.094278
-0.109361
-0.082739
-0.094692
-0.109943
-0.100672
-0.096155
-0.097456
-0.097803
-0.103600
-0.109302
-0.104416
-0.111576
-0.109702
-0.110720
-0.111121
-0.110990
-0.111292
-0.111936
-0.106862
-0.113130
-0.110988
-0.112340
-0.112818
-0.110711
-0.112227
-0.110742
-0.113034
-0.109666
-0.112363
-0.113606
-0.111462
-0.113079
-0.108691
-0.108618
-0.112126
-0.103047
-0.104915
-0.109004
-0.107057
-0.105475
-0.109728
-0.108768
-0.108220
-0.107576
-0.109353
-0.105097
-0.112554
-0.104920
-0.108235
-0.108610
-0.107012
-0.107759
-0.108810
-0.111504
-0.106440
-0.107001
-0.108838
-0.110480
2.734015
0.596766
0.027584
-0.096329
-0.050932
-0.043499
-0.065117
-0.090966
-0.053585
-0.082736
-0.068890
-0.073059
-0.083297
-0.015953
-0.056975
0.109000
-0.090298
0.035391
-0.090013
0.002397
0.076883
0.008180
-0.013087
0.047683
-0.099654
0.009406
0.065464
0.017520
-0.080140
-0.047525
-0.088545
-0.034825
-0.072671
-0.062874
-0.069381
0.001219
-0.007935
-0.042206
-0.095117
-0.048684
-0.063246
-0.062828
-0.057953
-0.106429
-0.101748
-0.072618
-0.094380
-0.090635
-0.082423
-0.090045
-0.107566
-0.102128
-0.107892
-0.107090
-0.108442
-0.105474
-0.106289
-0.110585
-0.110520
-0.105609
-0.102182
-0.104803
-0.107105
-0.103229
-0.106673
-0.108612
-0.108169
-0.106714
-0.108702
-0.109679
-0.110079
-0.108597
-0.112777
-0.107760
-0.108204
-0.103289
-0.102918
-0.094568
-0.105084
-0.095348
-0.102041
-0.095842
-0.095812
-0.110089
-0.108431
-0.091202
-0.111472
-0.106388
-0.098499
-0.098575
-0.099656
-0.106509
-0.090337
-0.091594
-0.108891
-0.109514
-0.091506
-0.098742
-0.108361
-0.099147
-0.094362
0.843149
0.018352
-0.038788
-0.085258
-0.071689
-0.061201
-0.070396
-0.071305
-0.091401
-0.094805
-0.080190
-0.103676
-0.072397
-0.067833
-0.062145
-0.082775
-0.085677
-0.082781
-0.109854
-0.072697
-0.087495
-0.087334
-0.067700
-0.109046
-0.111376
-0.073354
-0.103094
-0.092776
-0.102505
-0.101839
-0.107892
-0.106825
-0.093715
-0.100805
-0.105899
-0.090654
-0.113190
-0.111101
-0.094911
-0.107962
-0.104110
-0.102991
-0.106051
-0.109555
-0.110727
-0.110954
-0.109355
-0.104557
-0.105488
-0.112738
-0.111267
-0.112713
-0.112043
-0.113391
-0.112228
-0.110966
-0.113234
-0.110836
-0.112482
-0.112763
-0.107944
-0.111652
-0.111191
-0.109970
-0.110711
-0.113175
-0.112923
-0.112328
-0.110707
-0.111547
-0.111193
-0.111322
-0.112101
-0.111707
-0.111621
-0.110525
-0.111437
-0.109625
-0.110962
-0.110576
-0.112430
-0.112472
-0.113096
-0.109623
-0.109262
-0.113071
-0.112353
-0.110469
-0.112617
-0.111756
-0.110998
-0.111652
-0.112330
-0.110989
-0.108845
-0.110780
-0.112122
-0.110855
-0.110131
0.052591
1.693769
0.050536
0.058877
0.018991
-0.031704
0.032532
-0.058579
0.033506
-0.093551
-0.083957
-0.037538
-0.081342
-0.035190
-0.035883
-0.002015
-0.076290
-0.000154
-0.102903
-0.067048
0.011562
-0.091726
-0.042651
0.015935
-0.046407
-0.065742
0.001572
-0.074475
-0.068087
-0.080315
-0.063594
-0.106259
-0.080296
-0.076674
-0.093831
-0.083024
-0.043323
-0.099246
-0.081253
-0.056780
-0.087356
-0.094485
-0.080531
-0.105615
-0.102332
-0.090950
-0.102430
-0.102897
-0.093357
-0.099892
-0.111224
-0.110320
-0.109772
-0.110082
-0.110539
-0.108619
-0.106290
-0.107963
-0.106008
-0.108933
-0.111784
-0.102440
-0.109267
-0.110756
-0.106773
-0.106224
-0.109992
-0.110248
-0.109701
-0.107789
-0.106813
-0.108790
-0.108809
-0.108794
-0.107943
-0.108360
-0.107855
-0.110793
-0.106529
-0.105484
-0.110413
-0.104948
-0.108289
-0.106278
-0.105581
-0.103284
-0.108914
-0.104350
-0.102274
-0.113043
-0.110268
-0.105146
-0.102308
-0.111023
-0.105238
-0.106195
-0.108906
-0.105876
-0.099770
-0.103395
-0.084749
0.435977
-0.038965
-0.060309
-0.099752
-0.079078
-0.077837
-0.080452
-0.098066
-0.100283
-0.092163
-0.100061
-0.101507
-0.079565
-0.087743
-0.068972
-0.083978
-0.102312
-0.083145
-0.086505
-0.083519
-0.097636
-0.097554
-0.090761
-0.105847
-0.103979
-0.078598
-0.098779
-0.094353
-0.104013
-0.085702
-0.094948
-0.083512
-0.105916
-0.095497
-0.110742
-0.093295
-0.108644
-0.107010
-0.102921
-0.107942
-0.109793
-0.104691
-0.104772
-0.104883
-0.112539
-0.111045
-0.108432
-0.109982
-0.108629
-0.109420
-0.112886
-0.113101
-0.111775
-0.112819
-0.112817
-0.112445
-0.113218
-0.112122
-0.113140
-0.113504
-0.109557
-0.113582
-0.112537
-0.112765
-0.112886
-0.112710
-0.113739
-0.113082
-0.112382
-0.113694
-0.113365
-0.112597
-0.113912
-0.113022
-0.112623
-0.112641
-0.110577
-0.111395
-0.113330
-0.112064
-0.113000
-0.111559
-0.111897
-0.112348
-0.111532
-0.113354
-0.113715
-0.111890
-0.112436
-0.112411
-0.111009
-0.112263
-0.112235
-0.112148
-0.113055
-0.111764
-0.112315
-0.111746
-0.112444
-1.795418
0.104504
-1.447474
-2.131096
-0.114103
-0.114109
-0.346975
0.200798
0.284410
-1.003942
-0.114104
-0.114107
3.055068
0.086311
3.382931
2.705824
-0.114105
-0.114108
-0.027298
0.459265
0.834092
-0.784624
-0.114103
-0.114109
-0.081650
0.315633
0.629116
-0.913336
-0.114105
-0.114107
-0.189688
0.678530
0.978095
-1.632743
-0.114105
-0.114108
8.003022
0.420053
8.794933
7.275722
-0.114103
-0.114109
1.566629
0.012804
-0.059688
-0.070078
-0.086531
-0.098526
-0.101392
-0.106981
-0.108849
-0.111022
-0.106958
-0.103763
-0.103970
-0.109160
-0.100547
-0.096502
-0.105342
-0.094165
-0.111724
-0.108853
-0.108305
-0.109384
-0.110638
-0.112376
-0.111827
-0.110223
-0.113459
-0.109332
-0.112158
-0.108562
-0.112584
-0.112503
-0.113416
-0.111870
-0.109630
-0.113252
-0.111284
-0.113250
-0.111903
-0.112713
-0.113430
-0.112145
-0.112264
-0.113001
-0.113565
-0.112848
-0.110106
-0.112674
-0.112429
-0.111471
-0.113761
-0.112267
-0.112393
-0.113642
-0.113421
-0.113266
-0.113669
-0.113549
-0.113672
-0.112485
-0.113460
-0.113121
-0.113416
-0.113427
-0.113496
-0.113568
-0.112612
-0.113432
-0.113497
-0.113847
-0.113240
-0.113167
-0.113671
-0.112991
-0.113016
-0.113497
-0.113277
-0.113820
-0.112874
-0.113008
-0.112600
-0.113740
-0.113589
-0.112963
-0.113377
-0.113249
-0.113127
-0.113449
-0.113116
-0.113633
-0.113460
-0.112879
-0.112920
-0.113607
-0.113783
-0.113251
-0.113182
-0.113184
-0.113318
-0.113249
0.118232
0.084034
-0.050430
-0.066900
-0.084489
-0.094025
-0.100969
-0.106778
-0.109485
-0.110850
-0.107891
-0.105968
-0.099009
-0.087792
-0.103582
-0.097732
-0.105789
-0.099189
-0.108338
-0.095844
-0.111018
-0.111227
-0.111877
-0.113055
-0.113507
-0.112254
-0.109283
-0.111326
-0.113106
-0.111518
-0.108613
-0.111322
-0.113409
-0.108946
-0.112715
-0.113288
-0.112118
-0.111586
-0.113879
-0.113407
-0.113142
-0.114050
-0.112504
-0.112961
-0.110503
-0.111762
-0.111640
-0.112003
-0.112051
-0.111903
-0.111884
-0.111638
-0.113987
-0.113572
-0.113684
-0.113982
-0.113604
-0.113816
-0.113279
-0.113092
-0.113306
-0.114029
-0.112821
-0.113374
-0.113481
-0.113272
-0.113389
-0.113732
-0.113689
-0.113609
-0.113896
-0.113793
-0.113898
-0.113785
-0.113271
-0.113761
-0.112748
-0.113842
-0.113164
-0.113533
-0.113223
-0.113643
-0.113025
-0.113520
-0.114019
-0.113703
-0.113647
-0.113916
-0.113432
-0.113651
-0.113635
-0.113689
-0.113380
-0.113985
-0.113300
-0.113659
-0.113732
-0.113979
-0.113869
-0.113758
3.055606
0.007190
-0.075819
-0.090378
-0.069039
-0.102937
-0.104063
-0.102003
-0.104779
-0.107197
-0.103439
-0.110009
-0.102366
-0.113303
-0.102759
-0.107524
-0.106871
-0.109693
-0.109717
-0.109193
-0.109964
-0.111088
-0.112859
-0.112722
-0.112355
-0.111324
-0.110550
-0.108883
-0.111321
-0.111230
-0.111225
-0.112359
-0.113659
-0.111702
-0.111127
-0.113758
-0.110266
-0.112636
-0.112727
-0.113073
-0.113435
-0.113625
-0.112283
-0.113612
-0.113218
-0.113781
-0.112261
-0.112347
-0.112822
-0.112719
-0.113540
-0.112296
-0.113445
-0.112922
-0.113105
-0.113189
-0.113244
-0.113287
-0.113860
-0.112492
-0.113709
-0.113492
-0.113583
-0.113446
-0.113892
-0.113424
-0.112947
-0.113253
-0.113324
-0.113365
-0.113314
-0.113193
-0.113398
-0.113308
-0.113376
-0.113423
-0.113637
-0.113378
-0.113091
-0.113386
-0.113629
-0.113865
-0.113761
-0.113214
-0.113566
-0.113553
-0.113404
-0.113499
-0.113438
-0.113362
-0.113248
-0.113334
-0.113635
-0.113673
-0.113973
-0.113348
-0.113619
-0.113453
-0.113561
-0.113275
-0.029829
0.281960
-0.035723
-0.090876
-0.108772
-0.104693
-0.101823
-0.108560
-0.108285
-0.109346
-0.110233
-0.111906
-0.112209
-0.110724
-0.111544
-0.112320
-0.111795
-0.112228
-0.112684
-0.112009
-0.112802
-0.112421
-0.111941
-0.113312
-0.112632
-0.112084
-0.112467
-0.113776
-0.112281
-0.112775
-0.107475
-0.108079
-0.108999
-0.106881
-0.110632
-0.113459
-0.112599
-0.113013
-0.113222
-0.113024
-0.113007
-0.113445
-0.113146
-0.113198
-0.113352
-0.113208
-0.113345
-0.113399
-0.113211
-0.113445
-0.113290
-0.113338
-0.113622
-0.113221
-0.113249
-0.113566
-0.113197
-0.113240
-0.113579
-0.113111
-0.113594
-0.113314
-0.112682
-0.113791
-0.112558
-0.112729
-0.112877
-0.113826
-0.113165
-0.113293
-0.113677
-0.113192
-0.113454
-0.113506
-0.113586
-0.113773
-0.113566
-0.113539
-0.113496
-0.113598
-0.113500
-0.113571
-0.113531
-0.113535
-0.113565
-0.113492
-0.113633
-0.113560
-0.113489
-0.113801
-0.113580
-0.113403
-0.113930
-0.113457
-0.113166
-0.113303
-0.113739
-0.113174
-0.113570
-0.113715
-0.078557
0.153489
0.025537
-0.109194
-0.082380
-0.111694
-0.105279
-0.105241
-0.107379
-0.108880
-0.109255
-0.109273
-0.110039
-0.110433
-0.110710
-0.110896
-0.111121
-0.111213
-0.111380
-0.111533
-0.111575
-0.111326
-0.111585
-0.111576
-0.111382
-0.110815
-0.109610
-0.110015
-0.111098
-0.110045
-0.107508
-0.108714
-0.108053
-0.109552
-0.110846
-0.112699
-0.110729
-0.111850
-0.112331
-0.112600
-0.112808
-0.112782
-0.112723
-0.112848
-0.112769
-0.112875
-0.112931
-0.112924
-0.112910
-0.112907
-0.112947
-0.112929
-0.112923
-0.112995
-0.112977
-0.112941
-0.112976
-0.113036
-0.113467
-0.113143
-0.113325
-0.112557
-0.113900
-0.113363
-0.112845
-0.112766
-0.113165
-0.113229
-0.112955
-0.112904
-0.112934
-0.112973
-0.113018
-0.113169
-0.113131
-0.113167
-0.113196
-0.113096
-0.113131
-0.113181
-0.113078
-0.113063
-0.113057
-0.113051
-0.113051
-0.113064
-0.113038
-0.113051
-0.113021
-0.112918
-0.113068
-0.113446
-0.113206
-0.112465
-0.112884
-0.112604
-0.113182
-0.113490
-0.113119
-0.112931
-0.033874
0.400545
0.068699
0.001114
-0.085543
-0.093184
-0.103791
-0.100682
-0.102825
-0.104634
-0.105594
-0.106371
-0.107267
-0.107489
-0.107789
-0.108554
-0.108719
-0.108912
-0.109481
-0.109326
-0.109678
-0.109856
-0.109410
-0.110258
-0.109696
-0.108751
-0.111113
-0.107523
-0.107502
-0.099159
-0.110787
-0.103811
-0.105614
-0.107563
-0.103760
-0.108351
-0.111098
-0.111661
-0.111132
-0.111706
-0.111640
-0.111906
-0.111829
-0.111753
-0.111987
-0.111891
-0.112037
-0.111992
-0.111936
-0.112106
-0.112031
-0.112080
-0.112199
-0.112063
-0.112165
-0.112191
-0.112126
-0.112476
-0.112316
-0.111634
-0.111765
-0.112362
-0.113181
-0.112602
-0.112204
-0.112992
-0.110896
-0.112114
-0.112294
-0.112179
-0.112232
-0.111963
-0.112103
-0.112787
-0.112444
-0.112460
-0.112881
-0.112428
-0.112223
-0.112327
-0.112368
-0.112369
-0.112305
-0.112346
-0.112327
-0.112304
-0.112383
-0.112277
-0.112300
-0.112456
-0.111932
-0.112318
-0.112354
-0.112098
-0.111673
-0.112097
-0.112478
-0.112383
-0.111990
-0.112455
