-2.642418
0.985061
-0.216510
-4.715037
-0.110589
-0.110593
0.392410
0.264923
1.447823
-0.657786
-0.110589
-0.110588
2.665881
1.065439
4.912147
0.253303
-0.110591
-0.110593
-0.234942
1.285053
2.021533
-2.547715
-0.110589
-0.110595
-0.071205
2.760582
4.095362
-4.992600
-0.110590
-0.110594
-0.027607
0.434082
0.985652
-0.857472
-0.110589
-0.110595
13.761554
-0.109253
13.764017
13.759160
-0.110589
-0.110594
9.604682
2.611550
13.502122
4.891195
-0.110591
-0.110595
2.412995
0.452485
0.032843
-0.065385
-0.067646
-0.080303
-0.015872
-0.044187
-0.073289
-0.040072
-0.055246
-0.042849
-0.078595
0.032335
0.013591
-0.095058
-0.001641
0.034529
0.093607
-0.024160
-0.018718
-0.077652
0.034574
-0.017969
0.066009
-0.039238
-0.097252
-0.063953
-0.061696
-0.062641
-0.075378
-0.103864
-0.082541
-0.005201
-0.059358
-0.097657
-0.095600
-0.082611
-0.049118
-0.043849
-0.074516
-0.101094
-0.089209
-0.084037
-0.086945
-0.093003
-0.107385
-0.103001
-0.102290
-0.106498
-0.108818
-0.105324
-0.106639
-0.105814
-0.109642
-0.109500
-0.101037
-0.106731
-0.103108
-0.106184
-0.108887
-0.104582
-0.106622
-0.101726
-0.108502
-0.110394
-0.108550
-0.103971
-0.100491
-0.107648
-0.100928
-0.100329
-0.101513
-0.099212
-0.096602
-0.096729
-0.106019
-0.102709
-0.101023
-0.087548
-0.107796
-0.098576
-0.094246
-0.108738
-0.104541
-0.103596
-0.108995
-0.107181
-0.108556
-0.103330
-0.099104
-0.106766
-0.102193
-0.106226
-0.105998
-0.099461
-0.103127
-0.100857
-0.102555
-0.098462
0.390762
-0.002557
-0.023198
-0.091892
-0.086304
-0.049743
-0.071430
-0.106991
-0.090777
-0.043362
-0.085756
-0.077801
-0.063876
-0.061908
-0.063965
-0.065133
-0.065419
-0.091817
-0.047578
-0.072798
-0.096541
-0.094324
-0.059963
-0.098573
-0.032845
-0.092878
-0.053264
-0.092252
-0.075506
-0.088970
-0.107710
-0.071039
-0.095446
-0.063559
-0.092692
-0.097742
-0.095453
-0.106126
-0.090069
-0.088924
-0.106029
-0.104494
-0.103830
-0.095628
-0.103286
-0.102394
-0.110135
-0.109415
-0.104735
-0.106566
-0.107563
-0.108116
-0.108945
-0.108214
-0.108747
-0.109521
-0.108905
-0.107888
-0.109242
-0.107874
-0.109344
-0.108961
-0.109914
-0.106710
-0.109446
-0.110116
-0.109064
-0.106419
-0.105984
-0.106981
-0.107697
-0.107351
-0.104699
-0.106171
-0.108634
-0.105926
-0.107932
-0.109185
-0.107171
-0.103374
-0.109628
-0.104370
-0.106102
-0.103692
-0.104948
-0.105093
-0.108941
-0.108171
-0.105756
-0.107368
-0.104199
-0.107214
-0.107829
-0.108045
-0.108859
-0.106737
-0.108619
-0.108145
-0.107079
-0.107432
2.657977
0.654076
0.066521
-0.085877
-0.017638
-0.053759
-0.038563
-0.088271
-0.066656
-0.067039
-0.074229
-0.103653
-0.095641
-0.057663
-0.064018
-0.083536
-0.066125
-0.062842
-0.059819
-0.098082
-0.062340
-0.102080
-0.032848
-0.074480
0.007091
-0.055279
-0.083557
-0.085312
-0.076901
-0.097917
-0.071004
-0.098628
-0.092910
-0.028499
-0.092004
-0.100733
-0.105044
-0.092656
-0.087306
-0.086690
-0.099492
-0.101328
-0.106913
-0.103625
-0.103311
-0.103844
-0.106133
-0.103844
-0.104589
-0.107061
-0.108702
-0.103948
-0.104934
-0.109506
-0.109287
-0.106538
-0.103532
-0.109316
-0.103837
-0.107583
-0.110317
-0.104894
-0.108975
-0.107616
-0.109640
-0.107111
-0.108084
-0.108347
-0.108252
-0.106535
-0.105865
-0.105179
-0.105036
-0.106959
-0.105797
-0.108059
-0.108954
-0.108004
-0.105911
-0.098612
-0.108328
-0.102340
-0.099491
-0.107607
-0.106229
-0.104305
-0.109797
-0.106755
-0.109104
-0.105338
-0.100386
-0.108203
-0.104923
-0.108517
-0.107264
-0.105751
-0.106480
-0.106722
-0.108379
-0.107489
0.018814
0.854835
0.039263
-0.063432
-0.059139
-0.077488
-0.070659
-0.069263
-0.086280
-0.075108
-0.075563
-0.085545
-0.102390
-0.098834
-0.103995
-0.100176
-0.097235
-0.087890
-0.102069
-0.097705
-0.090556
-0.109993
-0.106996
-0.091620
-0.103398
-0.101696
-0.088562
-0.103054
-0.098390
-0.103582
-0.093337
-0.091726
-0.101754
-0.106514
-0.100783
-0.105743
-0.109898
-0.105833
-0.104323
-0.107080
-0.106139
-0.107506
-0.109390
-0.109682
-0.109552
-0.108960
-0.108447
-0.107961
-0.107691
-0.107798
-0.107265
-0.109282
-0.109737
-0.108109
-0.109214
-0.109432
-0.103246
-0.108699
-0.107551
-0.108162
-0.108946
-0.108523
-0.108608
-0.108060
-0.109312
-0.109955
-0.109092
-0.108482
-0.109155
-0.109768
-0.109771
-0.110199
-0.109120
-0.109322
-0.109566
-0.110147
-0.109890
-0.108754
-0.110433
-0.110104
-0.109211
-0.109789
-0.109516
-0.108605
-0.110390
-0.109039
-0.109645
-0.107148
-0.109622
-0.109588
-0.109357
-0.108904
-0.109706
-0.110246
-0.110217
-0.109155
-0.110117
-0.109670
-0.110159
-0.110084
-0.077395
1.873520
0.122555
0.046079
0.003069
-0.063868
0.024918
-0.026426
-0.073168
-0.052972
-0.017083
-0.061020
-0.090561
-0.067036
-0.057647
-0.093370
-0.057523
-0.073295
-0.045977
-0.089303
-0.087206
-0.080682
-0.066279
-0.089338
-0.091515
-0.076092
-0.053962
-0.084013
-0.087416
-0.079078
-0.082402
-0.050197
-0.092034
-0.102180
-0.094297
-0.088861
-0.095732
-0.105516
-0.094433
-0.091616
-0.103297
-0.103353
-0.106288
-0.100208
-0.102513
-0.109490
-0.106664
-0.102144
-0.104564
-0.104648
-0.106570
-0.107250
-0.106321
-0.107108
-0.106787
-0.105870
-0.095601
-0.108164
-0.104977
-0.106341
-0.105853
-0.105270
-0.104736
-0.102416
-0.106898
-0.108809
-0.106569
-0.104774
-0.108447
-0.106924
-0.109548
-0.107790
-0.108668
-0.104704
-0.108563
-0.105878
-0.109160
-0.106964
-0.108446
-0.107153
-0.108655
-0.107533
-0.105900
-0.107760
-0.107932
-0.109789
-0.105186
-0.104992
-0.105537
-0.110139
-0.107379
-0.106574
-0.107131
-0.108129
-0.109802
-0.107485
-0.110333
-0.108227
-0.109122
-0.108005
-0.030353
0.255091
-0.058068
-0.066813
-0.097987
-0.075720
-0.102976
-0.088439
-0.104784
-0.079397
-0.071720
-0.102550
-0.091718
-0.104304
-0.096709
-0.091115
-0.104162
-0.069970
-0.094634
-0.104238
-0.105868
-0.100878
-0.108099
-0.093078
-0.097278
-0.108649
-0.087386
-0.102185
-0.102979
-0.097252
-0.105846
-0.088658
-0.105292
-0.103814
-0.101861
-0.107566
-0.104572
-0.109021
-0.107444
-0.107102
-0.100661
-0.109426
-0.105131
-0.106203
-0.108165
-0.107445
-0.108582
-0.107149
-0.109269
-0.108219
-0.109214
-0.109316
-0.109461
-0.108887
-0.108157
-0.110137
-0.109119
-0.108825
-0.108403
-0.109447
-0.109651
-0.109041
-0.108296
-0.110353
-0.109334
-0.108957
-0.108786
-0.108483
-0.110364
-0.109963
-0.109862
-0.109922
-0.108933
-0.109420
-0.107499
-0.108707
-0.109711
-0.110044
-0.108881
-0.109381
-0.108553
-0.108939
-0.109670
-0.108796
-0.109393
-0.110395
-0.107964
-0.109948
-0.108433
-0.109732
-0.109919
-0.109018
-0.109088
-0.109354
-0.109528
-0.109478
-0.109359
-0.109829
-0.109816
-0.108721
-1.743369
0.183735
-1.113936
-2.124634
-0.110587
-0.110593
-0.339253
0.216039
0.070763
-0.904490
-0.110591
-0.110594
3.141320
0.135735
3.592388
2.653690
-0.110590
-0.110592
-0.219174
0.660374
0.672101
-1.423331
-0.110591
-0.110595
-0.117469
0.361831
0.590368
-0.854933
-0.110590
-0.110594
-0.043860
0.244070
0.423533
-0.711678
-0.110591
-0.110593
8.149499
0.478279
8.986358
7.231977
-0.110590
-0.110595
1.524043
0.075285
-0.031887
-0.070881
-0.098574
-0.097020
-0.102319
-0.104134
-0.107523
-0.097802
-0.102725
-0.101576
-0.106988
-0.101771
-0.107846
-0.106646
-0.104687
-0.107825
-0.105569
-0.106784
-0.105245
-0.109199
-0.108760
-0.108189
-0.108801
-0.109166
-0.106706
-0.106147
-0.105852
-0.109797
-0.106296
-0.107181
-0.108204
-0.109453
-0.108823
-0.110065
-0.109617
-0.109967
-0.108806
-0.109514
-0.109150
-0.110313
-0.109305
-0.110128
-0.109675
-0.109897
-0.109948
-0.109799
-0.109716
-0.109378
-0.110037
-0.110030
-0.109897
-0.110123
-0.110200
-0.109465
-0.109728
-0.109439
-0.110014
-0.109671
-0.109598
-0.109908
-0.110178
-0.109871
-0.110335
-0.110111
-0.110240
-0.109932
-0.110311
-0.110048
-0.110460
-0.110272
-0.110343
-0.110245
-0.110361
-0.110137
-0.110380
-0.110103
-0.110028
-0.110166
-0.110256
-0.110134
-0.110193
-0.110462
-0.109892
-0.110417
-0.110174
-0.110005
-0.110302
-0.110035
-0.110143
-0.110299
-0.110104
-0.110236
-0.110170
-0.110381
-0.110116
-0.110432
-0.110308
-0.110415
0.120233
0.116463
-0.076063
-0.093913
-0.097479
-0.108617
-0.107013
-0.107737
-0.109121
-0.103041
-0.104890
-0.106544
-0.104067
-0.108137
-0.107026
-0.107030
-0.108981
-0.105864
-0.107467
-0.108718
-0.107669
-0.110057
-0.109640
-0.110096
-0.110092
-0.109166
-0.109332
-0.108883
-0.104010
-0.109077
-0.106093
-0.109018
-0.109444
-0.109495
-0.110419
-0.110166
-0.110288
-0.110373
-0.109563
-0.109508
-0.110170
-0.109778
-0.110217
-0.110024
-0.109936
-0.110389
-0.109722
-0.109933
-0.110360
-0.110008
-0.110453
-0.110288
-0.110491
-0.110370
-0.110380
-0.110355
-0.110213
-0.108964
-0.109880
-0.109707
-0.110207
-0.110251
-0.110253
-0.110515
-0.110449
-0.110512
-0.110477
-0.110277
-0.110180
-0.110398
-0.110439
-0.110499
-0.110410
-0.110346
-0.110468
-0.110257
-0.110335
-0.110557
-0.110342
-0.110513
-0.110389
-0.110482
-0.110447
-0.110448
-0.110341
-0.110225
-0.109887
-0.110161
-0.110281
-0.110429
-0.110420
-0.110374
-0.110521
-0.110434
-0.110560
-0.110449
-0.110369
-0.110373
-0.110417
-0.110561
3.140326
0.050543
-0.065093
-0.069837
-0.097302
-0.098395
-0.105204
-0.109044
-0.106752
-0.103600
-0.108159
-0.108395
-0.105956
-0.107599
-0.108228
-0.108309
-0.107947
-0.107347
-0.109223
-0.109179
-0.107791
-0.109128
-0.110098
-0.109121
-0.108643
-0.109099
-0.106620
-0.108224
-0.105608
-0.109228
-0.107646
-0.108527
-0.108286
-0.109602
-0.109402
-0.110072
-0.110285
-0.110073
-0.109604
-0.110203
-0.110202
-0.109831
-0.110303
-0.110353
-0.110340
-0.110231
-0.109892
-0.110216
-0.110182
-0.109994
-0.110179
-0.110386
-0.110144
-0.110171
-0.110406
-0.109557
-0.110133
-0.109266
-0.109888
-0.110062
-0.109999
-0.110016
-0.110334
-0.110185
-0.110405
-0.110382
-0.110360
-0.110235
-0.110413
-0.110408
-0.110337
-0.110546
-0.110531
-0.110560
-0.110530
-0.110271
-0.110367
-0.110342
-0.110331
-0.110327
-0.110443
-0.110340
-0.110320
-0.110525
-0.109967
-0.110314
-0.110001
-0.110010
-0.110424
-0.110253
-0.110319
-0.110438
-0.110316
-0.110426
-0.110381
-0.110397
-0.110340
-0.110497
-0.110484
-0.110478
-0.004825
0.425791
-0.023976
-0.091175
-0.102010
-0.099293
-0.102384
-0.104195
-0.105436
-0.105789
-0.106102
-0.106481
-0.106189
-0.106713
-0.107047
-0.107661
-0.108192
-0.108361
-0.108524
-0.108060
-0.107804
-0.107759
-0.108023
-0.108556
-0.108960
-0.110277
-0.108687
-0.105744
-0.098307
-0.109227
-0.099137
-0.105843
-0.108977
-0.108587
-0.108478
-0.108834
-0.109240
-0.109579
-0.109559
-0.109461
-0.109340
-0.109175
-0.109212
-0.109284
-0.109474
-0.109650
-0.109746
-0.109733
-0.109556
-0.109429
-0.109329
-0.109374
-0.109569
-0.109782
-0.110365
-0.110175
-0.108951
-0.108281
-0.109701
-0.108466
-0.109133
-0.109766
-0.109439
-0.109433
-0.109554
-0.109725
-0.109895
-0.109912
-0.109871
-0.109789
-0.109693
-0.109681
-0.109706
-0.109801
-0.109898
-0.109961
-0.109950
-0.109838
-0.109745
-0.109661
-0.109665
-0.109833
-0.109950
-0.110364
-0.110095
-0.109521
-0.109445
-0.109919
-0.109954
-0.109805
-0.109891
-0.109662
-0.109663
-0.109744
-0.109856
-0.109982
-0.110000
-0.109953
-0.109872
-0.109787
-0.104357
0.215740
-0.056706
-0.074693
-0.099182
-0.102806
-0.107555
-0.108229
-0.108687
-0.108642
-0.109425
-0.109633
-0.109939
-0.110071
-0.109987
-0.109848
-0.109743
-0.109708
-0.109849
-0.110039
-0.110074
-0.110300
-0.109995
-0.109792
-0.108841
-0.109150
-0.108267
-0.107130
-0.102389
-0.109290
-0.103346
-0.108748
-0.108189
-0.109586
-0.110005
-0.110233
-0.110136
-0.110096
-0.110070
-0.110177
-0.110258
-0.110375
-0.110435
-0.110397
-0.110310
-0.110246
-0.110213
-0.110239
-0.110295
-0.110366
-0.110461
-0.110409
-0.110266
-0.110086
-0.110205
-0.110338
-0.109671
-0.108680
-0.109935
-0.108907
-0.110184
-0.109975
-0.110288
-0.110385
-0.110446
-0.110344
-0.110308
-0.110294
-0.110330
-0.110373
-0.110432
-0.110463
-0.110446
-0.110395
-0.110354
-0.110330
-0.110339
-0.110372
-0.110434
-0.110467
-0.110450
-0.110341
-0.110304
-0.110426
-0.110316
-0.109921
-0.109667
-0.110143
-0.109987
-0.110326
-0.110271
-0.110415
-0.110454
-0.110465
-0.110385
-0.110352
-0.110343
-0.110367
-0.110405
-0.110454
-0.041867
0.088497
0.031988
-0.079923
-0.087961
-0.092824
-0.095695
-0.099573
-0.101171
-0.102069
-0.102707
-0.103394
-0.103771
-0.104343
-0.104843
-0.105415
-0.105951
-0.106226
-0.106399
-0.106277
-0.106382
-0.106423
-0.106749
-0.106868
-0.106751
-0.107470
-0.108477
-0.102052
-0.106775
-0.109523
-0.106854
-0.104057
-0.107054
-0.107518
-0.108060
-0.107914
-0.108306
-0.108532
-0.108535
-0.108523
-0.108472
-0.108423
-0.108454
-0.108532
-0.108659
-0.108788
-0.108854
-0.108860
-0.108773
-0.108746
-0.108689
-0.108749
-0.108849
-0.108842
-0.109026
-0.109524
-0.107871
-0.109653
-0.109394
-0.109730
-0.108515
-0.108754
-0.108857
-0.109058
-0.109005
-0.109130
-0.109238
-0.109244
-0.109238
-0.109194
-0.109152
-0.109145
-0.109172
-0.109230
-0.109294
-0.109328
-0.109329
-0.109267
-0.109230
-0.109193
-0.109173
-0.109239
-0.109305
-0.109377
-0.109659
-0.109036
-0.109463
-0.109575
-0.109571
-0.109281
-0.109195
-0.109182
-0.109277
-0.109277
-0.109339
-0.109415
-0.109418
-0.109401
-0.109352
-0.109307
