-2.423233
1.080760
0.276988
-5.317172
-0.109804
-0.109803
0.274010
0.388242
1.058044
-0.748729
-0.109804
-0.109807
2.180854
1.025478
5.313290
0.129656
-0.109801
-0.109804
-0.401953
1.415079
2.508318
-2.667361
-0.109801
-0.109806
-1.316684
2.826506
4.515646
-5.771896
-0.109801
-0.109806
-0.440387
0.690222
1.262013
-1.843781
-0.109801
-0.109806
14.131574
-0.108776
14.132732
14.128873
-0.109807
-0.109799
7.690608
1.852173
10.799253
4.499875
-0.109802
-0.109808
2.201581
0.448195
0.016826
-0.052692
0.052419
-0.028638
0.022820
0.154946
0.016487
0.003497
0.017675
-0.018187
0.082123
-0.014102
0.047143
0.128448
0.036486
-0.044315
-0.053989
-0.042738
-0.050553
0.034351
-0.066699
-0.094475
-0.065526
-0.088789
-0.068107
-0.081393
-0.064213
-0.087983
-0.088148
-0.091896
-0.091377
-0.096888
-0.107252
-0.107328
-0.103908
-0.098281
-0.104635
-0.102376
-0.101999
-0.101658
-0.104033
-0.099221
-0.099487
-0.104002
-0.101221
-0.106387
-0.086600
-0.101375
-0.093750
-0.097680
-0.088598
-0.104887
-0.097218
-0.106499
-0.103079
-0.095372
-0.099682
-0.096751
-0.098754
-0.105677
-0.097219
-0.100724
-0.098483
-0.107067
-0.103480
-0.103879
-0.107994
-0.106982
-0.107356
-0.106866
-0.106209
-0.108756
-0.108003
-0.107221
-0.106780
-0.108695
-0.108051
-0.108163
-0.107094
-0.106363
-0.108738
-0.106563
-0.105415
-0.107518
-0.108529
-0.107459
-0.106450
-0.108704
-0.107240
-0.108081
-0.108372
-0.107775
-0.109262
-0.107135
-0.108234
-0.109362
-0.108260
-0.108790
0.276830
0.104486
-0.014873
-0.059321
-0.016917
-0.085453
-0.038259
-0.062127
-0.021954
-0.074358
-0.088647
-0.073341
-0.031840
-0.043006
-0.034618
-0.082933
-0.106820
-0.054998
-0.028215
-0.029102
-0.092515
-0.084119
-0.085888
-0.062749
-0.084892
-0.102188
-0.096550
-0.098490
-0.091315
-0.103501
-0.104474
-0.108194
-0.106538
-0.108381
-0.106456
-0.106805
-0.107192
-0.107287
-0.104769
-0.107987
-0.107864
-0.106036
-0.107722
-0.106196
-0.106900
-0.106416
-0.105977
-0.106152
-0.101667
-0.105727
-0.101949
-0.104412
-0.105631
-0.104969
-0.100140
-0.096598
-0.102220
-0.104484
-0.106603
-0.102692
-0.107208
-0.107011
-0.106300
-0.107311
-0.106992
-0.108631
-0.109191
-0.108983
-0.109370
-0.109054
-0.108603
-0.109478
-0.109205
-0.108517
-0.108927
-0.109538
-0.109580
-0.108608
-0.109561
-0.109772
-0.109221
-0.109377
-0.108881
-0.108827
-0.109133
-0.108829
-0.108758
-0.108704
-0.108075
-0.109003
-0.109357
-0.108125
-0.108348
-0.108755
-0.108947
-0.108912
-0.109431
-0.109082
-0.109199
-0.109541
2.177699
0.576285
-0.025983
-0.034771
-0.007411
-0.016495
0.000310
-0.006045
-0.047436
0.005139
-0.030571
-0.045403
-0.031953
-0.078002
0.027893
0.054922
-0.052046
-0.050041
-0.005285
-0.074180
-0.085883
-0.034627
-0.081338
-0.075880
-0.059946
-0.086272
-0.098211
-0.084205
-0.085268
-0.100343
-0.094648
-0.091044
-0.092781
-0.093023
-0.094677
-0.098173
-0.095304
-0.094848
-0.099853
-0.098636
-0.102381
-0.100693
-0.105054
-0.104406
-0.106986
-0.107843
-0.102758
-0.104842
-0.103418
-0.104018
-0.100499
-0.101282
-0.100624
-0.105723
-0.105805
-0.102322
-0.100058
-0.106276
-0.104062
-0.097210
-0.100611
-0.106521
-0.102496
-0.104537
-0.103271
-0.104277
-0.105980
-0.104446
-0.105012
-0.106010
-0.106461
-0.108871
-0.107222
-0.107772
-0.107370
-0.107522
-0.108258
-0.108108
-0.107512
-0.107191
-0.106791
-0.107422
-0.108863
-0.107693
-0.107343
-0.108017
-0.108180
-0.107889
-0.107765
-0.108383
-0.109696
-0.108580
-0.108887
-0.109403
-0.109126
-0.108664
-0.109460
-0.108873
-0.109544
-0.109035
0.189633
0.862396
0.239567
0.099937
0.014284
-0.028534
-0.071686
-0.034238
-0.076107
-0.036636
-0.069421
-0.083419
-0.045134
-0.041796
-0.098905
-0.084181
-0.081668
-0.101173
-0.092277
-0.096948
-0.091692
-0.101829
-0.094975
-0.091522
-0.098095
-0.101591
-0.100574
-0.101787
-0.102636
-0.105488
-0.105723
-0.104453
-0.104094
-0.105997
-0.106920
-0.105869
-0.103622
-0.100553
-0.105274
-0.106978
-0.108419
-0.103313
-0.105423
-0.106744
-0.108389
-0.105736
-0.105476
-0.106233
-0.107955
-0.106636
-0.107330
-0.107114
-0.107623
-0.104525
-0.108038
-0.108174
-0.108520
-0.108028
-0.105326
-0.107067
-0.108577
-0.107320
-0.106636
-0.109133
-0.107871
-0.108751
-0.108970
-0.108879
-0.108876
-0.108520
-0.107610
-0.109543
-0.108717
-0.108948
-0.109000
-0.108722
-0.109335
-0.108616
-0.108814
-0.109031
-0.108960
-0.109627
-0.109571
-0.108980
-0.109138
-0.109053
-0.109016
-0.109707
-0.109221
-0.108648
-0.109273
-0.109263
-0.109518
-0.109629
-0.108902
-0.109164
-0.109301
-0.109446
-0.109471
-0.109396
1.104842
1.795927
0.361162
0.398759
0.216464
-0.026756
-0.058911
-0.084297
0.002739
-0.021868
-0.035518
-0.059538
0.015821
-0.046859
-0.060693
-0.074210
-0.060684
-0.070227
-0.054767
-0.106510
-0.083698
-0.077941
-0.088889
-0.105121
-0.074929
-0.101149
-0.091488
-0.098181
-0.086346
-0.096161
-0.092742
-0.094101
-0.097076
-0.099564
-0.100728
-0.103185
-0.097693
-0.088957
-0.105867
-0.103745
-0.106688
-0.097144
-0.098512
-0.103533
-0.104820
-0.103160
-0.097692
-0.104165
-0.105309
-0.104607
-0.102447
-0.102950
-0.100725
-0.105110
-0.108302
-0.106224
-0.102792
-0.103585
-0.105748
-0.104868
-0.108501
-0.108988
-0.104880
-0.108341
-0.109289
-0.107351
-0.108520
-0.108488
-0.108202
-0.106516
-0.104786
-0.109341
-0.107965
-0.106559
-0.106807
-0.107372
-0.108530
-0.106786
-0.106980
-0.108060
-0.108219
-0.108099
-0.108464
-0.108953
-0.108786
-0.107660
-0.108923
-0.108720
-0.108015
-0.108125
-0.107805
-0.107707
-0.108613
-0.108401
-0.108172
-0.107673
-0.108187
-0.108300
-0.108407
-0.108474
0.222765
0.423182
-0.025149
-0.011344
-0.077537
-0.034820
-0.055703
-0.081954
-0.100571
-0.078437
-0.091224
-0.092795
-0.069201
-0.082259
-0.097817
-0.100511
-0.093026
-0.083844
-0.092491
-0.101006
-0.088133
-0.095748
-0.089263
-0.100208
-0.098430
-0.105561
-0.104918
-0.104571
-0.102084
-0.103813
-0.106621
-0.107935
-0.104002
-0.105529
-0.108897
-0.108786
-0.108103
-0.100177
-0.108124
-0.105357
-0.106815
-0.105630
-0.106204
-0.108582
-0.107227
-0.106727
-0.108895
-0.107305
-0.106504
-0.105820
-0.107090
-0.107931
-0.106981
-0.107159
-0.107408
-0.108134
-0.106521
-0.108315
-0.107548
-0.108894
-0.109366
-0.108637
-0.108856
-0.108381
-0.108564
-0.109117
-0.108667
-0.109169
-0.109321
-0.109477
-0.109347
-0.109107
-0.109170
-0.108516
-0.108963
-0.109244
-0.109097
-0.109622
-0.109590
-0.109459
-0.109557
-0.109208
-0.109397
-0.109199
-0.109170
-0.109482
-0.109230
-0.109578
-0.109583
-0.109138
-0.109318
-0.109548
-0.109423
-0.109387
-0.109314
-0.109680
-0.109633
-0.109417
-0.109350
-0.109311
-2.338637
0.085148
-1.924619
-2.824529
-0.109802
-0.109804
-0.044922
0.073998
0.225332
-0.371218
-0.109803
-0.109808
2.956832
0.122964
3.416656
2.555743
-0.109802
-0.109806
0.064148
0.537683
1.248682
-0.893020
-0.109802
-0.109806
-0.148722
0.300711
0.757403
-0.762615
-0.109800
-0.109804
-0.107048
0.846982
1.471179
-1.683747
-0.109803
-0.109807
8.945113
0.327274
9.536576
8.249573
-0.109803
-0.109808
2.119774
-0.025178
-0.026027
-0.068304
-0.089311
-0.075534
-0.094436
-0.099975
-0.105735
-0.093821
-0.096594
-0.105683
-0.099827
-0.103577
-0.099770
-0.104453
-0.107123
-0.106447
-0.107802
-0.101547
-0.104569
-0.106458
-0.107792
-0.106636
-0.109023
-0.103934
-0.103918
-0.104581
-0.107221
-0.105592
-0.105107
-0.105259
-0.109076
-0.107926
-0.109652
-0.109304
-0.108427
-0.107734
-0.108582
-0.108292
-0.109056
-0.108820
-0.108316
-0.108509
-0.107962
-0.108791
-0.107905
-0.108684
-0.109358
-0.109073
-0.108684
-0.108420
-0.108088
-0.109047
-0.109123
-0.108876
-0.108458
-0.108905
-0.107971
-0.108289
-0.108287
-0.107761
-0.108084
-0.108312
-0.108625
-0.108353
-0.108544
-0.108809
-0.108546
-0.108548
-0.108317
-0.108317
-0.108510
-0.108389
-0.108824
-0.108247
-0.108380
-0.108487
-0.108712
-0.108610
-0.109079
-0.108766
-0.108520
-0.108652
-0.108842
-0.108513
-0.108912
-0.108885
-0.108711
-0.108903
-0.108783
-0.108532
-0.108373
-0.108799
-0.108469
-0.108545
-0.108664
-0.108817
-0.108754
-0.108966
-0.045041
0.013445
-0.096341
-0.079360
-0.100112
-0.099262
-0.102144
-0.104946
-0.104029
-0.109249
-0.103717
-0.105699
-0.105021
-0.108659
-0.108390
-0.106185
-0.107660
-0.109616
-0.107101
-0.107477
-0.109149
-0.108909
-0.109394
-0.107187
-0.108285
-0.106189
-0.109467
-0.105447
-0.108791
-0.105850
-0.109326
-0.107595
-0.108836
-0.108324
-0.109241
-0.109099
-0.109011
-0.108875
-0.109658
-0.109056
-0.109473
-0.109061
-0.109259
-0.109389
-0.109437
-0.109263
-0.109453
-0.109514
-0.109423
-0.109359
-0.109333
-0.108761
-0.109261
-0.109438
-0.109233
-0.108846
-0.109246
-0.108941
-0.109406
-0.108951
-0.109143
-0.109659
-0.109532
-0.109618
-0.109638
-0.109683
-0.109518
-0.109699
-0.109544
-0.109510
-0.109568
-0.109587
-0.109470
-0.109591
-0.109456
-0.109569
-0.109616
-0.109707
-0.109655
-0.109585
-0.109688
-0.109651
-0.109572
-0.109598
-0.109695
-0.109525
-0.109644
-0.109618
-0.109706
-0.109613
-0.109557
-0.109694
-0.109546
-0.109508
-0.109719
-0.109681
-0.109735
-0.109711
-0.109780
-0.109726
2.955137
0.004807
-0.050888
-0.039203
-0.042273
-0.088037
-0.104790
-0.106008
-0.107161
-0.102423
-0.104892
-0.103553
-0.102280
-0.109132
-0.101236
-0.108425
-0.103219
-0.106734
-0.106029
-0.106848
-0.107722
-0.108265
-0.108814
-0.106684
-0.101739
-0.104201
-0.106638
-0.106305
-0.109090
-0.107382
-0.107200
-0.105026
-0.103966
-0.107350
-0.108662
-0.109006
-0.109439
-0.108744
-0.109148
-0.108587
-0.108873
-0.109436
-0.108311
-0.109387
-0.108304
-0.109660
-0.109249
-0.109223
-0.109435
-0.109554
-0.109501
-0.108726
-0.108611
-0.108849
-0.109189
-0.109393
-0.109322
-0.109707
-0.109148
-0.108441
-0.108451
-0.108726
-0.108975
-0.109117
-0.109323
-0.109135
-0.109581
-0.109435
-0.109392
-0.109586
-0.109225
-0.109407
-0.109050
-0.109363
-0.109161
-0.109281
-0.109234
-0.109290
-0.109345
-0.109608
-0.109109
-0.109253
-0.109308
-0.109417
-0.109453
-0.109310
-0.109636
-0.109575
-0.109435
-0.109660
-0.109574
-0.109574
-0.109391
-0.109256
-0.109272
-0.109162
-0.109480
-0.109429
-0.109508
-0.109541
0.066004
0.322696
-0.051234
0.014994
-0.075116
-0.089428
-0.097115
-0.099376
-0.101286
-0.102950
-0.103311
-0.103873
-0.104642
-0.104813
-0.105245
-0.105641
-0.105766
-0.106222
-0.106419
-0.106347
-0.106774
-0.106924
-0.106817
-0.107420
-0.106848
-0.103060
-0.108158
-0.097893
-0.104636
-0.101488
-0.107333
-0.104991
-0.108893
-0.108136
-0.107629
-0.107572
-0.107505
-0.107443
-0.107523
-0.107568
-0.107557
-0.107617
-0.107623
-0.107617
-0.107641
-0.107608
-0.107624
-0.107697
-0.107682
-0.107717
-0.107824
-0.107796
-0.107835
-0.105957
-0.107100
-0.106766
-0.108386
-0.106520
-0.108058
-0.106981
-0.107463
-0.107605
-0.107869
-0.107817
-0.107822
-0.107847
-0.107831
-0.107826
-0.107839
-0.107833
-0.107843
-0.107855
-0.107861
-0.107877
-0.107867
-0.107827
-0.107821
-0.107787
-0.107720
-0.107693
-0.107485
-0.108337
-0.108248
-0.106956
-0.107186
-0.108571
-0.107719
-0.107389
-0.108250
-0.108324
-0.107674
-0.107807
-0.108095
-0.107988
-0.107985
-0.107965
-0.107946
-0.107939
-0.107915
-0.107905
-0.070238
0.050961
0.102052
-0.025861
-0.042088
-0.085990
-0.098217
-0.101865
-0.103372
-0.104210
-0.105391
-0.106247
-0.106814
-0.107132
-0.107399
-0.107487
-0.107426
-0.107353
-0.107249
-0.107340
-0.107400
-0.107638
-0.108321
-0.106589
-0.099749
-0.104125
-0.095788
-0.105779
-0.107736
-0.105951
-0.099031
-0.106704
-0.104422
-0.108215
-0.108740
-0.108599
-0.108553
-0.108512
-0.108500
-0.108467
-0.108527
-0.108635
-0.108748
-0.108878
-0.109012
-0.109122
-0.109216
-0.109227
-0.109158
-0.109011
-0.108824
-0.107854
-0.108792
-0.107781
-0.107505
-0.108052
-0.108650
-0.108990
-0.107262
-0.108446
-0.107876
-0.109241
-0.109223
-0.109329
-0.109441
-0.109599
-0.109519
-0.109498
-0.109434
-0.109388
-0.109342
-0.109317
-0.109311
-0.109327
-0.109344
-0.109388
-0.109451
-0.109546
-0.109666
-0.109392
-0.109151
-0.108899
-0.108883
-0.109584
-0.109676
-0.108972
-0.108568
-0.109015
-0.109528
-0.109396
-0.109684
-0.109106
-0.109625
-0.109180
-0.109479
-0.109521
-0.109578
-0.109629
-0.109677
-0.109716
-0.102600
0.531943
0.095832
-0.096086
-0.065704
-0.097782
-0.109279
-0.106321
-0.106629
-0.107168
-0.106292
-0.106264
-0.106364
-0.106541
-0.106617
-0.106734
-0.107001
-0.107256
-0.107468
-0.107273
-0.107614
-0.107800
-0.107052
-0.104128
-0.107037
-0.107099
-0.100813
-0.091930
-0.104912
-0.096480
-0.103643
-0.108330
-0.107392
-0.106609
-0.107438
-0.107839
-0.107982
-0.108034
-0.108284
-0.108418
-0.108500
-0.108526
-0.108537
-0.108512
-0.108455
-0.108405
-0.108365
-0.108403
-0.108368
-0.108379
-0.108573
-0.109391
-0.107956
-0.108969
-0.106236
-0.105945
-0.108391
-0.106293
-0.107031
-0.108652
-0.108107
-0.108793
-0.108873
-0.108707
-0.108631
-0.108592
-0.108524
-0.108495
-0.108508
-0.108534
-0.108562
-0.108603
-0.108646
-0.108675
-0.108688
-0.108669
-0.108659
-0.108613
-0.108532
-0.108204
-0.108718
-0.108328
-0.109415
-0.107108
-0.107663
-0.108917
-0.108555
-0.108189
-0.109056
-0.109193
-0.108223
-0.108605
-0.108624
-0.108747
-0.108717
-0.108693
-0.108644
-0.108610
-0.108576
-0.108551
