-2.282179
1.071877
-0.339902
-6.571769
-0.114212
-0.114205
0.160969
0.333466
1.530437
-0.995586
-0.114208
-0.114207
2.732181
0.886435
5.026792
0.327319
-0.114209
-0.114211
-0.141530
1.204632
2.211961
-2.323296
-0.114208
-0.114213
-0.095735
2.906607
5.549963
-4.639627
-0.114208
-0.114213
-0.148984
0.525080
1.285950
-1.253215
-0.114207
-0.114211
13.498196
-0.112932
13.500796
13.496762
-0.114207
-0.114212
8.759022
2.544028
13.354101
4.972701
-0.114208
-0.114214
2.063098
0.310922
0.101868
0.014742
-0.052428
-0.073526
0.033888
-0.005819
-0.018566
-0.083869
-0.085647
0.053918
0.005095
-0.049682
0.018445
-0.001696
-0.032204
0.111594
0.029493
0.068470
-0.077079
0.011177
0.063349
0.029080
0.042095
-0.026835
-0.077160
0.038256
-0.030891
-0.075311
-0.027197
-0.082535
-0.058467
-0.043638
-0.045713
-0.023734
-0.089463
-0.024706
-0.050039
-0.086091
-0.026162
-0.092255
-0.042488
-0.061259
-0.053536
-0.032602
-0.083588
-0.104762
-0.059462
-0.090528
-0.073897
-0.088755
-0.082460
-0.082591
-0.100196
-0.092946
-0.102138
-0.105002
-0.107418
-0.095188
-0.105600
-0.096735
-0.099845
-0.103771
-0.097540
-0.101745
-0.099824
-0.099335
-0.098122
-0.100337
-0.100954
-0.099044
-0.099780
-0.099275
-0.097618
-0.099418
-0.099358
-0.096219
-0.103119
-0.095914
-0.100564
-0.094348
-0.093860
-0.102922
-0.079335
-0.097812
-0.094003
-0.094652
-0.105282
-0.091716
-0.095909
-0.081427
-0.096677
-0.101541
-0.083033
-0.108092
-0.099764
-0.086509
-0.102624
-0.092371
0.166897
-0.005492
-0.004906
-0.052856
-0.062453
-0.065172
-0.080887
-0.064408
-0.080875
-0.102588
-0.102724
-0.054066
-0.089180
-0.108245
-0.085897
-0.064642
-0.024090
-0.008023
-0.089956
-0.083614
-0.049193
-0.090802
-0.053398
-0.066888
-0.097029
-0.045782
-0.055831
-0.103383
-0.077097
-0.100361
-0.055485
-0.078095
-0.091834
-0.111144
-0.096710
-0.105235
-0.079888
-0.072258
-0.092852
-0.102411
-0.098860
-0.090738
-0.076544
-0.106911
-0.092809
-0.083977
-0.101775
-0.101513
-0.102595
-0.108982
-0.092933
-0.092281
-0.099608
-0.108405
-0.104981
-0.111257
-0.105377
-0.108996
-0.109992
-0.106711
-0.110892
-0.109166
-0.109783
-0.109648
-0.107543
-0.108914
-0.109608
-0.108363
-0.109700
-0.108824
-0.109104
-0.107625
-0.107507
-0.109283
-0.107456
-0.108628
-0.107854
-0.107769
-0.106425
-0.110048
-0.106990
-0.109164
-0.104010
-0.111096
-0.098664
-0.107385
-0.104853
-0.107080
-0.110847
-0.108512
-0.102463
-0.103099
-0.103632
-0.103102
-0.107399
-0.109517
-0.110560
-0.101472
-0.104834
-0.110641
2.733948
0.457494
0.108039
-0.050836
-0.066149
-0.082558
-0.048298
-0.033383
-0.065401
-0.096566
-0.088723
-0.068770
-0.080366
-0.071941
-0.085553
-0.067680
-0.061010
-0.009089
-0.054985
-0.026768
-0.084191
-0.047533
-0.053135
-0.037974
-0.050059
-0.048336
-0.084378
-0.028674
-0.070705
-0.093665
-0.036552
-0.076803
-0.063874
-0.088298
-0.082762
-0.072765
-0.088211
-0.042362
-0.083957
-0.092861
-0.068314
-0.094456
-0.067819
-0.094935
-0.080456
-0.089137
-0.096216
-0.102067
-0.084758
-0.101786
-0.093238
-0.093967
-0.097953
-0.101825
-0.110104
-0.107838
-0.105943
-0.109509
-0.109280
-0.106140
-0.110833
-0.108155
-0.106178
-0.108591
-0.105907
-0.103746
-0.102769
-0.106999
-0.103278
-0.104450
-0.104963
-0.107298
-0.106319
-0.106982
-0.109353
-0.107686
-0.106132
-0.106415
-0.105655
-0.105318
-0.107524
-0.107423
-0.104905
-0.106952
-0.095101
-0.107907
-0.102287
-0.105647
-0.109596
-0.103886
-0.103448
-0.095421
-0.104791
-0.104219
-0.097181
-0.109733
-0.109139
-0.095514
-0.104300
-0.106787
-0.084030
0.765012
0.021550
0.044981
0.043035
-0.069148
-0.047069
-0.041786
-0.087297
-0.092591
-0.105927
-0.093862
-0.093423
-0.097441
-0.090790
-0.109800
-0.076277
-0.061762
-0.099455
-0.100087
-0.098350
-0.111810
-0.101380
-0.068780
-0.112158
-0.104690
-0.097620
-0.103982
-0.097482
-0.095289
-0.101070
-0.102740
-0.112522
-0.112581
-0.109089
-0.109310
-0.108710
-0.102550
-0.096617
-0.104283
-0.111014
-0.109115
-0.109766
-0.109994
-0.100386
-0.105245
-0.110034
-0.108845
-0.110304
-0.110726
-0.103791
-0.108612
-0.111639
-0.110659
-0.110240
-0.110563
-0.112567
-0.113769
-0.112908
-0.113500
-0.109233
-0.111898
-0.113787
-0.109753
-0.110604
-0.112937
-0.109787
-0.112252
-0.108435
-0.111860
-0.111000
-0.112033
-0.111618
-0.112647
-0.112578
-0.112328
-0.112001
-0.113203
-0.112527
-0.113193
-0.113295
-0.111747
-0.112377
-0.111123
-0.111904
-0.112982
-0.111579
-0.112196
-0.113208
-0.113865
-0.109912
-0.111408
-0.113459
-0.113220
-0.113293
-0.111346
-0.113475
-0.112755
-0.111872
-0.112650
-0.103192
1.886045
0.229986
0.259179
0.138999
0.041381
0.174618
0.088560
-0.044291
-0.105537
-0.056771
-0.021863
-0.060262
-0.093571
-0.046114
-0.088880
-0.063426
-0.007977
-0.068705
-0.053425
-0.088575
-0.080857
-0.093566
-0.048060
-0.093314
-0.057527
-0.087308
-0.070621
-0.089278
-0.072230
-0.051407
-0.094870
-0.096439
-0.102711
-0.098201
-0.108989
-0.105502
-0.064165
-0.077587
-0.104475
-0.102965
-0.104693
-0.090689
-0.100140
-0.092768
-0.097141
-0.104258
-0.107357
-0.100817
-0.105280
-0.098726
-0.103107
-0.108195
-0.099009
-0.108136
-0.102722
-0.110285
-0.108232
-0.111223
-0.108807
-0.102090
-0.102596
-0.107162
-0.108939
-0.109348
-0.110155
-0.104511
-0.110429
-0.100276
-0.109641
-0.107077
-0.110723
-0.111106
-0.106321
-0.109483
-0.110992
-0.111384
-0.111757
-0.107781
-0.110767
-0.112573
-0.108238
-0.112878
-0.109813
-0.107555
-0.110291
-0.112617
-0.112595
-0.111592
-0.112741
-0.108359
-0.107727
-0.109906
-0.110350
-0.110167
-0.107868
-0.107857
-0.109605
-0.109232
-0.112600
-0.077710
0.281424
-0.002297
0.000438
-0.037165
-0.052004
-0.091105
-0.085307
-0.093525
-0.100864
-0.107763
-0.099615
-0.101654
-0.103914
-0.101154
-0.092613
-0.089970
-0.076615
-0.087492
-0.089614
-0.079503
-0.098166
-0.098889
-0.099054
-0.098569
-0.088702
-0.098335
-0.102350
-0.102084
-0.107524
-0.097688
-0.101994
-0.102587
-0.110517
-0.105232
-0.104594
-0.104465
-0.101520
-0.111723
-0.108653
-0.108175
-0.108057
-0.103244
-0.109348
-0.111299
-0.105712
-0.105253
-0.105995
-0.107325
-0.109299
-0.105071
-0.111060
-0.110160
-0.113890
-0.110887
-0.112721
-0.111322
-0.112474
-0.112923
-0.112855
-0.111260
-0.113419
-0.111513
-0.111952
-0.111637
-0.113607
-0.111450
-0.112039
-0.110789
-0.111760
-0.112660
-0.112980
-0.111039
-0.113602
-0.112213
-0.112531
-0.112456
-0.112863
-0.112386
-0.113606
-0.112613
-0.113922
-0.110771
-0.113032
-0.110475
-0.113645
-0.110395
-0.110411
-0.112634
-0.112339
-0.111475
-0.111066
-0.112934
-0.110417
-0.113595
-0.112227
-0.112267
-0.112113
-0.110443
-0.113261
-1.569399
0.232726
-0.884227
-2.198759
-0.114208
-0.114212
0.011799
0.180476
0.420384
-0.577130
-0.114210
-0.114213
3.165803
0.081204
3.628814
2.881978
-0.114205
-0.114209
-0.215536
0.393097
0.320716
-1.315877
-0.114212
-0.114210
-0.118832
0.548874
0.748919
-1.475757
-0.114211
-0.114211
-0.192199
0.605154
0.945825
-1.362899
-0.114208
-0.114213
8.167161
0.359853
9.059349
7.431051
-0.114208
-0.114212
1.342001
0.075884
0.011953
-0.055298
-0.056136
-0.099509
-0.105324
-0.109289
-0.110404
-0.111072
-0.110254
-0.108333
-0.105492
-0.109593
-0.101110
-0.107371
-0.110891
-0.110291
-0.111680
-0.108771
-0.104607
-0.111399
-0.111329
-0.111866
-0.113221
-0.113395
-0.113687
-0.112834
-0.113502
-0.111817
-0.107883
-0.110611
-0.108327
-0.110845
-0.113921
-0.109985
-0.109920
-0.110207
-0.110711
-0.113057
-0.112909
-0.113925
-0.113647
-0.113707
-0.113574
-0.113488
-0.112595
-0.113158
-0.112538
-0.113129
-0.113688
-0.113393
-0.113966
-0.113239
-0.112523
-0.113474
-0.113851
-0.113796
-0.113947
-0.113962
-0.113978
-0.113873
-0.113976
-0.113455
-0.112934
-0.113396
-0.112976
-0.113830
-0.114068
-0.113166
-0.113309
-0.113045
-0.113435
-0.113977
-0.113751
-0.114116
-0.114032
-0.114050
-0.114161
-0.114038
-0.113621
-0.113635
-0.113764
-0.113762
-0.113959
-0.113692
-0.113964
-0.113899
-0.113734
-0.113892
-0.114047
-0.114049
-0.113931
-0.114104
-0.113870
-0.113661
-0.113843
-0.113639
-0.113801
-0.113916
0.009752
0.061088
-0.052611
-0.057491
-0.056918
-0.075087
-0.111072
-0.103713
-0.109732
-0.109872
-0.110645
-0.104052
-0.107913
-0.102769
-0.103513
-0.113065
-0.104665
-0.109813
-0.106191
-0.112377
-0.108638
-0.108169
-0.110047
-0.111209
-0.112382
-0.112973
-0.113626
-0.112032
-0.112422
-0.108880
-0.107449
-0.110648
-0.111997
-0.110745
-0.113635
-0.110491
-0.110849
-0.111142
-0.110193
-0.110785
-0.113164
-0.112949
-0.113261
-0.113029
-0.113563
-0.112458
-0.113954
-0.112373
-0.111709
-0.113759
-0.112049
-0.113666
-0.112369
-0.113684
-0.113022
-0.113083
-0.113322
-0.113862
-0.113570
-0.113466
-0.113729
-0.113926
-0.113846
-0.112862
-0.112185
-0.113390
-0.113530
-0.113421
-0.113412
-0.113051
-0.113075
-0.113575
-0.112986
-0.113046
-0.113419
-0.113506
-0.113604
-0.113467
-0.113612
-0.113397
-0.113537
-0.113547
-0.112816
-0.113715
-0.112899
-0.113803
-0.113235
-0.113598
-0.113542
-0.113528
-0.113645
-0.113677
-0.113570
-0.113461
-0.113545
-0.114030
-0.113692
-0.113337
-0.113086
-0.113650
3.165693
-0.011514
-0.031399
-0.099797
-0.083423
-0.105192
-0.109969
-0.110881
-0.113523
-0.112773
-0.112029
-0.109269
-0.108632
-0.110630
-0.111200
-0.108442
-0.108972
-0.105970
-0.110426
-0.109985
-0.111811
-0.111813
-0.111748
-0.112210
-0.113767
-0.113830
-0.113897
-0.113662
-0.113483
-0.112844
-0.110608
-0.114006
-0.110398
-0.112448
-0.113904
-0.111886
-0.111249
-0.112813
-0.112469
-0.113528
-0.113815
-0.113818
-0.114152
-0.113988
-0.113799
-0.113533
-0.113331
-0.113862
-0.113745
-0.113285
-0.113272
-0.112821
-0.113791
-0.113553
-0.113645
-0.113754
-0.113789
-0.113889
-0.114133
-0.114095
-0.114124
-0.114093
-0.113962
-0.113865
-0.113330
-0.113986
-0.113418
-0.114022
-0.113936
-0.113617
-0.113510
-0.113721
-0.113871
-0.114022
-0.114089
-0.114143
-0.114127
-0.114084
-0.113981
-0.114073
-0.113926
-0.114031
-0.113946
-0.113858
-0.113860
-0.113732
-0.114111
-0.114083
-0.113924
-0.114030
-0.114055
-0.114144
-0.114124
-0.114100
-0.114105
-0.113948
-0.113886
-0.113927
-0.113784
-0.114082
-0.013738
0.203356
0.042215
-0.084235
-0.076443
-0.104849
-0.111122
-0.106743
-0.109181
-0.110986
-0.112486
-0.111404
-0.112417
-0.111832
-0.112416
-0.112308
-0.112477
-0.112536
-0.112771
-0.112720
-0.112780
-0.112623
-0.113207
-0.113014
-0.113197
-0.112801
-0.112758
-0.112594
-0.112918
-0.112563
-0.110684
-0.112023
-0.107210
-0.106278
-0.111543
-0.109994
-0.108801
-0.112369
-0.111945
-0.113389
-0.113938
-0.113356
-0.113514
-0.113767
-0.113911
-0.113654
-0.113772
-0.113724
-0.113802
-0.113743
-0.113741
-0.113754
-0.113798
-0.113763
-0.113755
-0.113728
-0.113860
-0.113813
-0.113797
-0.113725
-0.113745
-0.113678
-0.113567
-0.113405
-0.113442
-0.113903
-0.112917
-0.112442
-0.112909
-0.113921
-0.112959
-0.113545
-0.113850
-0.114149
-0.113993
-0.113856
-0.113928
-0.113972
-0.113979
-0.113892
-0.113937
-0.113932
-0.113946
-0.113922
-0.113929
-0.113933
-0.113943
-0.113907
-0.113938
-0.113939
-0.113981
-0.113920
-0.113946
-0.114008
-0.114039
-0.113743
-0.113565
-0.113739
-0.113350
-0.113678
-0.111286
0.327621
0.003737
-0.019414
-0.101347
-0.096541
-0.108631
-0.107779
-0.111978
-0.112660
-0.112983
-0.112962
-0.113922
-0.113485
-0.113635
-0.113793
-0.113996
-0.113892
-0.113771
-0.113914
-0.114134
-0.113901
-0.113938
-0.113725
-0.114030
-0.113809
-0.113536
-0.112669
-0.113401
-0.111375
-0.112617
-0.106947
-0.108058
-0.105504
-0.112151
-0.105362
-0.110642
-0.109630
-0.113375
-0.113148
-0.113634
-0.113559
-0.113933
-0.113924
-0.113903
-0.113944
-0.114113
-0.113988
-0.113988
-0.114065
-0.114118
-0.114049
-0.114028
-0.114095
-0.114146
-0.114065
-0.114080
-0.114093
-0.114157
-0.114113
-0.114021
-0.113994
-0.114093
-0.113513
-0.113987
-0.112328
-0.112558
-0.112190
-0.113411
-0.112139
-0.113525
-0.113230
-0.113963
-0.114025
-0.114033
-0.114008
-0.114092
-0.114071
-0.114068
-0.114080
-0.114118
-0.114082
-0.114084
-0.114111
-0.114114
-0.114093
-0.114098
-0.114110
-0.114118
-0.114094
-0.114112
-0.114103
-0.114119
-0.114169
-0.114060
-0.113946
-0.113994
-0.113370
-0.113882
-0.112901
-0.034712
0.383189
-0.063459
-0.034777
-0.082521
-0.111408
-0.109684
-0.112571
-0.111599
-0.112022
-0.112845
-0.112699
-0.112257
-0.112465
-0.112946
-0.112788
-0.112670
-0.112808
-0.113236
-0.112985
-0.112786
-0.113100
-0.113301
-0.113163
-0.112948
-0.113224
-0.113386
-0.113156
-0.113147
-0.113435
-0.111147
-0.108448
-0.111337
-0.104255
-0.111880
-0.104825
-0.112158
-0.110116
-0.112001
-0.113994
-0.113535
-0.113982
-0.113930
-0.113898
-0.114115
-0.114067
-0.113859
-0.113860
-0.114026
-0.113945
-0.113828
-0.113851
-0.113981
-0.113900
-0.113778
-0.113844
-0.113919
-0.113867
-0.113721
-0.113769
-0.113814
-0.113730
-0.113598
-0.113908
-0.113516
-0.112812
-0.113099
-0.112173
-0.113183
-0.112259
-0.113508
-0.113180
-0.113537
-0.114014
-0.113955
-0.114035
-0.114056
-0.114134
-0.114141
-0.114098
-0.114065
-0.114096
-0.114121
-0.114068
-0.114051
-0.114071
-0.114082
-0.114047
-0.114012
-0.114045
-0.114022
-0.113992
-0.113918
-0.113927
-0.113774
-0.113668
-0.113667
-0.113581
-0.113558
-0.113174
