-2.599404
1.308968
1.449427
-6.574184
-0.114220
-0.114220
0.150383
0.449437
1.528295
-0.940761
-0.114219
-0.114223
2.577925
1.094156
4.927320
0.024581
-0.114221
-0.114223
-0.035881
1.388090
2.757130
-2.280149
-0.114219
-0.114224
-0.186744
2.613730
5.484026
-4.886605
-0.114220
-0.114225
-0.082262
0.817709
1.824157
-1.665967
-0.114219
-0.114224
13.457966
-0.113429
13.459889
13.456946
-0.114218
-0.114221
9.007343
2.423940
12.608861
4.621479
-0.114221
-0.114225
2.351455
0.372362
-0.016350
-0.051213
-0.068484
-0.029073
-0.010426
0.011361
0.018572
0.085812
0.135353
0.031612
-0.069305
0.030990
0.068985
-0.054020
0.128183
0.352177
-0.043091
-0.098304
0.003138
-0.040689
-0.015043
-0.037053
0.132402
0.057216
-0.002795
0.005788
-0.001847
-0.018885
0.020174
-0.042630
-0.081355
0.014636
-0.037015
-0.055478
-0.082870
-0.026698
-0.052119
-0.095248
-0.064473
0.002867
-0.055532
-0.092339
-0.052302
-0.091533
-0.104417
-0.081638
-0.090451
-0.088643
-0.109088
-0.098428
-0.110378
-0.108708
-0.108725
-0.103880
-0.102933
-0.105150
-0.110136
-0.105777
-0.105296
-0.104227
-0.106236
-0.104789
-0.100173
-0.104406
-0.105437
-0.104883
-0.095454
-0.102920
-0.102200
-0.108344
-0.096132
-0.108966
-0.104197
-0.067936
-0.111322
-0.102617
-0.093272
-0.096774
-0.111397
-0.095737
-0.075643
-0.099137
-0.101534
-0.101924
-0.111575
-0.094715
-0.093913
-0.096768
-0.104863
-0.096995
-0.112361
-0.101189
-0.104197
-0.079158
-0.100881
-0.108331
-0.083145
-0.095503
0.146241
0.058649
0.065504
-0.065720
-0.068160
-0.096213
-0.072937
-0.096856
-0.069537
-0.030770
-0.026675
-0.058569
-0.084831
-0.053041
-0.063893
-0.068364
-0.043582
-0.067375
-0.069868
-0.046596
-0.062670
-0.102980
-0.076760
-0.044087
-0.037859
-0.091171
-0.053938
-0.091491
-0.034188
-0.096523
-0.012201
-0.069439
-0.078618
-0.096313
-0.060734
-0.088201
-0.097715
-0.103413
-0.098772
-0.093353
-0.108558
-0.101556
-0.095139
-0.100048
-0.101032
-0.101955
-0.110292
-0.105674
-0.106202
-0.109705
-0.109055
-0.112732
-0.110026
-0.109960
-0.111566
-0.112558
-0.110625
-0.111940
-0.111523
-0.111303
-0.108843
-0.111660
-0.109801
-0.111665
-0.111249
-0.110137
-0.109927
-0.110722
-0.107543
-0.108500
-0.109997
-0.112710
-0.112312
-0.107954
-0.106303
-0.107711
-0.105230
-0.105636
-0.109274
-0.111215
-0.106012
-0.105627
-0.107769
-0.107953
-0.108035
-0.112688
-0.106841
-0.108698
-0.098426
-0.101497
-0.110078
-0.113665
-0.108305
-0.111348
-0.110267
-0.110776
-0.108635
-0.109480
-0.111376
-0.106587
2.566104
0.634342
0.113266
-0.051811
-0.055484
-0.017470
-0.031941
-0.069185
-0.054507
-0.089185
-0.048917
-0.065054
-0.083199
-0.091477
-0.012836
-0.113769
-0.082483
0.049237
-0.065968
-0.065762
-0.078036
-0.076232
-0.079199
-0.048088
-0.033560
-0.055109
-0.044937
-0.054652
-0.088275
-0.099975
-0.074595
-0.057790
-0.071306
-0.066442
-0.074006
-0.077735
-0.095961
-0.080000
-0.088428
-0.100409
-0.088505
-0.073190
-0.106908
-0.111980
-0.083729
-0.109091
-0.111412
-0.108036
-0.105621
-0.109621
-0.113054
-0.107410
-0.106142
-0.107730
-0.112748
-0.107159
-0.104581
-0.110090
-0.111827
-0.106439
-0.112310
-0.110336
-0.113841
-0.106261
-0.106795
-0.112363
-0.110823
-0.106337
-0.108201
-0.108844
-0.112788
-0.111739
-0.107185
-0.112703
-0.112680
-0.095861
-0.111199
-0.111763
-0.107279
-0.105700
-0.111605
-0.104095
-0.103022
-0.108539
-0.106662
-0.109403
-0.109802
-0.105675
-0.104544
-0.103881
-0.106833
-0.105592
-0.110786
-0.108343
-0.109886
-0.102959
-0.108210
-0.113917
-0.101055
-0.108616
-0.046493
0.922007
0.037250
-0.001172
-0.043318
-0.044626
-0.092545
-0.080244
-0.082684
-0.072632
-0.079628
-0.086521
-0.073521
-0.100772
-0.089951
-0.093940
-0.098091
-0.085215
-0.096845
-0.096140
-0.094123
-0.111919
-0.096705
-0.101359
-0.101310
-0.103937
-0.098422
-0.096826
-0.092049
-0.101611
-0.092437
-0.107278
-0.110085
-0.107986
-0.105698
-0.104697
-0.105089
-0.112418
-0.106521
-0.109600
-0.111124
-0.107938
-0.109698
-0.108488
-0.107462
-0.112663
-0.109156
-0.112766
-0.110340
-0.110569
-0.111327
-0.113033
-0.110755
-0.110260
-0.112563
-0.108939
-0.111912
-0.107144
-0.112511
-0.108909
-0.111560
-0.112678
-0.110996
-0.112652
-0.111669
-0.113838
-0.111623
-0.110046
-0.111793
-0.112574
-0.111110
-0.113952
-0.112390
-0.111923
-0.113619
-0.110518
-0.111973
-0.112202
-0.111943
-0.113279
-0.112172
-0.113674
-0.112329
-0.112417
-0.111690
-0.110641
-0.111690
-0.113701
-0.112452
-0.112548
-0.112756
-0.112075
-0.111853
-0.112094
-0.112374
-0.113156
-0.112749
-0.113057
-0.112330
-0.112025
-0.032043
1.745170
0.006486
-0.001771
0.121686
0.084342
0.018359
0.046584
-0.037027
-0.051369
-0.001873
-0.026423
-0.052937
-0.080656
-0.033596
-0.086854
-0.053974
0.011537
-0.085119
-0.076250
-0.074936
-0.094672
-0.068555
-0.071664
-0.017401
-0.106118
-0.099454
-0.111808
-0.094246
-0.096320
-0.086149
-0.103015
-0.098302
-0.107005
-0.073070
-0.088958
-0.088813
-0.096341
-0.099168
-0.105596
-0.104613
-0.087772
-0.094210
-0.111922
-0.100290
-0.104731
-0.105613
-0.107495
-0.106053
-0.105100
-0.107826
-0.106276
-0.105457
-0.105349
-0.108764
-0.110759
-0.109016
-0.103226
-0.111341
-0.107252
-0.110432
-0.108423
-0.107103
-0.111368
-0.106403
-0.106995
-0.111978
-0.111278
-0.107246
-0.109055
-0.110523
-0.110958
-0.108816
-0.112113
-0.111599
-0.104588
-0.111778
-0.111252
-0.108432
-0.110206
-0.111816
-0.108294
-0.105882
-0.113269
-0.112259
-0.112374
-0.112898
-0.111294
-0.112942
-0.111383
-0.112040
-0.110353
-0.110786
-0.113220
-0.111201
-0.110289
-0.109355
-0.113302
-0.112897
-0.110232
-0.086490
0.520716
-0.011385
-0.075801
-0.085201
-0.069658
-0.103139
-0.089285
-0.087247
-0.112360
-0.075544
-0.094209
-0.068212
-0.111644
-0.094058
-0.097758
-0.092358
-0.097616
-0.079597
-0.086233
-0.083454
-0.100362
-0.103920
-0.102120
-0.087371
-0.105463
-0.085460
-0.102871
-0.086061
-0.100401
-0.084843
-0.095222
-0.090671
-0.107799
-0.106845
-0.108044
-0.108722
-0.103588
-0.108880
-0.103470
-0.103036
-0.107891
-0.110744
-0.108046
-0.109950
-0.110730
-0.107497
-0.111780
-0.109855
-0.111783
-0.112780
-0.111575
-0.112589
-0.111260
-0.113825
-0.111905
-0.113670
-0.109984
-0.113953
-0.110316
-0.111806
-0.113537
-0.112339
-0.113664
-0.112806
-0.113853
-0.112016
-0.113110
-0.111846
-0.112826
-0.112044
-0.112788
-0.113067
-0.112864
-0.111324
-0.112068
-0.111728
-0.112755
-0.110904
-0.112303
-0.113030
-0.113414
-0.111140
-0.113450
-0.112119
-0.113224
-0.111988
-0.111674
-0.110966
-0.110429
-0.111345
-0.113782
-0.114071
-0.113457
-0.113497
-0.111105
-0.113502
-0.112125
-0.112999
-0.111786
-2.362909
0.061129
-1.947451
-2.699866
-0.114220
-0.114222
-0.123682
0.113075
0.242753
-0.469597
-0.114219
-0.114225
2.696615
0.098288
3.000569
2.217548
-0.114222
-0.114222
-0.159865
0.420848
1.037787
-0.680394
-0.114216
-0.114221
-0.213481
0.292059
0.622287
-0.892763
-0.114218
-0.114222
-0.171288
0.898415
1.524148
-1.834664
-0.114220
-0.114224
8.518719
0.186144
8.930664
8.066177
-0.114221
-0.114226
2.134504
-0.059873
-0.020609
-0.099391
-0.072744
-0.092684
-0.109347
-0.111358
-0.110336
-0.105048
-0.101558
-0.107906
-0.105070
-0.097373
-0.109168
-0.109735
-0.106453
-0.101921
-0.112056
-0.108404
-0.112994
-0.111919
-0.112643
-0.113435
-0.112671
-0.111617
-0.109176
-0.110398
-0.111605
-0.111869
-0.113453
-0.111665
-0.111643
-0.111788
-0.111423
-0.111773
-0.112733
-0.112983
-0.112988
-0.113580
-0.111527
-0.112764
-0.111600
-0.111997
-0.112821
-0.113829
-0.111304
-0.113272
-0.113477
-0.112503
-0.112837
-0.113091
-0.113304
-0.113602
-0.113139
-0.112450
-0.113518
-0.112681
-0.113207
-0.113634
-0.113426
-0.113124
-0.113755
-0.112999
-0.113248
-0.113631
-0.113562
-0.113669
-0.113493
-0.113120
-0.113728
-0.113867
-0.112997
-0.113529
-0.113863
-0.113415
-0.113277
-0.113570
-0.113330
-0.113654
-0.113513
-0.113743
-0.113792
-0.113689
-0.113564
-0.113401
-0.113132
-0.113643
-0.113708
-0.113690
-0.113840
-0.113577
-0.113381
-0.113481
-0.113619
-0.113336
-0.113609
-0.113651
-0.113527
-0.113373
-0.105469
0.028452
-0.059821
-0.075378
-0.091301
-0.107321
-0.108911
-0.113007
-0.113400
-0.112485
-0.105933
-0.109116
-0.108789
-0.108668
-0.111333
-0.113279
-0.112367
-0.108133
-0.110870
-0.112107
-0.112084
-0.113431
-0.113720
-0.113165
-0.113406
-0.112499
-0.113459
-0.110908
-0.113476
-0.111288
-0.113122
-0.112259
-0.111416
-0.112164
-0.111625
-0.112025
-0.112590
-0.112903
-0.113046
-0.113853
-0.113025
-0.112491
-0.112374
-0.113587
-0.113259
-0.113031
-0.113365
-0.113477
-0.113096
-0.112735
-0.113354
-0.113390
-0.113490
-0.113655
-0.113617
-0.113292
-0.113025
-0.113312
-0.112928
-0.113836
-0.113118
-0.113353
-0.113297
-0.113277
-0.113565
-0.113689
-0.113766
-0.113763
-0.113805
-0.113487
-0.113482
-0.113775
-0.113753
-0.113646
-0.113720
-0.113905
-0.113516
-0.113554
-0.113621
-0.113825
-0.113665
-0.113804
-0.113844
-0.113720
-0.113755
-0.113583
-0.113438
-0.113678
-0.113696
-0.113587
-0.113840
-0.113469
-0.113610
-0.113716
-0.113668
-0.113587
-0.113702
-0.113699
-0.113601
-0.113623
2.697130
-0.037294
-0.018195
-0.041564
-0.082029
-0.106212
-0.106206
-0.107925
-0.110544
-0.107781
-0.112334
-0.103612
-0.102869
-0.105903
-0.106943
-0.105862
-0.113312
-0.105455
-0.107497
-0.112508
-0.112536
-0.113863
-0.113663
-0.113154
-0.112047
-0.110461
-0.109878
-0.109994
-0.110946
-0.110762
-0.113221
-0.112347
-0.111141
-0.108661
-0.110727
-0.110331
-0.111470
-0.112072
-0.112113
-0.112863
-0.112161
-0.113119
-0.111471
-0.112450
-0.112996
-0.113166
-0.114037
-0.111429
-0.113484
-0.112707
-0.113085
-0.112940
-0.113138
-0.113445
-0.112963
-0.113140
-0.112014
-0.112239
-0.112781
-0.113421
-0.113195
-0.112946
-0.112386
-0.112852
-0.113166
-0.113401
-0.113431
-0.113381
-0.113271
-0.113329
-0.113218
-0.113107
-0.113226
-0.113675
-0.113176
-0.113463
-0.112782
-0.113665
-0.113358
-0.113393
-0.113300
-0.113527
-0.113523
-0.113324
-0.113638
-0.112883
-0.112837
-0.113518
-0.113371
-0.113333
-0.113475
-0.113021
-0.113112
-0.113371
-0.113513
-0.113188
-0.113369
-0.113182
-0.113486
-0.113269
-0.074162
0.204580
0.060407
-0.006686
-0.081566
-0.107975
-0.107097
-0.111498
-0.111547
-0.110665
-0.111750
-0.111364
-0.111229
-0.111641
-0.111910
-0.112137
-0.112394
-0.112682
-0.112598
-0.112806
-0.113602
-0.113438
-0.113723
-0.113529
-0.113116
-0.110464
-0.109134
-0.112118
-0.109803
-0.104758
-0.105576
-0.112129
-0.109218
-0.107791
-0.107898
-0.109167
-0.110038
-0.110564
-0.110884
-0.111148
-0.111431
-0.111637
-0.111750
-0.111849
-0.111913
-0.111959
-0.112012
-0.112051
-0.112118
-0.112187
-0.112230
-0.112283
-0.112496
-0.112721
-0.112800
-0.112496
-0.111517
-0.110944
-0.111243
-0.112880
-0.112060
-0.111412
-0.111235
-0.111945
-0.112507
-0.112629
-0.112742
-0.112758
-0.112739
-0.112791
-0.112780
-0.112758
-0.112771
-0.112791
-0.112800
-0.112831
-0.112869
-0.112871
-0.112900
-0.112948
-0.112854
-0.112978
-0.112705
-0.112530
-0.112709
-0.112657
-0.112708
-0.113191
-0.112519
-0.112021
-0.112373
-0.112376
-0.112779
-0.112846
-0.112803
-0.112846
-0.112827
-0.112810
-0.112834
-0.112817
-0.011799
0.106408
0.046475
-0.054696
-0.081445
-0.075171
-0.092898
-0.097432
-0.100142
-0.102154
-0.104069
-0.104687
-0.105614
-0.106575
-0.107265
-0.107801
-0.108195
-0.108576
-0.108811
-0.109214
-0.109146
-0.109415
-0.109635
-0.109158
-0.111397
-0.105272
-0.109537
-0.103454
-0.105319
-0.110731
-0.108154
-0.113388
-0.104990
-0.111368
-0.106484
-0.109492
-0.110282
-0.110659
-0.110964
-0.111205
-0.111272
-0.111401
-0.111501
-0.111542
-0.111565
-0.111586
-0.111613
-0.111639
-0.111674
-0.111717
-0.111775
-0.111905
-0.111942
-0.112246
-0.111566
-0.111666
-0.111650
-0.111130
-0.113062
-0.112447
-0.112622
-0.110740
-0.112913
-0.111548
-0.112865
-0.112731
-0.112736
-0.112698
-0.112661
-0.112617
-0.112606
-0.112606
-0.112596
-0.112595
-0.112608
-0.112619
-0.112648
-0.112629
-0.112834
-0.112630
-0.112964
-0.112638
-0.112550
-0.112255
-0.112655
-0.112731
-0.112863
-0.113107
-0.112384
-0.112209
-0.111980
-0.113050
-0.112335
-0.112988
-0.112653
-0.112668
-0.112631
-0.112620
-0.112611
-0.112614
-0.065833
0.566089
0.108399
-0.067379
-0.096894
-0.095917
-0.097689
-0.099501
-0.103040
-0.104866
-0.105106
-0.105994
-0.107317
-0.107949
-0.108413
-0.108740
-0.109175
-0.109311
-0.109541
-0.110095
-0.110109
-0.110335
-0.110476
-0.110630
-0.111225
-0.107168
-0.107938
-0.103226
-0.100548
-0.102129
-0.098975
-0.110501
-0.103548
-0.110506
-0.108405
-0.108576
-0.109652
-0.110336
-0.110655
-0.110818
-0.111061
-0.111293
-0.111373
-0.111444
-0.111499
-0.111572
-0.111606
-0.111670
-0.111748
-0.111793
-0.111881
-0.111934
-0.112198
-0.112163
-0.111355
-0.111626
-0.112496
-0.110250
-0.110580
-0.112351
-0.110587
-0.110018
-0.112572
-0.111870
-0.112283
-0.112591
-0.112681
-0.112646
-0.112615
-0.112642
-0.112631
-0.112600
-0.112600
-0.112605
-0.112623
-0.112622
-0.112651
-0.112663
-0.112777
-0.112729
-0.112873
-0.112885
-0.112064
-0.111768
-0.112807
-0.112948
-0.112541
-0.114086
-0.111971
-0.110960
-0.111956
-0.112852
-0.112510
-0.112787
-0.112692
-0.112663
-0.112607
-0.112597
-0.112600
-0.112583
