-2.553628
1.204225
1.445036
-6.441250
-0.115943
-0.115940
0.206759
0.409989
1.912849
-1.149213
-0.115943
-0.115940
2.665624
1.134377
5.816932
0.394172
-0.115944
-0.115946
-0.135739
1.155075
1.757664
-2.229565
-0.115943
-0.115948
-0.129076
2.615469
4.127698
-4.589374
-0.115943
-0.115948
-0.058545
0.798524
1.596569
-1.501592
-0.115943
-0.115948
13.528092
-0.114975
13.529965
13.526656
-0.115943
-0.115947
9.165913
2.531551
12.916434
4.366883
-0.115944
-0.115948
2.307141
0.333865
0.004123
-0.043363
-0.078917
-0.105704
-0.055680
0.067402
-0.000791
0.051273
0.088684
0.008400
-0.028605
-0.054689
0.049367
0.081654
0.095737
0.057712
-0.090118
0.090419
-0.061341
0.044906
0.042278
0.097471
0.165704
-0.031664
-0.003390
-0.013071
-0.037089
0.010967
-0.054867
-0.042593
-0.023076
-0.041330
0.061698
-0.013824
-0.086876
-0.061232
-0.078224
-0.034124
-0.084331
-0.083736
-0.044512
-0.075319
-0.075205
-0.107757
-0.092374
-0.109283
-0.094082
-0.099069
-0.111459
-0.101228
-0.112600
-0.108320
-0.106938
-0.108126
-0.107163
-0.099672
-0.110131
-0.108740
-0.108852
-0.107059
-0.112134
-0.109108
-0.108117
-0.106398
-0.113110
-0.108284
-0.111697
-0.097917
-0.109185
-0.101406
-0.097190
-0.097465
-0.109719
-0.095518
-0.104954
-0.095866
-0.102932
-0.088328
-0.083985
-0.090276
-0.090739
-0.104308
-0.105226
-0.103963
-0.105748
-0.092063
-0.103232
-0.101352
-0.092295
-0.101151
-0.092094
-0.112564
-0.105920
-0.110323
-0.097853
-0.099349
-0.094253
-0.113372
0.202868
0.012007
-0.012367
-0.071418
-0.047732
-0.088616
-0.103250
-0.035204
-0.051899
-0.042989
-0.051803
-0.088406
-0.113619
-0.059559
-0.051866
0.002813
-0.066402
-0.099906
-0.060943
-0.029016
-0.069170
-0.058326
-0.052361
-0.052402
-0.009453
-0.063553
-0.072831
-0.074212
-0.076411
-0.100448
-0.072278
-0.093944
-0.081518
-0.086638
-0.050213
-0.077734
-0.100292
-0.094772
-0.093728
-0.079789
-0.098307
-0.107717
-0.099061
-0.094797
-0.104641
-0.107826
-0.109767
-0.109394
-0.113106
-0.109214
-0.114742
-0.109256
-0.112906
-0.114283
-0.112477
-0.114459
-0.114419
-0.110195
-0.113235
-0.115093
-0.112834
-0.111484
-0.113766
-0.115563
-0.112592
-0.111776
-0.111747
-0.115070
-0.112477
-0.112691
-0.111718
-0.113529
-0.108073
-0.105690
-0.114862
-0.112538
-0.111254
-0.110933
-0.109798
-0.106967
-0.104886
-0.109608
-0.105200
-0.109851
-0.111105
-0.108868
-0.111504
-0.112537
-0.112133
-0.110006
-0.109287
-0.114195
-0.106899
-0.109892
-0.112926
-0.113285
-0.109608
-0.108957
-0.111461
-0.110757
2.655338
0.635300
0.094214
-0.071620
-0.063164
-0.042233
-0.078864
-0.046230
-0.070702
-0.100089
-0.103743
-0.052032
-0.085371
-0.109877
-0.047443
-0.097264
-0.040255
-0.056497
-0.090027
-0.030287
-0.081459
-0.019408
0.017963
-0.019600
0.028561
-0.087482
-0.029582
-0.024177
-0.047180
0.011611
-0.061420
-0.046243
-0.042869
-0.080868
-0.019726
-0.063528
-0.076782
-0.078434
-0.104785
-0.070435
-0.097838
-0.102342
-0.090454
-0.108018
-0.102755
-0.108870
-0.108819
-0.107396
-0.112749
-0.113409
-0.111373
-0.113455
-0.111922
-0.110018
-0.110328
-0.110569
-0.108637
-0.106652
-0.111676
-0.106493
-0.111520
-0.112655
-0.110574
-0.111861
-0.113466
-0.114469
-0.111716
-0.109182
-0.111035
-0.108335
-0.114380
-0.110319
-0.107734
-0.113012
-0.114209
-0.108433
-0.106979
-0.107106
-0.110740
-0.101332
-0.094917
-0.105534
-0.101875
-0.114682
-0.108563
-0.107289
-0.107697
-0.097792
-0.106947
-0.104342
-0.098608
-0.106885
-0.102171
-0.112010
-0.113779
-0.110032
-0.110680
-0.104897
-0.105445
-0.113204
-0.091880
0.763905
-0.052939
-0.058391
-0.061809
-0.096093
-0.067436
-0.060997
-0.080766
-0.070474
-0.088580
-0.095292
-0.102926
-0.094157
-0.102604
-0.074759
-0.088144
-0.100796
-0.094840
-0.073798
-0.101303
-0.091445
-0.087991
-0.087639
-0.085996
-0.108154
-0.106788
-0.107386
-0.105163
-0.107385
-0.104374
-0.108351
-0.112396
-0.109404
-0.101425
-0.105305
-0.108491
-0.104739
-0.108487
-0.101513
-0.109997
-0.111632
-0.110185
-0.109717
-0.115632
-0.115534
-0.112075
-0.111884
-0.111667
-0.112296
-0.114302
-0.113798
-0.112570
-0.113048
-0.114258
-0.113590
-0.115605
-0.111215
-0.112979
-0.112746
-0.114038
-0.115620
-0.114180
-0.113466
-0.114475
-0.115290
-0.112879
-0.114997
-0.113373
-0.114498
-0.114101
-0.112710
-0.115123
-0.114826
-0.113203
-0.113827
-0.112837
-0.112111
-0.113959
-0.113737
-0.113679
-0.114442
-0.114094
-0.114041
-0.113558
-0.114595
-0.115122
-0.113743
-0.114155
-0.114203
-0.114046
-0.113847
-0.113482
-0.113928
-0.113963
-0.114275
-0.115813
-0.115428
-0.115045
-0.113944
-0.097754
1.760329
0.032451
0.080487
-0.052796
-0.044171
0.032314
0.009864
-0.032248
-0.028335
-0.045090
-0.055001
-0.100206
-0.077348
-0.063287
-0.071247
-0.058961
-0.060046
-0.078553
-0.016226
-0.081557
-0.071875
-0.028931
-0.035571
-0.034885
-0.062092
-0.100355
-0.108075
-0.105975
-0.102817
-0.094423
-0.108691
-0.105915
-0.070197
-0.072536
-0.081247
-0.086701
-0.094166
-0.096814
-0.080436
-0.103655
-0.109661
-0.102013
-0.103191
-0.112420
-0.113087
-0.112241
-0.108964
-0.103636
-0.109827
-0.112243
-0.110305
-0.105599
-0.111510
-0.113001
-0.107575
-0.113296
-0.106407
-0.109339
-0.110196
-0.109881
-0.113197
-0.109452
-0.107001
-0.111342
-0.114203
-0.110108
-0.112760
-0.111049
-0.111464
-0.110968
-0.108457
-0.111377
-0.112292
-0.109321
-0.107567
-0.111505
-0.106093
-0.111288
-0.113018
-0.109201
-0.111142
-0.112223
-0.115696
-0.110225
-0.111173
-0.110568
-0.109681
-0.111146
-0.112006
-0.110432
-0.106752
-0.108516
-0.109693
-0.110332
-0.112117
-0.115014
-0.114336
-0.112787
-0.112087
-0.060448
0.519683
-0.106450
-0.063900
-0.095155
-0.109192
-0.099474
-0.100754
-0.109371
-0.107506
-0.101915
-0.089858
-0.092881
-0.102445
-0.107297
-0.091072
-0.099775
-0.097633
-0.088381
-0.087308
-0.100187
-0.093457
-0.101791
-0.102048
-0.099786
-0.105249
-0.100222
-0.112672
-0.092496
-0.109615
-0.090988
-0.114133
-0.112380
-0.103004
-0.107121
-0.108286
-0.109819
-0.104535
-0.108622
-0.104640
-0.110358
-0.112270
-0.114258
-0.112952
-0.112517
-0.113090
-0.110004
-0.111772
-0.114063
-0.115434
-0.113322
-0.114859
-0.114153
-0.114157
-0.114492
-0.113162
-0.115298
-0.113103
-0.114084
-0.112750
-0.113239
-0.114414
-0.113329
-0.113421
-0.114658
-0.114347
-0.113970
-0.114246
-0.113612
-0.113228
-0.113809
-0.113350
-0.114998
-0.115068
-0.112524
-0.114214
-0.112832
-0.113369
-0.114137
-0.114357
-0.115156
-0.112589
-0.114853
-0.114378
-0.112331
-0.114118
-0.115102
-0.113195
-0.111870
-0.113596
-0.114381
-0.112886
-0.113485
-0.114407
-0.113609
-0.113971
-0.112972
-0.113366
-0.114137
-0.114500
-1.856840
0.072501
-1.385496
-2.132486
-0.115940
-0.115943
0.056433
0.146901
0.521626
-0.400984
-0.115942
-0.115947
3.015990
0.047984
3.389376
2.817709
-0.115939
-0.115943
-0.209167
0.299796
0.605760
-0.709884
-0.115941
-0.115947
-0.080666
0.143250
0.887402
-0.280257
-0.115935
-0.115925
-0.165221
0.606917
0.814230
-1.324858
-0.115944
-0.115948
8.591967
0.200409
9.155103
7.873960
-0.115944
-0.115944
1.626035
-0.048272
-0.016303
-0.079194
-0.085347
-0.098139
-0.110489
-0.109117
-0.109647
-0.110083
-0.112806
-0.106447
-0.107971
-0.112177
-0.114774
-0.106764
-0.112692
-0.114446
-0.112034
-0.110247
-0.114201
-0.112877
-0.113234
-0.112898
-0.114253
-0.114208
-0.111045
-0.110385
-0.111130
-0.114524
-0.114215
-0.114264
-0.111708
-0.113057
-0.114584
-0.114259
-0.115019
-0.115051
-0.114663
-0.114823
-0.115744
-0.114495
-0.114204
-0.115031
-0.115509
-0.114202
-0.114493
-0.115663
-0.115059
-0.114483
-0.115115
-0.114878
-0.114914
-0.114773
-0.114685
-0.115183
-0.115016
-0.114558
-0.114353
-0.114734
-0.114634
-0.114631
-0.115402
-0.114813
-0.115067
-0.114960
-0.115118
-0.115198
-0.115013
-0.115071
-0.115502
-0.115117
-0.114964
-0.115174
-0.115434
-0.115087
-0.114979
-0.115407
-0.115348
-0.115025
-0.115274
-0.115255
-0.115315
-0.115287
-0.115136
-0.115363
-0.115244
-0.115406
-0.115158
-0.115132
-0.115063
-0.114865
-0.115380
-0.115227
-0.115093
-0.115190
-0.115262
-0.115209
-0.115077
-0.115147
0.054732
-0.006759
0.011848
-0.061185
-0.086935
-0.091353
-0.097233
-0.102116
-0.104752
-0.106118
-0.099568
-0.109404
-0.105097
-0.107001
-0.113461
-0.106209
-0.112791
-0.111127
-0.108424
-0.115283
-0.108683
-0.112067
-0.112651
-0.112220
-0.112056
-0.112507
-0.111860
-0.111317
-0.105573
-0.112717
-0.113574
-0.113617
-0.112238
-0.112062
-0.113218
-0.113078
-0.112803
-0.113273
-0.113387
-0.113472
-0.112908
-0.113314
-0.113381
-0.113028
-0.114165
-0.113211
-0.113569
-0.114411
-0.113269
-0.114731
-0.113687
-0.113903
-0.114297
-0.114177
-0.113945
-0.114497
-0.114423
-0.114759
-0.112727
-0.113468
-0.113777
-0.114705
-0.114692
-0.114184
-0.114395
-0.114461
-0.114237
-0.114330
-0.114418
-0.114377
-0.114465
-0.114251
-0.114471
-0.114141
-0.114501
-0.114363
-0.114171
-0.114609
-0.114179
-0.114571
-0.114356
-0.114306
-0.114658
-0.114730
-0.114353
-0.114549
-0.114576
-0.115055
-0.114333
-0.114117
-0.114226
-0.114492
-0.114572
-0.114574
-0.114448
-0.114680
-0.114560
-0.114465
-0.114677
-0.114507
3.015601
-0.054649
-0.034882
-0.067641
-0.111482
-0.101572
-0.111441
-0.110171
-0.110339
-0.114188
-0.108500
-0.108614
-0.108494
-0.112106
-0.111134
-0.109866
-0.112159
-0.112451
-0.110592
-0.115376
-0.112822
-0.114744
-0.114966
-0.114307
-0.113710
-0.114411
-0.114714
-0.111254
-0.111210
-0.114597
-0.115243
-0.114986
-0.112078
-0.114087
-0.115562
-0.114948
-0.115260
-0.115440
-0.115106
-0.115483
-0.115265
-0.114093
-0.115206
-0.114553
-0.115616
-0.114588
-0.115074
-0.115247
-0.115159
-0.115588
-0.115338
-0.115341
-0.115571
-0.115481
-0.115070
-0.115600
-0.115019
-0.115350
-0.114665
-0.115117
-0.115601
-0.115424
-0.115210
-0.115163
-0.115751
-0.115607
-0.115486
-0.115655
-0.115520
-0.115623
-0.115807
-0.115250
-0.115643
-0.115278
-0.115562
-0.115434
-0.115243
-0.115600
-0.115502
-0.115630
-0.115616
-0.115432
-0.115604
-0.115623
-0.115353
-0.115732
-0.115249
-0.115711
-0.115384
-0.115309
-0.115651
-0.115446
-0.115694
-0.115465
-0.115479
-0.115701
-0.115544
-0.115553
-0.115648
-0.115530
-0.023870
0.128194
0.019835
-0.052958
-0.086631
-0.088619
-0.095309
-0.099294
-0.101061
-0.103582
-0.104625
-0.105944
-0.106567
-0.106975
-0.108036
-0.108226
-0.108736
-0.109220
-0.109085
-0.109871
-0.109927
-0.109893
-0.110398
-0.109776
-0.109866
-0.110151
-0.109206
-0.106720
-0.106932
-0.110478
-0.113121
-0.107576
-0.113610
-0.113818
-0.114285
-0.113932
-0.113602
-0.113866
-0.113492
-0.113713
-0.113662
-0.113655
-0.113780
-0.113644
-0.113767
-0.113792
-0.113740
-0.113895
-0.113769
-0.113860
-0.113984
-0.113824
-0.114009
-0.113822
-0.113783
-0.113892
-0.113249
-0.112454
-0.113372
-0.113390
-0.113695
-0.112649
-0.114338
-0.114028
-0.114111
-0.114324
-0.114150
-0.114327
-0.114221
-0.114259
-0.114307
-0.114254
-0.114340
-0.114306
-0.114294
-0.114381
-0.114293
-0.114388
-0.114386
-0.114276
-0.114604
-0.114526
-0.114550
-0.114515
-0.114628
-0.114948
-0.114382
-0.113948
-0.114357
-0.114281
-0.114303
-0.113799
-0.114317
-0.114236
-0.114222
-0.114371
-0.114259
-0.114361
-0.114338
-0.114304
-0.076110
0.008360
-0.021820
-0.052657
-0.067511
-0.077543
-0.091113
-0.096407
-0.098512
-0.100946
-0.102288
-0.103799
-0.104843
-0.105600
-0.106602
-0.107134
-0.107731
-0.108228
-0.108548
-0.109036
-0.109305
-0.109546
-0.109830
-0.110393
-0.110495
-0.109024
-0.108469
-0.107790
-0.108355
-0.108667
-0.110439
-0.112676
-0.114327
-0.112689
-0.112476
-0.111641
-0.112068
-0.112279
-0.112273
-0.112439
-0.112472
-0.112539
-0.112658
-0.112659
-0.112767
-0.112838
-0.112870
-0.112967
-0.112994
-0.113061
-0.113163
-0.113177
-0.113217
-0.113415
-0.113510
-0.113431
-0.113102
-0.112686
-0.112671
-0.112709
-0.112912
-0.113101
-0.113769
-0.113658
-0.113817
-0.113579
-0.113593
-0.113647
-0.113623
-0.113654
-0.113673
-0.113663
-0.113706
-0.113698
-0.113705
-0.113740
-0.113733
-0.113723
-0.113737
-0.113697
-0.113817
-0.113849
-0.113882
-0.114017
-0.114032
-0.114178
-0.113998
-0.113884
-0.113699
-0.113638
-0.113652
-0.113578
-0.113820
-0.113822
-0.113935
-0.113896
-0.113874
-0.113904
-0.113896
-0.113887
-0.061548
0.388636
-0.034924
-0.090965
-0.100744
-0.104325
-0.111244
-0.112773
-0.113454
-0.114071
-0.114371
-0.114602
-0.114901
-0.114916
-0.115061
-0.115136
-0.115142
-0.115350
-0.115363
-0.115448
-0.115501
-0.115595
-0.115657
-0.115166
-0.115241
-0.113299
-0.114062
-0.110191
-0.112420
-0.102916
-0.108419
-0.110851
-0.112137
-0.114789
-0.113812
-0.115584
-0.115452
-0.115480
-0.115484
-0.115501
-0.115559
-0.115535
-0.115566
-0.115579
-0.115580
-0.115583
-0.115572
-0.115597
-0.115569
-0.115586
-0.115564
-0.115577
-0.115587
-0.115435
-0.115599
-0.115789
-0.115755
-0.114470
-0.113325
-0.114396
-0.113710
-0.115311
-0.115630
-0.115847
-0.115390
-0.115683
-0.115670
-0.115678
-0.115696
-0.115684
-0.115710
-0.115702
-0.115710
-0.115718
-0.115719
-0.115725
-0.115708
-0.115768
-0.115704
-0.115666
-0.115733
-0.115541
-0.115360
-0.115469
-0.115533
-0.115720
-0.115366
-0.115567
-0.114495
-0.115693
-0.115363
-0.115495
-0.115801
-0.115814
-0.115709
-0.115777
-0.115758
-0.115759
-0.115761
-0.115752
