-2.374821
1.023427
0.969816
-5.872528
-0.105164
-0.105156
0.040121
0.417146
1.702885
-1.406466
-0.105160
-0.105159
2.386648
0.913351
4.486941
0.183472
-0.105162
-0.105164
-0.466950
0.664021
1.271048
-1.839924
-0.105162
-0.105164
-1.640667
2.197123
2.996631
-5.799826
-0.105161
-0.105165
-0.470206
0.215730
0.354994
-1.044699
-0.105160
-0.105165
14.503592
-0.102318
14.509278
14.500182
-0.105158
-0.105165
7.210056
1.267532
9.485743
5.095000
-0.105162
-0.105168
2.164842
0.240135
0.084032
0.025765
-0.036048
-0.030254
-0.014266
0.189085
-0.002116
-0.050132
0.078632
-0.071363
0.180018
0.040732
0.086767
-0.002722
0.048474
-0.048108
-0.048286
0.042153
-0.024156
0.015037
0.049862
-0.047416
-0.020631
0.000518
0.001068
-0.079943
-0.051862
-0.030557
-0.079518
-0.037260
-0.087330
-0.049572
-0.084661
-0.060077
-0.076884
-0.095837
-0.078106
-0.096666
-0.092820
-0.098746
-0.101004
-0.102817
-0.104874
-0.098438
-0.104657
-0.100497
-0.101770
-0.100001
-0.100968
-0.101066
-0.097501
-0.093093
-0.102222
-0.103354
-0.095648
-0.087235
-0.084193
-0.100908
-0.087332
-0.097728
-0.090992
-0.097820
-0.084761
-0.099831
-0.096864
-0.081203
-0.091842
-0.102084
-0.096818
-0.087240
-0.089904
-0.100506
-0.092456
-0.096428
-0.099487
-0.095334
-0.098914
-0.095514
-0.095709
-0.096991
-0.101913
-0.098763
-0.104121
-0.103491
-0.101253
-0.104215
-0.101366
-0.103310
-0.104748
-0.101561
-0.101818
-0.100999
-0.102921
-0.100360
-0.101516
-0.103458
-0.101849
-0.103131
0.044690
0.098806
0.033647
-0.071581
-0.036102
-0.035136
-0.070592
-0.040737
-0.070797
-0.079554
-0.031554
-0.069361
-0.018909
-0.054350
-0.061922
-0.070446
-0.084229
-0.080780
-0.043877
-0.032775
-0.061107
-0.027350
-0.056238
-0.090170
-0.084763
-0.033893
-0.067825
-0.082573
-0.069990
-0.099838
-0.083670
-0.079253
-0.084878
-0.096293
-0.083515
-0.080360
-0.093052
-0.091274
-0.094803
-0.099253
-0.097243
-0.092346
-0.092219
-0.093494
-0.093383
-0.094040
-0.095844
-0.094574
-0.095358
-0.093064
-0.095815
-0.098075
-0.095832
-0.092102
-0.095655
-0.095952
-0.091733
-0.090456
-0.095018
-0.101419
-0.094686
-0.094739
-0.096970
-0.087546
-0.092939
-0.101026
-0.093664
-0.092207
-0.099556
-0.097083
-0.091998
-0.099833
-0.093633
-0.096214
-0.101360
-0.099111
-0.092881
-0.096055
-0.097663
-0.094853
-0.098023
-0.099015
-0.096892
-0.096587
-0.098021
-0.097391
-0.095790
-0.097539
-0.097278
-0.097491
-0.098130
-0.098110
-0.096108
-0.097407
-0.097468
-0.097189
-0.098197
-0.097627
-0.096562
-0.097296
2.384391
0.468387
0.068204
0.048689
-0.015263
-0.056550
-0.056316
-0.066010
-0.062577
-0.073429
-0.100061
-0.031276
-0.054902
-0.042110
0.007383
-0.087822
-0.071276
-0.042482
-0.019135
0.019500
-0.059960
0.023856
0.013099
-0.048584
-0.006038
-0.051638
-0.045349
-0.072007
-0.075079
-0.053814
-0.072753
-0.064761
-0.087108
-0.090245
-0.087648
-0.097025
-0.101156
-0.091112
-0.099236
-0.094131
-0.100954
-0.103174
-0.102077
-0.098533
-0.094747
-0.102575
-0.098887
-0.103910
-0.100258
-0.101298
-0.102602
-0.102159
-0.099799
-0.097680
-0.103168
-0.103388
-0.096954
-0.103049
-0.100778
-0.097996
-0.103063
-0.102759
-0.093236
-0.095616
-0.091262
-0.098607
-0.093735
-0.086132
-0.097048
-0.092493
-0.098875
-0.092970
-0.095133
-0.100090
-0.094894
-0.097807
-0.099762
-0.100391
-0.104941
-0.103294
-0.102105
-0.101878
-0.102395
-0.101566
-0.103833
-0.101176
-0.103511
-0.101653
-0.101918
-0.102193
-0.103769
-0.103229
-0.103233
-0.103466
-0.104622
-0.104085
-0.102057
-0.102747
-0.103524
-0.102645
0.262573
0.374544
0.020649
0.030830
-0.034710
-0.049789
-0.063900
-0.085812
-0.080335
-0.070290
-0.088237
-0.075868
-0.057840
-0.054214
-0.044980
-0.058225
-0.078683
-0.078010
-0.096342
-0.067456
-0.071220
-0.073860
-0.076966
-0.089281
-0.090301
-0.087189
-0.077204
-0.082876
-0.100111
-0.094329
-0.090939
-0.083450
-0.088340
-0.098238
-0.098191
-0.100197
-0.097415
-0.104048
-0.102756
-0.100492
-0.100471
-0.099952
-0.100053
-0.103355
-0.102844
-0.102678
-0.099610
-0.102960
-0.102639
-0.103948
-0.102315
-0.102698
-0.103632
-0.103096
-0.103025
-0.104212
-0.103420
-0.100025
-0.103217
-0.102145
-0.101124
-0.103305
-0.101387
-0.102970
-0.102771
-0.103127
-0.100434
-0.101826
-0.102572
-0.103523
-0.103903
-0.101638
-0.102326
-0.102569
-0.103520
-0.104044
-0.102949
-0.102147
-0.103493
-0.104662
-0.104004
-0.103603
-0.104523
-0.104935
-0.103895
-0.104174
-0.104486
-0.104649
-0.104829
-0.104424
-0.104649
-0.104377
-0.104803
-0.103905
-0.104709
-0.105089
-0.104269
-0.104553
-0.104400
-0.104622
1.433463
1.373816
0.135973
0.353848
0.173786
0.017130
-0.008812
0.052442
-0.030111
-0.045767
-0.029652
-0.030916
-0.018341
-0.040344
-0.017228
-0.100770
-0.093282
-0.072071
-0.075357
-0.058769
-0.058942
-0.081447
-0.071881
-0.086090
-0.081700
-0.088841
-0.071916
-0.086644
-0.080922
-0.091773
-0.094731
-0.084347
-0.099758
-0.092656
-0.091491
-0.092817
-0.098064
-0.099826
-0.091404
-0.096152
-0.089053
-0.091683
-0.097700
-0.099699
-0.095337
-0.098230
-0.099594
-0.094001
-0.095337
-0.093619
-0.100435
-0.096859
-0.096252
-0.104176
-0.099366
-0.101922
-0.102050
-0.102297
-0.097996
-0.102728
-0.099679
-0.103300
-0.103148
-0.099845
-0.102925
-0.098143
-0.101664
-0.098775
-0.101958
-0.101495
-0.103340
-0.100282
-0.099979
-0.102072
-0.101249
-0.102805
-0.100248
-0.103145
-0.104289
-0.101973
-0.102776
-0.101141
-0.103079
-0.102749
-0.102404
-0.100800
-0.103921
-0.102700
-0.102473
-0.103084
-0.101983
-0.102298
-0.099219
-0.102259
-0.102951
-0.102952
-0.103179
-0.102462
-0.103799
-0.102021
0.260913
0.048541
0.013687
-0.087026
-0.078648
-0.049735
-0.081002
-0.052681
-0.068244
-0.091995
-0.096474
-0.090108
-0.086635
-0.067684
-0.094819
-0.092840
-0.094112
-0.097938
-0.082610
-0.092183
-0.095262
-0.096704
-0.087280
-0.095660
-0.094035
-0.098821
-0.096533
-0.097086
-0.092810
-0.102518
-0.101595
-0.101955
-0.101234
-0.102378
-0.104084
-0.096104
-0.100595
-0.098455
-0.100057
-0.101248
-0.103873
-0.102141
-0.104021
-0.102825
-0.103462
-0.103746
-0.103687
-0.101568
-0.103910
-0.104653
-0.103584
-0.104259
-0.103448
-0.102208
-0.102371
-0.102640
-0.102825
-0.103406
-0.102511
-0.103312
-0.103067
-0.104434
-0.104474
-0.103058
-0.104677
-0.103143
-0.104528
-0.102839
-0.104647
-0.103854
-0.104304
-0.103807
-0.103551
-0.103336
-0.104167
-0.104572
-0.103948
-0.104241
-0.105013
-0.104022
-0.102848
-0.104634
-0.104497
-0.104378
-0.104846
-0.104109
-0.104176
-0.104227
-0.103851
-0.104576
-0.104815
-0.104692
-0.103564
-0.104648
-0.104930
-0.104396
-0.103747
-0.104394
-0.104343
-0.104290
-2.336023
0.076928
-1.887353
-2.617052
-0.105160
-0.105165
-0.155727
0.115402
0.200249
-0.486678
-0.105162
-0.105167
3.052235
0.085499
3.435915
2.743706
-0.105162
-0.105166
-0.118908
0.325943
0.854466
-0.767501
-0.105160
-0.105164
-0.162288
0.415150
0.700087
-1.026910
-0.105162
-0.105166
-0.073492
0.947180
1.535486
-1.973948
-0.105163
-0.105166
9.251418
0.135476
9.826910
8.947637
-0.105160
-0.105166
2.124853
-0.018253
-0.076397
-0.021328
-0.087274
-0.099209
-0.087719
-0.100364
-0.103317
-0.101071
-0.100728
-0.103341
-0.098402
-0.097838
-0.100026
-0.101804
-0.098847
-0.097235
-0.103566
-0.098922
-0.100549
-0.102880
-0.103815
-0.103494
-0.104340
-0.104983
-0.103302
-0.102075
-0.102039
-0.103107
-0.100236
-0.103288
-0.102511
-0.103770
-0.103439
-0.105093
-0.100566
-0.102789
-0.103415
-0.104521
-0.104396
-0.104231
-0.104336
-0.105065
-0.104146
-0.104411
-0.104274
-0.104810
-0.104646
-0.104637
-0.103832
-0.104620
-0.103814
-0.103874
-0.104677
-0.104424
-0.104597
-0.104804
-0.104863
-0.104361
-0.105072
-0.104396
-0.104526
-0.104361
-0.104724
-0.104420
-0.104709
-0.104268
-0.104731
-0.104298
-0.104485
-0.104304
-0.105053
-0.104696
-0.104668
-0.104581
-0.104889
-0.104459
-0.104622
-0.104993
-0.104765
-0.104916
-0.105044
-0.104804
-0.104991
-0.104707
-0.104543
-0.104707
-0.104734
-0.104601
-0.104647
-0.104950
-0.104588
-0.104834
-0.104786
-0.104985
-0.104644
-0.104922
-0.104759
-0.104852
-0.055241
0.033915
-0.051382
-0.093014
-0.077474
-0.079008
-0.096741
-0.100052
-0.100683
-0.100454
-0.097661
-0.102968
-0.098335
-0.100195
-0.101740
-0.103083
-0.102452
-0.102250
-0.103373
-0.103080
-0.103855
-0.102984
-0.103884
-0.103558
-0.104030
-0.103952
-0.103901
-0.104185
-0.100200
-0.103922
-0.103068
-0.101574
-0.103615
-0.104344
-0.101815
-0.104195
-0.104418
-0.102542
-0.104358
-0.104353
-0.104541
-0.104784
-0.104679
-0.104138
-0.104832
-0.104068
-0.104004
-0.104486
-0.104244
-0.104408
-0.104752
-0.104377
-0.104515
-0.104771
-0.104671
-0.104926
-0.105054
-0.104876
-0.104867
-0.105081
-0.104796
-0.104239
-0.104933
-0.104439
-0.104189
-0.104861
-0.104500
-0.104533
-0.104964
-0.104631
-0.104758
-0.105096
-0.104925
-0.104936
-0.104955
-0.104953
-0.104818
-0.105016
-0.104850
-0.104686
-0.104813
-0.104753
-0.104678
-0.104876
-0.104775
-0.104717
-0.104848
-0.104809
-0.104868
-0.105003
-0.104981
-0.104857
-0.104970
-0.104918
-0.104897
-0.105013
-0.104847
-0.104859
-0.104712
-0.104685
3.053611
-0.006330
-0.084095
-0.053832
-0.054297
-0.059741
-0.094798
-0.098271
-0.100877
-0.102315
-0.100931
-0.098368
-0.102087
-0.099228
-0.101123
-0.094153
-0.100580
-0.100457
-0.097186
-0.097982
-0.103208
-0.101650
-0.102888
-0.104694
-0.104588
-0.104500
-0.104566
-0.101426
-0.099116
-0.101277
-0.099759
-0.104260
-0.102942
-0.102896
-0.102979
-0.103588
-0.104109
-0.101909
-0.101646
-0.105086
-0.104359
-0.104363
-0.104586
-0.104163
-0.103701
-0.104759
-0.103760
-0.104019
-0.104133
-0.104310
-0.104110
-0.104747
-0.103936
-0.104675
-0.104479
-0.104790
-0.104958
-0.105050
-0.104831
-0.104725
-0.104251
-0.103827
-0.104828
-0.103963
-0.104657
-0.104905
-0.104510
-0.104429
-0.104586
-0.105014
-0.104310
-0.104446
-0.104894
-0.105091
-0.104942
-0.105037
-0.105015
-0.104641
-0.104962
-0.104780
-0.104441
-0.104958
-0.104806
-0.104630
-0.104850
-0.104811
-0.104901
-0.104704
-0.105127
-0.105084
-0.104953
-0.105027
-0.104939
-0.104796
-0.104696
-0.104835
-0.104677
-0.104618
-0.105016
-0.105027
-0.096050
0.164638
0.022618
-0.041302
-0.084112
-0.093873
-0.094231
-0.097977
-0.097494
-0.097913
-0.099284
-0.099058
-0.099870
-0.100442
-0.100464
-0.100593
-0.100798
-0.101158
-0.101394
-0.101342
-0.101534
-0.101828
-0.101936
-0.102232
-0.101842
-0.101802
-0.102346
-0.101701
-0.100844
-0.101054
-0.101476
-0.101665
-0.098392
-0.100646
-0.103045
-0.099199
-0.102257
-0.102466
-0.103322
-0.103503
-0.103846
-0.103849
-0.103813
-0.103830
-0.103716
-0.103759
-0.103887
-0.103896
-0.103837
-0.103815
-0.103874
-0.103925
-0.103870
-0.103827
-0.103868
-0.103911
-0.103975
-0.103884
-0.103792
-0.103861
-0.103771
-0.103427
-0.102677
-0.104543
-0.103977
-0.104163
-0.103789
-0.104749
-0.103413
-0.103794
-0.103717
-0.103827
-0.103750
-0.104213
-0.104234
-0.104236
-0.104222
-0.104191
-0.104178
-0.104207
-0.104226
-0.104210
-0.104210
-0.104232
-0.104247
-0.104228
-0.104208
-0.104220
-0.104226
-0.104252
-0.104251
-0.104226
-0.104245
-0.104214
-0.104099
-0.103415
-0.104019
-0.103925
-0.104255
-0.104408
-0.044074
0.221589
0.050688
-0.049356
-0.094259
-0.069715
-0.093494
-0.096818
-0.099045
-0.099974
-0.100903
-0.101233
-0.101795
-0.101839
-0.102121
-0.102522
-0.102730
-0.102643
-0.102527
-0.102854
-0.103087
-0.102966
-0.102517
-0.102762
-0.102876
-0.102614
-0.102610
-0.099073
-0.102374
-0.101579
-0.103585
-0.097415
-0.097986
-0.099166
-0.100726
-0.102032
-0.101248
-0.102961
-0.102625
-0.104727
-0.104529
-0.104985
-0.104970
-0.104902
-0.104931
-0.105069
-0.104934
-0.104854
-0.104901
-0.104979
-0.104915
-0.104797
-0.104810
-0.104898
-0.104913
-0.104743
-0.104709
-0.104746
-0.104709
-0.104918
-0.103581
-0.104377
-0.104226
-0.103888
-0.103451
-0.104006
-0.102761
-0.104136
-0.104433
-0.104580
-0.104165
-0.104685
-0.105071
-0.104965
-0.104994
-0.105015
-0.104984
-0.105035
-0.105008
-0.104968
-0.104974
-0.104994
-0.105003
-0.104973
-0.104953
-0.104976
-0.105007
-0.105004
-0.104956
-0.104968
-0.105025
-0.105013
-0.104994
-0.104698
-0.104776
-0.104877
-0.104464
-0.104255
-0.104905
-0.103784
-0.065653
0.619232
0.017429
0.011754
-0.079671
-0.064409
-0.089728
-0.096218
-0.099210
-0.099305
-0.100566
-0.101229
-0.101743
-0.102072
-0.102170
-0.102374
-0.102560
-0.102747
-0.102935
-0.102887
-0.103170
-0.103397
-0.103622
-0.104091
-0.103704
-0.103696
-0.104569
-0.103594
-0.101120
-0.102641
-0.095040
-0.096152
-0.091652
-0.094856
-0.093712
-0.101724
-0.100627
-0.102684
-0.101572
-0.102145
-0.103080
-0.103394
-0.103348
-0.103518
-0.103577
-0.103663
-0.103771
-0.103804
-0.103818
-0.103844
-0.103894
-0.103944
-0.103918
-0.103926
-0.103959
-0.103999
-0.104112
-0.104053
-0.103908
-0.104335
-0.104077
-0.103936
-0.103708
-0.102175
-0.102799
-0.103891
-0.101808
-0.103236
-0.104772
-0.103911
-0.104132
-0.103607
-0.103928
-0.104021
-0.104215
-0.104139
-0.104181
-0.104229
-0.104221
-0.104237
-0.104261
-0.104264
-0.104268
-0.104279
-0.104290
-0.104280
-0.104270
-0.104266
-0.104258
-0.104291
-0.104291
-0.104190
-0.104269
-0.104317
-0.104150
-0.104066
-0.103272
-0.104044
-0.104310
-0.104079
