-2.382334
1.377601
1.127599
-6.035203
-0.108816
-0.108813
0.093812
0.420632
1.434220
-0.986563
-0.108813
-0.108815
2.415216
1.412683
5.178240
-1.681748
-0.108816
-0.108816
-0.654013
1.020988
1.732446
-2.522628
-0.108813
-0.108817
-1.422158
2.469074
4.539698
-4.828023
-0.108813
-0.108817
-0.684712
0.818791
1.325424
-2.114687
-0.108813
-0.108817
14.195118
-0.107272
14.197107
14.192840
-0.108815
-0.108821
7.662995
1.657015
10.615983
5.058860
-0.108814
-0.108820
2.160712
0.274551
-0.042475
0.000885
0.042814
0.001476
0.070911
-0.036758
0.074216
0.321594
0.235533
-0.071131
0.068660
0.107826
0.225028
0.059472
0.188465
0.084030
0.117303
0.021190
-0.025046
0.116760
-0.010837
-0.037528
-0.074059
0.009691
-0.031428
-0.064053
-0.087141
-0.083825
-0.089402
-0.095723
-0.100725
-0.106391
-0.095789
-0.105973
-0.092009
-0.103369
-0.098979
-0.102694
-0.101472
-0.095438
-0.101263
-0.096741
-0.075766
-0.085993
-0.104341
-0.085786
-0.083386
-0.072367
-0.082648
-0.064107
-0.096568
-0.082859
-0.104038
-0.097652
-0.059748
-0.091954
-0.099081
-0.101611
-0.086559
-0.094283
-0.101588
-0.104456
-0.106351
-0.103085
-0.107112
-0.105756
-0.104742
-0.105382
-0.104059
-0.107473
-0.104495
-0.107151
-0.104698
-0.106283
-0.105315
-0.106265
-0.107213
-0.106862
-0.108459
-0.104848
-0.101751
-0.108130
-0.105325
-0.106968
-0.099590
-0.103705
-0.104293
-0.106143
-0.107281
-0.103650
-0.105905
-0.106144
-0.105539
-0.107980
-0.107614
-0.106620
-0.105825
-0.106128
0.096038
0.090942
-0.037759
-0.024320
-0.041941
-0.035444
-0.029811
-0.062916
-0.047674
0.017233
-0.063690
-0.055158
-0.049773
-0.051436
-0.025510
-0.051008
-0.031636
-0.013838
-0.048142
-0.052796
-0.093988
-0.082477
-0.089109
-0.067021
-0.088967
-0.093010
-0.093891
-0.091203
-0.096108
-0.100368
-0.104102
-0.104264
-0.100528
-0.105403
-0.105010
-0.103498
-0.107692
-0.103961
-0.105366
-0.108558
-0.105586
-0.104357
-0.104546
-0.106915
-0.097507
-0.101868
-0.102776
-0.102172
-0.097329
-0.091971
-0.100630
-0.102452
-0.099526
-0.106960
-0.105172
-0.102282
-0.101668
-0.102353
-0.102596
-0.105320
-0.104665
-0.105960
-0.103427
-0.106537
-0.105237
-0.105158
-0.106800
-0.106708
-0.106327
-0.106765
-0.107615
-0.106765
-0.107391
-0.107224
-0.106543
-0.106175
-0.107017
-0.106806
-0.106325
-0.108053
-0.107053
-0.107228
-0.106922
-0.107842
-0.107879
-0.107380
-0.106789
-0.106466
-0.107864
-0.107741
-0.107626
-0.107462
-0.107123
-0.106665
-0.106943
-0.107574
-0.107388
-0.107576
-0.107124
-0.107404
2.420398
0.794054
0.004904
-0.062830
-0.084161
-0.044248
-0.058476
-0.088314
-0.016763
-0.035748
-0.046087
-0.036258
-0.073009
0.056488
0.077407
-0.037503
0.188175
0.065645
0.073805
0.065189
-0.081699
0.002034
-0.049402
-0.067590
-0.062692
-0.068134
-0.089246
-0.066283
-0.096097
-0.094869
-0.104693
-0.096380
-0.096891
-0.091923
-0.094444
-0.096748
-0.074016
-0.094860
-0.092219
-0.093754
-0.096610
-0.096668
-0.102809
-0.096924
-0.095986
-0.087422
-0.092080
-0.088405
-0.073848
-0.074500
-0.081219
-0.082348
-0.098535
-0.100518
-0.104583
-0.096347
-0.070599
-0.088295
-0.105210
-0.104498
-0.097963
-0.096951
-0.097192
-0.096691
-0.099190
-0.095293
-0.097565
-0.097914
-0.098807
-0.099840
-0.098925
-0.105112
-0.100257
-0.101277
-0.099711
-0.100211
-0.099104
-0.098304
-0.099795
-0.099345
-0.101328
-0.099959
-0.100620
-0.103234
-0.103794
-0.101107
-0.096305
-0.098987
-0.100481
-0.101710
-0.101307
-0.102889
-0.100455
-0.100060
-0.099275
-0.100877
-0.101066
-0.100891
-0.101153
-0.100907
0.444167
0.622862
0.062592
0.082495
-0.008478
-0.092417
-0.002086
-0.051039
-0.082603
-0.093045
-0.032016
-0.086604
-0.099950
-0.061307
-0.094867
-0.083429
-0.076682
-0.080042
-0.095382
-0.084666
-0.105996
-0.102923
-0.095187
-0.105661
-0.101479
-0.093951
-0.099744
-0.100770
-0.098231
-0.102728
-0.106800
-0.101257
-0.102068
-0.107533
-0.105007
-0.103369
-0.099888
-0.103984
-0.105334
-0.104395
-0.105238
-0.105100
-0.104861
-0.106583
-0.106959
-0.105524
-0.106828
-0.105405
-0.104676
-0.106613
-0.107922
-0.104538
-0.108046
-0.107068
-0.108773
-0.107519
-0.105685
-0.105723
-0.105714
-0.108388
-0.105536
-0.108744
-0.105728
-0.108093
-0.106520
-0.106815
-0.107038
-0.107800
-0.108055
-0.107112
-0.108756
-0.105362
-0.108033
-0.107186
-0.107842
-0.107974
-0.107407
-0.107606
-0.107169
-0.107923
-0.106883
-0.107756
-0.107324
-0.108048
-0.107456
-0.107267
-0.107245
-0.107489
-0.107688
-0.107487
-0.107718
-0.107565
-0.107809
-0.107678
-0.107626
-0.107498
-0.107608
-0.107766
-0.107653
-0.107709
1.208511
1.549480
0.368269
0.253452
0.128780
-0.069038
0.103053
-0.031602
0.026266
-0.003383
-0.005897
-0.056621
-0.072666
-0.006519
-0.042981
-0.039636
-0.025573
-0.035881
-0.068340
-0.052553
-0.100543
-0.072345
-0.089202
-0.098482
-0.086580
-0.070716
-0.108157
-0.076720
-0.089195
-0.082627
-0.104786
-0.084755
-0.103709
-0.093804
-0.104906
-0.102573
-0.082862
-0.102009
-0.096507
-0.105391
-0.101311
-0.104924
-0.101982
-0.102737
-0.103763
-0.101081
-0.107762
-0.094856
-0.102201
-0.099275
-0.100512
-0.096500
-0.101999
-0.100702
-0.106087
-0.106158
-0.097106
-0.106023
-0.105477
-0.103503
-0.103198
-0.103669
-0.105718
-0.102950
-0.108324
-0.105017
-0.106792
-0.104275
-0.105718
-0.105661
-0.103199
-0.106614
-0.104390
-0.106483
-0.105820
-0.105403
-0.105731
-0.105708
-0.107026
-0.104404
-0.107320
-0.105357
-0.108228
-0.105610
-0.107031
-0.106332
-0.106578
-0.106579
-0.106803
-0.106642
-0.106050
-0.107211
-0.106428
-0.106369
-0.106112
-0.106431
-0.106593
-0.106541
-0.106573
-0.106384
0.468514
0.469617
0.079632
0.041858
-0.015267
-0.073596
-0.026255
-0.074865
-0.059548
-0.089369
-0.073710
-0.080018
-0.084746
-0.088942
-0.074092
-0.046432
-0.088237
-0.054398
-0.077197
-0.084821
-0.089094
-0.100918
-0.101493
-0.099291
-0.096806
-0.101070
-0.104339
-0.099109
-0.103045
-0.103614
-0.106759
-0.098944
-0.105993
-0.103018
-0.106982
-0.105712
-0.098415
-0.105846
-0.102238
-0.107258
-0.105349
-0.105722
-0.105075
-0.106835
-0.106384
-0.104347
-0.107250
-0.102626
-0.106299
-0.103011
-0.103853
-0.106937
-0.105490
-0.104648
-0.107119
-0.107440
-0.105757
-0.105990
-0.108310
-0.108117
-0.106867
-0.107062
-0.107245
-0.106216
-0.107818
-0.106549
-0.107743
-0.107085
-0.107369
-0.107726
-0.106556
-0.107823
-0.106953
-0.108287
-0.107577
-0.107544
-0.107341
-0.107520
-0.107872
-0.107149
-0.108268
-0.107574
-0.108309
-0.108020
-0.108185
-0.107513
-0.107807
-0.107786
-0.108216
-0.107952
-0.107817
-0.108144
-0.107748
-0.107682
-0.107674
-0.107816
-0.107936
-0.107849
-0.108012
-0.107838
-2.403658
0.080402
-1.968007
-2.838047
-0.108815
-0.108816
-0.076472
0.049054
0.153997
-0.411795
-0.108816
-0.108820
2.973747
0.020278
3.213145
2.686385
-0.108817
-0.108817
-0.080753
0.345774
0.776113
-0.649623
-0.108813
-0.108819
-0.237945
0.339133
0.410584
-1.169469
-0.108817
-0.108817
-0.234430
0.528563
0.621912
-1.167839
-0.108815
-0.108821
8.918376
0.100305
9.218559
8.554657
-0.108816
-0.108820
2.186915
-0.087410
-0.008556
-0.040001
-0.087200
-0.080942
-0.103447
-0.105927
-0.105622
-0.103845
-0.097276
-0.094937
-0.094595
-0.096007
-0.097984
-0.104841
-0.093387
-0.103487
-0.104162
-0.107980
-0.108283
-0.107911
-0.103459
-0.106385
-0.102051
-0.104128
-0.105633
-0.107454
-0.107583
-0.104432
-0.105560
-0.105468
-0.105584
-0.107879
-0.108624
-0.108482
-0.107833
-0.107884
-0.108253
-0.105549
-0.107873
-0.107643
-0.106858
-0.106374
-0.108239
-0.107452
-0.108049
-0.108338
-0.108272
-0.107888
-0.107989
-0.107788
-0.107511
-0.107850
-0.108550
-0.108596
-0.108194
-0.107813
-0.107771
-0.108044
-0.108437
-0.108499
-0.108534
-0.108378
-0.108505
-0.108603
-0.108127
-0.108309
-0.108537
-0.108135
-0.108440
-0.108189
-0.108277
-0.108486
-0.108703
-0.108657
-0.108767
-0.108202
-0.108515
-0.108277
-0.108542
-0.108708
-0.108642
-0.108528
-0.108267
-0.108483
-0.108514
-0.108455
-0.108527
-0.108723
-0.108582
-0.108471
-0.108673
-0.108663
-0.108487
-0.108739
-0.108637
-0.108504
-0.108581
-0.108745
-0.077012
-0.044952
-0.039663
-0.059465
-0.085354
-0.097287
-0.103729
-0.107250
-0.107280
-0.107489
-0.101650
-0.105635
-0.099563
-0.101389
-0.103166
-0.102878
-0.104223
-0.106965
-0.106228
-0.106692
-0.107441
-0.107576
-0.107053
-0.105749
-0.103107
-0.105658
-0.106546
-0.107153
-0.107446
-0.105841
-0.106213
-0.105806
-0.107786
-0.108302
-0.108459
-0.108548
-0.108363
-0.107715
-0.108279
-0.107673
-0.107641
-0.108348
-0.107507
-0.107569
-0.108549
-0.108099
-0.108389
-0.108572
-0.108645
-0.108552
-0.108156
-0.107856
-0.107857
-0.108357
-0.108440
-0.108705
-0.108592
-0.107775
-0.108120
-0.108431
-0.108671
-0.108534
-0.108637
-0.108652
-0.108628
-0.108484
-0.108701
-0.108425
-0.108568
-0.108398
-0.108423
-0.108646
-0.108575
-0.108692
-0.108697
-0.108622
-0.108716
-0.108647
-0.108515
-0.108223
-0.108796
-0.108609
-0.108556
-0.108655
-0.108266
-0.108572
-0.108575
-0.108721
-0.108532
-0.108737
-0.108751
-0.108783
-0.108749
-0.108785
-0.108615
-0.108783
-0.108731
-0.108643
-0.108552
-0.108680
2.973217
-0.050300
-0.063185
-0.074608
-0.086139
-0.088464
-0.096412
-0.102144
-0.102942
-0.107195
-0.100273
-0.098827
-0.100794
-0.104156
-0.105472
-0.105768
-0.101890
-0.101825
-0.107153
-0.106043
-0.106747
-0.106551
-0.106585
-0.105932
-0.104962
-0.105665
-0.106923
-0.108416
-0.108173
-0.106323
-0.106365
-0.107036
-0.107399
-0.108206
-0.108289
-0.108140
-0.108192
-0.108402
-0.106991
-0.107039
-0.108268
-0.108517
-0.108228
-0.107643
-0.107338
-0.108652
-0.108652
-0.108328
-0.108278
-0.108028
-0.107631
-0.107647
-0.108028
-0.108536
-0.108390
-0.108545
-0.107917
-0.108168
-0.108564
-0.108638
-0.108519
-0.108521
-0.108646
-0.108541
-0.108542
-0.108491
-0.108270
-0.108495
-0.108360
-0.108474
-0.108707
-0.108310
-0.108355
-0.108492
-0.108502
-0.108509
-0.108420
-0.108335
-0.108387
-0.108294
-0.108505
-0.108561
-0.108582
-0.108501
-0.108402
-0.108478
-0.108636
-0.108691
-0.108532
-0.108469
-0.108614
-0.108532
-0.108640
-0.108500
-0.108268
-0.108474
-0.108676
-0.108584
-0.108716
-0.108539
-0.082564
0.154487
0.031714
-0.022217
-0.061308
-0.078981
-0.086877
-0.089631
-0.091758
-0.093613
-0.094312
-0.095853
-0.096928
-0.098231
-0.099184
-0.099693
-0.100188
-0.100299
-0.100679
-0.101253
-0.101928
-0.102506
-0.102392
-0.102460
-0.103093
-0.103254
-0.105749
-0.101397
-0.101837
-0.104797
-0.104312
-0.104336
-0.103677
-0.103473
-0.103767
-0.104094
-0.104429
-0.104721
-0.104852
-0.104926
-0.104881
-0.104909
-0.105012
-0.105163
-0.105378
-0.105482
-0.105568
-0.105513
-0.105452
-0.105530
-0.105676
-0.105797
-0.105495
-0.105133
-0.104592
-0.106458
-0.105839
-0.105502
-0.105337
-0.105583
-0.105869
-0.106092
-0.106141
-0.106154
-0.106120
-0.106051
-0.106115
-0.106172
-0.106266
-0.106318
-0.106303
-0.106275
-0.106237
-0.106241
-0.106306
-0.106412
-0.106529
-0.106552
-0.106513
-0.106573
-0.106468
-0.106739
-0.106598
-0.106434
-0.106623
-0.106543
-0.106548
-0.106476
-0.106444
-0.106450
-0.106456
-0.106216
-0.106529
-0.106585
-0.106569
-0.106466
-0.106426
-0.106448
-0.106510
-0.106574
0.024259
0.187077
-0.046499
-0.038228
-0.063435
-0.079158
-0.090686
-0.093668
-0.095900
-0.097831
-0.098666
-0.099870
-0.100719
-0.101333
-0.101873
-0.102384
-0.102990
-0.103344
-0.103531
-0.103704
-0.104146
-0.104449
-0.104188
-0.101808
-0.101221
-0.106295
-0.099206
-0.105389
-0.106377
-0.102544
-0.106393
-0.104111
-0.103642
-0.104747
-0.105283
-0.105552
-0.105596
-0.105688
-0.105798
-0.105940
-0.106039
-0.106135
-0.106207
-0.106261
-0.106310
-0.106340
-0.106463
-0.106555
-0.106659
-0.106855
-0.106744
-0.106336
-0.105892
-0.106117
-0.105635
-0.106803
-0.106442
-0.107057
-0.106749
-0.106568
-0.106592
-0.106673
-0.106767
-0.106699
-0.106796
-0.106940
-0.106875
-0.106949
-0.106945
-0.106929
-0.106953
-0.106999
-0.107041
-0.107053
-0.107048
-0.107067
-0.107125
-0.107279
-0.107184
-0.106903
-0.107463
-0.106577
-0.106928
-0.107715
-0.107002
-0.107355
-0.107244
-0.107121
-0.107141
-0.107080
-0.107115
-0.106946
-0.107083
-0.107075
-0.107205
-0.107252
-0.107222
-0.107179
-0.107168
-0.107154
0.012610
0.323090
-0.021520
-0.027287
-0.077444
-0.089790
-0.096258
-0.096496
-0.098269
-0.098892
-0.099763
-0.100657
-0.101536
-0.102290
-0.102817
-0.103087
-0.103096
-0.103544
-0.103943
-0.104160
-0.104749
-0.104889
-0.104927
-0.102563
-0.105720
-0.102366
-0.092427
-0.108614
-0.102835
-0.099899
-0.102577
-0.107532
-0.105724
-0.106094
-0.106109
-0.106225
-0.106316
-0.106521
-0.106646
-0.106610
-0.106565
-0.106551
-0.106593
-0.106689
-0.106800
-0.106856
-0.106840
-0.106814
-0.106738
-0.106914
-0.106968
-0.107347
-0.105934
-0.105900
-0.106557
-0.106240
-0.107091
-0.108152
-0.106799
-0.106978
-0.107071
-0.107274
-0.107366
-0.107168
-0.107181
-0.107357
-0.107223
-0.107273
-0.107387
-0.107400
-0.107394
-0.107343
-0.107326
-0.107345
-0.107380
-0.107456
-0.107503
-0.107538
-0.107179
-0.107313
-0.107822
-0.106151
-0.106884
-0.108260
-0.107226
-0.107303
-0.107672
-0.107542
-0.107690
-0.107454
-0.107288
-0.107554
-0.107341
-0.107493
-0.107757
-0.107538
-0.107479
-0.107456
-0.107510
-0.107550
