-2.626720
1.306562
0.588329
-6.675253
-0.113562
-0.113562
0.114968
0.250478
1.057549
-0.503918
-0.113561
-0.113565
2.621134
0.960342
4.708081
0.005908
-0.113563
-0.113565
0.088699
1.119015
2.048451
-2.011866
-0.113562
-0.113567
-0.108754
2.596077
3.844420
-5.309429
-0.113562
-0.113567
-0.198235
0.852379
1.728524
-1.998731
-0.113563
-0.113565
13.490115
-0.110565
13.494291
13.486181
-0.113562
-0.113568
9.118495
2.280535
12.890381
4.937153
-0.113562
-0.113566
2.404050
0.297375
-0.045473
-0.045565
-0.061638
-0.081934
0.032124
0.097782
-0.041876
-0.088418
0.031357
0.135531
0.126517
0.291769
-0.074801
0.070602
0.023428
-0.011302
-0.057939
0.065753
0.016572
0.030951
0.090123
0.018863
-0.015261
-0.092771
0.126696
0.041687
-0.008886
-0.056930
0.081790
-0.012068
-0.034931
-0.036922
0.002087
0.006071
-0.018507
-0.085958
-0.052450
-0.078692
-0.056867
-0.017074
-0.071399
-0.103049
-0.105475
-0.081217
-0.071526
-0.101155
-0.044162
-0.104856
-0.061304
-0.098153
-0.096530
-0.097490
-0.110923
-0.097904
-0.107283
-0.094974
-0.100533
-0.103083
-0.095297
-0.101879
-0.101233
-0.095900
-0.104733
-0.102747
-0.099289
-0.105350
-0.096953
-0.104602
-0.104253
-0.096744
-0.096895
-0.088273
-0.084306
-0.097599
-0.094653
-0.096181
-0.094119
-0.104806
-0.090148
-0.101447
-0.106245
-0.081902
-0.093128
-0.106923
-0.103314
-0.075260
-0.101770
-0.089044
-0.100323
-0.092590
-0.101296
-0.108396
-0.096897
-0.092279
-0.084651
-0.106651
-0.071281
-0.095949
0.117718
-0.095744
-0.019167
-0.074634
-0.071760
-0.102428
-0.029110
-0.052044
-0.075441
-0.090923
-0.088433
-0.040785
-0.064083
-0.033485
-0.049106
-0.074596
-0.089156
-0.098107
-0.076285
-0.088300
-0.098330
-0.091287
-0.064613
-0.066881
-0.084406
-0.094696
-0.077834
-0.091140
-0.090655
-0.080703
-0.070830
-0.081202
-0.110208
-0.083191
-0.079325
-0.100313
-0.095862
-0.097037
-0.102310
-0.087696
-0.100655
-0.106582
-0.106783
-0.105972
-0.104969
-0.104919
-0.109580
-0.101034
-0.102096
-0.107464
-0.104800
-0.111506
-0.112440
-0.112141
-0.111509
-0.108621
-0.110907
-0.112033
-0.113327
-0.110954
-0.111409
-0.111794
-0.111578
-0.112575
-0.112779
-0.111991
-0.111640
-0.111870
-0.110502
-0.111516
-0.112323
-0.113282
-0.110373
-0.110145
-0.108980
-0.110963
-0.109886
-0.112493
-0.110870
-0.109046
-0.112379
-0.110232
-0.111562
-0.111128
-0.110145
-0.108821
-0.111934
-0.108832
-0.111846
-0.110652
-0.107192
-0.106460
-0.111134
-0.109935
-0.109441
-0.107807
-0.111518
-0.112795
-0.108554
-0.110531
2.621666
0.527410
0.082723
-0.056207
-0.060357
-0.086989
-0.091920
-0.092077
-0.095435
-0.093460
-0.090355
-0.097058
-0.101693
-0.006551
-0.102424
-0.038435
-0.070833
-0.060990
-0.106706
-0.085619
-0.070244
-0.066388
-0.044817
-0.086197
-0.067404
-0.099131
0.012848
-0.018353
-0.031984
-0.066718
0.029969
-0.039975
-0.078427
-0.079745
-0.035255
-0.069155
-0.074632
-0.096660
-0.094259
-0.092254
-0.089618
-0.086135
-0.096358
-0.110300
-0.102541
-0.104643
-0.098086
-0.106904
-0.094865
-0.100281
-0.101572
-0.106080
-0.104123
-0.106840
-0.108141
-0.106542
-0.110339
-0.103246
-0.106276
-0.107818
-0.102185
-0.107217
-0.105352
-0.101075
-0.106101
-0.105381
-0.104375
-0.107772
-0.104989
-0.105700
-0.106289
-0.103337
-0.108703
-0.106957
-0.101384
-0.109118
-0.102543
-0.103641
-0.108524
-0.108044
-0.106949
-0.106320
-0.109574
-0.099824
-0.098208
-0.110776
-0.109189
-0.093623
-0.106137
-0.097828
-0.103776
-0.101249
-0.106809
-0.107101
-0.105728
-0.100011
-0.096907
-0.110036
-0.095079
-0.104639
0.083941
0.732251
-0.025949
-0.106495
-0.077084
-0.060679
-0.033397
-0.029644
-0.083971
-0.094174
-0.095094
-0.093519
-0.094390
-0.065173
-0.099819
-0.059133
-0.086407
-0.100368
-0.094399
-0.073044
-0.089714
-0.092315
-0.097920
-0.102625
-0.088153
-0.091794
-0.092129
-0.104499
-0.092146
-0.089814
-0.092846
-0.089850
-0.098786
-0.105938
-0.106405
-0.104539
-0.103498
-0.108981
-0.104595
-0.103475
-0.109233
-0.103196
-0.107678
-0.107904
-0.111160
-0.110579
-0.103968
-0.113023
-0.103438
-0.109458
-0.109520
-0.110336
-0.112239
-0.109057
-0.109859
-0.110517
-0.112854
-0.110316
-0.112076
-0.109743
-0.110752
-0.111634
-0.110452
-0.109613
-0.112239
-0.110134
-0.111517
-0.110627
-0.110046
-0.111791
-0.111498
-0.111975
-0.111885
-0.111368
-0.112573
-0.112874
-0.111356
-0.111504
-0.113327
-0.113132
-0.112735
-0.112542
-0.113211
-0.109776
-0.112284
-0.109979
-0.111599
-0.112357
-0.112940
-0.111433
-0.110537
-0.112298
-0.110865
-0.112320
-0.113476
-0.111166
-0.111512
-0.111939
-0.111146
-0.112013
-0.109485
1.708914
0.190548
0.016028
0.090368
-0.021762
0.025806
0.109726
-0.013058
-0.099955
-0.037130
0.020502
-0.101788
0.052120
-0.072726
-0.041517
-0.063485
-0.093164
-0.106282
-0.068680
-0.085787
-0.074121
-0.051933
-0.068834
-0.082896
-0.085419
-0.014588
-0.087176
-0.072576
-0.060476
-0.078945
-0.072329
-0.072908
-0.086341
-0.088567
-0.075383
-0.099707
-0.092452
-0.104785
-0.108021
-0.095465
-0.090094
-0.107592
-0.105101
-0.110806
-0.104475
-0.106797
-0.110390
-0.088100
-0.107822
-0.093612
-0.104500
-0.107359
-0.102114
-0.101763
-0.110976
-0.110863
-0.109621
-0.108665
-0.106299
-0.105466
-0.107805
-0.106216
-0.100961
-0.109286
-0.103663
-0.108736
-0.109330
-0.103747
-0.109047
-0.111370
-0.109707
-0.111062
-0.109608
-0.109379
-0.111740
-0.108106
-0.112801
-0.112316
-0.109537
-0.110075
-0.111851
-0.111018
-0.105750
-0.107187
-0.108597
-0.108413
-0.106043
-0.110942
-0.111653
-0.106398
-0.112337
-0.106216
-0.105864
-0.109169
-0.106638
-0.110997
-0.106888
-0.112491
-0.108556
-0.026339
0.518920
0.083035
-0.056800
-0.092616
-0.064159
-0.073225
-0.073689
-0.087271
-0.084196
-0.079730
-0.080596
-0.084354
-0.095609
-0.083251
-0.076012
-0.095858
-0.078204
-0.088413
-0.102908
-0.084523
-0.083969
-0.104291
-0.096355
-0.092281
-0.113008
-0.080941
-0.098392
-0.098446
-0.092731
-0.090360
-0.094982
-0.096346
-0.105371
-0.098190
-0.098401
-0.108160
-0.104495
-0.106831
-0.103620
-0.103193
-0.104746
-0.108434
-0.109190
-0.106218
-0.107453
-0.106546
-0.108568
-0.112740
-0.105945
-0.109382
-0.109164
-0.110589
-0.110546
-0.112658
-0.110623
-0.113238
-0.110588
-0.110847
-0.111471
-0.111163
-0.110871
-0.112488
-0.110033
-0.112368
-0.112125
-0.112887
-0.110942
-0.112756
-0.112249
-0.112510
-0.111302
-0.111936
-0.111401
-0.112392
-0.110575
-0.110255
-0.112964
-0.109737
-0.113112
-0.111242
-0.112895
-0.111306
-0.111995
-0.112143
-0.111399
-0.111574
-0.110621
-0.110964
-0.112868
-0.109716
-0.110520
-0.113187
-0.111625
-0.112188
-0.112073
-0.111058
-0.112854
-0.110346
-0.111927
-2.209977
0.149558
-1.628668
-2.671829
-0.113561
-0.113564
-0.047496
0.176184
0.493498
-0.504691
-0.113562
-0.113566
2.867539
0.136626
3.258442
2.401513
-0.113562
-0.113566
0.124292
0.425949
1.218384
-0.684214
-0.113559
-0.113564
-0.122314
0.208921
0.538236
-0.914679
-0.113560
-0.113563
-0.030754
0.626741
1.190793
-1.080142
-0.113561
-0.113567
8.689298
0.337251
9.394412
7.812091
-0.113563
-0.113564
1.981033
-0.067801
0.042322
-0.054303
-0.065763
-0.094922
-0.102719
-0.112617
-0.113123
-0.107951
-0.109965
-0.106530
-0.106177
-0.083118
-0.107955
-0.105615
-0.105524
-0.108253
-0.091531
-0.109914
-0.109006
-0.111656
-0.113081
-0.112174
-0.111180
-0.111818
-0.107078
-0.110082
-0.107774
-0.105936
-0.110913
-0.111076
-0.109499
-0.107992
-0.111520
-0.108515
-0.112373
-0.111878
-0.112105
-0.112324
-0.111673
-0.111659
-0.111750
-0.109619
-0.111162
-0.112622
-0.113427
-0.113135
-0.110972
-0.111592
-0.113435
-0.113310
-0.113265
-0.112834
-0.112823
-0.112581
-0.112732
-0.112682
-0.112211
-0.111507
-0.112841
-0.113075
-0.112906
-0.112774
-0.111415
-0.112641
-0.112664
-0.112643
-0.113024
-0.112948
-0.112918
-0.113020
-0.112926
-0.113305
-0.112280
-0.112300
-0.113182
-0.112826
-0.112873
-0.112320
-0.112372
-0.112576
-0.112773
-0.112626
-0.112623
-0.112633
-0.112798
-0.112614
-0.112630
-0.113123
-0.112412
-0.112442
-0.112644
-0.112626
-0.112404
-0.112528
-0.112229
-0.112847
-0.112833
-0.112776
-0.045369
0.042279
-0.005190
-0.106635
-0.068049
-0.078118
-0.087886
-0.103306
-0.104839
-0.103404
-0.102496
-0.106943
-0.099314
-0.111046
-0.103344
-0.103872
-0.101264
-0.102005
-0.103701
-0.104813
-0.106320
-0.107673
-0.106724
-0.107089
-0.106937
-0.108357
-0.111085
-0.106904
-0.108983
-0.103499
-0.110466
-0.108672
-0.105362
-0.111585
-0.108385
-0.111286
-0.109833
-0.110014
-0.109887
-0.109778
-0.110173
-0.110093
-0.109781
-0.110575
-0.109723
-0.110509
-0.110792
-0.111099
-0.111818
-0.110652
-0.111511
-0.111156
-0.111173
-0.111326
-0.111169
-0.110800
-0.111026
-0.110788
-0.111764
-0.110814
-0.111886
-0.111611
-0.110934
-0.111802
-0.111442
-0.111091
-0.110834
-0.111264
-0.111526
-0.111487
-0.111448
-0.111338
-0.111498
-0.111246
-0.111696
-0.111339
-0.111762
-0.111049
-0.111222
-0.111288
-0.111416
-0.111303
-0.111264
-0.111297
-0.111305
-0.111334
-0.111577
-0.111645
-0.111451
-0.111259
-0.111235
-0.111596
-0.111254
-0.111152
-0.111525
-0.111019
-0.111631
-0.111400
-0.111484
-0.111323
2.869170
-0.028993
0.034534
-0.100027
-0.096910
-0.093623
-0.096471
-0.106492
-0.105551
-0.102542
-0.107902
-0.102346
-0.105608
-0.109446
-0.104660
-0.105615
-0.106618
-0.103435
-0.104249
-0.107983
-0.110170
-0.110684
-0.110417
-0.109367
-0.109273
-0.110357
-0.110436
-0.112424
-0.111420
-0.105769
-0.111092
-0.110645
-0.108656
-0.111094
-0.112658
-0.111258
-0.111726
-0.111646
-0.111615
-0.111955
-0.112491
-0.112513
-0.110542
-0.111047
-0.110918
-0.112214
-0.112283
-0.112289
-0.113042
-0.112400
-0.113033
-0.111824
-0.111701
-0.112132
-0.112256
-0.112082
-0.112349
-0.112713
-0.112321
-0.111353
-0.113161
-0.112800
-0.112377
-0.112353
-0.112146
-0.112178
-0.112289
-0.112258
-0.112486
-0.112497
-0.112429
-0.112486
-0.112325
-0.112596
-0.112903
-0.112341
-0.112541
-0.112512
-0.112322
-0.112201
-0.112323
-0.112242
-0.112409
-0.112510
-0.112486
-0.112533
-0.112670
-0.112599
-0.112396
-0.112520
-0.112605
-0.112606
-0.112260
-0.112353
-0.112813
-0.112144
-0.112345
-0.112329
-0.112542
-0.112579
0.119983
0.171567
0.131490
-0.065810
-0.072300
-0.098228
-0.106455
-0.102493
-0.105023
-0.107109
-0.108508
-0.108529
-0.108391
-0.109074
-0.109736
-0.109987
-0.110385
-0.110602
-0.110556
-0.110695
-0.110821
-0.111130
-0.111315
-0.110925
-0.110287
-0.111328
-0.111055
-0.108209
-0.104778
-0.101865
-0.105031
-0.107133
-0.108012
-0.103616
-0.110661
-0.111314
-0.111985
-0.111570
-0.112096
-0.112206
-0.112135
-0.112087
-0.112168
-0.112215
-0.112312
-0.112167
-0.112249
-0.112238
-0.112321
-0.112091
-0.112266
-0.112288
-0.112231
-0.112181
-0.112241
-0.112485
-0.112310
-0.111993
-0.112619
-0.111976
-0.110739
-0.112670
-0.112071
-0.112069
-0.111499
-0.112163
-0.111895
-0.112225
-0.112199
-0.112270
-0.112308
-0.112375
-0.112362
-0.112293
-0.112430
-0.112521
-0.112223
-0.112614
-0.112650
-0.112337
-0.112462
-0.112452
-0.112291
-0.112392
-0.112415
-0.112423
-0.112397
-0.112503
-0.112194
-0.112300
-0.111280
-0.112238
-0.112311
-0.112852
-0.111345
-0.112515
-0.112509
-0.112522
-0.112460
-0.112547
-0.101100
0.008479
0.001119
-0.020645
-0.042147
-0.057867
-0.075256
-0.083123
-0.086873
-0.090003
-0.093119
-0.095432
-0.096973
-0.098247
-0.098873
-0.099717
-0.100295
-0.101084
-0.101585
-0.102412
-0.103066
-0.104128
-0.104822
-0.105226
-0.104724
-0.105979
-0.103640
-0.109657
-0.107855
-0.100836
-0.102163
-0.103321
-0.100493
-0.102648
-0.106312
-0.104089
-0.107236
-0.107133
-0.107872
-0.108093
-0.108191
-0.108134
-0.108136
-0.108104
-0.108146
-0.108086
-0.108179
-0.108361
-0.108516
-0.108731
-0.108971
-0.109084
-0.109133
-0.109103
-0.109013
-0.108987
-0.108645
-0.109445
-0.108726
-0.108966
-0.110216
-0.109450
-0.109909
-0.109828
-0.108125
-0.108881
-0.109648
-0.109756
-0.109873
-0.109729
-0.109642
-0.109611
-0.109569
-0.109681
-0.109570
-0.109558
-0.109962
-0.109993
-0.110102
-0.110268
-0.109928
-0.109905
-0.110067
-0.109848
-0.109769
-0.109635
-0.109678
-0.109734
-0.110003
-0.110082
-0.109226
-0.109494
-0.109851
-0.109656
-0.109897
-0.110393
-0.110176
-0.110271
-0.110075
-0.110009
-0.033854
0.392612
-0.001551
-0.079330
-0.059050
-0.100513
-0.104010
-0.110161
-0.111048
-0.112384
-0.112018
-0.112243
-0.112065
-0.112117
-0.112350
-0.112575
-0.112847
-0.113136
-0.113360
-0.113260
-0.113025
-0.112625
-0.112673
-0.112478
-0.112421
-0.112380
-0.112070
-0.107933
-0.108175
-0.105854
-0.104025
-0.111019
-0.101850
-0.111717
-0.112735
-0.109713
-0.111842
-0.112314
-0.112917
-0.113125
-0.113284
-0.113201
-0.113133
-0.112999
-0.112979
-0.113102
-0.113021
-0.113215
-0.113150
-0.113470
-0.113460
-0.113394
-0.113241
-0.113158
-0.113047
-0.113060
-0.113055
-0.113147
-0.112478
-0.111564
-0.111861
-0.111881
-0.112205
-0.110962
-0.113107
-0.113187
-0.112780
-0.113101
-0.113338
-0.113450
-0.113447
-0.113392
-0.113365
-0.113409
-0.113227
-0.113123
-0.113365
-0.113189
-0.113384
-0.113052
-0.113419
-0.113351
-0.113494
-0.113361
-0.113259
-0.113187
-0.113261
-0.113227
-0.113158
-0.113234
-0.112563
-0.112853
-0.113141
-0.112683
-0.112797
-0.113422
-0.113346
-0.113460
-0.113497
-0.113495
