-2.768512
0.962892
-0.386450
-6.352825
-0.115358
-0.115356
0.594902
0.217283
1.510973
-0.204959
-0.115356
-0.115357
2.352581
0.894863
4.762867
0.339755
-0.115357
-0.115360
-0.317117
1.252210
1.698090
-2.483071
-0.115357
-0.115362
-0.168376
2.287761
3.456200
-4.703650
-0.115357
-0.115362
0.191295
0.603504
1.486777
-0.959901
-0.115356
-0.115361
13.348059
-0.113933
13.351296
13.346112
-0.115354
-0.115358
9.549547
2.274970
12.555584
5.235627
-0.115358
-0.115361
2.528666
0.310876
-0.022456
-0.106142
-0.070020
-0.066789
-0.065546
-0.006823
-0.088316
-0.060575
0.006982
-0.053522
-0.093443
-0.068833
0.014885
-0.095286
0.074748
0.080237
-0.039490
-0.011793
0.118492
0.101440
-0.066271
-0.022785
-0.013318
0.041741
-0.094240
-0.054931
-0.067622
-0.017522
-0.033559
-0.010318
-0.027903
-0.049146
-0.020370
-0.068214
-0.090446
-0.094710
-0.063750
-0.025224
-0.051040
-0.091633
-0.022005
-0.090716
-0.079204
-0.061237
-0.104143
-0.075334
-0.096476
-0.099023
-0.099061
-0.113424
-0.103491
-0.104107
-0.112802
-0.114207
-0.110803
-0.111096
-0.111427
-0.112246
-0.110915
-0.110348
-0.112152
-0.112853
-0.107789
-0.110745
-0.111607
-0.111662
-0.109494
-0.111605
-0.110567
-0.111812
-0.112676
-0.109257
-0.113797
-0.114555
-0.107355
-0.112109
-0.108446
-0.108747
-0.097577
-0.103949
-0.109860
-0.086305
-0.096784
-0.112359
-0.105214
-0.107102
-0.100454
-0.103241
-0.108365
-0.104649
-0.103926
-0.105644
-0.100711
-0.092273
-0.108137
-0.112221
-0.099261
-0.114857
0.594221
-0.082573
-0.062827
-0.068541
-0.114630
-0.111933
-0.088913
-0.081951
-0.049449
-0.082531
-0.043591
-0.106303
-0.092536
-0.092591
-0.080636
-0.093457
-0.064392
-0.047757
-0.081143
-0.047324
-0.043014
-0.091430
-0.095268
-0.053391
-0.104105
-0.088454
-0.091457
-0.102978
-0.107731
-0.078625
-0.081798
-0.084430
-0.076061
-0.103807
-0.095371
-0.096588
-0.104147
-0.109784
-0.102657
-0.103818
-0.085196
-0.108994
-0.101861
-0.098866
-0.101074
-0.100831
-0.104276
-0.101447
-0.109948
-0.111546
-0.108572
-0.114097
-0.112136
-0.110672
-0.114559
-0.113430
-0.109748
-0.112681
-0.111528
-0.113353
-0.114218
-0.113501
-0.114720
-0.111989
-0.113585
-0.112283
-0.114191
-0.113487
-0.113366
-0.113930
-0.112254
-0.113184
-0.111476
-0.113713
-0.113622
-0.114234
-0.115132
-0.112772
-0.111291
-0.112966
-0.111004
-0.110170
-0.112117
-0.108318
-0.112070
-0.112203
-0.110286
-0.114711
-0.112430
-0.110850
-0.114152
-0.111446
-0.112767
-0.109367
-0.112884
-0.108659
-0.113085
-0.112477
-0.114032
-0.109466
2.344137
0.507419
0.028181
-0.085339
-0.082196
-0.089810
-0.073947
-0.087181
-0.072488
-0.090750
-0.079480
-0.093703
-0.065319
-0.077676
-0.078073
-0.090009
-0.052678
-0.026126
-0.064953
-0.049005
-0.023425
-0.042626
-0.074908
-0.050429
-0.017711
-0.053829
-0.091335
-0.051857
-0.104871
-0.054989
-0.033328
-0.058082
-0.078249
-0.040675
-0.060994
-0.096242
-0.095989
-0.094282
-0.104968
-0.058715
-0.090241
-0.107149
-0.081850
-0.093669
-0.090521
-0.092506
-0.102926
-0.101078
-0.108530
-0.112159
-0.103164
-0.109931
-0.110910
-0.111803
-0.109983
-0.111206
-0.111785
-0.109554
-0.114003
-0.114683
-0.114458
-0.111802
-0.110493
-0.111932
-0.110844
-0.114495
-0.114099
-0.113277
-0.114496
-0.114902
-0.113473
-0.112654
-0.113653
-0.111294
-0.112768
-0.112878
-0.112052
-0.114401
-0.111054
-0.113314
-0.107716
-0.111966
-0.110559
-0.104286
-0.105431
-0.109472
-0.105798
-0.106799
-0.108834
-0.111124
-0.106720
-0.112951
-0.109297
-0.110508
-0.110233
-0.105881
-0.110257
-0.110798
-0.107642
-0.113386
0.093777
0.837761
-0.012309
-0.069771
-0.066426
-0.097337
-0.060933
-0.064110
-0.084134
-0.106081
-0.072573
-0.102021
-0.088852
-0.108313
-0.105777
-0.106487
-0.101829
-0.089603
-0.110149
-0.092920
-0.099885
-0.107548
-0.114088
-0.105914
-0.107469
-0.109975
-0.109451
-0.114244
-0.112146
-0.111481
-0.107520
-0.109833
-0.113748
-0.111529
-0.111461
-0.111565
-0.113882
-0.110891
-0.113341
-0.112258
-0.108656
-0.111983
-0.112948
-0.108875
-0.111834
-0.113718
-0.112360
-0.112502
-0.114284
-0.114965
-0.114601
-0.112644
-0.113125
-0.112419
-0.114465
-0.113762
-0.113568
-0.112256
-0.114248
-0.113893
-0.114354
-0.113867
-0.111024
-0.114081
-0.110278
-0.114094
-0.114330
-0.114419
-0.114401
-0.114262
-0.114543
-0.113911
-0.114631
-0.113452
-0.114968
-0.113720
-0.114802
-0.114654
-0.115094
-0.115135
-0.114195
-0.114960
-0.114020
-0.114555
-0.114072
-0.114577
-0.115041
-0.114736
-0.114426
-0.115015
-0.114547
-0.114468
-0.114651
-0.114812
-0.114281
-0.115050
-0.114593
-0.113957
-0.114453
-0.114928
-0.052999
1.549547
0.094096
-0.034183
-0.034264
-0.069185
-0.023002
-0.014702
-0.090805
-0.083964
-0.047676
-0.106851
-0.091472
-0.092901
-0.077972
-0.090570
-0.060791
-0.068072
-0.090519
-0.079394
-0.052201
-0.063781
-0.075076
-0.094598
-0.105134
-0.073234
-0.100993
-0.106457
-0.111323
-0.099975
-0.090685
-0.106508
-0.102361
-0.096448
-0.105611
-0.103886
-0.103957
-0.110733
-0.098915
-0.108015
-0.090149
-0.107423
-0.089370
-0.111478
-0.110453
-0.106758
-0.110914
-0.106264
-0.114245
-0.110258
-0.111789
-0.112139
-0.111855
-0.111074
-0.111884
-0.111946
-0.110914
-0.111357
-0.111398
-0.114084
-0.113662
-0.113080
-0.107415
-0.110547
-0.106557
-0.112098
-0.112935
-0.113203
-0.112330
-0.114310
-0.111600
-0.112332
-0.109956
-0.112424
-0.112617
-0.113409
-0.113131
-0.113713
-0.112034
-0.111853
-0.111236
-0.110114
-0.112455
-0.107387
-0.113850
-0.110884
-0.112493
-0.112978
-0.110090
-0.112129
-0.112898
-0.111165
-0.111707
-0.109317
-0.112646
-0.108094
-0.113848
-0.108077
-0.114057
-0.112826
0.188369
0.378447
-0.071165
-0.052689
-0.091183
-0.108650
-0.074312
-0.090459
-0.085892
-0.102565
-0.091843
-0.103035
-0.103355
-0.105124
-0.092003
-0.112995
-0.105958
-0.097765
-0.108146
-0.090698
-0.101731
-0.091638
-0.111429
-0.103057
-0.109618
-0.113292
-0.111304
-0.108365
-0.108829
-0.107026
-0.109834
-0.109827
-0.106902
-0.113581
-0.109926
-0.109103
-0.108845
-0.111723
-0.112085
-0.112867
-0.111507
-0.108758
-0.108211
-0.109299
-0.111027
-0.113084
-0.112879
-0.114402
-0.114892
-0.112196
-0.113867
-0.113935
-0.114453
-0.113545
-0.114733
-0.113857
-0.113646
-0.112938
-0.114964
-0.114764
-0.114096
-0.113326
-0.113025
-0.114710
-0.113005
-0.114108
-0.114450
-0.114246
-0.115003
-0.114952
-0.114786
-0.114213
-0.114531
-0.114567
-0.114846
-0.114602
-0.114434
-0.113863
-0.114875
-0.114116
-0.114692
-0.113751
-0.113723
-0.114574
-0.113970
-0.114404
-0.114776
-0.114498
-0.114345
-0.114809
-0.115055
-0.114530
-0.113800
-0.114421
-0.114533
-0.114298
-0.113569
-0.114348
-0.114709
-0.113804
-1.714531
0.193728
-1.108599
-2.112428
-0.115354
-0.115360
0.718309
0.292539
1.384567
0.023286
-0.115357
-0.115362
3.020008
0.049936
3.305462
2.624483
-0.115359
-0.115357
0.214260
0.551522
1.226451
-1.287765
-0.115359
-0.115359
-0.023486
0.374826
0.919024
-0.796708
-0.115355
-0.115359
-0.034475
0.521621
1.070794
-1.137802
-0.115357
-0.115360
9.021792
0.499945
10.124683
8.218224
-0.115355
-0.115361
1.480988
0.066680
-0.007236
-0.076045
-0.094379
-0.092458
-0.102039
-0.104915
-0.111211
-0.114541
-0.107802
-0.110605
-0.113598
-0.108176
-0.109856
-0.108461
-0.103792
-0.111939
-0.111149
-0.109378
-0.111752
-0.112057
-0.112130
-0.113578
-0.113417
-0.113054
-0.111248
-0.112205
-0.110086
-0.112995
-0.111678
-0.109079
-0.110975
-0.114894
-0.111599
-0.111403
-0.114433
-0.112755
-0.114298
-0.113932
-0.114126
-0.114122
-0.113823
-0.113950
-0.114071
-0.114301
-0.114444
-0.113231
-0.113222
-0.114256
-0.114135
-0.114080
-0.113907
-0.113886
-0.114314
-0.114212
-0.114128
-0.114323
-0.113715
-0.114527
-0.113534
-0.113682
-0.114497
-0.113863
-0.113337
-0.113881
-0.115083
-0.114021
-0.114137
-0.114243
-0.114246
-0.114590
-0.114560
-0.114189
-0.114219
-0.114446
-0.114395
-0.114319
-0.114539
-0.114049
-0.114545
-0.114502
-0.114440
-0.114632
-0.114493
-0.114414
-0.114564
-0.114534
-0.114490
-0.114271
-0.114219
-0.114440
-0.114596
-0.114112
-0.114162
-0.114476
-0.114452
-0.114219
-0.114358
-0.114663
0.719631
0.142742
-0.010805
-0.083468
-0.081430
-0.090607
-0.095409
-0.102883
-0.101160
-0.102946
-0.100072
-0.108533
-0.104549
-0.104084
-0.106950
-0.102549
-0.114911
-0.102868
-0.102105
-0.109292
-0.110497
-0.109569
-0.112117
-0.109620
-0.109493
-0.111332
-0.110041
-0.112528
-0.113125
-0.114735
-0.109696
-0.108504
-0.111171
-0.109573
-0.111906
-0.112012
-0.111381
-0.110966
-0.111932
-0.111731
-0.112062
-0.113062
-0.111723
-0.112763
-0.112389
-0.111528
-0.112955
-0.114249
-0.113788
-0.112720
-0.111498
-0.112364
-0.112971
-0.112494
-0.113374
-0.112991
-0.112983
-0.112994
-0.112920
-0.113057
-0.113411
-0.113386
-0.113109
-0.113808
-0.112894
-0.112959
-0.113770
-0.113437
-0.113351
-0.113161
-0.113474
-0.113337
-0.113174
-0.113355
-0.113236
-0.113159
-0.113451
-0.113399
-0.113434
-0.113957
-0.113501
-0.113561
-0.113403
-0.113500
-0.113480
-0.113501
-0.113496
-0.113363
-0.113507
-0.113655
-0.113706
-0.113591
-0.113455
-0.113182
-0.113382
-0.113875
-0.113554
-0.113741
-0.113801
-0.113611
3.021345
-0.041968
-0.045986
-0.071801
-0.083705
-0.104114
-0.104225
-0.110689
-0.111714
-0.114396
-0.107839
-0.111601
-0.110362
-0.109498
-0.111637
-0.108295
-0.112993
-0.110054
-0.110011
-0.111774
-0.113934
-0.112752
-0.112980
-0.114300
-0.114095
-0.113742
-0.113083
-0.114205
-0.110903
-0.111379
-0.113239
-0.112703
-0.113456
-0.114745
-0.112288
-0.112731
-0.114121
-0.114301
-0.114200
-0.114620
-0.114532
-0.114842
-0.114053
-0.115288
-0.114187
-0.114120
-0.114756
-0.114685
-0.114846
-0.114639
-0.114025
-0.114372
-0.114949
-0.114481
-0.115185
-0.114869
-0.114883
-0.114700
-0.114661
-0.114960
-0.114436
-0.114053
-0.115080
-0.114615
-0.114473
-0.114489
-0.114990
-0.114341
-0.114928
-0.114916
-0.114897
-0.115009
-0.114993
-0.114795
-0.114750
-0.114942
-0.114786
-0.114836
-0.114965
-0.115202
-0.114887
-0.114979
-0.114754
-0.114963
-0.114830
-0.114920
-0.114950
-0.114914
-0.114927
-0.115012
-0.115116
-0.114808
-0.115226
-0.114603
-0.114894
-0.114885
-0.115026
-0.114694
-0.115079
-0.114817
0.207523
0.320058
0.037610
-0.041416
-0.040283
-0.084616
-0.106028
-0.107324
-0.109598
-0.110247
-0.111360
-0.112293
-0.112927
-0.113305
-0.113089
-0.113350
-0.113374
-0.113568
-0.114138
-0.114171
-0.114191
-0.113855
-0.113819
-0.114089
-0.114171
-0.114799
-0.114193
-0.113190
-0.108765
-0.110460
-0.107151
-0.104381
-0.109979
-0.109121
-0.110625
-0.111656
-0.110331
-0.111528
-0.113428
-0.113875
-0.113861
-0.113880
-0.113953
-0.114079
-0.114260
-0.114497
-0.114438
-0.114467
-0.114397
-0.114337
-0.114402
-0.114484
-0.114581
-0.114616
-0.114528
-0.114410
-0.114263
-0.114349
-0.114596
-0.114077
-0.114784
-0.114379
-0.113827
-0.113325
-0.113362
-0.114495
-0.114635
-0.114543
-0.114320
-0.114120
-0.114490
-0.114688
-0.114417
-0.114758
-0.114872
-0.114407
-0.114625
-0.114664
-0.114739
-0.114774
-0.114870
-0.114828
-0.114756
-0.114717
-0.114731
-0.114811
-0.114877
-0.114850
-0.114694
-0.114565
-0.114715
-0.114403
-0.114807
-0.114414
-0.115118
-0.114709
-0.114205
-0.115009
-0.115032
-0.114834
-0.023220
0.177039
0.043116
-0.057861
-0.063605
-0.091830
-0.094368
-0.097057
-0.100982
-0.103359
-0.104720
-0.105932
-0.106769
-0.107145
-0.107663
-0.107996
-0.108580
-0.109149
-0.109731
-0.110102
-0.110315
-0.110408
-0.110507
-0.110659
-0.110883
-0.111178
-0.112054
-0.111619
-0.107227
-0.109518
-0.111709
-0.108756
-0.113052
-0.110381
-0.107061
-0.108586
-0.111949
-0.112544
-0.112072
-0.111977
-0.112003
-0.112051
-0.112249
-0.112388
-0.112567
-0.112702
-0.112749
-0.112712
-0.112663
-0.112683
-0.112760
-0.112911
-0.113044
-0.113121
-0.113131
-0.113042
-0.112938
-0.112961
-0.113196
-0.113125
-0.112700
-0.112529
-0.113493
-0.114283
-0.113268
-0.113642
-0.112897
-0.112535
-0.113349
-0.113490
-0.113356
-0.113369
-0.113496
-0.113427
-0.113428
-0.113419
-0.113241
-0.113262
-0.113537
-0.113623
-0.113580
-0.113522
-0.113461
-0.113449
-0.113485
-0.113562
-0.113643
-0.113669
-0.113613
-0.113545
-0.113462
-0.113208
-0.113444
-0.113570
-0.113534
-0.114114
-0.113587
-0.113501
-0.113664
-0.113688
-0.039835
0.274430
0.106665
-0.090377
-0.081637
-0.101692
-0.101323
-0.104386
-0.105748
-0.106331
-0.106664
-0.106989
-0.107756
-0.108616
-0.109601
-0.110064
-0.110245
-0.109880
-0.109769
-0.110009
-0.110496
-0.111121
-0.111698
-0.111882
-0.111265
-0.110718
-0.110170
-0.109455
-0.113634
-0.112185
-0.106775
-0.104027
-0.110323
-0.110006
-0.106867
-0.113549
-0.112807
-0.113559
-0.113278
-0.113484
-0.113926
-0.114221
-0.114123
-0.113900
-0.113630
-0.113426
-0.113497
-0.113766
-0.114016
-0.114123
-0.113982
-0.113773
-0.113598
-0.113579
-0.113715
-0.114017
-0.114236
-0.114204
-0.113917
-0.112995
-0.113718
-0.114906
-0.113660
-0.111987
-0.113053
-0.113085
-0.113150
-0.114066
-0.114292
-0.114051
-0.114043
-0.114230
-0.114038
-0.113985
-0.114246
-0.114414
-0.114784
-0.114429
-0.114001
-0.113960
-0.113995
-0.114155
-0.114351
-0.114440
-0.114353
-0.114179
-0.114035
-0.113994
-0.114109
-0.114338
-0.114614
-0.114572
-0.114301
-0.114251
-0.114317
-0.113525
-0.114165
-0.114059
-0.113723
-0.113831
