-2.663121
2.018040
5.584241
-9.328359
-0.113897
-0.113890
0.216741
0.482714
2.224553
-1.582883
-0.113899
-0.113895
2.643633
1.065148
4.905923
-0.925516
-0.113901
-0.113899
0.111148
0.871033
1.374365
-2.616398
-0.113901
-0.113902
0.569837
2.220429
3.711715
-7.028051
-0.113901
-0.113899
0.123520
0.590404
1.259361
-1.286299
-0.113899
-0.113903
12.691515
-0.112815
12.693723
12.689211
-0.113900
-0.113901
9.204974
2.244534
13.660708
5.130148
-0.113900
-0.113903
2.437448
0.199932
0.039488
0.010266
0.167646
0.169356
0.212739
0.027517
0.032527
-0.022216
0.380033
0.381418
0.379234
0.135208
0.131118
0.176269
0.118137
-0.045325
0.064297
0.152659
0.130865
0.180833
0.186292
0.155057
0.136946
-0.045475
0.156602
0.103223
0.088786
0.057112
0.096767
0.012523
-0.082292
-0.018135
-0.025509
-0.009315
-0.049106
-0.046267
-0.018319
-0.059466
-0.086239
-0.095270
-0.085898
-0.082274
-0.075919
-0.093274
-0.100569
-0.110719
-0.109416
-0.106599
-0.104812
-0.104372
-0.108028
-0.104405
-0.103525
-0.104338
-0.107203
-0.111805
-0.108204
-0.094614
-0.077849
-0.079475
-0.090058
-0.103522
-0.100031
-0.094332
-0.093820
-0.108767
-0.098000
-0.093820
-0.078273
-0.083526
-0.092602
-0.073573
-0.080929
-0.099619
-0.067939
-0.078469
-0.094157
-0.086693
-0.072145
-0.104490
-0.103874
-0.089546
-0.095374
-0.094932
-0.105349
-0.102300
-0.099580
-0.104005
-0.109245
-0.112835
-0.106564
-0.103906
-0.104485
-0.109061
-0.109981
-0.112553
-0.112507
-0.112770
0.216327
-0.087537
-0.015316
-0.056874
-0.009164
-0.006084
-0.005617
-0.024769
-0.056185
-0.068479
0.015686
0.060016
-0.026955
-0.009589
-0.073981
-0.052605
-0.047458
-0.066112
-0.045169
-0.093799
-0.043917
-0.044283
-0.024157
-0.100077
-0.084478
-0.097320
-0.072327
-0.083554
-0.053962
-0.088803
-0.096657
-0.084204
-0.090738
-0.091783
-0.088113
-0.097542
-0.103916
-0.081470
-0.098283
-0.089123
-0.107575
-0.104842
-0.102399
-0.101753
-0.103567
-0.106120
-0.110536
-0.113034
-0.113058
-0.112259
-0.111114
-0.113397
-0.111931
-0.111716
-0.110801
-0.111233
-0.111658
-0.111497
-0.112354
-0.109023
-0.103411
-0.104476
-0.108306
-0.107316
-0.112234
-0.110466
-0.104176
-0.109739
-0.109460
-0.108184
-0.103315
-0.107027
-0.108135
-0.109775
-0.111075
-0.111505
-0.106871
-0.107610
-0.108421
-0.112452
-0.110018
-0.111614
-0.111094
-0.107589
-0.106261
-0.112863
-0.112340
-0.106700
-0.111350
-0.110344
-0.113177
-0.112408
-0.112067
-0.110355
-0.111568
-0.112132
-0.113300
-0.113401
-0.113424
-0.113285
2.642323
0.509532
-0.003571
0.075863
0.055814
-0.013519
-0.010584
-0.081606
-0.098116
-0.066644
-0.088141
0.038487
0.020472
-0.050420
-0.092299
-0.060352
-0.089970
-0.083647
-0.001634
0.001479
-0.016322
-0.057363
0.000239
0.039022
0.009685
-0.101265
0.017672
0.016606
-0.029955
-0.077870
-0.033720
-0.056709
-0.081257
-0.097631
-0.087384
-0.100200
-0.108500
-0.097738
-0.094575
-0.101551
-0.100950
-0.109205
-0.109087
-0.104865
-0.105141
-0.108243
-0.113073
-0.111688
-0.106187
-0.112001
-0.107368
-0.105257
-0.106350
-0.101844
-0.103154
-0.107981
-0.108734
-0.113291
-0.111377
-0.110877
-0.104755
-0.099761
-0.102831
-0.111068
-0.111488
-0.107909
-0.112901
-0.109018
-0.102900
-0.104268
-0.100027
-0.109820
-0.107192
-0.093499
-0.098973
-0.110679
-0.092794
-0.094550
-0.105053
-0.107412
-0.096770
-0.108971
-0.111374
-0.108539
-0.109660
-0.109399
-0.110395
-0.110667
-0.110878
-0.110495
-0.110999
-0.111753
-0.109347
-0.109067
-0.111131
-0.111894
-0.112210
-0.112282
-0.112171
-0.111384
0.107189
0.507149
-0.090588
-0.060522
0.000810
-0.027391
0.001348
-0.019716
-0.034190
-0.098995
-0.047805
-0.045748
-0.014443
-0.059109
-0.074093
-0.064583
-0.068991
-0.023600
-0.062904
-0.081716
-0.087420
-0.092869
-0.105415
-0.104934
-0.109091
-0.087354
-0.111047
-0.100620
-0.106342
-0.100024
-0.096051
-0.096889
-0.092655
-0.086092
-0.105603
-0.104358
-0.102562
-0.097647
-0.101788
-0.107397
-0.110013
-0.106676
-0.105356
-0.109133
-0.108039
-0.109484
-0.107963
-0.111397
-0.111514
-0.107200
-0.112549
-0.111914
-0.111199
-0.111812
-0.112282
-0.110021
-0.106727
-0.109196
-0.111167
-0.108621
-0.106438
-0.107723
-0.108657
-0.111186
-0.108061
-0.107671
-0.108921
-0.107569
-0.110971
-0.112524
-0.113666
-0.113701
-0.111159
-0.112484
-0.111718
-0.110734
-0.111295
-0.109964
-0.111157
-0.111238
-0.110811
-0.110465
-0.111500
-0.111298
-0.112811
-0.113601
-0.113432
-0.113392
-0.112367
-0.110871
-0.110941
-0.111865
-0.112860
-0.110987
-0.110127
-0.111172
-0.111082
-0.111431
-0.111721
-0.111560
0.559622
1.336856
-0.010890
0.044342
0.243182
0.140193
0.155948
0.086876
-0.007826
-0.054382
0.046636
0.117964
0.106375
0.000682
0.009704
0.017907
-0.031878
-0.027970
-0.032969
-0.046391
-0.021828
-0.025700
-0.031227
-0.068865
-0.077553
-0.104630
-0.060074
-0.043289
-0.050388
-0.044939
-0.063853
-0.081018
-0.087281
-0.066089
-0.069507
-0.076867
-0.087395
-0.084607
-0.082594
-0.094176
-0.110113
-0.105435
-0.100981
-0.100119
-0.095951
-0.097223
-0.095453
-0.106893
-0.107925
-0.097509
-0.110744
-0.110206
-0.106731
-0.109255
-0.107930
-0.103827
-0.099758
-0.104878
-0.107636
-0.097823
-0.094829
-0.096584
-0.102528
-0.109652
-0.103536
-0.106871
-0.111723
-0.109474
-0.107555
-0.113462
-0.107320
-0.106684
-0.104906
-0.109580
-0.106059
-0.104436
-0.099058
-0.098028
-0.101984
-0.101146
-0.105191
-0.105801
-0.105540
-0.103391
-0.105086
-0.110204
-0.112096
-0.107446
-0.111943
-0.110963
-0.109043
-0.108976
-0.109771
-0.107596
-0.104613
-0.105925
-0.106419
-0.108713
-0.108635
-0.107866
0.120336
0.356656
-0.088505
-0.106033
-0.087782
-0.078530
-0.086800
-0.055901
-0.091308
-0.096966
-0.090819
-0.053853
-0.043082
-0.069077
-0.075861
-0.102537
-0.084207
-0.091530
-0.108109
-0.093828
-0.096400
-0.098537
-0.099447
-0.099751
-0.087990
-0.085632
-0.101466
-0.096819
-0.108530
-0.100686
-0.102552
-0.107688
-0.111204
-0.106837
-0.103706
-0.105542
-0.102259
-0.101633
-0.105389
-0.108990
-0.106621
-0.109671
-0.111618
-0.109915
-0.111780
-0.113074
-0.110732
-0.112563
-0.112285
-0.109460
-0.113032
-0.112127
-0.111122
-0.111070
-0.111898
-0.111552
-0.111050
-0.111022
-0.112314
-0.111218
-0.110069
-0.108060
-0.108910
-0.112055
-0.111944
-0.112995
-0.110937
-0.112457
-0.112664
-0.112906
-0.112718
-0.113187
-0.110667
-0.111127
-0.111584
-0.112463
-0.110825
-0.110404
-0.112040
-0.112339
-0.113438
-0.111283
-0.111587
-0.112146
-0.112424
-0.111607
-0.112921
-0.113222
-0.113029
-0.112623
-0.112739
-0.112773
-0.112126
-0.112434
-0.111748
-0.112319
-0.112174
-0.112493
-0.112323
-0.112155
-2.167884
0.455628
-0.416547
-3.174399
-0.113895
-0.113893
-0.308072
0.029662
-0.010104
-0.659417
-0.113901
-0.113900
2.588329
0.219698
3.099852
1.818109
-0.113901
-0.113899
-0.160494
0.286040
0.749880
-0.789473
-0.113897
-0.113900
-0.104567
0.333173
0.777651
-0.633327
-0.113897
-0.113903
-0.050352
0.642150
1.055106
-1.593185
-0.113901
-0.113902
7.785953
0.603475
8.497839
6.118297
-0.113903
-0.113899
1.943429
0.023011
0.131575
0.076350
0.016864
-0.006556
-0.102853
-0.095306
-0.090441
-0.074407
-0.046715
-0.061759
-0.078423
-0.106441
-0.092900
-0.063122
-0.080043
-0.103180
-0.103757
-0.106781
-0.099944
-0.096253
-0.097352
-0.090915
-0.107696
-0.108799
-0.109136
-0.100978
-0.101742
-0.102673
-0.097520
-0.112347
-0.107532
-0.110885
-0.108648
-0.105921
-0.108121
-0.103182
-0.110622
-0.110372
-0.106646
-0.104271
-0.112645
-0.108128
-0.112197
-0.108204
-0.110591
-0.111082
-0.106904
-0.112824
-0.110061
-0.111501
-0.109105
-0.110561
-0.112168
-0.107977
-0.112128
-0.110103
-0.112274
-0.110157
-0.110934
-0.112826
-0.109896
-0.110115
-0.111640
-0.111157
-0.109402
-0.113073
-0.110335
-0.112606
-0.110278
-0.112256
-0.111801
-0.110512
-0.112483
-0.111384
-0.111857
-0.110640
-0.111576
-0.112186
-0.110473
-0.111966
-0.111435
-0.112012
-0.111255
-0.111373
-0.112641
-0.111465
-0.110529
-0.113018
-0.110950
-0.111423
-0.112426
-0.111840
-0.112245
-0.111142
-0.112085
-0.111754
-0.111042
-0.111860
0.079968
-0.094392
-0.071440
-0.043750
-0.100187
-0.086514
-0.101685
-0.106331
-0.103975
-0.099504
-0.100256
-0.097361
-0.097264
-0.100225
-0.098076
-0.102977
-0.101546
-0.107119
-0.112782
-0.111088
-0.109833
-0.110724
-0.108844
-0.106766
-0.112326
-0.111731
-0.113370
-0.111027
-0.111195
-0.111213
-0.112441
-0.110761
-0.113371
-0.112167
-0.112147
-0.112401
-0.112631
-0.111618
-0.111965
-0.111523
-0.111520
-0.111745
-0.111540
-0.112978
-0.112885
-0.113373
-0.113038
-0.113582
-0.111978
-0.112850
-0.113404
-0.113366
-0.113201
-0.113047
-0.113116
-0.113815
-0.113094
-0.113197
-0.113442
-0.113017
-0.113698
-0.113823
-0.113625
-0.113431
-0.113493
-0.113163
-0.113273
-0.112951
-0.113188
-0.113624
-0.113399
-0.113734
-0.113777
-0.113542
-0.113185
-0.113733
-0.113522
-0.113673
-0.113317
-0.113708
-0.113768
-0.113759
-0.113519
-0.113716
-0.113540
-0.113428
-0.113755
-0.113679
-0.113772
-0.113819
-0.113766
-0.113712
-0.113713
-0.113472
-0.113708
-0.113649
-0.113548
-0.113734
-0.113754
-0.113678
2.584559
-0.083556
0.002947
0.041780
-0.012366
-0.068458
-0.091675
-0.090594
-0.089323
-0.082833
-0.100775
-0.104632
-0.107184
-0.105046
-0.103724
-0.098153
-0.098448
-0.105998
-0.108427
-0.108850
-0.106274
-0.101615
-0.101437
-0.102062
-0.105753
-0.109280
-0.108120
-0.110857
-0.102552
-0.097958
-0.107182
-0.108686
-0.108644
-0.108301
-0.108104
-0.109479
-0.109904
-0.110091
-0.109039
-0.109708
-0.108439
-0.109857
-0.110083
-0.110833
-0.110066
-0.110237
-0.109172
-0.112292
-0.110561
-0.108272
-0.110786
-0.109687
-0.110982
-0.110008
-0.107676
-0.110299
-0.110784
-0.110622
-0.110400
-0.110406
-0.110609
-0.111098
-0.110985
-0.110750
-0.110958
-0.110601
-0.110900
-0.110947
-0.111329
-0.110991
-0.111260
-0.110764
-0.112236
-0.111260
-0.110187
-0.111208
-0.110609
-0.111253
-0.110807
-0.110015
-0.110884
-0.111392
-0.111151
-0.111252
-0.111178
-0.111371
-0.111581
-0.111289
-0.111223
-0.111311
-0.111299
-0.111275
-0.111538
-0.111539
-0.111610
-0.111418
-0.110889
-0.111550
-0.111119
-0.110701
-0.066051
0.098583
0.019162
0.006766
-0.077724
-0.095108
-0.107934
-0.110394
-0.109590
-0.109861
-0.111907
-0.111067
-0.111525
-0.112004
-0.111832
-0.112384
-0.112316
-0.111448
-0.112552
-0.112963
-0.110570
-0.109385
-0.105656
-0.100816
-0.106965
-0.111857
-0.112015
-0.105365
-0.106575
-0.109732
-0.110703
-0.113027
-0.112872
-0.112863
-0.112848
-0.113068
-0.112921
-0.113033
-0.113072
-0.113001
-0.113107
-0.113008
-0.112982
-0.113150
-0.113153
-0.112790
-0.113368
-0.112115
-0.110640
-0.112622
-0.113276
-0.113055
-0.111869
-0.112464
-0.112505
-0.112691
-0.113479
-0.113439
-0.113432
-0.113394
-0.113516
-0.113380
-0.113460
-0.113412
-0.113429
-0.113433
-0.113441
-0.113398
-0.113475
-0.113463
-0.113303
-0.113562
-0.113245
-0.112688
-0.113003
-0.113823
-0.113288
-0.113148
-0.113066
-0.113469
-0.112954
-0.113427
-0.113478
-0.113423
-0.113446
-0.113492
-0.113414
-0.113466
-0.113442
-0.113453
-0.113452
-0.113473
-0.113405
-0.113491
-0.113467
-0.113175
-0.113429
-0.113401
-0.113070
-0.113329
-0.101675
0.118553
0.070598
-0.088147
-0.047033
-0.070147
-0.089698
-0.089946
-0.092146
-0.096329
-0.096581
-0.098620
-0.099774
-0.101182
-0.101690
-0.102759
-0.103781
-0.103874
-0.104638
-0.105850
-0.104234
-0.103983
-0.111369
-0.102139
-0.103056
-0.110104
-0.103622
-0.105407
-0.111485
-0.105737
-0.106191
-0.108743
-0.108132
-0.108318
-0.108651
-0.108630
-0.108833
-0.108971
-0.109150
-0.109176
-0.109363
-0.109480
-0.109543
-0.109637
-0.109883
-0.109664
-0.109770
-0.111494
-0.109317
-0.108350
-0.110826
-0.109478
-0.110278
-0.111601
-0.109190
-0.109594
-0.110531
-0.110236
-0.110367
-0.110418
-0.110486
-0.110487
-0.110592
-0.110595
-0.110649
-0.110673
-0.110748
-0.110730
-0.110778
-0.110877
-0.110736
-0.110769
-0.111384
-0.110293
-0.110362
-0.111557
-0.110725
-0.110789
-0.111273
-0.110522
-0.110730
-0.111188
-0.110998
-0.111044
-0.111065
-0.111091
-0.111069
-0.111125
-0.111107
-0.111131
-0.111121
-0.111165
-0.111118
-0.111146
-0.111252
-0.110991
-0.111035
-0.111481
-0.110826
-0.110904
-0.052517
0.324495
0.145220
0.025237
-0.054291
-0.081732
-0.106080
-0.107461
-0.107178
-0.109002
-0.109779
-0.109644
-0.109966
-0.110658
-0.110317
-0.111027
-0.110982
-0.110408
-0.111205
-0.111283
-0.108574
-0.106447
-0.102330
-0.094797
-0.100527
-0.108363
-0.108878
-0.101149
-0.102380
-0.108626
-0.109280
-0.112469
-0.112653
-0.112793
-0.112654
-0.112918
-0.112737
-0.112861
-0.112886
-0.112820
-0.112910
-0.112885
-0.112841
-0.112913
-0.112975
-0.112580
-0.112756
-0.111654
-0.109879
-0.110490
-0.112068
-0.112149
-0.110730
-0.111532
-0.111798
-0.112160
-0.113249
-0.113280
-0.113318
-0.113225
-0.113354
-0.113209
-0.113314
-0.113244
-0.113279
-0.113254
-0.113295
-0.113217
-0.113289
-0.113325
-0.113070
-0.113251
-0.113325
-0.111957
-0.112164
-0.113412
-0.112613
-0.112864
-0.113015
-0.112767
-0.112713
-0.113381
-0.113415
-0.113368
-0.113356
-0.113404
-0.113319
-0.113381
-0.113338
-0.113358
-0.113341
-0.113377
-0.113301
-0.113406
-0.113410
-0.112924
-0.113174
-0.113544
-0.112771
-0.112848
