-2.563022
0.867935
-0.560619
-4.479213
-0.112126
-0.112130
0.088259
0.208031
1.119475
-0.511684
-0.112125
-0.112126
2.711019
1.043688
4.595130
0.461770
-0.112128
-0.112131
-0.179366
1.162268
2.082127
-2.119778
-0.112126
-0.112131
-0.207025
2.664319
4.250970
-4.554020
-0.112126
-0.112132
-0.183996
0.669532
1.267065
-1.249510
-0.112125
-0.112132
13.824299
-0.110859
13.826770
13.822615
-0.112125
-0.112131
9.008664
2.505088
12.563080
4.985566
-0.112127
-0.112132
2.340980
0.312981
0.011337
-0.088330
-0.087416
-0.053091
0.029509
-0.008100
-0.028270
-0.080800
-0.057340
-0.077358
-0.046651
0.013588
0.034989
0.007034
-0.049703
0.015145
-0.005246
0.003115
-0.014781
0.072346
-0.027917
-0.036842
-0.067060
-0.042043
-0.022459
0.000213
-0.021905
-0.086836
-0.068239
-0.076392
-0.062702
-0.044811
-0.048813
-0.065975
-0.093843
-0.042492
-0.068897
-0.088743
-0.072058
-0.055705
-0.096487
-0.086852
-0.045417
-0.087566
-0.101852
-0.098394
-0.084154
-0.097037
-0.099819
-0.096561
-0.103867
-0.109022
-0.100972
-0.101665
-0.104421
-0.110134
-0.110449
-0.108225
-0.104954
-0.106029
-0.109269
-0.107651
-0.107259
-0.107660
-0.107900
-0.108187
-0.108773
-0.102746
-0.103043
-0.106236
-0.104452
-0.108471
-0.107176
-0.099819
-0.104472
-0.105136
-0.109062
-0.101108
-0.105950
-0.097147
-0.103284
-0.101799
-0.096052
-0.106168
-0.106472
-0.105457
-0.094494
-0.106329
-0.105768
-0.103448
-0.100344
-0.103606
-0.095599
-0.098851
-0.105194
-0.108799
-0.107894
-0.105381
0.090753
-0.011291
-0.038000
-0.048148
-0.094898
-0.091314
-0.075877
-0.070554
-0.085294
-0.050333
-0.083922
-0.095847
-0.095787
-0.075939
-0.063073
-0.080824
-0.098804
-0.096546
-0.072832
-0.080944
-0.063768
-0.095402
-0.089289
-0.094273
-0.080356
-0.072855
-0.092755
-0.088364
-0.083455
-0.080195
-0.080739
-0.089000
-0.104337
-0.082846
-0.098210
-0.082125
-0.107626
-0.095591
-0.090445
-0.099608
-0.109882
-0.102525
-0.102782
-0.102441
-0.099015
-0.110972
-0.103958
-0.109792
-0.105027
-0.103339
-0.110847
-0.109438
-0.110110
-0.108777
-0.109514
-0.107309
-0.106085
-0.109898
-0.109983
-0.110406
-0.110679
-0.109633
-0.110036
-0.110040
-0.110048
-0.110629
-0.109625
-0.110538
-0.109584
-0.108264
-0.108011
-0.107872
-0.109898
-0.110903
-0.109778
-0.109493
-0.110097
-0.109421
-0.111303
-0.108886
-0.108666
-0.105247
-0.110625
-0.108947
-0.108907
-0.111335
-0.108910
-0.108863
-0.109074
-0.109331
-0.106427
-0.111412
-0.106194
-0.108906
-0.110657
-0.107628
-0.108202
-0.110739
-0.109216
-0.108720
2.708050
0.643730
0.020288
-0.007359
-0.030976
-0.096906
-0.058917
-0.090193
-0.073679
-0.063814
-0.088431
-0.055976
-0.061149
-0.083249
-0.082019
-0.040943
-0.083659
-0.060435
-0.073178
-0.068505
-0.085830
-0.050517
-0.042233
-0.065557
-0.064230
-0.100199
-0.105045
-0.038460
-0.088617
-0.080246
-0.094220
-0.089038
-0.084518
-0.081437
-0.083752
-0.072952
-0.097256
-0.099012
-0.076108
-0.107583
-0.082585
-0.094264
-0.108912
-0.096842
-0.085513
-0.105356
-0.111574
-0.100803
-0.099076
-0.107798
-0.107985
-0.096405
-0.108210
-0.108106
-0.107789
-0.110936
-0.110767
-0.110492
-0.111114
-0.107498
-0.105351
-0.108050
-0.109697
-0.108673
-0.107407
-0.107621
-0.108769
-0.108845
-0.109880
-0.109076
-0.110961
-0.109331
-0.107128
-0.109203
-0.107110
-0.108393
-0.107608
-0.107814
-0.108552
-0.105785
-0.109224
-0.106198
-0.107540
-0.104300
-0.106679
-0.105558
-0.111874
-0.108159
-0.106474
-0.105154
-0.109761
-0.106324
-0.107216
-0.110995
-0.109313
-0.101127
-0.108769
-0.109043
-0.110045
-0.108213
-0.045420
0.761304
0.041001
-0.048569
-0.069525
-0.092922
-0.080238
-0.052542
-0.076840
-0.098405
-0.070919
-0.100834
-0.085528
-0.082957
-0.103757
-0.104372
-0.103222
-0.086510
-0.092295
-0.105880
-0.091260
-0.094701
-0.096958
-0.098169
-0.104022
-0.093576
-0.087365
-0.096225
-0.100311
-0.099856
-0.105665
-0.101006
-0.106764
-0.098884
-0.106522
-0.103354
-0.106837
-0.102131
-0.100394
-0.104410
-0.106809
-0.106927
-0.104666
-0.105217
-0.107217
-0.107894
-0.102404
-0.105050
-0.105600
-0.108381
-0.105148
-0.107606
-0.107335
-0.106854
-0.107212
-0.107610
-0.105665
-0.105855
-0.106863
-0.105376
-0.107013
-0.103561
-0.108526
-0.107398
-0.104330
-0.106522
-0.106473
-0.107107
-0.106685
-0.107977
-0.107331
-0.107931
-0.108603
-0.107209
-0.109984
-0.106959
-0.108202
-0.107909
-0.108535
-0.107315
-0.106933
-0.108043
-0.109064
-0.107963
-0.107867
-0.106696
-0.108084
-0.108893
-0.107725
-0.108487
-0.107151
-0.109709
-0.107621
-0.107896
-0.106585
-0.107310
-0.107312
-0.108538
-0.108506
-0.106627
-0.016675
1.798274
0.163370
0.012763
0.015088
-0.024640
-0.086662
0.008393
-0.035508
-0.103996
-0.027299
-0.078037
-0.045663
-0.029582
-0.075669
-0.072172
-0.092115
-0.045612
-0.062751
-0.091610
-0.086146
-0.052046
-0.084848
-0.096684
-0.097259
-0.058808
-0.068796
-0.093438
-0.081129
-0.102350
-0.108173
-0.093500
-0.105982
-0.108113
-0.106191
-0.089044
-0.107624
-0.075560
-0.091793
-0.104055
-0.104230
-0.089467
-0.100120
-0.104593
-0.105045
-0.106452
-0.100260
-0.095833
-0.102728
-0.100491
-0.097473
-0.102664
-0.104276
-0.101769
-0.103575
-0.103373
-0.098561
-0.101516
-0.103137
-0.100782
-0.100079
-0.095228
-0.106741
-0.102568
-0.094281
-0.102008
-0.102170
-0.103124
-0.101890
-0.103031
-0.103714
-0.104150
-0.104031
-0.103804
-0.109949
-0.104040
-0.103370
-0.105066
-0.104177
-0.104047
-0.102994
-0.107389
-0.107106
-0.106751
-0.102391
-0.102733
-0.104166
-0.105096
-0.100686
-0.105165
-0.101079
-0.106070
-0.105216
-0.107472
-0.104073
-0.103995
-0.104543
-0.106335
-0.104491
-0.104333
-0.041729
0.400597
0.039459
-0.065093
-0.086796
-0.096678
-0.077851
-0.056941
-0.067225
-0.095097
-0.089408
-0.105491
-0.090170
-0.088679
-0.096305
-0.090117
-0.103785
-0.088964
-0.103047
-0.092547
-0.097876
-0.105694
-0.105193
-0.097223
-0.096666
-0.096835
-0.092658
-0.087408
-0.098731
-0.086170
-0.101007
-0.102433
-0.108528
-0.095045
-0.096981
-0.102905
-0.100908
-0.096263
-0.102854
-0.109899
-0.100277
-0.104708
-0.109575
-0.107800
-0.105652
-0.106561
-0.102709
-0.106325
-0.105398
-0.108156
-0.107916
-0.107352
-0.107028
-0.107997
-0.107643
-0.108505
-0.106225
-0.106383
-0.106543
-0.106856
-0.106744
-0.104717
-0.108760
-0.108038
-0.106105
-0.107326
-0.106335
-0.107428
-0.107097
-0.107516
-0.108386
-0.107624
-0.108814
-0.107949
-0.109049
-0.108097
-0.108638
-0.107805
-0.107973
-0.107276
-0.107287
-0.107318
-0.108573
-0.107719
-0.108929
-0.107755
-0.107324
-0.109074
-0.107039
-0.107197
-0.107221
-0.107628
-0.107844
-0.109559
-0.110561
-0.109470
-0.108498
-0.107151
-0.108426
-0.108389
-2.270679
0.067383
-1.888944
-2.621740
-0.112126
-0.112128
-0.025302
0.159847
0.434496
-0.403368
-0.112126
-0.112131
2.882402
0.112119
3.414123
2.574050
-0.112123
-0.112126
-0.090791
0.373879
0.832867
-0.780811
-0.112126
-0.112130
-0.078105
0.244879
0.731355
-0.696389
-0.112125
-0.112127
-0.065604
0.649249
1.269389
-1.457759
-0.112127
-0.112130
8.893243
0.194464
9.331730
8.322219
-0.112127
-0.112132
2.046558
-0.027231
-0.031944
-0.075679
-0.093706
-0.104115
-0.105950
-0.108828
-0.111318
-0.111860
-0.109959
-0.106017
-0.108502
-0.109463
-0.102781
-0.097885
-0.104723
-0.105924
-0.103775
-0.109280
-0.109881
-0.109591
-0.111078
-0.111531
-0.111445
-0.110843
-0.111253
-0.111703
-0.109831
-0.108336
-0.108558
-0.111331
-0.111420
-0.109252
-0.109473
-0.110489
-0.111145
-0.111272
-0.111350
-0.111810
-0.111775
-0.111770
-0.111810
-0.111180
-0.111055
-0.111093
-0.111897
-0.109601
-0.110652
-0.111994
-0.111078
-0.111463
-0.111687
-0.111626
-0.111821
-0.111945
-0.111796
-0.111740
-0.111931
-0.111925
-0.111608
-0.111080
-0.111540
-0.112001
-0.111591
-0.111352
-0.111749
-0.111682
-0.111820
-0.111967
-0.111994
-0.112019
-0.111977
-0.111953
-0.112082
-0.111808
-0.111553
-0.111703
-0.111666
-0.111449
-0.111655
-0.111784
-0.111963
-0.111942
-0.112082
-0.112031
-0.111895
-0.111926
-0.111894
-0.111823
-0.111760
-0.112035
-0.111737
-0.111633
-0.111929
-0.112091
-0.111711
-0.111941
-0.112016
-0.111917
-0.025911
0.073667
-0.073984
-0.099717
-0.105159
-0.109644
-0.102613
-0.106580
-0.107084
-0.106601
-0.108227
-0.109826
-0.104939
-0.102345
-0.105435
-0.106720
-0.105518
-0.111661
-0.106359
-0.106574
-0.108837
-0.109734
-0.110484
-0.110237
-0.110298
-0.109768
-0.109459
-0.110193
-0.109887
-0.108489
-0.111047
-0.109158
-0.111313
-0.108290
-0.109317
-0.111073
-0.110886
-0.110908
-0.111229
-0.111372
-0.111477
-0.111209
-0.111102
-0.111372
-0.110653
-0.110502
-0.111513
-0.110333
-0.111165
-0.110928
-0.110711
-0.111388
-0.111672
-0.111427
-0.111564
-0.111605
-0.111555
-0.111579
-0.111652
-0.111631
-0.111751
-0.111225
-0.111800
-0.111360
-0.111848
-0.111206
-0.111128
-0.111397
-0.111369
-0.111274
-0.111465
-0.111440
-0.111486
-0.111582
-0.111397
-0.111456
-0.111189
-0.111401
-0.111532
-0.111304
-0.111568
-0.111304
-0.111389
-0.111620
-0.111592
-0.111600
-0.111582
-0.111484
-0.111448
-0.111588
-0.111462
-0.111560
-0.111442
-0.111841
-0.111768
-0.111800
-0.111820
-0.111662
-0.111594
-0.111557
2.881726
-0.005173
-0.020170
-0.053733
-0.082078
-0.095216
-0.102228
-0.108516
-0.106904
-0.106580
-0.107090
-0.106952
-0.105550
-0.108797
-0.107638
-0.105733
-0.107854
-0.110613
-0.110114
-0.109278
-0.109561
-0.109117
-0.108917
-0.110251
-0.110122
-0.110119
-0.111747
-0.110046
-0.107494
-0.104737
-0.110886
-0.110492
-0.110985
-0.109565
-0.106371
-0.110862
-0.111287
-0.111422
-0.110555
-0.111058
-0.111114
-0.110754
-0.111299
-0.111407
-0.110987
-0.111482
-0.111422
-0.110290
-0.110958
-0.111331
-0.111336
-0.111116
-0.111490
-0.111291
-0.111231
-0.111370
-0.111352
-0.111256
-0.111188
-0.111532
-0.110918
-0.110691
-0.111756
-0.111465
-0.111691
-0.111235
-0.110222
-0.111130
-0.111463
-0.111546
-0.111453
-0.111206
-0.111349
-0.111335
-0.111355
-0.111427
-0.111486
-0.111211
-0.111506
-0.111361
-0.111470
-0.111438
-0.111378
-0.111382
-0.111376
-0.111444
-0.111476
-0.111511
-0.111527
-0.111597
-0.111168
-0.111144
-0.111357
-0.111957
-0.111607
-0.111620
-0.111796
-0.111368
-0.111374
-0.111357
-0.092563
0.206100
-0.034000
-0.017460
-0.092979
-0.098649
-0.098801
-0.103296
-0.104129
-0.105303
-0.105937
-0.106372
-0.106758
-0.107184
-0.107744
-0.108019
-0.108169
-0.108573
-0.108590
-0.108747
-0.108913
-0.109121
-0.109217
-0.109371
-0.109269
-0.109658
-0.108681
-0.110640
-0.107084
-0.105430
-0.108570
-0.104255
-0.107233
-0.107390
-0.109486
-0.106977
-0.111227
-0.109882
-0.110353
-0.110450
-0.110484
-0.110519
-0.110575
-0.110520
-0.110653
-0.110695
-0.110632
-0.110766
-0.110705
-0.110754
-0.110793
-0.110751
-0.110836
-0.110863
-0.110816
-0.110902
-0.110866
-0.110776
-0.111062
-0.110741
-0.110360
-0.110766
-0.110781
-0.110330
-0.109754
-0.112084
-0.110852
-0.110772
-0.110953
-0.111015
-0.110943
-0.111038
-0.111399
-0.111000
-0.110892
-0.110885
-0.111404
-0.111173
-0.111039
-0.111137
-0.111129
-0.111099
-0.111147
-0.111131
-0.111129
-0.111171
-0.111133
-0.111142
-0.111190
-0.111055
-0.111310
-0.111036
-0.111494
-0.110778
-0.110906
-0.111250
-0.111031
-0.111351
-0.110884
-0.111347
-0.074408
0.076856
0.048247
-0.094039
-0.074163
-0.090671
-0.101582
-0.100897
-0.102119
-0.103365
-0.104248
-0.105098
-0.105664
-0.106156
-0.106764
-0.106986
-0.107219
-0.107602
-0.107771
-0.107913
-0.108230
-0.108207
-0.108542
-0.108671
-0.108358
-0.107992
-0.109738
-0.108576
-0.109075
-0.106352
-0.105911
-0.109616
-0.110531
-0.107367
-0.106267
-0.109940
-0.109100
-0.109324
-0.109440
-0.110129
-0.109922
-0.110153
-0.110182
-0.110183
-0.110313
-0.110246
-0.110316
-0.110416
-0.110361
-0.110422
-0.110506
-0.110409
-0.110507
-0.110541
-0.110466
-0.110629
-0.110552
-0.110378
-0.110386
-0.110424
-0.110699
-0.109499
-0.111474
-0.111333
-0.111024
-0.110045
-0.110814
-0.110450
-0.110910
-0.110908
-0.110653
-0.110838
-0.110653
-0.110988
-0.111056
-0.111138
-0.110766
-0.110918
-0.110845
-0.110938
-0.110906
-0.110858
-0.110953
-0.110925
-0.110903
-0.110978
-0.110914
-0.110918
-0.111004
-0.111003
-0.110804
-0.111011
-0.110771
-0.110872
-0.111286
-0.111173
-0.110707
-0.110639
-0.111052
-0.110839
-0.072312
0.385025
0.078451
-0.038040
-0.082341
-0.085055
-0.097999
-0.094960
-0.098897
-0.100500
-0.101334
-0.102740
-0.103608
-0.104118
-0.104759
-0.105075
-0.105535
-0.106035
-0.106178
-0.106424
-0.106884
-0.106837
-0.107144
-0.107321
-0.107255
-0.106823
-0.107100
-0.106002
-0.108990
-0.099759
-0.105405
-0.103691
-0.108187
-0.101655
-0.103511
-0.109267
-0.108499
-0.108896
-0.109485
-0.109701
-0.109472
-0.109776
-0.109779
-0.109793
-0.109827
-0.109828
-0.109965
-0.109969
-0.109953
-0.110034
-0.110103
-0.110046
-0.110114
-0.110172
-0.110136
-0.110243
-0.110276
-0.110274
-0.110048
-0.110435
-0.110985
-0.107817
-0.110570
-0.110907
-0.110349
-0.109123
-0.110106
-0.109951
-0.110154
-0.110231
-0.110208
-0.110404
-0.109905
-0.110562
-0.110878
-0.110853
-0.110071
-0.110457
-0.110457
-0.110456
-0.110478
-0.110467
-0.110540
-0.110525
-0.110502
-0.110561
-0.110533
-0.110501
-0.110565
-0.110568
-0.110436
-0.110902
-0.110374
-0.110506
-0.111171
-0.110757
-0.109942
-0.110422
-0.111025
-0.110510
