-2.812160
1.036723
0.980674
-6.415091
-0.117736
-0.117734
0.529627
0.342260
1.666661
-1.740834
-0.117740
-0.117724
2.427858
0.768885
5.158435
0.199558
-0.117736
-0.117737
0.038209
1.170628
2.409371
-2.088304
-0.117737
-0.117742
-0.023488
1.963968
4.073313
-3.878602
-0.117737
-0.117741
-0.016664
0.551855
1.400009
-1.377489
-0.117737
-0.117740
13.649363
-0.115905
13.652843
13.645680
-0.117737
-0.117739
9.610467
1.789240
12.397249
5.793845
-0.117739
-0.117740
2.570094
0.087136
0.127973
-0.028348
-0.043197
-0.054863
-0.029826
-0.052430
-0.013822
-0.023999
0.024081
-0.040234
-0.061988
-0.049437
-0.075515
0.028324
0.055066
-0.051811
-0.017908
-0.059045
0.010052
-0.056058
-0.066876
0.087681
0.003710
0.083566
0.067493
-0.046405
-0.010679
-0.104417
-0.042070
-0.001736
0.015255
-0.043374
0.013084
0.010353
-0.050855
-0.035406
-0.039168
-0.018125
0.006783
-0.054345
-0.032848
-0.068630
-0.033652
-0.009662
-0.077081
-0.084363
-0.055640
-0.058992
-0.081106
-0.031587
-0.018522
-0.084667
-0.105554
-0.098490
-0.075025
-0.042373
-0.080762
-0.075907
-0.056712
-0.090915
-0.067501
-0.104707
-0.048189
-0.086355
-0.086989
-0.110013
-0.084970
-0.073504
-0.102566
-0.107526
-0.084453
-0.069853
-0.097673
-0.085254
-0.116240
-0.096371
-0.099284
-0.106730
-0.104005
-0.110604
-0.102222
-0.101868
-0.112807
-0.112016
-0.111988
-0.111592
-0.109597
-0.115104
-0.111964
-0.115697
-0.111592
-0.113822
-0.115399
-0.112553
-0.112732
-0.114025
-0.113756
-0.113799
0.527427
-0.109986
-0.059789
-0.083135
-0.107887
-0.076457
-0.070313
-0.079760
-0.060781
-0.042744
-0.047130
-0.072067
-0.075177
-0.084802
-0.086574
-0.039036
-0.087277
-0.107123
-0.062783
-0.102087
-0.034193
-0.088386
-0.087748
-0.001864
-0.056303
-0.060756
-0.026823
-0.079962
-0.075682
-0.105616
-0.106317
-0.073636
-0.083424
-0.062321
-0.099556
-0.089483
-0.090970
-0.098683
-0.061970
-0.079561
-0.109016
-0.102995
-0.108855
-0.104045
-0.103560
-0.090662
-0.098353
-0.098484
-0.094768
-0.105433
-0.094226
-0.097115
-0.110091
-0.101710
-0.106211
-0.111306
-0.108689
-0.098873
-0.116113
-0.103001
-0.093824
-0.108048
-0.093535
-0.111790
-0.098801
-0.110750
-0.112174
-0.108935
-0.104329
-0.112659
-0.108771
-0.110089
-0.096927
-0.108878
-0.106761
-0.094437
-0.111498
-0.107206
-0.105824
-0.113883
-0.111166
-0.116049
-0.107732
-0.107603
-0.113908
-0.113082
-0.114224
-0.112541
-0.114645
-0.113966
-0.114064
-0.114667
-0.114392
-0.114845
-0.115423
-0.114923
-0.114638
-0.115140
-0.114972
-0.114936
2.422833
0.233674
0.200580
0.066147
-0.067578
-0.085446
-0.109848
-0.018153
-0.069430
-0.071715
-0.068104
-0.082269
-0.070609
-0.105659
-0.080235
-0.070713
-0.055071
-0.088220
-0.069811
-0.063738
-0.037245
-0.111053
-0.103845
-0.051310
-0.041844
-0.045333
-0.049594
-0.073676
-0.060666
-0.100114
-0.084981
-0.051218
-0.061144
-0.047198
-0.090810
-0.083107
-0.085649
-0.066520
-0.045929
-0.062281
-0.042819
-0.083809
-0.079780
-0.092006
-0.070123
-0.081346
-0.104548
-0.093238
-0.083605
-0.090822
-0.092425
-0.071170
-0.068559
-0.110513
-0.110667
-0.110636
-0.093760
-0.071907
-0.099225
-0.089284
-0.074621
-0.102769
-0.088560
-0.097030
-0.078522
-0.104751
-0.104572
-0.113331
-0.097369
-0.102347
-0.114046
-0.112744
-0.096165
-0.096555
-0.111832
-0.103734
-0.112325
-0.109037
-0.106200
-0.110263
-0.110230
-0.113530
-0.107984
-0.109788
-0.114620
-0.113693
-0.114803
-0.109910
-0.114759
-0.110497
-0.114554
-0.111811
-0.112995
-0.111782
-0.113437
-0.111227
-0.109445
-0.113310
-0.114637
-0.114264
0.034949
0.365243
0.533521
0.102836
0.067791
0.057914
-0.069348
-0.056214
-0.084966
-0.000202
-0.002297
-0.085095
-0.078664
-0.074339
-0.091660
-0.101845
-0.084925
-0.098136
-0.086235
-0.069828
-0.095737
-0.071863
-0.108812
-0.071321
-0.109937
-0.101338
-0.069531
-0.099933
-0.098483
-0.114239
-0.113153
-0.100257
-0.103402
-0.108440
-0.111456
-0.109800
-0.102665
-0.106530
-0.098983
-0.110575
-0.106249
-0.107702
-0.115519
-0.101511
-0.105193
-0.112628
-0.113989
-0.113160
-0.115078
-0.111967
-0.111455
-0.109781
-0.109983
-0.113848
-0.109897
-0.107533
-0.113943
-0.108121
-0.115879
-0.110009
-0.105568
-0.110891
-0.111808
-0.112753
-0.116840
-0.116067
-0.113839
-0.113246
-0.116862
-0.116545
-0.114488
-0.117045
-0.111321
-0.116624
-0.114603
-0.114430
-0.114541
-0.114962
-0.116370
-0.113139
-0.114472
-0.116903
-0.114291
-0.115630
-0.113552
-0.114369
-0.114945
-0.116026
-0.112936
-0.115929
-0.115785
-0.116901
-0.112537
-0.115866
-0.116913
-0.116352
-0.112592
-0.116724
-0.116629
-0.115528
-0.028832
0.700487
0.914171
0.175630
0.068993
0.160056
-0.018821
0.027162
-0.042165
0.080392
0.129611
-0.042146
-0.034287
-0.035464
-0.065670
-0.093136
-0.012568
-0.069356
-0.072806
-0.044151
-0.067205
-0.073776
-0.107003
-0.040961
-0.074685
-0.074755
-0.027316
-0.070430
-0.071268
-0.103650
-0.091197
-0.067454
-0.068561
-0.093406
-0.089910
-0.071413
-0.099767
-0.085911
-0.083628
-0.091956
-0.094280
-0.103984
-0.096361
-0.107613
-0.110200
-0.109428
-0.112795
-0.105459
-0.114471
-0.111216
-0.111421
-0.107333
-0.115838
-0.106234
-0.117089
-0.100854
-0.111069
-0.100623
-0.106769
-0.105929
-0.088587
-0.111677
-0.100571
-0.112435
-0.097051
-0.108371
-0.110899
-0.111612
-0.109979
-0.109480
-0.112875
-0.110157
-0.107106
-0.110018
-0.107853
-0.115464
-0.112172
-0.112504
-0.107624
-0.114637
-0.108584
-0.113962
-0.105381
-0.116098
-0.110742
-0.111462
-0.110392
-0.113843
-0.104279
-0.114968
-0.110729
-0.114946
-0.104866
-0.116110
-0.112236
-0.112761
-0.105957
-0.113927
-0.113344
-0.110938
-0.018218
0.213274
0.180002
-0.047779
-0.084630
-0.042021
-0.103486
-0.092629
-0.066619
-0.085325
-0.085911
-0.109712
-0.099484
-0.093998
-0.114959
-0.106217
-0.083744
-0.110955
-0.100116
-0.100879
-0.105795
-0.097062
-0.110321
-0.095463
-0.107078
-0.103188
-0.105515
-0.104971
-0.102928
-0.108745
-0.107990
-0.114077
-0.107046
-0.105402
-0.105533
-0.097855
-0.113419
-0.111431
-0.106219
-0.109848
-0.103958
-0.114089
-0.107502
-0.106526
-0.112649
-0.108720
-0.114921
-0.110701
-0.115466
-0.111782
-0.110184
-0.113659
-0.110176
-0.112756
-0.110853
-0.111044
-0.112972
-0.116490
-0.109958
-0.110358
-0.111747
-0.116431
-0.112623
-0.109758
-0.113152
-0.111978
-0.109420
-0.113593
-0.116723
-0.112051
-0.110923
-0.112264
-0.113036
-0.112534
-0.112564
-0.113034
-0.115750
-0.117102
-0.114888
-0.116258
-0.115408
-0.114486
-0.112297
-0.113498
-0.113701
-0.112984
-0.113070
-0.114795
-0.114251
-0.115942
-0.113936
-0.115145
-0.114248
-0.115872
-0.114108
-0.114432
-0.113805
-0.114604
-0.114537
-0.113733
-1.706381
0.173564
-1.091662
-2.228531
-0.117735
-0.117740
-0.350493
0.105643
0.283887
-0.663271
-0.117733
-0.117735
3.227966
0.113794
3.619044
2.815284
-0.117736
-0.117741
-0.229714
0.343693
0.774359
-0.999534
-0.117737
-0.117739
-0.094309
0.394086
0.697622
-0.995490
-0.117737
-0.117742
-0.133310
0.585898
0.985693
-1.407774
-0.117738
-0.117741
8.486968
0.409616
9.385260
7.579222
-0.117737
-0.117741
1.471449
-0.091382
0.032939
-0.111222
0.004764
-0.107582
-0.096278
-0.107003
-0.114072
-0.082309
-0.096608
-0.111632
-0.110843
-0.104046
-0.113791
-0.114446
-0.113556
-0.114704
-0.112796
-0.116422
-0.115196
-0.112288
-0.109105
-0.114079
-0.112493
-0.115195
-0.113485
-0.113853
-0.111393
-0.115446
-0.113411
-0.106805
-0.106117
-0.111395
-0.108958
-0.109894
-0.111619
-0.105437
-0.112483
-0.114253
-0.116694
-0.114444
-0.113344
-0.115478
-0.115867
-0.116760
-0.116059
-0.114332
-0.115722
-0.117030
-0.116838
-0.116413
-0.116794
-0.117150
-0.116077
-0.116763
-0.114344
-0.117391
-0.116120
-0.115255
-0.113504
-0.116806
-0.117018
-0.116384
-0.116378
-0.112432
-0.116636
-0.114240
-0.117540
-0.117358
-0.116622
-0.114432
-0.117275
-0.113232
-0.117389
-0.115785
-0.116887
-0.116589
-0.115433
-0.116231
-0.116870
-0.116612
-0.116595
-0.117228
-0.116858
-0.116856
-0.117414
-0.116776
-0.117470
-0.117190
-0.116942
-0.116399
-0.117394
-0.116746
-0.115685
-0.117022
-0.116262
-0.117086
-0.117032
-0.115854
0.114722
-0.067178
0.000040
-0.089808
-0.073618
-0.085768
-0.090321
-0.079576
-0.080258
-0.106814
-0.112405
-0.109097
-0.103298
-0.113074
-0.113428
-0.112752
-0.116590
-0.114429
-0.112893
-0.115031
-0.114352
-0.112276
-0.112390
-0.115539
-0.114798
-0.114375
-0.110132
-0.111384
-0.109515
-0.113501
-0.111901
-0.114196
-0.113290
-0.117613
-0.116840
-0.116325
-0.116116
-0.114229
-0.116150
-0.114867
-0.115209
-0.112159
-0.113431
-0.113450
-0.115786
-0.115319
-0.116833
-0.116141
-0.115432
-0.116096
-0.116040
-0.116125
-0.116213
-0.116623
-0.115715
-0.115916
-0.116999
-0.114919
-0.115651
-0.116346
-0.115840
-0.114512
-0.114627
-0.114943
-0.114919
-0.115665
-0.116124
-0.114103
-0.116193
-0.116713
-0.117047
-0.115377
-0.116652
-0.115578
-0.115676
-0.116324
-0.114633
-0.114351
-0.116259
-0.116489
-0.116710
-0.115712
-0.116604
-0.116636
-0.116954
-0.116779
-0.116499
-0.116511
-0.116320
-0.116117
-0.115847
-0.116330
-0.117054
-0.117086
-0.116382
-0.116087
-0.116144
-0.115967
-0.116386
-0.115561
3.228037
-0.103795
-0.002638
-0.100561
-0.031292
-0.087337
-0.075799
-0.097782
-0.090301
-0.086966
-0.115011
-0.110084
-0.113900
-0.110372
-0.114614
-0.116973
-0.115543
-0.116002
-0.116581
-0.116408
-0.116723
-0.115575
-0.114026
-0.115424
-0.113810
-0.116025
-0.115886
-0.116167
-0.114186
-0.114310
-0.116015
-0.114506
-0.110932
-0.110464
-0.110617
-0.112878
-0.110634
-0.114061
-0.115759
-0.117605
-0.115195
-0.115264
-0.116448
-0.116278
-0.116904
-0.115378
-0.117214
-0.116466
-0.116658
-0.117313
-0.117304
-0.117140
-0.117337
-0.117111
-0.116939
-0.117227
-0.116043
-0.116998
-0.116655
-0.116923
-0.114180
-0.115499
-0.115564
-0.115236
-0.115920
-0.113499
-0.116230
-0.115191
-0.117401
-0.116988
-0.117540
-0.115759
-0.116854
-0.115246
-0.116297
-0.115290
-0.116933
-0.115795
-0.115565
-0.117597
-0.117261
-0.117150
-0.117125
-0.117165
-0.117520
-0.117510
-0.117067
-0.117520
-0.117235
-0.117338
-0.117216
-0.116835
-0.117321
-0.117412
-0.117448
-0.116765
-0.117474
-0.116472
-0.116625
-0.116107
-0.007914
0.034017
0.105891
-0.082133
0.026651
-0.080676
-0.029532
-0.081666
-0.095492
-0.103445
-0.110793
-0.113430
-0.116613
-0.117289
-0.116728
-0.115781
-0.115912
-0.116828
-0.116899
-0.116414
-0.116609
-0.117161
-0.115839
-0.116848
-0.117174
-0.117442
-0.117258
-0.117647
-0.117522
-0.117676
-0.117595
-0.117564
-0.117730
-0.117607
-0.117728
-0.117642
-0.117531
-0.117625
-0.117590
-0.117634
-0.117626
-0.117532
-0.117501
-0.117453
-0.117641
-0.117690
-0.117342
-0.116978
-0.117173
-0.117356
-0.117333
-0.117411
-0.117293
-0.117403
-0.116918
-0.117022
-0.117201
-0.117371
-0.117243
-0.116076
-0.116446
-0.115603
-0.115686
-0.110424
-0.117038
-0.111720
-0.116298
-0.112889
-0.116340
-0.117182
-0.115451
-0.114415
-0.114895
-0.112670
-0.115934
-0.114394
-0.115155
-0.116034
-0.116792
-0.116711
-0.117125
-0.117437
-0.117444
-0.117486
-0.117355
-0.117377
-0.117576
-0.117485
-0.117531
-0.117594
-0.117654
-0.117552
-0.117652
-0.117526
-0.117687
-0.117674
-0.117645
-0.117694
-0.117641
-0.117644
-0.097346
-0.074689
0.220483
-0.075600
-0.028841
-0.100949
-0.089670
-0.091624
-0.082489
-0.082661
-0.107546
-0.106716
-0.114225
-0.102809
-0.112650
-0.111313
-0.112068
-0.112581
-0.112609
-0.113878
-0.114089
-0.113440
-0.114367
-0.114531
-0.114207
-0.114564
-0.114438
-0.114655
-0.115035
-0.114855
-0.115027
-0.115279
-0.115144
-0.115284
-0.115448
-0.115322
-0.115567
-0.115599
-0.115388
-0.115780
-0.115724
-0.115594
-0.115798
-0.115661
-0.115724
-0.115974
-0.115762
-0.115966
-0.116062
-0.115830
-0.116038
-0.115836
-0.115819
-0.115867
-0.115234
-0.116153
-0.114168
-0.116923
-0.116101
-0.115597
-0.113668
-0.113809
-0.114874
-0.114242
-0.114984
-0.114073
-0.115973
-0.109845
-0.115212
-0.117263
-0.115645
-0.112092
-0.116964
-0.113964
-0.117260
-0.115880
-0.116384
-0.114916
-0.115078
-0.116791
-0.116207
-0.116519
-0.115949
-0.116728
-0.116516
-0.116502
-0.116653
-0.116432
-0.116631
-0.116692
-0.116454
-0.116635
-0.116683
-0.116506
-0.116661
-0.116577
-0.116534
-0.116692
-0.116575
-0.116555
-0.105204
-0.039188
0.338075
-0.075368
0.047296
-0.082408
-0.102302
-0.093463
-0.108122
-0.083776
-0.109086
-0.113871
-0.115683
-0.110989
-0.113797
-0.113325
-0.113969
-0.114245
-0.113587
-0.115050
-0.114994
-0.114463
-0.115841
-0.115477
-0.114822
-0.115583
-0.115434
-0.115324
-0.115818
-0.115334
-0.115479
-0.116152
-0.115732
-0.115712
-0.116097
-0.115732
-0.116139
-0.116287
-0.115668
-0.116328
-0.116239
-0.115768
-0.116378
-0.116169
-0.116126
-0.116624
-0.116025
-0.116364
-0.117021
-0.116101
-0.116273
-0.116737
-0.116214
-0.116060
-0.116853
-0.116084
-0.116282
-0.116611
-0.115340
-0.116881
-0.115158
-0.117561
-0.115951
-0.116143
-0.114089
-0.111783
-0.116175
-0.107429
-0.115938
-0.116286
-0.115982
-0.110451
-0.116341
-0.111201
-0.116626
-0.116039
-0.116178
-0.116884
-0.114409
-0.116749
-0.117466
-0.116664
-0.116382
-0.117079
-0.116602
-0.116762
-0.116935
-0.116465
-0.116893
-0.116978
-0.116518
-0.116959
-0.116914
-0.116621
-0.116990
-0.116805
-0.116663
-0.117014
-0.116736
-0.116704
