-2.672805
0.863222
0.142290
-4.809974
-0.108846
-0.108847
0.198627
0.228975
1.128420
-0.530115
-0.108846
-0.108848
2.670795
1.081712
4.282180
-0.102738
-0.108849
-0.108851
-0.018508
1.140752
1.995880
-1.966350
-0.108847
-0.108852
-0.215856
2.785923
4.239981
-5.487979
-0.108848
-0.108852
-0.023817
0.716403
1.269530
-1.450854
-0.108848
-0.108852
13.849957
-0.106893
13.854513
13.847326
-0.108844
-0.108849
9.339154
2.333758
12.605761
5.057449
-0.108848
-0.108852
2.442087
0.358756
0.007337
-0.054618
-0.059069
-0.031030
-0.057838
-0.095143
-0.062082
0.010371
-0.028277
-0.072238
-0.020993
-0.046077
-0.036212
-0.053299
-0.046936
0.100535
-0.013014
-0.072905
0.005936
-0.061205
0.017656
-0.003692
-0.074739
0.056561
-0.039384
-0.030856
-0.030656
-0.024394
-0.050340
-0.030154
-0.071111
-0.078584
-0.021927
-0.054433
-0.044456
-0.057094
-0.091604
-0.068508
-0.090119
-0.064074
-0.062092
-0.100715
-0.092817
-0.096359
-0.092981
-0.104964
-0.095821
-0.101042
-0.106206
-0.101813
-0.102475
-0.099050
-0.103922
-0.103966
-0.101764
-0.100626
-0.103965
-0.103409
-0.099563
-0.103867
-0.102051
-0.101519
-0.101895
-0.099262
-0.103970
-0.104223
-0.097038
-0.102358
-0.102672
-0.097562
-0.100152
-0.103626
-0.104082
-0.099113
-0.088370
-0.105807
-0.096234
-0.100160
-0.105535
-0.096310
-0.096448
-0.097517
-0.088401
-0.091930
-0.089205
-0.095933
-0.087660
-0.087942
-0.091873
-0.101383
-0.093668
-0.100513
-0.095667
-0.098776
-0.102982
-0.105345
-0.106742
-0.099219
0.202377
-0.007367
0.019495
-0.078559
-0.068520
-0.054015
-0.062787
-0.097034
-0.083039
-0.075834
-0.081877
-0.075791
-0.076586
-0.075826
-0.081339
-0.081565
-0.098362
-0.070836
-0.067625
-0.102831
-0.091160
-0.074618
-0.060868
-0.096215
-0.076259
-0.074834
-0.082052
-0.089540
-0.071415
-0.085208
-0.103284
-0.078085
-0.083017
-0.100380
-0.100196
-0.092025
-0.094470
-0.090538
-0.096636
-0.101396
-0.099333
-0.100729
-0.105048
-0.101216
-0.101412
-0.107073
-0.106588
-0.104844
-0.106286
-0.105975
-0.101091
-0.106229
-0.106247
-0.105036
-0.104363
-0.104502
-0.104513
-0.106199
-0.106282
-0.107777
-0.106515
-0.104227
-0.105525
-0.106935
-0.107152
-0.107492
-0.107188
-0.106680
-0.107079
-0.106137
-0.106182
-0.107840
-0.106093
-0.105678
-0.106323
-0.106108
-0.105050
-0.104208
-0.106563
-0.107638
-0.104495
-0.103184
-0.106662
-0.102794
-0.103267
-0.101054
-0.104636
-0.104763
-0.103677
-0.103019
-0.107021
-0.103276
-0.103346
-0.105474
-0.108266
-0.104195
-0.106993
-0.107339
-0.106834
-0.105543
2.657500
0.687659
0.045014
-0.057963
-0.057728
-0.047242
-0.055413
-0.093891
-0.065144
-0.080172
-0.098096
-0.077716
-0.098692
-0.069594
-0.089948
-0.088162
-0.051499
-0.054111
-0.090758
-0.101031
-0.084011
-0.081120
-0.059875
-0.037516
-0.072378
-0.047797
-0.058899
-0.031171
-0.060619
-0.068955
-0.066096
-0.066322
-0.074889
-0.080888
-0.070334
-0.071099
-0.084565
-0.101449
-0.097728
-0.097484
-0.098744
-0.097313
-0.100149
-0.100679
-0.100170
-0.099163
-0.106954
-0.105125
-0.104033
-0.099733
-0.100600
-0.105001
-0.102120
-0.101319
-0.101530
-0.101885
-0.099444
-0.101401
-0.103135
-0.104678
-0.098284
-0.100439
-0.100728
-0.101321
-0.103822
-0.103072
-0.103981
-0.103892
-0.102353
-0.102373
-0.102708
-0.103082
-0.101812
-0.102728
-0.103755
-0.099490
-0.098628
-0.100477
-0.100069
-0.101953
-0.103728
-0.099778
-0.096616
-0.100780
-0.096751
-0.097899
-0.092623
-0.096009
-0.095115
-0.094805
-0.095967
-0.100043
-0.098281
-0.102279
-0.098407
-0.103324
-0.102317
-0.104632
-0.105079
-0.102118
-0.018656
0.749310
0.020664
-0.040769
-0.066274
-0.031940
-0.070145
-0.091841
-0.072637
-0.084611
-0.090245
-0.080622
-0.100098
-0.087329
-0.088484
-0.107627
-0.088562
-0.083534
-0.088230
-0.097719
-0.087231
-0.083862
-0.103164
-0.105440
-0.097569
-0.091113
-0.100471
-0.103182
-0.087456
-0.091664
-0.106029
-0.095575
-0.092534
-0.099221
-0.103749
-0.101925
-0.102405
-0.102734
-0.102945
-0.101323
-0.100133
-0.101927
-0.108325
-0.103232
-0.106377
-0.103231
-0.107206
-0.107079
-0.103811
-0.102993
-0.105247
-0.105673
-0.104549
-0.107407
-0.106968
-0.105161
-0.106916
-0.106404
-0.102476
-0.105383
-0.105616
-0.105317
-0.107672
-0.106069
-0.103634
-0.105221
-0.106746
-0.105257
-0.105039
-0.105483
-0.106207
-0.106729
-0.105118
-0.104670
-0.106045
-0.105894
-0.105122
-0.103966
-0.106008
-0.107059
-0.104144
-0.106338
-0.105777
-0.105704
-0.106205
-0.105446
-0.105431
-0.105563
-0.104462
-0.104277
-0.106182
-0.105196
-0.104233
-0.106007
-0.107150
-0.105594
-0.105003
-0.107117
-0.105610
-0.105473
0.001974
1.889533
0.086080
0.136097
0.021385
0.046175
-0.070752
-0.063257
-0.058938
-0.040850
-0.075696
-0.071837
-0.080020
-0.093431
-0.094971
-0.099540
-0.090573
-0.031321
-0.083022
-0.100646
-0.074296
-0.086334
-0.093182
-0.084911
-0.089126
-0.041396
-0.102344
-0.079151
-0.074257
-0.067451
-0.090489
-0.082162
-0.085899
-0.081589
-0.087732
-0.089296
-0.099704
-0.096658
-0.105556
-0.097467
-0.099448
-0.095524
-0.099897
-0.103375
-0.103553
-0.107801
-0.105251
-0.106275
-0.103846
-0.101490
-0.106339
-0.107938
-0.104133
-0.107280
-0.107681
-0.101391
-0.101411
-0.103697
-0.099626
-0.104296
-0.097011
-0.106171
-0.108259
-0.105930
-0.100775
-0.103443
-0.106797
-0.106403
-0.103105
-0.105751
-0.106465
-0.105574
-0.104959
-0.104977
-0.107605
-0.106887
-0.100980
-0.103327
-0.105336
-0.107858
-0.104658
-0.104423
-0.106003
-0.107652
-0.102636
-0.103562
-0.104667
-0.105243
-0.102636
-0.103357
-0.107249
-0.106276
-0.101989
-0.104828
-0.107041
-0.106977
-0.106943
-0.106433
-0.105011
-0.105601
-0.023102
0.460196
-0.052407
-0.057175
-0.102586
-0.081568
-0.076206
-0.100596
-0.077564
-0.082776
-0.091435
-0.087998
-0.091551
-0.096507
-0.093580
-0.106885
-0.102630
-0.096368
-0.087915
-0.098862
-0.106305
-0.093336
-0.094679
-0.098280
-0.101739
-0.080206
-0.096385
-0.094238
-0.088689
-0.095044
-0.105285
-0.090267
-0.097171
-0.102638
-0.100037
-0.101238
-0.106660
-0.106793
-0.106661
-0.103797
-0.101229
-0.106351
-0.105896
-0.107411
-0.108294
-0.104645
-0.106856
-0.107403
-0.105849
-0.106513
-0.105649
-0.108113
-0.106980
-0.107438
-0.107889
-0.106412
-0.107637
-0.108499
-0.105885
-0.106448
-0.104353
-0.107356
-0.106779
-0.107710
-0.106893
-0.106299
-0.107350
-0.106726
-0.105978
-0.105876
-0.107931
-0.106668
-0.106462
-0.106825
-0.107690
-0.107439
-0.106648
-0.106020
-0.106753
-0.106509
-0.106963
-0.105078
-0.107039
-0.107216
-0.105442
-0.104931
-0.106395
-0.106507
-0.106065
-0.105045
-0.107576
-0.105967
-0.105795
-0.106578
-0.107786
-0.106943
-0.107206
-0.107419
-0.107583
-0.105977
-2.340668
0.033863
-2.070451
-2.737692
-0.108848
-0.108848
-0.271330
0.085507
0.038909
-0.586144
-0.108847
-0.108853
2.843366
0.091619
3.203793
2.543955
-0.108846
-0.108851
0.048862
0.277098
0.848728
-0.321722
-0.108844
-0.108850
-0.050231
0.241963
0.589561
-0.476767
-0.108846
-0.108852
-0.102818
0.547370
0.929139
-0.979656
-0.108847
-0.108853
8.600300
0.146242
8.913181
8.120142
-0.108850
-0.108851
2.122218
-0.053108
-0.054212
-0.064209
-0.090365
-0.089681
-0.100641
-0.103223
-0.105844
-0.097540
-0.098994
-0.106083
-0.100393
-0.089074
-0.097135
-0.105297
-0.099625
-0.096373
-0.102149
-0.106806
-0.106206
-0.104903
-0.107705
-0.107188
-0.106321
-0.106241
-0.107672
-0.104993
-0.105029
-0.107540
-0.108241
-0.106561
-0.107726
-0.106329
-0.106753
-0.106818
-0.107705
-0.108154
-0.108166
-0.107802
-0.106872
-0.107915
-0.107552
-0.105417
-0.106127
-0.107558
-0.106483
-0.107625
-0.107918
-0.108259
-0.108458
-0.108260
-0.108156
-0.107975
-0.107571
-0.108471
-0.108374
-0.108383
-0.107731
-0.108252
-0.108359
-0.107645
-0.108213
-0.108263
-0.108653
-0.108257
-0.108518
-0.108590
-0.108587
-0.108249
-0.107764
-0.107891
-0.108424
-0.107661
-0.107981
-0.108401
-0.107920
-0.108763
-0.108475
-0.108542
-0.108406
-0.108244
-0.108254
-0.108155
-0.108140
-0.108416
-0.108302
-0.108370
-0.108374
-0.108393
-0.108456
-0.108189
-0.108064
-0.108442
-0.108597
-0.108524
-0.108671
-0.108253
-0.108280
-0.108014
0.054333
0.015722
-0.075442
-0.068924
-0.104355
-0.104621
-0.101690
-0.107257
-0.107382
-0.102872
-0.103704
-0.105351
-0.104937
-0.098709
-0.100076
-0.100644
-0.103174
-0.100678
-0.106801
-0.108229
-0.105074
-0.107230
-0.108597
-0.108405
-0.107989
-0.107454
-0.107623
-0.106346
-0.105677
-0.106038
-0.106832
-0.106579
-0.108540
-0.106593
-0.107808
-0.108410
-0.107923
-0.108346
-0.108607
-0.107671
-0.108730
-0.107698
-0.108463
-0.107634
-0.107412
-0.107476
-0.108212
-0.107538
-0.108664
-0.108519
-0.108145
-0.108612
-0.108836
-0.108635
-0.108801
-0.108555
-0.108283
-0.108644
-0.107876
-0.108385
-0.108052
-0.108429
-0.108528
-0.108514
-0.108605
-0.108629
-0.108647
-0.108743
-0.108694
-0.108537
-0.108617
-0.108341
-0.108680
-0.108676
-0.108577
-0.108523
-0.108623
-0.108420
-0.108692
-0.108567
-0.108799
-0.108778
-0.108756
-0.108764
-0.108724
-0.108765
-0.108617
-0.108813
-0.108426
-0.108687
-0.108556
-0.108620
-0.108636
-0.108702
-0.108738
-0.108816
-0.108816
-0.108776
-0.108686
-0.108607
2.842433
-0.010192
-0.043642
-0.043889
-0.075541
-0.096780
-0.101171
-0.102183
-0.103835
-0.100442
-0.104739
-0.100987
-0.100854
-0.103087
-0.100314
-0.104208
-0.105213
-0.107140
-0.107002
-0.107720
-0.107832
-0.107898
-0.107294
-0.107572
-0.107860
-0.104375
-0.108371
-0.104195
-0.104667
-0.108188
-0.107581
-0.104924
-0.106098
-0.107239
-0.106643
-0.107242
-0.107652
-0.107439
-0.108279
-0.107741
-0.107836
-0.107524
-0.107883
-0.107749
-0.107629
-0.107943
-0.108767
-0.107725
-0.108169
-0.108292
-0.108082
-0.107869
-0.108014
-0.107947
-0.108440
-0.107509
-0.107870
-0.107538
-0.108377
-0.108098
-0.107998
-0.108230
-0.107564
-0.108141
-0.108222
-0.108005
-0.108213
-0.108355
-0.108208
-0.108330
-0.108234
-0.108394
-0.108442
-0.108384
-0.108482
-0.108505
-0.108202
-0.108322
-0.108387
-0.108159
-0.108519
-0.108266
-0.108382
-0.108681
-0.108139
-0.108576
-0.108676
-0.107982
-0.108466
-0.108452
-0.108318
-0.108204
-0.108601
-0.108527
-0.108068
-0.108345
-0.108400
-0.108482
-0.108399
-0.108528
0.048327
0.131360
0.014150
-0.078742
-0.104546
-0.100778
-0.104609
-0.104949
-0.105608
-0.105880
-0.105167
-0.106306
-0.106265
-0.106902
-0.106969
-0.107060
-0.107119
-0.107102
-0.107416
-0.107416
-0.107893
-0.107819
-0.107695
-0.107765
-0.107823
-0.108258
-0.106783
-0.104374
-0.102875
-0.103197
-0.105808
-0.101896
-0.106447
-0.106458
-0.107130
-0.107755
-0.107567
-0.107702
-0.107790
-0.107707
-0.107821
-0.107846
-0.107899
-0.107886
-0.107893
-0.107901
-0.107927
-0.107949
-0.107967
-0.107935
-0.108047
-0.107855
-0.107932
-0.107901
-0.107944
-0.107939
-0.108277
-0.106886
-0.107251
-0.108137
-0.108711
-0.106803
-0.107854
-0.108208
-0.107970
-0.108064
-0.108086
-0.108101
-0.108093
-0.108092
-0.108126
-0.108108
-0.108115
-0.108099
-0.108110
-0.108118
-0.108113
-0.108116
-0.108154
-0.108065
-0.107988
-0.108238
-0.108270
-0.108069
-0.108082
-0.108092
-0.108012
-0.108484
-0.107602
-0.108142
-0.107718
-0.108660
-0.108021
-0.108132
-0.108212
-0.108170
-0.108181
-0.108177
-0.108153
-0.108174
-0.051971
0.122997
-0.034975
-0.076628
-0.085631
-0.087404
-0.102440
-0.104278
-0.104522
-0.105057
-0.106102
-0.106472
-0.106489
-0.106274
-0.106666
-0.107279
-0.107487
-0.107235
-0.106980
-0.107093
-0.107401
-0.107773
-0.107616
-0.107159
-0.107322
-0.104613
-0.106102
-0.107182
-0.105489
-0.103948
-0.108447
-0.102863
-0.105382
-0.106334
-0.107178
-0.108563
-0.108232
-0.108124
-0.108314
-0.108580
-0.108475
-0.108270
-0.108216
-0.108344
-0.108522
-0.108487
-0.108329
-0.108295
-0.108320
-0.108519
-0.108579
-0.108378
-0.108309
-0.108235
-0.108359
-0.108046
-0.108608
-0.108507
-0.108261
-0.107563
-0.108256
-0.107587
-0.108310
-0.108326
-0.108228
-0.108383
-0.108472
-0.108585
-0.108641
-0.108561
-0.108479
-0.108499
-0.108567
-0.108622
-0.108595
-0.108545
-0.108523
-0.108538
-0.108597
-0.108607
-0.108630
-0.108487
-0.108659
-0.108753
-0.108702
-0.108151
-0.108271
-0.108469
-0.108314
-0.108593
-0.108378
-0.108773
-0.108646
-0.108281
-0.108638
-0.108582
-0.108621
-0.108633
-0.108616
-0.108593
-0.102140
0.346117
-0.031039
-0.081779
-0.097021
-0.104782
-0.104578
-0.106334
-0.107076
-0.106804
-0.107738
-0.107531
-0.107654
-0.107890
-0.107910
-0.107862
-0.107866
-0.107929
-0.108130
-0.108112
-0.107958
-0.107444
-0.107685
-0.107809
-0.107107
-0.107379
-0.108188
-0.105246
-0.102335
-0.099923
-0.107467
-0.098233
-0.108016
-0.107257
-0.107065
-0.107588
-0.107998
-0.108163
-0.108272
-0.108225
-0.108211
-0.108186
-0.108225
-0.108296
-0.108266
-0.108203
-0.108214
-0.108252
-0.108315
-0.108279
-0.108299
-0.108053
-0.108207
-0.108151
-0.108026
-0.107940
-0.108014
-0.107281
-0.106774
-0.107493
-0.107893
-0.106869
-0.108522
-0.108699
-0.108452
-0.108300
-0.108449
-0.108510
-0.108469
-0.108445
-0.108414
-0.108429
-0.108448
-0.108443
-0.108422
-0.108395
-0.108374
-0.108398
-0.108436
-0.108379
-0.108296
-0.108515
-0.108454
-0.108597
-0.108392
-0.108255
-0.108211
-0.108210
-0.107619
-0.108580
-0.107795
-0.108581
-0.108461
-0.108401
-0.108495
-0.108508
-0.108500
-0.108484
-0.108458
-0.108453
