-2.564960
0.931234
0.232899
-5.447505
-0.109690
-0.109689
0.180581
0.349521
1.620818
-0.929300
-0.109690
-0.109690
2.752751
1.019478
4.579540
-0.233249
-0.109693
-0.109692
0.062154
1.226452
2.265804
-2.454849
-0.109690
-0.109695
-0.077050
2.496815
3.893000
-5.288595
-0.109691
-0.109695
-0.245497
0.856833
1.318407
-2.005210
-0.109691
-0.109695
13.777267
-0.107761
13.780608
13.774615
-0.109688
-0.109695
9.203345
2.458272
12.818593
4.978434
-0.109691
-0.109696
2.346864
0.315959
0.021575
-0.051667
-0.056637
-0.079143
-0.018734
-0.066993
-0.072207
-0.081471
-0.040325
-0.041841
-0.080770
0.023665
0.079986
-0.080646
0.163963
-0.078862
0.054048
-0.105510
-0.030088
0.015024
-0.071819
0.078513
-0.069563
-0.006722
-0.061183
-0.102919
0.000376
-0.010649
-0.072027
0.000346
-0.044166
-0.026510
-0.070996
-0.067181
-0.006369
-0.085545
-0.060814
-0.060381
-0.093927
-0.060932
-0.096600
-0.079012
-0.082764
-0.077552
-0.098258
-0.099498
-0.081709
-0.086591
-0.098259
-0.096718
-0.098201
-0.100024
-0.099360
-0.105002
-0.096203
-0.102540
-0.096471
-0.102316
-0.095201
-0.104453
-0.101856
-0.101373
-0.101874
-0.104320
-0.100528
-0.101533
-0.103201
-0.100988
-0.103843
-0.096138
-0.105027
-0.081844
-0.099044
-0.088315
-0.102994
-0.103185
-0.101225
-0.103906
-0.099247
-0.094228
-0.096642
-0.092324
-0.092275
-0.099012
-0.099500
-0.100458
-0.082954
-0.101794
-0.108739
-0.097911
-0.092103
-0.089513
-0.090522
-0.097747
-0.098591
-0.094036
-0.098892
-0.103392
0.189847
-0.076329
0.027877
-0.064801
-0.092770
-0.050475
-0.066653
-0.068693
-0.056497
-0.101135
-0.036978
-0.076990
-0.047880
-0.036005
-0.040329
-0.072869
-0.049918
-0.072859
-0.028961
-0.081584
-0.071879
-0.087189
-0.057331
0.006392
-0.098238
-0.069970
-0.026097
-0.081100
-0.093836
-0.068379
-0.102528
-0.044274
-0.063616
-0.073083
-0.082092
-0.103807
-0.062029
-0.074884
-0.089216
-0.098114
-0.107783
-0.099756
-0.094689
-0.103795
-0.094947
-0.094132
-0.094712
-0.092276
-0.100750
-0.095549
-0.101741
-0.100943
-0.104238
-0.106335
-0.102692
-0.102119
-0.100270
-0.100057
-0.100432
-0.103585
-0.104440
-0.105454
-0.103904
-0.101399
-0.101748
-0.101781
-0.100737
-0.103240
-0.101840
-0.105554
-0.104229
-0.100577
-0.103979
-0.093048
-0.100208
-0.095115
-0.097537
-0.098030
-0.104385
-0.106519
-0.101638
-0.101137
-0.096287
-0.098581
-0.100581
-0.092201
-0.100134
-0.100562
-0.099697
-0.099099
-0.095273
-0.102972
-0.101728
-0.099593
-0.099622
-0.097197
-0.096631
-0.102168
-0.100448
-0.101692
2.744762
0.593194
0.079631
-0.097509
-0.069969
-0.057708
-0.096544
-0.076196
-0.052834
-0.079458
-0.085381
-0.042070
-0.084045
-0.090123
-0.044581
-0.053930
0.020134
-0.059856
-0.032833
-0.072549
-0.073062
-0.071350
-0.064966
0.012039
-0.075170
-0.051226
-0.056811
-0.086890
-0.031593
-0.054173
-0.084044
-0.049878
-0.057154
-0.032759
-0.081442
-0.098403
-0.046456
-0.105277
-0.081622
-0.080707
-0.083931
-0.085835
-0.092479
-0.086043
-0.104473
-0.099970
-0.103937
-0.105957
-0.096755
-0.100559
-0.107812
-0.105789
-0.108267
-0.106040
-0.108871
-0.106514
-0.107039
-0.105782
-0.104133
-0.104589
-0.101944
-0.106772
-0.107707
-0.108054
-0.105324
-0.109087
-0.106054
-0.107263
-0.107882
-0.107677
-0.107394
-0.104144
-0.106699
-0.100679
-0.102809
-0.102485
-0.105383
-0.107124
-0.108368
-0.105885
-0.103196
-0.104649
-0.101455
-0.099502
-0.101171
-0.105877
-0.106011
-0.107619
-0.095593
-0.106339
-0.104798
-0.097686
-0.099220
-0.099133
-0.104829
-0.105247
-0.104006
-0.101641
-0.106230
-0.101824
0.055992
0.819464
-0.022375
-0.053449
-0.069663
-0.077983
-0.070444
-0.073473
-0.068080
-0.090537
-0.092774
-0.082853
-0.083758
-0.087622
-0.088013
-0.085395
-0.070256
-0.087497
-0.079474
-0.091263
-0.093953
-0.084837
-0.091899
-0.095318
-0.097660
-0.092673
-0.101867
-0.102579
-0.095804
-0.105187
-0.098611
-0.093124
-0.099920
-0.097079
-0.094663
-0.104123
-0.104973
-0.104850
-0.104207
-0.100790
-0.106788
-0.103274
-0.098802
-0.104358
-0.103637
-0.106315
-0.105213
-0.108025
-0.105127
-0.106546
-0.107434
-0.106628
-0.108426
-0.108655
-0.106814
-0.106679
-0.107230
-0.108714
-0.107289
-0.105524
-0.104823
-0.105253
-0.108645
-0.109144
-0.107554
-0.109021
-0.109169
-0.109039
-0.107339
-0.108781
-0.107828
-0.108481
-0.109061
-0.106674
-0.108809
-0.109193
-0.106380
-0.106636
-0.107892
-0.108469
-0.107981
-0.108665
-0.108103
-0.108979
-0.108526
-0.108661
-0.109340
-0.108901
-0.109469
-0.108583
-0.106280
-0.106114
-0.107020
-0.109108
-0.109055
-0.107746
-0.109023
-0.108931
-0.108128
-0.107411
-0.085108
1.691357
0.043624
0.013233
-0.019144
-0.066136
0.023973
-0.007020
-0.048559
-0.021361
-0.084392
-0.031167
-0.084853
-0.087166
-0.060277
-0.082941
-0.000486
-0.074936
-0.062178
-0.077547
-0.099661
-0.070141
-0.038018
-0.055050
-0.085474
-0.075772
-0.092005
-0.069919
-0.070188
-0.091550
-0.067394
-0.079472
-0.081445
-0.069705
-0.075226
-0.098952
-0.096785
-0.078238
-0.077649
-0.095727
-0.101560
-0.088660
-0.105206
-0.092160
-0.099834
-0.109177
-0.107442
-0.105618
-0.099566
-0.101798
-0.100895
-0.104435
-0.103358
-0.103689
-0.103106
-0.103756
-0.105596
-0.108032
-0.104591
-0.100603
-0.102140
-0.102187
-0.103424
-0.109198
-0.105281
-0.106287
-0.106735
-0.109024
-0.102434
-0.106253
-0.104112
-0.107589
-0.107733
-0.103598
-0.107150
-0.107050
-0.104359
-0.106851
-0.105995
-0.106006
-0.107540
-0.104375
-0.102490
-0.107303
-0.108185
-0.104933
-0.106986
-0.108513
-0.108482
-0.106120
-0.102257
-0.100134
-0.100622
-0.108266
-0.105951
-0.106190
-0.104158
-0.106505
-0.105722
-0.107649
0.029391
0.559375
-0.054238
-0.041881
-0.085144
-0.091102
-0.095953
-0.097475
-0.074850
-0.096835
-0.091563
-0.095223
-0.082780
-0.107438
-0.093360
-0.096074
-0.092287
-0.085319
-0.068171
-0.104350
-0.093874
-0.081574
-0.094597
-0.089954
-0.095690
-0.102409
-0.099345
-0.105669
-0.093573
-0.100542
-0.101241
-0.101506
-0.104820
-0.104857
-0.100482
-0.103998
-0.102674
-0.104694
-0.101847
-0.100313
-0.103641
-0.103386
-0.095676
-0.108076
-0.107909
-0.107976
-0.106326
-0.106505
-0.108040
-0.107157
-0.107960
-0.107402
-0.108343
-0.108010
-0.107166
-0.107378
-0.107210
-0.109277
-0.108742
-0.104998
-0.106687
-0.107306
-0.107197
-0.108800
-0.107937
-0.109029
-0.108402
-0.108759
-0.107152
-0.108031
-0.106988
-0.107709
-0.107722
-0.107445
-0.108504
-0.108035
-0.107730
-0.105500
-0.108443
-0.108206
-0.106980
-0.107645
-0.106247
-0.107487
-0.109481
-0.107640
-0.108932
-0.106779
-0.108625
-0.107140
-0.108590
-0.108130
-0.107689
-0.107040
-0.109143
-0.107558
-0.107718
-0.109134
-0.107798
-0.105587
-1.927511
0.125100
-1.475775
-2.384825
-0.109690
-0.109694
-0.355841
0.110080
0.109843
-0.760383
-0.109690
-0.109692
3.065581
0.069478
3.460109
2.732955
-0.109689
-0.109692
-0.265800
0.260372
0.316372
-0.897230
-0.109691
-0.109694
-0.075762
0.221296
0.526799
-0.409948
-0.109688
-0.109695
-0.116904
0.371132
0.749097
-0.808490
-0.109689
-0.109694
8.528948
0.324617
9.083999
7.754481
-0.109693
-0.109695
1.707351
-0.005807
0.003270
-0.065581
-0.079475
-0.107859
-0.108008
-0.105184
-0.106286
-0.105501
-0.104342
-0.101834
-0.098507
-0.103224
-0.095098
-0.103359
-0.094994
-0.104254
-0.101972
-0.104338
-0.105012
-0.107466
-0.108471
-0.108722
-0.108962
-0.107791
-0.105435
-0.107439
-0.104854
-0.105583
-0.108635
-0.108453
-0.104359
-0.106515
-0.108110
-0.108799
-0.108976
-0.108749
-0.108905
-0.109163
-0.108880
-0.108622
-0.108433
-0.108663
-0.107902
-0.107899
-0.107587
-0.109020
-0.108108
-0.108542
-0.108732
-0.109291
-0.109393
-0.109577
-0.109461
-0.109210
-0.109025
-0.109604
-0.109123
-0.108477
-0.109129
-0.109026
-0.108522
-0.108833
-0.109414
-0.109369
-0.109481
-0.109485
-0.109231
-0.109370
-0.109370
-0.109379
-0.109167
-0.109521
-0.109477
-0.108869
-0.109113
-0.109473
-0.109162
-0.109072
-0.109099
-0.109257
-0.109648
-0.109498
-0.109511
-0.109355
-0.109490
-0.109598
-0.109453
-0.109150
-0.109322
-0.109235
-0.109165
-0.109516
-0.109594
-0.109429
-0.109418
-0.109607
-0.109376
-0.109423
0.137155
0.014800
-0.039737
-0.063516
-0.081978
-0.100209
-0.102202
-0.107275
-0.105365
-0.106846
-0.103011
-0.108500
-0.100255
-0.107537
-0.098363
-0.100725
-0.101969
-0.105943
-0.101814
-0.107717
-0.106908
-0.108453
-0.108384
-0.107841
-0.109387
-0.109429
-0.105507
-0.106467
-0.107188
-0.106575
-0.108123
-0.107913
-0.106743
-0.108704
-0.105993
-0.109164
-0.109499
-0.108647
-0.108866
-0.108258
-0.109116
-0.108964
-0.107727
-0.108795
-0.108316
-0.108022
-0.107895
-0.109384
-0.109042
-0.108832
-0.108467
-0.109128
-0.109061
-0.109489
-0.108985
-0.108882
-0.109451
-0.108330
-0.108912
-0.108713
-0.109511
-0.109018
-0.108819
-0.108910
-0.109211
-0.109098
-0.109060
-0.109399
-0.109473
-0.109515
-0.109139
-0.109241
-0.109428
-0.109332
-0.108888
-0.109029
-0.109273
-0.109021
-0.108979
-0.109392
-0.109609
-0.109192
-0.109263
-0.109082
-0.109545
-0.109375
-0.108973
-0.109513
-0.109338
-0.109207
-0.109073
-0.109200
-0.109242
-0.109404
-0.108828
-0.109359
-0.109460
-0.109196
-0.109108
-0.109280
3.065895
-0.021726
-0.027973
-0.100520
-0.087959
-0.102241
-0.109445
-0.107150
-0.106778
-0.107449
-0.107354
-0.103720
-0.100619
-0.099803
-0.091584
-0.108079
-0.095673
-0.102377
-0.103441
-0.107232
-0.107275
-0.109214
-0.109527
-0.109298
-0.109173
-0.109241
-0.108179
-0.107639
-0.106077
-0.106373
-0.108893
-0.108465
-0.105983
-0.109631
-0.108089
-0.109136
-0.109213
-0.109219
-0.109272
-0.109391
-0.109194
-0.109062
-0.108773
-0.108146
-0.106766
-0.109423
-0.107715
-0.107923
-0.108413
-0.109221
-0.109211
-0.109515
-0.109454
-0.109452
-0.109545
-0.109601
-0.109445
-0.109261
-0.109169
-0.108772
-0.109240
-0.109250
-0.108828
-0.109474
-0.109163
-0.109501
-0.109560
-0.109430
-0.109343
-0.109424
-0.109544
-0.109498
-0.109320
-0.108974
-0.108847
-0.109467
-0.109083
-0.109105
-0.109312
-0.109561
-0.109290
-0.109381
-0.109645
-0.109656
-0.109501
-0.109559
-0.109652
-0.109430
-0.109488
-0.109255
-0.109466
-0.109503
-0.109315
-0.109304
-0.109331
-0.109555
-0.109344
-0.109427
-0.109528
-0.109637
0.044578
0.088831
0.052037
-0.083975
-0.084679
-0.090087
-0.096548
-0.097825
-0.099508
-0.101357
-0.102547
-0.102166
-0.102714
-0.103457
-0.104002
-0.104800
-0.105074
-0.104854
-0.105054
-0.105910
-0.105881
-0.105829
-0.105901
-0.106242
-0.106757
-0.107389
-0.106769
-0.104966
-0.107351
-0.099228
-0.105727
-0.103201
-0.105422
-0.107642
-0.107529
-0.107514
-0.107552
-0.107849
-0.107753
-0.107555
-0.107590
-0.107894
-0.107954
-0.107893
-0.107813
-0.107803
-0.107930
-0.108070
-0.108099
-0.107851
-0.108022
-0.108096
-0.108304
-0.108107
-0.107985
-0.107946
-0.108323
-0.108824
-0.107443
-0.108737
-0.107781
-0.108712
-0.106577
-0.108265
-0.108373
-0.108337
-0.108272
-0.108233
-0.108328
-0.108404
-0.108394
-0.108307
-0.108336
-0.108391
-0.108434
-0.108438
-0.108443
-0.108483
-0.108217
-0.108603
-0.108290
-0.108512
-0.108136
-0.108562
-0.108621
-0.108507
-0.108311
-0.108190
-0.108907
-0.108071
-0.108847
-0.108334
-0.109155
-0.108380
-0.108426
-0.108497
-0.108531
-0.108542
-0.108522
-0.108529
-0.075265
0.107321
-0.030073
-0.080815
-0.099553
-0.104739
-0.104265
-0.107924
-0.108467
-0.108588
-0.108984
-0.108988
-0.109122
-0.109179
-0.109226
-0.109320
-0.109450
-0.109382
-0.109174
-0.109312
-0.109457
-0.109418
-0.109205
-0.108981
-0.108783
-0.108711
-0.108507
-0.107663
-0.105785
-0.103708
-0.108259
-0.106449
-0.106858
-0.107158
-0.108844
-0.109098
-0.109484
-0.109322
-0.109346
-0.109386
-0.109517
-0.109515
-0.109402
-0.109430
-0.109496
-0.109522
-0.109504
-0.109452
-0.109458
-0.109557
-0.109502
-0.109484
-0.109406
-0.109357
-0.109399
-0.109558
-0.109223
-0.109150
-0.108881
-0.108233
-0.109182
-0.109002
-0.109207
-0.108984
-0.109343
-0.109629
-0.109545
-0.109583
-0.109569
-0.109573
-0.109602
-0.109626
-0.109626
-0.109619
-0.109590
-0.109617
-0.109596
-0.109618
-0.109554
-0.109479
-0.109592
-0.109462
-0.109627
-0.109439
-0.109554
-0.109575
-0.109558
-0.109343
-0.109597
-0.109199
-0.109268
-0.109410
-0.109506
-0.109323
-0.109595
-0.109554
-0.109633
-0.109573
-0.109588
-0.109599
-0.102418
0.170884
0.052369
-0.034199
-0.070307
-0.087820
-0.091196
-0.093930
-0.095781
-0.097571
-0.099253
-0.099935
-0.100276
-0.101185
-0.102142
-0.102870
-0.103138
-0.103299
-0.103796
-0.104298
-0.104634
-0.104722
-0.104574
-0.104925
-0.105747
-0.106190
-0.105738
-0.105511
-0.108231
-0.095325
-0.104142
-0.100097
-0.107388
-0.108406
-0.105143
-0.105719
-0.106297
-0.106689
-0.106699
-0.106596
-0.106621
-0.106876
-0.107060
-0.106994
-0.106903
-0.106955
-0.107119
-0.107234
-0.107216
-0.107044
-0.107211
-0.107293
-0.107515
-0.107326
-0.107137
-0.107277
-0.107697
-0.107537
-0.107118
-0.108054
-0.107515
-0.108208
-0.106173
-0.107387
-0.107966
-0.108014
-0.107776
-0.107694
-0.107767
-0.107850
-0.107861
-0.107795
-0.107783
-0.107839
-0.107891
-0.107922
-0.107947
-0.107909
-0.107758
-0.108147
-0.107832
-0.108100
-0.107717
-0.108026
-0.108186
-0.107972
-0.107720
-0.107814
-0.108183
-0.107217
-0.108182
-0.107514
-0.108495
-0.107976
-0.107764
-0.107879
-0.108001
-0.108033
-0.108015
-0.107998
