-1.165967
1.619071
1.120408
-6.710506
-0.115533
-0.115524
0.005574
0.906127
3.093236
-2.637066
-0.115528
-0.115525
2.688242
1.405601
7.547733
-3.554575
-0.115532
-0.115513
-0.383864
2.056621
4.319320
-5.363090
-0.115529
-0.115529
0.092079
5.270426
10.654393
-9.574057
-0.115529
-0.115530
-0.138443
1.937218
5.167766
-4.646518
-0.115528
-0.115527
11.510348
-0.114726
11.511484
11.508837
-0.115529
-0.115531
7.977917
3.036594
13.288848
3.425322
-0.115528
-0.115532
0.929788
0.636294
0.327300
0.379980
0.163120
-0.105398
0.209038
0.173666
-0.074376
0.030570
-0.058653
-0.021380
-0.021193
-0.009174
0.110900
-0.018549
0.059422
0.047124
-0.063783
-0.001350
-0.076378
-0.111695
-0.101139
-0.091236
-0.060637
-0.087509
-0.050266
-0.078420
-0.059406
-0.070016
-0.064172
-0.068760
-0.067580
-0.083280
-0.078290
-0.086264
-0.090805
-0.088929
-0.112230
-0.103050
-0.108936
-0.098950
-0.094383
-0.096678
-0.074909
-0.106334
-0.079199
-0.083389
-0.108356
-0.097283
-0.108499
-0.110246
-0.111284
-0.104437
-0.101558
-0.113495
-0.102707
-0.106084
-0.107549
-0.111024
-0.109490
-0.114160
-0.110327
-0.110057
-0.109570
-0.112978
-0.110481
-0.103940
-0.111036
-0.111266
-0.108741
-0.112871
-0.112509
-0.112810
-0.104660
-0.106604
-0.109950
-0.100894
-0.111668
-0.107028
-0.107169
-0.113377
-0.114534
-0.112255
-0.112246
-0.111321
-0.112644
-0.111006
-0.109561
-0.110384
-0.109765
-0.105359
-0.108843
-0.103893
-0.110289
-0.106323
-0.109202
-0.111176
-0.110906
-0.114483
0.005015
0.218052
0.215920
0.050837
-0.027697
0.004592
0.157880
0.071257
-0.026422
0.034612
-0.007168
0.012331
-0.073318
-0.030547
-0.001676
-0.099416
-0.014133
-0.031661
-0.058078
-0.039276
-0.097182
-0.029302
-0.075967
-0.048692
-0.065121
-0.114193
-0.087495
-0.082376
-0.088929
-0.096721
-0.062890
-0.080928
-0.095511
-0.085354
-0.097185
-0.110206
-0.100919
-0.084559
-0.105918
-0.084309
-0.093956
-0.101733
-0.092448
-0.106982
-0.092838
-0.108523
-0.098564
-0.098251
-0.114109
-0.101670
-0.103794
-0.106341
-0.105146
-0.106048
-0.100660
-0.106667
-0.112171
-0.109628
-0.111862
-0.112045
-0.114486
-0.115067
-0.112873
-0.112343
-0.114725
-0.113539
-0.109080
-0.108959
-0.114219
-0.109315
-0.110195
-0.110304
-0.111228
-0.112830
-0.109332
-0.112056
-0.111355
-0.108298
-0.113404
-0.109497
-0.113263
-0.110909
-0.109474
-0.111629
-0.108097
-0.112425
-0.111060
-0.110421
-0.111587
-0.114751
-0.108534
-0.109235
-0.113426
-0.107847
-0.110968
-0.112617
-0.111705
-0.111536
-0.110771
-0.112297
2.686428
0.218007
0.260451
0.019422
0.283757
0.391863
0.143894
0.119985
0.187156
0.131479
-0.004377
0.031150
0.083030
-0.081029
0.027328
0.014605
-0.060248
-0.052790
-0.015140
-0.067132
-0.057664
-0.030227
-0.053095
-0.061648
-0.044861
-0.048765
-0.097144
-0.050577
-0.057646
-0.096008
-0.049950
-0.075913
-0.082728
-0.062918
-0.092766
-0.088360
-0.074719
-0.094414
-0.090513
-0.086571
-0.090657
-0.107105
-0.092752
-0.099408
-0.102916
-0.099768
-0.088532
-0.103344
-0.096658
-0.092968
-0.110855
-0.098436
-0.097516
-0.101171
-0.106927
-0.096591
-0.097831
-0.111184
-0.107481
-0.110497
-0.113018
-0.114174
-0.114507
-0.115250
-0.112698
-0.106483
-0.108778
-0.109469
-0.103245
-0.106518
-0.109221
-0.109488
-0.107420
-0.110071
-0.110945
-0.106863
-0.112108
-0.109483
-0.110013
-0.109585
-0.114202
-0.108169
-0.109663
-0.109452
-0.107319
-0.108093
-0.111164
-0.110324
-0.106721
-0.111128
-0.108077
-0.104885
-0.114549
-0.105159
-0.108357
-0.113427
-0.108927
-0.110015
-0.114188
-0.110271
0.151665
0.392306
0.737719
0.276119
0.364837
0.547946
0.197149
0.124002
0.291628
0.116064
0.010443
0.161039
0.011739
-0.020983
0.006952
-0.064942
-0.035564
-0.052142
-0.056876
-0.064062
-0.079501
-0.075533
-0.072611
-0.100832
-0.091193
-0.089580
-0.113815
-0.093160
-0.099621
-0.107825
-0.098239
-0.105056
-0.108374
-0.100388
-0.107124
-0.106203
-0.103174
-0.114022
-0.102298
-0.101374
-0.107704
-0.104565
-0.104175
-0.107682
-0.103392
-0.106923
-0.106011
-0.103842
-0.112076
-0.098918
-0.102315
-0.109714
-0.096390
-0.103908
-0.108702
-0.100820
-0.104268
-0.114663
-0.108103
-0.111626
-0.114154
-0.114785
-0.114306
-0.112446
-0.112468
-0.106709
-0.108980
-0.111414
-0.106314
-0.107156
-0.113222
-0.106485
-0.107520
-0.113762
-0.109304
-0.111788
-0.113310
-0.112323
-0.113150
-0.112733
-0.113696
-0.112287
-0.112622
-0.113181
-0.112018
-0.111181
-0.114050
-0.111703
-0.111389
-0.115006
-0.112178
-0.113085
-0.114760
-0.113908
-0.113663
-0.114102
-0.114031
-0.114007
-0.113994
-0.112802
0.092584
1.716533
2.650399
1.248378
0.391963
0.833768
0.124683
0.204732
0.222192
0.058155
-0.083575
0.076082
0.030763
-0.073191
0.011913
-0.029011
-0.093169
-0.048705
-0.053930
-0.108233
-0.080630
-0.071575
-0.096407
-0.096321
-0.090941
-0.099489
-0.106032
-0.099701
-0.107067
-0.111683
-0.109528
-0.109477
-0.109969
-0.111276
-0.107538
-0.109747
-0.105568
-0.108325
-0.109513
-0.106681
-0.105611
-0.112327
-0.108398
-0.106316
-0.112266
-0.107720
-0.104275
-0.109460
-0.109166
-0.105976
-0.113230
-0.106283
-0.104432
-0.106273
-0.111782
-0.101384
-0.101533
-0.109283
-0.095991
-0.103855
-0.111132
-0.110435
-0.104858
-0.103378
-0.114726
-0.101189
-0.106096
-0.112433
-0.106781
-0.110860
-0.113945
-0.110450
-0.109554
-0.112992
-0.109921
-0.110996
-0.114643
-0.111323
-0.111781
-0.112000
-0.114176
-0.111067
-0.111380
-0.113842
-0.112156
-0.113325
-0.114426
-0.113366
-0.113097
-0.115276
-0.114398
-0.114362
-0.115046
-0.114072
-0.114157
-0.114744
-0.114653
-0.114769
-0.114761
-0.114926
-0.092701
0.298758
0.749665
0.557294
0.209804
0.389985
0.318573
0.125250
-0.098146
0.048903
0.088545
-0.013560
-0.020662
0.011107
-0.061538
-0.054074
-0.083970
-0.097295
-0.096269
-0.102344
-0.109221
-0.102553
-0.102537
-0.104044
-0.099213
-0.108391
-0.104103
-0.106326
-0.109622
-0.105089
-0.111244
-0.106274
-0.107451
-0.112357
-0.108794
-0.111599
-0.109358
-0.109893
-0.112435
-0.109993
-0.113305
-0.112696
-0.113813
-0.112902
-0.113356
-0.110038
-0.111083
-0.108716
-0.106678
-0.109696
-0.104103
-0.106719
-0.114941
-0.107505
-0.104267
-0.105398
-0.110367
-0.110749
-0.107767
-0.112172
-0.112686
-0.112854
-0.111973
-0.109702
-0.111104
-0.108919
-0.107860
-0.111049
-0.115254
-0.110952
-0.109024
-0.111328
-0.114297
-0.110376
-0.111437
-0.114297
-0.113212
-0.114343
-0.114267
-0.114833
-0.115027
-0.114217
-0.114188
-0.115361
-0.114129
-0.114049
-0.114042
-0.114200
-0.115413
-0.114103
-0.113944
-0.114240
-0.113894
-0.114967
-0.114531
-0.114574
-0.114765
-0.114712
-0.114934
-0.114654
-0.403605
0.047671
-0.038354
-0.625614
-0.115526
-0.115529
2.335034
0.420304
3.223129
1.433615
-0.115529
-0.115532
-0.133271
0.206357
0.421182
-0.600940
-0.115528
-0.115532
-0.057556
0.076315
0.287838
-0.445274
-0.115528
-0.115531
-0.140459
0.348948
0.437707
-0.970541
-0.115530
-0.115532
-0.128871
0.080013
0.245266
-0.431066
-0.115527
-0.115531
4.927667
0.956215
6.917011
3.211458
-0.115528
-0.115531
0.172271
-0.026322
-0.061670
-0.068864
-0.109421
-0.109352
-0.108984
-0.112282
-0.112983
-0.113659
-0.113165
-0.113736
-0.113071
-0.113563
-0.114823
-0.114600
-0.114676
-0.115183
-0.114122
-0.114413
-0.114544
-0.114164
-0.114847
-0.114729
-0.114352
-0.113281
-0.113547
-0.113846
-0.111963
-0.113271
-0.114100
-0.115050
-0.113152
-0.113501
-0.113260
-0.114309
-0.114636
-0.115393
-0.115334
-0.115306
-0.115312
-0.115381
-0.115441
-0.115194
-0.115300
-0.115398
-0.115396
-0.115406
-0.115428
-0.115288
-0.115456
-0.115349
-0.115297
-0.115474
-0.115506
-0.115376
-0.115121
-0.114975
-0.114731
-0.114828
-0.115151
-0.115296
-0.115154
-0.114873
-0.115092
-0.115227
-0.115222
-0.115265
-0.115420
-0.115410
-0.115420
-0.115432
-0.115419
-0.115435
-0.115369
-0.115476
-0.115404
-0.115440
-0.115465
-0.115421
-0.115426
-0.115496
-0.115380
-0.115501
-0.115487
-0.115463
-0.115459
-0.115444
-0.115362
-0.115148
-0.115274
-0.115396
-0.115407
-0.115258
-0.115261
-0.115294
-0.115433
-0.115415
-0.115469
-0.115461
2.336522
-0.099672
0.237220
-0.013076
-0.047020
-0.083255
-0.103551
-0.098964
-0.107034
-0.103953
-0.107627
-0.104259
-0.107855
-0.107211
-0.110235
-0.108727
-0.110468
-0.109903
-0.111289
-0.108981
-0.110498
-0.108710
-0.111387
-0.108857
-0.111112
-0.107244
-0.106841
-0.112995
-0.101699
-0.103629
-0.115053
-0.113130
-0.112251
-0.102171
-0.111546
-0.108149
-0.113613
-0.113866
-0.113943
-0.114565
-0.113978
-0.114806
-0.113906
-0.114660
-0.113893
-0.114525
-0.114087
-0.114443
-0.114268
-0.114568
-0.113968
-0.114558
-0.113743
-0.114569
-0.113622
-0.114895
-0.112927
-0.113157
-0.113612
-0.111305
-0.114884
-0.114682
-0.113631
-0.113301
-0.113659
-0.113980
-0.113820
-0.114413
-0.114857
-0.114615
-0.114919
-0.114571
-0.114908
-0.114671
-0.114973
-0.114503
-0.114549
-0.114637
-0.114719
-0.114647
-0.114689
-0.114494
-0.114756
-0.114599
-0.114701
-0.114511
-0.114887
-0.114337
-0.114374
-0.114322
-0.113723
-0.114806
-0.114769
-0.114136
-0.114047
-0.115366
-0.114433
-0.114897
-0.114548
-0.115057
-0.095649
-0.081825
0.105230
-0.109733
-0.074137
-0.106927
-0.111659
-0.112823
-0.112664
-0.114953
-0.113004
-0.114828
-0.115123
-0.114356
-0.113790
-0.115339
-0.115246
-0.113903
-0.115273
-0.115192
-0.115328
-0.114678
-0.115361
-0.114396
-0.114973
-0.113422
-0.112676
-0.110958
-0.111643
-0.105043
-0.113821
-0.111501
-0.112780
-0.108510
-0.114183
-0.112738
-0.115032
-0.115270
-0.115208
-0.115232
-0.115368
-0.115074
-0.115270
-0.115249
-0.115083
-0.115409
-0.115249
-0.115374
-0.115256
-0.115440
-0.115429
-0.115514
-0.115339
-0.115486
-0.115266
-0.115477
-0.114941
-0.114629
-0.114497
-0.113740
-0.113961
-0.115385
-0.114190
-0.114336
-0.114385
-0.114988
-0.114939
-0.115331
-0.115326
-0.115395
-0.115385
-0.115469
-0.115341
-0.115528
-0.115394
-0.115271
-0.115458
-0.115080
-0.115441
-0.114998
-0.115385
-0.115292
-0.115473
-0.115433
-0.115497
-0.115435
-0.115443
-0.115318
-0.115084
-0.115109
-0.114483
-0.115304
-0.115065
-0.115102
-0.114984
-0.115235
-0.115284
-0.115304
-0.115431
-0.115381
-0.058100
-0.061014
0.000612
-0.091254
-0.102889
-0.098224
-0.102268
-0.104899
-0.108013
-0.107928
-0.109129
-0.109881
-0.110561
-0.110507
-0.111404
-0.111204
-0.111929
-0.111677
-0.112252
-0.111935
-0.112772
-0.112077
-0.112688
-0.112260
-0.112916
-0.111189
-0.111493
-0.112314
-0.110978
-0.110744
-0.112864
-0.112603
-0.113365
-0.112163
-0.114189
-0.114544
-0.114260
-0.114708
-0.114058
-0.114537
-0.114148
-0.114371
-0.114212
-0.114391
-0.114220
-0.114408
-0.114284
-0.114441
-0.114316
-0.114409
-0.114259
-0.114493
-0.114319
-0.114479
-0.114355
-0.114710
-0.114179
-0.114388
-0.114067
-0.113891
-0.114282
-0.114350
-0.113847
-0.113984
-0.115125
-0.114486
-0.115050
-0.114690
-0.114916
-0.114644
-0.114816
-0.114658
-0.114744
-0.114638
-0.114726
-0.114621
-0.114647
-0.114811
-0.114763
-0.114853
-0.114691
-0.114646
-0.114723
-0.114656
-0.114683
-0.114662
-0.114775
-0.114702
-0.114797
-0.114638
-0.114777
-0.114702
-0.114813
-0.114401
-0.114420
-0.114804
-0.114602
-0.114845
-0.114722
-0.114872
-0.091221
0.199069
-0.039839
-0.078991
-0.113480
-0.101439
-0.096998
-0.105592
-0.106407
-0.108620
-0.108692
-0.109865
-0.109842
-0.110694
-0.110528
-0.111343
-0.111143
-0.111718
-0.111452
-0.112092
-0.111734
-0.112281
-0.111981
-0.112467
-0.111702
-0.110144
-0.111708
-0.113466
-0.108918
-0.109325
-0.112005
-0.113493
-0.108904
-0.112802
-0.114628
-0.114752
-0.113893
-0.114084
-0.114518
-0.114174
-0.114434
-0.114255
-0.114459
-0.114264
-0.114460
-0.114292
-0.114428
-0.114310
-0.114433
-0.114249
-0.114517
-0.114293
-0.114482
-0.114335
-0.114577
-0.114315
-0.113899
-0.114168
-0.114405
-0.113211
-0.113436
-0.114278
-0.113817
-0.114842
-0.114427
-0.114821
-0.114765
-0.114622
-0.114659
-0.114745
-0.114656
-0.114710
-0.114692
-0.114757
-0.114639
-0.114815
-0.114606
-0.114618
-0.114780
-0.114636
-0.114590
-0.114836
-0.114650
-0.114803
-0.114753
-0.114827
-0.114780
-0.114576
-0.114753
-0.114627
-0.114317
-0.114557
-0.114423
-0.114287
-0.115049
-0.114613
-0.114805
-0.114756
-0.114725
-0.114719
-0.101666
-0.069087
-0.047932
-0.009451
-0.087132
-0.107024
-0.110388
-0.114385
-0.114385
-0.115196
-0.114436
-0.115291
-0.114597
-0.115273
-0.114932
-0.115360
-0.115075
-0.115377
-0.115048
-0.115251
-0.114860
-0.115186
-0.114638
-0.115108
-0.114137
-0.113551
-0.113579
-0.110486
-0.108490
-0.113092
-0.113222
-0.115191
-0.114749
-0.112248
-0.109744
-0.114352
-0.113853
-0.115008
-0.114686
-0.115191
-0.114957
-0.115146
-0.115012
-0.115239
-0.115095
-0.115345
-0.115125
-0.115353
-0.115158
-0.115369
-0.115275
-0.115302
-0.115198
-0.115408
-0.115265
-0.115342
-0.115081
-0.114909
-0.114201
-0.114367
-0.115211
-0.114851
-0.115454
-0.114922
-0.114472
-0.114375
-0.115399
-0.115058
-0.115296
-0.115165
-0.115305
-0.115243
-0.115252
-0.115201
-0.115178
-0.115204
-0.115447
-0.115214
-0.115461
-0.115189
-0.115370
-0.115414
-0.115189
-0.115191
-0.115265
-0.115208
-0.115289
-0.115180
-0.115376
-0.115030
-0.115082
-0.115460
-0.115170
-0.115498
-0.115105
-0.114942
-0.115143
-0.115314
-0.115385
-0.115367
