-1.633006
2.457223
3.136140
-7.629954
-0.117623
-0.117621
0.655648
1.292190
5.842220
-0.992445
-0.117616
-0.117614
2.391505
1.727015
4.819953
-3.448909
-0.117626
-0.117612
-1.082943
3.030328
7.418005
-5.591999
-0.117619
-0.117620
-2.004368
5.608381
7.639448
-9.874229
-0.117621
-0.117625
-1.163142
1.404518
0.985022
-3.831057
-0.117621
-0.117625
11.869930
-0.116845
11.871740
11.868459
-0.117621
-0.117623
7.898845
3.008908
12.442939
3.571307
-0.117620
-0.117625
1.389639
1.238628
0.658025
0.448073
0.266592
0.136460
0.207586
0.149428
0.136977
0.076700
0.021086
-0.029966
-0.057430
-0.079011
-0.063668
-0.079384
-0.092409
-0.091277
-0.092878
-0.089025
-0.078516
-0.078251
-0.070931
-0.075969
-0.086687
-0.092767
-0.091208
-0.095833
-0.101017
-0.105389
-0.112632
-0.103035
-0.098799
-0.104017
-0.106928
-0.107435
-0.105555
-0.104840
-0.105268
-0.106305
-0.109042
-0.112028
-0.110894
-0.111822
-0.112822
-0.112628
-0.113804
-0.113573
-0.113356
-0.113294
-0.112638
-0.111354
-0.112113
-0.111740
-0.113321
-0.113334
-0.112411
-0.113458
-0.114346
-0.116222
-0.116251
-0.114725
-0.114265
-0.114690
-0.115646
-0.114994
-0.115625
-0.115280
-0.116023
-0.116331
-0.116551
-0.116944
-0.116846
-0.116854
-0.117166
-0.116887
-0.116983
-0.117198
-0.117088
-0.116943
-0.117090
-0.116910
-0.117220
-0.117163
-0.117348
-0.117389
-0.117229
-0.117360
-0.117399
-0.117531
-0.117488
-0.117463
-0.117431
-0.117438
-0.117515
-0.117443
-0.117485
-0.117505
-0.117536
-0.117574
0.649678
0.552394
0.125233
-0.025196
0.002870
0.180374
0.139940
0.179117
0.100301
0.072066
0.055750
0.082662
0.027563
-0.013071
-0.037783
-0.063506
-0.062162
-0.062715
-0.058615
-0.065889
-0.085450
-0.086511
-0.075473
-0.082195
-0.083516
-0.087638
-0.102276
-0.111039
-0.105381
-0.106190
-0.107603
-0.109886
-0.114340
-0.110628
-0.109607
-0.113826
-0.104827
-0.109828
-0.103407
-0.106670
-0.103854
-0.101799
-0.100678
-0.106272
-0.105271
-0.107617
-0.108495
-0.105616
-0.109084
-0.113118
-0.112916
-0.113856
-0.113945
-0.113170
-0.114414
-0.112267
-0.115532
-0.116421
-0.115307
-0.114077
-0.115398
-0.114773
-0.116310
-0.115937
-0.114663
-0.116213
-0.115724
-0.115707
-0.116658
-0.115352
-0.116269
-0.115529
-0.114905
-0.116683
-0.116074
-0.115185
-0.116751
-0.115800
-0.115700
-0.117477
-0.116422
-0.116237
-0.117054
-0.116370
-0.116641
-0.116467
-0.116771
-0.116696
-0.116670
-0.116637
-0.116696
-0.116571
-0.116604
-0.116809
-0.116543
-0.116654
-0.116778
-0.116590
-0.116669
-0.116740
2.395833
0.331012
0.607609
0.586295
0.437027
0.201324
0.026063
-0.022013
-0.045210
-0.049683
-0.037744
-0.059398
-0.074737
-0.088302
-0.091224
-0.093359
-0.092093
-0.103134
-0.100853
-0.088135
-0.085365
-0.100509
-0.099397
-0.114669
-0.106955
-0.096094
-0.083537
-0.084786
-0.100111
-0.110299
-0.110770
-0.108644
-0.098334
-0.104652
-0.100091
-0.110336
-0.108558
-0.111835
-0.112373
-0.111333
-0.115477
-0.113226
-0.115773
-0.113705
-0.114382
-0.116263
-0.113533
-0.114778
-0.114806
-0.115494
-0.111327
-0.115783
-0.113340
-0.113656
-0.116401
-0.112004
-0.113215
-0.110483
-0.116000
-0.114545
-0.114292
-0.115891
-0.111710
-0.115798
-0.113825
-0.116585
-0.115039
-0.114892
-0.116549
-0.114676
-0.115841
-0.115662
-0.115631
-0.115452
-0.115807
-0.115680
-0.115524
-0.115834
-0.115593
-0.115843
-0.115513
-0.115813
-0.115769
-0.115510
-0.116087
-0.115389
-0.116087
-0.115496
-0.115906
-0.115778
-0.115741
-0.115854
-0.115731
-0.115801
-0.115785
-0.115809
-0.115832
-0.115756
-0.115859
-0.115779
0.830871
1.368874
0.990841
0.766738
0.449591
0.344039
0.258930
0.013817
0.029162
-0.074743
-0.085360
-0.081149
-0.104489
-0.097892
-0.103445
-0.084568
-0.096144
-0.093343
-0.100136
-0.098176
-0.107221
-0.113957
-0.083265
-0.094246
-0.084370
-0.079837
-0.099597
-0.083892
-0.109565
-0.102766
-0.107338
-0.098878
-0.104060
-0.100333
-0.095300
-0.109432
-0.099076
-0.109925
-0.108940
-0.107658
-0.108667
-0.110824
-0.108953
-0.110041
-0.110999
-0.110451
-0.110498
-0.109498
-0.111846
-0.109676
-0.109968
-0.112776
-0.109742
-0.108510
-0.114462
-0.105975
-0.113085
-0.109402
-0.111962
-0.111688
-0.111657
-0.112127
-0.110517
-0.113962
-0.108978
-0.113459
-0.111418
-0.111676
-0.112734
-0.112211
-0.111977
-0.112541
-0.112206
-0.112331
-0.112380
-0.112531
-0.112543
-0.112428
-0.112660
-0.112590
-0.112491
-0.112569
-0.112871
-0.112267
-0.113128
-0.112561
-0.112671
-0.112853
-0.112700
-0.112767
-0.112698
-0.112948
-0.112647
-0.112955
-0.112765
-0.112822
-0.112879
-0.112793
-0.112860
-0.112859
1.701672
3.450576
1.332131
0.947892
0.195075
-0.029417
0.145018
0.304321
0.098456
0.140767
0.140981
-0.101362
-0.016537
0.015307
-0.038540
0.000485
-0.003401
-0.013218
-0.040028
-0.065143
-0.049121
-0.065835
-0.069036
-0.040924
-0.050884
-0.055823
-0.063568
-0.058330
-0.093869
-0.053682
-0.064585
-0.059395
-0.072984
-0.064852
-0.076197
-0.080031
-0.080183
-0.079623
-0.081361
-0.079027
-0.073025
-0.080577
-0.083690
-0.079090
-0.088342
-0.087162
-0.081220
-0.084563
-0.083373
-0.083710
-0.085290
-0.088339
-0.089339
-0.087460
-0.087914
-0.087434
-0.086562
-0.086917
-0.091359
-0.090259
-0.090762
-0.093095
-0.090988
-0.090233
-0.090624
-0.091124
-0.091130
-0.092398
-0.093003
-0.092776
-0.092561
-0.092534
-0.093000
-0.092405
-0.093362
-0.094173
-0.093499
-0.094172
-0.094257
-0.093764
-0.094049
-0.094347
-0.094445
-0.094622
-0.094841
-0.094939
-0.094777
-0.095005
-0.094872
-0.095000
-0.094849
-0.095305
-0.095201
-0.095283
-0.095282
-0.095309
-0.095240
-0.095333
-0.095395
-0.095384
0.915060
0.808529
0.178139
0.256150
0.057265
-0.045113
0.050769
-0.087379
-0.027545
-0.062974
-0.073460
-0.105581
-0.114116
-0.098982
-0.094391
-0.103470
-0.096285
-0.101139
-0.110496
-0.112484
-0.107556
-0.106991
-0.102923
-0.105678
-0.102631
-0.109997
-0.108799
-0.108571
-0.114277
-0.106443
-0.109584
-0.108033
-0.109864
-0.112262
-0.110991
-0.115009
-0.108744
-0.113236
-0.110702
-0.113104
-0.112127
-0.113622
-0.113159
-0.112805
-0.112960
-0.113138
-0.112629
-0.112762
-0.113598
-0.113430
-0.113463
-0.113708
-0.113486
-0.112319
-0.113487
-0.112874
-0.114888
-0.113546
-0.114266
-0.113656
-0.113520
-0.114251
-0.113663
-0.114850
-0.114011
-0.114293
-0.113688
-0.114039
-0.114239
-0.114257
-0.114278
-0.114423
-0.114317
-0.114278
-0.114357
-0.114377
-0.114373
-0.114423
-0.114523
-0.114457
-0.114546
-0.114443
-0.114591
-0.114395
-0.114606
-0.114546
-0.114637
-0.114593
-0.114566
-0.114592
-0.114539
-0.114624
-0.114588
-0.114657
-0.114643
-0.114620
-0.114633
-0.114610
-0.114648
-0.114643
-0.345853
0.036754
-0.037145
-0.565398
-0.117619
-0.117623
2.387403
0.422352
3.225559
1.587251
-0.117621
-0.117625
-0.249246
0.197959
0.278580
-0.751345
-0.117620
-0.117624
-0.131525
0.150164
0.402738
-0.517440
-0.117620
-0.117624
-0.168778
0.369787
0.575118
-0.958144
-0.117620
-0.117624
-0.123627
0.003782
0.117161
-0.326107
-0.117620
-0.117624
5.017709
0.873920
6.925965
3.489656
-0.117620
-0.117623
0.110554
-0.033185
-0.090763
-0.089130
-0.074505
-0.094283
-0.102659
-0.107235
-0.109930
-0.109433
-0.112003
-0.113339
-0.112568
-0.114488
-0.113611
-0.114962
-0.115958
-0.113992
-0.113059
-0.113811
-0.114040
-0.114250
-0.115174
-0.115150
-0.115346
-0.115703
-0.115570
-0.116261
-0.116098
-0.115747
-0.115518
-0.114426
-0.113370
-0.113680
-0.115166
-0.114991
-0.114252
-0.114926
-0.116437
-0.116589
-0.116485
-0.116174
-0.116314
-0.116483
-0.116211
-0.116256
-0.116380
-0.116341
-0.116462
-0.116280
-0.116235
-0.116503
-0.116462
-0.116571
-0.116644
-0.116517
-0.116549
-0.116427
-0.116606
-0.116555
-0.116647
-0.116572
-0.116526
-0.116555
-0.116544
-0.116010
-0.116659
-0.116754
-0.116400
-0.116334
-0.116822
-0.116947
-0.116310
-0.116693
-0.116700
-0.116715
-0.116704
-0.116651
-0.116732
-0.116688
-0.116667
-0.116605
-0.116694
-0.116736
-0.116741
-0.116798
-0.116800
-0.116742
-0.116715
-0.116776
-0.116709
-0.116795
-0.116656
-0.116681
-0.116609
-0.116566
-0.116678
-0.116763
-0.116903
-0.117079
2.389204
-0.055178
0.144427
0.100180
-0.056679
-0.012347
-0.070390
-0.082069
-0.084967
-0.090305
-0.094000
-0.096637
-0.098888
-0.100732
-0.101086
-0.102433
-0.104579
-0.105367
-0.105034
-0.107679
-0.106166
-0.108214
-0.106456
-0.109343
-0.108163
-0.110682
-0.109952
-0.111439
-0.113006
-0.112635
-0.112149
-0.112805
-0.092949
-0.106611
-0.108237
-0.105612
-0.103916
-0.107101
-0.112954
-0.110077
-0.112485
-0.110746
-0.112921
-0.112017
-0.112629
-0.112702
-0.112608
-0.112833
-0.112754
-0.112839
-0.112891
-0.112674
-0.113393
-0.112842
-0.113793
-0.113064
-0.113989
-0.113370
-0.113698
-0.113764
-0.113563
-0.114094
-0.113239
-0.113601
-0.112989
-0.114400
-0.111594
-0.114580
-0.113368
-0.113917
-0.112975
-0.115287
-0.113892
-0.115458
-0.114286
-0.115018
-0.114451
-0.114629
-0.114713
-0.114474
-0.114836
-0.114548
-0.114846
-0.114759
-0.114719
-0.114976
-0.114623
-0.115015
-0.114578
-0.114962
-0.114651
-0.114693
-0.114954
-0.114075
-0.115080
-0.113624
-0.115385
-0.114886
-0.115636
-0.114565
0.015384
-0.068916
0.065321
-0.015969
-0.087712
-0.074707
-0.105460
-0.108704
-0.109642
-0.110871
-0.112937
-0.113838
-0.114900
-0.115134
-0.113747
-0.115143
-0.114009
-0.114771
-0.114471
-0.115523
-0.114082
-0.115295
-0.115292
-0.115142
-0.115764
-0.114425
-0.115574
-0.115152
-0.115336
-0.114630
-0.112367
-0.111800
-0.107968
-0.115501
-0.115683
-0.114127
-0.111590
-0.112064
-0.115861
-0.115802
-0.115891
-0.116926
-0.116247
-0.116621
-0.116465
-0.116397
-0.116439
-0.116305
-0.116634
-0.116338
-0.116751
-0.116466
-0.116651
-0.116460
-0.116714
-0.116540
-0.116441
-0.116699
-0.116399
-0.116975
-0.116481
-0.116813
-0.116443
-0.115947
-0.117500
-0.116834
-0.114124
-0.116893
-0.115968
-0.117365
-0.117286
-0.114751
-0.116271
-0.115858
-0.116198
-0.116290
-0.116141
-0.116361
-0.116226
-0.116453
-0.116283
-0.116425
-0.116243
-0.116432
-0.116305
-0.116360
-0.116420
-0.116335
-0.116454
-0.116332
-0.116574
-0.116249
-0.116567
-0.116057
-0.116305
-0.116519
-0.116141
-0.115902
-0.116223
-0.116275
-0.104076
-0.048913
0.014137
-0.023262
-0.072327
-0.092953
-0.096547
-0.103450
-0.103179
-0.106382
-0.106461
-0.108164
-0.109291
-0.109857
-0.110775
-0.110762
-0.111979
-0.111669
-0.112566
-0.112594
-0.113026
-0.113385
-0.113318
-0.114322
-0.113736
-0.114701
-0.114204
-0.114890
-0.115070
-0.114995
-0.117270
-0.117180
-0.106357
-0.112886
-0.113444
-0.113836
-0.111673
-0.111139
-0.114724
-0.112943
-0.114678
-0.114425
-0.114999
-0.115018
-0.115018
-0.115374
-0.115076
-0.115578
-0.115264
-0.115631
-0.115490
-0.115615
-0.115726
-0.115594
-0.115922
-0.115623
-0.116007
-0.115728
-0.116006
-0.115894
-0.115879
-0.116218
-0.115583
-0.115875
-0.115624
-0.116226
-0.115597
-0.116496
-0.116004
-0.115872
-0.115495
-0.117220
-0.116548
-0.116890
-0.116677
-0.116649
-0.116766
-0.116573
-0.116855
-0.116582
-0.116846
-0.116635
-0.116793
-0.116742
-0.116715
-0.116854
-0.116673
-0.116922
-0.116662
-0.116922
-0.116716
-0.116819
-0.116807
-0.116605
-0.116951
-0.116189
-0.117272
-0.117139
-0.116982
-0.116836
-0.066215
0.194303
0.001205
-0.061412
-0.097371
-0.098412
-0.086550
-0.101764
-0.104197
-0.104958
-0.106840
-0.108413
-0.108551
-0.109264
-0.109570
-0.110529
-0.110557
-0.111404
-0.111386
-0.111990
-0.112197
-0.112152
-0.112701
-0.112433
-0.113317
-0.112996
-0.113485
-0.113525
-0.113801
-0.113130
-0.111437
-0.116175
-0.115460
-0.105842
-0.112855
-0.109077
-0.112113
-0.115976
-0.114342
-0.115309
-0.115341
-0.115105
-0.114921
-0.115152
-0.115130
-0.115054
-0.115368
-0.115207
-0.115441
-0.115282
-0.115489
-0.115435
-0.115494
-0.115586
-0.115501
-0.115762
-0.115553
-0.115758
-0.115689
-0.115846
-0.115794
-0.115741
-0.116226
-0.115548
-0.116226
-0.115100
-0.115599
-0.115280
-0.115596
-0.114811
-0.116570
-0.115552
-0.116056
-0.115902
-0.116165
-0.116055
-0.116110
-0.116171
-0.116087
-0.116243
-0.116086
-0.116249
-0.116157
-0.116233
-0.116220
-0.116196
-0.116295
-0.116179
-0.116333
-0.116174
-0.116327
-0.116266
-0.116200
-0.116249
-0.116262
-0.116489
-0.115535
-0.116909
-0.116486
-0.116289
-0.111391
-0.109508
-0.110163
-0.061873
-0.057563
-0.105827
-0.103219
-0.113405
-0.114588
-0.114913
-0.115616
-0.116038
-0.115957
-0.116008
-0.116233
-0.116472
-0.116457
-0.116609
-0.116584
-0.116654
-0.116821
-0.116778
-0.116966
-0.116666
-0.117051
-0.117010
-0.117000
-0.117569
-0.115895
-0.116648
-0.113448
-0.111683
-0.116474
-0.116387
-0.116355
-0.117093
-0.116007
-0.114908
-0.114120
-0.117096
-0.116947
-0.117139
-0.116962
-0.117165
-0.116998
-0.117068
-0.117074
-0.117073
-0.117096
-0.117047
-0.117096
-0.117072
-0.117086
-0.117118
-0.117057
-0.117144
-0.117062
-0.117140
-0.117104
-0.117100
-0.117240
-0.117051
-0.117037
-0.116882
-0.116651
-0.116305
-0.117222
-0.116674
-0.117396
-0.117071
-0.117192
-0.116966
-0.116567
-0.116901
-0.117198
-0.117112
-0.117244
-0.117154
-0.117190
-0.117193
-0.117163
-0.117203
-0.117165
-0.117192
-0.117185
-0.117168
-0.117199
-0.117154
-0.117202
-0.117156
-0.117164
-0.117212
-0.117036
-0.117261
-0.116755
-0.117193
-0.117106
-0.117125
-0.116933
-0.117237
