-1.203795
1.937882
2.481221
-5.933142
-0.118875
-0.118873
-0.009136
1.008491
3.266738
-2.821870
-0.118871
-0.118870
2.647415
1.699637
9.509020
-3.103799
-0.118873
-0.118865
-0.544003
1.920548
3.977766
-5.318383
-0.118873
-0.118874
0.038495
5.559824
11.308540
-9.209873
-0.118872
-0.118874
-0.282416
1.960185
3.981583
-4.572582
-0.118873
-0.118873
10.841317
-0.118055
10.842224
10.839727
-0.118874
-0.118875
8.336619
3.148504
14.599363
3.043470
-0.118872
-0.118875
0.962111
0.620961
0.410291
0.663745
0.148917
0.380295
0.164388
0.138190
0.020238
0.005043
-0.079424
0.014082
0.053282
-0.016583
-0.003143
-0.046348
-0.036113
-0.067748
-0.060111
-0.045498
-0.039723
-0.055213
-0.004010
-0.062544
-0.030388
-0.067982
-0.056688
-0.061104
-0.058362
-0.084426
-0.054802
-0.073252
-0.069207
-0.077405
-0.094295
-0.100902
-0.100093
-0.110165
-0.103281
-0.095819
-0.100648
-0.081343
-0.111646
-0.102688
-0.116547
-0.110184
-0.108486
-0.095944
-0.112441
-0.099665
-0.113237
-0.113443
-0.115384
-0.110613
-0.110051
-0.107300
-0.113205
-0.109824
-0.113112
-0.109210
-0.109886
-0.107932
-0.110438
-0.108807
-0.113071
-0.113996
-0.111293
-0.111643
-0.111155
-0.114328
-0.111468
-0.112579
-0.116459
-0.113638
-0.110220
-0.114570
-0.109899
-0.111154
-0.109419
-0.110707
-0.112374
-0.111550
-0.110166
-0.116501
-0.113561
-0.113368
-0.115199
-0.117421
-0.115395
-0.116970
-0.113976
-0.116027
-0.117502
-0.111494
-0.117905
-0.117049
-0.117676
-0.115194
-0.115815
-0.116965
-0.010436
0.243383
0.216601
0.003536
-0.009065
0.181251
0.088732
-0.018188
0.014564
-0.042323
0.000888
-0.029097
-0.051270
0.062514
-0.063444
0.063295
-0.002989
-0.018925
0.006152
-0.065625
0.006488
-0.058505
-0.020177
-0.064951
-0.073710
-0.089107
-0.101179
-0.101798
-0.103507
-0.100912
-0.066524
-0.088442
-0.054127
-0.088954
-0.061625
-0.087063
-0.080918
-0.080193
-0.108120
-0.088758
-0.107486
-0.100847
-0.105286
-0.112250
-0.103736
-0.109959
-0.107982
-0.104959
-0.115692
-0.114967
-0.115985
-0.117872
-0.116511
-0.114745
-0.113221
-0.116655
-0.115157
-0.111363
-0.113365
-0.114305
-0.114488
-0.114776
-0.111102
-0.116348
-0.114888
-0.108678
-0.116307
-0.107172
-0.109947
-0.108767
-0.107306
-0.111480
-0.108669
-0.116025
-0.112435
-0.114226
-0.115246
-0.113955
-0.116003
-0.115383
-0.116283
-0.117094
-0.115449
-0.116733
-0.113328
-0.114964
-0.111393
-0.113180
-0.112504
-0.113811
-0.115428
-0.114567
-0.117805
-0.115496
-0.115946
-0.118200
-0.116653
-0.117151
-0.118130
-0.116547
2.645871
0.353419
0.291799
-0.005448
0.352942
0.333641
0.105700
0.235809
0.218836
0.076112
0.119757
0.129851
-0.007832
0.150471
0.050643
0.088051
0.063985
0.035299
0.015215
0.025002
-0.015337
-0.019760
0.004009
-0.052704
-0.014713
-0.030839
-0.051379
-0.034020
-0.044214
-0.072637
-0.042156
-0.070828
-0.065543
-0.060582
-0.074209
-0.070473
-0.074027
-0.077897
-0.085272
-0.072278
-0.098426
-0.075941
-0.095044
-0.096696
-0.090579
-0.096252
-0.109603
-0.106616
-0.111389
-0.108066
-0.112811
-0.115667
-0.111297
-0.111610
-0.111167
-0.115221
-0.105487
-0.105631
-0.114410
-0.108421
-0.110579
-0.113353
-0.106854
-0.105341
-0.110052
-0.103188
-0.110413
-0.105322
-0.106802
-0.108072
-0.107969
-0.107260
-0.110789
-0.108687
-0.108000
-0.112043
-0.107259
-0.109837
-0.109573
-0.108170
-0.110962
-0.110731
-0.109068
-0.114636
-0.110372
-0.112200
-0.112904
-0.111909
-0.112728
-0.113612
-0.113708
-0.114987
-0.114916
-0.110684
-0.114614
-0.112758
-0.112785
-0.116021
-0.115547
-0.114049
0.303302
0.650273
0.687271
-0.063091
0.374392
0.326727
-0.030204
0.261140
0.079920
0.075775
0.126130
-0.044516
-0.017519
0.058753
-0.072380
0.016542
-0.027953
-0.067363
-0.050514
-0.106210
-0.070704
-0.088212
-0.097112
-0.090077
-0.112012
-0.115675
-0.111040
-0.112811
-0.113582
-0.115960
-0.107071
-0.107994
-0.101810
-0.108239
-0.097047
-0.108002
-0.096277
-0.095741
-0.109828
-0.089497
-0.104751
-0.110616
-0.097074
-0.106474
-0.111573
-0.101772
-0.114185
-0.104649
-0.110152
-0.115457
-0.117299
-0.115956
-0.118016
-0.117012
-0.116687
-0.116467
-0.112740
-0.113565
-0.115634
-0.109929
-0.116672
-0.112982
-0.111716
-0.117326
-0.113424
-0.113865
-0.117423
-0.113117
-0.115341
-0.114274
-0.112460
-0.115729
-0.114848
-0.116214
-0.117274
-0.116909
-0.117018
-0.117218
-0.118366
-0.117355
-0.117400
-0.117319
-0.118245
-0.117352
-0.118225
-0.116885
-0.115537
-0.115780
-0.115843
-0.116296
-0.115965
-0.116431
-0.117105
-0.117597
-0.115887
-0.117445
-0.117805
-0.116487
-0.117553
-0.117395
0.041184
2.232156
2.838485
0.557872
0.713873
0.365681
0.184525
0.101620
0.279503
-0.102070
0.060398
-0.000048
-0.080220
-0.019700
-0.041590
-0.059466
-0.036735
-0.109348
-0.080364
-0.083385
-0.102681
-0.100699
-0.080295
-0.116514
-0.099825
-0.092600
-0.114136
-0.094077
-0.105278
-0.104258
-0.106172
-0.110448
-0.107013
-0.104126
-0.116218
-0.113139
-0.106563
-0.114847
-0.111035
-0.104105
-0.110343
-0.104684
-0.109691
-0.112144
-0.106019
-0.107050
-0.115036
-0.105455
-0.102567
-0.112794
-0.100464
-0.104615
-0.117430
-0.111585
-0.107155
-0.107817
-0.112060
-0.110550
-0.111628
-0.115068
-0.112966
-0.114219
-0.111875
-0.117209
-0.114783
-0.115846
-0.115897
-0.115698
-0.115986
-0.116754
-0.115236
-0.118477
-0.116993
-0.115680
-0.118190
-0.117419
-0.115457
-0.116791
-0.117451
-0.115380
-0.116927
-0.117124
-0.116897
-0.116317
-0.116184
-0.117382
-0.116778
-0.116519
-0.118465
-0.117439
-0.115156
-0.117318
-0.116941
-0.115895
-0.116404
-0.117175
-0.117026
-0.117407
-0.117272
-0.117051
0.043179
0.663663
0.855797
0.178611
0.307074
0.286725
0.145349
0.009233
0.018845
0.040401
-0.033929
-0.044572
-0.066035
-0.094827
-0.075536
-0.099412
-0.090651
-0.103770
-0.098937
-0.103959
-0.098601
-0.103677
-0.098511
-0.100923
-0.103981
-0.108022
-0.112115
-0.113037
-0.114412
-0.114649
-0.112655
-0.112571
-0.110388
-0.112179
-0.111138
-0.111068
-0.111023
-0.113569
-0.110116
-0.111743
-0.109192
-0.112320
-0.112485
-0.108722
-0.112007
-0.112355
-0.109128
-0.112079
-0.112004
-0.113418
-0.112260
-0.116535
-0.115197
-0.114387
-0.114159
-0.116124
-0.113470
-0.111783
-0.113608
-0.117787
-0.116116
-0.116144
-0.117374
-0.115576
-0.117585
-0.117723
-0.117555
-0.117816
-0.117524
-0.117514
-0.116683
-0.117441
-0.117207
-0.117099
-0.117232
-0.117670
-0.117748
-0.117427
-0.118459
-0.118525
-0.118252
-0.118240
-0.117742
-0.117354
-0.117815
-0.117341
-0.116915
-0.117303
-0.117224
-0.117415
-0.118248
-0.117992
-0.116776
-0.117610
-0.117296
-0.117142
-0.117333
-0.118163
-0.117256
-0.116643
-0.320171
-0.017230
-0.023877
-0.479350
-0.118871
-0.118872
2.366570
0.265915
2.984392
1.519283
-0.118873
-0.118875
0.040652
0.187127
0.411429
-0.504922
-0.118874
-0.118875
-0.127922
0.084042
0.287651
-0.519469
-0.118873
-0.118874
-0.069917
0.387756
0.623523
-0.713283
-0.118872
-0.118877
-0.235063
0.006215
0.153933
-0.397021
-0.118870
-0.118872
4.627217
0.756590
5.462736
3.052384
-0.118874
-0.118875
0.081600
-0.063237
-0.078723
-0.101752
-0.114665
-0.114084
-0.113094
-0.116125
-0.114528
-0.117932
-0.117737
-0.118152
-0.117011
-0.118391
-0.118592
-0.115444
-0.115203
-0.113008
-0.115875
-0.116547
-0.118143
-0.118214
-0.117694
-0.118010
-0.118161
-0.118514
-0.117977
-0.118112
-0.118022
-0.118113
-0.118103
-0.117685
-0.117550
-0.117593
-0.118558
-0.118630
-0.118652
-0.118723
-0.118536
-0.118613
-0.118558
-0.118572
-0.118433
-0.118478
-0.118468
-0.118557
-0.118557
-0.118449
-0.118498
-0.118531
-0.118651
-0.118455
-0.118717
-0.118570
-0.118524
-0.118585
-0.118556
-0.118543
-0.118545
-0.118599
-0.118595
-0.118603
-0.118598
-0.118582
-0.118584
-0.118523
-0.118522
-0.118549
-0.118633
-0.118585
-0.118588
-0.118606
-0.118600
-0.118618
-0.118625
-0.118626
-0.118629
-0.118619
-0.118614
-0.118618
-0.118626
-0.118608
-0.118609
-0.118661
-0.118663
-0.118671
-0.118661
-0.118651
-0.118642
-0.118648
-0.118651
-0.118645
-0.118645
-0.118642
-0.118647
-0.118647
-0.118647
-0.118645
-0.118651
-0.118671
2.363398
0.032913
0.063643
-0.017608
-0.090698
-0.078230
-0.079310
-0.099146
-0.096569
-0.096744
-0.101327
-0.105408
-0.104074
-0.106492
-0.102676
-0.113130
-0.089356
-0.106147
-0.107125
-0.108576
-0.116158
-0.116465
-0.114896
-0.114536
-0.116702
-0.116512
-0.115336
-0.115991
-0.117930
-0.115883
-0.115898
-0.116611
-0.114688
-0.114974
-0.115938
-0.115371
-0.117561
-0.116774
-0.117424
-0.117651
-0.117352
-0.117583
-0.118185
-0.117299
-0.117602
-0.118433
-0.117647
-0.117197
-0.118722
-0.117920
-0.117558
-0.117522
-0.117510
-0.118335
-0.117795
-0.118199
-0.118617
-0.117933
-0.118034
-0.118721
-0.118291
-0.117999
-0.118329
-0.118733
-0.118234
-0.117834
-0.117993
-0.118227
-0.117873
-0.118613
-0.118241
-0.118279
-0.118498
-0.118671
-0.118356
-0.118360
-0.118630
-0.118516
-0.118332
-0.118489
-0.118599
-0.118385
-0.118372
-0.118584
-0.118676
-0.118521
-0.118648
-0.118657
-0.118502
-0.118514
-0.118607
-0.118551
-0.118502
-0.118568
-0.118572
-0.118522
-0.118537
-0.118576
-0.118553
-0.118587
0.040767
0.051594
0.005352
-0.094436
-0.109096
-0.098972
-0.104062
-0.117341
-0.109811
-0.108699
-0.114327
-0.115549
-0.112167
-0.113773
-0.114171
-0.106873
-0.111035
-0.113880
-0.110987
-0.115760
-0.116355
-0.118748
-0.116541
-0.116296
-0.117666
-0.117519
-0.116537
-0.117248
-0.118069
-0.117265
-0.117217
-0.117811
-0.116635
-0.115908
-0.117576
-0.117515
-0.116648
-0.117510
-0.118095
-0.117463
-0.117268
-0.117831
-0.117942
-0.117437
-0.117546
-0.118142
-0.117677
-0.117325
-0.117550
-0.117288
-0.118150
-0.117929
-0.117503
-0.118195
-0.117920
-0.118026
-0.118070
-0.117904
-0.118019
-0.118135
-0.117982
-0.117991
-0.118123
-0.118061
-0.117921
-0.117978
-0.118590
-0.118038
-0.117937
-0.118552
-0.118208
-0.118094
-0.118145
-0.118207
-0.118160
-0.118140
-0.118209
-0.118199
-0.118158
-0.118200
-0.118207
-0.118182
-0.118272
-0.118151
-0.118233
-0.118270
-0.118181
-0.118220
-0.118181
-0.118198
-0.118238
-0.118219
-0.118207
-0.118229
-0.118235
-0.118217
-0.118220
-0.118235
-0.118219
-0.118218
-0.109100
-0.046483
-0.008894
-0.092332
-0.097281
-0.093713
-0.101046
-0.110109
-0.105418
-0.105905
-0.112379
-0.111717
-0.109055
-0.112942
-0.112936
-0.111400
-0.106790
-0.111864
-0.114367
-0.116470
-0.116357
-0.117752
-0.116230
-0.116036
-0.117837
-0.117310
-0.116334
-0.117305
-0.118359
-0.116951
-0.117250
-0.118305
-0.116654
-0.115970
-0.117347
-0.117568
-0.118018
-0.117458
-0.118565
-0.117966
-0.117528
-0.118100
-0.118462
-0.117703
-0.117808
-0.118571
-0.118026
-0.117629
-0.118014
-0.118136
-0.118110
-0.118095
-0.118440
-0.118026
-0.117974
-0.118406
-0.118447
-0.118037
-0.118184
-0.118580
-0.118215
-0.118098
-0.118428
-0.118420
-0.118124
-0.118306
-0.118454
-0.118305
-0.118223
-0.118556
-0.118438
-0.118263
-0.118395
-0.118505
-0.118331
-0.118328
-0.118487
-0.118424
-0.118329
-0.118428
-0.118482
-0.118375
-0.118358
-0.118447
-0.118493
-0.118448
-0.118463
-0.118450
-0.118402
-0.118423
-0.118466
-0.118436
-0.118421
-0.118455
-0.118453
-0.118429
-0.118443
-0.118447
-0.118431
-0.118454
-0.071390
0.216396
-0.036638
-0.059203
-0.075423
-0.095964
-0.095688
-0.094245
-0.102638
-0.107491
-0.103934
-0.106282
-0.111661
-0.111242
-0.109201
-0.112858
-0.111404
-0.107129
-0.111737
-0.113764
-0.111256
-0.111773
-0.115665
-0.115716
-0.113662
-0.115002
-0.117698
-0.115558
-0.115045
-0.117089
-0.117560
-0.116026
-0.116277
-0.116903
-0.115290
-0.117774
-0.118010
-0.117444
-0.116592
-0.117482
-0.118465
-0.117059
-0.117081
-0.118416
-0.117744
-0.117081
-0.117792
-0.118493
-0.117574
-0.117168
-0.118527
-0.118524
-0.116844
-0.117962
-0.118332
-0.117684
-0.117736
-0.118458
-0.117989
-0.117691
-0.118188
-0.118338
-0.117810
-0.117967
-0.118552
-0.117902
-0.118016
-0.117902
-0.117957
-0.117941
-0.117911
-0.118376
-0.118141
-0.117982
-0.118233
-0.118286
-0.118055
-0.118129
-0.118308
-0.118160
-0.118106
-0.118241
-0.118245
-0.117998
-0.118183
-0.118346
-0.118151
-0.118165
-0.118268
-0.118239
-0.118168
-0.118221
-0.118256
-0.118196
-0.118200
-0.118249
-0.118222
-0.118197
-0.118219
-0.118223
-0.002819
-0.091691
-0.049539
-0.084399
-0.101764
-0.108826
-0.109835
-0.111270
-0.113291
-0.114220
-0.113678
-0.114502
-0.116054
-0.115294
-0.113712
-0.113314
-0.111200
-0.114342
-0.111111
-0.114039
-0.115584
-0.117444
-0.116661
-0.116413
-0.116991
-0.117145
-0.116706
-0.116855
-0.117238
-0.116951
-0.116522
-0.116600
-0.116250
-0.117334
-0.117169
-0.117701
-0.117863
-0.118190
-0.117911
-0.117787
-0.117791
-0.117850
-0.117815
-0.117766
-0.117796
-0.117847
-0.117790
-0.117692
-0.117854
-0.118437
-0.118186
-0.118141
-0.117855
-0.117992
-0.117999
-0.118028
-0.117963
-0.117997
-0.118051
-0.118019
-0.117996
-0.118061
-0.118080
-0.118012
-0.118066
-0.118188
-0.118049
-0.118000
-0.117964
-0.118035
-0.118178
-0.118149
-0.118100
-0.118136
-0.118150
-0.118129
-0.118134
-0.118156
-0.118153
-0.118142
-0.118158
-0.118159
-0.118164
-0.118172
-0.118192
-0.118206
-0.118254
-0.118216
-0.118194
-0.118197
-0.118202
-0.118200
-0.118200
-0.118203
-0.118205
-0.118203
-0.118204
-0.118205
-0.118227
-0.118223
