-1.189547
1.949251
2.808759
-7.898891
-0.117575
-0.117566
0.113673
1.172716
5.042823
-2.487369
-0.117568
-0.117564
2.569986
1.525514
6.905460
-3.767117
-0.117575
-0.117560
-0.382250
2.568641
7.662975
-5.914232
-0.117571
-0.117571
-0.059265
5.199248
10.736602
-8.689964
-0.117572
-0.117573
-0.170786
1.715429
3.449844
-3.906177
-0.117572
-0.117573
10.938399
-0.116845
10.939628
10.937108
-0.117571
-0.117574
7.927722
3.190426
13.765228
3.211227
-0.117571
-0.117575
0.949396
0.600708
0.377032
0.482642
0.373350
0.120942
0.431872
0.174841
0.102156
0.064993
0.018711
0.025304
-0.012430
0.131085
0.005199
0.030603
0.058713
-0.066733
-0.077377
-0.038527
-0.035064
-0.084660
-0.099291
-0.056387
-0.046191
-0.083438
-0.044991
-0.071236
-0.067768
-0.062314
-0.070077
-0.082727
-0.068744
-0.106515
-0.099610
-0.086378
-0.091346
-0.112487
-0.104859
-0.088747
-0.083396
-0.105365
-0.074072
-0.084382
-0.110968
-0.098153
-0.112894
-0.104644
-0.106384
-0.090406
-0.100224
-0.102773
-0.100143
-0.111445
-0.116906
-0.115384
-0.112200
-0.110592
-0.109906
-0.107674
-0.113000
-0.106835
-0.104305
-0.113230
-0.106545
-0.112979
-0.110747
-0.115615
-0.107364
-0.108623
-0.110511
-0.103562
-0.110649
-0.114752
-0.111676
-0.110334
-0.112068
-0.116172
-0.112258
-0.110766
-0.116388
-0.110406
-0.111891
-0.111258
-0.109919
-0.110556
-0.112497
-0.109947
-0.111779
-0.114923
-0.112307
-0.113366
-0.116576
-0.111583
-0.112159
-0.113724
-0.115056
-0.112162
-0.110452
-0.114708
0.112698
0.313153
0.230496
0.036755
-0.102289
0.005927
-0.008067
0.105932
0.075896
0.021469
0.157115
0.061775
0.077302
0.140807
0.027698
0.056512
0.056317
-0.064502
0.025346
-0.062129
-0.059610
-0.022129
-0.067822
-0.072368
-0.047054
-0.097501
-0.087647
-0.091332
-0.105652
-0.095815
-0.117341
-0.083209
-0.079881
-0.102517
-0.073729
-0.086352
-0.113042
-0.081041
-0.090042
-0.092556
-0.073012
-0.097480
-0.077013
-0.083298
-0.095451
-0.084815
-0.094917
-0.101458
-0.097543
-0.111503
-0.110655
-0.113622
-0.113583
-0.113383
-0.112108
-0.116697
-0.116565
-0.115174
-0.115063
-0.115518
-0.115050
-0.112563
-0.112393
-0.109040
-0.114885
-0.105795
-0.105356
-0.109451
-0.101909
-0.105593
-0.109054
-0.103477
-0.111742
-0.107474
-0.107885
-0.115478
-0.108377
-0.109323
-0.114814
-0.108222
-0.111383
-0.113707
-0.112429
-0.115201
-0.115125
-0.117269
-0.114898
-0.112615
-0.115826
-0.112807
-0.111930
-0.115645
-0.114055
-0.113467
-0.115113
-0.109974
-0.113163
-0.108764
-0.108289
-0.108471
2.568175
0.241913
0.297353
0.035087
0.416030
0.400928
0.132770
0.158762
0.158491
0.108968
-0.031579
0.001511
0.048106
-0.037310
-0.030520
0.032344
-0.069665
-0.005609
0.010370
-0.068978
-0.003980
-0.019240
-0.075445
-0.025205
-0.044930
-0.066334
-0.040019
-0.057138
-0.066209
-0.051053
-0.068756
-0.076054
-0.061622
-0.086868
-0.082205
-0.068894
-0.094461
-0.085932
-0.078021
-0.109484
-0.089615
-0.095354
-0.106694
-0.089751
-0.100849
-0.111161
-0.097523
-0.099580
-0.103693
-0.107823
-0.103339
-0.098942
-0.111721
-0.108554
-0.109410
-0.115374
-0.113456
-0.113291
-0.115054
-0.107416
-0.103936
-0.111367
-0.108868
-0.107947
-0.110777
-0.111926
-0.113255
-0.108059
-0.109289
-0.116176
-0.107005
-0.110072
-0.113628
-0.108507
-0.113395
-0.109232
-0.107367
-0.111713
-0.109685
-0.107894
-0.112951
-0.110009
-0.110946
-0.113109
-0.111294
-0.111864
-0.111837
-0.109574
-0.110521
-0.114119
-0.111001
-0.114711
-0.114354
-0.113066
-0.117076
-0.113287
-0.113081
-0.115892
-0.109262
-0.110100
0.145708
0.619499
1.009315
0.244781
0.592628
0.557758
-0.010274
0.373917
0.328496
-0.011562
0.188649
0.073141
-0.054855
0.062176
-0.065758
0.002185
-0.028258
-0.072870
-0.021893
-0.079934
-0.067155
-0.054680
-0.084700
-0.102262
-0.082970
-0.099679
-0.098719
-0.096581
-0.103765
-0.096919
-0.108604
-0.099324
-0.106900
-0.107555
-0.095456
-0.098912
-0.109565
-0.095824
-0.099814
-0.111199
-0.097131
-0.110779
-0.100528
-0.102677
-0.109207
-0.095438
-0.104673
-0.100703
-0.093088
-0.108597
-0.100957
-0.099163
-0.111577
-0.109559
-0.112836
-0.115468
-0.114631
-0.113068
-0.111470
-0.112762
-0.107978
-0.113680
-0.109212
-0.104139
-0.111702
-0.108677
-0.107730
-0.115887
-0.111321
-0.112571
-0.114162
-0.112349
-0.116856
-0.112800
-0.114171
-0.115608
-0.113605
-0.115534
-0.117051
-0.115961
-0.116828
-0.115674
-0.115345
-0.117055
-0.115417
-0.115777
-0.115660
-0.115548
-0.116971
-0.115944
-0.115651
-0.115430
-0.116280
-0.113523
-0.113807
-0.117129
-0.113696
-0.113836
-0.115807
-0.114581
-0.057996
1.813074
2.679930
0.830949
0.774610
0.617798
-0.006915
0.180609
0.117524
0.076190
-0.071057
0.002394
0.040372
-0.017346
-0.066492
-0.020843
-0.055576
-0.062875
-0.090750
-0.080949
-0.079460
-0.102612
-0.103672
-0.095173
-0.097184
-0.107200
-0.096525
-0.098518
-0.107423
-0.098863
-0.110520
-0.106638
-0.106085
-0.110582
-0.112125
-0.107756
-0.107606
-0.115306
-0.109016
-0.108625
-0.106964
-0.110110
-0.110092
-0.104750
-0.107606
-0.115732
-0.108298
-0.107822
-0.111291
-0.110144
-0.107988
-0.101098
-0.115462
-0.098178
-0.104437
-0.113368
-0.111969
-0.106763
-0.105392
-0.112083
-0.103780
-0.114047
-0.110720
-0.111527
-0.112608
-0.115265
-0.115414
-0.113052
-0.114398
-0.116032
-0.114452
-0.114419
-0.115997
-0.115624
-0.116092
-0.115656
-0.116503
-0.117359
-0.116438
-0.116294
-0.116421
-0.116983
-0.115208
-0.116056
-0.115336
-0.114361
-0.117345
-0.114998
-0.115519
-0.115047
-0.117354
-0.113735
-0.115128
-0.115578
-0.114439
-0.115730
-0.115994
-0.116387
-0.115973
-0.116499
-0.064735
0.466854
0.817856
0.391160
0.122901
0.144227
0.076957
-0.006988
-0.054869
-0.034298
-0.058087
-0.098499
-0.075190
-0.098553
-0.105201
-0.107404
-0.113104
-0.106536
-0.105161
-0.110210
-0.105568
-0.101697
-0.102647
-0.104565
-0.103842
-0.107734
-0.107267
-0.106227
-0.110618
-0.105559
-0.112823
-0.109035
-0.112509
-0.111566
-0.111460
-0.111425
-0.113760
-0.113101
-0.114379
-0.116391
-0.115841
-0.115880
-0.115755
-0.113855
-0.114304
-0.114407
-0.112458
-0.115872
-0.113767
-0.110943
-0.112277
-0.114143
-0.113229
-0.109623
-0.113430
-0.115968
-0.115600
-0.114150
-0.112566
-0.115018
-0.112745
-0.113292
-0.115067
-0.116363
-0.114575
-0.115057
-0.116445
-0.115874
-0.116344
-0.116761
-0.116970
-0.117379
-0.117136
-0.116897
-0.117150
-0.117067
-0.116418
-0.116822
-0.116451
-0.116782
-0.116981
-0.116802
-0.116461
-0.117192
-0.115853
-0.115828
-0.116958
-0.116496
-0.116629
-0.116868
-0.117099
-0.115661
-0.116600
-0.117277
-0.116988
-0.116573
-0.116163
-0.117258
-0.117296
-0.117172
-0.365888
0.007997
-0.067969
-0.482201
-0.117568
-0.117570
2.239090
0.392405
2.962936
1.454397
-0.117572
-0.117575
-0.243841
0.189419
0.223303
-0.799020
-0.117572
-0.117575
-0.088893
0.138449
0.345742
-0.457996
-0.117571
-0.117575
-0.133130
0.249935
0.389452
-0.704315
-0.117572
-0.117575
-0.134107
0.019978
0.130111
-0.389524
-0.117572
-0.117574
4.657210
0.748869
5.999399
3.071384
-0.117572
-0.117575
0.131054
-0.055177
-0.070506
-0.078898
-0.105526
-0.115679
-0.116506
-0.114964
-0.114902
-0.115059
-0.115637
-0.115932
-0.115306
-0.115425
-0.116427
-0.116518
-0.116716
-0.116353
-0.114765
-0.115859
-0.117145
-0.117484
-0.116539
-0.116692
-0.115478
-0.115150
-0.114613
-0.115044
-0.117027
-0.115767
-0.115837
-0.115165
-0.116274
-0.117029
-0.116771
-0.117197
-0.117435
-0.117140
-0.117034
-0.117495
-0.117349
-0.117346
-0.117250
-0.117195
-0.117334
-0.117453
-0.117448
-0.117263
-0.117066
-0.117120
-0.117370
-0.117411
-0.117417
-0.116856
-0.116817
-0.117374
-0.117228
-0.117559
-0.116918
-0.116691
-0.117379
-0.117412
-0.117456
-0.117322
-0.117229
-0.117273
-0.117368
-0.117281
-0.117321
-0.117351
-0.117362
-0.117364
-0.117329
-0.117326
-0.117271
-0.117407
-0.117506
-0.117445
-0.117322
-0.117279
-0.117201
-0.117404
-0.117296
-0.117289
-0.117522
-0.117242
-0.117270
-0.117386
-0.117238
-0.117363
-0.117282
-0.117290
-0.117516
-0.117450
-0.117411
-0.117383
-0.117327
-0.117352
-0.117411
-0.117392
2.242093
-0.107023
0.238656
-0.108243
-0.069592
-0.110987
-0.110084
-0.116254
-0.113836
-0.116444
-0.111535
-0.114601
-0.116308
-0.116598
-0.116762
-0.116316
-0.115421
-0.116171
-0.115150
-0.116967
-0.115455
-0.117026
-0.116624
-0.114791
-0.114750
-0.115596
-0.099362
-0.112869
-0.112742
-0.114092
-0.104159
-0.114585
-0.111156
-0.115841
-0.116011
-0.115990
-0.116558
-0.116928
-0.116690
-0.117343
-0.116432
-0.116508
-0.116412
-0.116736
-0.117499
-0.117215
-0.116734
-0.116631
-0.116396
-0.116893
-0.116909
-0.116413
-0.117010
-0.116716
-0.114199
-0.115407
-0.116069
-0.116886
-0.114955
-0.115972
-0.115563
-0.117231
-0.117397
-0.116974
-0.117105
-0.117197
-0.116924
-0.117205
-0.117509
-0.117484
-0.117445
-0.117272
-0.116944
-0.117151
-0.117287
-0.117437
-0.117525
-0.117198
-0.116869
-0.116919
-0.117030
-0.116996
-0.116899
-0.116245
-0.116705
-0.116511
-0.116757
-0.116373
-0.116736
-0.117136
-0.116868
-0.116799
-0.117079
-0.117365
-0.117215
-0.117297
-0.117038
-0.117065
-0.117145
-0.117410
0.006743
-0.068218
0.090388
-0.103820
-0.084875
-0.112278
-0.113415
-0.117550
-0.115651
-0.116103
-0.116396
-0.116813
-0.117310
-0.116211
-0.116686
-0.116832
-0.116680
-0.116467
-0.116987
-0.116701
-0.117384
-0.117091
-0.116731
-0.116256
-0.112228
-0.116439
-0.107422
-0.114739
-0.114295
-0.114555
-0.109511
-0.114768
-0.115664
-0.115720
-0.116584
-0.117494
-0.117405
-0.117079
-0.117111
-0.117093
-0.117225
-0.117265
-0.117327
-0.117228
-0.117060
-0.117115
-0.117340
-0.117454
-0.117396
-0.117169
-0.116988
-0.116937
-0.116574
-0.116825
-0.115768
-0.116270
-0.116519
-0.117005
-0.116123
-0.116323
-0.117135
-0.117058
-0.117386
-0.117285
-0.117332
-0.117491
-0.117482
-0.117513
-0.117502
-0.117425
-0.117419
-0.117553
-0.117505
-0.117566
-0.117441
-0.117334
-0.117490
-0.117492
-0.117430
-0.117487
-0.117387
-0.116851
-0.117189
-0.116843
-0.117143
-0.117151
-0.117409
-0.116732
-0.117375
-0.117544
-0.117336
-0.117167
-0.117528
-0.117391
-0.117348
-0.117373
-0.117481
-0.117538
-0.117499
-0.117440
-0.087310
-0.080301
0.056252
-0.095582
-0.095215
-0.109386
-0.113578
-0.116376
-0.117273
-0.116644
-0.116365
-0.116251
-0.116629
-0.117102
-0.117248
-0.117314
-0.116844
-0.116614
-0.116984
-0.117070
-0.117063
-0.117334
-0.117093
-0.116747
-0.114380
-0.115131
-0.109371
-0.114374
-0.115061
-0.116003
-0.110417
-0.114871
-0.116026
-0.116175
-0.116923
-0.116890
-0.117008
-0.117408
-0.117396
-0.117390
-0.117298
-0.117111
-0.117150
-0.117381
-0.117485
-0.117509
-0.117388
-0.117142
-0.117148
-0.117278
-0.117209
-0.117204
-0.116912
-0.116799
-0.116361
-0.116344
-0.116749
-0.117522
-0.116196
-0.116358
-0.116875
-0.117188
-0.117462
-0.117336
-0.117458
-0.117347
-0.117272
-0.117359
-0.117519
-0.117530
-0.117518
-0.117391
-0.117307
-0.117357
-0.117489
-0.117494
-0.117570
-0.117391
-0.117241
-0.117261
-0.117485
-0.116971
-0.117326
-0.116979
-0.117350
-0.117106
-0.117133
-0.116752
-0.117391
-0.117370
-0.117276
-0.117119
-0.117377
-0.117542
-0.117459
-0.117464
-0.117377
-0.117320
-0.117395
-0.117523
-0.104363
0.141685
-0.101893
-0.107682
-0.111759
-0.110675
-0.116196
-0.116792
-0.116880
-0.116597
-0.116944
-0.116745
-0.116960
-0.117291
-0.117254
-0.117100
-0.116930
-0.116711
-0.116873
-0.117130
-0.117105
-0.117158
-0.116782
-0.115456
-0.115858
-0.116479
-0.116323
-0.111897
-0.116327
-0.111145
-0.116534
-0.116616
-0.117250
-0.117014
-0.117257
-0.117438
-0.117504
-0.117360
-0.117343
-0.117372
-0.117488
-0.117535
-0.117561
-0.117470
-0.117388
-0.117381
-0.117473
-0.117511
-0.117523
-0.117473
-0.117302
-0.117125
-0.117269
-0.117322
-0.116977
-0.116581
-0.117127
-0.116202
-0.117009
-0.117117
-0.117292
-0.117346
-0.117435
-0.117469
-0.117506
-0.117430
-0.117429
-0.117467
-0.117532
-0.117560
-0.117546
-0.117482
-0.117450
-0.117467
-0.117528
-0.117531
-0.117545
-0.117502
-0.117435
-0.117396
-0.117529
-0.117344
-0.117208
-0.117209
-0.117424
-0.117155
-0.117167
-0.117437
-0.117524
-0.117358
-0.117356
-0.117388
-0.117520
-0.117517
-0.117512
-0.117540
-0.117518
-0.117490
-0.117531
-0.117552
-0.101429
-0.081117
-0.091940
-0.032785
-0.108071
-0.109768
-0.116209
-0.117367
-0.117174
-0.116940
-0.117182
-0.117272
-0.117394
-0.117428
-0.117332
-0.117218
-0.117220
-0.117337
-0.117260
-0.117352
-0.117507
-0.117143
-0.116867
-0.117239
-0.116954
-0.110123
-0.115378
-0.116663
-0.116448
-0.116585
-0.116201
-0.113324
-0.115650
-0.115937
-0.116910
-0.117327
-0.117507
-0.117387
-0.117237
-0.117219
-0.117303
-0.117407
-0.117427
-0.117351
-0.117298
-0.117332
-0.117407
-0.117471
-0.117390
-0.117214
-0.117139
-0.117390
-0.117440
-0.116131
-0.116899
-0.117142
-0.117245
-0.117402
-0.117184
-0.116664
-0.116939
-0.117150
-0.117512
-0.117514
-0.117391
-0.117448
-0.117532
-0.117517
-0.117508
-0.117501
-0.117476
-0.117498
-0.117562
-0.117501
-0.117460
-0.117489
-0.117513
-0.117487
-0.117492
-0.117443
-0.117304
-0.117251
-0.117066
-0.117338
-0.117504
-0.117376
-0.117263
-0.117325
-0.117203
-0.117324
-0.117396
-0.117417
-0.117456
-0.117528
-0.117435
-0.117421
-0.117470
-0.117529
-0.117511
-0.117480
