-1.227724
1.907180
3.513942
-7.756092
-0.118302
-0.118295
0.100947
1.170033
4.480367
-2.422440
-0.118296
-0.118293
2.616179
1.483960
7.208943
-3.477552
-0.118302
-0.118287
-0.400547
2.277482
6.190386
-4.922875
-0.118299
-0.118299
0.021861
5.477144
10.833593
-9.427080
-0.118299
-0.118301
-0.163926
1.621222
3.227685
-3.458556
-0.118299
-0.118300
10.907084
-0.117827
10.907686
10.905926
-0.118300
-0.118301
8.136615
3.339927
14.084977
3.351847
-0.118299
-0.118302
0.985837
0.631538
0.367090
0.489428
0.353430
0.022725
0.336696
0.157453
0.061288
0.046779
0.048003
0.127695
-0.039770
0.122421
0.072609
-0.063179
0.003120
-0.021778
-0.066744
-0.055003
-0.005246
-0.106226
-0.010179
-0.062570
-0.041612
-0.040508
-0.084921
-0.056172
-0.073639
-0.058946
-0.095104
-0.053375
-0.096700
-0.075747
-0.084984
-0.100174
-0.089762
-0.104679
-0.110349
-0.088568
-0.084996
-0.102157
-0.076740
-0.090872
-0.107249
-0.093970
-0.107622
-0.106593
-0.110759
-0.099545
-0.101689
-0.113387
-0.101382
-0.105238
-0.114213
-0.116743
-0.113466
-0.115992
-0.115542
-0.106474
-0.105675
-0.112277
-0.103786
-0.110376
-0.111307
-0.113382
-0.107129
-0.107708
-0.113110
-0.104355
-0.110656
-0.115355
-0.109599
-0.110388
-0.115428
-0.108726
-0.110121
-0.112612
-0.107326
-0.117125
-0.109752
-0.112690
-0.112330
-0.111230
-0.110795
-0.110291
-0.115294
-0.111540
-0.117097
-0.112705
-0.114144
-0.116560
-0.116929
-0.117160
-0.116168
-0.112004
-0.114488
-0.113752
-0.113823
-0.115678
0.099954
0.264018
0.224419
0.062721
-0.028547
0.007408
0.068811
0.042137
0.043197
-0.012177
0.138361
0.104262
0.047914
0.149162
0.019780
0.037432
0.059783
-0.055062
0.022441
-0.004226
-0.029360
0.027547
-0.038256
-0.023234
-0.048424
-0.074553
-0.075249
-0.093231
-0.083913
-0.082717
-0.070983
-0.084809
-0.064978
-0.086102
-0.082064
-0.074085
-0.100471
-0.081611
-0.077008
-0.095904
-0.071975
-0.091947
-0.086776
-0.080689
-0.102215
-0.093111
-0.094180
-0.111823
-0.102396
-0.106449
-0.115227
-0.111551
-0.114640
-0.111080
-0.109278
-0.112327
-0.115186
-0.112886
-0.111559
-0.111250
-0.114568
-0.109732
-0.115237
-0.110419
-0.109972
-0.109523
-0.102682
-0.108041
-0.104933
-0.103315
-0.110994
-0.105500
-0.106369
-0.109567
-0.104158
-0.108236
-0.105220
-0.106558
-0.111154
-0.110827
-0.116644
-0.116049
-0.115971
-0.114627
-0.116391
-0.114245
-0.116435
-0.116547
-0.115552
-0.116144
-0.113848
-0.109506
-0.113319
-0.108812
-0.110825
-0.113512
-0.110250
-0.114087
-0.110349
-0.109435
2.614243
0.277542
0.347597
0.005321
0.369599
0.416822
0.160141
0.139562
0.162386
0.118344
-0.038614
-0.030496
-0.000767
-0.040917
-0.068690
-0.015539
-0.066360
-0.069898
-0.038405
-0.062400
-0.113397
-0.056564
-0.053146
-0.103489
-0.056082
-0.091710
-0.089776
-0.098608
-0.109915
-0.094959
-0.108604
-0.089577
-0.089750
-0.102126
-0.089578
-0.089475
-0.115155
-0.090747
-0.097897
-0.113129
-0.104668
-0.104449
-0.105330
-0.105376
-0.100595
-0.113494
-0.104243
-0.100129
-0.100639
-0.105214
-0.105495
-0.098568
-0.105945
-0.117095
-0.112730
-0.116116
-0.115956
-0.114880
-0.112569
-0.113883
-0.104552
-0.106212
-0.111850
-0.109910
-0.109135
-0.109964
-0.114410
-0.113943
-0.110379
-0.113776
-0.112409
-0.112502
-0.117955
-0.114911
-0.113610
-0.113613
-0.115869
-0.110536
-0.113323
-0.113368
-0.111873
-0.117576
-0.115534
-0.115308
-0.114706
-0.116279
-0.115509
-0.114011
-0.114555
-0.116420
-0.113829
-0.115218
-0.117674
-0.117861
-0.117092
-0.115698
-0.115500
-0.117962
-0.115678
-0.114649
0.162581
0.575589
0.905181
0.199688
0.391792
0.439216
0.031824
0.260046
0.362106
0.035890
0.184239
0.167507
-0.092117
0.035063
0.011113
-0.052602
-0.062497
-0.071138
-0.076791
-0.083943
-0.100234
-0.091415
-0.096848
-0.106836
-0.108260
-0.100643
-0.108333
-0.110500
-0.108850
-0.114839
-0.106572
-0.112387
-0.115953
-0.114737
-0.107888
-0.107833
-0.114339
-0.105974
-0.109233
-0.108757
-0.105112
-0.109492
-0.095799
-0.102389
-0.105640
-0.090537
-0.099424
-0.106615
-0.097131
-0.106102
-0.113100
-0.103564
-0.108527
-0.111516
-0.113428
-0.117083
-0.116845
-0.115476
-0.115052
-0.116726
-0.109781
-0.108105
-0.113609
-0.105108
-0.107443
-0.113687
-0.107647
-0.110215
-0.117465
-0.112340
-0.112021
-0.116631
-0.114889
-0.115576
-0.115080
-0.115184
-0.117926
-0.114740
-0.114932
-0.116764
-0.115399
-0.115304
-0.117030
-0.116393
-0.116356
-0.117573
-0.117358
-0.117090
-0.117821
-0.117378
-0.116714
-0.117438
-0.117234
-0.116119
-0.115553
-0.117863
-0.114934
-0.114185
-0.116717
-0.115448
0.022522
1.878799
2.855004
1.008343
0.654618
0.668115
0.043413
0.111880
0.104823
0.115714
0.020843
-0.038281
-0.027001
-0.000182
-0.057265
-0.046707
-0.073353
-0.076418
-0.058375
-0.097887
-0.083969
-0.071440
-0.086669
-0.088585
-0.079155
-0.094827
-0.094378
-0.088873
-0.110398
-0.091692
-0.105628
-0.102137
-0.098464
-0.110780
-0.104219
-0.105543
-0.108523
-0.112912
-0.104215
-0.112872
-0.107413
-0.109690
-0.109467
-0.106755
-0.113612
-0.113533
-0.108649
-0.110962
-0.106080
-0.108915
-0.106429
-0.099891
-0.115223
-0.104914
-0.108322
-0.108336
-0.114409
-0.102169
-0.103437
-0.117036
-0.111463
-0.112309
-0.113543
-0.114593
-0.111792
-0.113602
-0.115007
-0.117208
-0.115113
-0.114856
-0.117741
-0.115464
-0.116705
-0.116322
-0.115453
-0.117823
-0.115156
-0.116078
-0.116467
-0.115890
-0.116260
-0.117991
-0.115828
-0.116671
-0.116678
-0.116087
-0.117449
-0.114581
-0.114966
-0.116393
-0.114635
-0.115470
-0.117276
-0.115628
-0.114270
-0.116494
-0.114529
-0.116064
-0.115571
-0.115817
-0.073018
0.393124
0.764051
0.412939
0.013281
0.101953
0.113378
0.068503
-0.027551
-0.089283
-0.059482
-0.073750
-0.080745
-0.070078
-0.076143
-0.062023
-0.084102
-0.076548
-0.097129
-0.098524
-0.104862
-0.103634
-0.106861
-0.110938
-0.109614
-0.115820
-0.112815
-0.112609
-0.113763
-0.111827
-0.111825
-0.113049
-0.109519
-0.113157
-0.110342
-0.114255
-0.112330
-0.114323
-0.113031
-0.112306
-0.114402
-0.112876
-0.112820
-0.112577
-0.112711
-0.112840
-0.111615
-0.116959
-0.112567
-0.112169
-0.111688
-0.112602
-0.115134
-0.111753
-0.114514
-0.117014
-0.117902
-0.115523
-0.113583
-0.115020
-0.117280
-0.114676
-0.112845
-0.115069
-0.117278
-0.117022
-0.116105
-0.116594
-0.116409
-0.116106
-0.115876
-0.116544
-0.117072
-0.117081
-0.117803
-0.117463
-0.117925
-0.117347
-0.117847
-0.117560
-0.117732
-0.117732
-0.116764
-0.116699
-0.117807
-0.116755
-0.117124
-0.118035
-0.117583
-0.117660
-0.117686
-0.117514
-0.116960
-0.117707
-0.116642
-0.116921
-0.117145
-0.116940
-0.117211
-0.116289
-0.321974
0.012594
-0.020510
-0.457597
-0.118297
-0.118300
2.235844
0.423388
3.003285
1.352264
-0.118300
-0.118303
-0.176604
0.187547
0.246024
-0.725601
-0.118299
-0.118302
-0.115305
0.092452
0.258803
-0.445934
-0.118299
-0.118302
-0.079414
0.293939
0.434450
-0.811741
-0.118300
-0.118302
-0.141062
0.012833
0.096467
-0.346687
-0.118299
-0.118302
4.795748
0.810454
6.403486
3.227751
-0.118299
-0.118302
0.085126
-0.039437
-0.085934
-0.084876
-0.109933
-0.113086
-0.117143
-0.116122
-0.117224
-0.117201
-0.118218
-0.117149
-0.117719
-0.117086
-0.117840
-0.116926
-0.118123
-0.117540
-0.118169
-0.117832
-0.118203
-0.118010
-0.117732
-0.117972
-0.117293
-0.114843
-0.116153
-0.115945
-0.117860
-0.117158
-0.117551
-0.116839
-0.117390
-0.117283
-0.117752
-0.117724
-0.117961
-0.117973
-0.118137
-0.117959
-0.118030
-0.118085
-0.118158
-0.117905
-0.118153
-0.118011
-0.118114
-0.118077
-0.118160
-0.118116
-0.118029
-0.118247
-0.118013
-0.117534
-0.117901
-0.117864
-0.118027
-0.118098
-0.117967
-0.118172
-0.117980
-0.117854
-0.117995
-0.117996
-0.118100
-0.118107
-0.118135
-0.118090
-0.118086
-0.118147
-0.118153
-0.118068
-0.118152
-0.118113
-0.118147
-0.118138
-0.118137
-0.118131
-0.118096
-0.118194
-0.118123
-0.117946
-0.118116
-0.118134
-0.118152
-0.118112
-0.117978
-0.118181
-0.118192
-0.118055
-0.118091
-0.118032
-0.118145
-0.118162
-0.118123
-0.118124
-0.118115
-0.118157
-0.118162
-0.118121
2.235738
-0.102294
0.254917
-0.092654
-0.049107
-0.116416
-0.116413
-0.115630
-0.116161
-0.115976
-0.117602
-0.116432
-0.115485
-0.114362
-0.114834
-0.116527
-0.117418
-0.117324
-0.117124
-0.116564
-0.116535
-0.117047
-0.116682
-0.115915
-0.110687
-0.116183
-0.095979
-0.115994
-0.117227
-0.114742
-0.105126
-0.115525
-0.111582
-0.116215
-0.117025
-0.117163
-0.117275
-0.117201
-0.117315
-0.117144
-0.117051
-0.116986
-0.117137
-0.117849
-0.117647
-0.117547
-0.117447
-0.117282
-0.117300
-0.117494
-0.117544
-0.117414
-0.116520
-0.117380
-0.113679
-0.117671
-0.117395
-0.116155
-0.116089
-0.117070
-0.116235
-0.117153
-0.117393
-0.117567
-0.117529
-0.117530
-0.117545
-0.117526
-0.117534
-0.117491
-0.117555
-0.117800
-0.117730
-0.117685
-0.117608
-0.117554
-0.117602
-0.117673
-0.117667
-0.117643
-0.117347
-0.117577
-0.116523
-0.117731
-0.117719
-0.116843
-0.117802
-0.117306
-0.117455
-0.117541
-0.117319
-0.117656
-0.117544
-0.117644
-0.117646
-0.117676
-0.117678
-0.117616
-0.117649
-0.117766
-0.061659
-0.089310
0.091718
-0.111999
-0.079549
-0.114344
-0.114815
-0.116246
-0.117738
-0.116889
-0.117091
-0.116043
-0.117289
-0.116634
-0.116194
-0.117799
-0.117088
-0.116788
-0.117986
-0.118045
-0.117684
-0.117415
-0.116329
-0.116528
-0.113965
-0.116807
-0.107405
-0.117409
-0.117548
-0.117340
-0.109118
-0.117863
-0.115116
-0.116919
-0.117151
-0.117438
-0.117798
-0.117850
-0.117983
-0.117895
-0.118135
-0.117603
-0.117510
-0.117848
-0.117940
-0.117902
-0.118146
-0.118252
-0.118019
-0.117775
-0.117466
-0.117464
-0.117653
-0.117644
-0.116157
-0.118009
-0.118069
-0.117867
-0.116213
-0.118121
-0.117360
-0.117613
-0.117671
-0.117965
-0.118034
-0.118145
-0.118190
-0.118061
-0.118057
-0.117887
-0.117875
-0.118030
-0.118097
-0.118133
-0.118218
-0.118149
-0.118040
-0.117914
-0.117818
-0.117822
-0.118108
-0.117931
-0.117444
-0.118107
-0.118095
-0.117957
-0.117324
-0.118030
-0.117821
-0.117912
-0.117728
-0.118184
-0.118146
-0.118070
-0.118042
-0.117999
-0.118037
-0.118025
-0.118075
-0.118155
-0.114818
-0.074436
0.022523
-0.114170
-0.106918
-0.116697
-0.113115
-0.114506
-0.115387
-0.115826
-0.115923
-0.116182
-0.116454
-0.116423
-0.116657
-0.116794
-0.117023
-0.117068
-0.117099
-0.117218
-0.117417
-0.117328
-0.116893
-0.117021
-0.117495
-0.118015
-0.110252
-0.116729
-0.117655
-0.117539
-0.113384
-0.117229
-0.116351
-0.116995
-0.116920
-0.117157
-0.117353
-0.117488
-0.117486
-0.117488
-0.117489
-0.117455
-0.117499
-0.117565
-0.117644
-0.117689
-0.117713
-0.117704
-0.117725
-0.117679
-0.117569
-0.117626
-0.118116
-0.117907
-0.116675
-0.117856
-0.117687
-0.117489
-0.117687
-0.117667
-0.117309
-0.117471
-0.117503
-0.117689
-0.117729
-0.117757
-0.117752
-0.117739
-0.117727
-0.117713
-0.117737
-0.117775
-0.117814
-0.117839
-0.117845
-0.117818
-0.117808
-0.117779
-0.117734
-0.117751
-0.117980
-0.117960
-0.117523
-0.117829
-0.117758
-0.117687
-0.118243
-0.117813
-0.117647
-0.117699
-0.117638
-0.117926
-0.117890
-0.117796
-0.117790
-0.117797
-0.117803
-0.117809
-0.117839
-0.117857
-0.082867
0.163256
-0.043018
-0.094397
-0.114571
-0.111364
-0.115451
-0.116310
-0.116995
-0.118025
-0.117296
-0.117678
-0.118032
-0.117558
-0.117425
-0.117540
-0.117821
-0.117621
-0.117758
-0.117717
-0.117898
-0.117308
-0.117306
-0.116051
-0.117319
-0.116916
-0.115121
-0.112022
-0.118140
-0.111169
-0.114582
-0.116848
-0.117933
-0.117691
-0.117251
-0.117547
-0.117832
-0.118074
-0.118003
-0.118155
-0.118096
-0.117899
-0.117858
-0.117951
-0.118090
-0.118086
-0.118138
-0.118219
-0.118032
-0.117790
-0.117774
-0.117653
-0.118027
-0.118216
-0.117744
-0.117114
-0.118182
-0.116653
-0.117459
-0.118043
-0.117908
-0.117877
-0.117870
-0.117997
-0.118107
-0.118180
-0.118206
-0.118182
-0.118111
-0.118047
-0.118051
-0.118117
-0.118191
-0.118226
-0.118251
-0.118212
-0.118075
-0.117972
-0.117995
-0.118000
-0.118186
-0.118222
-0.118057
-0.117798
-0.118062
-0.117701
-0.117952
-0.118061
-0.117948
-0.117910
-0.118161
-0.118243
-0.118235
-0.118158
-0.118151
-0.118086
-0.118090
-0.118126
-0.118169
-0.118224
-0.094604
-0.104131
-0.084179
-0.034253
-0.114214
-0.108828
-0.116592
-0.116569
-0.117579
-0.117988
-0.118083
-0.118054
-0.118029
-0.117654
-0.117571
-0.117800
-0.118171
-0.118107
-0.117923
-0.118119
-0.117903
-0.117491
-0.117067
-0.117078
-0.117917
-0.111077
-0.116819
-0.116941
-0.116947
-0.117668
-0.116897
-0.113456
-0.118203
-0.116936
-0.117439
-0.117687
-0.118108
-0.118206
-0.118163
-0.118253
-0.118136
-0.117984
-0.117965
-0.118082
-0.118251
-0.118209
-0.118178
-0.118254
-0.118063
-0.117882
-0.117773
-0.118022
-0.118179
-0.116975
-0.118134
-0.117773
-0.117750
-0.118066
-0.118059
-0.117273
-0.118230
-0.117832
-0.117940
-0.118052
-0.118273
-0.118245
-0.118255
-0.118269
-0.118179
-0.118130
-0.118144
-0.118212
-0.118286
-0.118256
-0.118265
-0.118237
-0.118133
-0.118061
-0.118035
-0.118206
-0.118137
-0.117868
-0.118243
-0.118101
-0.118040
-0.118123
-0.118112
-0.117945
-0.118217
-0.118185
-0.118143
-0.118092
-0.118171
-0.118276
-0.118191
-0.118171
-0.118158
-0.118188
-0.118239
-0.118282
