-1.251413
1.894630
2.057014
-7.274438
-0.116784
-0.116777
0.122488
1.084099
5.202055
-3.138755
-0.116777
-0.116770
2.590518
1.614950
7.275058
-3.574672
-0.116784
-0.116770
-0.430589
2.313430
5.644139
-4.877774
-0.116781
-0.116781
0.047540
5.513946
11.175294
-9.753679
-0.116781
-0.116782
-0.062528
1.556578
3.534666
-3.760499
-0.116780
-0.116781
10.929399
-0.115793
10.931405
10.927375
-0.116781
-0.116782
8.213303
3.353617
14.053824
3.198749
-0.116780
-0.116784
1.012792
0.628488
0.426890
0.474475
0.302202
0.026006
0.363205
0.173203
0.063616
0.090804
-0.003659
0.097236
-0.037290
0.093639
0.067884
-0.034243
0.066653
-0.045778
-0.056196
-0.052762
-0.056952
-0.099648
-0.064414
-0.058115
-0.105726
-0.067235
-0.108281
-0.064815
-0.084870
-0.084212
-0.072929
-0.105945
-0.076321
-0.093422
-0.108470
-0.101495
-0.084104
-0.092561
-0.091159
-0.070482
-0.102036
-0.086684
-0.089528
-0.115625
-0.101134
-0.110160
-0.109943
-0.112495
-0.106295
-0.102449
-0.106837
-0.112291
-0.098246
-0.102128
-0.108052
-0.111991
-0.113345
-0.112415
-0.105187
-0.099427
-0.109449
-0.100028
-0.104123
-0.111323
-0.108255
-0.112120
-0.106766
-0.113412
-0.107136
-0.107776
-0.114799
-0.109458
-0.111093
-0.113498
-0.113591
-0.109451
-0.112988
-0.113883
-0.112096
-0.113266
-0.113318
-0.113207
-0.109768
-0.114404
-0.108597
-0.110792
-0.111673
-0.110351
-0.113138
-0.115301
-0.114022
-0.110454
-0.113995
-0.108475
-0.109659
-0.114371
-0.111637
-0.114638
-0.115127
-0.116025
0.121778
0.266065
0.162876
-0.023242
-0.058004
0.058696
0.067737
0.019587
0.068971
-0.035770
0.115008
0.071276
0.048344
0.125899
0.019767
0.015671
0.057314
-0.043881
0.030465
-0.011418
-0.017814
0.014824
-0.059860
-0.030155
-0.073198
-0.057620
-0.068618
-0.065505
-0.076612
-0.089821
-0.085817
-0.078435
-0.065486
-0.076269
-0.052914
-0.086720
-0.068068
-0.077921
-0.085517
-0.072390
-0.093953
-0.084710
-0.082729
-0.103608
-0.097242
-0.104510
-0.106604
-0.101844
-0.110915
-0.097441
-0.105057
-0.111887
-0.112178
-0.110703
-0.112411
-0.115034
-0.116134
-0.114433
-0.114463
-0.115210
-0.114638
-0.113835
-0.105753
-0.106068
-0.108564
-0.101406
-0.106499
-0.104937
-0.103612
-0.111357
-0.105477
-0.107425
-0.108872
-0.103894
-0.110153
-0.104864
-0.107000
-0.109214
-0.106799
-0.110217
-0.106753
-0.110390
-0.110189
-0.113300
-0.114465
-0.113148
-0.110817
-0.110585
-0.109852
-0.109102
-0.112819
-0.108375
-0.111783
-0.110613
-0.110337
-0.112698
-0.109931
-0.112584
-0.113704
-0.113170
2.588794
0.281953
0.358260
0.025806
0.410575
0.453393
0.145986
0.203669
0.216718
0.106140
-0.039202
0.030852
0.000239
-0.086221
0.000363
-0.027950
-0.106597
-0.018103
-0.014358
-0.079259
-0.011090
-0.025817
-0.067433
-0.021659
-0.041918
-0.078789
-0.032265
-0.072520
-0.075461
-0.050791
-0.096764
-0.077559
-0.072477
-0.105597
-0.090161
-0.090727
-0.109559
-0.103792
-0.096936
-0.097790
-0.111738
-0.092065
-0.102798
-0.105647
-0.099072
-0.111358
-0.103108
-0.096957
-0.094520
-0.105130
-0.098729
-0.096055
-0.109347
-0.110704
-0.109659
-0.113966
-0.114584
-0.110775
-0.113067
-0.106363
-0.100815
-0.108907
-0.106297
-0.104329
-0.107377
-0.111289
-0.112560
-0.109554
-0.114659
-0.110704
-0.108866
-0.114474
-0.108691
-0.108403
-0.113162
-0.108464
-0.110308
-0.113814
-0.110567
-0.112480
-0.115028
-0.113075
-0.114694
-0.112737
-0.113094
-0.116122
-0.112859
-0.113670
-0.115505
-0.114750
-0.114923
-0.111219
-0.114446
-0.111523
-0.110608
-0.115141
-0.114602
-0.114240
-0.113096
-0.114132
0.195967
0.608749
0.886190
0.138726
0.455343
0.487268
0.063664
0.255585
0.357379
0.048981
0.161996
0.161159
-0.044157
0.051773
0.007583
-0.068035
-0.073609
-0.055067
-0.068612
-0.099951
-0.076707
-0.092354
-0.105783
-0.102633
-0.091351
-0.111691
-0.089227
-0.100351
-0.100810
-0.100486
-0.110491
-0.107237
-0.112041
-0.106798
-0.113845
-0.103963
-0.106741
-0.112956
-0.104253
-0.100222
-0.113502
-0.092004
-0.090611
-0.105057
-0.092043
-0.098483
-0.110451
-0.101111
-0.105418
-0.106951
-0.110650
-0.104351
-0.110588
-0.111566
-0.109884
-0.110956
-0.110483
-0.108524
-0.110449
-0.108446
-0.104565
-0.111888
-0.106120
-0.103601
-0.111906
-0.108796
-0.109786
-0.116450
-0.113694
-0.112814
-0.112048
-0.115608
-0.112890
-0.113854
-0.116358
-0.114874
-0.115428
-0.116086
-0.115862
-0.114583
-0.115801
-0.114664
-0.114115
-0.116250
-0.115667
-0.114786
-0.115698
-0.114551
-0.113724
-0.115187
-0.113722
-0.113532
-0.115533
-0.112909
-0.111366
-0.115405
-0.110982
-0.111151
-0.116281
-0.113556
0.048681
1.897604
2.848033
0.962769
0.749518
0.751255
-0.036768
0.203112
0.151881
0.042382
-0.053533
-0.051097
-0.053597
-0.022948
-0.049554
-0.051684
-0.071065
-0.060260
-0.068119
-0.101903
-0.070391
-0.077680
-0.095321
-0.082778
-0.084706
-0.105231
-0.085099
-0.097317
-0.100720
-0.091837
-0.114257
-0.100693
-0.106708
-0.112417
-0.111593
-0.110936
-0.110828
-0.109295
-0.110272
-0.103981
-0.111671
-0.108845
-0.105695
-0.112731
-0.109323
-0.110852
-0.112976
-0.105953
-0.102358
-0.116057
-0.096154
-0.102033
-0.107302
-0.102153
-0.107231
-0.109993
-0.110209
-0.099231
-0.108968
-0.110966
-0.107821
-0.110369
-0.112234
-0.110543
-0.111280
-0.115279
-0.115659
-0.113606
-0.114401
-0.114140
-0.113623
-0.116398
-0.113395
-0.113835
-0.115538
-0.113573
-0.114272
-0.115722
-0.114573
-0.115061
-0.116308
-0.114375
-0.115072
-0.115743
-0.114477
-0.115877
-0.116058
-0.115391
-0.114562
-0.115194
-0.115301
-0.114255
-0.115083
-0.116103
-0.113695
-0.113028
-0.115664
-0.112754
-0.115327
-0.115544
-0.062459
0.338201
0.702897
0.347358
0.202665
0.216611
0.095593
0.003399
-0.075575
-0.042903
-0.039710
-0.087461
-0.054048
-0.070697
-0.090260
-0.077664
-0.093671
-0.086913
-0.091919
-0.100286
-0.097634
-0.110304
-0.106892
-0.109710
-0.109727
-0.111708
-0.114201
-0.114276
-0.115957
-0.115443
-0.113396
-0.112424
-0.112775
-0.110170
-0.112281
-0.109768
-0.110996
-0.111364
-0.112426
-0.113844
-0.112134
-0.112338
-0.110873
-0.110949
-0.113844
-0.112549
-0.112486
-0.114728
-0.114266
-0.111206
-0.108163
-0.109752
-0.112298
-0.111740
-0.113696
-0.116190
-0.116496
-0.112455
-0.112893
-0.113329
-0.112143
-0.111864
-0.113094
-0.115742
-0.114394
-0.113741
-0.115496
-0.115020
-0.114929
-0.115940
-0.115315
-0.115674
-0.116006
-0.115868
-0.116237
-0.116461
-0.116352
-0.116348
-0.115847
-0.116379
-0.115968
-0.115927
-0.116380
-0.116209
-0.115481
-0.115735
-0.116417
-0.115571
-0.115626
-0.116069
-0.115677
-0.115750
-0.115846
-0.116327
-0.115739
-0.114603
-0.115292
-0.115872
-0.116221
-0.116284
-0.296792
0.029641
0.029707
-0.506173
-0.116778
-0.116781
2.227394
0.471017
2.986538
1.261953
-0.116781
-0.116784
-0.283583
0.202689
0.223948
-0.919325
-0.116781
-0.116783
-0.159259
0.177994
0.285853
-0.753598
-0.116782
-0.116783
-0.160205
0.421961
0.552114
-1.010892
-0.116781
-0.116784
-0.079030
0.033786
0.218130
-0.405851
-0.116780
-0.116782
4.528810
0.832268
5.946253
2.807883
-0.116781
-0.116784
0.064166
-0.043490
-0.063270
-0.068080
-0.115256
-0.116000
-0.112930
-0.114665
-0.113635
-0.114839
-0.112004
-0.116019
-0.116101
-0.113993
-0.115801
-0.115825
-0.115683
-0.115675
-0.114069
-0.116279
-0.115847
-0.116128
-0.115630
-0.115931
-0.115975
-0.111939
-0.114380
-0.113520
-0.116213
-0.115556
-0.114007
-0.114551
-0.116186
-0.116355
-0.116485
-0.116500
-0.116501
-0.116300
-0.116416
-0.116403
-0.116383
-0.116397
-0.116379
-0.116267
-0.116173
-0.116331
-0.116670
-0.116304
-0.116578
-0.116410
-0.116673
-0.116132
-0.116426
-0.116126
-0.115892
-0.116247
-0.116413
-0.116409
-0.116368
-0.116017
-0.116599
-0.116490
-0.116546
-0.116455
-0.116581
-0.116580
-0.116394
-0.116445
-0.116491
-0.116541
-0.116573
-0.116492
-0.116604
-0.116594
-0.116512
-0.116618
-0.116520
-0.116583
-0.116473
-0.116660
-0.116634
-0.116266
-0.116533
-0.116239
-0.116607
-0.116592
-0.116252
-0.116556
-0.116528
-0.116553
-0.116526
-0.116606
-0.116471
-0.116470
-0.116590
-0.116589
-0.116592
-0.116511
-0.116523
-0.116588
2.222472
-0.089254
0.296597
-0.102364
-0.080285
-0.112158
-0.110820
-0.114951
-0.114213
-0.113620
-0.111987
-0.115187
-0.115684
-0.115681
-0.115670
-0.114956
-0.115980
-0.115787
-0.114990
-0.116158
-0.115879
-0.116745
-0.113727
-0.115843
-0.114724
-0.113496
-0.092021
-0.113384
-0.108755
-0.113635
-0.102674
-0.116011
-0.113201
-0.116384
-0.116717
-0.116602
-0.116515
-0.116321
-0.116311
-0.116569
-0.116694
-0.116523
-0.116404
-0.116262
-0.116360
-0.116386
-0.116742
-0.116612
-0.116350
-0.116540
-0.115586
-0.116230
-0.115536
-0.114872
-0.112054
-0.116278
-0.113728
-0.115372
-0.114239
-0.116674
-0.115729
-0.116374
-0.116473
-0.116425
-0.116524
-0.116712
-0.116484
-0.116617
-0.116534
-0.116594
-0.116620
-0.116713
-0.116710
-0.116709
-0.116589
-0.116625
-0.116617
-0.116620
-0.116335
-0.116605
-0.116071
-0.115695
-0.115148
-0.116626
-0.115032
-0.115709
-0.116218
-0.116150
-0.116243
-0.116442
-0.116429
-0.116040
-0.116242
-0.116588
-0.116480
-0.116537
-0.116599
-0.116597
-0.116617
-0.116534
0.050591
-0.033603
0.087533
-0.108918
-0.074926
-0.111280
-0.115897
-0.115177
-0.115704
-0.116055
-0.115432
-0.115502
-0.115008
-0.116091
-0.114377
-0.115385
-0.116213
-0.116184
-0.115981
-0.116498
-0.115670
-0.116443
-0.115043
-0.114791
-0.109319
-0.113501
-0.107731
-0.114755
-0.115812
-0.115848
-0.107490
-0.115648
-0.114129
-0.116742
-0.116262
-0.116559
-0.116293
-0.116555
-0.116376
-0.116429
-0.116242
-0.116560
-0.116479
-0.116609
-0.116585
-0.116542
-0.116587
-0.116596
-0.116480
-0.116614
-0.116406
-0.116425
-0.114777
-0.115504
-0.115447
-0.116477
-0.116286
-0.116657
-0.114521
-0.116116
-0.116163
-0.116578
-0.116440
-0.116444
-0.116421
-0.116636
-0.116486
-0.116622
-0.116443
-0.116660
-0.116452
-0.116539
-0.116469
-0.116594
-0.116466
-0.116620
-0.116442
-0.116655
-0.116374
-0.116410
-0.115776
-0.115941
-0.116604
-0.116576
-0.116059
-0.116222
-0.116375
-0.116567
-0.116483
-0.116598
-0.116635
-0.116576
-0.116555
-0.116447
-0.116630
-0.116520
-0.116676
-0.116526
-0.116682
-0.116585
-0.073234
0.014215
0.030493
-0.069481
-0.090278
-0.095974
-0.102949
-0.105827
-0.107949
-0.108167
-0.110179
-0.110157
-0.111199
-0.111130
-0.112064
-0.111988
-0.112707
-0.112362
-0.113159
-0.113091
-0.113521
-0.113271
-0.114396
-0.112561
-0.113615
-0.116333
-0.106095
-0.115268
-0.112211
-0.112081
-0.110800
-0.114358
-0.112691
-0.115201
-0.114554
-0.114843
-0.114740
-0.114876
-0.114770
-0.114975
-0.114888
-0.115020
-0.114964
-0.115064
-0.115035
-0.115161
-0.115094
-0.115166
-0.115192
-0.115213
-0.115193
-0.115825
-0.114215
-0.114568
-0.116501
-0.114693
-0.115964
-0.116114
-0.113970
-0.115521
-0.115580
-0.115346
-0.115471
-0.115451
-0.115387
-0.115595
-0.115470
-0.115545
-0.115491
-0.115568
-0.115510
-0.115595
-0.115522
-0.115605
-0.115543
-0.115643
-0.115530
-0.115701
-0.115476
-0.115405
-0.115767
-0.115685
-0.115148
-0.115781
-0.115298
-0.115368
-0.115982
-0.115587
-0.115726
-0.115625
-0.115703
-0.115660
-0.115739
-0.115551
-0.115766
-0.115546
-0.115731
-0.115587
-0.115724
-0.115597
-0.076831
0.253828
-0.046634
-0.091101
-0.083093
-0.099637
-0.104418
-0.105317
-0.107509
-0.108643
-0.109022
-0.109292
-0.110587
-0.110577
-0.111475
-0.111364
-0.112037
-0.111951
-0.112712
-0.112342
-0.113103
-0.112800
-0.113306
-0.111886
-0.112194
-0.113368
-0.110938
-0.106461
-0.112172
-0.112512
-0.110426
-0.114067
-0.114993
-0.115060
-0.114513
-0.114825
-0.114542
-0.114690
-0.114682
-0.114863
-0.114769
-0.114895
-0.114836
-0.114941
-0.114925
-0.115025
-0.115003
-0.114999
-0.115023
-0.115005
-0.115039
-0.115229
-0.115546
-0.115029
-0.114016
-0.116185
-0.115419
-0.114050
-0.115596
-0.115452
-0.115337
-0.115309
-0.115251
-0.115338
-0.115341
-0.115423
-0.115374
-0.115426
-0.115395
-0.115465
-0.115418
-0.115500
-0.115441
-0.115510
-0.115427
-0.115568
-0.115463
-0.115622
-0.115520
-0.115689
-0.115059
-0.115753
-0.116000
-0.114887
-0.115551
-0.115398
-0.115463
-0.115599
-0.115477
-0.115459
-0.115529
-0.115417
-0.115783
-0.115411
-0.115621
-0.115501
-0.115636
-0.115509
-0.115645
-0.115515
-0.080686
-0.080185
-0.072115
-0.028021
-0.111566
-0.110888
-0.111006
-0.112574
-0.112773
-0.113569
-0.113968
-0.114233
-0.114388
-0.114622
-0.114651
-0.114922
-0.114921
-0.115192
-0.114914
-0.115400
-0.115361
-0.115718
-0.115517
-0.115449
-0.115327
-0.107835
-0.114635
-0.113791
-0.114752
-0.114160
-0.115148
-0.112999
-0.115982
-0.116039
-0.116117
-0.116113
-0.116051
-0.116074
-0.116046
-0.116046
-0.116041
-0.116044
-0.116072
-0.116049
-0.116073
-0.116032
-0.116117
-0.116019
-0.116097
-0.115922
-0.116109
-0.115691
-0.115575
-0.115898
-0.116328
-0.116667
-0.116313
-0.116503
-0.116573
-0.115437
-0.116221
-0.116013
-0.116181
-0.116156
-0.116195
-0.116152
-0.116246
-0.116207
-0.116258
-0.116234
-0.116259
-0.116246
-0.116268
-0.116267
-0.116278
-0.116288
-0.116287
-0.116323
-0.116269
-0.116414
-0.116526
-0.115959
-0.116218
-0.116026
-0.116329
-0.115932
-0.115989
-0.116368
-0.116180
-0.116356
-0.116284
-0.116257
-0.116169
-0.116263
-0.116281
-0.116302
-0.116264
-0.116298
-0.116267
-0.116303
