-1.149897
1.867992
1.954995
-7.150667
-0.117350
-0.117341
0.036269
1.059382
4.051011
-2.261441
-0.117343
-0.117340
2.617365
1.521921
7.878157
-3.565715
-0.117349
-0.117333
-0.520232
2.065395
5.640269
-5.063971
-0.117346
-0.117346
-0.053589
5.503479
11.664977
-9.154851
-0.117346
-0.117347
-0.157144
1.673466
4.117970
-3.693210
-0.117346
-0.117346
10.909227
-0.116456
10.911052
10.907530
-0.117346
-0.117348
8.014107
3.320327
13.970426
3.244979
-0.117345
-0.117349
0.910061
0.665882
0.402505
0.461118
0.287696
-0.002274
0.321217
0.177334
0.053006
0.046534
0.017245
0.063656
-0.075403
0.085132
0.062622
-0.080263
0.036977
-0.011640
-0.104577
-0.034524
-0.031826
-0.096228
-0.057160
-0.036931
-0.086170
-0.023780
-0.069175
-0.042282
-0.036228
-0.084480
-0.045157
-0.087005
-0.071088
-0.080036
-0.107100
-0.083071
-0.090557
-0.112792
-0.089910
-0.085208
-0.105968
-0.090580
-0.083403
-0.116546
-0.093644
-0.101282
-0.107023
-0.101100
-0.102312
-0.096013
-0.113848
-0.105874
-0.108276
-0.112598
-0.115098
-0.112956
-0.107078
-0.108192
-0.107882
-0.106204
-0.111531
-0.109596
-0.106203
-0.115695
-0.111127
-0.110830
-0.108939
-0.115898
-0.107026
-0.105839
-0.115239
-0.105994
-0.109465
-0.113381
-0.109657
-0.110054
-0.115239
-0.111834
-0.110681
-0.114619
-0.108320
-0.111622
-0.110977
-0.107675
-0.113887
-0.108250
-0.111771
-0.112801
-0.110555
-0.113969
-0.113380
-0.114962
-0.116008
-0.113862
-0.114313
-0.114647
-0.114886
-0.113429
-0.113621
-0.113339
0.035388
0.252483
0.245847
0.087355
-0.032036
-0.023018
0.056678
-0.019555
0.030117
-0.048226
0.091143
0.077772
0.028988
0.088484
0.017300
-0.017831
0.008515
-0.054532
-0.025350
-0.006639
-0.047920
0.002191
0.008319
-0.042820
-0.014964
-0.066502
-0.079273
-0.082601
-0.097596
-0.087034
-0.092566
-0.061682
-0.076495
-0.055622
-0.059541
-0.082634
-0.075511
-0.082256
-0.101689
-0.087717
-0.097240
-0.097067
-0.085824
-0.094082
-0.091931
-0.089073
-0.108431
-0.101362
-0.110797
-0.109224
-0.111987
-0.114017
-0.111204
-0.111553
-0.113747
-0.116318
-0.115426
-0.113598
-0.114113
-0.115716
-0.114466
-0.111214
-0.114168
-0.112248
-0.114551
-0.109165
-0.107046
-0.110362
-0.104091
-0.107278
-0.109768
-0.107464
-0.111632
-0.110759
-0.108057
-0.111792
-0.107240
-0.105996
-0.109525
-0.106345
-0.109570
-0.112808
-0.112405
-0.116752
-0.113138
-0.114759
-0.112181
-0.112021
-0.110298
-0.108501
-0.111877
-0.110383
-0.110298
-0.113648
-0.112983
-0.113709
-0.113799
-0.113664
-0.111766
-0.112201
2.615674
0.286273
0.328038
-0.006233
0.381324
0.449626
0.159341
0.127374
0.188865
0.113165
-0.063481
0.012214
0.019070
-0.088962
-0.032779
-0.002247
-0.075677
-0.048086
-0.023462
-0.097717
-0.063979
-0.059414
-0.109102
-0.061110
-0.056940
-0.106663
-0.054330
-0.067137
-0.085967
-0.064036
-0.100171
-0.078391
-0.085324
-0.110082
-0.085426
-0.088879
-0.111140
-0.091159
-0.093742
-0.111447
-0.098141
-0.106999
-0.102181
-0.096482
-0.104474
-0.108164
-0.094144
-0.094486
-0.100602
-0.106107
-0.098079
-0.101194
-0.116364
-0.109167
-0.114080
-0.115780
-0.115721
-0.114054
-0.115384
-0.108429
-0.103031
-0.111465
-0.110536
-0.107708
-0.111706
-0.115331
-0.108606
-0.107571
-0.115250
-0.110489
-0.107666
-0.111894
-0.113478
-0.110582
-0.114607
-0.110559
-0.111590
-0.115666
-0.108785
-0.109050
-0.115917
-0.110790
-0.109176
-0.114465
-0.110869
-0.112762
-0.112924
-0.112295
-0.116029
-0.112008
-0.112328
-0.114627
-0.113446
-0.113921
-0.115652
-0.115405
-0.114970
-0.116230
-0.114347
-0.113360
0.283702
0.568216
0.754010
0.138775
0.384258
0.411479
0.005956
0.190561
0.301304
0.073081
0.173903
0.177324
-0.008429
0.006157
-0.001730
-0.080104
-0.100400
-0.074329
-0.079808
-0.105770
-0.101036
-0.100151
-0.101674
-0.108442
-0.106304
-0.100094
-0.112422
-0.105679
-0.106513
-0.114448
-0.104784
-0.109473
-0.111854
-0.107846
-0.111450
-0.114913
-0.114477
-0.108709
-0.108623
-0.114588
-0.112015
-0.104498
-0.104357
-0.108727
-0.094756
-0.095078
-0.105987
-0.094053
-0.102625
-0.109908
-0.102612
-0.106541
-0.114609
-0.112543
-0.114449
-0.116307
-0.115401
-0.113920
-0.114815
-0.113232
-0.111749
-0.116482
-0.110410
-0.106765
-0.110822
-0.107379
-0.105799
-0.112627
-0.110824
-0.111587
-0.116167
-0.115412
-0.115183
-0.115314
-0.117341
-0.116310
-0.115455
-0.115324
-0.115970
-0.114866
-0.114203
-0.116069
-0.114728
-0.114611
-0.117215
-0.115539
-0.115698
-0.116564
-0.115682
-0.116266
-0.117006
-0.116125
-0.115760
-0.116487
-0.115179
-0.114061
-0.114605
-0.115394
-0.113873
-0.115488
-0.053019
1.829607
2.836752
1.077379
0.692151
0.803754
0.025906
0.182368
0.123251
0.080159
-0.032112
-0.036502
-0.018739
-0.031942
-0.060697
-0.043593
-0.067544
-0.074194
-0.061485
-0.102833
-0.082253
-0.071472
-0.091024
-0.087135
-0.078601
-0.089432
-0.086506
-0.088405
-0.092202
-0.092812
-0.100073
-0.095551
-0.102639
-0.105762
-0.100207
-0.106398
-0.111914
-0.105355
-0.109483
-0.111062
-0.106828
-0.111741
-0.107592
-0.108245
-0.112749
-0.111757
-0.107399
-0.109634
-0.109371
-0.110986
-0.100625
-0.102181
-0.108405
-0.094321
-0.109185
-0.111495
-0.110648
-0.103869
-0.106594
-0.108896
-0.102208
-0.113908
-0.110088
-0.111217
-0.112585
-0.114698
-0.115444
-0.113799
-0.114554
-0.115963
-0.114491
-0.114930
-0.116071
-0.114957
-0.117234
-0.115610
-0.115293
-0.115767
-0.115221
-0.115042
-0.115682
-0.114779
-0.115809
-0.116106
-0.114976
-0.115820
-0.114706
-0.115682
-0.116058
-0.114765
-0.114357
-0.116018
-0.112569
-0.115379
-0.114264
-0.113829
-0.115351
-0.115048
-0.115153
-0.115266
-0.077725
0.354930
0.748681
0.524415
0.089739
0.097347
0.111894
0.070798
-0.052869
-0.073772
-0.036647
-0.072080
-0.051875
-0.050398
-0.093501
-0.063970
-0.065757
-0.092924
-0.080358
-0.097590
-0.097296
-0.101343
-0.109938
-0.110636
-0.114504
-0.112357
-0.114122
-0.114027
-0.112161
-0.115471
-0.115397
-0.115330
-0.112321
-0.115152
-0.115070
-0.113694
-0.112283
-0.108254
-0.111426
-0.107475
-0.109067
-0.114067
-0.111145
-0.111242
-0.115053
-0.111881
-0.114997
-0.113127
-0.109179
-0.110167
-0.113837
-0.112789
-0.109527
-0.110437
-0.114873
-0.115539
-0.115766
-0.113786
-0.112508
-0.113982
-0.112915
-0.112785
-0.113490
-0.116364
-0.114696
-0.113814
-0.114632
-0.115609
-0.114483
-0.116785
-0.116260
-0.115604
-0.117213
-0.115977
-0.116016
-0.116129
-0.116160
-0.116577
-0.116839
-0.117085
-0.116415
-0.116356
-0.116935
-0.116459
-0.115993
-0.115944
-0.117284
-0.116544
-0.116483
-0.116797
-0.116662
-0.116477
-0.116409
-0.116413
-0.115743
-0.115809
-0.116483
-0.116053
-0.116723
-0.116603
-0.347888
0.004903
-0.061990
-0.456437
-0.117343
-0.117346
2.230751
0.392972
2.957686
1.427413
-0.117346
-0.117350
-0.199010
0.173242
0.223330
-0.651732
-0.117346
-0.117350
-0.133298
0.184114
0.423223
-0.560496
-0.117345
-0.117349
-0.103297
0.316065
0.412703
-0.897178
-0.117347
-0.117349
-0.134846
0.015268
0.106599
-0.368903
-0.117346
-0.117349
4.850421
0.754231
6.404224
3.383996
-0.117346
-0.117348
0.111724
-0.054187
-0.077115
-0.074183
-0.106731
-0.115157
-0.114686
-0.116299
-0.116376
-0.115968
-0.115628
-0.116350
-0.116706
-0.116680
-0.117247
-0.116768
-0.116582
-0.116698
-0.116536
-0.116570
-0.117024
-0.116957
-0.116732
-0.116832
-0.115642
-0.113352
-0.115502
-0.115822
-0.116791
-0.115718
-0.115232
-0.114672
-0.116676
-0.117195
-0.117077
-0.117186
-0.117258
-0.117186
-0.117067
-0.117246
-0.117340
-0.117208
-0.117258
-0.117213
-0.117123
-0.117189
-0.117227
-0.117125
-0.117247
-0.117214
-0.117198
-0.117171
-0.116921
-0.116527
-0.117064
-0.117066
-0.117044
-0.116893
-0.116737
-0.116666
-0.117163
-0.117313
-0.117288
-0.117240
-0.117303
-0.117276
-0.117254
-0.117299
-0.117294
-0.117282
-0.117281
-0.117281
-0.117222
-0.117281
-0.117319
-0.117237
-0.117283
-0.117267
-0.117284
-0.117240
-0.117135
-0.117043
-0.117251
-0.117242
-0.117134
-0.117116
-0.117136
-0.117064
-0.117183
-0.117289
-0.117284
-0.117197
-0.117223
-0.117269
-0.117304
-0.117282
-0.117292
-0.117283
-0.117305
-0.117304
2.227144
-0.104917
0.238997
-0.097912
-0.067344
-0.112091
-0.112364
-0.115400
-0.115192
-0.115742
-0.115738
-0.116619
-0.116985
-0.116935
-0.116313
-0.116942
-0.116778
-0.117195
-0.116596
-0.116634
-0.116227
-0.117078
-0.115446
-0.116487
-0.111704
-0.115233
-0.096573
-0.114129
-0.115188
-0.113530
-0.103318
-0.115577
-0.113343
-0.116139
-0.117123
-0.116906
-0.117161
-0.117154
-0.117150
-0.117156
-0.117340
-0.117311
-0.117218
-0.117272
-0.117192
-0.117336
-0.117231
-0.117203
-0.117055
-0.117255
-0.116810
-0.116824
-0.116415
-0.116380
-0.112926
-0.115991
-0.116440
-0.115520
-0.114426
-0.116697
-0.116380
-0.116896
-0.117202
-0.117058
-0.117297
-0.117283
-0.117319
-0.117258
-0.117318
-0.117336
-0.117324
-0.117310
-0.117269
-0.117331
-0.117307
-0.117292
-0.117215
-0.117299
-0.117100
-0.117006
-0.117074
-0.116664
-0.115719
-0.116635
-0.116894
-0.116109
-0.116497
-0.116519
-0.117006
-0.116985
-0.116741
-0.116855
-0.117252
-0.117141
-0.117240
-0.117296
-0.117276
-0.117326
-0.117329
-0.117325
-0.035671
-0.106434
0.083877
-0.112426
-0.084120
-0.116543
-0.113719
-0.116159
-0.116797
-0.116427
-0.116252
-0.115874
-0.116900
-0.116901
-0.116793
-0.116446
-0.116954
-0.116475
-0.117008
-0.117277
-0.117067
-0.117211
-0.116525
-0.116810
-0.112256
-0.115174
-0.106612
-0.116328
-0.117073
-0.116488
-0.108637
-0.115538
-0.115305
-0.117209
-0.116947
-0.117051
-0.117152
-0.117112
-0.117089
-0.117073
-0.117172
-0.117303
-0.117224
-0.117133
-0.117179
-0.117159
-0.117227
-0.117268
-0.117208
-0.117248
-0.117158
-0.117177
-0.116153
-0.116310
-0.115258
-0.117007
-0.117203
-0.116904
-0.115300
-0.116616
-0.116915
-0.117274
-0.117214
-0.117201
-0.117229
-0.117265
-0.117238
-0.117242
-0.117264
-0.117326
-0.117294
-0.117277
-0.117240
-0.117279
-0.117273
-0.117313
-0.117258
-0.117305
-0.117266
-0.117269
-0.116829
-0.116723
-0.116661
-0.117190
-0.117214
-0.117122
-0.116385
-0.117020
-0.117148
-0.117277
-0.117115
-0.116995
-0.117095
-0.117299
-0.117282
-0.117297
-0.117280
-0.117343
-0.117296
-0.117334
-0.100373
-0.059565
0.086172
-0.106884
-0.105039
-0.117136
-0.113888
-0.114889
-0.114690
-0.115180
-0.115635
-0.115890
-0.115731
-0.116099
-0.116041
-0.116181
-0.116245
-0.116290
-0.116389
-0.116187
-0.116362
-0.116305
-0.116315
-0.116862
-0.115693
-0.114350
-0.105767
-0.115297
-0.115820
-0.115653
-0.109081
-0.116500
-0.116245
-0.117024
-0.116782
-0.116961
-0.116759
-0.116921
-0.116827
-0.116965
-0.116819
-0.116987
-0.116849
-0.116964
-0.116893
-0.116963
-0.116901
-0.116957
-0.116903
-0.116951
-0.116860
-0.117016
-0.116868
-0.116112
-0.114845
-0.116908
-0.116521
-0.116870
-0.115720
-0.116726
-0.116869
-0.116986
-0.117090
-0.117142
-0.116996
-0.117040
-0.117007
-0.117066
-0.117008
-0.117076
-0.117007
-0.117071
-0.117019
-0.117069
-0.117018
-0.117084
-0.117014
-0.117077
-0.116984
-0.117067
-0.116928
-0.116682
-0.116489
-0.117022
-0.116818
-0.117175
-0.116803
-0.116948
-0.116973
-0.116977
-0.117129
-0.117039
-0.116979
-0.117059
-0.117027
-0.117088
-0.117040
-0.117092
-0.117042
-0.117083
-0.105566
0.180554
-0.051780
-0.092605
-0.109417
-0.109165
-0.114803
-0.115559
-0.116234
-0.115253
-0.116178
-0.116585
-0.116457
-0.116383
-0.116469
-0.116482
-0.116649
-0.116828
-0.116604
-0.116351
-0.116834
-0.116638
-0.116768
-0.115521
-0.116362
-0.114671
-0.112992
-0.109978
-0.115586
-0.110354
-0.114913
-0.116143
-0.116628
-0.116868
-0.117005
-0.117081
-0.117168
-0.117018
-0.117118
-0.117084
-0.117136
-0.117071
-0.117117
-0.117065
-0.117121
-0.117100
-0.117109
-0.117039
-0.117126
-0.117072
-0.117128
-0.116793
-0.116998
-0.116650
-0.116318
-0.115981
-0.116442
-0.115683
-0.116904
-0.117187
-0.117020
-0.117133
-0.117158
-0.117197
-0.117217
-0.117171
-0.117171
-0.117161
-0.117189
-0.117163
-0.117187
-0.117154
-0.117178
-0.117156
-0.117188
-0.117153
-0.117173
-0.117162
-0.117158
-0.117002
-0.117153
-0.117072
-0.116980
-0.116938
-0.116736
-0.116718
-0.117245
-0.117161
-0.116920
-0.117132
-0.117175
-0.117239
-0.117215
-0.117111
-0.117157
-0.117178
-0.117181
-0.117174
-0.117193
-0.117165
-0.100144
-0.090197
-0.099222
-0.031469
-0.107687
-0.106834
-0.116045
-0.116175
-0.116728
-0.116570
-0.116836
-0.116390
-0.116832
-0.116661
-0.116904
-0.116862
-0.116896
-0.116850
-0.116929
-0.117053
-0.116876
-0.117073
-0.116807
-0.115929
-0.114990
-0.109489
-0.116316
-0.117169
-0.117249
-0.116115
-0.115994
-0.112477
-0.117148
-0.116232
-0.116989
-0.117001
-0.117182
-0.117045
-0.117205
-0.117038
-0.117195
-0.117066
-0.117206
-0.117103
-0.117202
-0.117110
-0.117190
-0.117121
-0.117175
-0.117119
-0.117148
-0.117150
-0.116549
-0.115719
-0.117084
-0.117126
-0.117273
-0.116849
-0.116856
-0.116361
-0.117156
-0.117045
-0.117092
-0.117208
-0.117224
-0.117164
-0.117223
-0.117156
-0.117216
-0.117159
-0.117221
-0.117168
-0.117228
-0.117168
-0.117223
-0.117160
-0.117232
-0.117151
-0.117261
-0.117226
-0.116934
-0.116801
-0.117128
-0.117184
-0.117197
-0.117064
-0.116998
-0.117050
-0.117150
-0.117226
-0.117103
-0.117224
-0.117136
-0.117198
-0.117258
-0.117165
-0.117224
-0.117171
-0.117218
-0.117178
