-1.081850
1.780992
1.692078
-6.803705
-0.117810
-0.117801
0.070226
1.010214
3.814751
-2.320867
-0.117804
-0.117802
2.670469
1.444887
7.720740
-2.905013
-0.117808
-0.117795
-0.522643
2.230948
5.653876
-5.388088
-0.117806
-0.117806
-0.024346
5.439473
11.357518
-9.290541
-0.117806
-0.117807
-0.176592
1.824412
4.343514
-4.071047
-0.117806
-0.117806
11.080585
-0.116844
11.081814
11.078749
-0.117806
-0.117808
8.016352
3.159461
13.736701
3.435481
-0.117805
-0.117809
0.841350
0.591515
0.361056
0.461822
0.299955
0.024816
0.347102
0.134712
0.062254
0.035882
-0.031781
0.046808
-0.065691
0.050505
0.061815
-0.082246
0.050631
-0.005101
-0.091979
-0.026892
-0.023219
-0.092978
-0.045544
-0.055244
-0.087226
-0.053437
-0.074739
-0.070791
-0.068990
-0.082212
-0.071528
-0.092640
-0.083570
-0.079766
-0.105558
-0.081007
-0.089443
-0.106398
-0.087806
-0.081002
-0.108035
-0.087623
-0.085467
-0.114821
-0.095197
-0.105977
-0.110917
-0.107193
-0.109031
-0.097978
-0.112927
-0.099931
-0.102618
-0.112133
-0.112741
-0.114828
-0.115020
-0.114601
-0.110395
-0.110310
-0.116729
-0.105358
-0.105226
-0.113912
-0.111688
-0.115392
-0.111701
-0.116183
-0.109332
-0.106816
-0.116372
-0.105361
-0.109094
-0.113522
-0.108952
-0.109708
-0.113732
-0.111387
-0.111573
-0.114718
-0.111722
-0.114080
-0.112742
-0.111414
-0.114665
-0.112802
-0.113090
-0.113309
-0.112960
-0.115576
-0.113690
-0.114471
-0.115811
-0.114563
-0.116055
-0.115256
-0.114698
-0.112629
-0.115910
-0.113490
0.069166
0.263218
0.233478
0.067177
-0.074529
0.033392
0.089821
-0.018416
0.026403
-0.085877
0.067222
0.050297
-0.004579
0.096853
0.015547
-0.027022
-0.000535
-0.099474
-0.039843
-0.044685
-0.080505
-0.010457
-0.017594
-0.049435
-0.030660
-0.069641
-0.083893
-0.094959
-0.109631
-0.096643
-0.094219
-0.070115
-0.078107
-0.068600
-0.064767
-0.094655
-0.087917
-0.090187
-0.113848
-0.094874
-0.099423
-0.098468
-0.082279
-0.099462
-0.095676
-0.093471
-0.114398
-0.102471
-0.110973
-0.108484
-0.110469
-0.115362
-0.111475
-0.111364
-0.113717
-0.117194
-0.116487
-0.114633
-0.115551
-0.116213
-0.113222
-0.110754
-0.114238
-0.112730
-0.115482
-0.110431
-0.109127
-0.112731
-0.105730
-0.108158
-0.111409
-0.107997
-0.114355
-0.111897
-0.111873
-0.114767
-0.109480
-0.109281
-0.111510
-0.109021
-0.110970
-0.113979
-0.114064
-0.117217
-0.115491
-0.115516
-0.113433
-0.112926
-0.112133
-0.110018
-0.113597
-0.112289
-0.111684
-0.115164
-0.115551
-0.114153
-0.115102
-0.113626
-0.113101
-0.113712
2.668572
0.249911
0.284120
-0.032976
0.356511
0.409090
0.133228
0.128774
0.199161
0.128644
-0.025204
0.001321
0.007175
-0.074683
-0.024857
-0.021774
-0.095257
-0.025655
-0.011602
-0.094793
-0.031129
-0.047913
-0.111421
-0.057757
-0.059685
-0.107907
-0.044934
-0.070683
-0.082418
-0.053210
-0.103327
-0.078653
-0.078465
-0.113448
-0.088561
-0.083609
-0.110641
-0.085279
-0.088978
-0.113580
-0.095574
-0.101740
-0.107956
-0.101990
-0.104157
-0.111819
-0.099387
-0.099949
-0.103939
-0.105801
-0.096441
-0.099710
-0.114878
-0.109689
-0.113203
-0.117179
-0.115775
-0.115548
-0.116456
-0.109156
-0.105571
-0.113219
-0.107511
-0.105087
-0.107698
-0.112313
-0.111825
-0.109625
-0.114944
-0.110673
-0.111002
-0.114684
-0.111343
-0.109165
-0.117092
-0.109223
-0.109605
-0.116823
-0.110272
-0.111265
-0.116478
-0.109093
-0.109658
-0.116933
-0.109915
-0.113239
-0.113991
-0.111649
-0.116603
-0.113708
-0.113193
-0.115396
-0.112813
-0.112077
-0.114508
-0.115096
-0.113733
-0.114523
-0.116822
-0.113549
0.285291
0.631034
0.853490
0.156352
0.412335
0.451286
0.022148
0.216473
0.315182
0.014408
0.171427
0.166085
-0.065434
0.025076
0.021824
-0.071572
-0.074549
-0.056094
-0.081062
-0.099349
-0.080751
-0.083359
-0.102126
-0.106012
-0.106977
-0.107781
-0.109276
-0.110902
-0.111876
-0.113012
-0.111077
-0.112067
-0.112190
-0.110889
-0.106767
-0.108717
-0.111848
-0.107461
-0.104988
-0.110266
-0.112389
-0.101894
-0.103449
-0.113538
-0.094736
-0.094108
-0.109556
-0.094035
-0.102060
-0.113185
-0.102318
-0.107213
-0.116450
-0.111367
-0.114114
-0.116353
-0.115149
-0.113815
-0.114762
-0.112609
-0.110933
-0.115753
-0.110417
-0.106994
-0.113609
-0.108338
-0.106797
-0.114679
-0.110662
-0.110725
-0.115708
-0.115178
-0.114622
-0.116201
-0.116056
-0.115443
-0.114593
-0.115027
-0.117480
-0.114836
-0.115471
-0.117241
-0.115333
-0.115917
-0.117520
-0.116206
-0.116524
-0.117589
-0.116623
-0.116233
-0.116777
-0.116567
-0.115169
-0.116193
-0.116652
-0.114343
-0.115548
-0.115153
-0.113606
-0.115806
-0.023900
1.803385
2.829616
1.024193
0.724158
0.743873
0.027178
0.113373
0.100273
0.106248
-0.032587
-0.032988
-0.020346
-0.035035
-0.075149
-0.046012
-0.067519
-0.077394
-0.068183
-0.102202
-0.083768
-0.074993
-0.092705
-0.089803
-0.081283
-0.096216
-0.085672
-0.088765
-0.093886
-0.090101
-0.103723
-0.096266
-0.103173
-0.108627
-0.101381
-0.109034
-0.112030
-0.107713
-0.110213
-0.112152
-0.107165
-0.113819
-0.108922
-0.108825
-0.113157
-0.112377
-0.106145
-0.109849
-0.112304
-0.110609
-0.102351
-0.102831
-0.110166
-0.095800
-0.109654
-0.111278
-0.111304
-0.104068
-0.107105
-0.109329
-0.103511
-0.114724
-0.111303
-0.112151
-0.112313
-0.115062
-0.115569
-0.113817
-0.115528
-0.116869
-0.114724
-0.115463
-0.116703
-0.115461
-0.117457
-0.115969
-0.115807
-0.116339
-0.115986
-0.115468
-0.116530
-0.115131
-0.115806
-0.116475
-0.115122
-0.116280
-0.115231
-0.115886
-0.116366
-0.115428
-0.114986
-0.116361
-0.113587
-0.115891
-0.114882
-0.114697
-0.115784
-0.115748
-0.115738
-0.115624
-0.059121
0.417260
0.835058
0.516127
0.096475
0.167158
0.153805
0.079263
-0.073414
-0.021927
-0.022524
-0.070551
-0.039958
-0.060758
-0.085031
-0.066814
-0.076376
-0.089864
-0.086402
-0.099545
-0.104475
-0.109118
-0.111893
-0.111198
-0.115431
-0.109149
-0.113161
-0.111473
-0.110641
-0.115985
-0.111715
-0.116383
-0.113025
-0.117399
-0.114896
-0.115669
-0.112697
-0.112602
-0.112856
-0.111383
-0.110640
-0.113518
-0.111540
-0.109819
-0.112678
-0.110315
-0.112247
-0.116905
-0.110057
-0.109547
-0.113089
-0.113622
-0.110095
-0.109967
-0.115606
-0.115679
-0.115788
-0.113663
-0.112756
-0.114893
-0.112449
-0.112682
-0.113939
-0.116535
-0.114280
-0.114446
-0.116192
-0.115377
-0.115292
-0.116188
-0.115711
-0.116025
-0.116765
-0.116454
-0.117134
-0.117158
-0.117174
-0.116928
-0.117391
-0.117302
-0.116970
-0.116698
-0.117161
-0.116794
-0.116854
-0.116564
-0.117264
-0.116868
-0.117193
-0.117098
-0.117038
-0.116712
-0.116653
-0.116639
-0.116340
-0.116918
-0.116966
-0.116534
-0.116970
-0.116938
-0.394921
0.021168
-0.092462
-0.560278
-0.117803
-0.117807
2.262542
0.406533
3.005683
1.375876
-0.117806
-0.117809
-0.178749
0.187997
0.276414
-0.684852
-0.117806
-0.117809
-0.129868
0.079664
0.233908
-0.400809
-0.117805
-0.117809
-0.018109
0.334860
0.604186
-0.839574
-0.117806
-0.117808
-0.154143
0.047155
0.217294
-0.438837
-0.117804
-0.117806
4.931095
0.829431
6.665075
3.394523
-0.117805
-0.117808
0.158175
-0.039262
-0.076981
-0.078281
-0.103017
-0.113151
-0.116429
-0.116130
-0.116836
-0.114247
-0.115933
-0.114799
-0.116994
-0.115147
-0.115992
-0.114941
-0.117119
-0.116486
-0.117646
-0.116629
-0.117230
-0.117206
-0.117436
-0.117225
-0.116357
-0.113995
-0.115666
-0.116281
-0.117627
-0.115647
-0.115928
-0.115630
-0.116777
-0.117149
-0.117337
-0.117689
-0.117651
-0.117170
-0.117517
-0.117468
-0.117477
-0.117277
-0.117395
-0.117372
-0.117630
-0.117545
-0.117640
-0.117509
-0.117646
-0.117721
-0.117798
-0.117695
-0.117586
-0.116824
-0.117183
-0.117456
-0.117714
-0.117319
-0.117390
-0.117459
-0.117511
-0.117513
-0.117660
-0.117702
-0.117652
-0.117690
-0.117717
-0.117608
-0.117610
-0.117633
-0.117758
-0.117658
-0.117603
-0.117674
-0.117782
-0.117684
-0.117717
-0.117745
-0.117684
-0.117664
-0.117691
-0.117449
-0.117605
-0.117614
-0.117716
-0.117467
-0.117535
-0.117565
-0.117675
-0.117760
-0.117746
-0.117695
-0.117711
-0.117753
-0.117677
-0.117669
-0.117796
-0.117749
-0.117643
-0.117694
2.260479
-0.091583
0.244260
-0.103997
-0.052410
-0.114815
-0.108844
-0.115570
-0.117483
-0.116750
-0.115836
-0.116565
-0.116104
-0.115305
-0.113272
-0.117066
-0.116106
-0.117452
-0.116170
-0.117631
-0.117618
-0.117374
-0.116373
-0.116926
-0.109086
-0.114720
-0.097673
-0.115019
-0.115331
-0.114834
-0.102996
-0.115694
-0.113630
-0.117056
-0.116467
-0.117564
-0.117495
-0.117270
-0.117629
-0.117595
-0.117456
-0.117156
-0.116842
-0.117542
-0.117660
-0.117551
-0.117573
-0.117639
-0.117455
-0.117420
-0.117383
-0.117308
-0.116153
-0.116217
-0.113422
-0.116666
-0.117023
-0.116279
-0.114688
-0.116658
-0.116781
-0.117610
-0.117541
-0.117444
-0.117538
-0.117543
-0.117573
-0.117620
-0.117516
-0.117754
-0.117660
-0.117573
-0.117624
-0.117592
-0.117637
-0.117565
-0.117583
-0.117720
-0.117687
-0.117309
-0.116946
-0.117031
-0.116170
-0.117463
-0.117287
-0.116620
-0.116203
-0.117135
-0.117394
-0.117490
-0.117423
-0.117209
-0.117591
-0.117677
-0.117631
-0.117615
-0.117717
-0.117574
-0.117567
-0.117680
-0.057789
-0.073943
0.090033
-0.107612
-0.084508
-0.115578
-0.116250
-0.116234
-0.115991
-0.116655
-0.117292
-0.117482
-0.117090
-0.117344
-0.117649
-0.117036
-0.116248
-0.117180
-0.117104
-0.116467
-0.116772
-0.117133
-0.116978
-0.116504
-0.114680
-0.115758
-0.106532
-0.116599
-0.117577
-0.116029
-0.109204
-0.117286
-0.114540
-0.117019
-0.117335
-0.117206
-0.117310
-0.117671
-0.117642
-0.117440
-0.117693
-0.117753
-0.117577
-0.117469
-0.117512
-0.117628
-0.117439
-0.117416
-0.117569
-0.117500
-0.117327
-0.117271
-0.117280
-0.116864
-0.115608
-0.117411
-0.117768
-0.117011
-0.115862
-0.117413
-0.116946
-0.117555
-0.117539
-0.117383
-0.117668
-0.117618
-0.117581
-0.117632
-0.117790
-0.117680
-0.117637
-0.117711
-0.117675
-0.117598
-0.117613
-0.117716
-0.117576
-0.117527
-0.117603
-0.117526
-0.117599
-0.117155
-0.116976
-0.117753
-0.117542
-0.117378
-0.117224
-0.117471
-0.117414
-0.117565
-0.117665
-0.117420
-0.117672
-0.117483
-0.117642
-0.117693
-0.117627
-0.117633
-0.117764
-0.117696
-0.104854
-0.079198
0.014752
-0.105807
-0.106336
-0.113876
-0.116522
-0.116274
-0.116680
-0.116825
-0.117044
-0.116963
-0.117042
-0.117244
-0.117014
-0.117126
-0.117408
-0.117127
-0.117012
-0.117472
-0.117431
-0.117130
-0.117006
-0.117428
-0.117236
-0.116727
-0.109659
-0.117302
-0.117277
-0.115492
-0.112365
-0.116895
-0.117008
-0.117646
-0.117418
-0.117522
-0.117685
-0.117546
-0.117558
-0.117669
-0.117628
-0.117558
-0.117635
-0.117674
-0.117588
-0.117596
-0.117700
-0.117620
-0.117539
-0.117671
-0.117761
-0.117501
-0.117630
-0.117519
-0.116196
-0.117674
-0.117394
-0.117059
-0.116470
-0.117642
-0.117457
-0.117544
-0.117690
-0.117770
-0.117614
-0.117630
-0.117699
-0.117657
-0.117636
-0.117681
-0.117690
-0.117648
-0.117660
-0.117711
-0.117665
-0.117639
-0.117713
-0.117689
-0.117611
-0.117608
-0.117739
-0.117421
-0.117212
-0.117600
-0.117712
-0.117425
-0.117366
-0.117393
-0.117552
-0.117755
-0.117465
-0.117537
-0.117652
-0.117770
-0.117680
-0.117650
-0.117699
-0.117714
-0.117659
-0.117677
-0.021618
0.192696
-0.053379
-0.073292
-0.105196
-0.104415
-0.113585
-0.113210
-0.113985
-0.115124
-0.115109
-0.114956
-0.115493
-0.115755
-0.115577
-0.115814
-0.116251
-0.116175
-0.116029
-0.116122
-0.116664
-0.116430
-0.116189
-0.116844
-0.117517
-0.114796
-0.114194
-0.109703
-0.116222
-0.111129
-0.116705
-0.116100
-0.117304
-0.116174
-0.116833
-0.117086
-0.117066
-0.116922
-0.116945
-0.117137
-0.117078
-0.116995
-0.117114
-0.117183
-0.117071
-0.117066
-0.117188
-0.117226
-0.117094
-0.117129
-0.117228
-0.116812
-0.116922
-0.117383
-0.116625
-0.116953
-0.116919
-0.115485
-0.117231
-0.117161
-0.117126
-0.117431
-0.117310
-0.117277
-0.117187
-0.117237
-0.117329
-0.117274
-0.117241
-0.117313
-0.117329
-0.117263
-0.117276
-0.117351
-0.117320
-0.117264
-0.117299
-0.117367
-0.117348
-0.117187
-0.117311
-0.117136
-0.116718
-0.117071
-0.117647
-0.117057
-0.117365
-0.117299
-0.117139
-0.117231
-0.117478
-0.117344
-0.117442
-0.117488
-0.117315
-0.117329
-0.117406
-0.117379
-0.117319
-0.117353
-0.080832
-0.066033
-0.068515
-0.028522
-0.101939
-0.107258
-0.115695
-0.115883
-0.116740
-0.116516
-0.116626
-0.117048
-0.117280
-0.117189
-0.117048
-0.117324
-0.117524
-0.117190
-0.117329
-0.117670
-0.117418
-0.117256
-0.117563
-0.116011
-0.115441
-0.110385
-0.115344
-0.115920
-0.117141
-0.116412
-0.115548
-0.112749
-0.117157
-0.117118
-0.117101
-0.117400
-0.117609
-0.117417
-0.117425
-0.117606
-0.117537
-0.117424
-0.117542
-0.117609
-0.117504
-0.117486
-0.117625
-0.117546
-0.117435
-0.117553
-0.117643
-0.117584
-0.116854
-0.116257
-0.117558
-0.117408
-0.117647
-0.117337
-0.116886
-0.116683
-0.117550
-0.117397
-0.117663
-0.117717
-0.117513
-0.117616
-0.117701
-0.117632
-0.117595
-0.117657
-0.117683
-0.117610
-0.117613
-0.117693
-0.117645
-0.117578
-0.117655
-0.117704
-0.117541
-0.117500
-0.117359
-0.117098
-0.117524
-0.117749
-0.117687
-0.117692
-0.117333
-0.117158
-0.117594
-0.117628
-0.117585
-0.117679
-0.117615
-0.117726
-0.117652
-0.117607
-0.117685
-0.117689
-0.117618
-0.117646
