-1.210565
1.905805
2.663672
-7.158334
-0.116978
-0.116972
0.098050
0.967399
4.028878
-2.603290
-0.116972
-0.116968
2.648804
1.507359
7.788440
-3.240194
-0.116977
-0.116963
-0.456992
2.187220
5.687583
-4.777597
-0.116974
-0.116974
-0.070592
5.427136
11.334079
-9.549787
-0.116975
-0.116976
-0.188551
1.560786
3.622520
-3.666547
-0.116974
-0.116975
11.088628
-0.115984
11.090079
11.087014
-0.116975
-0.116979
8.090534
3.246286
13.733963
3.238247
-0.116974
-0.116978
0.971350
0.636466
0.406523
0.470641
0.291753
0.017698
0.350668
0.135180
0.098039
0.083801
0.006057
0.075368
-0.085109
0.119382
0.036611
0.015162
0.111334
-0.064859
-0.004891
-0.026869
-0.087171
-0.048246
-0.071635
-0.091122
-0.024390
-0.070681
-0.025593
-0.019007
-0.071744
-0.013485
-0.095838
-0.047102
-0.075563
-0.099596
-0.085874
-0.099587
-0.097586
-0.083006
-0.103458
-0.078266
-0.074222
-0.106014
-0.072003
-0.096287
-0.098771
-0.094047
-0.112050
-0.103328
-0.108543
-0.093737
-0.105409
-0.102724
-0.099753
-0.108508
-0.114716
-0.113708
-0.113463
-0.111399
-0.109772
-0.109257
-0.115407
-0.106371
-0.104864
-0.112826
-0.106283
-0.113090
-0.110089
-0.113787
-0.108512
-0.105436
-0.115766
-0.103246
-0.107540
-0.112267
-0.109487
-0.113447
-0.111903
-0.112582
-0.115870
-0.110960
-0.112183
-0.111337
-0.105759
-0.113640
-0.104775
-0.109391
-0.109817
-0.107300
-0.114547
-0.111817
-0.112988
-0.115539
-0.113031
-0.112689
-0.112703
-0.113630
-0.114254
-0.111075
-0.112178
-0.115578
0.097238
0.256410
0.224484
0.019508
-0.089846
0.020154
0.021811
-0.020850
0.064893
-0.039891
0.065779
0.087648
0.008419
0.098148
0.040230
-0.012158
0.021555
-0.098001
-0.036793
-0.107329
-0.049507
-0.086067
-0.073490
-0.068654
-0.107342
-0.084277
-0.084109
-0.094873
-0.094133
-0.089732
-0.090510
-0.110405
-0.096607
-0.088647
-0.111622
-0.090133
-0.102829
-0.098791
-0.099478
-0.098890
-0.089066
-0.098706
-0.080003
-0.092025
-0.092354
-0.088893
-0.106000
-0.099747
-0.104218
-0.112842
-0.108202
-0.115335
-0.112265
-0.112301
-0.112582
-0.116470
-0.116282
-0.114052
-0.114699
-0.114990
-0.113797
-0.111801
-0.114815
-0.110959
-0.112202
-0.111620
-0.106442
-0.110471
-0.106542
-0.105516
-0.110163
-0.107225
-0.110936
-0.112849
-0.113476
-0.114704
-0.114125
-0.114332
-0.112452
-0.114762
-0.113783
-0.113880
-0.115891
-0.115215
-0.114088
-0.113097
-0.114957
-0.115074
-0.113448
-0.115194
-0.114888
-0.114030
-0.115023
-0.112776
-0.116266
-0.111055
-0.115126
-0.108810
-0.108915
-0.110003
2.646894
0.291703
0.342047
-0.028640
0.418153
0.428741
0.089878
0.159038
0.155977
0.059839
-0.067569
0.014646
-0.000278
-0.068512
-0.018171
-0.023529
-0.078967
-0.034035
-0.010868
-0.094344
-0.034177
-0.046545
-0.102096
-0.063278
-0.056472
-0.101089
-0.051043
-0.058355
-0.087968
-0.049965
-0.096830
-0.077186
-0.078097
-0.106817
-0.092377
-0.084288
-0.105198
-0.091779
-0.086505
-0.112459
-0.093938
-0.097146
-0.102341
-0.103744
-0.101698
-0.114425
-0.103636
-0.101511
-0.101309
-0.107886
-0.100095
-0.096130
-0.111458
-0.107821
-0.109234
-0.115229
-0.114282
-0.113973
-0.116231
-0.108207
-0.103527
-0.111509
-0.108522
-0.106734
-0.111453
-0.112825
-0.113614
-0.109977
-0.112200
-0.113168
-0.111304
-0.111510
-0.113788
-0.109400
-0.112997
-0.112894
-0.110037
-0.113755
-0.114517
-0.111396
-0.113654
-0.113698
-0.110688
-0.115873
-0.110757
-0.113135
-0.112188
-0.110057
-0.113625
-0.114199
-0.112330
-0.113875
-0.114222
-0.112923
-0.113625
-0.112645
-0.114785
-0.113261
-0.111731
-0.113886
0.221111
0.553895
0.795646
0.165715
0.499307
0.492372
0.033915
0.234054
0.319494
-0.005935
0.162954
0.117841
-0.043398
0.032287
-0.046393
-0.086614
-0.074562
-0.113192
-0.080517
-0.090305
-0.104127
-0.084358
-0.087617
-0.104058
-0.092138
-0.104176
-0.102680
-0.103896
-0.105726
-0.107440
-0.107524
-0.103543
-0.107367
-0.108365
-0.101865
-0.110777
-0.109835
-0.107555
-0.113815
-0.111530
-0.111357
-0.113629
-0.104777
-0.105193
-0.101839
-0.093444
-0.105813
-0.097877
-0.096490
-0.113472
-0.100816
-0.102546
-0.112169
-0.111529
-0.113431
-0.115095
-0.114781
-0.113988
-0.112798
-0.112650
-0.109237
-0.113427
-0.111999
-0.104830
-0.110187
-0.109682
-0.106036
-0.112982
-0.110488
-0.110885
-0.114618
-0.114768
-0.115889
-0.115453
-0.114817
-0.116715
-0.114338
-0.115125
-0.115117
-0.113903
-0.116263
-0.114575
-0.114614
-0.116479
-0.115850
-0.116174
-0.115361
-0.115433
-0.116627
-0.115430
-0.115078
-0.116453
-0.116253
-0.115095
-0.114189
-0.115161
-0.115090
-0.113860
-0.115574
-0.115543
-0.069450
1.892086
2.785144
0.924259
0.749012
0.756866
-0.028116
0.207227
0.101775
0.046644
-0.050090
-0.040331
-0.033552
-0.042899
-0.040114
-0.051322
-0.052719
-0.054042
-0.083246
-0.094330
-0.077430
-0.102699
-0.105867
-0.101835
-0.110377
-0.114392
-0.111820
-0.112926
-0.115366
-0.113330
-0.114647
-0.115639
-0.112011
-0.112728
-0.113329
-0.107824
-0.108817
-0.113841
-0.107263
-0.108576
-0.107945
-0.108268
-0.108714
-0.109330
-0.111188
-0.114231
-0.109690
-0.109439
-0.109647
-0.110871
-0.104675
-0.099211
-0.116230
-0.097254
-0.104486
-0.111854
-0.110553
-0.105177
-0.103784
-0.112888
-0.102668
-0.111429
-0.110488
-0.110217
-0.112812
-0.114337
-0.115334
-0.113931
-0.114684
-0.114967
-0.114364
-0.114031
-0.114283
-0.114497
-0.115537
-0.114905
-0.115574
-0.116369
-0.115593
-0.115879
-0.116413
-0.115769
-0.115006
-0.116162
-0.114762
-0.114782
-0.116314
-0.114929
-0.115615
-0.114412
-0.116334
-0.113837
-0.114594
-0.115402
-0.114486
-0.116481
-0.116443
-0.116087
-0.116461
-0.116672
-0.046041
0.352404
0.702707
0.408172
0.095961
0.162960
0.110644
0.023403
-0.084592
-0.030787
-0.018474
-0.075480
-0.036480
-0.056325
-0.079906
-0.061809
-0.102175
-0.096090
-0.093984
-0.112716
-0.098366
-0.115063
-0.103050
-0.108922
-0.111666
-0.109388
-0.113975
-0.112462
-0.115349
-0.113284
-0.114742
-0.111773
-0.116084
-0.111361
-0.114030
-0.112575
-0.112362
-0.114636
-0.112351
-0.116417
-0.111230
-0.110768
-0.113516
-0.108007
-0.111569
-0.110528
-0.110431
-0.115830
-0.111763
-0.110115
-0.111747
-0.112796
-0.112016
-0.109083
-0.113481
-0.116059
-0.115633
-0.114884
-0.112799
-0.114324
-0.112100
-0.112104
-0.113750
-0.115652
-0.114507
-0.113869
-0.114681
-0.114844
-0.114222
-0.115410
-0.114412
-0.115241
-0.116296
-0.115921
-0.115784
-0.116343
-0.116456
-0.116584
-0.116079
-0.116685
-0.116572
-0.116708
-0.116338
-0.116176
-0.115866
-0.115827
-0.116064
-0.116506
-0.116501
-0.116477
-0.116287
-0.115476
-0.115843
-0.115521
-0.116203
-0.116530
-0.115874
-0.116462
-0.116119
-0.116679
-0.327277
0.009557
-0.042155
-0.511191
-0.116973
-0.116975
2.253925
0.444949
3.055252
1.402550
-0.116975
-0.116978
-0.251231
0.187917
0.179370
-0.758628
-0.116975
-0.116978
-0.138102
0.125776
0.228574
-0.539147
-0.116974
-0.116978
-0.029169
0.252586
0.627279
-0.627783
-0.116974
-0.116977
-0.143103
0.011169
0.140464
-0.361350
-0.116973
-0.116976
4.813159
0.796833
6.391268
3.348446
-0.116974
-0.116978
0.093996
-0.051510
-0.084107
-0.067372
-0.108037
-0.110425
-0.116244
-0.115944
-0.115891
-0.115714
-0.116313
-0.116885
-0.115678
-0.115310
-0.116299
-0.116188
-0.116001
-0.116602
-0.116670
-0.116548
-0.116583
-0.116834
-0.116424
-0.116281
-0.116137
-0.112541
-0.114578
-0.115720
-0.116141
-0.115124
-0.115462
-0.114142
-0.115972
-0.116073
-0.116767
-0.116747
-0.116782
-0.116805
-0.116843
-0.116855
-0.116756
-0.116618
-0.116762
-0.116869
-0.116810
-0.116907
-0.116892
-0.116897
-0.116875
-0.116890
-0.116793
-0.116867
-0.116826
-0.116139
-0.116236
-0.116737
-0.116676
-0.116600
-0.116493
-0.116384
-0.116618
-0.116697
-0.116873
-0.116874
-0.116928
-0.116957
-0.116908
-0.116908
-0.116914
-0.116855
-0.116880
-0.116923
-0.116938
-0.116963
-0.116940
-0.116956
-0.116930
-0.116927
-0.116914
-0.116897
-0.116875
-0.116690
-0.116623
-0.116881
-0.116815
-0.116874
-0.116725
-0.116752
-0.116785
-0.116870
-0.116818
-0.116834
-0.116931
-0.116920
-0.116955
-0.116947
-0.116960
-0.116934
-0.116946
-0.116957
2.250230
-0.105870
0.277002
-0.100377
-0.077561
-0.105103
-0.105215
-0.112271
-0.112584
-0.116044
-0.113548
-0.113082
-0.113031
-0.113814
-0.114124
-0.116420
-0.116039
-0.116320
-0.115574
-0.114422
-0.114934
-0.115981
-0.113787
-0.114045
-0.112288
-0.115211
-0.098551
-0.111317
-0.111920
-0.114072
-0.101441
-0.113798
-0.111662
-0.112103
-0.113526
-0.115383
-0.116043
-0.116255
-0.115454
-0.114874
-0.114985
-0.115502
-0.116071
-0.116666
-0.116398
-0.115780
-0.115519
-0.115558
-0.116112
-0.116478
-0.115827
-0.116070
-0.116638
-0.115508
-0.114425
-0.114200
-0.114959
-0.115647
-0.114426
-0.114542
-0.114489
-0.114742
-0.115537
-0.116125
-0.116312
-0.116117
-0.115827
-0.115679
-0.115848
-0.116145
-0.116361
-0.116410
-0.116206
-0.115957
-0.115935
-0.116108
-0.116380
-0.116494
-0.116263
-0.116176
-0.116087
-0.115672
-0.116105
-0.115337
-0.115666
-0.115623
-0.116376
-0.115258
-0.115443
-0.115495
-0.116120
-0.116081
-0.116148
-0.116062
-0.116095
-0.116192
-0.116282
-0.116327
-0.116260
-0.116188
0.016967
-0.095846
0.092506
-0.110893
-0.077216
-0.116340
-0.113041
-0.116243
-0.116306
-0.115195
-0.115698
-0.115675
-0.116433
-0.115649
-0.116719
-0.115825
-0.116491
-0.115923
-0.116636
-0.116754
-0.116494
-0.116678
-0.115764
-0.116074
-0.113383
-0.115632
-0.104380
-0.115789
-0.115191
-0.115069
-0.110289
-0.114466
-0.112467
-0.116073
-0.116706
-0.116386
-0.116336
-0.116156
-0.116245
-0.116590
-0.116477
-0.116383
-0.116552
-0.116451
-0.116628
-0.116868
-0.116673
-0.116628
-0.116648
-0.116716
-0.116840
-0.116792
-0.116110
-0.116946
-0.114732
-0.116039
-0.115616
-0.115639
-0.115955
-0.115768
-0.115430
-0.116430
-0.116711
-0.116515
-0.116455
-0.116468
-0.116537
-0.116658
-0.116607
-0.116570
-0.116627
-0.116617
-0.116680
-0.116744
-0.116663
-0.116631
-0.116659
-0.116711
-0.116804
-0.116782
-0.116399
-0.116685
-0.116400
-0.116193
-0.115891
-0.116026
-0.116558
-0.116122
-0.115940
-0.116385
-0.116803
-0.116579
-0.116452
-0.116644
-0.116708
-0.116716
-0.116665
-0.116632
-0.116666
-0.116701
-0.094409
-0.082504
0.049973
-0.106089
-0.106752
-0.108863
-0.114615
-0.115256
-0.114916
-0.115266
-0.115965
-0.116276
-0.116398
-0.116495
-0.116163
-0.115725
-0.115743
-0.116233
-0.116652
-0.116771
-0.116536
-0.115931
-0.114938
-0.114725
-0.116584
-0.115892
-0.108856
-0.115466
-0.115093
-0.115205
-0.110251
-0.115777
-0.114656
-0.115715
-0.116576
-0.116909
-0.116757
-0.116832
-0.116778
-0.116551
-0.116593
-0.116800
-0.116799
-0.116683
-0.116759
-0.116867
-0.116758
-0.116798
-0.116902
-0.116602
-0.116360
-0.116504
-0.116691
-0.116596
-0.115686
-0.116174
-0.116319
-0.116534
-0.115747
-0.116208
-0.116027
-0.116505
-0.116898
-0.116932
-0.116958
-0.116884
-0.116786
-0.116737
-0.116804
-0.116913
-0.116915
-0.116900
-0.116913
-0.116848
-0.116822
-0.116880
-0.116913
-0.116809
-0.116764
-0.116925
-0.116686
-0.116665
-0.116566
-0.116556
-0.116596
-0.116627
-0.116569
-0.116486
-0.116473
-0.116681
-0.116789
-0.116833
-0.116787
-0.116872
-0.116870
-0.116885
-0.116926
-0.116942
-0.116922
-0.116899
-0.026179
0.132764
-0.073479
-0.055368
-0.104060
-0.105781
-0.108552
-0.110973
-0.111522
-0.111469
-0.112334
-0.112755
-0.112954
-0.113411
-0.113845
-0.114210
-0.114327
-0.114325
-0.114181
-0.114037
-0.114341
-0.114596
-0.114451
-0.115071
-0.114744
-0.110943
-0.113466
-0.111566
-0.115576
-0.110450
-0.115295
-0.113363
-0.116258
-0.115646
-0.115971
-0.116105
-0.116043
-0.115900
-0.115897
-0.115875
-0.115889
-0.115994
-0.116098
-0.116149
-0.116108
-0.116028
-0.115951
-0.115922
-0.116002
-0.116077
-0.116064
-0.116242
-0.116188
-0.115356
-0.115797
-0.115825
-0.116468
-0.115363
-0.116297
-0.115839
-0.116556
-0.116456
-0.116414
-0.116393
-0.116398
-0.116344
-0.116306
-0.116300
-0.116321
-0.116366
-0.116399
-0.116401
-0.116368
-0.116332
-0.116309
-0.116310
-0.116347
-0.116376
-0.116369
-0.116437
-0.116429
-0.116111
-0.116330
-0.116414
-0.116685
-0.116176
-0.116496
-0.116227
-0.116657
-0.116576
-0.116488
-0.116354
-0.116474
-0.116454
-0.116407
-0.116415
-0.116419
-0.116419
-0.116422
-0.116420
-0.089990
-0.105232
-0.069161
-0.043909
-0.104754
-0.107502
-0.111215
-0.112243
-0.113353
-0.114046
-0.114452
-0.114166
-0.114440
-0.114638
-0.115087
-0.115520
-0.115607
-0.115328
-0.115341
-0.115408
-0.115921
-0.116512
-0.116472
-0.116464
-0.116063
-0.111010
-0.113221
-0.115172
-0.115777
-0.116290
-0.114729
-0.113759
-0.114537
-0.114909
-0.115092
-0.115544
-0.115919
-0.116055
-0.115976
-0.115836
-0.115876
-0.116001
-0.116176
-0.116263
-0.116202
-0.116084
-0.116089
-0.116187
-0.116399
-0.116529
-0.116422
-0.116431
-0.116061
-0.116201
-0.115469
-0.115978
-0.116291
-0.116402
-0.115881
-0.116749
-0.115710
-0.115883
-0.115948
-0.116234
-0.116304
-0.116312
-0.116256
-0.116223
-0.116264
-0.116337
-0.116397
-0.116395
-0.116350
-0.116307
-0.116334
-0.116403
-0.116483
-0.116484
-0.116397
-0.116349
-0.116201
-0.116582
-0.116009
-0.116257
-0.116331
-0.116460
-0.116031
-0.116575
-0.116127
-0.116210
-0.116148
-0.116500
-0.116317
-0.116348
-0.116350
-0.116391
-0.116436
-0.116449
-0.116432
-0.116397
