-1.167701
1.854968
3.379029
-6.849978
-0.117816
-0.117809
0.112818
1.158691
4.010071
-2.430751
-0.117810
-0.117809
2.540840
1.482798
6.599385
-3.489759
-0.117816
-0.117802
-0.539424
2.384633
6.181470
-5.828980
-0.117812
-0.117813
-0.023921
5.142278
10.974954
-9.662936
-0.117813
-0.117814
-0.148288
2.025654
4.556764
-4.712610
-0.117813
-0.117813
10.808103
-0.116778
10.809861
10.806624
-0.117811
-0.117816
7.979913
3.250254
14.143351
3.432937
-0.117812
-0.117815
0.927444
0.542477
0.347191
0.467361
0.298945
0.041203
0.377400
0.163382
0.103976
0.075156
0.040659
0.106115
-0.055387
0.156482
0.038777
0.034441
0.105915
-0.082912
0.009662
-0.006837
-0.095802
-0.060734
-0.038905
-0.091052
-0.057265
-0.054752
-0.075940
-0.042191
-0.086904
-0.049821
-0.085097
-0.069868
-0.081975
-0.097210
-0.080114
-0.104056
-0.101111
-0.083470
-0.091644
-0.103101
-0.069476
-0.093849
-0.085255
-0.074774
-0.113617
-0.089148
-0.102815
-0.104688
-0.105935
-0.101202
-0.097741
-0.111866
-0.098128
-0.103907
-0.113517
-0.113007
-0.115774
-0.115496
-0.112973
-0.108882
-0.111767
-0.112110
-0.101181
-0.107873
-0.110958
-0.110479
-0.112799
-0.110246
-0.113044
-0.103929
-0.113062
-0.105616
-0.105685
-0.114880
-0.107868
-0.112753
-0.116372
-0.113564
-0.112469
-0.115924
-0.111909
-0.113114
-0.110225
-0.108769
-0.114139
-0.109484
-0.113130
-0.111725
-0.112774
-0.115493
-0.113186
-0.115354
-0.113405
-0.114098
-0.114557
-0.113825
-0.112449
-0.115351
-0.113967
-0.113435
0.111776
0.293390
0.273845
0.104198
-0.009140
-0.016886
0.043134
0.022376
0.011093
-0.050973
0.109083
0.036136
0.063217
0.140301
0.019993
0.030684
0.032681
-0.085525
0.001949
-0.077888
-0.020977
0.020250
-0.042892
0.012216
-0.016255
-0.067046
-0.065002
-0.100684
-0.093636
-0.106334
-0.086733
-0.093585
-0.058094
-0.052487
-0.076057
-0.052567
-0.082945
-0.095413
-0.080899
-0.109802
-0.085746
-0.094058
-0.091049
-0.076918
-0.096205
-0.094090
-0.091290
-0.111876
-0.104853
-0.109707
-0.110022
-0.113660
-0.111775
-0.110103
-0.111927
-0.115242
-0.116216
-0.115823
-0.114089
-0.115716
-0.117249
-0.113944
-0.110937
-0.112621
-0.114343
-0.113778
-0.108021
-0.113117
-0.105978
-0.103701
-0.111265
-0.106117
-0.109207
-0.112649
-0.109745
-0.116748
-0.107674
-0.108570
-0.112474
-0.104587
-0.109069
-0.110889
-0.110023
-0.115450
-0.115671
-0.116757
-0.114773
-0.115523
-0.110691
-0.110633
-0.110950
-0.107072
-0.111803
-0.113979
-0.111849
-0.115408
-0.114217
-0.116159
-0.113849
-0.113851
2.539068
0.238048
0.239929
0.028958
0.452555
0.395789
0.090775
0.223644
0.209751
0.103420
-0.033235
0.001716
-0.010107
-0.059065
-0.047775
-0.022358
-0.107813
-0.026421
-0.050667
-0.065537
-0.054453
-0.063423
-0.109357
-0.066413
-0.083857
-0.085007
-0.071493
-0.098991
-0.068645
-0.101817
-0.079749
-0.094411
-0.094965
-0.090051
-0.116785
-0.093994
-0.097385
-0.104639
-0.098099
-0.096636
-0.113783
-0.097314
-0.108150
-0.102353
-0.103245
-0.110670
-0.109820
-0.100791
-0.099972
-0.101120
-0.106694
-0.094658
-0.098917
-0.115647
-0.110263
-0.114333
-0.117623
-0.116146
-0.115706
-0.113824
-0.105415
-0.108996
-0.110209
-0.102436
-0.107027
-0.110232
-0.112937
-0.111815
-0.112625
-0.113577
-0.114017
-0.111481
-0.116273
-0.112304
-0.115094
-0.113930
-0.113655
-0.114862
-0.114432
-0.111678
-0.116744
-0.111337
-0.111343
-0.115189
-0.111212
-0.114669
-0.112945
-0.114856
-0.114827
-0.113713
-0.116225
-0.114277
-0.112055
-0.112936
-0.115902
-0.114492
-0.116015
-0.116768
-0.116673
-0.115763
0.301913
0.653157
0.910138
0.123465
0.511043
0.490812
-0.043272
0.295841
0.295324
0.009474
0.229222
0.145675
-0.043414
0.061202
0.023188
-0.075883
-0.066355
-0.034900
-0.062378
-0.105127
-0.064807
-0.073776
-0.101546
-0.090525
-0.084711
-0.099191
-0.095731
-0.096620
-0.101440
-0.101185
-0.103101
-0.103431
-0.097978
-0.105155
-0.107179
-0.101323
-0.105869
-0.115136
-0.102224
-0.102596
-0.113627
-0.108205
-0.098229
-0.101440
-0.110303
-0.092849
-0.093203
-0.106358
-0.094019
-0.102431
-0.111004
-0.101766
-0.108645
-0.113796
-0.109458
-0.114830
-0.116524
-0.115227
-0.113714
-0.115640
-0.110029
-0.110281
-0.116661
-0.107749
-0.108511
-0.112494
-0.105367
-0.109113
-0.112175
-0.109340
-0.112130
-0.117080
-0.114396
-0.114282
-0.115399
-0.117056
-0.114632
-0.114158
-0.114873
-0.114962
-0.114648
-0.114504
-0.115219
-0.115270
-0.114947
-0.115889
-0.115947
-0.115739
-0.115467
-0.115967
-0.114722
-0.115295
-0.116277
-0.114224
-0.114022
-0.115903
-0.113476
-0.114359
-0.116723
-0.114451
-0.023078
1.767720
2.643016
0.802731
0.796351
0.692148
-0.053254
0.189052
0.124229
0.060829
-0.067730
-0.058706
-0.001070
-0.018562
-0.111153
-0.029812
-0.061616
-0.076620
-0.069730
-0.108341
-0.070248
-0.084301
-0.097450
-0.077803
-0.086138
-0.090207
-0.083304
-0.091215
-0.089163
-0.092926
-0.092078
-0.101075
-0.100074
-0.100628
-0.109799
-0.103984
-0.105237
-0.116208
-0.107725
-0.112013
-0.109530
-0.107272
-0.115812
-0.106545
-0.107753
-0.115559
-0.111256
-0.107721
-0.110458
-0.111372
-0.111675
-0.100989
-0.105094
-0.107204
-0.098644
-0.113431
-0.112040
-0.111291
-0.104865
-0.113074
-0.105532
-0.106876
-0.115400
-0.110430
-0.112288
-0.113543
-0.117354
-0.114675
-0.113629
-0.115738
-0.116373
-0.114151
-0.115573
-0.116169
-0.115768
-0.117234
-0.115241
-0.115880
-0.116695
-0.115151
-0.115179
-0.116777
-0.116341
-0.115539
-0.117276
-0.115234
-0.116828
-0.116992
-0.114666
-0.116075
-0.114632
-0.114260
-0.117309
-0.114980
-0.115376
-0.117023
-0.116411
-0.115725
-0.116423
-0.116202
-0.087434
0.471541
0.944404
0.625629
0.138283
0.129349
0.114686
0.014147
-0.094435
-0.016931
-0.038947
-0.029250
-0.013698
-0.055044
-0.028110
-0.058384
-0.082205
-0.063931
-0.086049
-0.094863
-0.094312
-0.109515
-0.106770
-0.108488
-0.111166
-0.108650
-0.115361
-0.111525
-0.114707
-0.113830
-0.115356
-0.111869
-0.115382
-0.112842
-0.112655
-0.114630
-0.113207
-0.113447
-0.110650
-0.108753
-0.112760
-0.109252
-0.108450
-0.111025
-0.107116
-0.109803
-0.110354
-0.112243
-0.116034
-0.111214
-0.111107
-0.113564
-0.113335
-0.109626
-0.111179
-0.115361
-0.114471
-0.114173
-0.111472
-0.111425
-0.114025
-0.113333
-0.113926
-0.116178
-0.115982
-0.114161
-0.115451
-0.115421
-0.114486
-0.115072
-0.114339
-0.115800
-0.116140
-0.115794
-0.117116
-0.116517
-0.116680
-0.117065
-0.117233
-0.116624
-0.116514
-0.117345
-0.117293
-0.116604
-0.117122
-0.117029
-0.116451
-0.116599
-0.116607
-0.117523
-0.116302
-0.116295
-0.117269
-0.117043
-0.117535
-0.117563
-0.117508
-0.117443
-0.116878
-0.117035
-0.379731
0.009645
-0.092749
-0.525606
-0.117810
-0.117812
2.195779
0.384295
2.902213
1.411420
-0.117813
-0.117816
-0.240111
0.174086
0.171916
-0.766855
-0.117813
-0.117816
-0.086855
0.127911
0.377705
-0.486270
-0.117812
-0.117815
0.001224
0.337631
0.776791
-0.722535
-0.117812
-0.117815
-0.138257
0.051109
0.207608
-0.441356
-0.117812
-0.117814
4.811855
0.780088
6.348952
3.305757
-0.117813
-0.117815
0.144380
-0.047444
-0.084138
-0.074683
-0.111331
-0.113758
-0.115882
-0.115986
-0.116633
-0.116020
-0.116075
-0.115777
-0.114723
-0.115719
-0.116455
-0.116740
-0.117242
-0.116351
-0.116813
-0.116096
-0.117211
-0.117539
-0.117730
-0.116859
-0.117403
-0.114837
-0.114542
-0.116821
-0.116515
-0.116434
-0.115878
-0.115800
-0.116258
-0.116770
-0.117526
-0.117563
-0.117435
-0.117537
-0.117585
-0.117653
-0.117502
-0.117334
-0.117339
-0.117200
-0.117518
-0.117513
-0.117496
-0.117566
-0.117409
-0.117379
-0.117484
-0.117444
-0.117610
-0.117403
-0.116965
-0.117310
-0.117649
-0.117664
-0.117185
-0.117164
-0.117377
-0.117556
-0.117538
-0.117618
-0.117598
-0.117589
-0.117642
-0.117626
-0.117696
-0.117682
-0.117582
-0.117651
-0.117597
-0.117605
-0.117602
-0.117602
-0.117607
-0.117617
-0.117644
-0.117642
-0.117523
-0.117475
-0.117606
-0.117502
-0.117505
-0.117700
-0.117736
-0.117432
-0.117508
-0.117704
-0.117428
-0.117639
-0.117701
-0.117640
-0.117580
-0.117628
-0.117618
-0.117645
-0.117688
-0.117632
2.196285
-0.113678
0.230950
-0.093418
-0.068643
-0.114724
-0.110712
-0.117285
-0.116892
-0.115975
-0.117270
-0.116598
-0.115518
-0.116192
-0.116393
-0.117048
-0.115719
-0.115060
-0.116235
-0.117344
-0.116361
-0.115484
-0.113545
-0.115833
-0.114085
-0.114432
-0.101381
-0.109476
-0.113449
-0.115519
-0.109176
-0.108359
-0.111260
-0.114674
-0.116576
-0.116623
-0.116848
-0.116426
-0.116532
-0.116774
-0.116809
-0.117127
-0.117350
-0.117188
-0.117064
-0.116943
-0.117172
-0.117681
-0.117375
-0.117157
-0.116994
-0.117027
-0.116936
-0.116850
-0.115889
-0.114111
-0.116493
-0.117584
-0.116287
-0.114978
-0.117054
-0.116802
-0.117131
-0.117277
-0.117364
-0.117535
-0.117761
-0.117575
-0.117485
-0.117457
-0.117460
-0.117661
-0.117697
-0.117647
-0.117501
-0.117405
-0.117489
-0.117682
-0.117706
-0.117334
-0.117207
-0.117519
-0.117137
-0.116295
-0.117665
-0.116721
-0.117012
-0.116799
-0.117490
-0.116477
-0.117448
-0.117548
-0.117616
-0.117392
-0.117343
-0.117416
-0.117579
-0.117639
-0.117558
-0.117477
0.003059
-0.083318
0.081225
-0.104278
-0.082793
-0.113024
-0.112140
-0.114626
-0.114155
-0.115378
-0.114411
-0.115718
-0.116389
-0.116169
-0.116782
-0.116368
-0.116880
-0.116798
-0.115848
-0.115695
-0.116332
-0.116824
-0.117493
-0.116289
-0.112587
-0.116966
-0.109204
-0.111949
-0.114222
-0.115718
-0.111147
-0.113458
-0.114774
-0.116374
-0.116592
-0.116865
-0.117142
-0.117479
-0.117253
-0.117594
-0.117532
-0.117726
-0.117712
-0.117730
-0.117463
-0.117429
-0.117286
-0.117635
-0.117617
-0.117447
-0.117498
-0.117546
-0.117045
-0.117251
-0.116569
-0.115953
-0.116996
-0.117296
-0.117333
-0.115874
-0.117047
-0.117323
-0.117570
-0.117652
-0.117552
-0.117495
-0.117561
-0.117547
-0.117571
-0.117507
-0.117601
-0.117612
-0.117755
-0.117697
-0.117645
-0.117486
-0.117470
-0.117557
-0.117629
-0.117583
-0.117430
-0.117287
-0.117409
-0.117018
-0.117732
-0.117494
-0.117334
-0.117336
-0.117511
-0.117156
-0.117543
-0.117660
-0.117713
-0.117626
-0.117604
-0.117629
-0.117679
-0.117736
-0.117695
-0.117669
-0.086902
-0.059524
0.041332
-0.094893
-0.093946
-0.111515
-0.116101
-0.115908
-0.116286
-0.116516
-0.116679
-0.116888
-0.116801
-0.116907
-0.117070
-0.117123
-0.117104
-0.117106
-0.117216
-0.117022
-0.116773
-0.116591
-0.116396
-0.116944
-0.115321
-0.116146
-0.110033
-0.112867
-0.115781
-0.116441
-0.113537
-0.113604
-0.115397
-0.115970
-0.117029
-0.117333
-0.117459
-0.117438
-0.117435
-0.117491
-0.117515
-0.117546
-0.117566
-0.117605
-0.117645
-0.117671
-0.117694
-0.117634
-0.117560
-0.117546
-0.117598
-0.117682
-0.117653
-0.117396
-0.116958
-0.115974
-0.117049
-0.117380
-0.117062
-0.116590
-0.117512
-0.117380
-0.117502
-0.117640
-0.117700
-0.117755
-0.117765
-0.117740
-0.117716
-0.117701
-0.117717
-0.117742
-0.117747
-0.117742
-0.117736
-0.117736
-0.117727
-0.117706
-0.117665
-0.117617
-0.117683
-0.117626
-0.117687
-0.117072
-0.117428
-0.117455
-0.117536
-0.117288
-0.117532
-0.117405
-0.117680
-0.117768
-0.117766
-0.117736
-0.117723
-0.117726
-0.117755
-0.117772
-0.117763
-0.117751
0.003406
0.194951
-0.055405
-0.089136
-0.098582
-0.115221
-0.106084
-0.108996
-0.109647
-0.110873
-0.111963
-0.113029
-0.113801
-0.113703
-0.113608
-0.113923
-0.114419
-0.114975
-0.114786
-0.114370
-0.114872
-0.115620
-0.116372
-0.115008
-0.115794
-0.116009
-0.114977
-0.112818
-0.111613
-0.109504
-0.115719
-0.116160
-0.115716
-0.115294
-0.116432
-0.116399
-0.116521
-0.116294
-0.116004
-0.115974
-0.116185
-0.116490
-0.116633
-0.116512
-0.116339
-0.116256
-0.116372
-0.116575
-0.116549
-0.116415
-0.116372
-0.116419
-0.116877
-0.116698
-0.117159
-0.115848
-0.117564
-0.117433
-0.115111
-0.116426
-0.116552
-0.117102
-0.116890
-0.116808
-0.116744
-0.116820
-0.116939
-0.116927
-0.116821
-0.116749
-0.116778
-0.116898
-0.116999
-0.116986
-0.116879
-0.116783
-0.116795
-0.116905
-0.116991
-0.116966
-0.116715
-0.116794
-0.116790
-0.117242
-0.116610
-0.116884
-0.117067
-0.116880
-0.116790
-0.116644
-0.116823
-0.117062
-0.117117
-0.116926
-0.116853
-0.116890
-0.116989
-0.117043
-0.117006
-0.116923
-0.098348
-0.061955
-0.069056
-0.025522
-0.107264
-0.112247
-0.116484
-0.116212
-0.116369
-0.116680
-0.116629
-0.117066
-0.117144
-0.116828
-0.116813
-0.117002
-0.117371
-0.117582
-0.117577
-0.116942
-0.116737
-0.116627
-0.116961
-0.117078
-0.117474
-0.111666
-0.113316
-0.115067
-0.116546
-0.116157
-0.116326
-0.113885
-0.114156
-0.115932
-0.116737
-0.117295
-0.117515
-0.117337
-0.117345
-0.117313
-0.117363
-0.117496
-0.117527
-0.117395
-0.117309
-0.117380
-0.117549
-0.117699
-0.117686
-0.117500
-0.117295
-0.117191
-0.117298
-0.117085
-0.116314
-0.117207
-0.117517
-0.117524
-0.117450
-0.117077
-0.116740
-0.117696
-0.117463
-0.117423
-0.117418
-0.117541
-0.117700
-0.117705
-0.117630
-0.117573
-0.117557
-0.117596
-0.117674
-0.117649
-0.117572
-0.117557
-0.117595
-0.117673
-0.117775
-0.117717
-0.117564
-0.117256
-0.117533
-0.117502
-0.117409
-0.117524
-0.117444
-0.117648
-0.117369
-0.117570
-0.117336
-0.117788
-0.117711
-0.117572
-0.117519
-0.117556
-0.117638
-0.117700
-0.117659
-0.117590
