-1.268545
1.821117
2.361469
-7.225291
-0.117377
-0.117370
0.116337
1.130001
3.790055
-2.637722
-0.117371
-0.117370
2.668213
1.458095
6.761438
-3.017818
-0.117376
-0.117363
-0.415398
2.517237
6.455843
-5.132726
-0.117373
-0.117374
-0.078533
5.338852
10.848060
-9.559748
-0.117373
-0.117374
-0.100422
1.890723
3.689160
-4.035379
-0.117373
-0.117374
11.109232
-0.116294
11.110987
11.107663
-0.117373
-0.117376
8.208844
3.205331
13.897074
3.478627
-0.117373
-0.117376
1.028415
0.588884
0.375482
0.453663
0.301513
-0.014133
0.351870
0.172360
0.065868
0.078029
-0.006341
0.057469
-0.071812
0.094976
0.034515
0.034260
0.084799
-0.079763
-0.025852
-0.075359
-0.086157
-0.106343
-0.059245
-0.103394
-0.045213
-0.084236
-0.026565
-0.054036
-0.038767
-0.040057
-0.082488
-0.054854
-0.109484
-0.076258
-0.108567
-0.093869
-0.097907
-0.091337
-0.117312
-0.071228
-0.084332
-0.091636
-0.082793
-0.106489
-0.099109
-0.109380
-0.099352
-0.107664
-0.098630
-0.093084
-0.112955
-0.101721
-0.107526
-0.111913
-0.109566
-0.115135
-0.114083
-0.112917
-0.106588
-0.109212
-0.115656
-0.107196
-0.109900
-0.108229
-0.110958
-0.112310
-0.106405
-0.115426
-0.106336
-0.107542
-0.109339
-0.105227
-0.112237
-0.111143
-0.114464
-0.117089
-0.113888
-0.111943
-0.115310
-0.109915
-0.116516
-0.106931
-0.112644
-0.108715
-0.108698
-0.112523
-0.108127
-0.115700
-0.111629
-0.115366
-0.113637
-0.112228
-0.113473
-0.116247
-0.110482
-0.111336
-0.110043
-0.112677
-0.112666
-0.111804
0.115189
0.345294
0.284769
0.078995
-0.036081
0.068802
0.132016
-0.014483
-0.001214
-0.060289
0.060773
-0.013164
0.002754
0.076605
-0.038763
-0.019807
0.001247
-0.101782
0.006235
-0.068801
0.012338
0.008816
-0.047271
0.005640
-0.080906
-0.047143
-0.087095
-0.082865
-0.091918
-0.089820
-0.076289
-0.091108
-0.047559
-0.091879
-0.051632
-0.063389
-0.092390
-0.070755
-0.112009
-0.086151
-0.096702
-0.103463
-0.084706
-0.100693
-0.102492
-0.095956
-0.114527
-0.108347
-0.111811
-0.107322
-0.111728
-0.111630
-0.113819
-0.112783
-0.113307
-0.115366
-0.113621
-0.112458
-0.113384
-0.115346
-0.112554
-0.108682
-0.114344
-0.113820
-0.114926
-0.112402
-0.113471
-0.112036
-0.108782
-0.112003
-0.111655
-0.111116
-0.114631
-0.110378
-0.115010
-0.107232
-0.108642
-0.110256
-0.105900
-0.114428
-0.109162
-0.113783
-0.112763
-0.113672
-0.115032
-0.112900
-0.114632
-0.109004
-0.114481
-0.108189
-0.110559
-0.112711
-0.109697
-0.116576
-0.111452
-0.114253
-0.113943
-0.112680
-0.116539
-0.114641
2.666287
0.259132
0.306108
-0.036220
0.420901
0.416980
0.097621
0.186911
0.187906
0.089160
-0.050761
0.019590
-0.029921
-0.062902
-0.051217
-0.060775
-0.081433
-0.082494
-0.070687
-0.101888
-0.081926
-0.088903
-0.110217
-0.100041
-0.105675
-0.108797
-0.097381
-0.103764
-0.093207
-0.094848
-0.097286
-0.093802
-0.099392
-0.101116
-0.103928
-0.095566
-0.112048
-0.098596
-0.101343
-0.104623
-0.099779
-0.107578
-0.105223
-0.111369
-0.105655
-0.108783
-0.108127
-0.098960
-0.095174
-0.107640
-0.099271
-0.098689
-0.109432
-0.113597
-0.115898
-0.113269
-0.111743
-0.111054
-0.114180
-0.107098
-0.104086
-0.108906
-0.108398
-0.107682
-0.106125
-0.113132
-0.111837
-0.111351
-0.114570
-0.114281
-0.115454
-0.114643
-0.116000
-0.116368
-0.114644
-0.115705
-0.115464
-0.115095
-0.116470
-0.114439
-0.115920
-0.110743
-0.113244
-0.113005
-0.111237
-0.114281
-0.113461
-0.115311
-0.114006
-0.115501
-0.113452
-0.115114
-0.113702
-0.112206
-0.115410
-0.114228
-0.114743
-0.114695
-0.114642
-0.115487
0.179365
0.647439
1.021814
0.200432
0.519744
0.518479
0.009679
0.295053
0.295612
-0.033307
0.224495
0.159907
-0.038907
0.100835
0.036929
-0.103706
-0.030817
-0.047438
-0.089954
-0.079885
-0.087512
-0.086950
-0.109177
-0.095360
-0.102132
-0.097270
-0.114870
-0.104042
-0.107004
-0.113275
-0.106028
-0.107439
-0.104940
-0.111568
-0.102143
-0.108373
-0.107348
-0.107794
-0.102447
-0.101879
-0.115270
-0.096947
-0.093637
-0.106713
-0.094851
-0.092725
-0.104737
-0.096539
-0.103362
-0.111239
-0.105238
-0.112544
-0.106861
-0.105376
-0.114027
-0.113371
-0.111672
-0.112081
-0.115153
-0.106069
-0.105055
-0.114118
-0.107494
-0.107157
-0.114785
-0.106242
-0.107468
-0.112752
-0.108442
-0.111312
-0.115330
-0.112657
-0.114760
-0.115987
-0.114435
-0.115440
-0.116324
-0.116050
-0.116480
-0.116737
-0.116722
-0.117183
-0.116822
-0.116337
-0.117225
-0.115605
-0.115616
-0.115137
-0.116956
-0.115269
-0.116062
-0.116500
-0.115368
-0.116135
-0.115915
-0.115200
-0.115592
-0.113583
-0.112652
-0.112268
-0.077397
1.862600
2.762317
0.877051
0.743349
0.700647
-0.054723
0.168148
0.098108
0.019374
-0.081435
-0.057025
-0.038267
-0.045277
-0.083210
-0.026819
-0.083844
-0.051382
-0.076247
-0.078616
-0.058918
-0.091430
-0.085932
-0.080644
-0.097435
-0.094828
-0.085823
-0.102190
-0.093957
-0.092515
-0.109335
-0.098272
-0.098581
-0.111635
-0.102595
-0.099145
-0.113253
-0.104432
-0.105131
-0.109332
-0.103286
-0.113101
-0.105783
-0.107318
-0.112691
-0.111337
-0.106755
-0.108786
-0.109096
-0.112008
-0.102174
-0.105778
-0.105355
-0.096647
-0.111452
-0.114736
-0.113632
-0.104937
-0.112836
-0.105188
-0.106850
-0.115492
-0.111262
-0.114268
-0.115326
-0.116145
-0.114523
-0.115259
-0.116288
-0.115104
-0.114126
-0.116157
-0.114025
-0.115790
-0.115163
-0.114317
-0.117044
-0.114918
-0.114824
-0.116905
-0.115000
-0.114559
-0.116838
-0.114103
-0.114574
-0.115221
-0.113617
-0.114949
-0.116178
-0.115574
-0.115039
-0.116761
-0.115317
-0.116829
-0.116335
-0.116487
-0.116688
-0.116353
-0.115696
-0.115946
-0.100368
0.451558
0.883254
0.457829
0.094485
0.219653
0.159538
0.073858
-0.044098
0.009641
0.013841
-0.027144
-0.017241
-0.035615
-0.043295
-0.071421
-0.075823
-0.073327
-0.097062
-0.088544
-0.100417
-0.100443
-0.106031
-0.104999
-0.113459
-0.108225
-0.114323
-0.111120
-0.112397
-0.113892
-0.111847
-0.115738
-0.110677
-0.112888
-0.110745
-0.112796
-0.110589
-0.113200
-0.109649
-0.110832
-0.109936
-0.108530
-0.108764
-0.106983
-0.109444
-0.108449
-0.107933
-0.111658
-0.113003
-0.109104
-0.107497
-0.111511
-0.113166
-0.111954
-0.114083
-0.114480
-0.114858
-0.111432
-0.111821
-0.116505
-0.115041
-0.112789
-0.111705
-0.114555
-0.115072
-0.113167
-0.113856
-0.114173
-0.113985
-0.114182
-0.115194
-0.115152
-0.115105
-0.115941
-0.115749
-0.116266
-0.116368
-0.116821
-0.116769
-0.116898
-0.117199
-0.117117
-0.117103
-0.116387
-0.116348
-0.116911
-0.117124
-0.116705
-0.116115
-0.116931
-0.116094
-0.115832
-0.116705
-0.116583
-0.115434
-0.115149
-0.115997
-0.115984
-0.114722
-0.114686
-0.370249
0.012519
-0.067053
-0.512041
-0.117370
-0.117373
2.274290
0.454286
3.059014
1.379528
-0.117373
-0.117377
-0.193798
0.180857
0.253967
-0.685335
-0.117373
-0.117377
-0.169625
0.125581
0.249177
-0.539897
-0.117373
-0.117376
-0.061415
0.161346
0.333249
-0.568194
-0.117374
-0.117376
-0.126143
0.036979
0.202697
-0.394972
-0.117372
-0.117375
4.811629
0.839869
6.549859
3.229883
-0.117372
-0.117376
0.135675
-0.045771
-0.071944
-0.084353
-0.113168
-0.111821
-0.115002
-0.116507
-0.116220
-0.115152
-0.114697
-0.115037
-0.116062
-0.116584
-0.116218
-0.116451
-0.116836
-0.116074
-0.116381
-0.116936
-0.117256
-0.116770
-0.117133
-0.116708
-0.116828
-0.114434
-0.115122
-0.115295
-0.117299
-0.115888
-0.115296
-0.115324
-0.116796
-0.116697
-0.116943
-0.117245
-0.117128
-0.116955
-0.116931
-0.116996
-0.117069
-0.117228
-0.117109
-0.117130
-0.117219
-0.117121
-0.117246
-0.117353
-0.117285
-0.117185
-0.117267
-0.117247
-0.117111
-0.116784
-0.116978
-0.116875
-0.117316
-0.117062
-0.116856
-0.116878
-0.117179
-0.117164
-0.117219
-0.117317
-0.117296
-0.117249
-0.117248
-0.117266
-0.117260
-0.117315
-0.117251
-0.117276
-0.117297
-0.117285
-0.117323
-0.117350
-0.117337
-0.117290
-0.117317
-0.117312
-0.117199
-0.117165
-0.117240
-0.117153
-0.117354
-0.117208
-0.117114
-0.117164
-0.117307
-0.117240
-0.117277
-0.117289
-0.117268
-0.117340
-0.117353
-0.117334
-0.117342
-0.117354
-0.117307
-0.117361
2.277468
-0.109716
0.282276
-0.092694
-0.071260
-0.112957
-0.109746
-0.113664
-0.111303
-0.114661
-0.112690
-0.116677
-0.116153
-0.116026
-0.115086
-0.117050
-0.116191
-0.114830
-0.114638
-0.117190
-0.116405
-0.116162
-0.116004
-0.113609
-0.113383
-0.113833
-0.096260
-0.116276
-0.115302
-0.116356
-0.100295
-0.114883
-0.112923
-0.115631
-0.116167
-0.116406
-0.115754
-0.116547
-0.116679
-0.116752
-0.116924
-0.116993
-0.116604
-0.117026
-0.116974
-0.116461
-0.116582
-0.117295
-0.116740
-0.116731
-0.117039
-0.115934
-0.116398
-0.116127
-0.113328
-0.117019
-0.116366
-0.116861
-0.113428
-0.116461
-0.116280
-0.116588
-0.116812
-0.116991
-0.116917
-0.117106
-0.117211
-0.117134
-0.117205
-0.117239
-0.117057
-0.117197
-0.117217
-0.116989
-0.117018
-0.117354
-0.117068
-0.117046
-0.117186
-0.116667
-0.116728
-0.116709
-0.115945
-0.117146
-0.116831
-0.117233
-0.115507
-0.117042
-0.117295
-0.116980
-0.116677
-0.116964
-0.117110
-0.117178
-0.117265
-0.117317
-0.117316
-0.117342
-0.117310
-0.117298
-0.040261
-0.093870
0.088478
-0.108077
-0.086637
-0.113840
-0.116004
-0.116086
-0.114030
-0.113771
-0.116015
-0.115345
-0.115289
-0.115783
-0.115613
-0.116878
-0.116260
-0.115677
-0.116383
-0.116097
-0.116250
-0.116412
-0.115776
-0.116497
-0.112425
-0.115700
-0.105772
-0.116015
-0.116502
-0.115043
-0.109170
-0.116727
-0.115618
-0.116642
-0.116869
-0.117077
-0.116862
-0.116555
-0.116748
-0.116991
-0.116971
-0.116829
-0.116792
-0.117115
-0.117094
-0.116887
-0.116864
-0.116858
-0.116964
-0.116961
-0.116644
-0.116848
-0.115942
-0.116906
-0.114874
-0.116553
-0.116768
-0.116413
-0.115610
-0.117270
-0.117133
-0.116961
-0.116941
-0.117105
-0.117126
-0.117048
-0.117011
-0.117108
-0.117210
-0.117106
-0.117057
-0.117134
-0.117163
-0.117141
-0.117068
-0.117038
-0.117090
-0.117125
-0.116960
-0.117053
-0.116562
-0.117234
-0.116317
-0.116775
-0.116871
-0.116884
-0.116583
-0.117175
-0.117032
-0.116935
-0.116794
-0.117210
-0.116890
-0.117199
-0.117107
-0.117154
-0.117176
-0.117150
-0.117157
-0.117186
-0.066444
-0.073331
0.046506
-0.106305
-0.113815
-0.107323
-0.110239
-0.110703
-0.111041
-0.111593
-0.113034
-0.113666
-0.113680
-0.113543
-0.113890
-0.114292
-0.114433
-0.114178
-0.114564
-0.115108
-0.115600
-0.115291
-0.115449
-0.115550
-0.116081
-0.114956
-0.109188
-0.115426
-0.114942
-0.116110
-0.109981
-0.116944
-0.115961
-0.115204
-0.115623
-0.116126
-0.116034
-0.115950
-0.116098
-0.116316
-0.116292
-0.116087
-0.116006
-0.116152
-0.116312
-0.116219
-0.116204
-0.116369
-0.116627
-0.116534
-0.116294
-0.116150
-0.116288
-0.116191
-0.115812
-0.116310
-0.115843
-0.116680
-0.115087
-0.116612
-0.116489
-0.116272
-0.116292
-0.116630
-0.116583
-0.116578
-0.116528
-0.116586
-0.116618
-0.116572
-0.116502
-0.116542
-0.116647
-0.116670
-0.116623
-0.116629
-0.116713
-0.116731
-0.116577
-0.116437
-0.116376
-0.116627
-0.116343
-0.116586
-0.116255
-0.116741
-0.115830
-0.116653
-0.116528
-0.116607
-0.116410
-0.116765
-0.116511
-0.116630
-0.116652
-0.116700
-0.116698
-0.116701
-0.116704
-0.116721
-0.060714
0.072187
-0.081278
-0.087696
-0.111489
-0.099107
-0.112505
-0.113304
-0.113848
-0.114946
-0.114608
-0.115198
-0.115035
-0.115089
-0.115324
-0.115332
-0.115380
-0.115489
-0.115561
-0.116064
-0.116114
-0.116023
-0.116234
-0.114107
-0.115766
-0.113796
-0.114431
-0.113080
-0.116880
-0.112886
-0.115889
-0.115927
-0.116707
-0.115506
-0.116383
-0.116629
-0.116646
-0.116736
-0.116667
-0.116733
-0.116677
-0.116613
-0.116591
-0.116609
-0.116646
-0.116634
-0.116666
-0.116751
-0.116856
-0.116837
-0.116769
-0.116489
-0.116580
-0.116109
-0.116383
-0.116428
-0.117284
-0.116133
-0.116714
-0.116986
-0.116852
-0.116728
-0.116844
-0.116873
-0.116927
-0.116949
-0.116895
-0.116907
-0.116893
-0.116874
-0.116856
-0.116865
-0.116898
-0.116897
-0.116913
-0.116916
-0.116970
-0.116994
-0.116900
-0.116909
-0.116800
-0.116571
-0.116874
-0.116714
-0.117127
-0.116655
-0.116836
-0.116916
-0.116977
-0.116845
-0.117016
-0.116784
-0.116917
-0.117011
-0.116939
-0.116988
-0.116963
-0.116948
-0.116954
-0.116949
-0.108132
-0.074299
-0.080190
-0.025985
-0.107686
-0.109456
-0.116060
-0.116735
-0.116475
-0.115919
-0.116572
-0.117046
-0.116839
-0.116688
-0.117071
-0.117318
-0.117122
-0.117208
-0.116969
-0.117021
-0.117216
-0.116960
-0.116494
-0.116636
-0.114808
-0.109264
-0.116129
-0.116311
-0.117215
-0.116163
-0.115011
-0.112145
-0.117168
-0.116486
-0.116822
-0.117151
-0.117129
-0.116935
-0.117044
-0.117250
-0.117214
-0.117146
-0.117244
-0.117283
-0.117272
-0.117361
-0.117180
-0.117124
-0.117205
-0.117253
-0.116974
-0.117109
-0.116622
-0.115739
-0.117218
-0.117093
-0.117272
-0.117000
-0.116634
-0.116296
-0.117231
-0.117100
-0.117114
-0.117204
-0.117229
-0.117238
-0.117232
-0.117285
-0.117336
-0.117299
-0.117302
-0.117305
-0.117314
-0.117347
-0.117275
-0.117227
-0.117248
-0.117321
-0.117186
-0.117160
-0.117000
-0.116757
-0.117242
-0.117204
-0.117325
-0.117243
-0.117106
-0.117131
-0.117306
-0.117203
-0.117196
-0.117084
-0.117155
-0.117271
-0.117337
-0.117306
-0.117304
-0.117317
-0.117324
-0.117326
