-1.281952
1.806250
1.204535
-6.708267
-0.114419
-0.114412
0.115370
1.038518
3.555104
-2.478256
-0.114413
-0.114412
2.605857
1.695031
6.317487
-5.760962
-0.114420
-0.114399
-0.347909
2.344097
5.614663
-5.462473
-0.114415
-0.114416
-0.059023
5.433296
11.240085
-9.482107
-0.114415
-0.114417
-0.152653
1.732871
3.790652
-3.954741
-0.114416
-0.114416
10.960022
-0.113953
10.961018
10.958997
-0.114416
-0.114416
8.081596
3.336532
14.232650
3.211885
-0.114415
-0.114419
1.048087
0.667806
0.443106
0.505866
0.219835
-0.015712
0.281611
0.141506
0.002944
0.045841
-0.057166
0.010921
-0.087114
0.032785
0.014568
-0.026878
0.052884
-0.035701
-0.026485
-0.022165
-0.081652
-0.053721
-0.071352
-0.064111
-0.070577
-0.069458
-0.068380
-0.081452
-0.080627
-0.075774
-0.084467
-0.082384
-0.082241
-0.090794
-0.083730
-0.104061
-0.084258
-0.095315
-0.093272
-0.077965
-0.101103
-0.087709
-0.091787
-0.110706
-0.099389
-0.108664
-0.104819
-0.110925
-0.097945
-0.099575
-0.108289
-0.097407
-0.100671
-0.108726
-0.108606
-0.113274
-0.110767
-0.109650
-0.105624
-0.109512
-0.108907
-0.101306
-0.103950
-0.111150
-0.107075
-0.113824
-0.109677
-0.113721
-0.106418
-0.108798
-0.108770
-0.104335
-0.110798
-0.106986
-0.107808
-0.110921
-0.107783
-0.109462
-0.109049
-0.108013
-0.111066
-0.107073
-0.112194
-0.109451
-0.107543
-0.110520
-0.109406
-0.109516
-0.111090
-0.109273
-0.112951
-0.110731
-0.112478
-0.113254
-0.107754
-0.110865
-0.108313
-0.108483
-0.112594
-0.110306
0.114763
0.305785
0.254262
0.073562
-0.052434
0.029957
0.111022
-0.006572
0.034345
-0.029770
0.008106
0.075911
-0.041708
0.048798
0.069978
-0.084790
0.012342
-0.068090
-0.012538
-0.031028
-0.050116
0.009147
-0.082876
-0.059146
-0.066847
-0.101027
-0.074964
-0.095956
-0.090436
-0.080556
-0.107121
-0.085615
-0.090009
-0.093126
-0.061788
-0.095645
-0.077375
-0.080518
-0.103509
-0.087447
-0.106178
-0.077781
-0.091393
-0.097740
-0.086576
-0.102904
-0.103817
-0.101071
-0.106992
-0.102592
-0.110135
-0.110078
-0.108494
-0.108219
-0.111411
-0.113983
-0.113103
-0.110953
-0.113193
-0.112300
-0.109002
-0.107522
-0.110873
-0.107809
-0.110322
-0.107472
-0.105639
-0.112535
-0.103422
-0.105058
-0.111229
-0.104831
-0.110898
-0.108329
-0.111264
-0.107552
-0.105508
-0.113732
-0.107554
-0.109977
-0.111622
-0.109826
-0.113656
-0.110791
-0.110469
-0.113667
-0.111196
-0.111942
-0.111166
-0.108326
-0.112853
-0.108096
-0.108914
-0.113155
-0.111112
-0.113294
-0.109552
-0.110511
-0.113075
-0.110876
2.603849
0.305036
0.325875
-0.028541
0.398719
0.446338
0.145689
0.197815
0.229575
0.141992
0.015909
0.054380
0.059158
-0.070410
0.036862
-0.000811
-0.056361
-0.013692
0.012444
0.011910
-0.000889
0.044476
0.017416
-0.006722
0.027487
-0.029169
-0.013743
-0.026490
-0.032344
-0.033968
-0.049425
-0.024895
-0.059529
-0.043103
-0.042987
-0.070490
-0.063931
-0.075048
-0.091356
-0.099038
-0.090317
-0.093199
-0.108946
-0.090467
-0.101292
-0.100678
-0.093160
-0.093990
-0.097270
-0.099018
-0.089668
-0.099114
-0.111261
-0.105843
-0.111526
-0.113513
-0.111517
-0.111185
-0.111079
-0.101968
-0.102824
-0.108335
-0.099442
-0.102030
-0.105855
-0.108236
-0.107158
-0.107480
-0.112514
-0.106405
-0.110350
-0.111962
-0.108804
-0.107638
-0.106948
-0.106844
-0.101987
-0.104173
-0.104687
-0.101662
-0.107661
-0.103418
-0.106182
-0.103849
-0.104494
-0.106877
-0.102578
-0.107939
-0.104277
-0.104985
-0.108213
-0.106917
-0.109991
-0.110035
-0.112009
-0.110159
-0.112458
-0.110735
-0.110313
-0.111974
0.118410
0.509789
0.930597
0.250201
0.441004
0.508734
0.061678
0.178046
0.333359
0.065416
0.131380
0.233449
0.057934
0.037758
0.119501
0.002165
-0.088635
-0.020928
-0.017584
-0.078992
-0.050163
-0.042166
-0.080513
-0.083905
-0.079526
-0.087749
-0.104767
-0.092891
-0.096643
-0.105449
-0.094291
-0.097574
-0.102501
-0.097378
-0.089000
-0.097111
-0.098529
-0.088140
-0.098263
-0.111467
-0.093257
-0.086328
-0.102622
-0.089663
-0.081053
-0.097109
-0.097958
-0.090551
-0.107133
-0.102770
-0.098048
-0.105015
-0.110088
-0.107126
-0.112636
-0.112664
-0.112188
-0.109793
-0.111573
-0.107458
-0.107064
-0.113706
-0.105823
-0.103259
-0.111020
-0.104162
-0.102760
-0.108984
-0.104758
-0.103165
-0.109529
-0.110943
-0.108647
-0.109251
-0.112796
-0.109418
-0.108225
-0.110757
-0.110789
-0.110117
-0.110685
-0.113059
-0.110818
-0.111184
-0.113549
-0.111649
-0.112337
-0.112882
-0.112165
-0.111706
-0.112851
-0.112298
-0.110105
-0.112629
-0.112324
-0.109098
-0.109219
-0.112572
-0.106402
-0.106393
-0.058001
1.829652
2.754069
1.160003
0.582274
0.835314
0.053613
0.228819
0.180628
0.006161
-0.080898
-0.030292
-0.014048
-0.091700
-0.027532
-0.041589
-0.080501
-0.063873
-0.072104
-0.098215
-0.095399
-0.073717
-0.089127
-0.096238
-0.086740
-0.103334
-0.104266
-0.102384
-0.105107
-0.107727
-0.106101
-0.100584
-0.107581
-0.102125
-0.100930
-0.110672
-0.107283
-0.105890
-0.108543
-0.108600
-0.105174
-0.107019
-0.109398
-0.105649
-0.111194
-0.110343
-0.107265
-0.105322
-0.107261
-0.106656
-0.095447
-0.105479
-0.099564
-0.095751
-0.110382
-0.107543
-0.106460
-0.099446
-0.106604
-0.104285
-0.101768
-0.114157
-0.105815
-0.108039
-0.112147
-0.112965
-0.111908
-0.111342
-0.113938
-0.111895
-0.111903
-0.112714
-0.112412
-0.112477
-0.113547
-0.113090
-0.112049
-0.113481
-0.112749
-0.112088
-0.113768
-0.113432
-0.112488
-0.112141
-0.113980
-0.111645
-0.111041
-0.113681
-0.111156
-0.111442
-0.112518
-0.113222
-0.110667
-0.111316
-0.113368
-0.110510
-0.111912
-0.113056
-0.112273
-0.113155
-0.076273
0.414854
0.808894
0.475505
0.070988
0.161914
0.108405
0.015104
-0.080303
-0.065352
-0.032509
-0.054994
-0.039256
-0.044023
-0.046826
-0.047511
-0.078924
-0.071028
-0.079108
-0.099140
-0.097365
-0.107023
-0.109430
-0.106470
-0.112832
-0.104658
-0.108742
-0.105624
-0.106077
-0.108969
-0.107403
-0.112775
-0.109795
-0.113090
-0.112100
-0.110022
-0.111203
-0.107027
-0.107668
-0.108552
-0.104398
-0.105618
-0.105722
-0.105995
-0.107701
-0.108109
-0.112271
-0.110343
-0.108472
-0.108999
-0.110359
-0.111030
-0.106677
-0.107699
-0.112988
-0.112619
-0.112433
-0.110084
-0.110482
-0.110994
-0.109191
-0.110460
-0.112516
-0.114145
-0.112201
-0.111471
-0.112478
-0.112065
-0.111763
-0.111622
-0.111807
-0.112616
-0.112069
-0.112663
-0.113619
-0.113478
-0.114023
-0.114235
-0.114018
-0.114130
-0.113375
-0.113654
-0.113672
-0.113965
-0.113424
-0.112986
-0.113782
-0.113449
-0.113900
-0.113932
-0.113413
-0.114101
-0.112748
-0.112341
-0.113467
-0.113412
-0.112886
-0.112249
-0.112209
-0.112830
-0.331055
0.018262
-0.040411
-0.528482
-0.114413
-0.114416
2.246620
0.451618
2.997652
1.338952
-0.114416
-0.114419
-0.169803
0.181763
0.252325
-0.675554
-0.114416
-0.114419
-0.085593
0.129328
0.314220
-0.448025
-0.114415
-0.114419
-0.116904
0.292659
0.456505
-0.801405
-0.114416
-0.114418
-0.117364
0.053584
0.132113
-0.462669
-0.114416
-0.114417
4.835301
0.818119
6.471218
3.385034
-0.114415
-0.114418
0.102241
-0.051534
-0.072327
-0.060787
-0.107369
-0.111949
-0.110483
-0.113860
-0.113835
-0.110381
-0.113134
-0.113725
-0.113314
-0.112823
-0.113853
-0.112400
-0.114317
-0.114329
-0.113770
-0.113145
-0.114104
-0.113968
-0.113121
-0.113391
-0.113349
-0.110106
-0.111862
-0.112612
-0.113978
-0.113148
-0.112782
-0.110841
-0.113659
-0.114174
-0.113916
-0.114310
-0.114352
-0.113699
-0.114138
-0.114242
-0.114045
-0.114272
-0.114316
-0.113940
-0.114215
-0.114353
-0.114190
-0.114195
-0.114288
-0.114272
-0.113986
-0.114005
-0.114071
-0.113696
-0.113859
-0.113966
-0.114230
-0.114229
-0.114063
-0.113485
-0.114162
-0.114286
-0.114224
-0.114348
-0.114405
-0.114108
-0.114250
-0.114372
-0.114222
-0.114356
-0.114345
-0.114206
-0.114245
-0.114339
-0.114281
-0.114305
-0.114300
-0.114347
-0.114172
-0.114112
-0.114256
-0.114244
-0.114251
-0.114207
-0.114284
-0.114327
-0.114279
-0.114040
-0.114257
-0.114291
-0.114367
-0.114406
-0.114351
-0.114137
-0.114232
-0.114373
-0.114273
-0.114333
-0.114317
-0.114284
2.246375
-0.108189
0.279070
-0.083294
-0.063659
-0.112365
-0.108966
-0.112237
-0.111714
-0.112692
-0.113450
-0.113898
-0.113626
-0.112733
-0.111425
-0.113893
-0.113066
-0.112875
-0.113460
-0.112760
-0.113054
-0.113647
-0.114038
-0.111268
-0.109767
-0.109000
-0.093471
-0.112113
-0.113776
-0.112207
-0.097255
-0.110681
-0.110075
-0.112254
-0.112681
-0.114167
-0.113235
-0.113324
-0.113942
-0.113939
-0.113596
-0.113843
-0.114108
-0.113982
-0.113773
-0.114003
-0.114007
-0.113674
-0.113801
-0.114239
-0.113997
-0.113039
-0.113971
-0.112287
-0.110363
-0.113319
-0.114265
-0.113034
-0.110504
-0.112598
-0.113368
-0.113398
-0.113539
-0.113913
-0.113782
-0.113579
-0.113996
-0.114055
-0.113801
-0.113886
-0.114142
-0.114014
-0.113872
-0.114021
-0.114146
-0.113826
-0.113866
-0.114171
-0.114047
-0.113403
-0.114148
-0.113122
-0.113223
-0.113713
-0.114108
-0.113158
-0.113410
-0.113036
-0.113900
-0.113754
-0.113972
-0.113576
-0.113911
-0.113529
-0.114046
-0.114113
-0.113846
-0.113871
-0.114153
-0.114019
-0.056508
-0.078682
0.089390
-0.108510
-0.080575
-0.111583
-0.112663
-0.113721
-0.113633
-0.114198
-0.113746
-0.113517
-0.113788
-0.113295
-0.113351
-0.113356
-0.113909
-0.113867
-0.113796
-0.113844
-0.114329
-0.113814
-0.113443
-0.113598
-0.109525
-0.113090
-0.103064
-0.111820
-0.113582
-0.113454
-0.105986
-0.113425
-0.112084
-0.114158
-0.114066
-0.114307
-0.114207
-0.114212
-0.114386
-0.114243
-0.114233
-0.114219
-0.114259
-0.114204
-0.114250
-0.114279
-0.114258
-0.114183
-0.114310
-0.114243
-0.114030
-0.114117
-0.113261
-0.113794
-0.112117
-0.113470
-0.113961
-0.113963
-0.112498
-0.114048
-0.113869
-0.114304
-0.114308
-0.114292
-0.114249
-0.114272
-0.114341
-0.114359
-0.114309
-0.114314
-0.114363
-0.114340
-0.114320
-0.114339
-0.114352
-0.114273
-0.114316
-0.114348
-0.114176
-0.114217
-0.113869
-0.114037
-0.113645
-0.113912
-0.114081
-0.114198
-0.113620
-0.114257
-0.114124
-0.114164
-0.114224
-0.114182
-0.114095
-0.114252
-0.114254
-0.114384
-0.114314
-0.114305
-0.114373
-0.114358
-0.086111
-0.094922
0.052956
-0.093767
-0.091984
-0.109337
-0.109142
-0.111340
-0.112366
-0.112798
-0.112481
-0.113211
-0.113124
-0.112916
-0.113313
-0.113636
-0.113158
-0.113240
-0.113759
-0.113523
-0.113063
-0.113567
-0.113511
-0.112750
-0.110203
-0.111976
-0.105916
-0.113882
-0.113677
-0.113750
-0.106969
-0.113369
-0.113180
-0.114272
-0.113749
-0.113892
-0.114303
-0.114177
-0.113986
-0.114164
-0.114243
-0.114040
-0.114089
-0.114287
-0.114094
-0.114027
-0.114230
-0.114175
-0.113964
-0.114111
-0.114210
-0.113876
-0.113109
-0.113850
-0.112819
-0.114389
-0.113977
-0.114118
-0.112727
-0.114160
-0.114158
-0.114300
-0.114300
-0.114195
-0.114247
-0.114399
-0.114244
-0.114244
-0.114378
-0.114273
-0.114227
-0.114322
-0.114305
-0.114205
-0.114277
-0.114349
-0.114188
-0.114210
-0.114353
-0.114157
-0.113700
-0.114233
-0.113860
-0.114317
-0.114087
-0.114246
-0.113944
-0.114297
-0.114194
-0.114282
-0.114241
-0.114292
-0.114001
-0.114303
-0.114349
-0.114246
-0.114303
-0.114380
-0.114273
-0.114283
-0.111928
0.159275
-0.050603
-0.065118
-0.102504
-0.100268
-0.104001
-0.106000
-0.107248
-0.107600
-0.108962
-0.109659
-0.109911
-0.110354
-0.110574
-0.110795
-0.111077
-0.111410
-0.111215
-0.111363
-0.111505
-0.111415
-0.111405
-0.112295
-0.111827
-0.109697
-0.109510
-0.107014
-0.113367
-0.109041
-0.112078
-0.110872
-0.113030
-0.112467
-0.112755
-0.112914
-0.112962
-0.112841
-0.113038
-0.113076
-0.113068
-0.113123
-0.113162
-0.113145
-0.113184
-0.113264
-0.113182
-0.113225
-0.113242
-0.113185
-0.113130
-0.113680
-0.113237
-0.112971
-0.112910
-0.112382
-0.114197
-0.113440
-0.113638
-0.113065
-0.113544
-0.113332
-0.113515
-0.113539
-0.113565
-0.113478
-0.113533
-0.113545
-0.113543
-0.113550
-0.113580
-0.113563
-0.113564
-0.113602
-0.113575
-0.113576
-0.113589
-0.113563
-0.113517
-0.113762
-0.113631
-0.113510
-0.113673
-0.113082
-0.114084
-0.113681
-0.113836
-0.113538
-0.113813
-0.113335
-0.113794
-0.113650
-0.113727
-0.113677
-0.113622
-0.113646
-0.113655
-0.113646
-0.113668
-0.113666
-0.112104
-0.060829
-0.075988
-0.017268
-0.106766
-0.104547
-0.113643
-0.113840
-0.113358
-0.113366
-0.114287
-0.113969
-0.113860
-0.114230
-0.114042
-0.113929
-0.114136
-0.114177
-0.113746
-0.114029
-0.114302
-0.113746
-0.112990
-0.113149
-0.113660
-0.106182
-0.111186
-0.112634
-0.114191
-0.113328
-0.113489
-0.108561
-0.112739
-0.113657
-0.113971
-0.113991
-0.114169
-0.114194
-0.114136
-0.114180
-0.114325
-0.114250
-0.114185
-0.114269
-0.114341
-0.114230
-0.114185
-0.114292
-0.114336
-0.114172
-0.113890
-0.114277
-0.113900
-0.112872
-0.113527
-0.113825
-0.114223
-0.114122
-0.114066
-0.113076
-0.113700
-0.114383
-0.114275
-0.114197
-0.114211
-0.114328
-0.114216
-0.114247
-0.114356
-0.114327
-0.114246
-0.114299
-0.114405
-0.114285
-0.114248
-0.114334
-0.114363
-0.114247
-0.114092
-0.114335
-0.114052
-0.113937
-0.114049
-0.114052
-0.114106
-0.114179
-0.114069
-0.113901
-0.113948
-0.114215
-0.114329
-0.114262
-0.114146
-0.114312
-0.114170
-0.114262
-0.114364
-0.114337
-0.114255
-0.114298
