-1.156922
1.986825
3.226983
-7.502649
-0.115595
-0.115587
0.081343
1.122484
4.091650
-2.975825
-0.115589
-0.115587
2.616749
1.521072
7.578797
-3.565582
-0.115594
-0.115581
-0.407296
2.248647
5.331884
-5.347589
-0.115591
-0.115592
0.001405
5.320140
11.231140
-9.763101
-0.115592
-0.115593
-0.095678
1.760833
3.801651
-4.126125
-0.115592
-0.115592
10.830600
-0.114973
10.831503
10.829009
-0.115594
-0.115592
8.047026
3.227716
14.071429
3.416340
-0.115591
-0.115595
0.921400
0.572301
0.362311
0.485444
0.408762
0.103458
0.429991
0.216758
0.100719
0.112288
0.015889
0.115977
-0.012778
0.139663
0.089633
-0.049170
0.061567
-0.008476
-0.086039
-0.036840
-0.032772
-0.093514
-0.060478
-0.056267
-0.033497
-0.067311
-0.024445
-0.055153
-0.041686
-0.054144
-0.062270
-0.076782
-0.070540
-0.087489
-0.100124
-0.083349
-0.087777
-0.106022
-0.080929
-0.067500
-0.107768
-0.072412
-0.085223
-0.107751
-0.097075
-0.111129
-0.103936
-0.111560
-0.100752
-0.100138
-0.110263
-0.106692
-0.097149
-0.102560
-0.106339
-0.111642
-0.109490
-0.109184
-0.099351
-0.097789
-0.106981
-0.098069
-0.106130
-0.109906
-0.108729
-0.108875
-0.107107
-0.111068
-0.103296
-0.109251
-0.109565
-0.106934
-0.104871
-0.112750
-0.107947
-0.108818
-0.112336
-0.111889
-0.107566
-0.109164
-0.109676
-0.105864
-0.109981
-0.106066
-0.109579
-0.109743
-0.109395
-0.109288
-0.114679
-0.111256
-0.111873
-0.112495
-0.112934
-0.111670
-0.112215
-0.112879
-0.111202
-0.113004
-0.113157
-0.114647
0.080940
0.242728
0.202778
0.035858
-0.052546
-0.070800
-0.000764
0.149667
0.106518
0.064355
0.195082
0.117783
0.088339
0.145612
0.004892
0.008843
-0.002752
-0.090465
-0.035634
-0.059975
-0.105418
-0.050638
-0.055811
-0.102093
-0.074008
-0.104515
-0.087846
-0.100000
-0.102839
-0.105179
-0.084004
-0.089057
-0.095803
-0.075926
-0.097066
-0.105815
-0.090840
-0.101122
-0.097181
-0.081993
-0.097436
-0.078843
-0.079669
-0.098641
-0.091233
-0.101646
-0.107437
-0.105961
-0.108062
-0.097270
-0.105019
-0.107726
-0.106193
-0.104994
-0.109049
-0.111043
-0.112685
-0.109834
-0.108138
-0.108824
-0.110660
-0.105103
-0.098523
-0.104858
-0.101340
-0.099355
-0.106201
-0.103462
-0.105865
-0.110918
-0.106720
-0.112401
-0.109397
-0.108905
-0.114155
-0.111271
-0.110095
-0.114238
-0.110394
-0.113121
-0.111546
-0.109697
-0.114353
-0.112057
-0.112506
-0.112938
-0.114877
-0.112085
-0.113377
-0.113759
-0.112845
-0.114195
-0.113052
-0.110560
-0.112219
-0.110742
-0.107662
-0.109875
-0.109887
-0.108784
2.614728
0.262227
0.345006
-0.012700
0.371555
0.407737
0.105910
0.134848
0.176569
0.099965
-0.024056
-0.027873
0.035031
-0.048031
-0.003363
0.064393
-0.042433
0.031697
0.030268
-0.047510
-0.019219
-0.018559
-0.083335
-0.033249
-0.032447
-0.091079
-0.016498
-0.085955
-0.038308
-0.051514
-0.087245
-0.050239
-0.091627
-0.085774
-0.074778
-0.094318
-0.094206
-0.080627
-0.103873
-0.096770
-0.097602
-0.098825
-0.100088
-0.106149
-0.105217
-0.112244
-0.102876
-0.096894
-0.096107
-0.105207
-0.094080
-0.096520
-0.111576
-0.107329
-0.110521
-0.110883
-0.113948
-0.108611
-0.113515
-0.104453
-0.100434
-0.108032
-0.104844
-0.101761
-0.104774
-0.110197
-0.108713
-0.105419
-0.113896
-0.104096
-0.104311
-0.111139
-0.103272
-0.109251
-0.111865
-0.108548
-0.111990
-0.112567
-0.108545
-0.112273
-0.109029
-0.108692
-0.110263
-0.107045
-0.113974
-0.106608
-0.109932
-0.113307
-0.110070
-0.113594
-0.113223
-0.112253
-0.114606
-0.111201
-0.108813
-0.111709
-0.108749
-0.109482
-0.113316
-0.112559
0.174854
0.604727
0.875719
0.090856
0.481408
0.444192
-0.026457
0.294606
0.308470
0.002022
0.196569
0.094098
-0.077672
0.011738
-0.037790
-0.010137
-0.089175
-0.059890
-0.047348
-0.087389
-0.078117
-0.061651
-0.105997
-0.097796
-0.109213
-0.101010
-0.100464
-0.099892
-0.103747
-0.108503
-0.110385
-0.098690
-0.099416
-0.097866
-0.090998
-0.110328
-0.102965
-0.102425
-0.108323
-0.105994
-0.109038
-0.096103
-0.094659
-0.104818
-0.088583
-0.095600
-0.107099
-0.099113
-0.106214
-0.108112
-0.107413
-0.104360
-0.112047
-0.110427
-0.109379
-0.110605
-0.108918
-0.107641
-0.111239
-0.105201
-0.105283
-0.112408
-0.102471
-0.107062
-0.111193
-0.108397
-0.111894
-0.111577
-0.114650
-0.108453
-0.110578
-0.114694
-0.111667
-0.112633
-0.115022
-0.113766
-0.113215
-0.113170
-0.114372
-0.111816
-0.113292
-0.113639
-0.113682
-0.113715
-0.114466
-0.112811
-0.111832
-0.113698
-0.113333
-0.112746
-0.114635
-0.113762
-0.112920
-0.114832
-0.113523
-0.112890
-0.112590
-0.114364
-0.112783
-0.111998
0.002854
1.861764
2.770207
0.933420
0.661347
0.612836
0.057842
0.146477
0.097764
0.077409
-0.030430
-0.089639
-0.032913
-0.015884
-0.071851
-0.047256
-0.087235
-0.060561
-0.078257
-0.108807
-0.090765
-0.075583
-0.092781
-0.085142
-0.082477
-0.098275
-0.091829
-0.100181
-0.100356
-0.099117
-0.107467
-0.098887
-0.114041
-0.106846
-0.111959
-0.111380
-0.110381
-0.110710
-0.106191
-0.105703
-0.113627
-0.107871
-0.104492
-0.111335
-0.109758
-0.110107
-0.111053
-0.105617
-0.103476
-0.109703
-0.094491
-0.107046
-0.101375
-0.102251
-0.108717
-0.111991
-0.105659
-0.101105
-0.111883
-0.109433
-0.108790
-0.107524
-0.112452
-0.108634
-0.111004
-0.114396
-0.114133
-0.112690
-0.113561
-0.112380
-0.114250
-0.114430
-0.112964
-0.113770
-0.114974
-0.113021
-0.114207
-0.113788
-0.114229
-0.114366
-0.115064
-0.114721
-0.114337
-0.113651
-0.113761
-0.112950
-0.114565
-0.113294
-0.113940
-0.114089
-0.113793
-0.113304
-0.113676
-0.112879
-0.113892
-0.112727
-0.111875
-0.114406
-0.112490
-0.113586
-0.095445
0.403782
0.813942
0.499838
0.127798
0.135538
0.129467
0.068224
-0.041441
-0.075147
-0.033728
-0.088413
-0.068870
-0.077152
-0.089017
-0.082060
-0.092854
-0.096672
-0.104367
-0.108445
-0.107998
-0.100940
-0.104274
-0.099852
-0.108716
-0.101726
-0.113448
-0.104956
-0.109960
-0.109664
-0.108540
-0.112191
-0.109279
-0.112537
-0.111431
-0.112155
-0.111553
-0.110381
-0.110260
-0.111159
-0.111058
-0.111557
-0.109653
-0.111231
-0.111810
-0.110632
-0.114881
-0.111333
-0.110137
-0.110235
-0.108054
-0.110812
-0.109347
-0.109505
-0.112662
-0.114179
-0.113731
-0.109619
-0.110310
-0.113169
-0.111132
-0.109686
-0.112562
-0.115350
-0.113029
-0.113667
-0.115114
-0.114568
-0.114636
-0.114451
-0.114863
-0.115037
-0.115371
-0.114795
-0.114558
-0.114640
-0.114686
-0.114767
-0.115152
-0.115183
-0.114901
-0.115136
-0.115161
-0.115250
-0.114064
-0.114461
-0.114879
-0.114469
-0.114969
-0.115102
-0.114869
-0.115056
-0.114011
-0.113994
-0.115375
-0.114517
-0.114235
-0.114659
-0.114666
-0.115332
-0.313562
0.008713
-0.042857
-0.451755
-0.115589
-0.115592
2.210276
0.415930
2.909321
1.367695
-0.115592
-0.115595
-0.220906
0.180525
0.245789
-0.790338
-0.115592
-0.115594
-0.056065
0.173081
0.400678
-0.504490
-0.115591
-0.115595
-0.111455
0.166975
0.276490
-0.625394
-0.115592
-0.115594
-0.105691
0.025460
0.112518
-0.378855
-0.115592
-0.115594
4.580354
0.715140
5.908486
3.235668
-0.115592
-0.115595
0.081885
-0.042085
-0.084037
-0.081226
-0.110097
-0.110349
-0.114575
-0.113617
-0.114982
-0.115240
-0.114134
-0.113682
-0.113721
-0.114673
-0.115236
-0.114694
-0.114604
-0.113762
-0.115286
-0.115028
-0.115226
-0.114965
-0.115023
-0.114231
-0.114441
-0.113247
-0.113920
-0.113265
-0.114418
-0.114494
-0.114363
-0.112926
-0.113864
-0.114755
-0.114747
-0.114562
-0.114817
-0.114785
-0.114800
-0.114935
-0.114911
-0.114832
-0.114787
-0.115025
-0.114997
-0.114831
-0.115065
-0.114873
-0.114869
-0.115091
-0.114885
-0.114623
-0.114385
-0.114923
-0.115066
-0.115089
-0.114872
-0.114770
-0.114929
-0.115298
-0.115438
-0.115167
-0.115172
-0.115253
-0.115143
-0.115213
-0.115122
-0.115134
-0.115176
-0.115184
-0.115203
-0.115112
-0.115111
-0.115224
-0.115144
-0.115189
-0.115209
-0.115132
-0.115151
-0.115232
-0.115237
-0.115367
-0.115324
-0.115160
-0.115030
-0.115187
-0.115166
-0.115203
-0.115138
-0.115117
-0.115087
-0.115078
-0.115180
-0.115145
-0.115180
-0.115177
-0.115163
-0.115156
-0.115154
-0.115187
2.208234
-0.108082
0.255499
-0.108230
-0.068988
-0.114106
-0.111005
-0.113923
-0.112819
-0.113607
-0.112430
-0.113366
-0.112610
-0.114095
-0.114527
-0.113642
-0.113088
-0.113534
-0.112999
-0.113378
-0.114483
-0.113390
-0.112239
-0.109537
-0.112096
-0.107407
-0.097651
-0.109625
-0.113350
-0.108760
-0.102594
-0.112274
-0.110447
-0.112513
-0.113878
-0.113758
-0.113565
-0.113660
-0.114520
-0.113851
-0.114352
-0.114533
-0.114271
-0.114419
-0.114354
-0.114457
-0.114164
-0.114215
-0.114323
-0.114243
-0.114039
-0.112668
-0.113735
-0.111099
-0.114526
-0.113813
-0.113224
-0.112332
-0.113881
-0.115075
-0.115055
-0.115131
-0.114900
-0.114787
-0.114940
-0.114813
-0.114801
-0.114727
-0.114851
-0.114711
-0.114672
-0.114776
-0.114682
-0.114707
-0.114759
-0.114810
-0.114643
-0.114716
-0.114720
-0.114734
-0.114917
-0.114559
-0.114822
-0.114327
-0.114845
-0.113654
-0.114951
-0.114975
-0.114505
-0.114530
-0.114293
-0.114481
-0.114388
-0.115117
-0.114654
-0.114869
-0.114797
-0.114724
-0.114859
-0.114788
-0.008357
-0.062750
0.082270
-0.098814
-0.079176
-0.109278
-0.108974
-0.114876
-0.113096
-0.113164
-0.114128
-0.113505
-0.113196
-0.114637
-0.113954
-0.113418
-0.114541
-0.114047
-0.115327
-0.114832
-0.114339
-0.115330
-0.115318
-0.114592
-0.111346
-0.111141
-0.105294
-0.114024
-0.112696
-0.112128
-0.107871
-0.113411
-0.111753
-0.113121
-0.114905
-0.113627
-0.114164
-0.114574
-0.114046
-0.114543
-0.114665
-0.114315
-0.114639
-0.114714
-0.114216
-0.114829
-0.114444
-0.114280
-0.114924
-0.114275
-0.114275
-0.114280
-0.114301
-0.113782
-0.113865
-0.114706
-0.114188
-0.113217
-0.115318
-0.114361
-0.114568
-0.115239
-0.114630
-0.114794
-0.115055
-0.114786
-0.114925
-0.114894
-0.114812
-0.114900
-0.114919
-0.114681
-0.114926
-0.114834
-0.114732
-0.115031
-0.114738
-0.114743
-0.115127
-0.114966
-0.114821
-0.114076
-0.115063
-0.114637
-0.115042
-0.115345
-0.114746
-0.114379
-0.115012
-0.114972
-0.114830
-0.115262
-0.114734
-0.114713
-0.114747
-0.114946
-0.114801
-0.114832
-0.114854
-0.114834
-0.058026
-0.040600
0.071930
-0.097308
-0.093789
-0.112470
-0.113934
-0.114631
-0.115065
-0.114711
-0.115033
-0.115425
-0.114958
-0.115223
-0.115343
-0.114972
-0.115262
-0.115247
-0.115081
-0.115295
-0.114962
-0.114681
-0.115201
-0.115011
-0.112243
-0.109604
-0.107450
-0.110554
-0.113264
-0.113238
-0.108359
-0.113958
-0.114890
-0.114848
-0.115076
-0.115463
-0.115156
-0.115151
-0.115421
-0.115209
-0.115230
-0.115401
-0.115217
-0.115265
-0.115415
-0.115215
-0.115292
-0.115430
-0.115186
-0.115279
-0.115545
-0.115393
-0.114614
-0.113320
-0.115088
-0.114520
-0.114518
-0.114326
-0.114609
-0.115136
-0.115296
-0.115286
-0.115512
-0.115322
-0.115324
-0.115369
-0.115367
-0.115349
-0.115422
-0.115365
-0.115357
-0.115433
-0.115350
-0.115371
-0.115437
-0.115324
-0.115364
-0.115443
-0.115222
-0.115169
-0.115278
-0.114908
-0.115247
-0.115180
-0.115126
-0.114764
-0.115519
-0.115438
-0.115227
-0.115324
-0.115099
-0.115169
-0.115308
-0.115458
-0.115414
-0.115386
-0.115450
-0.115397
-0.115414
-0.115422
-0.111157
0.076168
-0.078181
-0.082493
-0.103989
-0.108734
-0.110202
-0.111857
-0.111936
-0.112269
-0.112948
-0.112393
-0.113125
-0.113522
-0.113252
-0.113764
-0.113898
-0.113950
-0.114224
-0.114007
-0.114057
-0.114555
-0.114912
-0.111945
-0.114982
-0.114161
-0.113461
-0.110939
-0.113626
-0.109477
-0.111557
-0.114776
-0.114001
-0.113509
-0.114176
-0.114021
-0.114099
-0.114334
-0.114156
-0.114364
-0.114439
-0.114279
-0.114481
-0.114469
-0.114364
-0.114513
-0.114433
-0.114442
-0.114595
-0.114419
-0.114225
-0.115165
-0.114519
-0.114112
-0.113536
-0.114535
-0.114360
-0.114403
-0.115235
-0.114576
-0.114730
-0.114891
-0.114786
-0.114799
-0.114871
-0.114792
-0.114793
-0.114839
-0.114749
-0.114826
-0.114816
-0.114756
-0.114839
-0.114816
-0.114791
-0.114856
-0.114789
-0.114824
-0.114994
-0.114636
-0.114627
-0.114914
-0.114846
-0.115008
-0.114642
-0.115082
-0.114648
-0.114748
-0.114919
-0.114754
-0.114844
-0.114794
-0.114880
-0.114759
-0.114779
-0.114798
-0.114827
-0.114816
-0.114815
-0.114819
-0.105661
-0.079060
-0.103805
-0.024933
-0.108078
-0.111140
-0.115245
-0.114817
-0.115331
-0.115348
-0.115216
-0.115429
-0.115175
-0.115290
-0.115446
-0.115220
-0.115550
-0.115074
-0.115197
-0.115327
-0.114850
-0.115134
-0.114141
-0.114501
-0.112915
-0.108302
-0.113278
-0.115029
-0.114511
-0.113907
-0.114132
-0.110658
-0.113855
-0.114313
-0.114367
-0.114861
-0.114809
-0.114740
-0.115006
-0.114883
-0.114919
-0.115080
-0.114929
-0.114994
-0.115078
-0.114902
-0.115044
-0.115034
-0.114854
-0.115054
-0.114652
-0.114531
-0.113881
-0.115217
-0.115096
-0.115121
-0.115305
-0.114562
-0.114415
-0.114908
-0.115505
-0.115183
-0.115281
-0.115281
-0.115164
-0.115296
-0.115204
-0.115230
-0.115258
-0.115198
-0.115209
-0.115246
-0.115170
-0.115227
-0.115238
-0.115149
-0.115249
-0.115192
-0.115114
-0.115465
-0.115235
-0.115213
-0.115099
-0.115363
-0.115129
-0.115107
-0.114934
-0.115360
-0.115020
-0.115137
-0.115264
-0.115077
-0.115095
-0.115153
-0.115328
-0.115178
-0.115228
-0.115230
-0.115209
-0.115220
