-1.460501
1.903738
2.517811
-7.108368
-0.120239
-0.120235
0.142376
1.283850
5.506426
-3.057738
-0.120234
-0.120230
2.626875
1.633054
7.085048
-3.722387
-0.120240
-0.120226
-0.482889
2.709897
6.921316
-5.686603
-0.120236
-0.120237
-0.660876
5.695989
10.983597
-9.195715
-0.120236
-0.120238
-0.181640
1.808647
3.230507
-3.769585
-0.120237
-0.120238
10.861231
-0.119604
10.862148
10.860146
-0.120237
-0.120239
8.073936
3.055260
13.666585
3.285262
-0.120236
-0.120239
1.213229
0.591855
0.599358
0.457673
0.032880
0.437667
0.048036
0.148696
-0.006801
0.124528
-0.040532
0.124167
-0.072828
0.048419
-0.075392
-0.058993
-0.042110
-0.086941
-0.027189
-0.075985
0.007619
-0.063691
-0.007500
-0.069396
-0.050184
-0.078019
-0.097211
-0.083016
-0.099167
-0.079928
-0.107721
-0.072306
-0.109770
-0.084620
-0.105004
-0.100930
-0.105072
-0.099854
-0.103174
-0.094296
-0.113643
-0.108739
-0.109629
-0.107876
-0.114733
-0.116116
-0.106716
-0.103107
-0.117374
-0.104849
-0.115553
-0.108493
-0.114327
-0.105844
-0.113325
-0.109019
-0.117358
-0.114669
-0.113196
-0.117003
-0.109099
-0.115711
-0.108589
-0.115783
-0.108588
-0.114687
-0.110747
-0.112940
-0.114096
-0.112151
-0.118476
-0.113325
-0.118723
-0.113047
-0.117903
-0.112960
-0.117190
-0.116124
-0.116553
-0.117139
-0.116216
-0.116272
-0.115742
-0.116570
-0.117679
-0.118410
-0.116867
-0.117542
-0.117363
-0.118025
-0.115967
-0.117634
-0.119107
-0.118130
-0.117973
-0.118068
-0.116570
-0.119427
-0.116609
-0.119608
0.141274
0.417259
0.266463
0.006986
0.040657
0.013780
0.122791
0.077332
0.190829
0.106866
0.091164
0.081425
-0.054526
0.019446
-0.068620
0.024078
-0.006843
0.035710
0.012711
-0.017942
-0.045402
-0.080408
-0.094347
-0.081852
-0.051070
-0.062217
-0.065516
-0.069112
-0.083939
-0.090327
-0.091294
-0.095264
-0.086506
-0.088259
-0.070259
-0.093359
-0.080655
-0.103297
-0.103893
-0.117340
-0.113790
-0.116781
-0.110875
-0.115802
-0.117175
-0.114520
-0.115887
-0.113969
-0.116583
-0.112608
-0.109691
-0.113229
-0.108187
-0.108824
-0.112625
-0.104282
-0.114808
-0.103895
-0.114945
-0.105298
-0.106969
-0.108227
-0.109158
-0.112510
-0.118430
-0.117547
-0.113707
-0.115661
-0.114287
-0.114893
-0.115247
-0.115067
-0.113819
-0.112662
-0.113655
-0.115863
-0.111016
-0.116619
-0.110637
-0.115836
-0.114588
-0.116724
-0.117935
-0.117196
-0.118461
-0.117388
-0.117215
-0.119480
-0.117840
-0.117349
-0.119415
-0.117002
-0.117667
-0.117403
-0.117653
-0.119181
-0.116336
-0.116050
-0.116975
-0.112858
2.624654
0.361343
0.230798
0.371570
0.533688
0.175862
0.284903
0.223812
0.007242
0.042734
0.007424
-0.064635
0.013541
-0.080379
-0.029268
-0.028223
-0.109675
-0.029439
-0.052224
-0.075212
-0.055733
-0.102647
-0.077387
-0.101468
-0.073765
-0.085887
-0.094992
-0.079893
-0.105739
-0.093092
-0.085364
-0.109580
-0.091415
-0.105313
-0.101971
-0.104765
-0.110378
-0.102910
-0.089014
-0.108810
-0.090763
-0.106588
-0.113581
-0.117336
-0.113993
-0.111660
-0.114051
-0.106583
-0.107128
-0.107224
-0.109340
-0.103060
-0.112631
-0.111091
-0.111252
-0.119404
-0.115350
-0.114397
-0.117424
-0.109838
-0.115107
-0.110732
-0.113094
-0.116705
-0.114470
-0.116673
-0.114740
-0.114984
-0.113401
-0.114760
-0.117301
-0.115563
-0.115940
-0.117691
-0.112879
-0.116683
-0.114122
-0.117623
-0.116946
-0.118950
-0.117145
-0.117682
-0.111902
-0.119445
-0.113185
-0.118871
-0.116723
-0.118329
-0.116488
-0.116689
-0.117141
-0.116150
-0.119069
-0.115188
-0.119384
-0.114792
-0.119057
-0.116454
-0.118642
-0.116777
0.241575
0.900456
0.835461
0.380928
0.762796
-0.008123
0.577075
0.210866
0.285088
0.201162
-0.023498
0.112790
-0.007184
-0.024319
-0.014677
-0.065156
-0.091510
-0.087987
-0.094613
-0.105866
-0.097724
-0.076844
-0.104185
-0.095098
-0.105204
-0.100903
-0.117906
-0.093891
-0.093668
-0.099044
-0.089051
-0.101437
-0.106707
-0.096824
-0.090693
-0.104556
-0.073854
-0.109281
-0.080425
-0.115640
-0.095622
-0.111733
-0.106993
-0.112231
-0.107360
-0.109663
-0.105427
-0.109309
-0.097817
-0.117789
-0.100834
-0.110135
-0.109832
-0.103708
-0.111687
-0.102174
-0.110450
-0.108042
-0.113495
-0.114077
-0.112891
-0.114131
-0.111813
-0.111539
-0.111299
-0.112752
-0.112097
-0.112997
-0.114730
-0.111046
-0.113274
-0.111574
-0.111702
-0.112621
-0.114008
-0.114659
-0.112945
-0.117222
-0.108797
-0.114526
-0.108155
-0.114374
-0.111161
-0.114665
-0.114605
-0.112434
-0.113219
-0.113199
-0.112787
-0.112640
-0.113351
-0.113573
-0.112497
-0.114331
-0.114303
-0.112622
-0.114370
-0.111793
-0.114625
-0.111928
0.419367
2.349699
2.676708
0.232125
1.242839
0.294410
0.448577
0.116348
-0.018622
-0.039499
0.065369
0.052419
0.113680
0.002914
0.060388
-0.058125
-0.025126
-0.034154
-0.038242
-0.006253
-0.042680
-0.002449
-0.056365
-0.025947
-0.061065
-0.057519
-0.060786
-0.075955
-0.052313
-0.068874
-0.052521
-0.064356
-0.066242
-0.076729
-0.078011
-0.077823
-0.077245
-0.068740
-0.060479
-0.078525
-0.066843
-0.090418
-0.083985
-0.094634
-0.079387
-0.081954
-0.067423
-0.083676
-0.076758
-0.089312
-0.087957
-0.092822
-0.088837
-0.085944
-0.085072
-0.087993
-0.085678
-0.091141
-0.090441
-0.090981
-0.091011
-0.089344
-0.090738
-0.088664
-0.092567
-0.090140
-0.093555
-0.092772
-0.093008
-0.094420
-0.092040
-0.094072
-0.091951
-0.093421
-0.093245
-0.094610
-0.094949
-0.094623
-0.095672
-0.093300
-0.093939
-0.094032
-0.093814
-0.096434
-0.097136
-0.096332
-0.096494
-0.095294
-0.093681
-0.093962
-0.095035
-0.096557
-0.096641
-0.097051
-0.097133
-0.095207
-0.095605
-0.095478
-0.095650
-0.096674
-0.058453
0.667142
0.873869
0.200171
0.109335
-0.009132
0.068135
-0.040863
-0.056464
-0.108168
-0.062242
-0.092236
-0.027621
-0.075799
-0.051249
-0.078962
-0.102923
-0.087820
-0.112285
-0.100509
-0.115715
-0.102039
-0.111762
-0.107840
-0.110360
-0.101347
-0.116566
-0.099825
-0.107212
-0.109173
-0.101222
-0.116482
-0.104249
-0.116505
-0.106240
-0.115640
-0.106823
-0.110101
-0.112574
-0.112702
-0.106115
-0.108785
-0.108802
-0.116605
-0.111661
-0.111008
-0.107952
-0.114165
-0.114822
-0.114407
-0.109404
-0.113595
-0.114020
-0.113996
-0.112964
-0.113198
-0.113414
-0.112649
-0.115152
-0.113735
-0.115249
-0.114574
-0.115309
-0.114518
-0.114677
-0.115276
-0.114442
-0.114704
-0.115541
-0.113836
-0.115580
-0.114933
-0.114669
-0.115727
-0.114781
-0.116226
-0.114398
-0.116426
-0.114331
-0.115453
-0.114924
-0.115231
-0.115856
-0.114917
-0.114469
-0.115154
-0.116216
-0.115608
-0.114944
-0.114783
-0.115503
-0.116276
-0.115248
-0.115031
-0.115114
-0.115705
-0.115635
-0.115279
-0.115894
-0.114870
-0.342426
-0.003970
-0.118736
-0.506412
-0.120235
-0.120238
2.193150
0.419529
2.938891
1.367828
-0.120237
-0.120240
-0.320709
0.139797
0.122070
-0.699636
-0.120236
-0.120240
-0.118697
0.111722
0.265965
-0.452184
-0.120236
-0.120240
-0.210698
0.089722
0.159542
-0.581045
-0.120237
-0.120239
-0.127197
0.049252
0.214612
-0.433190
-0.120236
-0.120238
4.468196
0.719920
5.959248
3.259463
-0.120236
-0.120239
0.101847
-0.058670
-0.071726
-0.104261
-0.109918
-0.113711
-0.113704
-0.117496
-0.116405
-0.119415
-0.119105
-0.115502
-0.119053
-0.118400
-0.118308
-0.118464
-0.118492
-0.118197
-0.118103
-0.119716
-0.117454
-0.117374
-0.118520
-0.118560
-0.117601
-0.117963
-0.118809
-0.119421
-0.118790
-0.119546
-0.119286
-0.119479
-0.119449
-0.119118
-0.119500
-0.119348
-0.119538
-0.119534
-0.119453
-0.119512
-0.119384
-0.119781
-0.119556
-0.119394
-0.119239
-0.119629
-0.119368
-0.119667
-0.119518
-0.119749
-0.119538
-0.119710
-0.119721
-0.119631
-0.119770
-0.119655
-0.119675
-0.119753
-0.119745
-0.119806
-0.119673
-0.119790
-0.119676
-0.119736
-0.119733
-0.119880
-0.119614
-0.119803
-0.119773
-0.120128
-0.119717
-0.119799
-0.119788
-0.119776
-0.119855
-0.119760
-0.119905
-0.119798
-0.119785
-0.119903
-0.119810
-0.119877
-0.119794
-0.119846
-0.119807
-0.119772
-0.119923
-0.119918
-0.119837
-0.119806
-0.119916
-0.119923
-0.119872
-0.119810
-0.119861
-0.119823
-0.119867
-0.119852
-0.119872
-0.119871
2.196808
0.026133
0.175436
0.027907
-0.055667
-0.077428
-0.085369
-0.087774
-0.090366
-0.095704
-0.097961
-0.099681
-0.102004
-0.104411
-0.102902
-0.106752
-0.106026
-0.107164
-0.104757
-0.101195
-0.107389
-0.107297
-0.114648
-0.111461
-0.099350
-0.109410
-0.114775
-0.112402
-0.113887
-0.112767
-0.113442
-0.113808
-0.113773
-0.114474
-0.114184
-0.114751
-0.114358
-0.114670
-0.114849
-0.114597
-0.115187
-0.114939
-0.115731
-0.113398
-0.115891
-0.114677
-0.114904
-0.115386
-0.116251
-0.115414
-0.116017
-0.115872
-0.115934
-0.116184
-0.116034
-0.116377
-0.116145
-0.116327
-0.116335
-0.116172
-0.116584
-0.116258
-0.116865
-0.116473
-0.115731
-0.115473
-0.117168
-0.116908
-0.117554
-0.116018
-0.116471
-0.116534
-0.116644
-0.116814
-0.116641
-0.116845
-0.116749
-0.116852
-0.116816
-0.116822
-0.116917
-0.116758
-0.117003
-0.116853
-0.116991
-0.116806
-0.116292
-0.116828
-0.117304
-0.117552
-0.117117
-0.116644
-0.116709
-0.117003
-0.116915
-0.117059
-0.116962
-0.116996
-0.117023
-0.116982
0.078567
-0.011957
0.018218
-0.077394
-0.100331
-0.104817
-0.113268
-0.113218
-0.113184
-0.115625
-0.116153
-0.116267
-0.116761
-0.117169
-0.115990
-0.117570
-0.117118
-0.116112
-0.117490
-0.113540
-0.114574
-0.112855
-0.119696
-0.118878
-0.111588
-0.119864
-0.117775
-0.118437
-0.119370
-0.118694
-0.118954
-0.119154
-0.119088
-0.119274
-0.119136
-0.119309
-0.119057
-0.119234
-0.119197
-0.119054
-0.119430
-0.118508
-0.119632
-0.118728
-0.119524
-0.119878
-0.118972
-0.118997
-0.119374
-0.119333
-0.119501
-0.119442
-0.119477
-0.119578
-0.119502
-0.119647
-0.119534
-0.119616
-0.119583
-0.119508
-0.119670
-0.119544
-0.119621
-0.119452
-0.119867
-0.119615
-0.119620
-0.119966
-0.119806
-0.119223
-0.119696
-0.119534
-0.119577
-0.119676
-0.119594
-0.119675
-0.119642
-0.119688
-0.119668
-0.119672
-0.119695
-0.119620
-0.119734
-0.119652
-0.119638
-0.119725
-0.119613
-0.119710
-0.119803
-0.119739
-0.119731
-0.119716
-0.119660
-0.119687
-0.119650
-0.119719
-0.119679
-0.119690
-0.119707
-0.119692
-0.117204
-0.013985
-0.008729
-0.086702
-0.092743
-0.102677
-0.107375
-0.109226
-0.111708
-0.111978
-0.113098
-0.113913
-0.114010
-0.115071
-0.114801
-0.115467
-0.115246
-0.115379
-0.115378
-0.113676
-0.115018
-0.115011
-0.118765
-0.117707
-0.112896
-0.117296
-0.117019
-0.117228
-0.118033
-0.117775
-0.118052
-0.118072
-0.118038
-0.118339
-0.118098
-0.118434
-0.118243
-0.118372
-0.118477
-0.118258
-0.118581
-0.117799
-0.119034
-0.118224
-0.118973
-0.118610
-0.118793
-0.118251
-0.118767
-0.118574
-0.118853
-0.118802
-0.118791
-0.118930
-0.118805
-0.118978
-0.118866
-0.118957
-0.118957
-0.118918
-0.119061
-0.118872
-0.119028
-0.118790
-0.118972
-0.118774
-0.119339
-0.119249
-0.119562
-0.118693
-0.119088
-0.118991
-0.119057
-0.119119
-0.119052
-0.119164
-0.119083
-0.119150
-0.119136
-0.119121
-0.119182
-0.119111
-0.119192
-0.119116
-0.119127
-0.119138
-0.118967
-0.119191
-0.119343
-0.119425
-0.119265
-0.119121
-0.119092
-0.119176
-0.119139
-0.119208
-0.119178
-0.119196
-0.119205
-0.119182
-0.031727
0.016851
-0.071735
-0.089509
-0.113021
-0.115160
-0.116364
-0.117059
-0.117701
-0.118564
-0.118379
-0.118481
-0.118879
-0.118873
-0.118942
-0.118663
-0.119137
-0.119184
-0.119121
-0.116207
-0.117448
-0.116126
-0.116875
-0.116945
-0.117334
-0.118506
-0.118884
-0.119548
-0.119480
-0.119722
-0.119696
-0.119752
-0.119765
-0.119719
-0.119853
-0.119738
-0.119825
-0.119760
-0.119796
-0.119915
-0.119690
-0.119277
-0.120047
-0.119388
-0.119170
-0.120061
-0.119579
-0.119756
-0.119523
-0.120026
-0.119861
-0.119909
-0.119930
-0.119891
-0.119964
-0.119905
-0.119960
-0.119924
-0.119948
-0.119957
-0.119903
-0.120004
-0.119834
-0.119998
-0.119954
-0.119852
-0.119780
-0.119959
-0.119964
-0.119747
-0.119881
-0.120008
-0.119971
-0.119942
-0.119981
-0.119951
-0.119992
-0.119966
-0.119975
-0.119985
-0.119971
-0.119993
-0.119953
-0.119996
-0.119965
-0.120083
-0.119898
-0.119968
-0.119930
-0.120055
-0.119972
-0.119891
-0.120029
-0.119979
-0.120013
-0.119974
-0.119988
-0.119989
-0.119987
-0.119996
-0.113477
-0.068385
-0.024087
-0.077497
-0.103489
-0.113627
-0.115259
-0.117623
-0.116953
-0.118015
-0.117842
-0.118181
-0.118596
-0.118246
-0.119120
-0.118438
-0.118877
-0.118195
-0.117303
-0.117890
-0.112892
-0.117002
-0.119877
-0.119124
-0.116020
-0.115533
-0.119081
-0.119852
-0.119513
-0.120070
-0.119623
-0.119828
-0.119828
-0.119714
-0.119996
-0.119702
-0.120004
-0.119752
-0.119861
-0.119819
-0.119643
-0.119799
-0.119047
-0.119002
-0.120154
-0.119579
-0.119354
-0.119142
-0.119777
-0.120002
-0.119898
-0.119930
-0.120003
-0.119899
-0.120066
-0.119901
-0.120038
-0.119949
-0.119969
-0.120026
-0.119926
-0.120129
-0.119891
-0.119831
-0.119713
-0.119651
-0.120111
-0.119835
-0.120081
-0.119893
-0.119810
-0.119904
-0.119987
-0.119921
-0.120045
-0.119936
-0.120027
-0.119968
-0.119989
-0.120012
-0.119958
-0.120047
-0.119951
-0.120035
-0.119944
-0.119855
-0.119930
-0.120055
-0.120021
-0.120044
-0.120079
-0.119984
-0.120006
-0.119911
-0.120019
-0.119973
-0.120012
-0.120002
-0.119992
-0.120019
