-1.306752
1.930274
2.013125
-7.143776
-0.114749
-0.114743
0.002533
0.978825
4.054059
-2.578598
-0.114743
-0.114737
2.678857
1.574872
6.714614
-3.602906
-0.114749
-0.114736
-0.248878
2.059633
5.288912
-4.844868
-0.114746
-0.114747
0.049482
5.785855
11.867874
-9.726514
-0.114746
-0.114747
-0.135379
1.601927
3.469717
-3.872136
-0.114746
-0.114746
11.158047
-0.113793
11.159926
11.156841
-0.114745
-0.114748
8.081116
3.269200
13.660570
3.221673
-0.114746
-0.114749
1.072196
0.675560
0.400882
0.503301
0.352294
-0.045631
0.341700
0.214240
0.045593
0.082119
0.080337
0.074212
-0.008025
0.111168
-0.011522
-0.028790
-0.009520
-0.067648
-0.109789
-0.078007
-0.074266
-0.082006
-0.046422
-0.083072
-0.035786
-0.072284
-0.046829
-0.071561
-0.060121
-0.092029
-0.077085
-0.101074
-0.106175
-0.108102
-0.105627
-0.098076
-0.101563
-0.087915
-0.097624
-0.074096
-0.108772
-0.077979
-0.088056
-0.099252
-0.096608
-0.097853
-0.101733
-0.104975
-0.091357
-0.104305
-0.104844
-0.099927
-0.101885
-0.105940
-0.110608
-0.109353
-0.110106
-0.107284
-0.100548
-0.104698
-0.105904
-0.101255
-0.106345
-0.108413
-0.107601
-0.104486
-0.111602
-0.106015
-0.106165
-0.111144
-0.110845
-0.108313
-0.108413
-0.111240
-0.106157
-0.112416
-0.104306
-0.110534
-0.106322
-0.109736
-0.108617
-0.112867
-0.109799
-0.111618
-0.113913
-0.111067
-0.112160
-0.109423
-0.114145
-0.108334
-0.113423
-0.106865
-0.112740
-0.106585
-0.107651
-0.109613
-0.108705
-0.108052
-0.110379
-0.112463
0.003015
0.254133
0.209393
0.011103
-0.012981
-0.051864
-0.011764
0.009737
0.046727
-0.003732
0.101004
0.118655
0.038373
0.121439
0.048699
-0.032587
0.009408
-0.085675
-0.013588
-0.069007
-0.060094
-0.067700
-0.101370
-0.101210
-0.098520
-0.092535
-0.111858
-0.102582
-0.105653
-0.097301
-0.101700
-0.105130
-0.101929
-0.098903
-0.080439
-0.093717
-0.085055
-0.091322
-0.098607
-0.089354
-0.100674
-0.085105
-0.087278
-0.103638
-0.091928
-0.094522
-0.105755
-0.098246
-0.103562
-0.113799
-0.111253
-0.109835
-0.108040
-0.107433
-0.108966
-0.111008
-0.108616
-0.109098
-0.106802
-0.109473
-0.108055
-0.112395
-0.107158
-0.104141
-0.105976
-0.099541
-0.101639
-0.103802
-0.101726
-0.109080
-0.107805
-0.111930
-0.110845
-0.110262
-0.114655
-0.111622
-0.111287
-0.113227
-0.111079
-0.112603
-0.112954
-0.110879
-0.111968
-0.111917
-0.111690
-0.112420
-0.111378
-0.113086
-0.108936
-0.110458
-0.113026
-0.111697
-0.113223
-0.110999
-0.112880
-0.112314
-0.111843
-0.109904
-0.111764
-0.110998
2.676967
0.345299
0.395568
-0.014775
0.424525
0.447834
0.130323
0.121831
0.138688
0.083162
-0.048011
-0.035119
0.008807
-0.040950
-0.059513
-0.005199
-0.046026
-0.038745
-0.020727
-0.030767
-0.075438
-0.050155
-0.048293
-0.081244
-0.051820
-0.054449
-0.079435
-0.058942
-0.066335
-0.095326
-0.070018
-0.085831
-0.097297
-0.079582
-0.088134
-0.088324
-0.085674
-0.081411
-0.102483
-0.092031
-0.093245
-0.107814
-0.099547
-0.104427
-0.112885
-0.110126
-0.099319
-0.091808
-0.104007
-0.098197
-0.092351
-0.104721
-0.110462
-0.111064
-0.110652
-0.110955
-0.107658
-0.109859
-0.106700
-0.100145
-0.103636
-0.106951
-0.108755
-0.104251
-0.105942
-0.111337
-0.109300
-0.108498
-0.112818
-0.111776
-0.110223
-0.111270
-0.113180
-0.108411
-0.109347
-0.111614
-0.107504
-0.108885
-0.109798
-0.108552
-0.108504
-0.112686
-0.107184
-0.110023
-0.111309
-0.107125
-0.109619
-0.109287
-0.109724
-0.108685
-0.111474
-0.108720
-0.109915
-0.112362
-0.109288
-0.111393
-0.111202
-0.112355
-0.109660
-0.109979
0.018984
0.458676
0.902597
0.262758
0.329268
0.354463
0.016428
0.131480
0.256393
0.054139
0.113208
0.164126
-0.008546
-0.004456
-0.008750
-0.067001
-0.076585
-0.098571
-0.059104
-0.065935
-0.096941
-0.077706
-0.070338
-0.103232
-0.089042
-0.090696
-0.110101
-0.095635
-0.103840
-0.106463
-0.100178
-0.106216
-0.108464
-0.097633
-0.099451
-0.104615
-0.094884
-0.100418
-0.109657
-0.106467
-0.108097
-0.095427
-0.102893
-0.096942
-0.089026
-0.100154
-0.101673
-0.097146
-0.108043
-0.108264
-0.102834
-0.109095
-0.109384
-0.112092
-0.112466
-0.114172
-0.110994
-0.110626
-0.113527
-0.109371
-0.107754
-0.111512
-0.106685
-0.104930
-0.109943
-0.106066
-0.105819
-0.112986
-0.110236
-0.110013
-0.112881
-0.114223
-0.114010
-0.112104
-0.111597
-0.112886
-0.110500
-0.111149
-0.113666
-0.111592
-0.112437
-0.114183
-0.112982
-0.112391
-0.114148
-0.112548
-0.112605
-0.113962
-0.112084
-0.113448
-0.112752
-0.112226
-0.114296
-0.113600
-0.113852
-0.111563
-0.110769
-0.112362
-0.109415
-0.109003
0.050430
1.934358
3.023849
1.132820
0.703261
0.772574
0.012207
0.194267
0.101992
0.070706
0.002486
-0.047920
-0.032469
-0.007756
-0.036758
-0.035851
-0.055665
-0.055831
-0.061819
-0.104563
-0.084468
-0.083014
-0.104081
-0.097069
-0.095094
-0.092315
-0.100246
-0.095299
-0.101977
-0.105148
-0.106039
-0.107762
-0.110181
-0.110210
-0.103759
-0.105615
-0.108677
-0.101769
-0.104691
-0.106999
-0.107298
-0.111671
-0.106460
-0.106097
-0.113275
-0.102349
-0.106962
-0.100816
-0.104695
-0.102272
-0.097463
-0.114253
-0.101234
-0.104835
-0.102519
-0.108061
-0.096417
-0.097438
-0.112663
-0.105490
-0.109100
-0.112731
-0.111232
-0.109828
-0.111037
-0.110649
-0.112863
-0.110686
-0.110453
-0.113027
-0.111574
-0.113953
-0.112575
-0.112731
-0.114592
-0.112742
-0.112796
-0.113570
-0.112556
-0.113313
-0.113079
-0.112950
-0.113106
-0.113107
-0.114057
-0.112916
-0.112913
-0.113990
-0.112816
-0.110400
-0.111419
-0.110818
-0.110359
-0.113082
-0.114008
-0.113861
-0.112286
-0.112309
-0.113352
-0.111653
-0.094462
0.374291
0.782183
0.425808
-0.016239
0.100438
0.050335
-0.003685
-0.021992
-0.095370
-0.058904
-0.037496
-0.063702
-0.061779
-0.060607
-0.058262
-0.087061
-0.078577
-0.087225
-0.102195
-0.093617
-0.106436
-0.100046
-0.103164
-0.108212
-0.101946
-0.111659
-0.103075
-0.109346
-0.108918
-0.110304
-0.111404
-0.109583
-0.110018
-0.112080
-0.108398
-0.113088
-0.108814
-0.110987
-0.108833
-0.106854
-0.106453
-0.107327
-0.108568
-0.107633
-0.111214
-0.112097
-0.111091
-0.111742
-0.108301
-0.109490
-0.111630
-0.108143
-0.111626
-0.112785
-0.114174
-0.111486
-0.109607
-0.112617
-0.114537
-0.112046
-0.110639
-0.112316
-0.113411
-0.114334
-0.112396
-0.112402
-0.113228
-0.112508
-0.112242
-0.112537
-0.113120
-0.113492
-0.113884
-0.113874
-0.113806
-0.114088
-0.113061
-0.114468
-0.113625
-0.113900
-0.114142
-0.114196
-0.114223
-0.114168
-0.114273
-0.114459
-0.114661
-0.114314
-0.113824
-0.113712
-0.114169
-0.113500
-0.113464
-0.113672
-0.113400
-0.112223
-0.113575
-0.113862
-0.113700
-0.303233
0.000239
-0.039742
-0.412227
-0.114743
-0.114745
2.297489
0.456498
3.052613
1.339118
-0.114746
-0.114750
-0.207795
0.194067
0.257688
-0.785484
-0.114746
-0.114749
-0.149876
0.204273
0.333967
-0.605253
-0.114746
-0.114750
-0.201531
0.117673
0.119981
-0.635293
-0.114747
-0.114749
-0.122198
0.064292
0.208756
-0.459961
-0.114746
-0.114748
4.775425
0.847008
6.130714
3.154324
-0.114746
-0.114749
0.073918
-0.053729
-0.075354
-0.079791
-0.110396
-0.110652
-0.114264
-0.114188
-0.113793
-0.112555
-0.113784
-0.114065
-0.114436
-0.113381
-0.114478
-0.113361
-0.113742
-0.113625
-0.114088
-0.113955
-0.114219
-0.114361
-0.113749
-0.113937
-0.113116
-0.111960
-0.111969
-0.113345
-0.114465
-0.113325
-0.112924
-0.113065
-0.114537
-0.114358
-0.114476
-0.114691
-0.114550
-0.114517
-0.114421
-0.114526
-0.114492
-0.114655
-0.114547
-0.114712
-0.114657
-0.114657
-0.114571
-0.114600
-0.114673
-0.114640
-0.114466
-0.114555
-0.114229
-0.114198
-0.114113
-0.114366
-0.114742
-0.114517
-0.114200
-0.114519
-0.114670
-0.114695
-0.114644
-0.114701
-0.114702
-0.114725
-0.114688
-0.114714
-0.114661
-0.114706
-0.114665
-0.114662
-0.114674
-0.114707
-0.114681
-0.114683
-0.114706
-0.114636
-0.114584
-0.114725
-0.114569
-0.114478
-0.114496
-0.114553
-0.114668
-0.114652
-0.114599
-0.114726
-0.114678
-0.114642
-0.114605
-0.114634
-0.114664
-0.114738
-0.114679
-0.114659
-0.114709
-0.114718
-0.114716
-0.114706
2.295053
-0.111465
0.283760
-0.082369
-0.069298
-0.112799
-0.111535
-0.113367
-0.112084
-0.113530
-0.110325
-0.113913
-0.114222
-0.113774
-0.112427
-0.114115
-0.113770
-0.113870
-0.112326
-0.112349
-0.113070
-0.111822
-0.110318
-0.108611
-0.110323
-0.105247
-0.096965
-0.111851
-0.108501
-0.106968
-0.103093
-0.110809
-0.108284
-0.111061
-0.111909
-0.111964
-0.112396
-0.112453
-0.112671
-0.113280
-0.113033
-0.113673
-0.113206
-0.113264
-0.113690
-0.113565
-0.113496
-0.113707
-0.113336
-0.114079
-0.113206
-0.113957
-0.113125
-0.110934
-0.112428
-0.114183
-0.112516
-0.111035
-0.113589
-0.114198
-0.113492
-0.113866
-0.113871
-0.113768
-0.114089
-0.113712
-0.113783
-0.113885
-0.113770
-0.113995
-0.113875
-0.113953
-0.114051
-0.114063
-0.114072
-0.114080
-0.113941
-0.114329
-0.113810
-0.113933
-0.113687
-0.113080
-0.113738
-0.114390
-0.113981
-0.112959
-0.113664
-0.113645
-0.114140
-0.114225
-0.113692
-0.113724
-0.114146
-0.114401
-0.114033
-0.114119
-0.113919
-0.113929
-0.113929
-0.113951
-0.019685
-0.076012
0.095059
-0.101185
-0.072491
-0.110639
-0.110543
-0.113667
-0.111689
-0.112452
-0.113150
-0.113349
-0.114604
-0.114031
-0.114185
-0.113737
-0.114174
-0.113403
-0.113347
-0.113489
-0.114078
-0.113578
-0.112749
-0.111068
-0.108937
-0.108754
-0.106598
-0.110964
-0.111067
-0.109573
-0.108114
-0.113530
-0.112142
-0.113062
-0.113483
-0.114016
-0.113601
-0.113896
-0.113882
-0.113874
-0.114237
-0.114033
-0.114286
-0.114304
-0.114214
-0.114435
-0.114227
-0.114160
-0.114390
-0.114337
-0.114267
-0.113495
-0.113344
-0.112127
-0.114298
-0.114426
-0.114337
-0.112970
-0.113718
-0.114249
-0.114452
-0.114281
-0.114346
-0.114423
-0.114252
-0.114379
-0.114442
-0.114343
-0.114438
-0.114353
-0.114475
-0.114462
-0.114452
-0.114542
-0.114448
-0.114445
-0.114544
-0.114557
-0.114465
-0.114058
-0.114519
-0.113685
-0.114096
-0.114022
-0.114118
-0.114257
-0.114316
-0.114512
-0.114189
-0.114344
-0.114417
-0.114364
-0.114417
-0.114235
-0.114536
-0.114474
-0.114446
-0.114399
-0.114423
-0.114450
-0.078644
-0.083771
0.106808
-0.102695
-0.101864
-0.109521
-0.112194
-0.111485
-0.112708
-0.112056
-0.112663
-0.113074
-0.112877
-0.113421
-0.113327
-0.113478
-0.113822
-0.113560
-0.114052
-0.113784
-0.113957
-0.114295
-0.113671
-0.113988
-0.110130
-0.108221
-0.105378
-0.113312
-0.111842
-0.110611
-0.106919
-0.112237
-0.113443
-0.113299
-0.113652
-0.113447
-0.113816
-0.113638
-0.113743
-0.113864
-0.113751
-0.113928
-0.113868
-0.113887
-0.114016
-0.113887
-0.114057
-0.113989
-0.113973
-0.114152
-0.113888
-0.113648
-0.113753
-0.112700
-0.113308
-0.114473
-0.113539
-0.112540
-0.113987
-0.114268
-0.114150
-0.114192
-0.114212
-0.114137
-0.114341
-0.114200
-0.114141
-0.114223
-0.114199
-0.114262
-0.114219
-0.114235
-0.114273
-0.114211
-0.114293
-0.114242
-0.114254
-0.114326
-0.114195
-0.114102
-0.114096
-0.113836
-0.114052
-0.114649
-0.114253
-0.113494
-0.114157
-0.114100
-0.114407
-0.114395
-0.114134
-0.114128
-0.114382
-0.114530
-0.114119
-0.114236
-0.114245
-0.114247
-0.114261
-0.114243
-0.028361
0.041726
-0.076419
-0.096039
-0.102740
-0.097389
-0.110822
-0.111228
-0.112264
-0.111488
-0.112734
-0.113129
-0.112977
-0.113489
-0.113416
-0.113442
-0.113948
-0.113480
-0.114037
-0.113762
-0.113699
-0.114130
-0.113218
-0.111830
-0.112454
-0.113816
-0.111265
-0.112214
-0.114215
-0.110220
-0.113439
-0.113316
-0.113992
-0.113329
-0.113849
-0.113843
-0.114216
-0.113876
-0.114071
-0.114200
-0.114045
-0.114270
-0.114169
-0.114170
-0.114367
-0.114155
-0.114342
-0.114319
-0.114246
-0.114431
-0.113977
-0.114176
-0.114252
-0.114313
-0.113918
-0.114121
-0.114248
-0.113678
-0.114147
-0.114117
-0.114180
-0.114322
-0.114262
-0.114257
-0.114353
-0.114247
-0.114313
-0.114372
-0.114290
-0.114376
-0.114323
-0.114340
-0.114417
-0.114323
-0.114400
-0.114384
-0.114397
-0.114490
-0.114164
-0.114302
-0.114620
-0.114502
-0.114369
-0.114335
-0.114247
-0.114272
-0.114569
-0.114285
-0.114247
-0.114435
-0.114419
-0.114453
-0.114445
-0.114281
-0.114301
-0.114503
-0.114403
-0.114392
-0.114387
-0.114376
-0.107134
-0.065913
-0.082280
-0.005039
-0.102572
-0.103924
-0.111897
-0.112828
-0.112227
-0.112699
-0.113292
-0.113294
-0.113740
-0.113384
-0.113848
-0.113917
-0.113590
-0.114266
-0.113783
-0.114053
-0.113873
-0.113472
-0.113121
-0.112911
-0.110403
-0.107346
-0.111235
-0.113874
-0.114142
-0.112195
-0.112225
-0.109456
-0.113103
-0.112551
-0.113138
-0.113662
-0.113395
-0.113730
-0.113738
-0.113729
-0.113991
-0.113800
-0.113953
-0.114048
-0.113867
-0.114140
-0.114016
-0.113999
-0.114270
-0.113858
-0.114451
-0.114006
-0.113030
-0.113724
-0.113962
-0.114119
-0.114253
-0.113919
-0.113328
-0.113816
-0.114453
-0.114028
-0.114208
-0.114234
-0.114129
-0.114349
-0.114216
-0.114200
-0.114277
-0.114202
-0.114276
-0.114282
-0.114228
-0.114345
-0.114257
-0.114290
-0.114420
-0.114185
-0.114466
-0.114343
-0.113846
-0.114116
-0.114273
-0.114238
-0.114507
-0.114345
-0.113916
-0.114268
-0.114467
-0.114103
-0.114251
-0.114191
-0.114137
-0.114533
-0.114479
-0.114258
-0.114315
-0.114271
-0.114262
-0.114295
