-1.228759
1.816801
1.449368
-7.140147
-0.116626
-0.116618
-0.001469
0.960010
3.150375
-2.056265
-0.116620
-0.116619
2.646816
1.502577
7.670976
-3.295032
-0.116625
-0.116609
-0.414982
2.185313
4.729995
-5.220833
-0.116622
-0.116623
0.067112
5.483837
11.190084
-9.195699
-0.116622
-0.116623
-0.108280
1.901034
4.448366
-4.218473
-0.116622
-0.116622
11.253973
-0.115848
11.255363
11.253030
-0.116621
-0.116625
8.018288
3.265243
13.886855
3.317157
-0.116621
-0.116625
0.990560
0.634026
0.373268
0.444994
0.278550
0.032204
0.350691
0.137306
0.061717
0.029233
-0.040622
0.057460
-0.062799
0.072787
0.092020
-0.058396
0.069208
0.003897
-0.093423
-0.023527
-0.041060
-0.079925
-0.045018
-0.063432
-0.056027
-0.051378
-0.086990
-0.046881
-0.089383
-0.070525
-0.071666
-0.095520
-0.082653
-0.087778
-0.093929
-0.088909
-0.095913
-0.087965
-0.077378
-0.112819
-0.070024
-0.083889
-0.100721
-0.081982
-0.102229
-0.107114
-0.103783
-0.105934
-0.104823
-0.104635
-0.096472
-0.108922
-0.109268
-0.107430
-0.106921
-0.106082
-0.114394
-0.112010
-0.113709
-0.107153
-0.102402
-0.111445
-0.105706
-0.105904
-0.113755
-0.111266
-0.114237
-0.110497
-0.109956
-0.113054
-0.106124
-0.110052
-0.113026
-0.108490
-0.111090
-0.114141
-0.109332
-0.110588
-0.111560
-0.110383
-0.111684
-0.107036
-0.113127
-0.109025
-0.108293
-0.113524
-0.110746
-0.112322
-0.115985
-0.111755
-0.111105
-0.114356
-0.112521
-0.113235
-0.107996
-0.111767
-0.110578
-0.109158
-0.115384
-0.112818
-0.001871
0.255785
0.248273
0.127498
0.005975
-0.026787
0.073090
-0.032534
0.062376
-0.018967
0.037740
0.082394
-0.040495
0.048751
0.011020
-0.081250
-0.023195
-0.078070
-0.083355
-0.083513
-0.081264
-0.086462
-0.103037
-0.108107
-0.102908
-0.108997
-0.096174
-0.081735
-0.095972
-0.092498
-0.096595
-0.106246
-0.113684
-0.106444
-0.103731
-0.107396
-0.096004
-0.112530
-0.102118
-0.111015
-0.098424
-0.094806
-0.106874
-0.089150
-0.096648
-0.106272
-0.095940
-0.108226
-0.109538
-0.103931
-0.109714
-0.112240
-0.111342
-0.115945
-0.109675
-0.109275
-0.111862
-0.114683
-0.112355
-0.110516
-0.109232
-0.114436
-0.108704
-0.111841
-0.110961
-0.107697
-0.112516
-0.106293
-0.108787
-0.112313
-0.107269
-0.111116
-0.113764
-0.110355
-0.112660
-0.114813
-0.112499
-0.114350
-0.114821
-0.115146
-0.115290
-0.114300
-0.116359
-0.113441
-0.114174
-0.114479
-0.114485
-0.113571
-0.113417
-0.113737
-0.113119
-0.115471
-0.112247
-0.115754
-0.113171
-0.112390
-0.114678
-0.111104
-0.113021
-0.113025
2.644953
0.254505
0.299710
-0.010340
0.363429
0.413100
0.143618
0.133980
0.192517
0.154623
-0.001265
-0.006692
0.028121
-0.046753
-0.062589
-0.020018
-0.049979
-0.074604
-0.000823
-0.033716
-0.068250
-0.006031
-0.042565
-0.073359
-0.011575
-0.046055
-0.063764
-0.010542
-0.074214
-0.052465
-0.041148
-0.093447
-0.068016
-0.059157
-0.097430
-0.074530
-0.072013
-0.106873
-0.084035
-0.088297
-0.111706
-0.097777
-0.099855
-0.108909
-0.102387
-0.101227
-0.109000
-0.107141
-0.097394
-0.094138
-0.106557
-0.099020
-0.097159
-0.109169
-0.114114
-0.115071
-0.114869
-0.112798
-0.110955
-0.114979
-0.108492
-0.105374
-0.109056
-0.108891
-0.109162
-0.105981
-0.106847
-0.115193
-0.112129
-0.110493
-0.112356
-0.115544
-0.111266
-0.112481
-0.114070
-0.109382
-0.111888
-0.113880
-0.109517
-0.112990
-0.111723
-0.107165
-0.113683
-0.107335
-0.106596
-0.114879
-0.108572
-0.109248
-0.114874
-0.109924
-0.110501
-0.114978
-0.109082
-0.112173
-0.111800
-0.107966
-0.112230
-0.114509
-0.111276
-0.112606
0.180388
0.553465
0.841963
0.108708
0.437736
0.457615
0.104597
0.149875
0.348034
0.084074
0.128021
0.178567
-0.039558
-0.005278
0.006684
-0.038077
-0.085513
-0.057381
-0.074274
-0.083688
-0.104534
-0.072955
-0.084888
-0.098257
-0.081749
-0.106258
-0.098945
-0.103831
-0.106199
-0.111420
-0.100739
-0.110324
-0.104598
-0.102830
-0.115740
-0.106507
-0.103627
-0.110015
-0.108521
-0.102098
-0.111369
-0.106953
-0.109990
-0.096039
-0.102346
-0.100810
-0.087963
-0.103991
-0.101701
-0.098057
-0.110340
-0.109645
-0.102869
-0.108459
-0.112579
-0.113202
-0.114161
-0.115981
-0.112702
-0.113310
-0.114914
-0.109343
-0.107232
-0.112898
-0.107144
-0.106049
-0.113200
-0.108362
-0.108219
-0.114766
-0.111914
-0.110301
-0.114668
-0.114791
-0.114714
-0.114348
-0.114873
-0.114465
-0.112745
-0.113830
-0.114468
-0.113689
-0.115432
-0.115603
-0.115517
-0.115783
-0.116070
-0.115073
-0.116078
-0.115898
-0.114521
-0.113806
-0.115818
-0.113801
-0.113707
-0.115752
-0.115014
-0.112374
-0.113038
-0.113618
0.067750
1.832333
2.867919
1.017215
0.703722
0.715525
0.012652
0.135806
0.149264
0.099559
-0.065107
-0.031469
-0.032851
-0.006313
-0.064525
-0.048272
-0.057447
-0.075711
-0.079298
-0.112761
-0.103697
-0.092643
-0.092849
-0.109718
-0.086334
-0.102980
-0.100913
-0.100285
-0.107322
-0.106659
-0.100937
-0.112434
-0.105322
-0.108980
-0.114959
-0.113737
-0.107987
-0.110068
-0.111566
-0.105732
-0.110400
-0.108452
-0.112459
-0.112671
-0.109673
-0.107822
-0.113998
-0.109474
-0.107267
-0.102110
-0.108661
-0.104440
-0.097948
-0.115489
-0.105579
-0.107554
-0.105886
-0.110895
-0.099509
-0.101221
-0.114261
-0.107872
-0.110063
-0.113962
-0.113797
-0.109048
-0.112332
-0.114066
-0.113790
-0.112635
-0.113183
-0.115656
-0.114334
-0.115829
-0.115375
-0.115280
-0.115275
-0.114944
-0.113273
-0.114908
-0.114628
-0.113735
-0.116004
-0.115997
-0.114902
-0.113480
-0.114720
-0.113111
-0.113580
-0.116082
-0.115517
-0.114797
-0.114625
-0.115724
-0.114342
-0.115198
-0.116046
-0.116219
-0.115691
-0.114752
-0.108410
0.435192
0.886088
0.598979
0.156316
0.085950
0.043631
0.027224
-0.046721
-0.030388
-0.014374
-0.061735
-0.033721
-0.057598
-0.089689
-0.085986
-0.088241
-0.096380
-0.099686
-0.099373
-0.111943
-0.097665
-0.111083
-0.101218
-0.108240
-0.109299
-0.109274
-0.114427
-0.109718
-0.110792
-0.114314
-0.110529
-0.115365
-0.110869
-0.113810
-0.113587
-0.114558
-0.116500
-0.113480
-0.114950
-0.114850
-0.111360
-0.111415
-0.110484
-0.106543
-0.111915
-0.110425
-0.111350
-0.113979
-0.113784
-0.112713
-0.109702
-0.110699
-0.109613
-0.108656
-0.113096
-0.114816
-0.115450
-0.112837
-0.111027
-0.112151
-0.113097
-0.114287
-0.112114
-0.113420
-0.115151
-0.113452
-0.114211
-0.115261
-0.114811
-0.114970
-0.114837
-0.115250
-0.114848
-0.115988
-0.115815
-0.116249
-0.115258
-0.115539
-0.116213
-0.115588
-0.115935
-0.116360
-0.115763
-0.115734
-0.115709
-0.116367
-0.115908
-0.115813
-0.115781
-0.115220
-0.115668
-0.115235
-0.115681
-0.116130
-0.116381
-0.116207
-0.115515
-0.115143
-0.115248
-0.353658
0.023426
-0.040297
-0.515911
-0.116619
-0.116622
2.315196
0.437271
3.077260
1.450103
-0.116622
-0.116625
-0.130265
0.198247
0.358691
-0.641855
-0.116622
-0.116625
-0.073983
0.123274
0.340572
-0.449551
-0.116621
-0.116625
-0.099085
0.265719
0.457123
-0.814267
-0.116623
-0.116625
-0.119606
0.023544
0.144050
-0.319163
-0.116621
-0.116625
4.904784
0.810113
6.505664
3.352014
-0.116622
-0.116625
0.120341
-0.042084
-0.073255
-0.069579
-0.111779
-0.112894
-0.115819
-0.114034
-0.116293
-0.115462
-0.115237
-0.114478
-0.115068
-0.115733
-0.116199
-0.116596
-0.115324
-0.115960
-0.115634
-0.116168
-0.116027
-0.115977
-0.116014
-0.116219
-0.115244
-0.114540
-0.112593
-0.114171
-0.115916
-0.115961
-0.114297
-0.114298
-0.114960
-0.115617
-0.116252
-0.116370
-0.116569
-0.116526
-0.116431
-0.116474
-0.116362
-0.116241
-0.116511
-0.116550
-0.116490
-0.116364
-0.116408
-0.116561
-0.116494
-0.116576
-0.116416
-0.116572
-0.116573
-0.116270
-0.115697
-0.116124
-0.116110
-0.116462
-0.116135
-0.116048
-0.116024
-0.116550
-0.116425
-0.116473
-0.116514
-0.116550
-0.116553
-0.116510
-0.116582
-0.116593
-0.116491
-0.116559
-0.116577
-0.116567
-0.116521
-0.116509
-0.116597
-0.116523
-0.116523
-0.116590
-0.116579
-0.116547
-0.116431
-0.116152
-0.116424
-0.116411
-0.116520
-0.116315
-0.116278
-0.116380
-0.116607
-0.116547
-0.116618
-0.116551
-0.116569
-0.116603
-0.116545
-0.116574
-0.116611
-0.116551
2.317870
-0.106734
0.267563
-0.079411
-0.060506
-0.109753
-0.109413
-0.112973
-0.113389
-0.113581
-0.114943
-0.111926
-0.112179
-0.113729
-0.114362
-0.113580
-0.115320
-0.114563
-0.113772
-0.114947
-0.114440
-0.115142
-0.115413
-0.114936
-0.111905
-0.110594
-0.099999
-0.102976
-0.109605
-0.113013
-0.107493
-0.105101
-0.112129
-0.114574
-0.115701
-0.116277
-0.116584
-0.116357
-0.116452
-0.116420
-0.116230
-0.116042
-0.116219
-0.116310
-0.115863
-0.116312
-0.116197
-0.116128
-0.116195
-0.115919
-0.116099
-0.116526
-0.115834
-0.115996
-0.115459
-0.111542
-0.115306
-0.115863
-0.115223
-0.113548
-0.115758
-0.115199
-0.116386
-0.116336
-0.116354
-0.116417
-0.116387
-0.116384
-0.116435
-0.116307
-0.116488
-0.116411
-0.116528
-0.116317
-0.116428
-0.116377
-0.116402
-0.116421
-0.116280
-0.116250
-0.116495
-0.115970
-0.116222
-0.115623
-0.114685
-0.115963
-0.116057
-0.115395
-0.115359
-0.116366
-0.116076
-0.116542
-0.116348
-0.116374
-0.116414
-0.116405
-0.116372
-0.116433
-0.116340
-0.116461
-0.104708
-0.071269
0.098242
-0.108716
-0.085435
-0.109006
-0.113958
-0.114596
-0.113098
-0.115521
-0.114705
-0.115259
-0.114767
-0.114243
-0.115427
-0.115482
-0.114736
-0.115512
-0.116320
-0.115593
-0.116096
-0.116088
-0.116454
-0.115671
-0.111461
-0.116376
-0.109772
-0.109240
-0.112924
-0.114537
-0.111918
-0.109676
-0.113674
-0.113898
-0.115193
-0.115366
-0.115744
-0.116171
-0.115901
-0.116071
-0.116320
-0.116215
-0.116334
-0.116541
-0.116386
-0.116296
-0.116357
-0.116528
-0.116269
-0.116369
-0.116478
-0.116273
-0.115965
-0.115771
-0.115730
-0.114669
-0.116059
-0.116145
-0.116467
-0.114564
-0.116148
-0.115904
-0.116261
-0.116401
-0.116282
-0.116223
-0.116431
-0.116379
-0.116349
-0.116360
-0.116403
-0.116428
-0.116419
-0.116462
-0.116506
-0.116503
-0.116471
-0.116601
-0.116578
-0.116541
-0.116573
-0.116146
-0.116269
-0.116043
-0.115882
-0.116406
-0.116536
-0.116115
-0.115782
-0.116389
-0.116283
-0.116535
-0.116500
-0.116545
-0.116569
-0.116528
-0.116595
-0.116578
-0.116524
-0.116620
-0.072487
-0.077961
0.047070
-0.104621
-0.101047
-0.112145
-0.114614
-0.115972
-0.115859
-0.116233
-0.116283
-0.115952
-0.116101
-0.116206
-0.116283
-0.116271
-0.116332
-0.116383
-0.116262
-0.116450
-0.116474
-0.116437
-0.116365
-0.115706
-0.114113
-0.115503
-0.111270
-0.109828
-0.113717
-0.114413
-0.111557
-0.112515
-0.116030
-0.115327
-0.116204
-0.116412
-0.116454
-0.116527
-0.116555
-0.116562
-0.116568
-0.116543
-0.116538
-0.116535
-0.116517
-0.116505
-0.116513
-0.116469
-0.116476
-0.116449
-0.116469
-0.116398
-0.116381
-0.116200
-0.115892
-0.114843
-0.116246
-0.116245
-0.115924
-0.114986
-0.116395
-0.116308
-0.116528
-0.116596
-0.116584
-0.116592
-0.116570
-0.116583
-0.116577
-0.116585
-0.116594
-0.116599
-0.116604
-0.116600
-0.116596
-0.116594
-0.116579
-0.116579
-0.116560
-0.116556
-0.116484
-0.116370
-0.116364
-0.116059
-0.115943
-0.116524
-0.116379
-0.116146
-0.115960
-0.116493
-0.116390
-0.116565
-0.116543
-0.116547
-0.116556
-0.116555
-0.116559
-0.116564
-0.116563
-0.116564
-0.096387
0.137988
-0.035894
-0.108110
-0.082616
-0.111653
-0.104256
-0.107087
-0.108631
-0.109336
-0.110442
-0.110903
-0.111199
-0.111798
-0.112179
-0.112325
-0.112627
-0.112893
-0.113253
-0.113223
-0.113405
-0.113952
-0.114225
-0.112925
-0.115373
-0.111758
-0.115577
-0.108434
-0.112321
-0.110565
-0.112751
-0.115035
-0.114940
-0.114791
-0.115988
-0.115566
-0.115348
-0.115311
-0.115292
-0.115343
-0.115267
-0.115237
-0.115292
-0.115311
-0.115238
-0.115242
-0.115274
-0.115313
-0.115207
-0.115185
-0.115314
-0.115481
-0.114999
-0.115905
-0.115040
-0.115911
-0.114799
-0.115714
-0.114076
-0.115667
-0.115427
-0.115478
-0.115532
-0.115704
-0.115716
-0.115680
-0.115704
-0.115720
-0.115750
-0.115724
-0.115730
-0.115761
-0.115776
-0.115746
-0.115752
-0.115765
-0.115787
-0.115732
-0.115698
-0.115707
-0.115791
-0.115490
-0.115815
-0.115420
-0.115437
-0.115874
-0.116101
-0.115283
-0.115749
-0.115766
-0.115676
-0.115774
-0.115769
-0.115776
-0.115766
-0.115784
-0.115773
-0.115779
-0.115764
-0.115774
-0.113320
-0.087318
-0.090139
-0.027413
-0.105867
-0.110419
-0.114787
-0.115861
-0.116313
-0.115771
-0.116262
-0.116170
-0.116412
-0.116337
-0.116314
-0.116421
-0.116490
-0.116427
-0.116404
-0.116331
-0.116543
-0.116446
-0.116231
-0.116316
-0.115102
-0.111256
-0.110764
-0.115099
-0.116343
-0.115557
-0.115888
-0.113214
-0.112737
-0.115289
-0.116412
-0.116142
-0.116098
-0.116225
-0.116307
-0.116380
-0.116338
-0.116394
-0.116456
-0.116472
-0.116463
-0.116492
-0.116537
-0.116600
-0.116521
-0.116522
-0.116523
-0.116536
-0.116486
-0.115991
-0.115089
-0.116122
-0.116231
-0.116382
-0.116450
-0.115965
-0.115545
-0.116289
-0.116318
-0.116520
-0.116515
-0.116464
-0.116465
-0.116477
-0.116499
-0.116478
-0.116476
-0.116491
-0.116503
-0.116495
-0.116492
-0.116501
-0.116541
-0.116521
-0.116507
-0.116513
-0.116605
-0.116517
-0.116109
-0.116028
-0.116442
-0.116572
-0.116575
-0.116494
-0.116167
-0.116069
-0.116583
-0.116516
-0.116533
-0.116541
-0.116542
-0.116565
-0.116549
-0.116559
-0.116554
-0.116559
