-1.178862
1.810527
2.225634
-7.620149
-0.115719
-0.115709
-0.001619
0.973227
3.562574
-2.179834
-0.115712
-0.115711
2.634415
1.493394
7.472019
-3.558742
-0.115719
-0.115701
-0.446951
2.036576
6.014349
-5.802653
-0.115715
-0.115713
-0.020194
5.383267
11.073810
-9.085099
-0.115715
-0.115716
-0.037888
1.633102
4.163267
-3.729013
-0.115715
-0.115714
11.164970
-0.114849
11.166594
11.163251
-0.115715
-0.115718
7.955931
3.248847
13.737321
3.335689
-0.115714
-0.115718
0.942264
0.613643
0.368640
0.483978
0.314942
0.021251
0.305259
0.164246
0.027028
0.024857
-0.002459
0.076891
-0.085541
0.096404
0.045851
-0.063278
0.012201
-0.028921
-0.101218
-0.060552
-0.042384
-0.087127
-0.045368
-0.078912
-0.034041
-0.014304
-0.097724
-0.013163
-0.050714
-0.072425
-0.025167
-0.089627
-0.059752
-0.070748
-0.109082
-0.095912
-0.102729
-0.086201
-0.088712
-0.097030
-0.090510
-0.079670
-0.107064
-0.087797
-0.089568
-0.111514
-0.102106
-0.105995
-0.102296
-0.111363
-0.095302
-0.100008
-0.110579
-0.104761
-0.106549
-0.105008
-0.108589
-0.112948
-0.111723
-0.111400
-0.103482
-0.104788
-0.112061
-0.106792
-0.108774
-0.107563
-0.111372
-0.108093
-0.106235
-0.113346
-0.104537
-0.110468
-0.112824
-0.111806
-0.110650
-0.111329
-0.112124
-0.108465
-0.108509
-0.105746
-0.112571
-0.106952
-0.104767
-0.113241
-0.107169
-0.106682
-0.111802
-0.104975
-0.106807
-0.113250
-0.109665
-0.111591
-0.112659
-0.114069
-0.110585
-0.112817
-0.113288
-0.111871
-0.113474
-0.113477
-0.002179
0.209852
0.202045
0.081368
0.000103
-0.048243
0.040687
-0.017949
0.085842
0.009723
0.086841
0.125124
-0.012674
0.059066
0.018187
-0.086027
-0.029788
-0.049447
-0.096756
-0.027868
-0.063948
-0.035557
-0.019017
-0.075085
-0.029055
-0.073736
-0.034831
-0.067172
-0.066745
-0.071075
-0.078757
-0.063746
-0.103744
-0.079540
-0.108028
-0.089441
-0.095559
-0.108811
-0.099713
-0.091812
-0.106697
-0.086806
-0.094540
-0.090182
-0.080605
-0.103688
-0.088902
-0.098248
-0.111001
-0.106203
-0.105104
-0.110105
-0.112557
-0.112305
-0.114021
-0.109316
-0.111202
-0.112189
-0.113892
-0.111057
-0.110045
-0.110698
-0.111568
-0.109131
-0.113122
-0.105319
-0.109910
-0.107678
-0.106503
-0.111926
-0.112393
-0.107567
-0.109588
-0.110985
-0.106436
-0.113654
-0.106482
-0.110074
-0.106933
-0.106938
-0.112422
-0.108338
-0.113294
-0.109349
-0.113372
-0.111769
-0.113752
-0.112136
-0.112396
-0.114201
-0.113948
-0.113712
-0.113571
-0.114037
-0.112943
-0.114013
-0.112023
-0.110977
-0.110017
-0.108118
2.632745
0.261113
0.316606
-0.022799
0.342351
0.415522
0.176100
0.127581
0.170949
0.151100
-0.010114
-0.036582
0.032311
-0.012618
-0.086154
0.008521
-0.027048
-0.072114
-0.015107
-0.038504
-0.093343
-0.034655
-0.013800
-0.080991
-0.015823
-0.032719
-0.085454
-0.035753
-0.068050
-0.078947
-0.042882
-0.080920
-0.064823
-0.063131
-0.092750
-0.087444
-0.080972
-0.094824
-0.099822
-0.079414
-0.098958
-0.098576
-0.089997
-0.106510
-0.101827
-0.097233
-0.106697
-0.108885
-0.100128
-0.095618
-0.100558
-0.105558
-0.095220
-0.102340
-0.112115
-0.113786
-0.114548
-0.112133
-0.110038
-0.110668
-0.112817
-0.106099
-0.104966
-0.106928
-0.108397
-0.106675
-0.104326
-0.109923
-0.112938
-0.108586
-0.108583
-0.115081
-0.110562
-0.110010
-0.114373
-0.110865
-0.108521
-0.112725
-0.108331
-0.106889
-0.115287
-0.106478
-0.107329
-0.113069
-0.108201
-0.107725
-0.111341
-0.107890
-0.109371
-0.113053
-0.111527
-0.113771
-0.113188
-0.111847
-0.113327
-0.111835
-0.110042
-0.113559
-0.111333
-0.110704
0.214035
0.486130
0.690211
0.178480
0.405915
0.462160
0.144481
0.134793
0.386294
0.137254
0.086654
0.159752
-0.022868
-0.039963
-0.042917
-0.092516
-0.083074
-0.097764
-0.095118
-0.070464
-0.084621
-0.086615
-0.062348
-0.087904
-0.090133
-0.083197
-0.103710
-0.094219
-0.102718
-0.102050
-0.100976
-0.107587
-0.097973
-0.101273
-0.102120
-0.096167
-0.101720
-0.108156
-0.106212
-0.106854
-0.114260
-0.109251
-0.109679
-0.106177
-0.102914
-0.110268
-0.093163
-0.097745
-0.103584
-0.094178
-0.101893
-0.110749
-0.104138
-0.104071
-0.109976
-0.115325
-0.112586
-0.112307
-0.113515
-0.110133
-0.113909
-0.110329
-0.106622
-0.108429
-0.110281
-0.103031
-0.107645
-0.109585
-0.107156
-0.110651
-0.113778
-0.113212
-0.114004
-0.113938
-0.113481
-0.113923
-0.111994
-0.113231
-0.112471
-0.111642
-0.113615
-0.112189
-0.112565
-0.114446
-0.113306
-0.114593
-0.113892
-0.113783
-0.114566
-0.113470
-0.113852
-0.115330
-0.114049
-0.113058
-0.113217
-0.114975
-0.112629
-0.112577
-0.115197
-0.113036
-0.020000
1.822104
2.793806
1.062121
0.573042
0.726761
0.095250
0.096653
0.132032
0.080346
-0.029174
-0.049101
-0.015465
-0.012433
-0.057854
-0.025342
-0.074674
-0.064364
-0.050636
-0.094227
-0.085964
-0.069895
-0.088335
-0.097076
-0.086149
-0.102674
-0.101661
-0.105116
-0.105685
-0.111658
-0.106043
-0.108693
-0.111739
-0.102669
-0.106960
-0.106711
-0.100694
-0.103810
-0.111846
-0.102975
-0.108419
-0.109985
-0.107908
-0.111223
-0.111779
-0.107441
-0.109006
-0.111480
-0.103353
-0.104730
-0.103839
-0.109543
-0.096746
-0.104505
-0.107347
-0.102604
-0.107120
-0.107136
-0.106346
-0.097614
-0.107450
-0.110559
-0.107077
-0.110366
-0.114311
-0.111593
-0.110707
-0.111033
-0.112780
-0.112426
-0.111058
-0.114461
-0.112854
-0.114738
-0.114471
-0.114179
-0.113979
-0.114865
-0.114465
-0.113203
-0.113650
-0.114524
-0.114565
-0.114364
-0.113673
-0.113074
-0.113164
-0.112660
-0.114084
-0.115053
-0.113328
-0.112190
-0.114636
-0.112739
-0.112409
-0.113710
-0.113798
-0.113632
-0.113533
-0.114674
-0.038461
0.247430
0.710613
0.548412
0.143462
0.110517
0.117575
0.079554
-0.024036
-0.051724
0.001520
-0.042599
-0.045291
-0.035455
-0.081140
-0.054721
-0.061192
-0.084326
-0.085623
-0.095976
-0.101922
-0.101474
-0.110103
-0.105196
-0.108798
-0.112624
-0.108042
-0.114553
-0.111035
-0.111513
-0.114983
-0.111837
-0.113180
-0.113023
-0.110737
-0.112025
-0.111393
-0.111088
-0.112068
-0.109784
-0.111668
-0.108115
-0.108354
-0.110923
-0.108004
-0.109670
-0.108515
-0.109122
-0.110376
-0.114029
-0.109708
-0.106531
-0.108625
-0.110512
-0.108920
-0.112288
-0.113619
-0.113358
-0.114222
-0.110371
-0.111074
-0.113046
-0.113484
-0.112255
-0.110310
-0.112453
-0.114120
-0.112139
-0.113681
-0.113411
-0.113109
-0.114567
-0.113783
-0.114028
-0.114833
-0.115097
-0.115297
-0.115128
-0.115561
-0.114573
-0.114325
-0.115339
-0.115003
-0.114658
-0.114810
-0.115587
-0.114978
-0.114760
-0.115193
-0.115304
-0.114950
-0.114453
-0.114396
-0.114796
-0.115452
-0.114733
-0.114767
-0.114474
-0.114036
-0.114270
-0.363531
0.005193
-0.089831
-0.512123
-0.115712
-0.115715
2.275327
0.313936
2.878990
1.587128
-0.115715
-0.115719
-0.228502
0.161463
0.182727
-0.736058
-0.115715
-0.115718
-0.070761
0.197414
0.450833
-0.497868
-0.115715
-0.115719
-0.133251
0.272064
0.355701
-0.799199
-0.115716
-0.115718
-0.114414
0.038934
0.228164
-0.369718
-0.115714
-0.115716
4.811595
0.655855
6.134722
3.548942
-0.115715
-0.115718
0.131580
-0.054319
-0.076177
-0.072695
-0.108708
-0.114367
-0.112882
-0.114546
-0.113936
-0.113815
-0.114295
-0.114699
-0.114866
-0.113784
-0.113671
-0.114829
-0.114140
-0.114530
-0.115083
-0.114426
-0.114988
-0.115320
-0.114887
-0.115161
-0.114162
-0.114013
-0.113371
-0.114069
-0.114284
-0.115126
-0.114994
-0.114434
-0.113096
-0.114994
-0.115563
-0.115338
-0.115478
-0.115475
-0.115448
-0.115488
-0.115513
-0.115702
-0.115412
-0.115421
-0.115525
-0.115556
-0.115521
-0.115652
-0.115509
-0.115573
-0.115671
-0.115565
-0.115585
-0.115297
-0.115168
-0.115447
-0.115379
-0.115410
-0.115551
-0.115644
-0.115382
-0.115058
-0.115393
-0.115528
-0.115512
-0.115517
-0.115514
-0.115539
-0.115560
-0.115575
-0.115617
-0.115538
-0.115541
-0.115648
-0.115578
-0.115551
-0.115569
-0.115558
-0.115565
-0.115574
-0.115569
-0.115538
-0.115402
-0.115416
-0.115631
-0.115697
-0.115577
-0.115523
-0.115557
-0.115584
-0.115619
-0.115683
-0.115693
-0.115673
-0.115687
-0.115703
-0.115676
-0.115655
-0.115632
-0.115642
2.274514
-0.106930
0.180621
-0.094136
-0.061948
-0.109287
-0.107533
-0.113629
-0.111878
-0.113801
-0.112969
-0.112647
-0.114605
-0.115018
-0.112645
-0.114782
-0.114977
-0.113426
-0.114459
-0.113573
-0.114721
-0.113705
-0.114127
-0.114476
-0.113139
-0.110247
-0.109123
-0.102486
-0.114612
-0.114316
-0.113528
-0.103750
-0.113452
-0.111584
-0.113949
-0.114585
-0.115326
-0.114614
-0.115136
-0.115286
-0.115021
-0.115222
-0.115368
-0.115040
-0.115349
-0.115606
-0.115169
-0.115263
-0.115278
-0.115503
-0.115054
-0.115141
-0.115150
-0.114908
-0.114557
-0.113666
-0.113678
-0.115362
-0.115167
-0.114749
-0.113227
-0.114480
-0.115026
-0.115031
-0.115114
-0.115595
-0.115258
-0.115283
-0.115426
-0.115445
-0.115305
-0.115441
-0.115512
-0.115379
-0.115461
-0.115531
-0.115414
-0.115335
-0.115551
-0.115357
-0.115262
-0.115389
-0.115223
-0.114947
-0.114974
-0.115276
-0.115576
-0.115163
-0.115103
-0.115261
-0.115425
-0.115458
-0.115569
-0.115688
-0.115630
-0.115567
-0.115628
-0.115645
-0.115589
-0.115613
-0.003738
-0.070266
0.070731
-0.108304
-0.082868
-0.111989
-0.111674
-0.112000
-0.114458
-0.113499
-0.114486
-0.113373
-0.112942
-0.115113
-0.114511
-0.115138
-0.114700
-0.113783
-0.114239
-0.114317
-0.115121
-0.114684
-0.114989
-0.114883
-0.115299
-0.110525
-0.113015
-0.105947
-0.113593
-0.115110
-0.114357
-0.107705
-0.113722
-0.113236
-0.114807
-0.114444
-0.114980
-0.114747
-0.114735
-0.114755
-0.115147
-0.115229
-0.114927
-0.115116
-0.114955
-0.114957
-0.115180
-0.115251
-0.115214
-0.115044
-0.115235
-0.115086
-0.114825
-0.114954
-0.115184
-0.114816
-0.113714
-0.114214
-0.114989
-0.114414
-0.114757
-0.115258
-0.114686
-0.115116
-0.115279
-0.115078
-0.115211
-0.115282
-0.115185
-0.115167
-0.115161
-0.115186
-0.115154
-0.115233
-0.115259
-0.115137
-0.115158
-0.115180
-0.115160
-0.115161
-0.115178
-0.115146
-0.115197
-0.114813
-0.114855
-0.115470
-0.115362
-0.115145
-0.115560
-0.115019
-0.115239
-0.115412
-0.115313
-0.115257
-0.115311
-0.115277
-0.115259
-0.115253
-0.115265
-0.115287
-0.071627
-0.074092
0.099667
-0.099899
-0.100571
-0.113775
-0.114533
-0.114557
-0.114456
-0.114339
-0.114962
-0.114449
-0.114574
-0.115104
-0.114840
-0.114490
-0.115086
-0.114836
-0.114553
-0.114991
-0.114979
-0.114265
-0.114621
-0.114716
-0.113492
-0.112304
-0.112128
-0.106163
-0.114457
-0.114261
-0.115177
-0.106778
-0.114507
-0.114883
-0.114793
-0.115264
-0.115448
-0.115223
-0.115397
-0.115573
-0.115324
-0.115455
-0.115623
-0.115415
-0.115438
-0.115667
-0.115437
-0.115412
-0.115639
-0.115471
-0.115315
-0.115494
-0.115373
-0.114914
-0.114766
-0.114588
-0.114205
-0.115368
-0.115299
-0.115270
-0.113754
-0.115018
-0.115314
-0.115205
-0.115252
-0.115442
-0.115381
-0.115321
-0.115444
-0.115437
-0.115357
-0.115434
-0.115471
-0.115378
-0.115411
-0.115474
-0.115390
-0.115388
-0.115465
-0.115384
-0.115323
-0.115442
-0.115373
-0.114987
-0.115180
-0.115364
-0.115501
-0.115196
-0.115366
-0.115363
-0.115662
-0.115582
-0.115566
-0.115586
-0.115545
-0.115529
-0.115550
-0.115542
-0.115525
-0.115532
-0.095096
0.155065
-0.072811
-0.103434
-0.102318
-0.104388
-0.112947
-0.114119
-0.114750
-0.114027
-0.115059
-0.115258
-0.114852
-0.114789
-0.115231
-0.115164
-0.114937
-0.115307
-0.115366
-0.114895
-0.115329
-0.115325
-0.114814
-0.115234
-0.113326
-0.114405
-0.113742
-0.114069
-0.108458
-0.113253
-0.110913
-0.113978
-0.114729
-0.114240
-0.114376
-0.115450
-0.115385
-0.115255
-0.115537
-0.115464
-0.115323
-0.115473
-0.115563
-0.115404
-0.115454
-0.115603
-0.115462
-0.115429
-0.115634
-0.115507
-0.115398
-0.115512
-0.115566
-0.115470
-0.115568
-0.115236
-0.115254
-0.113950
-0.114533
-0.115178
-0.115547
-0.115613
-0.115555
-0.115428
-0.115457
-0.115580
-0.115602
-0.115494
-0.115554
-0.115601
-0.115524
-0.115534
-0.115596
-0.115542
-0.115522
-0.115580
-0.115558
-0.115519
-0.115568
-0.115561
-0.115471
-0.115546
-0.115444
-0.115502
-0.115356
-0.115389
-0.115299
-0.115478
-0.115448
-0.115528
-0.115561
-0.115520
-0.115563
-0.115602
-0.115572
-0.115561
-0.115587
-0.115581
-0.115569
-0.115575
-0.115397
-0.073889
-0.080644
-0.022038
-0.110743
-0.105825
-0.114834
-0.114883
-0.115226
-0.115148
-0.115126
-0.115372
-0.115506
-0.115155
-0.115209
-0.115626
-0.115258
-0.115116
-0.115414
-0.115266
-0.114989
-0.115217
-0.115347
-0.114222
-0.114474
-0.114060
-0.108686
-0.112695
-0.114055
-0.115029
-0.114679
-0.114845
-0.110368
-0.114106
-0.114919
-0.114949
-0.115170
-0.115703
-0.115308
-0.115310
-0.115604
-0.115479
-0.115362
-0.115563
-0.115576
-0.115411
-0.115504
-0.115647
-0.115434
-0.115441
-0.115607
-0.115468
-0.115202
-0.115299
-0.115020
-0.114663
-0.114944
-0.115097
-0.115285
-0.115262
-0.115129
-0.114788
-0.115109
-0.115591
-0.115563
-0.115463
-0.115544
-0.115669
-0.115531
-0.115534
-0.115649
-0.115570
-0.115527
-0.115615
-0.115600
-0.115520
-0.115577
-0.115625
-0.115512
-0.115519
-0.115640
-0.115411
-0.115321
-0.115357
-0.115607
-0.115638
-0.115571
-0.115583
-0.115471
-0.115501
-0.115505
-0.115570
-0.115641
-0.115603
-0.115635
-0.115654
-0.115624
-0.115630
-0.115646
-0.115637
