-1.205112
1.894264
3.161042
-7.368002
-0.117838
-0.117831
0.091609
1.050258
4.687886
-2.303274
-0.117831
-0.117826
2.651901
1.490138
7.521003
-3.395291
-0.117837
-0.117822
-0.326171
2.373550
7.087141
-5.194227
-0.117834
-0.117833
-0.090995
5.336376
10.959299
-9.278166
-0.117834
-0.117836
-0.154828
1.572845
3.367483
-3.607383
-0.117834
-0.117835
11.059329
-0.117176
11.060714
11.058164
-0.117833
-0.117836
7.968236
3.136490
13.460493
3.280487
-0.117834
-0.117837
0.964165
0.639717
0.391293
0.457608
0.283690
0.048533
0.366547
0.125874
0.088299
0.047966
0.027859
0.051407
-0.049068
0.133873
0.021854
0.047724
0.072383
-0.095537
-0.014250
-0.082578
-0.085305
-0.074857
-0.071616
-0.088939
-0.011367
-0.070485
-0.001752
-0.014151
-0.042516
0.005794
-0.108766
-0.034804
-0.091111
-0.085726
-0.093173
-0.105158
-0.110049
-0.090904
-0.104269
-0.085219
-0.079689
-0.098151
-0.069077
-0.100348
-0.098532
-0.100130
-0.112539
-0.105296
-0.105070
-0.092843
-0.109119
-0.102788
-0.103580
-0.112413
-0.115796
-0.116619
-0.111083
-0.111873
-0.110734
-0.110788
-0.115787
-0.107788
-0.107819
-0.113373
-0.109164
-0.112014
-0.110665
-0.116709
-0.106666
-0.109577
-0.108154
-0.101599
-0.115461
-0.108107
-0.111595
-0.113915
-0.113716
-0.114905
-0.115738
-0.109960
-0.110150
-0.111368
-0.105835
-0.114069
-0.102375
-0.114291
-0.106966
-0.112246
-0.111586
-0.111988
-0.116615
-0.116007
-0.115418
-0.114124
-0.114866
-0.109901
-0.113992
-0.109365
-0.111695
-0.114924
0.090841
0.329737
0.255503
0.041469
-0.040613
0.040677
0.046726
0.002459
0.039996
-0.077756
0.075874
0.044854
-0.025622
0.081787
0.006302
0.007007
0.055366
-0.082699
-0.018003
-0.066540
-0.065707
-0.054983
-0.099097
-0.061481
-0.097502
-0.080681
-0.072088
-0.101467
-0.097911
-0.083104
-0.090187
-0.108863
-0.085121
-0.101621
-0.095881
-0.091149
-0.107942
-0.088616
-0.110854
-0.081977
-0.087900
-0.098016
-0.082986
-0.100832
-0.096638
-0.094583
-0.111742
-0.102632
-0.108651
-0.111846
-0.110455
-0.116423
-0.112885
-0.111298
-0.112772
-0.117257
-0.117010
-0.114824
-0.115513
-0.114067
-0.113003
-0.111397
-0.114394
-0.111813
-0.115581
-0.110060
-0.108889
-0.114253
-0.106515
-0.108605
-0.110724
-0.104140
-0.112463
-0.109032
-0.109788
-0.115127
-0.110361
-0.116235
-0.112655
-0.114296
-0.115370
-0.112450
-0.115730
-0.115094
-0.114180
-0.115629
-0.116327
-0.113564
-0.115086
-0.116114
-0.114045
-0.116446
-0.113444
-0.115571
-0.113898
-0.113802
-0.114776
-0.113981
-0.115179
-0.114950
2.650083
0.269173
0.310671
0.011346
0.403634
0.414279
0.103260
0.169274
0.181356
0.080681
-0.067454
0.007794
-0.009590
-0.047457
-0.039192
-0.018249
-0.085200
-0.039065
-0.026910
-0.078179
-0.054605
-0.044496
-0.087028
-0.068252
-0.035345
-0.103502
-0.034616
-0.054513
-0.070659
-0.036392
-0.112919
-0.059266
-0.082709
-0.104267
-0.084590
-0.096230
-0.101632
-0.089161
-0.091411
-0.111599
-0.094780
-0.106819
-0.099573
-0.101542
-0.105894
-0.114533
-0.101309
-0.100281
-0.103144
-0.109468
-0.099420
-0.100042
-0.115032
-0.107101
-0.111080
-0.116105
-0.113075
-0.115057
-0.116150
-0.106815
-0.103389
-0.112395
-0.106982
-0.106374
-0.111656
-0.115090
-0.111144
-0.110848
-0.114223
-0.112657
-0.109614
-0.112384
-0.113262
-0.109998
-0.116976
-0.110959
-0.110904
-0.114968
-0.112958
-0.108908
-0.113754
-0.109810
-0.106800
-0.116161
-0.106056
-0.112814
-0.111548
-0.112431
-0.114663
-0.112039
-0.114824
-0.113320
-0.111969
-0.112793
-0.114069
-0.114675
-0.115059
-0.116048
-0.115227
-0.113546
0.089577
0.539273
0.958990
0.292545
0.511722
0.495854
-0.027588
0.255817
0.294868
-0.041808
0.194127
0.107792
-0.054385
0.075205
-0.036756
-0.032144
-0.009405
-0.094243
-0.063496
-0.066095
-0.103304
-0.074950
-0.090824
-0.095988
-0.091029
-0.107833
-0.107143
-0.112888
-0.114467
-0.110955
-0.112036
-0.104648
-0.106244
-0.106596
-0.100808
-0.109777
-0.103902
-0.102575
-0.114336
-0.099997
-0.103313
-0.110294
-0.095026
-0.107946
-0.100697
-0.093561
-0.111607
-0.096308
-0.099992
-0.112223
-0.100892
-0.103715
-0.114706
-0.110983
-0.115591
-0.114309
-0.114414
-0.112210
-0.112202
-0.112242
-0.109871
-0.116532
-0.109580
-0.107104
-0.114206
-0.107582
-0.108847
-0.115435
-0.110116
-0.113431
-0.114143
-0.112260
-0.116462
-0.114879
-0.114895
-0.117359
-0.115245
-0.116332
-0.116516
-0.115930
-0.117133
-0.117299
-0.116606
-0.116289
-0.117221
-0.117257
-0.117445
-0.117535
-0.116554
-0.115350
-0.115600
-0.115444
-0.114558
-0.117298
-0.113289
-0.113208
-0.117001
-0.111828
-0.113177
-0.115051
-0.089809
1.864786
2.774759
0.913376
0.714665
0.616942
-0.048188
0.176306
0.086708
0.038256
-0.055256
-0.039802
-0.025889
-0.039229
-0.070760
-0.043119
-0.092628
-0.053975
-0.073747
-0.095443
-0.068888
-0.088770
-0.100438
-0.087058
-0.105552
-0.101732
-0.104481
-0.109377
-0.108778
-0.109453
-0.106725
-0.113065
-0.103718
-0.110092
-0.108708
-0.103939
-0.111509
-0.108996
-0.105653
-0.115526
-0.108061
-0.112160
-0.110570
-0.109557
-0.112593
-0.114022
-0.109674
-0.111204
-0.110852
-0.111676
-0.105492
-0.103871
-0.111695
-0.096690
-0.109434
-0.111872
-0.111232
-0.104155
-0.107115
-0.109457
-0.105410
-0.116855
-0.110703
-0.112721
-0.113841
-0.115990
-0.116160
-0.115113
-0.115690
-0.116508
-0.115601
-0.116258
-0.116106
-0.116127
-0.117060
-0.115818
-0.116246
-0.116863
-0.116415
-0.116958
-0.116796
-0.117103
-0.116141
-0.115698
-0.116854
-0.114173
-0.116802
-0.114898
-0.115464
-0.116771
-0.116590
-0.115499
-0.115226
-0.116332
-0.115570
-0.115342
-0.115633
-0.116766
-0.115809
-0.116066
-0.080893
0.413045
0.708710
0.293534
0.170629
0.215398
0.118707
0.005975
-0.102268
-0.033896
-0.032219
-0.084729
-0.068452
-0.090433
-0.092851
-0.106651
-0.113069
-0.103539
-0.112185
-0.105613
-0.105736
-0.103300
-0.100622
-0.102003
-0.108013
-0.106509
-0.111097
-0.107990
-0.108329
-0.112747
-0.108892
-0.112633
-0.111839
-0.109784
-0.111488
-0.112618
-0.112431
-0.116558
-0.115629
-0.116520
-0.116082
-0.115214
-0.114577
-0.112298
-0.114853
-0.111694
-0.113408
-0.116424
-0.111910
-0.109929
-0.111978
-0.114525
-0.112912
-0.110365
-0.115109
-0.116495
-0.116749
-0.114624
-0.114881
-0.114373
-0.111844
-0.114023
-0.115880
-0.116500
-0.114790
-0.114586
-0.116456
-0.116362
-0.116189
-0.116822
-0.116763
-0.117150
-0.117128
-0.117348
-0.117367
-0.117354
-0.117231
-0.116860
-0.116963
-0.117012
-0.117002
-0.117605
-0.117020
-0.116765
-0.117629
-0.116564
-0.116739
-0.117501
-0.116936
-0.116839
-0.116756
-0.116984
-0.116024
-0.116990
-0.117720
-0.117005
-0.116363
-0.116708
-0.116984
-0.116607
-0.344723
0.024493
-0.018623
-0.511349
-0.117832
-0.117835
2.271142
0.410259
3.019143
1.447974
-0.117835
-0.117838
-0.179377
0.177283
0.252026
-0.659176
-0.117834
-0.117838
-0.111368
0.093835
0.286585
-0.412897
-0.117834
-0.117837
-0.179074
0.370319
0.436816
-1.076732
-0.117835
-0.117837
-0.106919
0.008255
0.122910
-0.328766
-0.117834
-0.117837
4.764858
0.771979
6.343490
3.187957
-0.117834
-0.117837
0.109513
-0.039125
-0.076804
-0.073201
-0.107929
-0.113551
-0.115886
-0.114882
-0.116008
-0.114386
-0.116923
-0.116348
-0.116264
-0.113462
-0.117355
-0.115124
-0.117328
-0.117470
-0.117235
-0.116140
-0.117107
-0.117299
-0.117475
-0.116607
-0.116171
-0.114510
-0.115859
-0.115385
-0.117275
-0.116039
-0.116355
-0.114910
-0.116571
-0.117724
-0.117575
-0.117560
-0.117550
-0.117168
-0.117551
-0.117608
-0.117462
-0.116955
-0.117484
-0.117470
-0.117795
-0.117671
-0.117627
-0.117619
-0.117649
-0.117747
-0.117710
-0.117313
-0.117419
-0.117144
-0.117528
-0.117367
-0.117497
-0.117451
-0.117467
-0.117093
-0.117511
-0.117730
-0.117705
-0.117672
-0.117739
-0.117703
-0.117774
-0.117700
-0.117770
-0.117653
-0.117656
-0.117788
-0.117701
-0.117779
-0.117774
-0.117654
-0.117664
-0.117755
-0.117801
-0.117660
-0.117522
-0.117695
-0.117722
-0.117591
-0.117762
-0.117718
-0.117812
-0.117466
-0.117625
-0.117700
-0.117771
-0.117659
-0.117812
-0.117761
-0.117755
-0.117741
-0.117771
-0.117707
-0.117799
-0.117776
2.275215
-0.098669
0.250371
-0.114043
-0.061568
-0.105386
-0.111283
-0.113396
-0.110324
-0.111938
-0.113748
-0.115234
-0.116559
-0.115154
-0.114908
-0.116512
-0.114630
-0.116084
-0.114760
-0.114200
-0.115245
-0.114813
-0.114591
-0.114335
-0.112630
-0.117643
-0.098047
-0.116501
-0.114695
-0.115415
-0.100589
-0.115847
-0.113430
-0.116210
-0.116885
-0.117011
-0.116644
-0.117083
-0.117375
-0.116706
-0.116198
-0.116961
-0.116767
-0.116378
-0.116614
-0.117102
-0.117412
-0.117054
-0.117074
-0.117595
-0.117718
-0.117428
-0.116152
-0.116132
-0.114400
-0.116811
-0.117020
-0.117280
-0.114852
-0.117189
-0.115862
-0.116287
-0.116812
-0.116426
-0.116301
-0.116472
-0.116852
-0.116965
-0.117084
-0.117025
-0.117287
-0.117458
-0.117330
-0.117062
-0.116865
-0.116830
-0.116950
-0.116758
-0.116573
-0.116456
-0.117381
-0.116695
-0.117029
-0.116775
-0.116725
-0.117189
-0.115763
-0.116981
-0.116932
-0.117093
-0.116820
-0.117244
-0.117264
-0.117505
-0.117296
-0.117241
-0.117024
-0.116982
-0.116874
-0.116870
-0.055189
-0.086041
0.085011
-0.115145
-0.089866
-0.110122
-0.113514
-0.114687
-0.114784
-0.113916
-0.115410
-0.114957
-0.115980
-0.115290
-0.115498
-0.116201
-0.116025
-0.116444
-0.115546
-0.115970
-0.116139
-0.116417
-0.115999
-0.116016
-0.112061
-0.115249
-0.104819
-0.115100
-0.116741
-0.116991
-0.108980
-0.117670
-0.116177
-0.116959
-0.117066
-0.117123
-0.117504
-0.117682
-0.117308
-0.117262
-0.117307
-0.117508
-0.117381
-0.117250
-0.117368
-0.117387
-0.117615
-0.117524
-0.117418
-0.117383
-0.117513
-0.117653
-0.117248
-0.116865
-0.115888
-0.117417
-0.116991
-0.116520
-0.116080
-0.116673
-0.116840
-0.117023
-0.117290
-0.117246
-0.117120
-0.117075
-0.117197
-0.117227
-0.117179
-0.117140
-0.117200
-0.117260
-0.117188
-0.117170
-0.117119
-0.117168
-0.117198
-0.117180
-0.117050
-0.117137
-0.116886
-0.117541
-0.116542
-0.117354
-0.117443
-0.117225
-0.117194
-0.117096
-0.117302
-0.117110
-0.117179
-0.117015
-0.117348
-0.117300
-0.117361
-0.117329
-0.117353
-0.117332
-0.117306
-0.117314
-0.110460
-0.064478
0.020492
-0.109543
-0.105293
-0.112229
-0.117191
-0.116301
-0.116490
-0.116174
-0.116965
-0.117204
-0.117192
-0.117013
-0.117243
-0.117496
-0.117693
-0.117453
-0.116929
-0.116843
-0.117090
-0.117248
-0.116446
-0.116418
-0.114851
-0.116660
-0.110467
-0.116603
-0.117384
-0.116668
-0.111689
-0.117136
-0.117198
-0.116883
-0.117552
-0.117581
-0.117409
-0.117407
-0.117701
-0.117631
-0.117527
-0.117599
-0.117808
-0.117663
-0.117619
-0.117739
-0.117700
-0.117642
-0.117700
-0.117699
-0.117474
-0.117495
-0.117282
-0.117183
-0.116691
-0.117614
-0.117594
-0.117603
-0.116654
-0.117247
-0.117341
-0.117215
-0.117509
-0.117449
-0.117442
-0.117443
-0.117571
-0.117622
-0.117601
-0.117585
-0.117627
-0.117680
-0.117683
-0.117599
-0.117527
-0.117536
-0.117586
-0.117518
-0.117389
-0.117432
-0.117425
-0.117625
-0.117410
-0.117682
-0.117589
-0.117607
-0.117092
-0.117569
-0.117639
-0.117551
-0.117578
-0.117545
-0.117706
-0.117722
-0.117691
-0.117696
-0.117656
-0.117628
-0.117600
-0.117603
-0.056492
0.217851
-0.055941
-0.078943
-0.103816
-0.107690
-0.114925
-0.114842
-0.115366
-0.115642
-0.117057
-0.116579
-0.116666
-0.116816
-0.117304
-0.117401
-0.117292
-0.117229
-0.117465
-0.117215
-0.117680
-0.117240
-0.116662
-0.116013
-0.115992
-0.115079
-0.115043
-0.108422
-0.115425
-0.111866
-0.115516
-0.114738
-0.116071
-0.116306
-0.117370
-0.117218
-0.117069
-0.117194
-0.117440
-0.117543
-0.117459
-0.117415
-0.117517
-0.117662
-0.117693
-0.117535
-0.117482
-0.117422
-0.117588
-0.117542
-0.117268
-0.117218
-0.117120
-0.117284
-0.117250
-0.115652
-0.116948
-0.116703
-0.117496
-0.117129
-0.117278
-0.117399
-0.117676
-0.117810
-0.117751
-0.117764
-0.117764
-0.117758
-0.117780
-0.117803
-0.117725
-0.117694
-0.117714
-0.117771
-0.117715
-0.117669
-0.117700
-0.117801
-0.117695
-0.117667
-0.117591
-0.117800
-0.117764
-0.116925
-0.117081
-0.117712
-0.117646
-0.117452
-0.117336
-0.117558
-0.117737
-0.117721
-0.117664
-0.117648
-0.117676
-0.117719
-0.117749
-0.117754
-0.117783
-0.117786
-0.105892
-0.074811
-0.104704
-0.042164
-0.110252
-0.107466
-0.114953
-0.116443
-0.116734
-0.116295
-0.116784
-0.116937
-0.117287
-0.117099
-0.117087
-0.117252
-0.117541
-0.117526
-0.117420
-0.117704
-0.117652
-0.117440
-0.117328
-0.116016
-0.117810
-0.111153
-0.116106
-0.117001
-0.117195
-0.116382
-0.117627
-0.113486
-0.117197
-0.116532
-0.117130
-0.117400
-0.117551
-0.117476
-0.117476
-0.117542
-0.117719
-0.117719
-0.117696
-0.117737
-0.117765
-0.117726
-0.117723
-0.117743
-0.117635
-0.117525
-0.117503
-0.117545
-0.117601
-0.116617
-0.117395
-0.117636
-0.117481
-0.117302
-0.117597
-0.116779
-0.117536
-0.117541
-0.117658
-0.117769
-0.117782
-0.117734
-0.117721
-0.117755
-0.117721
-0.117674
-0.117675
-0.117715
-0.117706
-0.117678
-0.117673
-0.117733
-0.117757
-0.117714
-0.117694
-0.117670
-0.117658
-0.117334
-0.117550
-0.117665
-0.117742
-0.117682
-0.117629
-0.117573
-0.117677
-0.117543
-0.117556
-0.117727
-0.117598
-0.117686
-0.117696
-0.117714
-0.117741
-0.117763
-0.117788
-0.117807
