-1.112443
1.851944
1.256338
-7.095999
-0.120627
-0.120618
0.063577
1.136570
3.540725
-3.446763
-0.120622
-0.120620
2.672754
1.595595
8.281267
-3.234489
-0.120625
-0.120613
-0.459654
2.151115
5.524766
-4.827718
-0.120622
-0.120623
-0.192127
5.452940
11.517211
-8.985562
-0.120623
-0.120625
-0.056663
1.608610
4.091338
-3.575602
-0.120623
-0.120623
10.998413
-0.120021
10.999883
10.997600
-0.120622
-0.120624
8.024607
3.339475
13.989237
3.113341
-0.120623
-0.120627
0.864258
0.650555
0.352279
0.449034
0.347790
0.002692
0.370269
0.172780
-0.013795
0.055406
-0.071631
0.007317
-0.055384
0.027585
0.104604
-0.077579
0.020134
0.033991
-0.089995
-0.065919
-0.069211
-0.055022
-0.070092
-0.075562
-0.044650
-0.084819
-0.058068
-0.060336
-0.076927
-0.072523
-0.064770
-0.093318
-0.076629
-0.088479
-0.098775
-0.097665
-0.110795
-0.087060
-0.101381
-0.102048
-0.069735
-0.105244
-0.099237
-0.085747
-0.105815
-0.111553
-0.108652
-0.118507
-0.110759
-0.111388
-0.103661
-0.111129
-0.118468
-0.106632
-0.107157
-0.111805
-0.114815
-0.118803
-0.114604
-0.115951
-0.108125
-0.106116
-0.115054
-0.107098
-0.114620
-0.118671
-0.118225
-0.114616
-0.116351
-0.117050
-0.107956
-0.111940
-0.115408
-0.111857
-0.110971
-0.113717
-0.118873
-0.111194
-0.113600
-0.119414
-0.114476
-0.116112
-0.114479
-0.113782
-0.116985
-0.113071
-0.114413
-0.116473
-0.112998
-0.118484
-0.116673
-0.114455
-0.119017
-0.118651
-0.115251
-0.119377
-0.114186
-0.114181
-0.116842
-0.114221
0.061066
0.304857
0.194635
0.051425
-0.039676
-0.026547
0.044938
0.096430
0.069352
0.090350
0.080488
0.073598
0.054628
0.074824
0.026600
0.041897
0.047076
-0.027919
0.016064
0.010059
-0.095050
-0.044244
-0.076384
-0.088399
-0.089668
-0.075871
-0.064890
-0.072379
-0.056272
-0.086906
-0.096356
-0.085055
-0.116234
-0.101177
-0.095478
-0.092317
-0.087967
-0.074219
-0.092300
-0.107487
-0.076815
-0.103719
-0.118981
-0.086074
-0.111505
-0.113082
-0.101102
-0.117625
-0.108086
-0.114718
-0.109032
-0.100866
-0.114602
-0.110393
-0.107558
-0.111379
-0.113841
-0.115045
-0.116621
-0.114519
-0.112084
-0.112076
-0.115270
-0.106774
-0.103906
-0.113058
-0.106786
-0.105239
-0.116956
-0.108807
-0.108252
-0.117174
-0.111997
-0.110826
-0.116666
-0.115682
-0.114979
-0.117824
-0.117549
-0.114391
-0.115818
-0.113758
-0.112229
-0.115809
-0.116512
-0.116033
-0.119100
-0.119250
-0.116046
-0.115922
-0.116867
-0.112116
-0.112559
-0.116727
-0.112867
-0.115647
-0.119595
-0.117639
-0.117177
-0.117790
2.670613
0.272391
0.362859
0.008742
0.354949
0.453165
0.188111
0.108969
0.159102
0.145757
-0.013470
-0.053499
0.056749
-0.050851
-0.083604
0.013661
-0.055829
-0.078054
0.034923
-0.033003
-0.042589
0.023188
-0.029274
-0.062530
-0.000001
-0.058604
-0.063744
-0.015128
-0.095249
-0.052110
-0.046426
-0.099363
-0.061950
-0.078793
-0.092015
-0.080317
-0.098196
-0.110017
-0.096271
-0.105318
-0.105254
-0.106069
-0.097059
-0.108831
-0.108920
-0.099550
-0.116041
-0.114282
-0.099407
-0.098297
-0.106953
-0.100561
-0.098625
-0.106251
-0.114189
-0.114065
-0.116321
-0.114465
-0.117616
-0.113767
-0.118316
-0.107135
-0.106064
-0.112716
-0.110339
-0.106906
-0.107340
-0.114183
-0.113286
-0.108077
-0.116599
-0.112683
-0.108025
-0.117383
-0.108619
-0.107721
-0.113528
-0.108738
-0.108932
-0.114189
-0.111697
-0.111108
-0.119181
-0.112917
-0.114776
-0.117416
-0.112848
-0.117715
-0.116520
-0.115133
-0.119047
-0.118464
-0.116673
-0.115987
-0.114585
-0.115155
-0.111675
-0.114998
-0.114751
-0.112385
0.222719
0.424317
0.910764
0.192056
0.318389
0.517726
0.038295
0.182926
0.318755
-0.063170
0.108463
0.142373
-0.028935
-0.014156
-0.013845
0.009731
-0.060987
-0.090827
-0.024926
-0.088812
-0.109946
-0.072562
-0.115303
-0.103564
-0.101514
-0.115632
-0.098229
-0.107711
-0.108904
-0.098417
-0.106365
-0.107064
-0.095704
-0.108586
-0.102597
-0.093627
-0.109577
-0.100444
-0.097064
-0.107127
-0.105703
-0.105164
-0.097949
-0.101366
-0.106160
-0.097940
-0.098170
-0.108292
-0.107020
-0.105735
-0.117246
-0.112679
-0.111494
-0.114438
-0.116736
-0.117116
-0.111571
-0.115149
-0.116129
-0.108110
-0.114682
-0.111157
-0.108770
-0.114697
-0.109686
-0.111461
-0.115173
-0.111627
-0.118065
-0.112277
-0.115702
-0.116534
-0.111716
-0.117384
-0.115370
-0.116513
-0.116643
-0.116329
-0.118597
-0.116753
-0.115269
-0.116583
-0.117957
-0.114782
-0.115294
-0.119677
-0.114544
-0.114768
-0.119911
-0.114297
-0.115334
-0.117468
-0.115903
-0.115415
-0.116749
-0.118832
-0.116317
-0.116882
-0.117669
-0.115467
-0.023950
1.615622
2.952620
0.971365
0.478338
0.871293
0.152992
0.057965
0.158006
0.273954
-0.037913
-0.017243
0.113901
-0.107630
0.022512
0.032810
-0.075930
-0.072806
0.013886
-0.085170
-0.087744
-0.043854
-0.114703
-0.089819
-0.084936
-0.082901
-0.091746
-0.116026
-0.087354
-0.084531
-0.092248
-0.086913
-0.093489
-0.078406
-0.083295
-0.099867
-0.078846
-0.087862
-0.094941
-0.083975
-0.086616
-0.100987
-0.095895
-0.087951
-0.102369
-0.096410
-0.095878
-0.101211
-0.108974
-0.090000
-0.108868
-0.114141
-0.084626
-0.097496
-0.097451
-0.105538
-0.096000
-0.102015
-0.108550
-0.087124
-0.100941
-0.107975
-0.096760
-0.094391
-0.101661
-0.106717
-0.097434
-0.103541
-0.105591
-0.099570
-0.105497
-0.106122
-0.103416
-0.105651
-0.108312
-0.104960
-0.106042
-0.105312
-0.106531
-0.104516
-0.104770
-0.107759
-0.104525
-0.103180
-0.103637
-0.105999
-0.103055
-0.102644
-0.106040
-0.103893
-0.102614
-0.104094
-0.107772
-0.104388
-0.103463
-0.108181
-0.105532
-0.104718
-0.107799
-0.107504
-0.063222
0.269787
0.616402
0.443576
0.021753
0.192300
0.259977
0.138976
0.029139
0.042409
0.051444
-0.002210
0.014924
-0.010007
-0.067652
-0.031087
-0.080832
-0.102693
-0.070890
-0.085721
-0.113135
-0.091932
-0.089550
-0.106423
-0.102711
-0.098687
-0.102572
-0.112754
-0.105548
-0.107362
-0.111841
-0.114796
-0.108769
-0.112095
-0.115105
-0.108222
-0.114924
-0.112766
-0.107783
-0.115040
-0.110803
-0.104023
-0.117295
-0.105790
-0.105325
-0.118540
-0.104644
-0.111580
-0.113285
-0.109066
-0.114448
-0.105421
-0.116842
-0.109237
-0.109248
-0.120063
-0.110069
-0.112784
-0.118106
-0.107524
-0.117666
-0.118185
-0.107136
-0.116960
-0.111284
-0.112755
-0.119835
-0.111436
-0.115380
-0.116779
-0.113303
-0.115065
-0.114959
-0.114754
-0.114422
-0.115282
-0.114390
-0.114800
-0.115406
-0.115245
-0.115729
-0.114262
-0.117318
-0.115428
-0.114599
-0.117675
-0.115090
-0.115274
-0.118308
-0.113933
-0.115581
-0.118200
-0.113263
-0.116450
-0.115912
-0.114428
-0.115732
-0.115287
-0.114563
-0.114861
-0.298884
0.027910
0.002846
-0.487372
-0.120621
-0.120625
2.191110
0.444323
3.078215
1.314847
-0.120623
-0.120627
-0.186103
0.178471
0.295684
-0.683950
-0.120623
-0.120627
-0.164076
0.139544
0.251836
-0.577089
-0.120623
-0.120627
-0.128287
0.227228
0.461245
-0.759836
-0.120623
-0.120626
-0.147736
0.013220
0.123770
-0.344690
-0.120623
-0.120626
4.828569
0.948431
6.600370
3.194308
-0.120623
-0.120626
0.058022
-0.049986
-0.095833
-0.069135
-0.069910
-0.118155
-0.113061
-0.115974
-0.118771
-0.119031
-0.119900
-0.119309
-0.119004
-0.120004
-0.119603
-0.119234
-0.119299
-0.119691
-0.119136
-0.120489
-0.120187
-0.119629
-0.120133
-0.119879
-0.120150
-0.120392
-0.120123
-0.119859
-0.120302
-0.120598
-0.119855
-0.120008
-0.120295
-0.118984
-0.116105
-0.119054
-0.119399
-0.118581
-0.120359
-0.120234
-0.118524
-0.117855
-0.118521
-0.119316
-0.119294
-0.120053
-0.120438
-0.120139
-0.120343
-0.120404
-0.120303
-0.120471
-0.120461
-0.120286
-0.120284
-0.120463
-0.120357
-0.120405
-0.120434
-0.120319
-0.120558
-0.120401
-0.120471
-0.120533
-0.120388
-0.120373
-0.120493
-0.120518
-0.120290
-0.120488
-0.120309
-0.120115
-0.119905
-0.120334
-0.120116
-0.120230
-0.120409
-0.120530
-0.120031
-0.120180
-0.120524
-0.119714
-0.120086
-0.120472
-0.120456
-0.120509
-0.120456
-0.120584
-0.120464
-0.120372
-0.120463
-0.120341
-0.120374
-0.120525
-0.120419
-0.120454
-0.120487
-0.120426
-0.120475
-0.120483
2.194661
-0.057633
-0.001911
0.243223
-0.067832
-0.053952
-0.097278
-0.109589
-0.106141
-0.113258
-0.114862
-0.116263
-0.111861
-0.114737
-0.116160
-0.118172
-0.116951
-0.116176
-0.116342
-0.115067
-0.118958
-0.117709
-0.117348
-0.117821
-0.117920
-0.117593
-0.117433
-0.118788
-0.117496
-0.117491
-0.118785
-0.119395
-0.116005
-0.110427
-0.118119
-0.104711
-0.108759
-0.115344
-0.118506
-0.117065
-0.119115
-0.100822
-0.118645
-0.117671
-0.118049
-0.118095
-0.118408
-0.118895
-0.119328
-0.119466
-0.118353
-0.118810
-0.118522
-0.119941
-0.119419
-0.119181
-0.119054
-0.119127
-0.119618
-0.119454
-0.119561
-0.119267
-0.119070
-0.119365
-0.119765
-0.119638
-0.119086
-0.119297
-0.120119
-0.120067
-0.118782
-0.118647
-0.119396
-0.119109
-0.116350
-0.118612
-0.119381
-0.118444
-0.119041
-0.115507
-0.120402
-0.120223
-0.119737
-0.118209
-0.119336
-0.118977
-0.119593
-0.119471
-0.118125
-0.119525
-0.118927
-0.120158
-0.119448
-0.119814
-0.119802
-0.119585
-0.119537
-0.119707
-0.119980
-0.119580
-0.055480
-0.104536
-0.049899
0.067045
-0.091441
-0.097120
-0.084995
-0.104270
-0.106323
-0.110889
-0.113493
-0.113810
-0.114327
-0.113957
-0.114408
-0.115586
-0.115757
-0.116531
-0.116325
-0.115128
-0.116947
-0.117562
-0.116957
-0.116857
-0.116894
-0.117502
-0.117805
-0.117445
-0.117458
-0.117126
-0.116882
-0.117283
-0.115083
-0.117465
-0.117649
-0.109666
-0.115600
-0.118597
-0.119387
-0.117758
-0.119422
-0.111599
-0.119127
-0.118493
-0.117643
-0.119091
-0.118796
-0.119469
-0.119573
-0.119390
-0.119270
-0.119087
-0.119426
-0.119550
-0.119231
-0.119472
-0.119457
-0.119190
-0.119437
-0.119557
-0.119395
-0.119320
-0.119354
-0.119485
-0.119486
-0.119364
-0.119320
-0.119262
-0.119349
-0.119495
-0.118874
-0.119671
-0.119740
-0.118144
-0.119587
-0.120210
-0.119401
-0.118974
-0.119680
-0.118589
-0.120049
-0.119356
-0.119790
-0.119897
-0.119581
-0.119542
-0.119590
-0.119882
-0.119954
-0.119337
-0.119996
-0.119935
-0.119429
-0.119826
-0.119749
-0.119580
-0.119635
-0.119697
-0.119689
-0.119665
-0.078467
-0.088493
-0.043007
0.034135
-0.080373
-0.096655
-0.107094
-0.111380
-0.113045
-0.116471
-0.116880
-0.118056
-0.117797
-0.117664
-0.118498
-0.118553
-0.118519
-0.118812
-0.119165
-0.119063
-0.118895
-0.119071
-0.119285
-0.119301
-0.119357
-0.119177
-0.119123
-0.119349
-0.119427
-0.119501
-0.118592
-0.118386
-0.118427
-0.117408
-0.116566
-0.113306
-0.115174
-0.118141
-0.119582
-0.118670
-0.118821
-0.112525
-0.118650
-0.119466
-0.119987
-0.120003
-0.119886
-0.120239
-0.120252
-0.120298
-0.120229
-0.120030
-0.120423
-0.120174
-0.120085
-0.120258
-0.120288
-0.120173
-0.120114
-0.120180
-0.120178
-0.120178
-0.120221
-0.120158
-0.120066
-0.120137
-0.120218
-0.120191
-0.119946
-0.119915
-0.119999
-0.119805
-0.119561
-0.119488
-0.119181
-0.120140
-0.119993
-0.119722
-0.120083
-0.118916
-0.120095
-0.120096
-0.120328
-0.120183
-0.120265
-0.120269
-0.120190
-0.120515
-0.120157
-0.120189
-0.120248
-0.120214
-0.120203
-0.120250
-0.120232
-0.120284
-0.120296
-0.120268
-0.120213
-0.120277
-0.113791
0.062110
0.009130
-0.064128
-0.093422
-0.081966
-0.090802
-0.093529
-0.101506
-0.102387
-0.104633
-0.106194
-0.108150
-0.107721
-0.109088
-0.110411
-0.110772
-0.111175
-0.111729
-0.112317
-0.112854
-0.113114
-0.113297
-0.113771
-0.113980
-0.114144
-0.114857
-0.114744
-0.114889
-0.114863
-0.115510
-0.114530
-0.116252
-0.114779
-0.116130
-0.116693
-0.116331
-0.115797
-0.117475
-0.119647
-0.113230
-0.115724
-0.117501
-0.115878
-0.115825
-0.116423
-0.116609
-0.116778
-0.116780
-0.116841
-0.117172
-0.116964
-0.117095
-0.117255
-0.117317
-0.117233
-0.117335
-0.117387
-0.117478
-0.117512
-0.117511
-0.117563
-0.117602
-0.117634
-0.117747
-0.117729
-0.117705
-0.117657
-0.117850
-0.117661
-0.118118
-0.117623
-0.117915
-0.118246
-0.118520
-0.118056
-0.117727
-0.118491
-0.117051
-0.117791
-0.118018
-0.117764
-0.117740
-0.117929
-0.117672
-0.118200
-0.117808
-0.117913
-0.118350
-0.118181
-0.118071
-0.118013
-0.118210
-0.118032
-0.118132
-0.118055
-0.118098
-0.118134
-0.118139
-0.118115
-0.093176
-0.100760
-0.110653
-0.108593
-0.033105
-0.105366
-0.110795
-0.108450
-0.117464
-0.118345
-0.118307
-0.118503
-0.119024
-0.119748
-0.119637
-0.119452
-0.119645
-0.119737
-0.120079
-0.120262
-0.119921
-0.119881
-0.120173
-0.120402
-0.120354
-0.119903
-0.119926
-0.120429
-0.120476
-0.119936
-0.119650
-0.119850
-0.118821
-0.120439
-0.112549
-0.119603
-0.119612
-0.120413
-0.120230
-0.119866
-0.119778
-0.120169
-0.116542
-0.117811
-0.118702
-0.119153
-0.120433
-0.120273
-0.119947
-0.120045
-0.120287
-0.120357
-0.120204
-0.120348
-0.120118
-0.120217
-0.120364
-0.120450
-0.120278
-0.120236
-0.120378
-0.120465
-0.120379
-0.120260
-0.120328
-0.120360
-0.120393
-0.120362
-0.120314
-0.120331
-0.119730
-0.120368
-0.119044
-0.120188
-0.120289
-0.120444
-0.120320
-0.120346
-0.120328
-0.120367
-0.120179
-0.119176
-0.120057
-0.120152
-0.120501
-0.120447
-0.120268
-0.120353
-0.120494
-0.120364
-0.120044
-0.120466
-0.120074
-0.120297
-0.120400
-0.120454
-0.120382
-0.120367
-0.120420
-0.120404
