-1.225207
1.899369
2.804505
-7.453044
-0.114948
-0.114942
0.055372
1.271202
5.198161
-2.607175
-0.114941
-0.114936
2.508710
1.498298
6.519006
-3.874355
-0.114948
-0.114934
-0.386651
2.571110
7.784820
-7.022733
-0.114944
-0.114942
-0.093705
5.523653
11.116257
-9.351952
-0.114945
-0.114946
-0.120954
1.735845
3.615191
-3.829380
-0.114945
-0.114945
10.666779
-0.114241
10.667779
10.665320
-0.114946
-0.114946
8.104289
2.747664
13.027818
3.122332
-0.114944
-0.114947
0.990318
0.600759
0.412599
0.528528
0.235524
0.255071
0.360997
0.058169
0.155201
0.052572
0.117632
0.026512
0.130768
-0.017742
0.007660
-0.028501
-0.066326
-0.099216
-0.065283
-0.066073
-0.096301
-0.069813
-0.044213
-0.093267
-0.066549
-0.090564
-0.086307
-0.090863
-0.082698
-0.067555
-0.099123
-0.093512
-0.090784
-0.104289
-0.101544
-0.097846
-0.097001
-0.101395
-0.087319
-0.079433
-0.098414
-0.086422
-0.097952
-0.097916
-0.102237
-0.088577
-0.108464
-0.094515
-0.102218
-0.110708
-0.106600
-0.112674
-0.111964
-0.105650
-0.103657
-0.110839
-0.101678
-0.101883
-0.107216
-0.105300
-0.107595
-0.106329
-0.105071
-0.102210
-0.111733
-0.104456
-0.111444
-0.110211
-0.113960
-0.109199
-0.111066
-0.112986
-0.109150
-0.109716
-0.112281
-0.108957
-0.113297
-0.110735
-0.113806
-0.109189
-0.109124
-0.112299
-0.111256
-0.111636
-0.113950
-0.112928
-0.112168
-0.110902
-0.114345
-0.108211
-0.111194
-0.109063
-0.110372
-0.110113
-0.111649
-0.110361
-0.109968
-0.113410
-0.110259
-0.112431
0.054590
0.340222
0.234705
0.051076
-0.091243
0.027572
0.031804
0.160341
0.048436
0.182980
0.130908
0.082850
0.172152
0.040797
0.129272
0.040302
0.012513
-0.010922
-0.090491
-0.041362
-0.053490
-0.062881
-0.035090
-0.066174
-0.071146
-0.090313
-0.091265
-0.088835
-0.074053
-0.067343
-0.089691
-0.074690
-0.091308
-0.099908
-0.080851
-0.089287
-0.070041
-0.068659
-0.079430
-0.068090
-0.091529
-0.077101
-0.091093
-0.092803
-0.091290
-0.110443
-0.108906
-0.112716
-0.110979
-0.110651
-0.111553
-0.112522
-0.111294
-0.109873
-0.112561
-0.112986
-0.110001
-0.109648
-0.107924
-0.106618
-0.098978
-0.106191
-0.100327
-0.100225
-0.104216
-0.097970
-0.105315
-0.102620
-0.107149
-0.110483
-0.107873
-0.111785
-0.108468
-0.107840
-0.111102
-0.109832
-0.113198
-0.111614
-0.112574
-0.108601
-0.109132
-0.109729
-0.107056
-0.112082
-0.109584
-0.110280
-0.111772
-0.107218
-0.109803
-0.107901
-0.107286
-0.110150
-0.107766
-0.112215
-0.110189
-0.111092
-0.114827
-0.114482
-0.114748
-0.114437
2.507031
0.290589
0.272963
0.143848
0.520062
0.284141
0.124586
0.196532
0.120395
-0.025111
-0.020406
0.002081
-0.082549
-0.017569
0.005797
-0.039401
0.027214
-0.000974
-0.046999
-0.024642
-0.072743
-0.059953
-0.045194
-0.100092
-0.050605
-0.085970
-0.068794
-0.074114
-0.090321
-0.065184
-0.099005
-0.082878
-0.080110
-0.094717
-0.073145
-0.081589
-0.092142
-0.083894
-0.107208
-0.099969
-0.100381
-0.112245
-0.100120
-0.098737
-0.099814
-0.105099
-0.094049
-0.094859
-0.111238
-0.105526
-0.111365
-0.113632
-0.113289
-0.112920
-0.105652
-0.100563
-0.109518
-0.102839
-0.104439
-0.108956
-0.111251
-0.109137
-0.107890
-0.113811
-0.107838
-0.108997
-0.108611
-0.103837
-0.107995
-0.107176
-0.106887
-0.111893
-0.107981
-0.109046
-0.111311
-0.107929
-0.114522
-0.108125
-0.112523
-0.108579
-0.108882
-0.112002
-0.108444
-0.111013
-0.111130
-0.108226
-0.110942
-0.109672
-0.109319
-0.113510
-0.110686
-0.112517
-0.113307
-0.112289
-0.111387
-0.111609
-0.113485
-0.110286
-0.112633
-0.112751
0.155662
0.657496
0.887110
0.240292
0.800088
0.397383
0.219508
0.474402
0.140568
0.174188
0.127029
-0.059709
0.063676
-0.087157
0.033539
-0.024286
-0.033369
-0.029616
-0.084304
-0.059154
-0.071301
-0.099050
-0.082644
-0.106655
-0.096915
-0.106664
-0.102914
-0.105073
-0.104857
-0.099021
-0.106784
-0.094040
-0.098746
-0.099829
-0.092464
-0.099402
-0.092043
-0.092549
-0.105176
-0.094886
-0.112440
-0.091396
-0.102260
-0.089677
-0.086309
-0.105543
-0.093666
-0.099562
-0.107775
-0.105070
-0.112612
-0.113968
-0.113260
-0.111264
-0.106701
-0.103236
-0.108617
-0.102977
-0.101557
-0.107329
-0.102001
-0.107702
-0.109103
-0.109702
-0.111668
-0.108223
-0.111273
-0.109111
-0.110219
-0.112799
-0.110423
-0.113082
-0.113141
-0.112212
-0.114452
-0.113660
-0.114680
-0.113613
-0.114455
-0.113261
-0.113549
-0.113336
-0.111639
-0.113120
-0.112568
-0.111887
-0.113596
-0.112132
-0.113075
-0.112774
-0.112828
-0.112035
-0.110605
-0.112372
-0.107988
-0.110200
-0.111766
-0.110761
-0.113085
-0.111901
-0.092579
2.201887
2.815370
0.243043
0.999317
0.309481
0.246874
0.118886
0.135838
-0.007969
-0.049133
-0.007938
-0.045190
-0.046679
-0.039236
-0.054030
-0.025203
-0.096728
-0.055925
-0.083887
-0.100390
-0.100774
-0.094735
-0.106643
-0.093753
-0.102104
-0.096040
-0.100321
-0.101585
-0.107934
-0.109161
-0.113270
-0.102800
-0.103297
-0.109189
-0.096245
-0.111182
-0.105535
-0.107374
-0.105424
-0.107416
-0.113482
-0.106286
-0.102867
-0.107287
-0.109014
-0.102580
-0.100054
-0.099876
-0.093786
-0.111457
-0.110406
-0.105692
-0.103907
-0.109527
-0.097548
-0.110263
-0.107690
-0.111477
-0.109347
-0.113731
-0.111337
-0.111886
-0.111972
-0.111726
-0.113758
-0.112963
-0.111240
-0.112425
-0.112417
-0.112629
-0.113651
-0.113065
-0.114386
-0.114115
-0.112468
-0.113507
-0.112858
-0.114074
-0.114050
-0.112959
-0.114114
-0.113858
-0.112746
-0.113789
-0.112758
-0.113497
-0.114012
-0.112075
-0.113635
-0.114816
-0.113322
-0.112979
-0.113174
-0.112046
-0.111400
-0.112073
-0.110966
-0.113373
-0.113233
-0.108799
0.490932
0.864276
0.400121
0.091260
0.066042
0.025211
-0.047799
-0.066751
-0.071643
-0.079085
-0.068465
-0.096386
-0.102165
-0.093368
-0.102510
-0.089025
-0.091997
-0.109225
-0.098560
-0.091087
-0.100548
-0.102252
-0.099167
-0.096577
-0.102429
-0.095617
-0.101139
-0.107936
-0.103346
-0.108685
-0.107819
-0.107713
-0.109224
-0.109408
-0.112900
-0.109497
-0.110302
-0.111835
-0.110982
-0.112425
-0.109704
-0.108141
-0.109806
-0.109026
-0.107755
-0.108735
-0.110492
-0.108541
-0.109268
-0.114313
-0.113665
-0.112209
-0.109277
-0.112720
-0.112999
-0.112368
-0.114261
-0.113556
-0.112864
-0.113913
-0.112519
-0.112113
-0.114142
-0.113614
-0.114555
-0.114004
-0.113649
-0.113169
-0.114242
-0.113273
-0.113610
-0.114046
-0.113864
-0.113727
-0.114045
-0.113708
-0.113265
-0.114082
-0.113634
-0.113681
-0.114730
-0.113522
-0.114026
-0.114012
-0.114765
-0.114379
-0.113707
-0.114153
-0.114536
-0.114524
-0.114120
-0.113903
-0.113604
-0.114478
-0.114177
-0.113114
-0.114553
-0.114737
-0.113402
-0.311435
0.025984
-0.019620
-0.518019
-0.114943
-0.114946
2.131213
0.439195
2.937961
1.300200
-0.114945
-0.114948
-0.159006
0.184031
0.264954
-0.660224
-0.114945
-0.114948
-0.145688
0.075179
0.190749
-0.379395
-0.114944
-0.114948
-0.135560
0.221176
0.407042
-0.695286
-0.114945
-0.114947
-0.153422
0.014191
0.061371
-0.389453
-0.114945
-0.114948
4.794391
0.843522
6.387760
3.219262
-0.114945
-0.114948
0.081661
-0.042888
-0.075568
-0.060744
-0.107246
-0.109113
-0.114416
-0.114069
-0.111649
-0.112743
-0.114344
-0.113250
-0.114165
-0.113643
-0.113294
-0.113374
-0.112546
-0.113343
-0.114495
-0.114013
-0.113543
-0.113914
-0.112367
-0.110873
-0.112570
-0.112814
-0.113542
-0.112062
-0.112997
-0.112528
-0.114607
-0.114726
-0.114414
-0.114199
-0.114361
-0.114573
-0.114387
-0.114379
-0.114412
-0.114299
-0.114527
-0.114341
-0.114598
-0.114764
-0.114523
-0.114495
-0.114616
-0.114364
-0.114619
-0.113822
-0.113726
-0.114526
-0.114297
-0.114853
-0.114278
-0.114242
-0.114325
-0.114348
-0.114473
-0.114559
-0.114626
-0.114555
-0.114562
-0.114591
-0.114549
-0.114645
-0.114573
-0.114666
-0.114610
-0.114469
-0.114566
-0.114611
-0.114542
-0.114716
-0.114237
-0.114626
-0.114843
-0.114720
-0.114534
-0.114421
-0.114515
-0.114535
-0.114644
-0.114662
-0.114653
-0.114670
-0.114599
-0.114605
-0.114621
-0.114574
-0.114637
-0.114597
-0.114638
-0.114629
-0.114528
-0.114685
-0.114573
-0.114535
-0.114573
-0.114488
2.131445
-0.036919
0.256955
-0.049211
-0.080105
-0.098689
-0.099231
-0.098903
-0.103944
-0.104407
-0.106897
-0.109183
-0.108109
-0.108538
-0.109331
-0.108527
-0.108973
-0.109433
-0.108984
-0.109514
-0.108813
-0.109911
-0.105617
-0.108791
-0.095182
-0.112890
-0.111498
-0.102831
-0.105898
-0.112334
-0.110404
-0.111650
-0.111762
-0.112323
-0.112169
-0.112236
-0.112114
-0.111809
-0.111993
-0.111959
-0.111908
-0.112058
-0.112099
-0.112096
-0.112353
-0.112292
-0.112436
-0.112206
-0.113235
-0.112993
-0.108980
-0.110401
-0.110824
-0.113850
-0.110788
-0.110977
-0.111474
-0.111794
-0.111932
-0.111810
-0.111888
-0.111892
-0.111931
-0.112115
-0.112081
-0.112156
-0.112167
-0.112150
-0.112166
-0.112104
-0.112042
-0.111994
-0.111811
-0.112086
-0.111321
-0.111482
-0.111715
-0.112138
-0.112768
-0.111101
-0.112363
-0.112448
-0.112557
-0.112466
-0.112353
-0.112391
-0.112337
-0.112334
-0.112331
-0.112232
-0.112253
-0.112169
-0.112189
-0.112288
-0.112275
-0.112584
-0.112026
-0.112490
-0.112663
-0.112134
-0.068388
-0.093062
0.087992
-0.093065
-0.069759
-0.101496
-0.104520
-0.106293
-0.108053
-0.108653
-0.110611
-0.110236
-0.110020
-0.110501
-0.111599
-0.111101
-0.110539
-0.111920
-0.112049
-0.113442
-0.113579
-0.112739
-0.110652
-0.110499
-0.105748
-0.113666
-0.112789
-0.109365
-0.108644
-0.114065
-0.111961
-0.113348
-0.113235
-0.113283
-0.113002
-0.113508
-0.113600
-0.113748
-0.113999
-0.113799
-0.113710
-0.113611
-0.113683
-0.113851
-0.113806
-0.113644
-0.113416
-0.113785
-0.112718
-0.114128
-0.111955
-0.113125
-0.113615
-0.113391
-0.113319
-0.113577
-0.113482
-0.113739
-0.113982
-0.114072
-0.114251
-0.114159
-0.114113
-0.114064
-0.113944
-0.113996
-0.114055
-0.114144
-0.114103
-0.114114
-0.114016
-0.114215
-0.114369
-0.114183
-0.114776
-0.113785
-0.114748
-0.114566
-0.114279
-0.114070
-0.114063
-0.114284
-0.114142
-0.114191
-0.114207
-0.114240
-0.114158
-0.114156
-0.114170
-0.114176
-0.114269
-0.114269
-0.114275
-0.114201
-0.114223
-0.114024
-0.114110
-0.114037
-0.113977
-0.114214
-0.083482
-0.106748
0.011098
-0.095850
-0.086555
-0.101748
-0.103697
-0.105941
-0.107278
-0.108404
-0.108842
-0.109612
-0.110200
-0.110584
-0.110863
-0.111107
-0.111412
-0.111479
-0.111627
-0.111871
-0.112093
-0.111788
-0.113949
-0.111196
-0.110270
-0.113192
-0.111883
-0.109782
-0.113217
-0.113214
-0.114155
-0.113499
-0.113429
-0.113331
-0.113324
-0.113282
-0.113333
-0.113328
-0.113305
-0.113297
-0.113306
-0.113334
-0.113355
-0.113394
-0.113448
-0.113449
-0.113449
-0.113658
-0.113239
-0.113434
-0.112624
-0.112951
-0.113265
-0.114405
-0.112968
-0.113370
-0.113223
-0.113336
-0.113375
-0.113429
-0.113450
-0.113486
-0.113490
-0.113500
-0.113520
-0.113540
-0.113560
-0.113571
-0.113567
-0.113577
-0.113559
-0.113569
-0.113574
-0.113496
-0.113508
-0.113547
-0.113690
-0.113738
-0.113785
-0.113283
-0.113694
-0.113678
-0.113719
-0.113711
-0.113712
-0.113697
-0.113693
-0.113678
-0.113673
-0.113674
-0.113671
-0.113674
-0.113672
-0.113674
-0.113700
-0.113752
-0.113604
-0.113669
-0.113684
-0.113650
-0.094872
0.113185
-0.087874
-0.061688
-0.094891
-0.107067
-0.111621
-0.113027
-0.114253
-0.113864
-0.114405
-0.113783
-0.113663
-0.113497
-0.113590
-0.113903
-0.114042
-0.113860
-0.113908
-0.113976
-0.114470
-0.113637
-0.114588
-0.110283
-0.109994
-0.110587
-0.113761
-0.109361
-0.113728
-0.112274
-0.112535
-0.113274
-0.113826
-0.114204
-0.114418
-0.114540
-0.114605
-0.114727
-0.114754
-0.114647
-0.114582
-0.114591
-0.114588
-0.114472
-0.114369
-0.114295
-0.114385
-0.114683
-0.114712
-0.114189
-0.113414
-0.114251
-0.114340
-0.113804
-0.114015
-0.114852
-0.114580
-0.114631
-0.114703
-0.114795
-0.114807
-0.114769
-0.114714
-0.114742
-0.114792
-0.114841
-0.114826
-0.114834
-0.114832
-0.114926
-0.114843
-0.114703
-0.114645
-0.114805
-0.114689
-0.114594
-0.114453
-0.114588
-0.114649
-0.114647
-0.114497
-0.114753
-0.114749
-0.114784
-0.114787
-0.114806
-0.114878
-0.114910
-0.114900
-0.114876
-0.114870
-0.114868
-0.114839
-0.114859
-0.114796
-0.114814
-0.114835
-0.114695
-0.114699
-0.114679
-0.077155
-0.096322
-0.081756
-0.036433
-0.093304
-0.105964
-0.110207
-0.111581
-0.112720
-0.113250
-0.113743
-0.114031
-0.113943
-0.114108
-0.114092
-0.114161
-0.114093
-0.113919
-0.113778
-0.113660
-0.113938
-0.113670
-0.114405
-0.106598
-0.113665
-0.114398
-0.114628
-0.114574
-0.111827
-0.111199
-0.112449
-0.113239
-0.113820
-0.114139
-0.114368
-0.114489
-0.114545
-0.114531
-0.114426
-0.114357
-0.114320
-0.114316
-0.114338
-0.114353
-0.114354
-0.114334
-0.114323
-0.114653
-0.114555
-0.113107
-0.114067
-0.114396
-0.114434
-0.114378
-0.113936
-0.114565
-0.114355
-0.114466
-0.114499
-0.114496
-0.114480
-0.114456
-0.114454
-0.114477
-0.114525
-0.114577
-0.114604
-0.114618
-0.114600
-0.114591
-0.114471
-0.114377
-0.114330
-0.114301
-0.114520
-0.114073
-0.114202
-0.114324
-0.114485
-0.114757
-0.114150
-0.114428
-0.114573
-0.114570
-0.114578
-0.114579
-0.114572
-0.114563
-0.114549
-0.114530
-0.114514
-0.114507
-0.114525
-0.114561
-0.114625
-0.114393
-0.114632
-0.114731
-0.114811
-0.114846
