-1.150978
1.849826
2.677636
-6.958510
-0.115914
-0.115908
0.064866
0.991184
4.084458
-2.611889
-0.115908
-0.115904
2.615765
1.521267
7.642945
-3.754973
-0.115914
-0.115899
-0.404556
2.031192
5.903807
-5.318897
-0.115911
-0.115911
0.015048
5.417241
11.568246
-9.841911
-0.115911
-0.115912
-0.087344
1.463515
3.208210
-3.289147
-0.115911
-0.115912
10.881898
-0.115296
10.883293
10.880783
-0.115911
-0.115912
7.955967
3.313804
13.965132
3.194555
-0.115910
-0.115914
0.914082
0.632217
0.368797
0.459318
0.362468
-0.004373
0.308089
0.186240
0.020059
0.040083
0.001953
0.063074
-0.062142
0.051131
0.070791
-0.102781
0.022483
-0.035229
-0.073534
-0.054771
-0.066615
-0.089097
-0.028612
-0.042147
-0.049096
0.027420
-0.109145
0.028032
-0.036446
-0.039139
-0.018050
-0.114813
-0.061549
-0.079697
-0.109967
-0.089405
-0.077409
-0.106829
-0.074960
-0.083183
-0.088082
-0.077157
-0.109334
-0.085780
-0.096333
-0.110549
-0.103268
-0.103413
-0.100010
-0.114540
-0.096367
-0.101883
-0.109592
-0.101704
-0.105117
-0.105370
-0.112152
-0.109970
-0.114415
-0.109853
-0.106110
-0.103845
-0.112217
-0.105074
-0.110778
-0.109662
-0.112119
-0.109647
-0.104457
-0.113195
-0.106297
-0.107154
-0.114628
-0.113110
-0.111426
-0.110651
-0.112214
-0.105165
-0.111011
-0.104497
-0.106141
-0.107538
-0.103119
-0.113418
-0.103085
-0.109534
-0.111813
-0.109727
-0.111243
-0.111931
-0.106313
-0.107883
-0.110371
-0.104142
-0.112941
-0.105497
-0.107809
-0.112135
-0.109635
-0.113126
0.064035
0.211099
0.195817
0.031997
-0.032642
-0.088227
-0.015874
0.030166
0.066503
-0.011155
0.092151
0.117459
0.041481
0.087947
0.073550
-0.032779
0.047108
-0.017626
-0.011061
0.007950
-0.070505
-0.025693
-0.066871
-0.095901
-0.087554
-0.101888
-0.070384
-0.101827
-0.082992
-0.086869
-0.104062
-0.086343
-0.108089
-0.096326
-0.101038
-0.088875
-0.075005
-0.099478
-0.080803
-0.088891
-0.101109
-0.089056
-0.102798
-0.097137
-0.088817
-0.101256
-0.095011
-0.089987
-0.103673
-0.098994
-0.100080
-0.111986
-0.110749
-0.111302
-0.112671
-0.108209
-0.109566
-0.110737
-0.113256
-0.109244
-0.109845
-0.110500
-0.111746
-0.110176
-0.114356
-0.106504
-0.106346
-0.105108
-0.101043
-0.103402
-0.104185
-0.102499
-0.109638
-0.105704
-0.107798
-0.111291
-0.108296
-0.112222
-0.112669
-0.111819
-0.113900
-0.114527
-0.114129
-0.113276
-0.113285
-0.114444
-0.112873
-0.114269
-0.114280
-0.113216
-0.114817
-0.114221
-0.113702
-0.110926
-0.111802
-0.112724
-0.108517
-0.111324
-0.111599
-0.109772
2.614087
0.276008
0.333197
0.007214
0.365748
0.445548
0.174372
0.104019
0.149716
0.124757
-0.001083
-0.056763
0.013650
-0.035177
-0.077395
-0.011034
-0.012632
-0.075936
-0.016578
-0.010150
-0.070526
-0.049666
-0.016923
-0.088260
-0.036076
-0.017402
-0.109268
-0.018990
-0.059778
-0.069694
-0.041965
-0.101953
-0.070884
-0.069814
-0.101219
-0.083444
-0.074934
-0.102246
-0.083120
-0.077054
-0.111439
-0.091757
-0.092213
-0.106503
-0.104576
-0.102346
-0.110025
-0.111290
-0.102470
-0.094516
-0.100400
-0.106045
-0.093350
-0.100719
-0.112146
-0.110798
-0.113582
-0.111647
-0.114141
-0.110358
-0.114793
-0.106432
-0.104809
-0.106203
-0.107934
-0.108830
-0.102904
-0.107134
-0.113248
-0.108747
-0.109351
-0.115270
-0.110852
-0.109060
-0.111025
-0.113091
-0.106167
-0.106915
-0.113534
-0.103253
-0.107822
-0.109519
-0.105299
-0.115255
-0.107088
-0.110242
-0.112437
-0.108947
-0.110469
-0.111830
-0.107206
-0.107971
-0.114373
-0.107884
-0.110850
-0.109158
-0.109391
-0.113292
-0.111952
-0.112981
0.171349
0.504795
0.803276
0.237131
0.338948
0.407620
0.030049
0.146739
0.293482
0.084215
0.096842
0.146163
-0.012228
-0.038099
-0.021813
-0.065768
-0.051535
-0.097607
-0.073985
-0.070375
-0.088224
-0.094095
-0.073439
-0.086017
-0.101488
-0.089164
-0.104924
-0.102920
-0.110968
-0.105103
-0.111379
-0.105691
-0.105140
-0.113347
-0.106737
-0.103427
-0.102051
-0.103961
-0.102912
-0.100072
-0.111914
-0.103387
-0.109074
-0.103997
-0.103910
-0.108456
-0.094655
-0.097937
-0.106643
-0.099176
-0.102351
-0.112642
-0.105224
-0.105803
-0.110102
-0.112188
-0.112566
-0.114359
-0.114393
-0.111721
-0.113666
-0.112192
-0.108147
-0.110571
-0.110851
-0.105363
-0.109177
-0.110510
-0.107947
-0.110807
-0.114919
-0.111843
-0.113055
-0.114407
-0.113974
-0.115014
-0.113922
-0.114113
-0.114935
-0.112897
-0.114316
-0.115403
-0.114808
-0.115605
-0.115221
-0.115537
-0.115319
-0.115447
-0.115223
-0.114466
-0.113399
-0.112897
-0.113450
-0.110794
-0.112071
-0.112833
-0.110992
-0.112984
-0.114305
-0.113370
0.015625
1.797176
2.797215
1.135515
0.593852
0.760895
0.093329
0.093685
0.078447
0.106782
0.029792
-0.038570
-0.046010
-0.021616
-0.029057
-0.045344
-0.050207
-0.084547
-0.050114
-0.072807
-0.102526
-0.074159
-0.093500
-0.104790
-0.092730
-0.108787
-0.106065
-0.108133
-0.113045
-0.112287
-0.111406
-0.109396
-0.114660
-0.106943
-0.108697
-0.112379
-0.103920
-0.108451
-0.109848
-0.102869
-0.107996
-0.109146
-0.107826
-0.110275
-0.108614
-0.108282
-0.115163
-0.105864
-0.104856
-0.106611
-0.104376
-0.110250
-0.097699
-0.107088
-0.107693
-0.105535
-0.106235
-0.105175
-0.106638
-0.095427
-0.107864
-0.108849
-0.107817
-0.111488
-0.113900
-0.112173
-0.110756
-0.112149
-0.111790
-0.114765
-0.111846
-0.112751
-0.114118
-0.112942
-0.115440
-0.113344
-0.113487
-0.114931
-0.113100
-0.114999
-0.114108
-0.113697
-0.115124
-0.114395
-0.112340
-0.113783
-0.112937
-0.112805
-0.115362
-0.115411
-0.114964
-0.114290
-0.115204
-0.114948
-0.114604
-0.114624
-0.115493
-0.114688
-0.114670
-0.115797
-0.087501
0.238698
0.665815
0.485833
0.050179
0.018781
0.063321
0.063201
-0.016513
-0.099471
-0.053918
-0.047618
-0.067785
-0.057528
-0.075317
-0.070233
-0.073913
-0.099183
-0.090583
-0.108147
-0.107769
-0.112675
-0.107263
-0.105116
-0.108481
-0.109000
-0.107206
-0.110507
-0.109193
-0.107131
-0.111480
-0.108707
-0.110235
-0.112585
-0.110519
-0.112266
-0.115076
-0.114065
-0.113585
-0.113447
-0.113250
-0.111105
-0.111724
-0.110079
-0.109534
-0.111103
-0.109396
-0.111417
-0.113194
-0.114149
-0.110096
-0.109215
-0.110860
-0.112721
-0.109528
-0.112166
-0.114136
-0.114287
-0.114470
-0.111632
-0.111748
-0.113603
-0.114909
-0.113114
-0.111491
-0.113176
-0.115559
-0.113825
-0.114097
-0.113947
-0.113834
-0.114118
-0.113659
-0.114363
-0.114763
-0.114837
-0.115753
-0.115780
-0.115064
-0.115326
-0.115463
-0.114894
-0.115483
-0.115768
-0.115288
-0.115154
-0.115491
-0.115385
-0.114572
-0.114685
-0.115668
-0.114416
-0.114314
-0.115088
-0.115550
-0.115314
-0.115325
-0.114963
-0.115225
-0.115117
-0.356335
0.006558
-0.090631
-0.503470
-0.115909
-0.115912
2.227768
0.400575
2.953692
1.401284
-0.115911
-0.115915
-0.200057
0.196564
0.272366
-0.746176
-0.115911
-0.115914
-0.089171
0.186237
0.388637
-0.512243
-0.115911
-0.115915
-0.028346
0.373581
0.641948
-0.831312
-0.115912
-0.115914
-0.124733
0.005452
0.079932
-0.329548
-0.115911
-0.115914
4.802584
0.807938
6.392338
3.314005
-0.115911
-0.115914
0.124862
-0.050245
-0.076908
-0.080449
-0.099482
-0.115218
-0.112381
-0.113343
-0.112390
-0.114410
-0.114276
-0.114609
-0.114566
-0.112665
-0.114938
-0.114358
-0.113974
-0.114381
-0.115314
-0.114507
-0.115535
-0.114484
-0.115183
-0.114999
-0.115143
-0.113326
-0.112293
-0.113767
-0.114288
-0.114771
-0.114082
-0.114329
-0.114093
-0.115036
-0.115512
-0.115802
-0.115407
-0.115469
-0.115433
-0.115720
-0.115513
-0.115698
-0.115230
-0.115549
-0.115440
-0.115680
-0.115501
-0.115652
-0.115477
-0.115566
-0.115658
-0.115616
-0.115747
-0.115670
-0.115425
-0.114967
-0.115297
-0.115383
-0.115339
-0.115184
-0.115371
-0.115411
-0.115752
-0.115552
-0.115703
-0.115606
-0.115619
-0.115606
-0.115640
-0.115624
-0.115620
-0.115612
-0.115567
-0.115619
-0.115676
-0.115684
-0.115651
-0.115658
-0.115581
-0.115738
-0.115681
-0.115630
-0.115751
-0.115769
-0.115650
-0.115629
-0.115654
-0.115714
-0.115477
-0.115568
-0.115497
-0.115720
-0.115619
-0.115605
-0.115664
-0.115629
-0.115672
-0.115630
-0.115641
-0.115572
2.228936
-0.098898
0.242478
-0.090742
-0.064997
-0.111530
-0.109034
-0.111717
-0.114761
-0.113147
-0.111754
-0.114591
-0.115019
-0.113412
-0.114464
-0.113373
-0.112434
-0.115577
-0.115539
-0.112923
-0.114734
-0.114262
-0.113914
-0.114890
-0.113409
-0.107145
-0.109839
-0.098741
-0.113975
-0.112531
-0.114108
-0.100868
-0.114656
-0.112742
-0.114675
-0.115485
-0.114683
-0.115046
-0.115680
-0.115130
-0.115080
-0.115529
-0.115333
-0.115522
-0.115565
-0.114962
-0.115345
-0.115746
-0.115085
-0.115207
-0.115740
-0.115123
-0.115218
-0.115465
-0.113453
-0.114051
-0.112698
-0.115212
-0.114207
-0.114836
-0.112438
-0.114930
-0.115077
-0.115011
-0.115645
-0.115313
-0.115181
-0.115592
-0.115527
-0.115254
-0.115472
-0.115524
-0.115378
-0.115592
-0.115521
-0.115356
-0.115491
-0.115595
-0.115284
-0.115543
-0.115622
-0.115078
-0.115318
-0.114679
-0.114823
-0.114812
-0.115457
-0.114722
-0.115022
-0.114406
-0.114973
-0.115643
-0.115206
-0.115385
-0.115615
-0.115277
-0.115420
-0.115696
-0.115368
-0.115371
-0.033855
-0.073477
0.097453
-0.111685
-0.079125
-0.113433
-0.111651
-0.114493
-0.115719
-0.113693
-0.114375
-0.114676
-0.115067
-0.114417
-0.115507
-0.115429
-0.114670
-0.115690
-0.115070
-0.115168
-0.115228
-0.115569
-0.114943
-0.114944
-0.113990
-0.112270
-0.112662
-0.104139
-0.112467
-0.114238
-0.111951
-0.109038
-0.113764
-0.113677
-0.115064
-0.115448
-0.115768
-0.115866
-0.115555
-0.115598
-0.115669
-0.115680
-0.115576
-0.115820
-0.115744
-0.115589
-0.115730
-0.115855
-0.115798
-0.115721
-0.115802
-0.115646
-0.115801
-0.115175
-0.115600
-0.114404
-0.113762
-0.114502
-0.114850
-0.114283
-0.115090
-0.115159
-0.115572
-0.115668
-0.115779
-0.115773
-0.115803
-0.115879
-0.115784
-0.115744
-0.115786
-0.115782
-0.115771
-0.115780
-0.115777
-0.115742
-0.115792
-0.115865
-0.115799
-0.115727
-0.115855
-0.115766
-0.115479
-0.115492
-0.114760
-0.115565
-0.115340
-0.114859
-0.114994
-0.115774
-0.115581
-0.115793
-0.115710
-0.115883
-0.115807
-0.115762
-0.115810
-0.115856
-0.115762
-0.115780
-0.088001
-0.088846
0.093933
-0.104042
-0.097121
-0.112234
-0.111714
-0.113343
-0.115089
-0.114207
-0.114331
-0.115227
-0.114695
-0.114632
-0.115425
-0.114968
-0.114702
-0.115371
-0.114917
-0.114815
-0.115627
-0.114874
-0.114497
-0.115371
-0.113580
-0.115378
-0.113260
-0.105273
-0.113383
-0.113596
-0.114008
-0.107757
-0.114746
-0.113769
-0.114722
-0.115636
-0.115022
-0.115221
-0.115638
-0.115187
-0.115342
-0.115670
-0.115318
-0.115406
-0.115699
-0.115374
-0.115435
-0.115749
-0.115410
-0.115480
-0.115835
-0.115385
-0.115594
-0.115333
-0.115303
-0.115045
-0.113878
-0.114982
-0.114739
-0.114999
-0.114187
-0.115430
-0.115224
-0.115224
-0.115655
-0.115471
-0.115389
-0.115638
-0.115519
-0.115438
-0.115633
-0.115578
-0.115470
-0.115627
-0.115616
-0.115485
-0.115635
-0.115661
-0.115489
-0.115612
-0.115759
-0.115485
-0.115675
-0.115472
-0.115237
-0.115274
-0.115487
-0.115077
-0.115380
-0.115227
-0.115462
-0.115644
-0.115388
-0.115539
-0.115660
-0.115477
-0.115538
-0.115649
-0.115503
-0.115526
-0.031784
0.226534
-0.082437
-0.074836
-0.109626
-0.106300
-0.115376
-0.115617
-0.115345
-0.115128
-0.115874
-0.115622
-0.115691
-0.115673
-0.115763
-0.115725
-0.115469
-0.115565
-0.115363
-0.115097
-0.115823
-0.115256
-0.114815
-0.115014
-0.114499
-0.113763
-0.113258
-0.114264
-0.107646
-0.112137
-0.109643
-0.112891
-0.113840
-0.114528
-0.114737
-0.115437
-0.115475
-0.115422
-0.115662
-0.115649
-0.115664
-0.115756
-0.115806
-0.115709
-0.115804
-0.115855
-0.115773
-0.115817
-0.115745
-0.115814
-0.115806
-0.115605
-0.115563
-0.115662
-0.114972
-0.115680
-0.115066
-0.114442
-0.114292
-0.115087
-0.114961
-0.115675
-0.115507
-0.115534
-0.115710
-0.115775
-0.115686
-0.115780
-0.115816
-0.115781
-0.115804
-0.115877
-0.115810
-0.115820
-0.115896
-0.115837
-0.115839
-0.115851
-0.115841
-0.115871
-0.115794
-0.115682
-0.115841
-0.115320
-0.115388
-0.115353
-0.115415
-0.114940
-0.115636
-0.115524
-0.115774
-0.115811
-0.115759
-0.115797
-0.115901
-0.115806
-0.115826
-0.115883
-0.115835
-0.115839
-0.105977
-0.100381
-0.082562
-0.038951
-0.111802
-0.107707
-0.114855
-0.114988
-0.114843
-0.114836
-0.115113
-0.115204
-0.115263
-0.115342
-0.115154
-0.115369
-0.115447
-0.115330
-0.115362
-0.115353
-0.115071
-0.115253
-0.115230
-0.115111
-0.113345
-0.113970
-0.109969
-0.114019
-0.115000
-0.114973
-0.114881
-0.114510
-0.111580
-0.114913
-0.115734
-0.115493
-0.115638
-0.115706
-0.115668
-0.115723
-0.115727
-0.115690
-0.115721
-0.115688
-0.115707
-0.115752
-0.115719
-0.115696
-0.115748
-0.115662
-0.115657
-0.115744
-0.115617
-0.115062
-0.115039
-0.115017
-0.115566
-0.115738
-0.115612
-0.115391
-0.115454
-0.114947
-0.115467
-0.115778
-0.115683
-0.115695
-0.115757
-0.115738
-0.115749
-0.115775
-0.115755
-0.115754
-0.115771
-0.115758
-0.115771
-0.115784
-0.115754
-0.115771
-0.115792
-0.115734
-0.115806
-0.115796
-0.115393
-0.115335
-0.115702
-0.115801
-0.115848
-0.115768
-0.115442
-0.115493
-0.115583
-0.115661
-0.115749
-0.115770
-0.115730
-0.115762
-0.115772
-0.115756
-0.115773
-0.115775
