-1.172328
1.857274
3.724832
-7.422257
-0.116791
-0.116783
0.012220
0.939398
4.371528
-2.152479
-0.116783
-0.116778
2.623960
1.443952
7.199126
-3.072546
-0.116790
-0.116775
-0.518612
1.928360
5.170846
-5.009123
-0.116787
-0.116787
-0.072481
5.572367
11.747150
-9.619109
-0.116787
-0.116788
-0.078191
1.501615
3.846808
-3.383918
-0.116787
-0.116787
11.039177
-0.116276
11.039957
11.038430
-0.116787
-0.116791
7.936049
3.274097
13.645915
3.172702
-0.116787
-0.116791
0.933692
0.633121
0.369107
0.472996
0.334114
-0.010934
0.319628
0.183823
0.001878
0.053367
-0.006311
0.057356
-0.013485
0.070200
0.087878
-0.053032
0.041192
-0.014334
-0.090807
-0.033539
-0.052322
-0.085105
-0.023528
-0.055577
-0.040196
-0.017507
-0.051988
-0.039674
-0.034074
-0.050430
-0.059833
-0.047856
-0.072884
-0.073525
-0.067714
-0.106743
-0.087505
-0.090725
-0.113658
-0.090482
-0.088136
-0.107186
-0.079034
-0.089553
-0.101248
-0.092250
-0.106460
-0.107136
-0.110575
-0.099751
-0.101250
-0.110132
-0.098276
-0.104819
-0.112239
-0.108921
-0.113851
-0.113518
-0.110926
-0.106520
-0.109343
-0.113124
-0.103255
-0.108210
-0.112708
-0.110275
-0.113803
-0.110935
-0.113747
-0.106569
-0.106910
-0.112799
-0.107270
-0.112023
-0.115389
-0.112123
-0.113825
-0.113490
-0.109335
-0.114382
-0.108130
-0.108434
-0.110486
-0.106991
-0.107356
-0.107761
-0.108726
-0.108097
-0.111291
-0.108077
-0.109134
-0.113792
-0.112834
-0.114710
-0.115525
-0.115574
-0.114072
-0.115977
-0.111224
-0.110822
0.011587
0.196181
0.199593
0.103237
-0.005553
-0.026387
0.031680
-0.042916
0.075250
-0.004275
0.084940
0.098518
-0.019888
0.071662
-0.003834
-0.038615
-0.011391
-0.073187
-0.041898
-0.035324
-0.069451
-0.039080
-0.045671
-0.082281
-0.053595
-0.100131
-0.068381
-0.107736
-0.085497
-0.111212
-0.081497
-0.106252
-0.079148
-0.100829
-0.082023
-0.086789
-0.096447
-0.086471
-0.095793
-0.103726
-0.093462
-0.103974
-0.096618
-0.089977
-0.103204
-0.089197
-0.097822
-0.101992
-0.097710
-0.112226
-0.109215
-0.113202
-0.112190
-0.112449
-0.112708
-0.114212
-0.115529
-0.114867
-0.112952
-0.113263
-0.114806
-0.114132
-0.111646
-0.115377
-0.111379
-0.114325
-0.107052
-0.106888
-0.111882
-0.105723
-0.111293
-0.111071
-0.110520
-0.115458
-0.111871
-0.112863
-0.114001
-0.111048
-0.112611
-0.113379
-0.111192
-0.115086
-0.111529
-0.116077
-0.113408
-0.116522
-0.112491
-0.115266
-0.112823
-0.114932
-0.111779
-0.113077
-0.112514
-0.112560
-0.114332
-0.115344
-0.115816
-0.114357
-0.115090
-0.113520
2.622257
0.275359
0.337219
-0.022902
0.333773
0.417127
0.168756
0.106827
0.159804
0.113746
-0.028847
-0.054727
-0.003962
-0.033131
-0.082231
-0.036696
-0.059478
-0.097730
-0.039399
-0.034463
-0.090966
-0.056775
-0.035008
-0.087670
-0.060366
-0.045289
-0.094687
-0.073883
-0.065088
-0.086891
-0.090558
-0.065909
-0.089906
-0.090303
-0.074035
-0.098858
-0.100213
-0.086875
-0.098248
-0.112866
-0.100846
-0.103627
-0.109573
-0.100231
-0.105189
-0.110327
-0.104753
-0.100353
-0.103383
-0.106713
-0.102424
-0.095354
-0.103804
-0.112775
-0.108193
-0.112341
-0.115824
-0.115211
-0.114873
-0.113906
-0.106605
-0.106485
-0.112700
-0.106958
-0.106916
-0.109428
-0.113116
-0.113981
-0.111113
-0.110688
-0.114504
-0.111796
-0.113150
-0.115659
-0.111958
-0.111610
-0.115253
-0.111929
-0.110097
-0.114601
-0.111769
-0.111265
-0.115394
-0.112035
-0.111848
-0.112824
-0.112181
-0.110130
-0.114627
-0.111147
-0.110835
-0.115251
-0.114773
-0.114017
-0.114672
-0.115066
-0.115363
-0.114810
-0.112799
-0.112124
0.283161
0.536770
0.669327
0.142801
0.308387
0.387639
0.134094
0.119082
0.334871
0.107093
0.122806
0.149484
-0.035516
-0.037289
-0.026484
-0.072260
-0.105009
-0.087427
-0.104555
-0.084050
-0.097528
-0.089081
-0.087870
-0.098667
-0.104279
-0.097142
-0.100415
-0.106255
-0.105883
-0.108156
-0.105591
-0.104274
-0.109827
-0.106254
-0.106552
-0.108552
-0.108382
-0.106717
-0.116022
-0.113275
-0.115849
-0.109696
-0.106526
-0.111592
-0.107014
-0.096153
-0.102280
-0.099400
-0.092854
-0.107092
-0.105007
-0.105044
-0.111451
-0.113008
-0.111427
-0.113299
-0.116013
-0.115817
-0.115204
-0.112969
-0.111235
-0.111344
-0.113664
-0.110801
-0.106251
-0.111041
-0.106890
-0.106987
-0.113626
-0.111902
-0.112571
-0.115429
-0.115301
-0.115155
-0.115630
-0.115043
-0.116071
-0.113625
-0.113652
-0.115513
-0.114387
-0.116311
-0.115836
-0.116252
-0.115460
-0.115206
-0.115889
-0.115586
-0.115974
-0.115397
-0.114871
-0.115419
-0.115277
-0.113483
-0.114314
-0.115128
-0.112860
-0.113607
-0.116305
-0.114265
-0.071375
1.849264
2.881847
1.141024
0.627414
0.779024
0.148018
0.150059
0.131927
0.081361
-0.015276
-0.053897
-0.051832
0.000031
-0.041312
-0.048018
-0.044494
-0.054986
-0.059002
-0.100098
-0.088372
-0.083089
-0.098328
-0.103280
-0.084991
-0.102596
-0.095480
-0.091462
-0.112691
-0.094435
-0.104379
-0.106395
-0.100282
-0.115039
-0.106736
-0.105315
-0.112088
-0.111329
-0.105308
-0.108065
-0.107429
-0.109423
-0.106228
-0.105304
-0.112906
-0.110959
-0.109173
-0.107327
-0.109225
-0.109687
-0.108820
-0.100219
-0.108369
-0.100193
-0.094465
-0.111815
-0.111343
-0.109928
-0.102377
-0.109790
-0.104304
-0.102408
-0.112801
-0.109888
-0.111239
-0.113251
-0.115035
-0.114369
-0.114068
-0.113005
-0.114480
-0.113966
-0.112892
-0.114087
-0.114581
-0.115482
-0.114990
-0.114943
-0.115968
-0.115643
-0.114047
-0.114637
-0.114943
-0.112387
-0.114192
-0.114338
-0.114125
-0.115611
-0.114988
-0.116162
-0.113152
-0.112955
-0.115470
-0.113981
-0.114336
-0.114861
-0.114959
-0.114842
-0.114611
-0.114787
-0.078427
0.264248
0.686319
0.497878
0.103982
0.017543
0.015617
0.035619
-0.009827
-0.099869
-0.085068
-0.100654
-0.088668
-0.063707
-0.082018
-0.067842
-0.064368
-0.081228
-0.077187
-0.093300
-0.103148
-0.108339
-0.110200
-0.108165
-0.111898
-0.115004
-0.114049
-0.114331
-0.114733
-0.114510
-0.114840
-0.112991
-0.114257
-0.115828
-0.114851
-0.112299
-0.112276
-0.113552
-0.111497
-0.109502
-0.106192
-0.110684
-0.112439
-0.110479
-0.113955
-0.112530
-0.112236
-0.114541
-0.110728
-0.109595
-0.113256
-0.112779
-0.110917
-0.109791
-0.112023
-0.116128
-0.115883
-0.115748
-0.113146
-0.112239
-0.114877
-0.114381
-0.113716
-0.113878
-0.115827
-0.114983
-0.114879
-0.116070
-0.115037
-0.114334
-0.114787
-0.114790
-0.114633
-0.115183
-0.114454
-0.114830
-0.116536
-0.116400
-0.115713
-0.115633
-0.116158
-0.116183
-0.116135
-0.116339
-0.116696
-0.116153
-0.116333
-0.116366
-0.116360
-0.116493
-0.116651
-0.116047
-0.115812
-0.115853
-0.116558
-0.115203
-0.114618
-0.115721
-0.116445
-0.115592
-0.346806
-0.001534
-0.091550
-0.484706
-0.116785
-0.116789
2.250098
0.389595
2.971407
1.470446
-0.116787
-0.116791
-0.208868
0.178578
0.252824
-0.681548
-0.116787
-0.116791
-0.134018
0.197981
0.445556
-0.546517
-0.116786
-0.116790
-0.067021
0.318062
0.433841
-1.032102
-0.116789
-0.116789
-0.122825
0.001340
0.075676
-0.321544
-0.116788
-0.116790
4.822083
0.802914
6.437890
3.252518
-0.116787
-0.116790
0.113210
-0.058080
-0.079137
-0.077043
-0.107253
-0.115702
-0.113649
-0.113992
-0.115952
-0.115610
-0.116225
-0.116164
-0.115126
-0.116417
-0.116021
-0.116093
-0.115984
-0.115919
-0.116199
-0.116147
-0.116063
-0.116309
-0.115669
-0.115971
-0.115649
-0.113486
-0.114761
-0.116212
-0.115898
-0.115752
-0.116678
-0.116027
-0.114559
-0.115488
-0.116183
-0.115739
-0.115831
-0.116289
-0.116198
-0.116223
-0.116204
-0.116366
-0.116357
-0.116243
-0.116342
-0.116447
-0.116295
-0.116364
-0.116542
-0.116375
-0.116508
-0.116497
-0.116448
-0.116561
-0.115810
-0.115840
-0.116156
-0.116413
-0.115995
-0.116104
-0.115777
-0.116089
-0.116335
-0.116215
-0.116209
-0.116412
-0.116309
-0.116321
-0.116357
-0.116346
-0.116330
-0.116326
-0.116388
-0.116417
-0.116333
-0.116348
-0.116439
-0.116302
-0.116354
-0.116365
-0.116287
-0.116259
-0.116159
-0.116115
-0.116410
-0.116346
-0.116297
-0.116305
-0.116365
-0.116284
-0.116449
-0.116355
-0.116334
-0.116439
-0.116375
-0.116359
-0.116428
-0.116375
-0.116379
-0.116422
2.250127
-0.103486
0.234134
-0.084721
-0.068832
-0.109515
-0.109724
-0.115374
-0.115062
-0.114818
-0.114608
-0.115955
-0.115387
-0.114208
-0.113171
-0.114896
-0.115113
-0.116528
-0.115117
-0.116477
-0.114941
-0.115191
-0.115011
-0.115044
-0.114161
-0.109360
-0.100414
-0.107388
-0.114036
-0.114270
-0.109318
-0.105255
-0.112243
-0.115639
-0.115254
-0.114443
-0.115428
-0.115145
-0.115384
-0.115582
-0.115688
-0.115145
-0.115657
-0.116363
-0.115985
-0.115809
-0.116179
-0.115795
-0.115945
-0.116283
-0.115943
-0.115737
-0.116233
-0.115260
-0.116033
-0.112234
-0.115444
-0.116062
-0.114935
-0.112742
-0.115663
-0.115939
-0.115586
-0.115473
-0.115911
-0.115789
-0.115817
-0.115992
-0.115893
-0.115808
-0.116090
-0.116128
-0.115856
-0.115901
-0.116004
-0.115865
-0.115917
-0.116080
-0.115818
-0.115895
-0.116189
-0.116195
-0.115116
-0.114740
-0.115910
-0.116205
-0.115002
-0.115831
-0.115949
-0.116008
-0.115526
-0.115913
-0.116213
-0.116075
-0.115978
-0.116178
-0.116017
-0.116015
-0.116103
-0.116034
-0.026399
-0.083705
0.086015
-0.113822
-0.082845
-0.111822
-0.112255
-0.116258
-0.116216
-0.115324
-0.116175
-0.115100
-0.115576
-0.116493
-0.116348
-0.115825
-0.116413
-0.116365
-0.116168
-0.116349
-0.116058
-0.115444
-0.115969
-0.115881
-0.113504
-0.114277
-0.108684
-0.110344
-0.113967
-0.114089
-0.110023
-0.112764
-0.113654
-0.115424
-0.114859
-0.115895
-0.116397
-0.116180
-0.115967
-0.116437
-0.116183
-0.116069
-0.116425
-0.116456
-0.116108
-0.116411
-0.116544
-0.116289
-0.116187
-0.116608
-0.116337
-0.116293
-0.116385
-0.116051
-0.115577
-0.114522
-0.115984
-0.116232
-0.116379
-0.114697
-0.115867
-0.115928
-0.115899
-0.116314
-0.116481
-0.116260
-0.116246
-0.116458
-0.116353
-0.116230
-0.116441
-0.116419
-0.116244
-0.116387
-0.116445
-0.116293
-0.116317
-0.116516
-0.116362
-0.116187
-0.116398
-0.116133
-0.116006
-0.116149
-0.116262
-0.116195
-0.116031
-0.115578
-0.116208
-0.116342
-0.116310
-0.116365
-0.116522
-0.116281
-0.116397
-0.116511
-0.116420
-0.116329
-0.116479
-0.116431
-0.100252
-0.050128
0.091761
-0.102538
-0.087310
-0.111144
-0.113949
-0.114999
-0.115889
-0.116157
-0.115580
-0.116253
-0.116459
-0.115942
-0.116242
-0.116521
-0.116305
-0.116223
-0.116287
-0.116154
-0.116379
-0.115618
-0.115754
-0.116173
-0.114890
-0.113828
-0.106968
-0.111880
-0.115457
-0.114813
-0.112553
-0.110150
-0.112778
-0.115934
-0.114609
-0.114984
-0.115836
-0.115539
-0.115459
-0.115940
-0.115915
-0.115659
-0.115972
-0.116115
-0.115829
-0.115968
-0.116274
-0.115986
-0.115948
-0.116410
-0.116126
-0.115928
-0.116469
-0.116279
-0.115848
-0.113975
-0.115844
-0.116258
-0.115295
-0.114180
-0.115554
-0.116315
-0.115684
-0.115848
-0.116208
-0.115975
-0.115951
-0.116170
-0.116097
-0.115975
-0.116139
-0.116164
-0.116005
-0.116104
-0.116213
-0.116037
-0.116041
-0.116249
-0.116040
-0.115927
-0.116249
-0.115961
-0.115659
-0.115479
-0.116202
-0.116398
-0.115474
-0.115944
-0.116242
-0.116584
-0.115980
-0.116032
-0.116330
-0.116085
-0.116107
-0.116277
-0.116162
-0.116103
-0.116244
-0.116212
-0.071629
0.176737
-0.037426
-0.068350
-0.102910
-0.093875
-0.106781
-0.109131
-0.110517
-0.111195
-0.111105
-0.112097
-0.112661
-0.112672
-0.113061
-0.113505
-0.113634
-0.113714
-0.113922
-0.114132
-0.114376
-0.114339
-0.114414
-0.113656
-0.115274
-0.114986
-0.116113
-0.113370
-0.108349
-0.106820
-0.113966
-0.114347
-0.115509
-0.115388
-0.115356
-0.115404
-0.115440
-0.115523
-0.115370
-0.115409
-0.115555
-0.115517
-0.115491
-0.115604
-0.115617
-0.115567
-0.115632
-0.115688
-0.115699
-0.115702
-0.115765
-0.115838
-0.115346
-0.115857
-0.115322
-0.114439
-0.114409
-0.115266
-0.116080
-0.116279
-0.115644
-0.115984
-0.115751
-0.115864
-0.115924
-0.115970
-0.115949
-0.115922
-0.115990
-0.115997
-0.115956
-0.115992
-0.116027
-0.115994
-0.115998
-0.116040
-0.116028
-0.116022
-0.116027
-0.116017
-0.115917
-0.116009
-0.116126
-0.115925
-0.116557
-0.116055
-0.115213
-0.115699
-0.115634
-0.116037
-0.116176
-0.116070
-0.116154
-0.116125
-0.116122
-0.116097
-0.116118
-0.116130
-0.116095
-0.116108
-0.109797
-0.106493
-0.080324
-0.043181
-0.114539
-0.107709
-0.115791
-0.115547
-0.115641
-0.115896
-0.116039
-0.116082
-0.115963
-0.116056
-0.116118
-0.116154
-0.116130
-0.116248
-0.116189
-0.116065
-0.116194
-0.116280
-0.115789
-0.115501
-0.114528
-0.111377
-0.113865
-0.115131
-0.115683
-0.115412
-0.114384
-0.114393
-0.113974
-0.115352
-0.116110
-0.116245
-0.116218
-0.116322
-0.116411
-0.116381
-0.116381
-0.116461
-0.116482
-0.116459
-0.116495
-0.116542
-0.116505
-0.116503
-0.116583
-0.116564
-0.116453
-0.116547
-0.116418
-0.116285
-0.115508
-0.116462
-0.116674
-0.116642
-0.116555
-0.116149
-0.115686
-0.116413
-0.116593
-0.116612
-0.116574
-0.116627
-0.116657
-0.116630
-0.116641
-0.116678
-0.116675
-0.116660
-0.116687
-0.116699
-0.116681
-0.116694
-0.116732
-0.116701
-0.116687
-0.116775
-0.116769
-0.116506
-0.116305
-0.116720
-0.116628
-0.116567
-0.116516
-0.116290
-0.116382
-0.116668
-0.116654
-0.116658
-0.116697
-0.116742
-0.116751
-0.116728
-0.116746
-0.116761
-0.116743
-0.116742
