-1.237952
1.937566
3.067466
-7.694810
-0.116842
-0.116835
0.038153
0.977232
3.980097
-1.978082
-0.116835
-0.116833
2.604389
1.500190
6.546145
-3.242949
-0.116841
-0.116828
-0.369687
2.167827
5.513206
-4.872099
-0.116838
-0.116839
0.048695
5.511891
11.633440
-9.606329
-0.116838
-0.116840
-0.078193
1.694365
3.729706
-3.532593
-0.116838
-0.116839
11.014516
-0.115945
11.016266
11.012964
-0.116838
-0.116841
7.956227
3.321190
13.944927
3.342261
-0.116838
-0.116841
0.999249
0.650955
0.394281
0.469616
0.337519
-0.026616
0.312099
0.229796
0.014256
0.090618
0.020637
0.099945
0.018003
0.122804
0.132825
-0.023626
0.094926
-0.002473
-0.057563
-0.021948
-0.053852
-0.100658
-0.049400
-0.093530
-0.052929
-0.059405
-0.059932
-0.052247
-0.069723
-0.070817
-0.092590
-0.094276
-0.103816
-0.101885
-0.108186
-0.090955
-0.112199
-0.073981
-0.092048
-0.078647
-0.063365
-0.102812
-0.072777
-0.086419
-0.106286
-0.095332
-0.106422
-0.101342
-0.111805
-0.095903
-0.098923
-0.114012
-0.101348
-0.101630
-0.111604
-0.114457
-0.113965
-0.112489
-0.113891
-0.108006
-0.103798
-0.112865
-0.104251
-0.104558
-0.112085
-0.108688
-0.109769
-0.104886
-0.111080
-0.103688
-0.104575
-0.115003
-0.106149
-0.106967
-0.113772
-0.107406
-0.110700
-0.111392
-0.109649
-0.112018
-0.109647
-0.110238
-0.110207
-0.111717
-0.112425
-0.114108
-0.115220
-0.116327
-0.113543
-0.114057
-0.113116
-0.110748
-0.114137
-0.110154
-0.115447
-0.108125
-0.110386
-0.113965
-0.112428
-0.115565
0.037371
0.277500
0.238106
0.081569
0.002104
-0.036232
0.053410
0.016044
0.030444
-0.088918
0.056704
0.041754
-0.039199
0.069170
0.016981
-0.053638
0.009885
-0.082665
-0.014887
-0.033012
-0.077003
-0.035756
-0.062975
-0.110618
-0.074212
-0.087052
-0.097563
-0.076124
-0.105231
-0.082869
-0.085230
-0.102921
-0.077224
-0.091955
-0.075712
-0.066132
-0.092182
-0.076198
-0.089170
-0.098349
-0.088271
-0.106914
-0.092563
-0.091862
-0.114612
-0.101011
-0.105151
-0.110962
-0.110701
-0.104684
-0.107308
-0.115002
-0.113018
-0.112438
-0.114290
-0.115738
-0.114184
-0.112112
-0.114031
-0.114399
-0.115840
-0.113093
-0.114560
-0.109861
-0.109837
-0.113972
-0.107595
-0.111170
-0.112715
-0.108054
-0.112126
-0.114089
-0.112807
-0.115694
-0.113550
-0.113284
-0.115630
-0.112498
-0.110167
-0.113443
-0.110804
-0.111671
-0.112527
-0.110832
-0.113330
-0.111198
-0.112270
-0.113343
-0.110282
-0.112514
-0.109641
-0.110442
-0.114790
-0.111645
-0.115415
-0.112987
-0.113321
-0.115504
-0.112000
-0.112543
2.602527
0.260871
0.326655
-0.023059
0.389988
0.461100
0.170283
0.165602
0.188278
0.098519
-0.050069
-0.041444
-0.031463
-0.061198
-0.051865
-0.030795
-0.053875
-0.082120
-0.020662
-0.070341
-0.079356
-0.068030
-0.102885
-0.103767
-0.102399
-0.095428
-0.109147
-0.104164
-0.102013
-0.112314
-0.112060
-0.108951
-0.101666
-0.105212
-0.103421
-0.091556
-0.109469
-0.098305
-0.097962
-0.107170
-0.104282
-0.102209
-0.096544
-0.110382
-0.101378
-0.109964
-0.106891
-0.101750
-0.097038
-0.101275
-0.108364
-0.096717
-0.099788
-0.113065
-0.110706
-0.112422
-0.113368
-0.114790
-0.110122
-0.114079
-0.103217
-0.101304
-0.109368
-0.107649
-0.106837
-0.110909
-0.114537
-0.115235
-0.113167
-0.110629
-0.113453
-0.108756
-0.112440
-0.110678
-0.109843
-0.114513
-0.112883
-0.115139
-0.113781
-0.115440
-0.114787
-0.114027
-0.115537
-0.112817
-0.113458
-0.116208
-0.115786
-0.115173
-0.114438
-0.115422
-0.115618
-0.114219
-0.112773
-0.112388
-0.116384
-0.111255
-0.112435
-0.114719
-0.115328
-0.114914
0.134892
0.524626
0.899708
0.260562
0.377023
0.439830
0.097904
0.114270
0.284541
0.059152
0.106906
0.145594
-0.053398
0.003998
-0.012210
-0.069050
-0.095271
-0.090134
-0.087331
-0.095244
-0.094155
-0.089157
-0.066464
-0.085023
-0.097817
-0.095786
-0.108239
-0.100211
-0.109330
-0.098265
-0.110763
-0.094395
-0.109928
-0.097986
-0.103686
-0.112066
-0.112198
-0.108258
-0.104181
-0.114516
-0.108130
-0.114041
-0.098366
-0.101601
-0.106230
-0.093966
-0.102393
-0.109231
-0.100921
-0.106547
-0.113447
-0.102342
-0.106141
-0.109175
-0.112104
-0.115058
-0.116327
-0.114700
-0.113112
-0.115582
-0.111232
-0.106971
-0.110514
-0.109354
-0.105593
-0.112170
-0.109118
-0.108996
-0.114922
-0.113404
-0.112051
-0.114364
-0.115922
-0.116022
-0.115337
-0.113405
-0.114395
-0.112755
-0.113023
-0.115295
-0.115210
-0.115055
-0.115624
-0.115441
-0.113441
-0.115588
-0.114677
-0.115213
-0.116076
-0.115518
-0.115433
-0.114792
-0.113762
-0.113472
-0.114759
-0.114615
-0.114854
-0.115404
-0.115918
-0.114692
0.049356
1.845104
2.847302
1.129596
0.608729
0.772867
0.055695
0.153449
0.117708
0.071860
-0.014532
-0.059328
-0.048827
-0.019985
-0.043503
-0.054878
-0.060999
-0.055465
-0.045319
-0.109754
-0.068755
-0.076005
-0.100265
-0.089503
-0.087837
-0.096693
-0.098357
-0.086716
-0.110029
-0.092171
-0.098452
-0.105945
-0.097649
-0.105039
-0.105460
-0.104567
-0.102607
-0.114762
-0.102481
-0.107117
-0.105984
-0.107783
-0.108515
-0.107426
-0.112293
-0.116062
-0.111968
-0.110670
-0.104053
-0.105391
-0.106348
-0.097020
-0.111373
-0.105132
-0.105724
-0.107045
-0.109848
-0.104492
-0.098756
-0.113709
-0.109357
-0.109780
-0.112173
-0.113801
-0.110918
-0.110791
-0.114990
-0.115007
-0.114699
-0.114567
-0.115392
-0.115155
-0.114840
-0.114509
-0.114567
-0.115864
-0.114534
-0.114820
-0.116117
-0.114347
-0.115009
-0.115660
-0.114789
-0.115182
-0.116400
-0.115084
-0.116179
-0.113081
-0.114852
-0.114126
-0.114146
-0.115124
-0.115934
-0.114965
-0.114228
-0.116440
-0.114884
-0.115220
-0.115597
-0.115817
-0.078357
0.349318
0.802485
0.519873
0.043915
0.099057
0.073116
0.015525
-0.087577
-0.045690
-0.019174
-0.031949
-0.044691
-0.053268
-0.081194
-0.081025
-0.085359
-0.101311
-0.087481
-0.101537
-0.103420
-0.109305
-0.110404
-0.109816
-0.111922
-0.108034
-0.114827
-0.110274
-0.112782
-0.111986
-0.114361
-0.112210
-0.115509
-0.112469
-0.115839
-0.111605
-0.116289
-0.111460
-0.114272
-0.116225
-0.114597
-0.110419
-0.110065
-0.108495
-0.109358
-0.110849
-0.110530
-0.113296
-0.115303
-0.113638
-0.110783
-0.110186
-0.113254
-0.109096
-0.111985
-0.114999
-0.116269
-0.115056
-0.111709
-0.112422
-0.114187
-0.114388
-0.112085
-0.113695
-0.116127
-0.114673
-0.113565
-0.114878
-0.114806
-0.114794
-0.115410
-0.114878
-0.115091
-0.116481
-0.116079
-0.116209
-0.115968
-0.116254
-0.115707
-0.116333
-0.116360
-0.116039
-0.115979
-0.116416
-0.116322
-0.116039
-0.116235
-0.116445
-0.116485
-0.116305
-0.115538
-0.115371
-0.116484
-0.115483
-0.115507
-0.116561
-0.116395
-0.115976
-0.116597
-0.116029
-0.323316
0.004452
-0.067194
-0.533606
-0.116837
-0.116839
2.253644
0.442314
3.086672
1.394333
-0.116839
-0.116842
-0.238859
0.190437
0.202278
-0.779259
-0.116839
-0.116842
-0.137378
0.083693
0.289373
-0.463484
-0.116837
-0.116840
-0.035628
0.174853
0.397107
-0.570273
-0.116839
-0.116841
-0.126389
0.043715
0.134476
-0.485873
-0.116840
-0.116839
4.887201
0.806466
6.436694
3.527719
-0.116838
-0.116842
0.089417
-0.067365
-0.068884
-0.067519
-0.116455
-0.111286
-0.115695
-0.115342
-0.115689
-0.112604
-0.115971
-0.113145
-0.115708
-0.114876
-0.115244
-0.115244
-0.116386
-0.114302
-0.115736
-0.115175
-0.116385
-0.116062
-0.116379
-0.115382
-0.115495
-0.112699
-0.114120
-0.114597
-0.115943
-0.116523
-0.114799
-0.113876
-0.116072
-0.116588
-0.116670
-0.116597
-0.116510
-0.116189
-0.116771
-0.116402
-0.116527
-0.116384
-0.116481
-0.116464
-0.116627
-0.116312
-0.116483
-0.116493
-0.116630
-0.116522
-0.116623
-0.116408
-0.116224
-0.116079
-0.116280
-0.116280
-0.116365
-0.116537
-0.116356
-0.116276
-0.116461
-0.116654
-0.116715
-0.116683
-0.116640
-0.116585
-0.116768
-0.116677
-0.116647
-0.116595
-0.116659
-0.116633
-0.116663
-0.116597
-0.116659
-0.116657
-0.116671
-0.116625
-0.116694
-0.116594
-0.116491
-0.116598
-0.116693
-0.116634
-0.116490
-0.116635
-0.116696
-0.116788
-0.116522
-0.116682
-0.116800
-0.116711
-0.116627
-0.116640
-0.116736
-0.116666
-0.116670
-0.116651
-0.116703
-0.116654
2.255477
-0.096629
0.273838
-0.090543
-0.082350
-0.113130
-0.113611
-0.115286
-0.114501
-0.113407
-0.113216
-0.115113
-0.115078
-0.116082
-0.116036
-0.115925
-0.116217
-0.115254
-0.115111
-0.115935
-0.115784
-0.115509
-0.113924
-0.115315
-0.111281
-0.110389
-0.095494
-0.111843
-0.113240
-0.113093
-0.102306
-0.114769
-0.113602
-0.115692
-0.115772
-0.115795
-0.115653
-0.115871
-0.115873
-0.116515
-0.116022
-0.116332
-0.116290
-0.116361
-0.116240
-0.116326
-0.116225
-0.116578
-0.116197
-0.116278
-0.115854
-0.116105
-0.115310
-0.114797
-0.113040
-0.114593
-0.115497
-0.115232
-0.114382
-0.115283
-0.115659
-0.116132
-0.116224
-0.116154
-0.116166
-0.116294
-0.116309
-0.116481
-0.116318
-0.116444
-0.116430
-0.116472
-0.116386
-0.116473
-0.116436
-0.116531
-0.116358
-0.116431
-0.116251
-0.116330
-0.116042
-0.115767
-0.115779
-0.115562
-0.116317
-0.115613
-0.116146
-0.115555
-0.116333
-0.116073
-0.116479
-0.116108
-0.116239
-0.116385
-0.116358
-0.116480
-0.116386
-0.116505
-0.116476
-0.116511
0.007659
-0.067711
0.091925
-0.111807
-0.081379
-0.115633
-0.114752
-0.113961
-0.114159
-0.115263
-0.115542
-0.116067
-0.115418
-0.116457
-0.114875
-0.116504
-0.115756
-0.116783
-0.116261
-0.116110
-0.115642
-0.116764
-0.115611
-0.116001
-0.111340
-0.113881
-0.106577
-0.115010
-0.115183
-0.113298
-0.108261
-0.114120
-0.115036
-0.116110
-0.116239
-0.116274
-0.116366
-0.116418
-0.116580
-0.116623
-0.116651
-0.116674
-0.116646
-0.116498
-0.116679
-0.116565
-0.116585
-0.116742
-0.116458
-0.116729
-0.116594
-0.116633
-0.115785
-0.115687
-0.115401
-0.115649
-0.116059
-0.115455
-0.115161
-0.115538
-0.116558
-0.116461
-0.116587
-0.116587
-0.116579
-0.116600
-0.116712
-0.116665
-0.116675
-0.116670
-0.116671
-0.116607
-0.116712
-0.116625
-0.116681
-0.116727
-0.116606
-0.116762
-0.116780
-0.116703
-0.116592
-0.116190
-0.116664
-0.116080
-0.116444
-0.115939
-0.116429
-0.115942
-0.116650
-0.116392
-0.116730
-0.116450
-0.116747
-0.116675
-0.116763
-0.116732
-0.116662
-0.116699
-0.116695
-0.116648
-0.096873
-0.055931
0.001352
-0.075750
-0.099168
-0.105156
-0.113862
-0.113063
-0.113793
-0.113523
-0.114423
-0.114347
-0.114543
-0.114809
-0.114771
-0.115010
-0.115289
-0.115246
-0.115424
-0.115422
-0.115622
-0.115546
-0.116040
-0.114815
-0.114457
-0.112852
-0.110823
-0.113688
-0.116131
-0.115645
-0.112616
-0.113024
-0.115828
-0.115191
-0.116015
-0.115875
-0.115899
-0.115857
-0.116015
-0.115940
-0.115976
-0.116052
-0.116010
-0.116060
-0.116128
-0.116080
-0.116125
-0.116150
-0.116157
-0.116152
-0.116279
-0.116061
-0.116541
-0.115451
-0.116057
-0.115546
-0.116503
-0.116089
-0.116364
-0.115268
-0.116397
-0.116057
-0.116324
-0.116163
-0.116233
-0.116210
-0.116274
-0.116229
-0.116255
-0.116282
-0.116260
-0.116281
-0.116305
-0.116278
-0.116300
-0.116312
-0.116305
-0.116304
-0.116363
-0.116279
-0.116542
-0.115944
-0.116623
-0.116043
-0.116609
-0.116036
-0.116760
-0.115797
-0.116553
-0.116208
-0.116513
-0.116128
-0.116404
-0.116304
-0.116363
-0.116319
-0.116332
-0.116344
-0.116332
-0.116331
-0.035844
0.065277
-0.036663
-0.067639
-0.109743
-0.106030
-0.115342
-0.115713
-0.114868
-0.114647
-0.115546
-0.115079
-0.115327
-0.115816
-0.115656
-0.115550
-0.116012
-0.115619
-0.115821
-0.116071
-0.115963
-0.115927
-0.116269
-0.114098
-0.114732
-0.113035
-0.114154
-0.111058
-0.115371
-0.114303
-0.112174
-0.113544
-0.116144
-0.116141
-0.116535
-0.116617
-0.116268
-0.116288
-0.116549
-0.116317
-0.116358
-0.116535
-0.116366
-0.116368
-0.116534
-0.116353
-0.116421
-0.116561
-0.116380
-0.116382
-0.116500
-0.115998
-0.116098
-0.116216
-0.116511
-0.115623
-0.116060
-0.116606
-0.115434
-0.116053
-0.116716
-0.116510
-0.116531
-0.116610
-0.116499
-0.116517
-0.116620
-0.116501
-0.116537
-0.116601
-0.116517
-0.116537
-0.116603
-0.116512
-0.116559
-0.116610
-0.116507
-0.116522
-0.116583
-0.116395
-0.116495
-0.116669
-0.116476
-0.116429
-0.116365
-0.116611
-0.116118
-0.116680
-0.116628
-0.116579
-0.116474
-0.116652
-0.116607
-0.116532
-0.116622
-0.116549
-0.116557
-0.116616
-0.116572
-0.116562
-0.108526
-0.074066
-0.063689
-0.026510
-0.115366
-0.111112
-0.116092
-0.115643
-0.116079
-0.116247
-0.115986
-0.116501
-0.116587
-0.116246
-0.116678
-0.116631
-0.116392
-0.116672
-0.116496
-0.116413
-0.116806
-0.116298
-0.116221
-0.116095
-0.114863
-0.109135
-0.113456
-0.115409
-0.116606
-0.114954
-0.114244
-0.111932
-0.115443
-0.116034
-0.116498
-0.116395
-0.116664
-0.116643
-0.116573
-0.116777
-0.116685
-0.116632
-0.116806
-0.116701
-0.116663
-0.116805
-0.116675
-0.116674
-0.116797
-0.116577
-0.116593
-0.116598
-0.116053
-0.115562
-0.115895
-0.116277
-0.116784
-0.116218
-0.116071
-0.115950
-0.116186
-0.116566
-0.116661
-0.116671
-0.116722
-0.116749
-0.116710
-0.116792
-0.116755
-0.116731
-0.116806
-0.116757
-0.116739
-0.116805
-0.116744
-0.116741
-0.116797
-0.116689
-0.116697
-0.116700
-0.116422
-0.116525
-0.116360
-0.116556
-0.116700
-0.116557
-0.116390
-0.116562
-0.116473
-0.116692
-0.116572
-0.116735
-0.116613
-0.116751
-0.116728
-0.116750
-0.116782
-0.116752
-0.116780
-0.116784
